Frequency(Hz)	Magnitude(dB)
1.000000e+01	-1.602068e-05
1.005776e+01	-1.620629e-05
1.011585e+01	-1.639404e-05
1.017428e+01	-1.658397e-05
1.023305e+01	-1.677610e-05
1.029215e+01	-1.697046e-05
1.035160e+01	-1.716706e-05
1.041139e+01	-1.736595e-05
1.047153e+01	-1.756714e-05
1.053201e+01	-1.777066e-05
1.059284e+01	-1.797653e-05
1.065403e+01	-1.818480e-05
1.071556e+01	-1.839547e-05
1.077746e+01	-1.860859e-05
1.083971e+01	-1.882417e-05
1.090232e+01	-1.904226e-05
1.096529e+01	-1.926287e-05
1.102862e+01	-1.948603e-05
1.109232e+01	-1.971178e-05
1.115639e+01	-1.994015e-05
1.122083e+01	-2.017116e-05
1.128564e+01	-2.040485e-05
1.135083e+01	-2.064124e-05
1.141639e+01	-2.088038e-05
1.148233e+01	-2.112228e-05
1.154865e+01	-2.136699e-05
1.161536e+01	-2.161453e-05
1.168245e+01	-2.186494e-05
1.174992e+01	-2.211825e-05
1.181779e+01	-2.237450e-05
1.188605e+01	-2.263371e-05
1.195470e+01	-2.289593e-05
1.202375e+01	-2.316118e-05
1.209320e+01	-2.342951e-05
1.216305e+01	-2.370095e-05
1.223330e+01	-2.397553e-05
1.230396e+01	-2.425329e-05
1.237503e+01	-2.453427e-05
1.244651e+01	-2.481851e-05
1.251840e+01	-2.510604e-05
1.259070e+01	-2.539690e-05
1.266343e+01	-2.569113e-05
1.273657e+01	-2.598876e-05
1.281014e+01	-2.628985e-05
1.288413e+01	-2.659442e-05
1.295855e+01	-2.690253e-05
1.303339e+01	-2.721420e-05
1.310867e+01	-2.752948e-05
1.318439e+01	-2.784842e-05
1.326054e+01	-2.817105e-05
1.333713e+01	-2.849742e-05
1.341417e+01	-2.882757e-05
1.349165e+01	-2.916154e-05
1.356958e+01	-2.949938e-05
1.364795e+01	-2.984114e-05
1.372678e+01	-3.018686e-05
1.380607e+01	-3.053658e-05
1.388581e+01	-3.089035e-05
1.396602e+01	-3.124823e-05
1.404668e+01	-3.161024e-05
1.412782e+01	-3.197646e-05
1.420942e+01	-3.234691e-05
1.429149e+01	-3.272166e-05
1.437404e+01	-3.310075e-05
1.445706e+01	-3.348423e-05
1.454057e+01	-3.387215e-05
1.462455e+01	-3.426457e-05
1.470902e+01	-3.466153e-05
1.479398e+01	-3.506309e-05
1.487943e+01	-3.546930e-05
1.496537e+01	-3.588022e-05
1.505181e+01	-3.629591e-05
1.513875e+01	-3.671640e-05
1.522619e+01	-3.714177e-05
1.531414e+01	-3.757207e-05
1.540259e+01	-3.800735e-05
1.549156e+01	-3.844767e-05
1.558103e+01	-3.889310e-05
1.567103e+01	-3.934368e-05
1.576155e+01	-3.979949e-05
1.585258e+01	-4.026057e-05
1.594415e+01	-4.072700e-05
1.603624e+01	-4.119883e-05
1.612886e+01	-4.167613e-05
1.622202e+01	-4.215896e-05
1.631572e+01	-4.264738e-05
1.640996e+01	-4.314146e-05
1.650474e+01	-4.364126e-05
1.660008e+01	-4.414685e-05
1.669596e+01	-4.465831e-05
1.679239e+01	-4.517568e-05
1.688938e+01	-4.569905e-05
1.698694e+01	-4.622848e-05
1.708505e+01	-4.676405e-05
1.718373e+01	-4.730582e-05
1.728299e+01	-4.785387e-05
1.738281e+01	-4.840827e-05
1.748322e+01	-4.896909e-05
1.758420e+01	-4.953641e-05
1.768576e+01	-5.011030e-05
1.778792e+01	-5.069084e-05
1.789066e+01	-5.127810e-05
1.799399e+01	-5.187217e-05
1.809793e+01	-5.247312e-05
1.820246e+01	-5.308103e-05
1.830760e+01	-5.369598e-05
1.841334e+01	-5.431806e-05
1.851969e+01	-5.494735e-05
1.862666e+01	-5.558392e-05
1.873425e+01	-5.622788e-05
1.884246e+01	-5.687929e-05
1.895129e+01	-5.753825e-05
1.906075e+01	-5.820484e-05
1.917085e+01	-5.887915e-05
1.928158e+01	-5.956128e-05
1.939295e+01	-6.025131e-05
1.950496e+01	-6.094933e-05
1.961762e+01	-6.165544e-05
1.973093e+01	-6.236973e-05
1.984490e+01	-6.309230e-05
1.995952e+01	-6.382323e-05
2.007480e+01	-6.456264e-05
2.019076e+01	-6.531061e-05
2.030738e+01	-6.606725e-05
2.042467e+01	-6.683265e-05
2.054264e+01	-6.760692e-05
2.066130e+01	-6.839016e-05
2.078064e+01	-6.918247e-05
2.090066e+01	-6.998396e-05
2.102139e+01	-7.079474e-05
2.114280e+01	-7.161491e-05
2.126492e+01	-7.244458e-05
2.138775e+01	-7.328386e-05
2.151128e+01	-7.413287e-05
2.163553e+01	-7.499171e-05
2.176050e+01	-7.586050e-05
2.188619e+01	-7.673936e-05
2.201260e+01	-7.762840e-05
2.213974e+01	-7.852774e-05
2.226762e+01	-7.943750e-05
2.239624e+01	-8.035779e-05
2.252560e+01	-8.128875e-05
2.265571e+01	-8.223050e-05
2.278656e+01	-8.318315e-05
2.291818e+01	-8.414684e-05
2.305055e+01	-8.512170e-05
2.318369e+01	-8.610785e-05
2.331760e+01	-8.710542e-05
2.345228e+01	-8.811455e-05
2.358774e+01	-8.913537e-05
2.372398e+01	-9.016802e-05
2.386101e+01	-9.121263e-05
2.399883e+01	-9.226934e-05
2.413745e+01	-9.333830e-05
2.427686e+01	-9.441963e-05
2.441709e+01	-9.551350e-05
2.455812e+01	-9.662004e-05
2.469997e+01	-9.773940e-05
2.484263e+01	-9.887172e-05
2.498612e+01	-1.000172e-04
2.513044e+01	-1.011759e-04
2.527559e+01	-1.023480e-04
2.542158e+01	-1.035337e-04
2.556842e+01	-1.047332e-04
2.571610e+01	-1.059465e-04
2.586463e+01	-1.071739e-04
2.601403e+01	-1.084156e-04
2.616428e+01	-1.096716e-04
2.631541e+01	-1.109421e-04
2.646740e+01	-1.122274e-04
2.662028e+01	-1.135276e-04
2.677404e+01	-1.148428e-04
2.692868e+01	-1.161733e-04
2.708422e+01	-1.175192e-04
2.724066e+01	-1.188806e-04
2.739800e+01	-1.202579e-04
2.755625e+01	-1.216511e-04
2.771541e+01	-1.230604e-04
2.787550e+01	-1.244861e-04
2.803650e+01	-1.259283e-04
2.819844e+01	-1.273872e-04
2.836131e+01	-1.288630e-04
2.852513e+01	-1.303559e-04
2.868989e+01	-1.318660e-04
2.885560e+01	-1.333937e-04
2.902227e+01	-1.349391e-04
2.918990e+01	-1.365024e-04
2.935850e+01	-1.380838e-04
2.952807e+01	-1.396835e-04
2.969863e+01	-1.413017e-04
2.987016e+01	-1.429387e-04
3.004269e+01	-1.445947e-04
3.021622e+01	-1.462698e-04
3.039075e+01	-1.479644e-04
3.056628e+01	-1.496786e-04
3.074283e+01	-1.514126e-04
3.092040e+01	-1.531667e-04
3.109900e+01	-1.549412e-04
3.127862e+01	-1.567362e-04
3.145929e+01	-1.585520e-04
3.164099e+01	-1.603888e-04
3.182375e+01	-1.622469e-04
3.200756e+01	-1.641266e-04
3.219244e+01	-1.660280e-04
3.237838e+01	-1.679514e-04
3.256540e+01	-1.698971e-04
3.275349e+01	-1.718654e-04
3.294268e+01	-1.738565e-04
3.313295e+01	-1.758706e-04
3.332433e+01	-1.779081e-04
3.351681e+01	-1.799692e-04
3.371040e+01	-1.820541e-04
3.390511e+01	-1.841632e-04
3.410094e+01	-1.862967e-04
3.429791e+01	-1.884550e-04
3.449601e+01	-1.906383e-04
3.469526e+01	-1.928468e-04
3.489566e+01	-1.950809e-04
3.509721e+01	-1.973410e-04
3.529993e+01	-1.996271e-04
3.550382e+01	-2.019398e-04
3.570889e+01	-2.042793e-04
3.591515e+01	-2.066459e-04
3.612259e+01	-2.090399e-04
3.633123e+01	-2.114616e-04
3.654108e+01	-2.139114e-04
3.675214e+01	-2.163895e-04
3.696442e+01	-2.188964e-04
3.717792e+01	-2.214323e-04
3.739266e+01	-2.239976e-04
3.760864e+01	-2.265926e-04
3.782587e+01	-2.292177e-04
3.804435e+01	-2.318732e-04
3.826409e+01	-2.345594e-04
3.848510e+01	-2.372768e-04
3.870739e+01	-2.400256e-04
3.893096e+01	-2.428063e-04
3.915583e+01	-2.456192e-04
3.938199e+01	-2.484647e-04
3.960946e+01	-2.513431e-04
3.983824e+01	-2.542549e-04
4.006834e+01	-2.572005e-04
4.029978e+01	-2.601801e-04
4.053255e+01	-2.631943e-04
4.076666e+01	-2.662434e-04
4.100213e+01	-2.693278e-04
4.123896e+01	-2.724479e-04
4.147715e+01	-2.756042e-04
4.171672e+01	-2.787970e-04
4.195767e+01	-2.820269e-04
4.220002e+01	-2.852941e-04
4.244377e+01	-2.885992e-04
4.268892e+01	-2.919426e-04
4.293549e+01	-2.953247e-04
4.318348e+01	-2.987460e-04
4.343291e+01	-3.022070e-04
4.368377e+01	-3.057080e-04
4.393609e+01	-3.092496e-04
4.418986e+01	-3.128322e-04
4.444510e+01	-3.164563e-04
4.470182e+01	-3.201224e-04
4.496001e+01	-3.238310e-04
4.521970e+01	-3.275825e-04
4.548089e+01	-3.313775e-04
4.574358e+01	-3.352165e-04
4.600779e+01	-3.390999e-04
4.627353e+01	-3.430283e-04
4.654081e+01	-3.470022e-04
4.680963e+01	-3.510222e-04
4.708000e+01	-3.550887e-04
4.735193e+01	-3.592023e-04
4.762543e+01	-3.633636e-04
4.790051e+01	-3.675731e-04
4.817719e+01	-3.718314e-04
4.845545e+01	-3.761389e-04
4.873533e+01	-3.804964e-04
4.901682e+01	-3.849044e-04
4.929994e+01	-3.893634e-04
4.958470e+01	-3.938741e-04
4.987110e+01	-3.984370e-04
5.015915e+01	-4.030528e-04
5.044887e+01	-4.077221e-04
5.074026e+01	-4.124454e-04
5.103333e+01	-4.172235e-04
5.132810e+01	-4.220569e-04
5.162457e+01	-4.269463e-04
5.192275e+01	-4.318923e-04
5.222265e+01	-4.368957e-04
5.252429e+01	-4.419570e-04
5.282767e+01	-4.470769e-04
5.313280e+01	-4.522561e-04
5.343969e+01	-4.574954e-04
5.374836e+01	-4.627953e-04
5.405880e+01	-4.681566e-04
5.437105e+01	-4.735801e-04
5.468509e+01	-4.790663e-04
5.500095e+01	-4.846161e-04
5.531863e+01	-4.902302e-04
5.563815e+01	-4.959093e-04
5.595951e+01	-5.016543e-04
5.628273e+01	-5.074657e-04
5.660782e+01	-5.133445e-04
5.693479e+01	-5.192914e-04
5.726364e+01	-5.253072e-04
5.759439e+01	-5.313926e-04
5.792705e+01	-5.375486e-04
5.826164e+01	-5.437758e-04
5.859815e+01	-5.500752e-04
5.893662e+01	-5.564476e-04
5.927703e+01	-5.628938e-04
5.961941e+01	-5.694146e-04
5.996377e+01	-5.760110e-04
6.031012e+01	-5.826838e-04
6.065847e+01	-5.894339e-04
6.100883e+01	-5.962622e-04
6.136121e+01	-6.031696e-04
6.171563e+01	-6.101570e-04
6.207210e+01	-6.172253e-04
6.243063e+01	-6.243755e-04
6.279122e+01	-6.316085e-04
6.315390e+01	-6.389254e-04
6.351868e+01	-6.463269e-04
6.388556e+01	-6.538142e-04
6.425456e+01	-6.613883e-04
6.462569e+01	-6.690501e-04
6.499897e+01	-6.768006e-04
6.537440e+01	-6.846409e-04
6.575200e+01	-6.925720e-04
6.613178e+01	-7.005950e-04
6.651375e+01	-7.087109e-04
6.689793e+01	-7.169209e-04
6.728433e+01	-7.252259e-04
6.767297e+01	-7.336271e-04
6.806384e+01	-7.421257e-04
6.845698e+01	-7.507226e-04
6.885238e+01	-7.594192e-04
6.925007e+01	-7.682165e-04
6.965005e+01	-7.771157e-04
7.005235e+01	-7.861180e-04
7.045697e+01	-7.952246e-04
7.086393e+01	-8.044366e-04
7.127323e+01	-8.137553e-04
7.168490e+01	-8.231820e-04
7.209895e+01	-8.327179e-04
7.251539e+01	-8.423642e-04
7.293424e+01	-8.521223e-04
7.335551e+01	-8.619934e-04
7.377920e+01	-8.719788e-04
7.420535e+01	-8.820799e-04
7.463396e+01	-8.922980e-04
7.506504e+01	-9.026344e-04
7.549861e+01	-9.130906e-04
7.593469e+01	-9.236679e-04
7.637328e+01	-9.343677e-04
7.681441e+01	-9.451914e-04
7.725809e+01	-9.561405e-04
7.770433e+01	-9.672164e-04
7.815315e+01	-9.784206e-04
7.860456e+01	-9.897546e-04
7.905857e+01	-1.001220e-03
7.951521e+01	-1.012818e-03
7.997449e+01	-1.024550e-03
8.043642e+01	-1.036419e-03
8.090102e+01	-1.048424e-03
8.136830e+01	-1.060569e-03
8.183828e+01	-1.072855e-03
8.231097e+01	-1.085282e-03
8.278640e+01	-1.097854e-03
8.326457e+01	-1.110571e-03
8.374550e+01	-1.123436e-03
8.422921e+01	-1.136450e-03
8.471572e+01	-1.149614e-03
8.520503e+01	-1.162931e-03
8.569717e+01	-1.176402e-03
8.619215e+01	-1.190029e-03
8.669000e+01	-1.203814e-03
8.719071e+01	-1.217758e-03
8.769432e+01	-1.231864e-03
8.820084e+01	-1.246134e-03
8.871029e+01	-1.260568e-03
8.922267e+01	-1.275170e-03
8.973802e+01	-1.289941e-03
9.025634e+01	-1.304883e-03
9.077766e+01	-1.319998e-03
9.130199e+01	-1.335289e-03
9.182935e+01	-1.350756e-03
9.235975e+01	-1.366402e-03
9.289321e+01	-1.382230e-03
9.342976e+01	-1.398241e-03
9.396941e+01	-1.414437e-03
9.451217e+01	-1.430821e-03
9.505807e+01	-1.447395e-03
9.560712e+01	-1.464161e-03
9.615934e+01	-1.481120e-03
9.671476e+01	-1.498277e-03
9.727338e+01	-1.515631e-03
9.783522e+01	-1.533187e-03
9.840032e+01	-1.550947e-03
9.896867e+01	-1.568911e-03
9.954031e+01	-1.587084e-03
1.001153e+02	-1.605468e-03
1.006935e+02	-1.624064e-03
1.012751e+02	-1.642876e-03
1.018601e+02	-1.661905e-03
1.024484e+02	-1.681155e-03
1.030402e+02	-1.700628e-03
1.036353e+02	-1.720326e-03
1.042339e+02	-1.740253e-03
1.048360e+02	-1.760410e-03
1.054415e+02	-1.780801e-03
1.060505e+02	-1.801427e-03
1.066631e+02	-1.822293e-03
1.072791e+02	-1.843400e-03
1.078988e+02	-1.864752e-03
1.085220e+02	-1.886351e-03
1.091488e+02	-1.908200e-03
1.097793e+02	-1.930302e-03
1.104133e+02	-1.952660e-03
1.110511e+02	-1.975277e-03
1.116925e+02	-1.998156e-03
1.123376e+02	-2.021300e-03
1.129865e+02	-2.044711e-03
1.136391e+02	-2.068394e-03
1.142955e+02	-2.092351e-03
1.149556e+02	-2.116586e-03
1.156196e+02	-2.141101e-03
1.162874e+02	-2.165900e-03
1.169591e+02	-2.190986e-03
1.176347e+02	-2.216363e-03
1.183141e+02	-2.242033e-03
1.189975e+02	-2.268001e-03
1.196848e+02	-2.294270e-03
1.203761e+02	-2.320842e-03
1.210714e+02	-2.347723e-03
1.217707e+02	-2.374914e-03
1.224740e+02	-2.402421e-03
1.231814e+02	-2.430245e-03
1.238929e+02	-2.458392e-03
1.246085e+02	-2.486865e-03
1.253283e+02	-2.515668e-03
1.260522e+02	-2.544804e-03
1.267802e+02	-2.574278e-03
1.275125e+02	-2.604092e-03
1.282490e+02	-2.634252e-03
1.289898e+02	-2.664761e-03
1.297348e+02	-2.695624e-03
1.304842e+02	-2.726844e-03
1.312378e+02	-2.758425e-03
1.319959e+02	-2.790372e-03
1.327583e+02	-2.822688e-03
1.335251e+02	-2.855379e-03
1.342963e+02	-2.888448e-03
1.350720e+02	-2.921900e-03
1.358522e+02	-2.955740e-03
1.366368e+02	-2.989971e-03
1.374260e+02	-3.024599e-03
1.382198e+02	-3.059627e-03
1.390182e+02	-3.095061e-03
1.398211e+02	-3.130905e-03
1.406287e+02	-3.167164e-03
1.414410e+02	-3.203843e-03
1.422579e+02	-3.240947e-03
1.430796e+02	-3.278480e-03
1.439060e+02	-3.316447e-03
1.447372e+02	-3.354854e-03
1.455732e+02	-3.393706e-03
1.464141e+02	-3.433007e-03
1.472597e+02	-3.472764e-03
1.481103e+02	-3.512980e-03
1.489658e+02	-3.553662e-03
1.498262e+02	-3.594815e-03
1.506916e+02	-3.636445e-03
1.515620e+02	-3.678556e-03
1.524374e+02	-3.721155e-03
1.533179e+02	-3.764246e-03
1.542034e+02	-3.807837e-03
1.550941e+02	-3.851932e-03
1.559899e+02	-3.896538e-03
1.568909e+02	-3.941660e-03
1.577971e+02	-3.987304e-03
1.587085e+02	-4.033476e-03
1.596252e+02	-4.080183e-03
1.605472e+02	-4.127431e-03
1.614745e+02	-4.175225e-03
1.624072e+02	-4.223572e-03
1.633453e+02	-4.272480e-03
1.642887e+02	-4.321953e-03
1.652377e+02	-4.371998e-03
1.661921e+02	-4.422623e-03
1.671520e+02	-4.473834e-03
1.681175e+02	-4.525637e-03
1.690885e+02	-4.578040e-03
1.700651e+02	-4.631050e-03
1.710474e+02	-4.684673e-03
1.720354e+02	-4.738916e-03
1.730291e+02	-4.793787e-03
1.740285e+02	-4.849294e-03
1.750337e+02	-4.905442e-03
1.760446e+02	-4.962240e-03
1.770615e+02	-5.019696e-03
1.780842e+02	-5.077816e-03
1.791128e+02	-5.136609e-03
1.801473e+02	-5.196082e-03
1.811878e+02	-5.256244e-03
1.822344e+02	-5.317101e-03
1.832870e+02	-5.378663e-03
1.843456e+02	-5.440937e-03
1.854104e+02	-5.503932e-03
1.864813e+02	-5.567655e-03
1.875584e+02	-5.632116e-03
1.886418e+02	-5.697323e-03
1.897313e+02	-5.763284e-03
1.908272e+02	-5.830008e-03
1.919294e+02	-5.897504e-03
1.930380e+02	-5.965781e-03
1.941530e+02	-6.034848e-03
1.952744e+02	-6.104714e-03
1.964023e+02	-6.175388e-03
1.975367e+02	-6.246880e-03
1.986777e+02	-6.319199e-03
1.998252e+02	-6.392354e-03
2.009794e+02	-6.466356e-03
2.021403e+02	-6.541214e-03
2.033078e+02	-6.616938e-03
2.044821e+02	-6.693537e-03
2.056632e+02	-6.771023e-03
2.068511e+02	-6.849405e-03
2.080459e+02	-6.928694e-03
2.092475e+02	-7.008899e-03
2.104561e+02	-7.090033e-03
2.116717e+02	-7.172105e-03
2.128943e+02	-7.255126e-03
2.141240e+02	-7.339107e-03
2.153608e+02	-7.424059e-03
2.166047e+02	-7.509994e-03
2.178558e+02	-7.596923e-03
2.191141e+02	-7.684858e-03
2.203797e+02	-7.773809e-03
2.216526e+02	-7.863788e-03
2.229329e+02	-7.954809e-03
2.242205e+02	-8.046881e-03
2.255156e+02	-8.140019e-03
2.268182e+02	-8.234233e-03
2.281283e+02	-8.329537e-03
2.294459e+02	-8.425943e-03
2.307712e+02	-8.523464e-03
2.321041e+02	-8.622112e-03
2.334447e+02	-8.721901e-03
2.347931e+02	-8.822843e-03
2.361493e+02	-8.924953e-03
2.375133e+02	-9.028243e-03
2.388851e+02	-9.132727e-03
2.402649e+02	-9.238419e-03
2.416527e+02	-9.345333e-03
2.430484e+02	-9.453482e-03
2.444523e+02	-9.562882e-03
2.458642e+02	-9.673547e-03
2.472843e+02	-9.785491e-03
2.487126e+02	-9.898729e-03
2.501492e+02	-1.001328e-02
2.515940e+02	-1.012915e-02
2.530472e+02	-1.024636e-02
2.545088e+02	-1.036492e-02
2.559789e+02	-1.048485e-02
2.574574e+02	-1.060618e-02
2.589444e+02	-1.072890e-02
2.604401e+02	-1.085304e-02
2.619444e+02	-1.097862e-02
2.634574e+02	-1.110564e-02
2.649791e+02	-1.123414e-02
2.665096e+02	-1.136412e-02
2.680489e+02	-1.149560e-02
2.695972e+02	-1.162860e-02
2.711544e+02	-1.176314e-02
2.727205e+02	-1.189923e-02
2.742958e+02	-1.203689e-02
2.758801e+02	-1.217614e-02
2.774736e+02	-1.231701e-02
2.790762e+02	-1.245950e-02
2.806882e+02	-1.260363e-02
2.823094e+02	-1.274944e-02
2.839400e+02	-1.289692e-02
2.855800e+02	-1.304611e-02
2.872295e+02	-1.319702e-02
2.888886e+02	-1.334968e-02
2.905572e+02	-1.350409e-02
2.922354e+02	-1.366030e-02
2.939234e+02	-1.381830e-02
2.956211e+02	-1.397813e-02
2.973286e+02	-1.413981e-02
2.990459e+02	-1.430335e-02
3.007732e+02	-1.446878e-02
3.025104e+02	-1.463612e-02
3.042577e+02	-1.480539e-02
3.060151e+02	-1.497662e-02
3.077826e+02	-1.514983e-02
3.095604e+02	-1.532503e-02
3.113484e+02	-1.550226e-02
3.131467e+02	-1.568153e-02
3.149554e+02	-1.586287e-02
3.167746e+02	-1.604630e-02
3.186043e+02	-1.623186e-02
3.204445e+02	-1.641955e-02
3.222954e+02	-1.660941e-02
3.241570e+02	-1.680146e-02
3.260293e+02	-1.699573e-02
3.279124e+02	-1.719223e-02
3.298064e+02	-1.739101e-02
3.317114e+02	-1.759208e-02
3.336273e+02	-1.779547e-02
3.355544e+02	-1.800121e-02
3.374925e+02	-1.820931e-02
3.394418e+02	-1.841983e-02
3.414024e+02	-1.863276e-02
3.433744e+02	-1.884816e-02
3.453577e+02	-1.906604e-02
3.473525e+02	-1.928643e-02
3.493588e+02	-1.950937e-02
3.513766e+02	-1.973487e-02
3.534062e+02	-1.996298e-02
3.554474e+02	-2.019371e-02
3.575005e+02	-2.042711e-02
3.595654e+02	-2.066320e-02
3.616422e+02	-2.090201e-02
3.637311e+02	-2.114357e-02
3.658320e+02	-2.138792e-02
3.679450e+02	-2.163509e-02
3.700702e+02	-2.188510e-02
3.722077e+02	-2.213800e-02
3.743576e+02	-2.239381e-02
3.765199e+02	-2.265257e-02
3.786946e+02	-2.291431e-02
3.808820e+02	-2.317906e-02
3.830819e+02	-2.344687e-02
3.852946e+02	-2.371776e-02
3.875200e+02	-2.399178e-02
3.897583e+02	-2.426895e-02
3.920096e+02	-2.454931e-02
3.942738e+02	-2.483291e-02
3.965511e+02	-2.511977e-02
3.988416e+02	-2.540993e-02
4.011452e+02	-2.570344e-02
4.034622e+02	-2.600033e-02
4.057926e+02	-2.630063e-02
4.081365e+02	-2.660439e-02
4.104938e+02	-2.691165e-02
4.128648e+02	-2.722245e-02
4.152495e+02	-2.753683e-02
4.176480e+02	-2.785482e-02
4.200603e+02	-2.817648e-02
4.224866e+02	-2.850183e-02
4.249268e+02	-2.883094e-02
4.273812e+02	-2.916382e-02
4.298497e+02	-2.950054e-02
4.323325e+02	-2.984114e-02
4.348297e+02	-3.018565e-02
4.373412e+02	-3.053412e-02
4.398673e+02	-3.088661e-02
4.424079e+02	-3.124314e-02
4.449633e+02	-3.160378e-02
4.475334e+02	-3.196857e-02
4.501183e+02	-3.233755e-02
4.527182e+02	-3.271077e-02
4.553330e+02	-3.308829e-02
4.579630e+02	-3.347014e-02
4.606082e+02	-3.385638e-02
4.632687e+02	-3.424707e-02
4.659445e+02	-3.464224e-02
4.686358e+02	-3.504196e-02
4.713426e+02	-3.544626e-02
4.740650e+02	-3.585522e-02
4.768032e+02	-3.626887e-02
4.795572e+02	-3.668727e-02
4.823271e+02	-3.711048e-02
4.851130e+02	-3.753856e-02
4.879150e+02	-3.797154e-02
4.907332e+02	-3.840950e-02
4.935676e+02	-3.885249e-02
4.964185e+02	-3.930056e-02
4.992858e+02	-3.975378e-02
5.021696e+02	-4.021220e-02
5.050701e+02	-4.067588e-02
5.079874e+02	-4.114488e-02
5.109215e+02	-4.161927e-02
5.138726e+02	-4.209909e-02
5.168407e+02	-4.258443e-02
5.198259e+02	-4.307532e-02
5.228284e+02	-4.357185e-02
5.258482e+02	-4.407408e-02
5.288855e+02	-4.458206e-02
5.319403e+02	-4.509586e-02
5.350128e+02	-4.561556e-02
5.381030e+02	-4.614121e-02
5.412111e+02	-4.667289e-02
5.443371e+02	-4.721066e-02
5.474812e+02	-4.775460e-02
5.506434e+02	-4.830476e-02
5.538239e+02	-4.886123e-02
5.570228e+02	-4.942407e-02
5.602401e+02	-4.999336e-02
5.634760e+02	-5.056917e-02
5.667306e+02	-5.115157e-02
5.700040e+02	-5.174063e-02
5.732964e+02	-5.233644e-02
5.766077e+02	-5.293907e-02
5.799382e+02	-5.354860e-02
5.832879e+02	-5.416510e-02
5.866569e+02	-5.478865e-02
5.900454e+02	-5.541933e-02
5.934535e+02	-5.605723e-02
5.968813e+02	-5.670242e-02
6.003288e+02	-5.735498e-02
6.037963e+02	-5.801501e-02
6.072838e+02	-5.868258e-02
6.107914e+02	-5.935778e-02
6.143194e+02	-6.004070e-02
6.178676e+02	-6.073141e-02
6.214364e+02	-6.143002e-02
6.250258e+02	-6.213661e-02
6.286359e+02	-6.285126e-02
6.322669e+02	-6.357407e-02
6.359189e+02	-6.430513e-02
6.395919e+02	-6.504454e-02
6.432862e+02	-6.579238e-02
6.470017e+02	-6.654876e-02
6.507388e+02	-6.731376e-02
6.544974e+02	-6.808749e-02
6.582778e+02	-6.887004e-02
6.620800e+02	-6.966152e-02
6.659041e+02	-7.046201e-02
6.697504e+02	-7.127163e-02
6.736188e+02	-7.209047e-02
6.775096e+02	-7.291864e-02
6.814229e+02	-7.375625e-02
6.853587e+02	-7.460339e-02
6.893173e+02	-7.546018e-02
6.932988e+02	-7.632672e-02
6.973033e+02	-7.720313e-02
7.013309e+02	-7.808950e-02
7.053817e+02	-7.898596e-02
7.094560e+02	-7.989262e-02
7.135538e+02	-8.080958e-02
7.176752e+02	-8.173697e-02
7.218205e+02	-8.267491e-02
7.259897e+02	-8.362350e-02
7.301830e+02	-8.458286e-02
7.344005e+02	-8.555313e-02
7.386424e+02	-8.653442e-02
7.429087e+02	-8.752684e-02
7.471998e+02	-8.853053e-02
7.515155e+02	-8.954562e-02
7.558563e+02	-9.057222e-02
7.602221e+02	-9.161046e-02
7.646131e+02	-9.266048e-02
7.690295e+02	-9.372240e-02
7.734713e+02	-9.479637e-02
7.779389e+02	-9.588250e-02
7.824322e+02	-9.698093e-02
7.869515e+02	-9.809181e-02
7.914969e+02	-9.921527e-02
7.960686e+02	-1.003514e-01
8.006666e+02	-1.015005e-01
8.052912e+02	-1.026625e-01
8.099426e+02	-1.038377e-01
8.146208e+02	-1.050262e-01
8.193260e+02	-1.062281e-01
8.240584e+02	-1.074435e-01
8.288181e+02	-1.086728e-01
8.336053e+02	-1.099159e-01
8.384202e+02	-1.111730e-01
8.432629e+02	-1.124443e-01
8.481335e+02	-1.137300e-01
8.530323e+02	-1.150302e-01
8.579594e+02	-1.163451e-01
8.629149e+02	-1.176747e-01
8.678991e+02	-1.190194e-01
8.729120e+02	-1.203792e-01
8.779539e+02	-1.217544e-01
8.830250e+02	-1.231450e-01
8.881253e+02	-1.245513e-01
8.932551e+02	-1.259734e-01
8.984145e+02	-1.274115e-01
9.036037e+02	-1.288657e-01
9.088229e+02	-1.303363e-01
9.140722e+02	-1.318235e-01
9.193518e+02	-1.333274e-01
9.246620e+02	-1.348481e-01
9.300028e+02	-1.363859e-01
9.353744e+02	-1.379410e-01
9.407771e+02	-1.395135e-01
9.462110e+02	-1.411037e-01
9.516763e+02	-1.427117e-01
9.571731e+02	-1.443377e-01
9.627017e+02	-1.459819e-01
9.682622e+02	-1.476445e-01
9.738549e+02	-1.493258e-01
9.794798e+02	-1.510258e-01
9.851373e+02	-1.527449e-01
9.908274e+02	-1.544832e-01
9.965504e+02	-1.562409e-01
1.002306e+03	-1.580183e-01
1.008096e+03	-1.598155e-01
1.013918e+03	-1.616327e-01
1.019775e+03	-1.634703e-01
1.025665e+03	-1.653283e-01
1.031589e+03	-1.672070e-01
1.037548e+03	-1.691067e-01
1.043540e+03	-1.710275e-01
1.049568e+03	-1.729697e-01
1.055630e+03	-1.749336e-01
1.061727e+03	-1.769192e-01
1.067860e+03	-1.789270e-01
1.074028e+03	-1.809570e-01
1.080231e+03	-1.830096e-01
1.086471e+03	-1.850850e-01
1.092746e+03	-1.871834e-01
1.099058e+03	-1.893051e-01
1.105406e+03	-1.914503e-01
1.111791e+03	-1.936193e-01
1.118212e+03	-1.958123e-01
1.124671e+03	-1.980295e-01
1.131167e+03	-2.002713e-01
1.137701e+03	-2.025379e-01
1.144272e+03	-2.048295e-01
1.150881e+03	-2.071465e-01
1.157529e+03	-2.094890e-01
1.164215e+03	-2.118574e-01
1.170939e+03	-2.142518e-01
1.177702e+03	-2.166727e-01
1.184505e+03	-2.191203e-01
1.191346e+03	-2.215947e-01
1.198227e+03	-2.240964e-01
1.205148e+03	-2.266256e-01
1.212109e+03	-2.291827e-01
1.219110e+03	-2.317677e-01
1.226152e+03	-2.343812e-01
1.233234e+03	-2.370233e-01
1.240357e+03	-2.396944e-01
1.247521e+03	-2.423948e-01
1.254727e+03	-2.451247e-01
1.261974e+03	-2.478845e-01
1.269263e+03	-2.506745e-01
1.276595e+03	-2.534949e-01
1.283968e+03	-2.563462e-01
1.291384e+03	-2.592286e-01
1.298843e+03	-2.621424e-01
1.306345e+03	-2.650880e-01
1.313891e+03	-2.680656e-01
1.321480e+03	-2.710757e-01
1.329113e+03	-2.741185e-01
1.336790e+03	-2.771943e-01
1.344511e+03	-2.803036e-01
1.352277e+03	-2.834466e-01
1.360087e+03	-2.866237e-01
1.367943e+03	-2.898352e-01
1.375844e+03	-2.930815e-01
1.383791e+03	-2.963629e-01
1.391784e+03	-2.996798e-01
1.399823e+03	-3.030326e-01
1.407908e+03	-3.064215e-01
1.416040e+03	-3.098470e-01
1.424219e+03	-3.133094e-01
1.432445e+03	-3.168091e-01
1.440719e+03	-3.203465e-01
1.449041e+03	-3.239218e-01
1.457410e+03	-3.275356e-01
1.465828e+03	-3.311882e-01
1.474295e+03	-3.348800e-01
1.482810e+03	-3.386113e-01
1.491375e+03	-3.423825e-01
1.499989e+03	-3.461941e-01
1.508653e+03	-3.500465e-01
1.517367e+03	-3.539400e-01
1.526131e+03	-3.578750e-01
1.534946e+03	-3.618519e-01
1.543812e+03	-3.658712e-01
1.552729e+03	-3.699332e-01
1.561697e+03	-3.740384e-01
1.570717e+03	-3.781873e-01
1.579790e+03	-3.823801e-01
1.588915e+03	-3.866173e-01
1.598092e+03	-3.908994e-01
1.607323e+03	-3.952268e-01
1.616606e+03	-3.995999e-01
1.625944e+03	-4.040192e-01
1.635335e+03	-4.084851e-01
1.644781e+03	-4.129980e-01
1.654281e+03	-4.175584e-01
1.663836e+03	-4.221667e-01
1.673446e+03	-4.268234e-01
1.683112e+03	-4.315289e-01
1.692834e+03	-4.362838e-01
1.702611e+03	-4.410884e-01
1.712446e+03	-4.459432e-01
1.722337e+03	-4.508487e-01
1.732285e+03	-4.558054e-01
1.742290e+03	-4.608137e-01
1.752354e+03	-4.658741e-01
1.762475e+03	-4.709872e-01
1.772655e+03	-4.761532e-01
1.782894e+03	-4.813729e-01
1.793192e+03	-4.866466e-01
1.803549e+03	-4.919749e-01
1.813967e+03	-4.973581e-01
1.824444e+03	-5.027970e-01
1.834982e+03	-5.082918e-01
1.845581e+03	-5.138432e-01
1.856241e+03	-5.194517e-01
1.866962e+03	-5.251177e-01
1.877746e+03	-5.308418e-01
1.888592e+03	-5.366245e-01
1.899500e+03	-5.424664e-01
1.910472e+03	-5.483678e-01
1.921506e+03	-5.543294e-01
1.932605e+03	-5.603517e-01
1.943768e+03	-5.664353e-01
1.954995e+03	-5.725806e-01
1.966287e+03	-5.787882e-01
1.977644e+03	-5.850586e-01
1.989067e+03	-5.913924e-01
2.000555e+03	-5.977901e-01
2.012110e+03	-6.042523e-01
2.023732e+03	-6.107796e-01
2.035421e+03	-6.173724e-01
2.047178e+03	-6.240313e-01
2.059002e+03	-6.307570e-01
2.070895e+03	-6.375499e-01
2.082856e+03	-6.444107e-01
2.094887e+03	-6.513398e-01
2.106987e+03	-6.583379e-01
2.119157e+03	-6.654055e-01
2.131397e+03	-6.725433e-01
2.143708e+03	-6.797517e-01
2.156090e+03	-6.870314e-01
2.168543e+03	-6.943830e-01
2.181069e+03	-7.018070e-01
2.193666e+03	-7.093040e-01
2.206337e+03	-7.168746e-01
2.219081e+03	-7.245194e-01
2.231898e+03	-7.322391e-01
2.244789e+03	-7.400341e-01
2.257755e+03	-7.479051e-01
2.270796e+03	-7.558527e-01
2.283912e+03	-7.638775e-01
2.297104e+03	-7.719801e-01
2.310372e+03	-7.801611e-01
2.323716e+03	-7.884212e-01
2.337138e+03	-7.967608e-01
2.350637e+03	-8.051807e-01
2.364214e+03	-8.136814e-01
2.377870e+03	-8.222635e-01
2.391604e+03	-8.309278e-01
2.405418e+03	-8.396747e-01
2.419312e+03	-8.485050e-01
2.433286e+03	-8.574192e-01
2.447340e+03	-8.664179e-01
2.461476e+03	-8.755018e-01
2.475693e+03	-8.846715e-01
2.489993e+03	-8.939277e-01
2.504375e+03	-9.032708e-01
2.518840e+03	-9.127017e-01
2.533389e+03	-9.222209e-01
2.548022e+03	-9.318290e-01
2.562739e+03	-9.415267e-01
2.577541e+03	-9.513145e-01
2.592429e+03	-9.611932e-01
2.607403e+03	-9.711634e-01
2.622463e+03	-9.812256e-01
2.637610e+03	-9.913806e-01
2.652845e+03	-1.001629e+00
2.668168e+03	-1.011971e+00
2.683579e+03	-1.022408e+00
2.699079e+03	-1.032940e+00
2.714669e+03	-1.043568e+00
2.730349e+03	-1.054293e+00
2.746119e+03	-1.065115e+00
2.761981e+03	-1.076034e+00
2.777934e+03	-1.087052e+00
2.793979e+03	-1.098169e+00
2.810117e+03	-1.109386e+00
2.826348e+03	-1.120703e+00
2.842673e+03	-1.132121e+00
2.859092e+03	-1.143640e+00
2.875606e+03	-1.155262e+00
2.892215e+03	-1.166986e+00
2.908921e+03	-1.178814e+00
2.925722e+03	-1.190746e+00
2.942621e+03	-1.202783e+00
2.959618e+03	-1.214925e+00
2.976712e+03	-1.227173e+00
2.993906e+03	-1.239528e+00
3.011198e+03	-1.251989e+00
3.028591e+03	-1.264559e+00
3.046084e+03	-1.277237e+00
3.063678e+03	-1.290024e+00
3.081374e+03	-1.302920e+00
3.099172e+03	-1.315927e+00
3.117072e+03	-1.329045e+00
3.135076e+03	-1.342274e+00
3.153184e+03	-1.355615e+00
3.171397e+03	-1.369069e+00
3.189715e+03	-1.382636e+00
3.208139e+03	-1.396317e+00
3.226669e+03	-1.410112e+00
3.245306e+03	-1.424022e+00
3.264051e+03	-1.438048e+00
3.282904e+03	-1.452190e+00
3.301866e+03	-1.466448e+00
3.320937e+03	-1.480824e+00
3.340119e+03	-1.495318e+00
3.359411e+03	-1.509930e+00
3.378815e+03	-1.524661e+00
3.398331e+03	-1.539512e+00
3.417959e+03	-1.554483e+00
3.437701e+03	-1.569575e+00
3.457557e+03	-1.584787e+00
3.477528e+03	-1.600122e+00
3.497614e+03	-1.615578e+00
3.517816e+03	-1.631158e+00
3.538135e+03	-1.646861e+00
3.558571e+03	-1.662687e+00
3.579125e+03	-1.678638e+00
3.599798e+03	-1.694714e+00
3.620590e+03	-1.710915e+00
3.641503e+03	-1.727242e+00
3.662536e+03	-1.743696e+00
3.683691e+03	-1.760276e+00
3.704967e+03	-1.776983e+00
3.726367e+03	-1.793819e+00
3.747890e+03	-1.810782e+00
3.769538e+03	-1.827875e+00
3.791311e+03	-1.845096e+00
3.813209e+03	-1.862447e+00
3.835234e+03	-1.879929e+00
3.857386e+03	-1.897541e+00
3.879667e+03	-1.915283e+00
3.902075e+03	-1.933158e+00
3.924614e+03	-1.951163e+00
3.947282e+03	-1.969302e+00
3.970081e+03	-1.987572e+00
3.993012e+03	-2.005976e+00
4.016076e+03	-2.024514e+00
4.039272e+03	-2.043185e+00
4.062603e+03	-2.061990e+00
4.086069e+03	-2.080930e+00
4.109670e+03	-2.100004e+00
4.133407e+03	-2.119214e+00
4.157281e+03	-2.138560e+00
4.181294e+03	-2.158041e+00
4.205445e+03	-2.177659e+00
4.229735e+03	-2.197413e+00
4.254166e+03	-2.217304e+00
4.278738e+03	-2.237333e+00
4.303451e+03	-2.257498e+00
4.328308e+03	-2.277802e+00
4.353308e+03	-2.298244e+00
4.378453e+03	-2.318824e+00
4.403742e+03	-2.339543e+00
4.429178e+03	-2.360400e+00
4.454761e+03	-2.381397e+00
4.480492e+03	-2.402533e+00
4.506371e+03	-2.423809e+00
4.532399e+03	-2.445224e+00
4.558578e+03	-2.466780e+00
4.584908e+03	-2.488475e+00
4.611391e+03	-2.510311e+00
4.638026e+03	-2.532288e+00
4.664815e+03	-2.554405e+00
4.691759e+03	-2.576664e+00
4.718858e+03	-2.599063e+00
4.746114e+03	-2.621604e+00
4.773527e+03	-2.644286e+00
4.801099e+03	-2.667109e+00
4.828830e+03	-2.690074e+00
4.856721e+03	-2.713181e+00
4.884773e+03	-2.736429e+00
4.912988e+03	-2.759820e+00
4.941365e+03	-2.783352e+00
4.969906e+03	-2.807027e+00
4.998612e+03	-2.830843e+00
5.027484e+03	-2.854802e+00
5.056522e+03	-2.878903e+00
5.085729e+03	-2.903147e+00
5.115104e+03	-2.927532e+00
5.144648e+03	-2.952060e+00
5.174363e+03	-2.976730e+00
5.204250e+03	-3.001542e+00
5.234310e+03	-3.026497e+00
5.264543e+03	-3.051593e+00
5.294951e+03	-3.076832e+00
5.325534e+03	-3.102213e+00
5.356294e+03	-3.127736e+00
5.387232e+03	-3.153401e+00
5.418348e+03	-3.179209e+00
5.449645e+03	-3.205157e+00
5.481122e+03	-3.231248e+00
5.512780e+03	-3.257480e+00
5.544622e+03	-3.283854e+00
5.576647e+03	-3.310369e+00
5.608858e+03	-3.337026e+00
5.641254e+03	-3.363823e+00
5.673838e+03	-3.390762e+00
5.706610e+03	-3.417841e+00
5.739571e+03	-3.445061e+00
5.772723e+03	-3.472422e+00
5.806066e+03	-3.499922e+00
5.839601e+03	-3.527563e+00
5.873331e+03	-3.555344e+00
5.907255e+03	-3.583264e+00
5.941375e+03	-3.611324e+00
5.975692e+03	-3.639522e+00
6.010207e+03	-3.667860e+00
6.044922e+03	-3.696336e+00
6.079837e+03	-3.724951e+00
6.114954e+03	-3.753704e+00
6.150274e+03	-3.782594e+00
6.185797e+03	-3.811622e+00
6.221526e+03	-3.840788e+00
6.257462e+03	-3.870090e+00
6.293605e+03	-3.899529e+00
6.329956e+03	-3.929104e+00
6.366518e+03	-3.958815e+00
6.403290e+03	-3.988661e+00
6.440276e+03	-4.018643e+00
6.477474e+03	-4.048760e+00
6.514888e+03	-4.079011e+00
6.552518e+03	-4.109396e+00
6.590365e+03	-4.139916e+00
6.628430e+03	-4.170568e+00
6.666716e+03	-4.201353e+00
6.705223e+03	-4.232271e+00
6.743952e+03	-4.263321e+00
6.782905e+03	-4.294502e+00
6.822082e+03	-4.325815e+00
6.861486e+03	-4.357259e+00
6.901118e+03	-4.388833e+00
6.940979e+03	-4.420537e+00
6.981069e+03	-4.452370e+00
7.021392e+03	-4.484332e+00
7.061947e+03	-4.516423e+00
7.102737e+03	-4.548642e+00
7.143762e+03	-4.580988e+00
7.185024e+03	-4.613461e+00
7.226524e+03	-4.646061e+00
7.268264e+03	-4.678787e+00
7.310246e+03	-4.711638e+00
7.352469e+03	-4.744614e+00
7.394937e+03	-4.777715e+00
7.437650e+03	-4.810939e+00
7.480609e+03	-4.844287e+00
7.523817e+03	-4.877757e+00
7.567274e+03	-4.911350e+00
7.610982e+03	-4.945065e+00
7.654943e+03	-4.978900e+00
7.699158e+03	-5.012856e+00
7.743628e+03	-5.046932e+00
7.788355e+03	-5.081128e+00
7.833340e+03	-5.115442e+00
7.878585e+03	-5.149874e+00
7.924091e+03	-5.184425e+00
7.969861e+03	-5.219092e+00
8.015894e+03	-5.253875e+00
8.062194e+03	-5.288774e+00
8.108761e+03	-5.323789e+00
8.155596e+03	-5.358918e+00
8.202703e+03	-5.394160e+00
8.250081e+03	-5.429517e+00
8.297733e+03	-5.464985e+00
8.345661e+03	-5.500566e+00
8.393865e+03	-5.536258e+00
8.442348e+03	-5.572061e+00
8.491110e+03	-5.607974e+00
8.540155e+03	-5.643997e+00
8.589482e+03	-5.680128e+00
8.639095e+03	-5.716367e+00
8.688994e+03	-5.752714e+00
8.739181e+03	-5.789168e+00
8.789658e+03	-5.825727e+00
8.840427e+03	-5.862392e+00
8.891489e+03	-5.899162e+00
8.942846e+03	-5.936036e+00
8.994499e+03	-5.973014e+00
9.046451e+03	-6.010094e+00
9.098703e+03	-6.047276e+00
9.151257e+03	-6.084559e+00
9.204114e+03	-6.121943e+00
9.257277e+03	-6.159428e+00
9.310746e+03	-6.197011e+00
9.364525e+03	-6.234693e+00
9.418614e+03	-6.272473e+00
9.473015e+03	-6.310350e+00
9.527731e+03	-6.348323e+00
9.582763e+03	-6.386393e+00
9.638113e+03	-6.424557e+00
9.693782e+03	-6.462816e+00
9.749773e+03	-6.501168e+00
9.806087e+03	-6.539613e+00
9.862727e+03	-6.578151e+00
9.919693e+03	-6.616780e+00
9.976989e+03	-6.655500e+00
1.003462e+04	-6.694309e+00
1.009258e+04	-6.733209e+00
1.015087e+04	-6.772196e+00
1.020950e+04	-6.811272e+00
1.026847e+04	-6.850435e+00
1.032778e+04	-6.889685e+00
1.038743e+04	-6.929020e+00
1.044743e+04	-6.968440e+00
1.050777e+04	-7.007945e+00
1.056847e+04	-7.047533e+00
1.062951e+04	-7.087204e+00
1.069091e+04	-7.126958e+00
1.075266e+04	-7.166792e+00
1.081476e+04	-7.206708e+00
1.087723e+04	-7.246703e+00
1.094006e+04	-7.286778e+00
1.100324e+04	-7.326931e+00
1.106680e+04	-7.367162e+00
1.113072e+04	-7.407470e+00
1.119501e+04	-7.447855e+00
1.125967e+04	-7.488315e+00
1.132471e+04	-7.528850e+00
1.139012e+04	-7.569459e+00
1.145591e+04	-7.610142e+00
1.152208e+04	-7.650897e+00
1.158863e+04	-7.691725e+00
1.165556e+04	-7.732624e+00
1.172289e+04	-7.773593e+00
1.179060e+04	-7.814633e+00
1.185870e+04	-7.855741e+00
1.192719e+04	-7.896918e+00
1.199608e+04	-7.938163e+00
1.206537e+04	-7.979475e+00
1.213506e+04	-8.020853e+00
1.220515e+04	-8.062296e+00
1.227565e+04	-8.103805e+00
1.234655e+04	-8.145378e+00
1.241787e+04	-8.187014e+00
1.248959e+04	-8.228712e+00
1.256173e+04	-8.270473e+00
1.263429e+04	-8.312295e+00
1.270726e+04	-8.354178e+00
1.278066e+04	-8.396121e+00
1.285448e+04	-8.438122e+00
1.292873e+04	-8.480183e+00
1.300340e+04	-8.522301e+00
1.307851e+04	-8.564476e+00
1.315405e+04	-8.606707e+00
1.323003e+04	-8.648994e+00
1.330644e+04	-8.691336e+00
1.338330e+04	-8.733733e+00
1.346060e+04	-8.776182e+00
1.353835e+04	-8.818685e+00
1.361655e+04	-8.861240e+00
1.369520e+04	-8.903847e+00
1.377430e+04	-8.946504e+00
1.385386e+04	-8.989211e+00
1.393388e+04	-9.031968e+00
1.401436e+04	-9.074773e+00
1.409531e+04	-9.117626e+00
1.417672e+04	-9.160527e+00
1.425861e+04	-9.203474e+00
1.434096e+04	-9.246467e+00
1.442379e+04	-9.289506e+00
1.450711e+04	-9.332589e+00
1.459090e+04	-9.375716e+00
1.467518e+04	-9.418886e+00
1.475994e+04	-9.462099e+00
1.484519e+04	-9.505354e+00
1.493094e+04	-9.548649e+00
1.501718e+04	-9.591986e+00
1.510392e+04	-9.635362e+00
1.519116e+04	-9.678777e+00
1.527890e+04	-9.722231e+00
1.536715e+04	-9.765722e+00
1.545591e+04	-9.809251e+00
1.554518e+04	-9.852816e+00
1.563497e+04	-9.896417e+00
1.572528e+04	-9.940053e+00
1.581611e+04	-9.983723e+00
1.590746e+04	-1.002743e+01
1.599934e+04	-1.007116e+01
1.609175e+04	-1.011493e+01
1.618470e+04	-1.015874e+01
1.627818e+04	-1.020257e+01
1.637220e+04	-1.024643e+01
1.646677e+04	-1.029032e+01
1.656188e+04	-1.033425e+01
1.665754e+04	-1.037820e+01
1.675375e+04	-1.042218e+01
1.685052e+04	-1.046618e+01
1.694785e+04	-1.051021e+01
1.704574e+04	-1.055427e+01
1.714419e+04	-1.059835e+01
1.724322e+04	-1.064246e+01
1.734281e+04	-1.068659e+01
1.744299e+04	-1.073075e+01
1.754374e+04	-1.077492e+01
1.764507e+04	-1.081912e+01
1.774698e+04	-1.086334e+01
1.784949e+04	-1.090758e+01
1.795259e+04	-1.095184e+01
1.805628e+04	-1.099612e+01
1.816057e+04	-1.104042e+01
1.826547e+04	-1.108474e+01
1.837097e+04	-1.112907e+01
1.847708e+04	-1.117342e+01
1.858380e+04	-1.121779e+01
1.869114e+04	-1.126217e+01
1.879910e+04	-1.130657e+01
1.890768e+04	-1.135098e+01
1.901689e+04	-1.139540e+01
1.912673e+04	-1.143983e+01
1.923721e+04	-1.148428e+01
1.934832e+04	-1.152874e+01
1.946008e+04	-1.157321e+01
1.957248e+04	-1.161769e+01
1.968553e+04	-1.166218e+01
1.979923e+04	-1.170668e+01
1.991359e+04	-1.175119e+01
2.002861e+04	-1.179570e+01
2.014430e+04	-1.184022e+01
2.026065e+04	-1.188475e+01
2.037767e+04	-1.192928e+01
2.049537e+04	-1.197382e+01
2.061375e+04	-1.201836e+01
2.073282e+04	-1.206290e+01
2.085257e+04	-1.210745e+01
2.097301e+04	-1.215200e+01
2.109415e+04	-1.219655e+01
2.121599e+04	-1.224110e+01
2.133853e+04	-1.228565e+01
2.146178e+04	-1.233020e+01
2.158575e+04	-1.237475e+01
2.171043e+04	-1.241929e+01
2.183582e+04	-1.246384e+01
2.196195e+04	-1.250838e+01
2.208880e+04	-1.255292e+01
2.221638e+04	-1.259745e+01
2.234470e+04	-1.264197e+01
2.247377e+04	-1.268650e+01
2.260357e+04	-1.273101e+01
2.273413e+04	-1.277551e+01
2.286544e+04	-1.282001e+01
2.299751e+04	-1.286450e+01
2.313034e+04	-1.290898e+01
2.326394e+04	-1.295345e+01
2.339832e+04	-1.299791e+01
2.353346e+04	-1.304235e+01
2.366939e+04	-1.308679e+01
2.380610e+04	-1.313121e+01
2.394361e+04	-1.317561e+01
2.408191e+04	-1.322001e+01
2.422100e+04	-1.326438e+01
2.436090e+04	-1.330874e+01
2.450161e+04	-1.335309e+01
2.464313e+04	-1.339741e+01
2.478547e+04	-1.344172e+01
2.492863e+04	-1.348601e+01
2.507261e+04	-1.353028e+01
2.521743e+04	-1.357453e+01
2.536309e+04	-1.361875e+01
2.550958e+04	-1.366296e+01
2.565692e+04	-1.370714e+01
2.580512e+04	-1.375130e+01
2.595417e+04	-1.379543e+01
2.610408e+04	-1.383954e+01
2.625485e+04	-1.388362e+01
2.640650e+04	-1.392768e+01
2.655902e+04	-1.397171e+01
2.671243e+04	-1.401571e+01
2.686672e+04	-1.405968e+01
2.702190e+04	-1.410362e+01
2.717798e+04	-1.414753e+01
2.733495e+04	-1.419141e+01
2.749284e+04	-1.423525e+01
2.765164e+04	-1.427907e+01
2.781135e+04	-1.432284e+01
2.797199e+04	-1.436659e+01
2.813355e+04	-1.441030e+01
2.829605e+04	-1.445397e+01
2.845949e+04	-1.449760e+01
2.862387e+04	-1.454120e+01
2.878920e+04	-1.458475e+01
2.895549e+04	-1.462827e+01
2.912273e+04	-1.467174e+01
2.929094e+04	-1.471518e+01
2.946013e+04	-1.475857e+01
2.963029e+04	-1.480192e+01
2.980143e+04	-1.484522e+01
2.997356e+04	-1.488847e+01
3.014669e+04	-1.493168e+01
3.032081e+04	-1.497485e+01
3.049595e+04	-1.501796e+01
3.067209e+04	-1.506103e+01
3.084925e+04	-1.510404e+01
3.102743e+04	-1.514700e+01
3.120665e+04	-1.518992e+01
3.138690e+04	-1.523277e+01
3.156819e+04	-1.527558e+01
3.175052e+04	-1.531833e+01
3.193391e+04	-1.536102e+01
3.211836e+04	-1.540365e+01
3.230388e+04	-1.544623e+01
3.249046e+04	-1.548875e+01
3.267812e+04	-1.553121e+01
3.286687e+04	-1.557360e+01
3.305671e+04	-1.561593e+01
3.324764e+04	-1.565820e+01
3.343968e+04	-1.570041e+01
3.363283e+04	-1.574255e+01
3.382709e+04	-1.578462e+01
3.402247e+04	-1.582663e+01
3.421899e+04	-1.586856e+01
3.441663e+04	-1.591043e+01
3.461542e+04	-1.595222e+01
3.481536e+04	-1.599394e+01
3.501645e+04	-1.603559e+01
3.521871e+04	-1.607716e+01
3.542213e+04	-1.611865e+01
3.562672e+04	-1.616007e+01
3.583250e+04	-1.620141e+01
3.603947e+04	-1.624267e+01
3.624763e+04	-1.628385e+01
3.645700e+04	-1.632494e+01
3.666757e+04	-1.636596e+01
3.687936e+04	-1.640688e+01
3.709238e+04	-1.644772e+01
3.730662e+04	-1.648848e+01
3.752210e+04	-1.652914e+01
3.773883e+04	-1.656971e+01
3.795680e+04	-1.661020e+01
3.817604e+04	-1.665058e+01
3.839654e+04	-1.669088e+01
3.861832e+04	-1.673108e+01
3.884138e+04	-1.677118e+01
3.906573e+04	-1.681118e+01
3.929137e+04	-1.685108e+01
3.951831e+04	-1.689088e+01
3.974657e+04	-1.693057e+01
3.997614e+04	-1.697016e+01
4.020704e+04	-1.700965e+01
4.043928e+04	-1.704903e+01
4.067285e+04	-1.708829e+01
4.090778e+04	-1.712745e+01
4.114406e+04	-1.716649e+01
4.138171e+04	-1.720542e+01
4.162073e+04	-1.724423e+01
4.186113e+04	-1.728293e+01
4.210291e+04	-1.732150e+01
4.234610e+04	-1.735995e+01
4.259069e+04	-1.739828e+01
4.283669e+04	-1.743649e+01
4.308411e+04	-1.747457e+01
4.333297e+04	-1.751252e+01
4.358325e+04	-1.755034e+01
4.383499e+04	-1.758803e+01
4.408818e+04	-1.762559e+01
4.434283e+04	-1.766300e+01
4.459895e+04	-1.770029e+01
4.485655e+04	-1.773743e+01
4.511564e+04	-1.777443e+01
4.537623e+04	-1.781128e+01
4.563832e+04	-1.784800e+01
4.590193e+04	-1.788456e+01
4.616705e+04	-1.792097e+01
4.643371e+04	-1.795723e+01
4.670191e+04	-1.799334e+01
4.697166e+04	-1.802929e+01
4.724297e+04	-1.806508e+01
4.751584e+04	-1.810072e+01
4.779029e+04	-1.813618e+01
4.806633e+04	-1.817149e+01
4.834395e+04	-1.820662e+01
4.862319e+04	-1.824159e+01
4.890403e+04	-1.827638e+01
4.918650e+04	-1.831100e+01
4.947060e+04	-1.834544e+01
4.975634e+04	-1.837971e+01
5.004373e+04	-1.841379e+01
5.033278e+04	-1.844768e+01
5.062350e+04	-1.848139e+01
5.091590e+04	-1.851491e+01
5.120999e+04	-1.854823e+01
5.150578e+04	-1.858137e+01
5.180327e+04	-1.861430e+01
5.210248e+04	-1.864703e+01
5.240343e+04	-1.867956e+01
5.270611e+04	-1.871188e+01
5.301053e+04	-1.874399e+01
5.331672e+04	-1.877589e+01
5.362468e+04	-1.880757e+01
5.393441e+04	-1.883904e+01
5.424593e+04	-1.887028e+01
5.455926e+04	-1.890130e+01
5.487439e+04	-1.893209e+01
5.519134e+04	-1.896265e+01
5.551012e+04	-1.899298e+01
5.583075e+04	-1.902307e+01
5.615322e+04	-1.905292e+01
5.647756e+04	-1.908252e+01
5.680377e+04	-1.911188e+01
5.713187e+04	-1.914098e+01
5.746186e+04	-1.916983e+01
5.779376e+04	-1.919842e+01
5.812757e+04	-1.922675e+01
5.846332e+04	-1.925481e+01
5.880100e+04	-1.928260e+01
5.914063e+04	-1.931012e+01
5.948222e+04	-1.933736e+01
5.982579e+04	-1.936432e+01
6.017134e+04	-1.939099e+01
6.051889e+04	-1.941737e+01
6.086844e+04	-1.944346e+01
6.122002e+04	-1.946925e+01
6.157362e+04	-1.949474e+01
6.192927e+04	-1.951992e+01
6.228697e+04	-1.954479e+01
6.264674e+04	-1.956934e+01
6.300858e+04	-1.959357e+01
6.337252e+04	-1.961748e+01
6.373855e+04	-1.964105e+01
6.410670e+04	-1.966429e+01
6.447698e+04	-1.968719e+01
6.484940e+04	-1.970975e+01
6.522397e+04	-1.973195e+01
6.560070e+04	-1.975380e+01
6.597960e+04	-1.977529e+01
6.636070e+04	-1.979641e+01
6.674400e+04	-1.981716e+01
6.712951e+04	-1.983753e+01
6.751724e+04	-1.985752e+01
6.790722e+04	-1.987712e+01
6.829945e+04	-1.989633e+01
6.869395e+04	-1.991513e+01
6.909072e+04	-1.993353e+01
6.948978e+04	-1.995152e+01
6.989115e+04	-1.996908e+01
7.029484e+04	-1.998622e+01
7.070086e+04	-2.000293e+01
7.110923e+04	-2.001919e+01
7.151995e+04	-2.003501e+01
7.193305e+04	-2.005038e+01
7.234853e+04	-2.006529e+01
7.276641e+04	-2.007973e+01
7.318671e+04	-2.009370e+01
7.360943e+04	-2.010718e+01
7.403460e+04	-2.012017e+01
7.446222e+04	-2.013267e+01
7.489231e+04	-2.014466e+01
7.532488e+04	-2.015613e+01
7.575996e+04	-2.016709e+01
7.619754e+04	-2.017751e+01
7.663766e+04	-2.018739e+01
7.708031e+04	-2.019673e+01
7.752553e+04	-2.020551e+01
7.797331e+04	-2.021372e+01
7.842368e+04	-2.022135e+01
7.887665e+04	-2.022840e+01
7.933224e+04	-2.023486e+01
7.979046e+04	-2.024071e+01
8.025133e+04	-2.024595e+01
8.071486e+04	-2.025055e+01
8.118106e+04	-2.025453e+01
8.164996e+04	-2.025785e+01
8.212157e+04	-2.026052e+01
8.259590e+04	-2.026252e+01
8.307297e+04	-2.026383e+01
8.355279e+04	-2.026446e+01
8.403539e+04	-2.026437e+01
8.452078e+04	-2.026357e+01
8.500897e+04	-2.026204e+01
8.549997e+04	-2.025977e+01
8.599382e+04	-2.025673e+01
8.649052e+04	-2.025293e+01
8.699008e+04	-2.024834e+01
8.749253e+04	-2.024295e+01
8.799789e+04	-2.023675e+01
8.850616e+04	-2.022972e+01
8.901737e+04	-2.022184e+01
8.953153e+04	-2.021311e+01
9.004866e+04	-2.020350e+01
9.056877e+04	-2.019299e+01
9.109190e+04	-2.018157e+01
9.161804e+04	-2.016923e+01
9.214722e+04	-2.015594e+01
9.267946e+04	-2.014168e+01
9.321477e+04	-2.012644e+01
9.375318e+04	-2.011020e+01
9.429469e+04	-2.009294e+01
9.483933e+04	-2.007463e+01
9.538712e+04	-2.005525e+01
9.593807e+04	-2.003479e+01
9.649221e+04	-2.001322e+01
9.704954e+04	-1.999052e+01
9.761010e+04	-1.996666e+01
9.817389e+04	-1.994162e+01
9.874094e+04	-1.991537e+01
9.931126e+04	-1.988790e+01
9.988488e+04	-1.985916e+01
1.004618e+05	-1.982914e+01
1.010421e+05	-1.979780e+01
1.016257e+05	-1.976512e+01
1.022127e+05	-1.973106e+01
1.028031e+05	-1.969560e+01
1.033968e+05	-1.965870e+01
1.039941e+05	-1.962033e+01
1.045947e+05	-1.958045e+01
1.051989e+05	-1.953903e+01
1.058065e+05	-1.949603e+01
1.064176e+05	-1.945141e+01
1.070323e+05	-1.940514e+01
1.076505e+05	-1.935717e+01
1.082723e+05	-1.930745e+01
1.088977e+05	-1.925596e+01
1.095266e+05	-1.920263e+01
1.101593e+05	-1.914742e+01
1.107955e+05	-1.909028e+01
1.114355e+05	-1.903117e+01
1.120791e+05	-1.897002e+01
1.127265e+05	-1.890678e+01
1.133776e+05	-1.884139e+01
1.140325e+05	-1.877380e+01
1.146911e+05	-1.870394e+01
1.153536e+05	-1.863174e+01
1.160198e+05	-1.855714e+01
1.166900e+05	-1.848006e+01
1.173640e+05	-1.840043e+01
1.180419e+05	-1.831817e+01
1.187237e+05	-1.823320e+01
1.194094e+05	-1.814543e+01
1.200991e+05	-1.805477e+01
1.207928e+05	-1.796114e+01
1.214905e+05	-1.786442e+01
1.221922e+05	-1.776452e+01
1.228980e+05	-1.766132e+01
1.236078e+05	-1.755471e+01
1.243218e+05	-1.744457e+01
1.250399e+05	-1.733077e+01
1.257621e+05	-1.721317e+01
1.264885e+05	-1.709163e+01
1.272191e+05	-1.696600e+01
1.279539e+05	-1.683612e+01
1.286930e+05	-1.670181e+01
1.294363e+05	-1.656289e+01
1.301839e+05	-1.641918e+01
1.309358e+05	-1.627047e+01
1.316921e+05	-1.611653e+01
1.324528e+05	-1.595713e+01
1.332178e+05	-1.579203e+01
1.339873e+05	-1.562094e+01
1.347612e+05	-1.544360e+01
1.355395e+05	-1.525968e+01
1.363224e+05	-1.506886e+01
1.371098e+05	-1.487078e+01
1.379018e+05	-1.466504e+01
1.386983e+05	-1.445123e+01
1.394994e+05	-1.422890e+01
1.403051e+05	-1.399755e+01
1.411155e+05	-1.375665e+01
1.419306e+05	-1.350560e+01
1.427504e+05	-1.324377e+01
1.435749e+05	-1.297045e+01
1.444042e+05	-1.268488e+01
1.452383e+05	-1.238621e+01
1.460772e+05	-1.207350e+01
1.469209e+05	-1.174572e+01
1.477695e+05	-1.140173e+01
1.486230e+05	-1.104028e+01
1.494814e+05	-1.065994e+01
1.503448e+05	-1.025918e+01
1.512132e+05	-9.836272e+00
1.520866e+05	-9.389309e+00
1.529651e+05	-8.916203e+00
1.538486e+05	-8.414679e+00
1.547372e+05	-7.882300e+00
1.556310e+05	-7.316531e+00
1.565299e+05	-6.714871e+00
1.574340e+05	-6.075111e+00
1.583433e+05	-5.395803e+00
1.592579e+05	-4.677105e+00
1.601778e+05	-3.922251e+00
1.611030e+05	-3.140012e+00
1.620335e+05	-2.348570e+00
1.629694e+05	-1.580880e+00
1.639107e+05	-8.901326e-01
1.648574e+05	-3.504750e-01
1.658097e+05	-4.440641e-02
1.667674e+05	-3.282363e-02
1.677306e+05	-3.234252e-01
1.686994e+05	-8.661783e-01
1.696738e+05	-1.580602e+00
1.706538e+05	-2.388548e+00
1.716395e+05	-3.231282e+00
1.726309e+05	-4.071219e+00
1.736280e+05	-4.887012e+00
1.746309e+05	-5.667937e+00
1.756395e+05	-6.409622e+00
1.766540e+05	-7.111278e+00
1.776744e+05	-7.774015e+00
1.787006e+05	-8.399872e+00
1.797328e+05	-8.991273e+00
1.807709e+05	-9.550722e+00
1.818150e+05	-1.008065e+01
1.828652e+05	-1.058335e+01
1.839214e+05	-1.106090e+01
1.849837e+05	-1.151523e+01
1.860522e+05	-1.194807e+01
1.871268e+05	-1.236096e+01
1.882077e+05	-1.275530e+01
1.892948e+05	-1.313236e+01
1.903881e+05	-1.349326e+01
1.914878e+05	-1.383902e+01
1.925938e+05	-1.417056e+01
1.937062e+05	-1.448869e+01
1.948251e+05	-1.479418e+01
1.959504e+05	-1.508768e+01
1.970822e+05	-1.536981e+01
1.982205e+05	-1.564113e+01
1.993654e+05	-1.590214e+01
2.005169e+05	-1.615329e+01
2.016751e+05	-1.639500e+01
2.028400e+05	-1.662765e+01
2.040116e+05	-1.685158e+01
2.051899e+05	-1.706711e+01
2.063751e+05	-1.727453e+01
2.075671e+05	-1.747408e+01
2.087660e+05	-1.766602e+01
2.099719e+05	-1.785056e+01
2.111846e+05	-1.802788e+01
2.124044e+05	-1.819818e+01
2.136313e+05	-1.836161e+01
2.148652e+05	-1.851832e+01
2.161063e+05	-1.866843e+01
2.173545e+05	-1.881207e+01
2.186099e+05	-1.894934e+01
2.198726e+05	-1.908033e+01
2.211426e+05	-1.920512e+01
2.224199e+05	-1.932378e+01
2.237046e+05	-1.943636e+01
2.249967e+05	-1.954292e+01
2.262962e+05	-1.964349e+01
2.276033e+05	-1.973811e+01
2.289179e+05	-1.982679e+01
2.302402e+05	-1.990954e+01
2.315700e+05	-1.998636e+01
2.329076e+05	-2.005725e+01
2.342528e+05	-2.012219e+01
2.356059e+05	-2.018115e+01
2.369667e+05	-2.023410e+01
2.383354e+05	-2.028100e+01
2.397120e+05	-2.032179e+01
2.410966e+05	-2.035642e+01
2.424892e+05	-2.038480e+01
2.438898e+05	-2.040687e+01
2.452985e+05	-2.042252e+01
2.467153e+05	-2.043166e+01
2.481403e+05	-2.043417e+01
2.495736e+05	-2.042992e+01
2.510151e+05	-2.041878e+01
2.524650e+05	-2.040059e+01
2.539232e+05	-2.037519e+01
2.553898e+05	-2.034240e+01
2.568650e+05	-2.030202e+01
2.583486e+05	-2.025384e+01
2.598408e+05	-2.019762e+01
2.613416e+05	-2.013310e+01
2.628511e+05	-2.006001e+01
2.643694e+05	-1.997805e+01
2.658963e+05	-1.988689e+01
2.674321e+05	-1.978617e+01
2.689768e+05	-1.967549e+01
2.705304e+05	-1.955443e+01
2.720930e+05	-1.942253e+01
2.736646e+05	-1.927926e+01
2.752453e+05	-1.912406e+01
2.768351e+05	-1.895630e+01
2.784341e+05	-1.877531e+01
2.800423e+05	-1.858030e+01
2.816598e+05	-1.837044e+01
2.832867e+05	-1.814478e+01
2.849229e+05	-1.790226e+01
2.865686e+05	-1.764168e+01
2.882238e+05	-1.736171e+01
2.898886e+05	-1.706081e+01
2.915630e+05	-1.673725e+01
2.932470e+05	-1.638905e+01
2.949408e+05	-1.601389e+01
2.966444e+05	-1.560912e+01
2.983578e+05	-1.517161e+01
3.000811e+05	-1.469770e+01
3.018143e+05	-1.418303e+01
3.035576e+05	-1.362236e+01
3.053109e+05	-1.300937e+01
3.070744e+05	-1.233636e+01
3.088481e+05	-1.159381e+01
3.106320e+05	-1.076990e+01
3.124261e+05	-9.849908e+00
3.142307e+05	-8.815554e+00
3.160457e+05	-7.644792e+00
3.178712e+05	-6.313464e+00
3.197072e+05	-4.803689e+00
3.215538e+05	-3.134330e+00
3.234111e+05	-1.453549e+00
3.252791e+05	-2.202808e-01
3.271579e+05	-1.316445e-01
3.290475e+05	-1.275445e+00
3.309481e+05	-2.987617e+00
3.328596e+05	-4.741189e+00
3.347822e+05	-6.347234e+00
3.367159e+05	-7.773247e+00
3.386608e+05	-9.033713e+00
3.406169e+05	-1.015245e+01
3.425842e+05	-1.115193e+01
3.445630e+05	-1.205092e+01
3.465532e+05	-1.286455e+01
3.485549e+05	-1.360494e+01
3.505681e+05	-1.428175e+01
3.525930e+05	-1.490281e+01
3.546295e+05	-1.547445e+01
3.566778e+05	-1.600188e+01
3.587380e+05	-1.648936e+01
3.608101e+05	-1.694048e+01
3.628941e+05	-1.735819e+01
3.649901e+05	-1.774501e+01
3.670983e+05	-1.810304e+01
3.692187e+05	-1.843407e+01
3.713513e+05	-1.873959e+01
3.734962e+05	-1.902087e+01
3.756535e+05	-1.927900e+01
3.778232e+05	-1.951485e+01
3.800055e+05	-1.972919e+01
3.822004e+05	-1.992260e+01
3.844080e+05	-2.009557e+01
3.866283e+05	-2.024848e+01
3.888615e+05	-2.038157e+01
3.911075e+05	-2.049502e+01
3.933665e+05	-2.058890e+01
3.956386e+05	-2.066318e+01
3.979238e+05	-2.071775e+01
4.002222e+05	-2.075240e+01
4.025338e+05	-2.076681e+01
4.048589e+05	-2.076060e+01
4.071973e+05	-2.073323e+01
4.095493e+05	-2.068410e+01
4.119148e+05	-2.061243e+01
4.142940e+05	-2.051735e+01
4.166870e+05	-2.039779e+01
4.190937e+05	-2.025252e+01
4.215144e+05	-2.008009e+01
4.239490e+05	-1.987882e+01
4.263978e+05	-1.964672e+01
4.288606e+05	-1.938147e+01
4.313377e+05	-1.908032e+01
4.338291e+05	-1.874000e+01
4.363349e+05	-1.835661e+01
4.388551e+05	-1.792542e+01
4.413899e+05	-1.744067e+01
4.439394e+05	-1.689525e+01
4.465035e+05	-1.628024e+01
4.490825e+05	-1.558429e+01
4.516764e+05	-1.479266e+01
4.542853e+05	-1.388583e+01
4.569092e+05	-1.283728e+01
4.595483e+05	-1.161006e+01
4.622026e+05	-1.015139e+01
4.648723e+05	-8.385306e+00
4.675574e+05	-6.209413e+00
4.702580e+05	-3.549729e+00
4.729742e+05	-8.184958e-01
4.757060e+05	-2.036042e-01
4.784537e+05	-2.591190e+00
4.812172e+05	-5.475377e+00
4.839967e+05	-7.914574e+00
4.867923e+05	-9.903067e+00
4.896040e+05	-1.154654e+01
4.924319e+05	-1.293076e+01
4.952762e+05	-1.411564e+01
4.981369e+05	-1.514269e+01
5.010141e+05	-1.604125e+01
5.039079e+05	-1.683251e+01
5.068185e+05	-1.753214e+01
5.097458e+05	-1.815192e+01
5.126901e+05	-1.870087e+01
5.156514e+05	-1.918592e+01
5.186298e+05	-1.961245e+01
5.216253e+05	-1.998463e+01
5.246382e+05	-2.030564e+01
5.276685e+05	-2.057788e+01
5.307163e+05	-2.080308e+01
5.337817e+05	-2.098236e+01
5.368648e+05	-2.111635e+01
5.399657e+05	-2.120514e+01
5.430845e+05	-2.124835e+01
5.462214e+05	-2.124511e+01
5.493763e+05	-2.119402e+01
5.525495e+05	-2.109311e+01
5.557410e+05	-2.093973e+01
5.589509e+05	-2.073046e+01
5.621794e+05	-2.046094e+01
5.654265e+05	-2.012561e+01
5.686924e+05	-1.971740e+01
5.719772e+05	-1.922720e+01
5.752809e+05	-1.864317e+01
5.786037e+05	-1.794961e+01
5.819457e+05	-1.712519e+01
5.853070e+05	-1.614016e+01
5.886877e+05	-1.495128e+01
5.920879e+05	-1.349294e+01
5.955078e+05	-1.165968e+01
5.989474e+05	-9.271948e+00
6.024069e+05	-6.024565e+00
6.058864e+05	-1.767571e+00
6.093860e+05	-4.535069e-01
6.129058e+05	-4.663464e+00
6.164459e+05	-8.441846e+00
6.200064e+05	-1.122158e+01
6.235876e+05	-1.334468e+01
6.271894e+05	-1.503107e+01
6.308120e+05	-1.640732e+01
6.344555e+05	-1.754978e+01
6.381201e+05	-1.850707e+01
6.418059e+05	-1.931150e+01
6.455129e+05	-1.998518e+01
6.492414e+05	-2.054348e+01
6.529914e+05	-2.099708e+01
6.567630e+05	-2.135321e+01
6.605565e+05	-2.161642e+01
6.643718e+05	-2.178899e+01
6.682092e+05	-2.187124e+01
6.720688e+05	-2.186151e+01
6.759506e+05	-2.175611e+01
6.798549e+05	-2.154901e+01
6.837817e+05	-2.123131e+01
6.877312e+05	-2.079040e+01
6.917035e+05	-2.020847e+01
6.956987e+05	-1.946016e+01
6.997171e+05	-1.850839e+01
7.037586e+05	-1.729662e+01
7.078235e+05	-1.573354e+01
7.119118e+05	-1.365898e+01
7.160238e+05	-1.075897e+01
7.201595e+05	-6.346682e+00
7.243191e+05	-3.302048e-01
7.285028e+05	-4.230828e+00
7.327106e+05	-9.637790e+00
7.369427e+05	-1.314116e+01
7.411992e+05	-1.561645e+01
7.454804e+05	-1.747713e+01
7.497862e+05	-1.892231e+01
7.541170e+05	-2.005932e+01
7.584727e+05	-2.095063e+01
7.628536e+05	-2.163412e+01
7.672598e+05	-2.213265e+01
7.716915e+05	-2.245894e+01
7.761488e+05	-2.261792e+01
7.806318e+05	-2.260775e+01
7.851407e+05	-2.241964e+01
7.896756e+05	-2.203660e+01
7.942367e+05	-2.143044e+01
7.988242e+05	-2.055599e+01
8.034382e+05	-1.933927e+01
8.080788e+05	-1.765143e+01
8.127463e+05	-1.524293e+01
8.174406e+05	-1.153933e+01
8.221621e+05	-4.884034e+00
8.269109e+05	-2.349517e+00
8.316871e+05	-1.044530e+01
8.364909e+05	-1.490870e+01
8.413225e+05	-1.777725e+01
8.461819e+05	-1.979332e+01
8.510694e+05	-2.125431e+01
8.559852e+05	-2.230185e+01
8.609293e+05	-2.300830e+01
8.659020e+05	-2.340850e+01
8.709034e+05	-2.351221e+01
8.759337e+05	-2.330773e+01
8.809931e+05	-2.275899e+01
8.860816e+05	-2.179433e+01
8.911996e+05	-2.027761e+01
8.963471e+05	-1.792916e+01
9.015244e+05	-1.405273e+01
9.067316e+05	-6.110345e+00
9.119688e+05	-5.580690e+00
9.172363e+05	-1.420563e+01
9.225342e+05	-1.846959e+01
9.278628e+05	-2.110432e+01
9.332221e+05	-2.282706e+01
9.386123e+05	-2.390472e+01
9.440337e+05	-2.444466e+01
9.494864e+05	-2.447170e+01
9.549706e+05	-2.394467e+01
9.604865e+05	-2.273576e+01
9.660342e+05	-2.054268e+01
9.716140e+05	-1.654205e+01
9.772260e+05	-7.025185e+00
9.828704e+05	-9.979173e+00
9.885474e+05	-1.812143e+01
9.942572e+05	-2.200516e+01
1.000000e+06	-2.422004e+01
