Frequency(Hz)	Magnitude(dB)
1.000000e+01	-4.134856e-03
1.005776e+01	1.017212e-02
1.011585e+01	2.155432e-02
1.017428e+01	1.095483e-02
1.023305e+01	8.217537e-03
1.029215e+01	3.508681e-03
1.035160e+01	-1.242439e-02
1.041139e+01	-4.788466e-03
1.047153e+01	6.736937e-04
1.053201e+01	-5.336734e-03
1.059284e+01	3.266399e-03
1.065403e+01	2.934750e-03
1.071556e+01	1.633212e-02
1.077746e+01	5.207991e-03
1.083971e+01	-1.039122e-02
1.090232e+01	1.679905e-02
1.096529e+01	-8.897246e-03
1.102862e+01	-1.685357e-02
1.109232e+01	-2.556512e-03
1.115639e+01	-1.298864e-02
1.122083e+01	6.197956e-03
1.128564e+01	1.238806e-02
1.135083e+01	-4.999184e-03
1.141639e+01	8.058550e-03
1.148233e+01	-1.241778e-02
1.154865e+01	2.217354e-02
1.161536e+01	1.752557e-02
1.168245e+01	-3.654130e-03
1.174992e+01	-2.311217e-02
1.181779e+01	2.215518e-02
1.188605e+01	-3.033723e-04
1.195470e+01	-3.366547e-03
1.202375e+01	2.438557e-03
1.209320e+01	2.592606e-03
1.216305e+01	-6.796461e-03
1.223330e+01	-8.231947e-03
1.230396e+01	-1.186266e-02
1.237503e+01	1.538623e-03
1.244651e+01	1.558159e-03
1.251840e+01	1.449856e-02
1.259070e+01	-1.592521e-02
1.266343e+01	1.390216e-02
1.273657e+01	9.560059e-06
1.281014e+01	-5.239150e-03
1.288413e+01	1.461436e-02
1.295855e+01	-9.978195e-04
1.303339e+01	2.531570e-02
1.310867e+01	-6.102408e-03
1.318439e+01	-1.461207e-02
1.326054e+01	3.350360e-03
1.333713e+01	-9.449677e-03
1.341417e+01	1.211841e-02
1.349165e+01	-6.391616e-03
1.356958e+01	-6.243733e-03
1.364795e+01	-4.648957e-03
1.372678e+01	6.630708e-03
1.380607e+01	-8.281439e-03
1.388581e+01	-1.514747e-02
1.396602e+01	-9.856636e-04
1.404668e+01	-6.039572e-03
1.412782e+01	-5.073768e-03
1.420942e+01	1.609773e-02
1.429149e+01	-4.845232e-03
1.437404e+01	4.336255e-03
1.445706e+01	5.758275e-03
1.454057e+01	-8.311775e-03
1.462455e+01	2.171235e-02
1.470902e+01	-1.074340e-02
1.479398e+01	-2.559347e-02
1.487943e+01	2.199829e-02
1.496537e+01	-2.467501e-03
1.505181e+01	-5.687411e-03
1.513875e+01	-1.882353e-03
1.522619e+01	2.539266e-03
1.531414e+01	-1.215578e-02
1.540259e+01	-2.048547e-03
1.549156e+01	-9.984595e-03
1.558103e+01	-7.263121e-03
1.567103e+01	1.920544e-02
1.576155e+01	-8.096766e-05
1.585258e+01	-5.813273e-03
1.594415e+01	6.271046e-03
1.603624e+01	8.953289e-03
1.612886e+01	1.151268e-03
1.622202e+01	-7.337064e-03
1.631572e+01	-2.491726e-03
1.640996e+01	2.033173e-02
1.650474e+01	-1.482898e-03
1.660008e+01	1.351308e-02
1.669596e+01	-1.651631e-02
1.679239e+01	-2.189693e-02
1.688938e+01	8.376079e-03
1.698694e+01	1.213050e-03
1.708505e+01	4.104028e-04
1.718373e+01	7.251084e-03
1.728299e+01	1.538518e-02
1.738281e+01	1.898691e-02
1.748322e+01	-1.526131e-02
1.758420e+01	-2.608610e-03
1.768576e+01	-3.606429e-02
1.778792e+01	5.227687e-04
1.789066e+01	7.553860e-03
1.799399e+01	-5.724259e-03
1.809793e+01	-3.064155e-03
1.820246e+01	-1.507760e-02
1.830760e+01	-4.197359e-03
1.841334e+01	3.375886e-03
1.851969e+01	-1.489756e-02
1.862666e+01	1.099622e-02
1.873425e+01	3.170333e-02
1.884246e+01	8.713450e-03
1.895129e+01	-5.880219e-03
1.906075e+01	-1.702128e-02
1.917085e+01	4.687604e-03
1.928158e+01	3.239821e-02
1.939295e+01	-4.619051e-03
1.950496e+01	5.858287e-03
1.961762e+01	1.989599e-02
1.973093e+01	8.934582e-03
1.984490e+01	1.773267e-02
1.995952e+01	-3.808620e-03
2.007480e+01	1.398881e-02
2.019076e+01	-4.153813e-03
2.030738e+01	2.687665e-03
2.042467e+01	-1.295076e-02
2.054264e+01	3.604712e-02
2.066130e+01	1.694997e-02
2.078064e+01	-9.152201e-03
2.090066e+01	-1.483381e-02
2.102139e+01	-1.488530e-02
2.114280e+01	-2.075676e-02
2.126492e+01	1.729531e-02
2.138775e+01	-3.110177e-02
2.151128e+01	-2.603733e-02
2.163553e+01	-1.983725e-02
2.176050e+01	1.171638e-02
2.188619e+01	5.761281e-03
2.201260e+01	-2.037427e-02
2.213974e+01	-2.569952e-02
2.226762e+01	-4.978482e-03
2.239624e+01	7.315081e-03
2.252560e+01	3.622028e-03
2.265571e+01	1.775589e-02
2.278656e+01	6.784489e-03
2.291818e+01	1.951860e-03
2.305055e+01	1.690509e-02
2.318369e+01	4.206731e-02
2.331760e+01	-4.281764e-02
2.345228e+01	-1.479273e-02
2.358774e+01	-7.372237e-03
2.372398e+01	-2.465621e-02
2.386101e+01	-2.631333e-02
2.399883e+01	-6.331872e-03
2.413745e+01	-1.564284e-02
2.427686e+01	-6.849677e-03
2.441709e+01	7.185290e-02
2.455812e+01	4.986588e-02
2.469997e+01	4.554706e-02
2.484263e+01	1.459986e-02
2.498612e+01	3.419919e-02
2.513044e+01	2.538320e-02
2.527559e+01	-7.266470e-02
2.542158e+01	8.196906e-02
2.556842e+01	-3.524211e-02
2.571610e+01	-1.851323e-02
2.586463e+01	-4.353717e-02
2.601403e+01	2.971926e-02
2.616428e+01	5.115297e-02
2.631541e+01	4.506479e-02
2.646740e+01	-3.372664e-02
2.662028e+01	-2.193865e-02
2.677404e+01	-4.125294e-02
2.692868e+01	-7.693135e-02
2.708422e+01	-2.833427e-02
2.724066e+01	-1.222791e-02
2.739800e+01	-1.011699e-02
2.755625e+01	1.035715e-02
2.771541e+01	-2.968347e-02
2.787550e+01	5.057606e-02
2.803650e+01	8.908780e-03
2.819844e+01	1.449875e-02
2.836131e+01	-8.502217e-02
2.852513e+01	2.535128e-02
2.868989e+01	-4.773162e-02
2.885560e+01	-1.237088e-02
2.902227e+01	-2.191408e-02
2.918990e+01	-1.240894e-02
2.935850e+01	6.001687e-03
2.952807e+01	-7.134247e-04
2.969863e+01	4.145736e-03
2.987016e+01	7.916323e-02
3.004269e+01	-6.479935e-03
3.021622e+01	2.833964e-02
3.039075e+01	-7.108781e-03
3.056628e+01	2.549147e-02
3.074283e+01	-3.604389e-02
3.092040e+01	5.805773e-02
3.109900e+01	-6.395651e-02
3.127862e+01	1.950609e-02
3.145929e+01	1.529659e-03
3.164099e+01	-3.113570e-02
3.182375e+01	5.746194e-02
3.200756e+01	6.245007e-02
3.219244e+01	1.674901e-02
3.237838e+01	3.609183e-02
3.256540e+01	3.026473e-02
3.275349e+01	-6.036892e-02
3.294268e+01	7.754942e-02
3.313295e+01	-5.437487e-02
3.332433e+01	-4.282297e-02
3.351681e+01	-9.574972e-04
3.371040e+01	2.839105e-02
3.390511e+01	1.977010e-02
3.410094e+01	1.367272e-02
3.429791e+01	4.291862e-02
3.449601e+01	-4.274620e-02
3.469526e+01	-1.206087e-02
3.489566e+01	2.871753e-02
3.509721e+01	3.454567e-02
3.529993e+01	-1.718914e-02
3.550382e+01	-1.628820e-02
3.570889e+01	-1.318118e-02
3.591515e+01	3.902741e-03
3.612259e+01	3.128655e-02
3.633123e+01	-1.839163e-02
3.654108e+01	-5.197058e-02
3.675214e+01	-7.454559e-02
3.696442e+01	-1.045777e-01
3.717792e+01	6.009210e-02
3.739266e+01	-9.824791e-02
3.760864e+01	-6.189938e-02
3.782587e+01	-1.438913e-03
3.804435e+01	3.092196e-03
3.826409e+01	-2.372547e-02
3.848510e+01	4.327587e-02
3.870739e+01	4.522059e-02
3.893096e+01	4.711612e-02
3.915583e+01	2.610156e-02
3.938199e+01	-1.088188e-02
3.960946e+01	5.070813e-02
3.983824e+01	1.609219e-03
4.006834e+01	3.974767e-02
4.029978e+01	1.180739e-01
4.053255e+01	-1.333910e-01
4.076666e+01	2.314101e-02
4.100213e+01	-6.725204e-02
4.123896e+01	4.090919e-02
4.147715e+01	1.462332e-01
4.171672e+01	-4.521585e-02
4.195767e+01	1.076564e-01
4.220002e+01	-1.067877e-02
4.244377e+01	1.290786e-01
4.268892e+01	4.199537e-02
4.293549e+01	2.800845e-02
4.318348e+01	-5.763851e-02
4.343291e+01	-5.120028e-02
4.368377e+01	2.032124e-02
4.393609e+01	7.306685e-02
4.418986e+01	-5.408472e-02
4.444510e+01	-1.243944e-01
4.470182e+01	-1.833721e-02
4.496001e+01	1.522246e-01
4.521970e+01	1.047600e-02
4.548089e+01	2.025817e-02
4.574358e+01	6.572604e-02
4.600779e+01	7.562286e-02
4.627353e+01	-5.359958e-02
4.654081e+01	-3.816862e-03
4.680963e+01	3.824606e-01
4.708000e+01	-6.232811e-02
4.735193e+01	-1.867053e-01
4.762543e+01	4.206927e-02
4.790051e+01	8.511195e-02
4.817719e+01	-1.403990e-02
4.845545e+01	4.476739e-02
4.873533e+01	-5.491207e-02
4.901682e+01	9.959050e-03
4.929994e+01	1.158264e-01
4.958470e+01	1.903958e-02
4.987110e+01	-8.867361e-02
5.015915e+01	3.078145e-02
5.044887e+01	-6.998468e-02
5.074026e+01	3.671100e-02
5.103333e+01	-4.261572e-02
5.132810e+01	4.800884e-02
5.162457e+01	1.567793e-01
5.192275e+01	9.095222e-02
5.222265e+01	3.543314e-02
5.252429e+01	-1.069407e-02
5.282767e+01	-7.550421e-02
5.313280e+01	3.384852e-02
5.343969e+01	1.679746e-01
5.374836e+01	-5.216874e-02
5.405880e+01	9.259799e-02
5.437105e+01	-1.403644e-01
5.468509e+01	-7.067091e-03
5.500095e+01	-2.188729e-01
5.531863e+01	-3.441039e-02
5.563815e+01	3.077919e-01
5.595951e+01	7.938051e-02
5.628273e+01	5.573553e-02
5.660782e+01	-1.423504e-01
5.693479e+01	-1.482528e-01
5.726364e+01	2.221716e-01
5.759439e+01	2.806612e-02
5.792705e+01	2.140715e-01
5.826164e+01	1.567510e-02
5.859815e+01	1.691248e-02
5.893662e+01	2.319473e-01
5.927703e+01	3.475707e-02
5.961941e+01	-1.527117e-01
5.996377e+01	-1.616922e-01
6.031012e+01	-1.224396e-01
6.065847e+01	-1.218610e-01
6.100883e+01	-2.834518e-01
6.136121e+01	-5.012736e-02
6.171563e+01	2.143642e-01
6.207210e+01	-1.842719e-01
6.243063e+01	5.869363e-02
6.279122e+01	-1.100331e-01
6.315390e+01	-2.675485e-01
6.351868e+01	1.054787e-02
6.388556e+01	-3.842574e-01
6.425456e+01	1.195566e-01
6.462569e+01	-1.087114e-02
6.499897e+01	2.444834e-01
6.537440e+01	-1.060832e-01
6.575200e+01	1.731756e-01
6.613178e+01	5.117054e-02
6.651375e+01	-1.070090e-01
6.689793e+01	2.143690e-01
6.728433e+01	-3.823978e-01
6.767297e+01	4.255906e-01
6.806384e+01	2.611766e-01
6.845698e+01	1.482213e-01
6.885238e+01	2.731007e-01
6.925007e+01	1.310663e-01
6.965005e+01	-2.339637e-01
7.005235e+01	1.237557e-01
7.045697e+01	2.475679e-03
7.086393e+01	-9.612227e-02
7.127323e+01	-2.256848e-01
7.168490e+01	-6.459615e-02
7.209895e+01	5.621485e-02
7.251539e+01	-3.069978e-01
7.293424e+01	3.748081e-01
7.335551e+01	-2.307770e-01
7.377920e+01	1.631583e-01
7.420535e+01	-1.691790e-01
7.463396e+01	-1.542048e-02
7.506504e+01	4.440375e-01
7.549861e+01	7.423310e-02
7.593469e+01	5.614246e-03
7.637328e+01	1.936927e-01
7.681441e+01	-1.516944e-01
7.725809e+01	-2.024815e-01
7.770433e+01	2.873391e-03
7.815315e+01	-3.357788e-01
7.860456e+01	1.191355e-01
7.905857e+01	5.760069e-02
7.951521e+01	2.854018e-02
7.997449e+01	5.121128e-01
8.043642e+01	1.821018e-01
8.090102e+01	4.463715e-01
8.136830e+01	1.071589e-01
8.183828e+01	6.382630e-01
8.231097e+01	6.252730e-01
8.278640e+01	-2.109125e-03
8.326457e+01	-2.197152e-02
8.374550e+01	-6.150392e-01
8.422921e+01	-9.169466e-02
8.471572e+01	1.700702e-01
8.520503e+01	-1.124344e-01
8.569717e+01	1.546898e-01
8.619215e+01	4.552460e-01
8.669000e+01	1.748990e-01
8.719071e+01	-1.315135e-01
8.769432e+01	-1.505637e-01
8.820084e+01	1.423272e-01
8.871029e+01	-1.352064e-01
8.922267e+01	1.816831e-01
8.973802e+01	-8.836897e-02
9.025634e+01	-9.016344e-02
9.077766e+01	-6.781418e-01
9.130199e+01	-4.746528e-02
9.182935e+01	-1.000363e-02
9.235975e+01	6.803236e-01
9.289321e+01	3.900903e-02
9.342976e+01	9.944867e-02
9.396941e+01	-5.123326e-01
9.451217e+01	-4.607645e-01
9.505807e+01	2.694834e-01
9.560712e+01	1.005607e+00
9.615934e+01	3.605848e-01
9.671476e+01	-2.250712e-01
9.727338e+01	5.051393e-01
9.783522e+01	-1.127445e-01
9.840032e+01	-2.527241e-02
9.896867e+01	4.178959e-02
9.954031e+01	1.341443e-01
1.001153e+02	9.483146e-01
1.006935e+02	-3.713319e-01
1.012751e+02	-2.708801e-01
1.018601e+02	-1.893864e-01
1.024484e+02	-1.059733e-01
1.030402e+02	5.122349e-03
1.036353e+02	-5.555267e-01
1.042339e+02	2.498506e-01
1.048360e+02	3.679480e-01
1.054415e+02	-2.440749e-01
1.060505e+02	-1.050382e-01
1.066631e+02	-6.855088e-01
1.072791e+02	1.529596e-01
1.078988e+02	-4.337309e-01
1.085220e+02	-2.815910e-01
1.091488e+02	-8.748605e-01
1.097793e+02	-7.465361e-01
1.104133e+02	-5.847678e-01
1.110511e+02	-4.182141e-01
1.116925e+02	5.110538e-01
1.123376e+02	-1.175203e-01
1.129865e+02	6.042916e-02
1.136391e+02	1.111278e+00
1.142955e+02	-3.534590e-01
1.149556e+02	6.253844e-01
1.156196e+02	1.399744e-02
1.162874e+02	-5.727503e-01
1.169591e+02	4.432429e-01
1.176347e+02	1.587474e+00
1.183141e+02	3.633334e-02
1.189975e+02	-5.530753e-01
1.196848e+02	4.825883e-01
1.203761e+02	-1.041922e-01
1.210714e+02	-6.709173e-01
1.217707e+02	3.400219e-01
1.224740e+02	-1.020467e+00
1.231814e+02	8.859154e-01
1.238929e+02	2.138428e-01
1.246085e+02	5.055417e-01
1.253283e+02	-1.149532e-01
1.260522e+02	1.085424e+00
1.267802e+02	-1.233040e+00
1.275125e+02	-9.816711e-01
1.282490e+02	-7.517784e-01
1.289898e+02	3.929713e-01
1.297348e+02	1.738637e+00
1.304842e+02	1.062352e+00
1.312378e+02	-4.946675e-01
1.319959e+02	-2.270844e-01
1.327583e+02	-7.819093e-01
1.335251e+02	1.464111e+00
1.342963e+02	-1.764625e-01
1.350720e+02	-7.580586e-01
1.358522e+02	-4.554470e-01
1.366368e+02	-1.000395e+00
1.374260e+02	2.429661e-01
1.382198e+02	1.658934e+00
1.390182e+02	-1.076243e-02
1.398211e+02	-5.889032e-01
1.406287e+02	-2.706690e-01
1.414410e+02	9.969757e-02
1.422579e+02	-4.914487e-01
1.430796e+02	-1.041934e+00
1.439060e+02	-6.802409e-01
1.447372e+02	6.996995e-01
1.455732e+02	-8.844475e-01
1.464141e+02	-5.180393e-01
1.472597e+02	9.388449e-01
1.481103e+02	-7.041951e-01
1.489658e+02	7.430181e-01
1.498262e+02	-8.684993e-01
1.506916e+02	5.648873e-01
1.515620e+02	-1.033173e+00
1.524374e+02	-6.230883e-01
1.533179e+02	-2.048338e+00
1.542034e+02	1.419483e+00
1.550941e+02	-3.248684e-01
1.559899e+02	1.191311e-01
1.568909e+02	-4.561135e-01
1.577971e+02	2.976070e-03
1.587085e+02	-5.788376e-01
1.596252e+02	1.043754e+00
1.605472e+02	-6.710916e-01
1.614745e+02	-1.222530e+00
1.624072e+02	3.199927e-01
1.633453e+02	8.794784e-01
1.642887e+02	-1.831836e+00
1.652377e+02	-1.390047e+00
1.661921e+02	1.854274e-01
1.671520e+02	7.560120e-01
1.681175e+02	-9.858893e-01
1.690885e+02	-4.694886e-01
1.700651e+02	1.004647e-01
1.710474e+02	-4.814701e-01
1.720354e+02	-2.046129e+00
1.730291e+02	6.756761e-01
1.740285e+02	6.392991e-02
1.750337e+02	6.868335e-01
1.760446e+02	1.372803e+00
1.770615e+02	-5.009396e-01
1.780842e+02	8.717880e-02
1.791128e+02	7.355145e-01
1.801473e+02	9.978738e-02
1.811878e+02	-4.769786e-01
1.822344e+02	-3.009975e+00
1.832870e+02	8.659981e-01
1.843456e+02	3.311598e+00
1.854104e+02	-3.841438e-01
1.864813e+02	-9.404650e-01
1.875584e+02	1.043095e+00
1.886418e+02	4.041321e-01
1.897313e+02	-2.079479e-01
1.908272e+02	-7.699643e-01
1.919294e+02	-1.310618e+00
1.930380e+02	6.495337e-01
1.941530e+02	4.071906e-02
1.952744e+02	-5.473159e-01
1.964023e+02	1.686883e+00
1.975367e+02	-1.632719e+00
1.986777e+02	3.502349e-01
1.998252e+02	-2.522080e-01
2.009794e+02	-8.199844e-01
2.021403e+02	1.424801e+00
2.033078e+02	-3.883599e+00
2.044821e+02	3.566492e+00
2.056632e+02	-4.477461e-01
2.068511e+02	1.965772e+00
2.080459e+02	5.420204e+00
2.092475e+02	-2.039476e+00
2.104561e+02	-3.856049e-02
2.116717e+02	-6.215746e-01
2.128943e+02	-1.164053e+00
2.141240e+02	1.172359e+00
2.153608e+02	5.150329e-01
2.166047e+02	3.509260e+00
2.178558e+02	-6.424378e-01
2.191141e+02	-1.223042e+00
2.203797e+02	-3.915655e+00
2.216526e+02	4.598237e+00
2.229329e+02	-6.617093e-02
2.242205e+02	8.685289e+00
2.255156e+02	-1.204344e+00
2.268182e+02	-3.971338e+00
2.281283e+02	-2.199988e+00
2.294459e+02	3.270020e-02
2.307712e+02	3.117968e+00
2.321041e+02	7.954673e+00
2.334447e+02	-1.628182e+00
2.347931e+02	-2.111906e+00
2.361493e+02	2.394104e-01
2.375133e+02	-3.555364e-01
2.388851e+02	2.698110e+00
2.402649e+02	1.920289e+00
2.416527e+02	-1.944273e+00
2.430484e+02	-2.420562e+00
2.444523e+02	-3.747969e-02
2.458642e+02	-6.191152e-01
2.472843e+02	2.462263e+00
2.487126e+02	7.365647e+00
2.501492e+02	6.139862e+00
2.515940e+02	-2.668382e+00
2.530472e+02	4.070478e+00
2.545088e+02	-7.995323e-01
2.559789e+02	2.362410e+00
2.574574e+02	7.494226e+00
2.589444e+02	9.505951e-01
2.604401e+02	5.126388e+00
2.619444e+02	-3.248344e+00
2.634574e+02	-8.746306e-01
2.649791e+02	2.446460e+00
2.665096e+02	7.943437e+00
2.680489e+02	6.606551e+00
2.695972e+02	-2.855274e+00
2.711544e+02	-2.405608e-01
2.727205e+02	3.520651e+00
2.742958e+02	2.688735e+00
2.758801e+02	8.758024e+00
2.774736e+02	1.214185e+00
2.790762e+02	5.435453e-01
2.806882e+02	-7.731478e-02
2.823094e+02	-6.279000e-01
2.839400e+02	3.145184e+00
2.855800e+02	2.327915e+00
2.872295e+02	1.595911e+00
2.888886e+02	9.027353e-01
2.905572e+02	-3.090244e+00
2.922354e+02	-3.432675e-01
2.939234e+02	-8.908595e-01
2.956211e+02	2.987536e+00
2.973286e+02	2.200587e+00
2.990459e+02	-2.404617e+00
3.007732e+02	7.805159e-01
3.025104e+02	1.287219e-01
3.042577e+02	-4.275485e-01
3.060151e+02	-4.100315e+00
3.077826e+02	-4.496009e+00
3.095604e+02	2.242272e+00
3.113484e+02	-2.496842e+00
3.131467e+02	-2.942838e+00
3.149554e+02	-3.369365e+00
3.167746e+02	-3.915446e-01
3.186043e+02	-6.544201e+00
3.204445e+02	-4.588419e+00
3.222954e+02	-1.976247e+00
3.241570e+02	-2.449756e+00
3.260293e+02	8.742862e+00
3.279124e+02	2.000103e+01
3.298064e+02	-3.755296e+00
3.317114e+02	-4.152708e+00
3.336273e+02	4.002998e+00
3.355544e+02	-4.888306e+00
3.374925e+02	-2.281860e+00
3.394418e+02	1.057951e+01
3.414024e+02	-3.170009e+00
3.433744e+02	2.618655e-01
3.453577e+02	6.158725e+00
3.473525e+02	-4.408972e+00
3.493588e+02	-4.768050e+00
3.513766e+02	-1.916677e+00
3.534062e+02	2.396162e+00
3.554474e+02	-5.814316e+00
3.575005e+02	-3.286279e+00
3.595654e+02	-3.711184e+00
3.616422e+02	-4.129106e+00
3.637311e+02	-9.054727e+00
3.658320e+02	4.534632e+00
3.679450e+02	-5.248494e+00
3.700702e+02	6.938264e+00
3.722077e+02	8.207312e+00
3.743576e+02	9.684383e+00
3.765199e+02	6.055725e-01
3.786946e+02	-1.246718e-02
3.808820e+02	-7.153583e+00
3.830819e+02	-1.139408e+00
3.852946e+02	-1.651286e+00
3.875200e+02	-2.145224e+00
3.897583e+02	-2.620839e+00
3.920096e+02	-8.515673e+00
3.942738e+02	-3.507829e+00
3.965511e+02	-3.876332e+00
3.988416e+02	-4.280301e+00
4.011452e+02	-9.502183e+00
4.034622e+02	-5.053801e+00
4.057926e+02	-5.389789e+00
4.081365e+02	-5.740077e+00
4.104938e+02	2.987299e+00
4.128648e+02	-6.371478e+00
4.152495e+02	-5.064913e+00
4.176480e+02	7.594254e+00
4.200603e+02	8.943168e+00
4.224866e+02	-4.305058e-01
4.249268e+02	1.256222e+01
4.273812e+02	-8.100090e+00
4.298497e+02	-2.007183e+00
4.323325e+02	-2.474236e+00
4.348297e+02	-2.928998e+00
4.373412e+02	-3.391414e+00
4.398673e+02	-3.790535e+00
4.424079e+02	-4.200390e+00
4.449633e+02	-4.565685e+00
4.475334e+02	9.136572e+00
4.501183e+02	-5.275989e+00
4.527182e+02	-5.617809e+00
4.553330e+02	-5.967874e+00
4.579630e+02	-6.286345e+00
4.606082e+02	-6.609258e+00
4.632687e+02	-6.877044e+00
4.659445e+02	-7.210209e+00
4.686358e+02	4.307191e+00
4.713426e+02	-6.193955e+00
4.740650e+02	-5.982027e+00
4.768032e+02	7.356414e+00
4.795572e+02	8.666779e+00
4.823271e+02	-5.271890e+00
4.851130e+02	1.209883e+01
4.879150e+02	-4.746283e+00
4.907332e+02	-4.462859e+00
4.935676e+02	-3.599888e+00
4.964185e+02	-4.008116e+00
4.992858e+02	2.017986e+01
5.021696e+02	-4.770929e+00
5.050701e+02	1.344365e+01
5.079874e+02	-5.488592e+00
5.109215e+02	-5.813003e+00
5.138726e+02	-6.138678e+00
5.168407e+02	-6.462634e+00
5.198259e+02	-6.771467e+00
5.228284e+02	-7.073975e+00
5.258482e+02	-7.353355e+00
5.288855e+02	-7.634417e+00
5.319403e+02	-7.918073e+00
5.350128e+02	1.201065e+00
5.381030e+02	-8.448838e+00
5.412111e+02	2.903689e+00
5.443371e+02	3.672875e+00
5.474812e+02	4.490415e+00
5.506434e+02	-9.413974e+00
5.538239e+02	6.457022e+00
5.570228e+02	7.605707e+00
5.602401e+02	8.968261e+00
5.634760e+02	1.058751e+01
5.667306e+02	1.252783e+01
5.700040e+02	-1.075627e+01
5.732964e+02	1.815995e+01
5.766077e+02	2.173631e+01
5.799382e+02	-5.149468e+00
5.832879e+02	1.867039e+01
5.866569e+02	-1.176303e+01
5.900454e+02	-1.196310e+01
5.934535e+02	-1.212739e+01
5.968813e+02	-1.234389e+01
6.003288e+02	-1.575998e+01
6.037963e+02	-1.269233e+01
6.072838e+02	5.149424e+00
6.107914e+02	4.167872e+00
6.143194e+02	-1.321896e+01
6.178676e+02	-8.653911e+00
6.214364e+02	-8.909143e+00
6.250258e+02	-9.158178e+00
6.286359e+02	-9.403524e+00
6.322669e+02	-1.404003e+01
6.359189e+02	6.473442e-01
6.395919e+02	-9.245268e+00
6.432862e+02	1.803627e+00
6.470017e+02	-1.053594e+01
6.507388e+02	-1.071985e+01
6.544974e+02	-8.657300e+00
6.582778e+02	-8.499133e+00
6.620800e+02	5.738922e+00
6.659041e+02	6.801643e+00
6.697504e+02	-8.004168e+00
6.736188e+02	-7.828368e+00
6.775096e+02	1.108422e+01
6.814229e+02	1.312841e+01
6.853587e+02	1.559534e+01
6.893173e+02	1.864537e+01
6.932988e+02	2.100400e+01
6.973033e+02	1.991444e+01
7.013309e+02	-6.486437e+00
7.053817e+02	1.403908e+01
7.094560e+02	-6.050083e+00
7.135538e+02	-8.201282e+00
7.176752e+02	-5.606614e+00
7.218205e+02	-5.376955e+00
7.259897e+02	-5.108137e+00
7.301830e+02	-1.609063e+01
7.344005e+02	-4.586040e+00
7.386424e+02	-1.602839e+01
7.429087e+02	-4.015269e+00
7.471998e+02	-3.719961e+00
7.515155e+02	-3.394981e+00
7.558563e+02	-1.587289e+01
7.602221e+02	-1.582746e+01
7.646131e+02	-2.358852e+00
7.690295e+02	-1.986623e+00
7.734713e+02	-1.578997e+00
7.779389e+02	-1.567557e+01
7.824322e+02	-1.561960e+01
7.869515e+02	-2.474956e-01
7.914969e+02	-1.216314e+01
7.960686e+02	-1.552538e+01
8.006666e+02	1.342221e+00
8.052912e+02	-1.542750e+01
8.099426e+02	2.601916e+00
8.146208e+02	3.340097e+00
8.193260e+02	4.123057e+00
8.240584e+02	4.993082e+00
8.288181e+02	-1.519835e+01
8.336053e+02	7.052433e+00
8.384202e+02	-1.511294e+01
8.432629e+02	-1.505559e+01
8.481335e+02	1.138097e+01
8.530323e+02	1.335910e+01
8.579594e+02	1.568917e+01
8.629149e+02	1.808229e+01
8.678991e+02	1.917510e+01
8.729120e+02	1.778186e+01
8.779539e+02	1.530229e+01
8.830250e+02	1.296585e+01
8.881253e+02	1.095376e+01
8.932551e+02	9.247305e+00
8.984145e+02	7.809487e+00
9.036037e+02	6.538484e+00
9.088229e+02	5.419991e+00
9.140722e+02	-1.433325e+01
9.193518e+02	3.502931e+00
9.246620e+02	2.690727e+00
9.300028e+02	-1.651520e+01
9.353744e+02	1.212298e+00
9.407771e+02	-1.407478e+01
9.462110e+02	-1.398680e+01
9.516763e+02	-1.703644e+01
9.571731e+02	-1.165631e+00
9.627017e+02	-1.661393e+00
9.682622e+02	-2.162833e+00
9.738549e+02	-2.643769e+00
9.794798e+02	-3.072150e+00
9.851373e+02	-3.504916e+00
9.908274e+02	-1.788527e+01
9.965504e+02	-4.314412e+00
1.002306e+03	-4.669696e+00
1.008096e+03	-1.826654e+01
1.013918e+03	-5.399121e+00
1.019775e+03	-1.849546e+01
1.025665e+03	-1.305872e+01
1.031589e+03	-6.383302e+00
1.037548e+03	-1.292258e+01
1.043540e+03	-7.013660e+00
1.049568e+03	-1.279852e+01
1.055630e+03	-7.579502e+00
1.061727e+03	-7.834735e+00
1.067860e+03	-2.414082e+01
1.074028e+03	-1.949847e+01
1.080231e+03	-1.960948e+01
1.086471e+03	-1.972748e+01
1.092746e+03	-2.447075e+01
1.099058e+03	-1.991202e+01
1.105406e+03	-2.465547e+01
1.111791e+03	-2.013555e+01
1.118212e+03	-2.025170e+01
1.124671e+03	-2.033105e+01
1.131167e+03	-2.496286e+01
1.137701e+03	-2.055495e+01
1.144272e+03	-1.093361e+01
1.150881e+03	-2.520464e+01
1.157529e+03	-1.132382e+01
1.164215e+03	-2.095756e+01
1.170939e+03	-2.105365e+01
1.177702e+03	-1.098709e+01
1.184505e+03	-1.087263e+01
1.191346e+03	-1.077732e+01
1.198227e+03	-1.065726e+01
1.205148e+03	-1.055252e+01
1.212109e+03	-1.043545e+01
1.219110e+03	-1.031886e+01
1.226152e+03	-2.083764e+01
1.233234e+03	-2.192386e+01
1.240357e+03	-9.939527e+00
1.247521e+03	-9.822240e+00
1.254727e+03	-9.672570e+00
1.261974e+03	-9.575083e+00
1.269263e+03	-2.083533e+01
1.276595e+03	-2.562669e+01
1.283968e+03	-9.139888e+00
1.291384e+03	-2.083187e+01
1.298843e+03	-8.848916e+00
1.306345e+03	-2.571769e+01
1.313891e+03	-2.085765e+01
1.321480e+03	-8.393415e+00
1.329113e+03	-2.085933e+01
1.336790e+03	-8.057285e+00
1.344511e+03	-7.890837e+00
1.352277e+03	-7.718764e+00
1.360087e+03	-7.556749e+00
1.367943e+03	-2.352517e+01
1.375844e+03	-7.160775e+00
1.383791e+03	-6.982900e+00
1.391784e+03	-6.767010e+00
1.399823e+03	-6.580892e+00
1.407908e+03	-2.398271e+01
1.416040e+03	-2.084222e+01
1.424219e+03	-5.917502e+00
1.432445e+03	-2.423740e+01
1.440719e+03	-1.725908e+01
1.449041e+03	-2.084470e+01
1.457410e+03	-2.084443e+01
1.465828e+03	-1.763677e+01
1.474295e+03	-1.775518e+01
1.482810e+03	-2.085844e+01
1.491375e+03	-1.799449e+01
1.499989e+03	-1.811016e+01
1.508653e+03	-2.871794e+01
1.517367e+03	-2.083955e+01
1.526131e+03	-2.083611e+01
1.534946e+03	-2.083581e+01
1.543812e+03	-1.869621e+01
1.552729e+03	-1.883039e+01
1.561697e+03	-1.892112e+01
1.570717e+03	-2.921362e+01
1.579790e+03	-1.916240e+01
1.588915e+03	-1.925025e+01
1.598092e+03	-2.083944e+01
1.607323e+03	-2.950815e+01
1.616606e+03	-2.957419e+01
1.625944e+03	-2.962480e+01
1.635335e+03	-2.972030e+01
1.644781e+03	-2.979259e+01
1.654281e+03	-2.985161e+01
1.663836e+03	-3.439879e+01
1.673446e+03	-2.997971e+01
1.683112e+03	-3.003143e+01
1.692834e+03	-3.011559e+01
1.702611e+03	-3.018075e+01
1.712446e+03	-3.023297e+01
1.722337e+03	-3.033599e+01
1.732285e+03	-2.084569e+01
1.742290e+03	-2.092731e+01
1.752354e+03	-2.083083e+01
1.762475e+03	-2.083608e+01
1.772655e+03	-2.083992e+01
1.782894e+03	-2.084471e+01
1.793192e+03	-2.084152e+01
1.803549e+03	-2.085311e+01
1.813967e+03	-2.085647e+01
1.824444e+03	-3.070043e+01
1.834982e+03	-3.072066e+01
1.845581e+03	-2.086610e+01
1.856241e+03	-3.080123e+01
1.866962e+03	-2.083368e+01
1.877746e+03	-2.086809e+01
1.888592e+03	-2.086698e+01
1.899500e+03	-2.086365e+01
1.910472e+03	-2.247437e+01
1.921506e+03	-2.256139e+01
1.932605e+03	-2.084806e+01
1.943768e+03	-2.274352e+01
1.954995e+03	-3.109943e+01
1.966287e+03	-2.083740e+01
1.977644e+03	-2.087254e+01
1.989067e+03	-2.084023e+01
2.000555e+03	-2.083255e+01
2.012110e+03	-2.084576e+01
2.023732e+03	-2.086396e+01
2.035421e+03	-2.347052e+01
2.047178e+03	-2.354391e+01
2.059002e+03	-2.086719e+01
2.070895e+03	-2.086529e+01
2.082856e+03	-2.380844e+01
2.094887e+03	-2.086166e+01
2.106987e+03	-2.086781e+01
2.119157e+03	-2.406620e+01
2.131397e+03	-3.165736e+01
2.143708e+03	-2.087581e+01
2.156090e+03	-2.085876e+01
2.168543e+03	-2.085502e+01
2.181069e+03	-2.084290e+01
2.193666e+03	-2.084915e+01
2.206337e+03	-2.085688e+01
2.219081e+03	-2.086722e+01
2.231898e+03	-3.190200e+01
2.244789e+03	-2.084593e+01
2.257755e+03	-2.086865e+01
2.270796e+03	-2.085769e+01
2.283912e+03	-2.083451e+01
2.297104e+03	-3.211622e+01
2.310372e+03	-2.087408e+01
2.323716e+03	-3.692913e+01
2.337138e+03	-2.086030e+01
2.350637e+03	-3.226501e+01
2.364214e+03	-2.086730e+01
2.377870e+03	-2.085365e+01
2.391604e+03	-3.397304e+01
2.405418e+03	-2.085748e+01
2.419312e+03	-3.244658e+01
2.433286e+03	-2.087647e+01
2.447340e+03	-3.422226e+01
2.461476e+03	-3.737220e+01
2.475693e+03	-2.086199e+01
2.489993e+03	-3.263156e+01
2.504375e+03	-3.268215e+01
2.518840e+03	-2.086456e+01
2.533389e+03	-2.085810e+01
2.548022e+03	-2.087460e+01
2.562739e+03	-2.086508e+01
2.577541e+03	-3.286770e+01
2.592429e+03	-2.087238e+01
2.607403e+03	-3.292897e+01
2.622463e+03	-2.085868e+01
2.637610e+03	-3.300625e+01
2.652845e+03	-2.086542e+01
2.668168e+03	-3.797229e+01
2.683579e+03	-2.087467e+01
2.699079e+03	-2.087276e+01
2.714669e+03	-2.087203e+01
2.730349e+03	-3.324373e+01
2.746119e+03	-2.086037e+01
2.761981e+03	-3.549938e+01
2.777934e+03	-2.087415e+01
2.793979e+03	-2.087411e+01
2.810117e+03	-2.087909e+01
2.826348e+03	-3.346439e+01
2.842673e+03	-2.086671e+01
2.859092e+03	-2.086864e+01
2.875606e+03	-2.087244e+01
2.892215e+03	-2.086958e+01
2.908921e+03	-2.088967e+01
2.925722e+03	-3.868009e+01
2.942621e+03	-2.086789e+01
2.959618e+03	-3.877007e+01
2.976712e+03	-3.881692e+01
2.993906e+03	-3.634192e+01
3.011198e+03	-2.088690e+01
3.028591e+03	-3.895755e+01
3.046084e+03	-3.898755e+01
3.063678e+03	-3.903718e+01
3.081374e+03	-2.088128e+01
3.099172e+03	-2.088575e+01
3.117072e+03	-3.917472e+01
3.135076e+03	-2.087076e+01
3.153184e+03	-2.090867e+01
3.171397e+03	-3.931869e+01
3.189715e+03	-2.088744e+01
3.208139e+03	-2.088071e+01
3.226669e+03	-2.089346e+01
3.245306e+03	-3.718111e+01
3.264051e+03	-2.088765e+01
3.282904e+03	-2.087407e+01
3.301866e+03	-3.733110e+01
3.320937e+03	-2.089690e+01
3.340119e+03	-2.088787e+01
3.359411e+03	-3.976112e+01
3.378815e+03	-3.979568e+01
3.398331e+03	-2.088900e+01
3.417959e+03	-3.988586e+01
3.437701e+03	-2.087168e+01
3.457557e+03	-3.780782e+01
3.477528e+03	-2.090411e+01
3.497614e+03	-2.088044e+01
3.517816e+03	-4.009615e+01
3.538135e+03	-4.016118e+01
3.558571e+03	-3.809731e+01
3.579125e+03	-4.028332e+01
3.599798e+03	-2.090133e+01
3.620590e+03	-4.035709e+01
3.641503e+03	-2.090481e+01
3.662536e+03	-4.045819e+01
3.683691e+03	-2.089157e+01
3.704967e+03	-2.089733e+01
3.726367e+03	-3.856613e+01
3.747890e+03	-2.089889e+01
3.769538e+03	-4.069116e+01
3.791311e+03	-2.091405e+01
3.813209e+03	-4.075009e+01
3.835234e+03	-2.089463e+01
3.857386e+03	-2.089933e+01
3.879667e+03	-4.088825e+01
3.902075e+03	-2.091390e+01
3.924614e+03	-4.098495e+01
3.947282e+03	-2.089403e+01
3.970081e+03	-2.091204e+01
3.993012e+03	-4.114099e+01
4.016076e+03	-2.092251e+01
4.039272e+03	-2.092631e+01
4.062603e+03	-2.092543e+01
4.086069e+03	-2.089238e+01
4.109670e+03	-2.090731e+01
4.133407e+03	-3.959936e+01
4.157281e+03	-2.092081e+01
4.181294e+03	-2.091177e+01
4.205445e+03	-2.091597e+01
4.229735e+03	-4.160023e+01
4.254166e+03	-4.163905e+01
4.278738e+03	-2.091480e+01
4.303451e+03	-2.091417e+01
4.328308e+03	-4.177658e+01
4.353308e+03	-4.185282e+01
4.378453e+03	-2.089929e+01
4.403742e+03	-2.091589e+01
4.429178e+03	-4.198595e+01
4.454761e+03	-2.093521e+01
4.480492e+03	-2.092428e+01
4.506371e+03	-4.212531e+01
4.532399e+03	-2.094187e+01
4.558578e+03	-4.703265e+01
4.584908e+03	-4.708545e+01
4.611391e+03	-2.094427e+01
4.638026e+03	-2.092726e+01
4.664815e+03	-2.094587e+01
4.691759e+03	-2.094133e+01
4.718858e+03	-2.094014e+01
4.746114e+03	-4.255251e+01
4.773527e+03	-4.259886e+01
4.801099e+03	-2.094490e+01
4.828830e+03	-2.094761e+01
4.856721e+03	-4.275636e+01
4.884773e+03	-2.094604e+01
4.912988e+03	-2.095374e+01
4.941365e+03	-4.289388e+01
4.969906e+03	-2.095427e+01
4.998612e+03	-2.094670e+01
5.027484e+03	-2.096391e+01
5.056522e+03	-2.095030e+01
5.085729e+03	-4.806335e+01
5.115104e+03	-2.095344e+01
5.144648e+03	-2.097355e+01
5.174363e+03	-2.096720e+01
5.204250e+03	-2.096566e+01
5.234310e+03	-4.836330e+01
5.264543e+03	-4.838732e+01
5.294951e+03	-4.346980e+01
5.325534e+03	-4.352213e+01
5.356294e+03	-2.097405e+01
5.387232e+03	-4.361290e+01
5.418348e+03	-2.098022e+01
5.449645e+03	-4.874108e+01
5.481122e+03	-4.878988e+01
5.512780e+03	-2.097839e+01
5.544622e+03	-2.096287e+01
5.576647e+03	-2.097141e+01
5.608858e+03	-4.395842e+01
5.641254e+03	-2.098952e+01
5.673838e+03	-4.405845e+01
5.706610e+03	-2.098883e+01
5.739571e+03	-2.098654e+01
5.772723e+03	-2.098887e+01
5.806066e+03	-4.997802e+01
5.839601e+03	-5.005879e+01
5.873331e+03	-2.098821e+01
5.907255e+03	-4.952790e+01
5.941375e+03	-5.018829e+01
5.975692e+03	-5.024871e+01
6.010207e+03	-2.100395e+01
6.044922e+03	-5.034095e+01
6.079837e+03	-5.039313e+01
6.114954e+03	-2.100831e+01
6.150274e+03	-5.049174e+01
6.185797e+03	-5.054069e+01
6.221526e+03	-2.101428e+01
6.257462e+03	-2.102586e+01
6.293605e+03	-5.013223e+01
6.329956e+03	-5.076407e+01
6.366518e+03	-5.080522e+01
6.403290e+03	-2.102047e+01
6.440276e+03	-5.034326e+01
6.477474e+03	-2.101858e+01
6.514888e+03	-2.104636e+01
6.552518e+03	-5.106142e+01
6.590365e+03	-2.104244e+01
6.628430e+03	-2.103844e+01
6.666716e+03	-5.121988e+01
6.705223e+03	-5.072506e+01
6.743952e+03	-2.105927e+01
6.782905e+03	-2.102109e+01
6.822082e+03	-2.103703e+01
6.861486e+03	-2.105320e+01
6.901118e+03	-5.153036e+01
6.940979e+03	-2.105604e+01
6.981069e+03	-2.106124e+01
7.021392e+03	-2.105334e+01
7.061947e+03	-5.175868e+01
7.102737e+03	-2.106894e+01
7.143762e+03	-2.107166e+01
7.185024e+03	-2.106933e+01
7.226524e+03	-2.107722e+01
7.268264e+03	-5.201420e+01
7.310246e+03	-2.108508e+01
7.352469e+03	-2.107047e+01
7.394937e+03	-2.108144e+01
7.437650e+03	-5.223693e+01
7.480609e+03	-2.108861e+01
7.523817e+03	-2.108504e+01
7.567274e+03	-5.239815e+01
7.610982e+03	-2.110148e+01
7.654943e+03	-2.109959e+01
7.699158e+03	-5.256618e+01
7.743628e+03	-5.262607e+01
7.788355e+03	-2.112022e+01
7.833340e+03	-5.273069e+01
7.878585e+03	-5.278019e+01
7.924091e+03	-2.112066e+01
7.969861e+03	-2.112746e+01
8.015894e+03	-5.292266e+01
8.062194e+03	-5.298499e+01
8.108761e+03	-5.305204e+01
8.155596e+03	-2.114155e+01
8.202703e+03	-2.114982e+01
8.250081e+03	-2.115013e+01
8.297733e+03	-5.325109e+01
8.345661e+03	-5.332227e+01
8.393865e+03	-2.113950e+01
8.442348e+03	-5.342028e+01
8.491110e+03	-5.304750e+01
8.540155e+03	-2.116561e+01
8.589482e+03	-5.317731e+01
8.639095e+03	-2.118527e+01
8.688994e+03	-5.368658e+01
8.739181e+03	-2.117902e+01
8.789658e+03	-5.379410e+01
8.840427e+03	-5.385905e+01
8.891489e+03	-5.964190e+01
8.942846e+03	-2.120650e+01
8.994499e+03	-5.975338e+01
9.046451e+03	-2.119577e+01
9.098703e+03	-5.414634e+01
9.151257e+03	-2.119994e+01
9.204114e+03	-5.425537e+01
9.257277e+03	-2.123521e+01
9.310746e+03	-2.122961e+01
9.364525e+03	-5.443521e+01
9.418614e+03	-5.449229e+01
9.473015e+03	-2.125850e+01
9.527731e+03	-2.124976e+01
9.582763e+03	-5.465099e+01
9.638113e+03	-5.468694e+01
9.693782e+03	-2.127095e+01
9.749773e+03	-5.482839e+01
9.806087e+03	-5.489535e+01
9.862727e+03	-2.126211e+01
9.919693e+03	-6.075876e+01
9.976989e+03	-2.127562e+01
1.003462e+04	-5.508895e+01
1.009258e+04	-5.517558e+01
1.015087e+04	-2.128314e+01
1.020950e+04	-2.128555e+01
1.026847e+04	-2.129701e+01
1.032778e+04	-6.116352e+01
1.038743e+04	-5.546004e+01
1.044743e+04	-2.132828e+01
1.050777e+04	-2.132569e+01
1.056847e+04	-2.131204e+01
1.062951e+04	-2.135220e+01
1.069091e+04	-2.135807e+01
1.075266e+04	-5.580785e+01
1.081476e+04	-6.181067e+01
1.087723e+04	-2.137126e+01
1.094006e+04	-5.596767e+01
1.100324e+04	-2.138319e+01
1.106680e+04	-2.137554e+01
1.113072e+04	-2.138368e+01
1.119501e+04	-2.138675e+01
1.125967e+04	-2.139901e+01
1.132471e+04	-2.138868e+01
1.139012e+04	-6.218261e+01
1.145591e+04	-6.224533e+01
1.152208e+04	-6.245426e+01
1.158863e+04	-6.250620e+01
1.165556e+04	-2.143734e+01
1.172289e+04	-2.145139e+01
1.179060e+04	-6.268676e+01
1.185870e+04	-6.260139e+01
1.192719e+04	-6.267780e+01
1.199608e+04	-6.286184e+01
1.206537e+04	-2.148158e+01
1.213506e+04	-2.150548e+01
1.220515e+04	-6.306416e+01
1.227565e+04	-6.311066e+01
1.234655e+04	-2.150820e+01
1.241787e+04	-2.150022e+01
1.248959e+04	-6.314948e+01
1.256173e+04	-2.151858e+01
1.263429e+04	-2.152847e+01
1.270726e+04	-2.151947e+01
1.278066e+04	-2.154105e+01
1.285448e+04	-6.361047e+01
1.292873e+04	-2.155036e+01
1.300340e+04	-6.374503e+01
1.307851e+04	-2.157138e+01
1.315405e+04	-6.385610e+01
1.323003e+04	-2.159182e+01
1.330644e+04	-2.159809e+01
1.338330e+04	-2.159652e+01
1.346060e+04	-2.159694e+01
1.353835e+04	-6.415783e+01
1.361655e+04	-6.410567e+01
1.369520e+04	-6.428678e+01
1.377430e+04	-6.437370e+01
1.385386e+04	-2.166359e+01
1.393388e+04	-6.450214e+01
1.401436e+04	-2.168027e+01
1.409531e+04	-2.171266e+01
1.417672e+04	-2.168359e+01
1.425861e+04	-2.170850e+01
1.434096e+04	-6.467209e+01
1.442379e+04	-2.172813e+01
1.450711e+04	-2.171708e+01
1.459090e+04	-2.173931e+01
1.467518e+04	-6.494335e+01
1.475994e+04	-2.176055e+01
1.484519e+04	-2.175456e+01
1.493094e+04	-2.175865e+01
1.501718e+04	-2.177794e+01
1.510392e+04	-6.540183e+01
1.519116e+04	-2.179988e+01
1.527890e+04	-2.181931e+01
1.536715e+04	-6.557745e+01
1.545591e+04	-2.182317e+01
1.554518e+04	-2.184213e+01
1.563497e+04	-2.184161e+01
1.572528e+04	-6.573003e+01
1.581611e+04	-2.187732e+01
1.590746e+04	-2.187711e+01
1.599934e+04	-2.190062e+01
1.609175e+04	-6.609134e+01
1.618470e+04	-6.616791e+01
1.627818e+04	-2.192572e+01
1.637220e+04	-6.618255e+01
1.646677e+04	-2.194685e+01
1.656188e+04	-2.196272e+01
1.665754e+04	-6.650461e+01
1.675375e+04	-2.199992e+01
1.685052e+04	-2.200890e+01
1.694785e+04	-2.201578e+01
1.704574e+04	-2.203005e+01
1.714419e+04	-2.202754e+01
1.724322e+04	-2.204905e+01
1.734281e+04	-2.204588e+01
1.744299e+04	-6.704204e+01
1.754374e+04	-2.207653e+01
1.764507e+04	-7.318134e+01
1.774698e+04	-6.723524e+01
1.784949e+04	-6.732471e+01
1.795259e+04	-2.213240e+01
1.805628e+04	-2.213781e+01
1.816057e+04	-2.214858e+01
1.826547e+04	-2.217036e+01
1.837097e+04	-2.218045e+01
1.847708e+04	-6.774386e+01
1.858380e+04	-2.220085e+01
1.869114e+04	-7.383403e+01
1.879910e+04	-7.388835e+01
1.890768e+04	-6.802728e+01
1.901689e+04	-2.225695e+01
1.912673e+04	-2.227485e+01
1.923721e+04	-2.226618e+01
1.934832e+04	-2.230560e+01
1.946008e+04	-2.232599e+01
1.957248e+04	-2.233345e+01
1.968553e+04	-2.234075e+01
1.979923e+04	-2.237161e+01
1.991359e+04	-7.465191e+01
2.002861e+04	-2.239190e+01
2.014430e+04	-7.476605e+01
2.026065e+04	-2.242617e+01
2.037767e+04	-6.893172e+01
2.049537e+04	-7.501874e+01
2.061375e+04	-6.906889e+01
2.073282e+04	-2.247941e+01
2.085257e+04	-2.249799e+01
2.097301e+04	-2.251815e+01
2.109415e+04	-6.936503e+01
2.121599e+04	-2.255253e+01
2.133853e+04	-7.546350e+01
2.146178e+04	-2.258842e+01
2.158575e+04	-6.966879e+01
2.171043e+04	-2.260842e+01
2.183582e+04	-2.262196e+01
2.196195e+04	-2.262201e+01
2.208880e+04	-2.267185e+01
2.221638e+04	-7.003145e+01
2.234470e+04	-2.269459e+01
2.247377e+04	-2.271295e+01
2.260357e+04	-7.621776e+01
2.273413e+04	-7.030085e+01
2.286544e+04	-7.636218e+01
2.299751e+04	-2.277725e+01
2.313034e+04	-7.649839e+01
2.326394e+04	-2.280455e+01
2.339832e+04	-7.669981e+01
2.353346e+04	-7.676914e+01
2.366939e+04	-7.684521e+01
2.380610e+04	-2.288249e+01
2.394361e+04	-7.698866e+01
2.408191e+04	-2.292789e+01
2.422100e+04	-2.291021e+01
2.436090e+04	-2.295382e+01
2.450161e+04	-7.730843e+01
2.464313e+04	-2.299315e+01
2.478547e+04	-2.301118e+01
2.492863e+04	-2.302398e+01
2.507261e+04	-2.305072e+01
2.521743e+04	-7.768141e+01
2.536309e+04	-2.310605e+01
2.550958e+04	-2.311368e+01
2.565692e+04	-7.791993e+01
2.580512e+04	-7.799083e+01
2.595417e+04	-2.316698e+01
2.610408e+04	-2.318394e+01
2.625485e+04	-2.320346e+01
2.640650e+04	-2.322334e+01
2.655902e+04	-2.325747e+01
2.671243e+04	-7.843823e+01
2.686672e+04	-2.329847e+01
2.702190e+04	-2.333010e+01
2.717798e+04	-2.333784e+01
2.733495e+04	-2.336233e+01
2.749284e+04	-7.886242e+01
2.765164e+04	-7.891761e+01
2.781135e+04	-2.340325e+01
2.797199e+04	-7.908214e+01
2.813355e+04	-2.345088e+01
2.829605e+04	-2.347123e+01
2.845949e+04	-2.350526e+01
2.862387e+04	-7.939634e+01
2.878920e+04	-2.356769e+01
2.895549e+04	-2.357481e+01
2.912273e+04	-7.962492e+01
2.929094e+04	-2.360215e+01
2.946013e+04	-2.363093e+01
2.963029e+04	-7.982866e+01
2.980143e+04	-7.993016e+01
2.997356e+04	-8.002163e+01
3.014669e+04	-8.011565e+01
3.032081e+04	-8.018710e+01
3.049595e+04	-8.027305e+01
3.067209e+04	-2.380899e+01
3.084925e+04	-8.042375e+01
3.102743e+04	-2.384366e+01
3.120665e+04	-8.056671e+01
3.138690e+04	-8.064348e+01
3.156819e+04	-2.392372e+01
3.175052e+04	-8.079601e+01
3.193391e+04	-2.396956e+01
3.211836e+04	-2.399327e+01
3.230388e+04	-8.105478e+01
3.249046e+04	-8.116899e+01
3.267812e+04	-2.407248e+01
3.286687e+04	-8.128845e+01
3.305671e+04	-2.413377e+01
3.324764e+04	-2.414682e+01
3.343968e+04	-8.153589e+01
3.363283e+04	-2.419251e+01
3.382709e+04	-2.422611e+01
3.402247e+04	-2.420901e+01
3.421899e+04	-8.187781e+01
3.441663e+04	-8.799161e+01
3.461542e+04	-2.430271e+01
3.481536e+04	-2.433271e+01
3.501645e+04	-2.436605e+01
3.521871e+04	-2.440115e+01
3.542213e+04	-2.442550e+01
3.562672e+04	-2.443211e+01
3.583250e+04	-2.447574e+01
3.603947e+04	-2.451055e+01
3.624763e+04	-8.872633e+01
3.645700e+04	-8.280777e+01
3.666757e+04	-2.458640e+01
3.687936e+04	-2.459592e+01
3.709238e+04	-8.305724e+01
3.730662e+04	-2.465707e+01
3.752210e+04	-2.470196e+01
3.773883e+04	-2.472015e+01
3.795680e+04	-8.335947e+01
3.817604e+04	-8.944285e+01
3.839654e+04	-8.355297e+01
3.861832e+04	-2.483197e+01
3.884138e+04	-8.369519e+01
3.906573e+04	-8.379056e+01
3.929137e+04	-2.491963e+01
3.951831e+04	-2.493378e+01
3.974657e+04	-2.497175e+01
3.997614e+04	-2.499146e+01
4.020704e+04	-2.499876e+01
4.043928e+04	-8.428939e+01
4.067285e+04	-8.437546e+01
4.090778e+04	-2.510296e+01
4.114406e+04	-8.454420e+01
4.138171e+04	-2.514963e+01
4.162073e+04	-2.518459e+01
4.186113e+04	-9.081859e+01
4.210291e+04	-2.523688e+01
4.234610e+04	-2.527790e+01
4.259069e+04	-2.529287e+01
4.283669e+04	-2.532178e+01
4.308411e+04	-8.523324e+01
4.333297e+04	-2.537751e+01
4.358325e+04	-2.541715e+01
4.383499e+04	-9.146423e+01
4.408818e+04	-9.155874e+01
4.434283e+04	-8.561354e+01
4.459895e+04	-2.552943e+01
4.485655e+04	-2.554920e+01
4.511564e+04	-2.558388e+01
4.537623e+04	-8.597539e+01
4.563832e+04	-2.563289e+01
4.590193e+04	-9.216716e+01
4.616705e+04	-2.569813e+01
4.643371e+04	-2.575845e+01
4.670191e+04	-9.242658e+01
4.697166e+04	-9.250997e+01
4.724297e+04	-2.582370e+01
4.751584e+04	-2.585732e+01
4.779029e+04	-2.590567e+01
4.806633e+04	-2.591774e+01
4.834395e+04	-9.292834e+01
4.862319e+04	-2.597814e+01
4.890403e+04	-2.600142e+01
4.918650e+04	-2.604328e+01
4.947060e+04	-2.606291e+01
4.975634e+04	-9.335540e+01
5.004373e+04	-2.613361e+01
5.033278e+04	-2.615955e+01
5.062350e+04	-2.618005e+01
5.091590e+04	-2.620248e+01
5.120999e+04	-2.624659e+01
5.150578e+04	-2.626615e+01
5.180327e+04	-2.630540e+01
5.210248e+04	-2.632461e+01
5.240343e+04	-2.635723e+01
5.270611e+04	-2.638120e+01
5.301053e+04	-9.428378e+01
5.331672e+04	-9.436161e+01
5.362468e+04	-2.650001e+01
5.393441e+04	-9.453273e+01
5.424593e+04	-9.460590e+01
5.455926e+04	-2.659495e+01
5.487439e+04	-2.661708e+01
5.519134e+04	-2.662727e+01
5.551012e+04	-9.495434e+01
5.583075e+04	-9.501570e+01
5.615322e+04	-2.675179e+01
5.647756e+04	-9.520561e+01
5.680377e+04	-2.677749e+01
5.713187e+04	-2.682279e+01
5.746186e+04	-2.685439e+01
5.779376e+04	-2.688410e+01
5.812757e+04	-9.562064e+01
5.846332e+04	-9.570817e+01
5.880100e+04	-2.696675e+01
5.914063e+04	-9.585310e+01
5.948222e+04	-2.703866e+01
5.982579e+04	-9.605846e+01
6.017134e+04	-2.708870e+01
6.051889e+04	-2.711066e+01
6.086844e+04	-2.716196e+01
6.122002e+04	-2.718367e+01
6.157362e+04	-9.647190e+01
6.192927e+04	-9.653219e+01
6.228697e+04	-2.725257e+01
6.264674e+04	-9.671899e+01
6.300858e+04	-9.677624e+01
6.337252e+04	-9.686554e+01
6.373855e+04	-2.739703e+01
6.410670e+04	-9.703036e+01
6.447698e+04	-2.744643e+01
6.484940e+04	-2.747897e+01
6.522397e+04	-2.751317e+01
6.560070e+04	-2.753649e+01
6.597960e+04	-2.756699e+01
6.636070e+04	-2.761163e+01
6.674400e+04	-2.762358e+01
6.712951e+04	-9.769187e+01
6.751724e+04	-9.777284e+01
6.790722e+04	-2.770782e+01
6.829945e+04	-2.773552e+01
6.869395e+04	-2.776306e+01
6.909072e+04	-2.780729e+01
6.948978e+04	-1.042030e+02
6.989115e+04	-2.786348e+01
7.029484e+04	-2.789101e+01
7.070086e+04	-9.842604e+01
7.110923e+04	-2.793994e+01
7.151995e+04	-1.046170e+02
7.193305e+04	-2.799940e+01
7.234853e+04	-2.801457e+01
7.276641e+04	-2.804276e+01
7.318671e+04	-1.049288e+02
7.360943e+04	-2.811242e+01
7.403460e+04	-2.812018e+01
7.446222e+04	-9.913413e+01
7.489231e+04	-9.922733e+01
7.532488e+04	-9.931161e+01
7.575996e+04	-1.053902e+02
7.619754e+04	-2.828459e+01
7.663766e+04	-2.831384e+01
7.708031e+04	-9.962094e+01
7.752553e+04	-2.834133e+01
7.797331e+04	-2.836964e+01
7.842368e+04	-2.839612e+01
7.887665e+04	-2.841174e+01
7.933224e+04	-2.845191e+01
7.979046e+04	-2.846139e+01
8.025133e+04	-1.001500e+02
8.071486e+04	-2.854591e+01
8.118106e+04	-2.855025e+01
8.164996e+04	-2.856189e+01
8.212157e+04	-2.858679e+01
8.259590e+04	-2.864094e+01
8.307297e+04	-1.006095e+02
8.355279e+04	-2.868390e+01
8.403539e+04	-2.870833e+01
8.452078e+04	-1.008367e+02
8.500897e+04	-2.875180e+01
8.549997e+04	-1.009928e+02
8.599382e+04	-2.878966e+01
8.649052e+04	-1.011266e+02
8.699008e+04	-2.880404e+01
8.749253e+04	-2.884473e+01
8.799789e+04	-2.888513e+01
8.850616e+04	-2.891162e+01
8.901737e+04	-2.892527e+01
8.953153e+04	-1.015973e+02
9.004866e+04	-2.896104e+01
9.056877e+04	-2.898106e+01
9.109190e+04	-1.078041e+02
9.161804e+04	-1.078776e+02
9.214722e+04	-1.079454e+02
9.267946e+04	-1.080327e+02
9.321477e+04	-2.906670e+01
9.375318e+04	-2.910581e+01
9.429469e+04	-1.082283e+02
9.483933e+04	-2.913806e+01
9.538712e+04	-2.914967e+01
9.593807e+04	-2.917492e+01
9.649221e+04	-2.919810e+01
9.704954e+04	-1.085759e+02
9.761010e+04	-2.921945e+01
9.817389e+04	-2.925190e+01
9.874094e+04	-2.927241e+01
9.931126e+04	-1.088373e+02
9.988488e+04	-2.929655e+01
1.004618e+05	-2.931794e+01
1.010421e+05	-2.933059e+01
1.016257e+05	-2.934583e+01
1.022127e+05	-2.936004e+01
1.028031e+05	-2.937374e+01
1.033968e+05	-2.937680e+01
1.039941e+05	-2.939658e+01
1.045947e+05	-2.941834e+01
1.051989e+05	-2.941799e+01
1.058065e+05	-2.941867e+01
1.064176e+05	-1.096097e+02
1.070323e+05	-1.096714e+02
1.076505e+05	-2.947689e+01
1.082723e+05	-2.947610e+01
1.088977e+05	-1.098469e+02
1.095266e+05	-2.947344e+01
1.101593e+05	-1.099516e+02
1.107955e+05	-2.950568e+01
1.114355e+05	-1.100872e+02
1.120791e+05	-1.101472e+02
1.127265e+05	-2.951836e+01
1.133776e+05	-1.102513e+02
1.140325e+05	-2.954228e+01
1.146911e+05	-2.955842e+01
1.153536e+05	-2.954111e+01
1.160198e+05	-2.955978e+01
1.166900e+05	-1.105262e+02
1.173640e+05	-2.955577e+01
1.180419e+05	-1.106276e+02
1.187237e+05	-1.106882e+02
1.194094e+05	-1.107363e+02
1.200991e+05	-2.955646e+01
1.207928e+05	-2.955101e+01
1.214905e+05	-2.957123e+01
1.221922e+05	-1.109328e+02
1.228980e+05	-2.956617e+01
1.236078e+05	-1.110207e+02
1.243218e+05	-2.956655e+01
1.250399e+05	-2.955379e+01
1.257621e+05	-2.952436e+01
1.264885e+05	-1.111878e+02
1.272191e+05	-2.953839e+01
1.279539e+05	-2.951499e+01
1.286930e+05	-2.952905e+01
1.294363e+05	-2.949979e+01
1.301839e+05	-2.948430e+01
1.309358e+05	-2.948495e+01
1.316921e+05	-2.947871e+01
1.324528e+05	-2.947713e+01
1.332178e+05	-2.945839e+01
1.339873e+05	-2.943916e+01
1.347612e+05	-2.942870e+01
1.355395e+05	-2.940678e+01
1.363224e+05	-2.938853e+01
1.371098e+05	-2.937255e+01
1.379018e+05	-2.937142e+01
1.386983e+05	-2.935318e+01
1.394994e+05	-2.931155e+01
1.403051e+05	-1.119631e+02
1.411155e+05	-1.120336e+02
1.419306e+05	-1.120583e+02
1.427504e+05	-2.922061e+01
1.435749e+05	-1.121509e+02
1.444042e+05	-2.916644e+01
1.452383e+05	-1.182521e+02
1.460772e+05	-2.910653e+01
1.469209e+05	-2.908017e+01
1.477695e+05	-2.903703e+01
1.486230e+05	-1.124371e+02
1.494814e+05	-1.124673e+02
1.503448e+05	-1.125123e+02
1.512132e+05	-1.125567e+02
1.520866e+05	-1.126247e+02
1.529651e+05	-1.126442e+02
1.538486e+05	-1.126862e+02
1.547372e+05	-2.874458e+01
1.556310e+05	-2.869689e+01
1.565299e+05	-2.864239e+01
1.574340e+05	-1.128541e+02
1.583433e+05	-2.855906e+01
1.592579e+05	-2.848007e+01
1.601778e+05	-1.129657e+02
1.611030e+05	-2.839301e+01
1.620335e+05	-2.834590e+01
1.629694e+05	-2.827060e+01
1.639107e+05	-2.821927e+01
1.648574e+05	-2.815245e+01
1.658097e+05	-2.807779e+01
1.667674e+05	-2.802922e+01
1.677306e+05	-1.133056e+02
1.686994e+05	-1.133524e+02
1.696738e+05	-2.780880e+01
1.706538e+05	-1.134421e+02
1.716395e+05	-2.766086e+01
1.726309e+05	-1.135034e+02
1.736280e+05	-1.135762e+02
1.746309e+05	-1.135928e+02
1.756395e+05	-1.136420e+02
1.766540e+05	-1.136791e+02
1.776744e+05	-2.710394e+01
1.787006e+05	-1.137521e+02
1.797328e+05	-1.198027e+02
1.807709e+05	-2.682983e+01
1.818150e+05	-1.138537e+02
1.828652e+05	-2.660899e+01
1.839214e+05	-1.139358e+02
1.849837e+05	-2.637498e+01
1.860522e+05	-2.627168e+01
1.871268e+05	-2.612876e+01
1.882077e+05	-1.140941e+02
1.892948e+05	-2.589098e+01
1.903881e+05	-2.575094e+01
1.914878e+05	-2.560231e+01
1.925938e+05	-2.547462e+01
1.937062e+05	-1.142999e+02
1.948251e+05	-2.515673e+01
1.959504e+05	-2.497746e+01
1.970822e+05	-1.144336e+02
1.982205e+05	-1.144731e+02
1.993654e+05	-2.446883e+01
2.005169e+05	-2.426586e+01
2.016751e+05	-1.145921e+02
2.028400e+05	-2.386017e+01
2.040116e+05	-2.367563e+01
2.051899e+05	-2.343698e+01
2.063751e+05	-2.321845e+01
2.075671e+05	-1.147545e+02
2.087660e+05	-2.273990e+01
2.099719e+05	-1.147811e+02
2.111846e+05	-2.220985e+01
2.124044e+05	-2.193869e+01
2.136313e+05	-2.164996e+01
2.148652e+05	-2.133888e+01
2.161063e+05	-2.101231e+01
2.173545e+05	-1.090142e+02
2.186099e+05	-1.090730e+02
2.198726e+05	-1.995608e+01
2.211426e+05	-1.956452e+01
2.224199e+05	-1.916376e+01
2.237046e+05	-1.868871e+01
2.249967e+05	-1.822862e+01
2.262962e+05	-1.772565e+01
2.276033e+05	-1.721196e+01
2.289179e+05	-1.659389e+01
2.302402e+05	-1.596927e+01
2.315700e+05	-1.528140e+01
2.329076e+05	-1.034502e+02
2.342528e+05	-1.373988e+01
2.356059e+05	-1.035022e+02
2.369667e+05	-1.178898e+01
2.383354e+05	-1.060593e+01
2.397120e+05	-9.257895e+00
2.410966e+05	-7.609688e+00
2.424892e+05	-5.581701e+00
2.438898e+05	-9.763254e+01
2.452985e+05	1.006379e+00
2.467153e+05	8.374752e+00
2.481403e+05	-7.361164e+01
2.495736e+05	3.862914e+00
2.510151e+05	-1.247066e+00
2.524650e+05	-4.459993e+00
2.539232e+05	-6.801092e+00
2.553898e+05	-8.634857e+00
2.568650e+05	-1.017395e+01
2.583486e+05	-1.039944e+02
2.598408e+05	-1.259747e+01
2.613416e+05	-1.358303e+01
2.628511e+05	-1.450445e+01
2.643694e+05	-1.101431e+02
2.658963e+05	-1.101771e+02
2.674321e+05	-1.674014e+01
2.689768e+05	-1.735503e+01
2.705304e+05	-1.102527e+02
2.720930e+05	-1.849238e+01
2.736646e+05	-1.163503e+02
2.752453e+05	-1.951569e+01
2.768351e+05	-1.163696e+02
2.784341e+05	-1.164135e+02
2.800423e+05	-2.080432e+01
2.816598e+05	-1.164628e+02
2.832867e+05	-2.153502e+01
2.849229e+05	-1.165001e+02
2.865686e+05	-2.223252e+01
2.882238e+05	-2.258024e+01
2.898886e+05	-2.283277e+01
2.915630e+05	-1.225735e+02
2.932470e+05	-2.340557e+01
2.949408e+05	-2.367324e+01
2.966444e+05	-2.392971e+01
2.983578e+05	-1.225822e+02
3.000811e+05	-2.441212e+01
3.018143e+05	-1.226264e+02
3.035576e+05	-2.487186e+01
3.053109e+05	-1.226653e+02
3.070744e+05	-1.226990e+02
3.088481e+05	-1.227318e+02
3.106320e+05	-2.559413e+01
3.124261e+05	-1.228017e+02
3.142307e+05	-2.592209e+01
3.160457e+05	-2.608541e+01
3.178712e+05	-2.622920e+01
3.197072e+05	-2.638135e+01
3.215538e+05	-1.228875e+02
3.234111e+05	-1.229403e+02
3.252791e+05	-2.673788e+01
3.271579e+05	-1.229478e+02
3.290475e+05	-1.229864e+02
3.309481e+05	-1.229802e+02
3.328596e+05	-2.714421e+01
3.347822e+05	-2.723001e+01
3.367159e+05	-2.732559e+01
3.386608e+05	-1.230232e+02
3.406169e+05	-1.230387e+02
3.425842e+05	-2.750734e+01
3.445630e+05	-2.754926e+01
3.465532e+05	-1.230605e+02
3.485549e+05	-2.764278e+01
3.505681e+05	-1.230393e+02
3.525930e+05	-2.769332e+01
3.546295e+05	-1.230349e+02
3.566778e+05	-1.230240e+02
3.587380e+05	-1.290256e+02
3.608101e+05	-1.230239e+02
3.628941e+05	-2.767739e+01
3.649901e+05	-1.230062e+02
3.670983e+05	-1.290298e+02
3.692187e+05	-2.762972e+01
3.713513e+05	-2.756357e+01
3.734962e+05	-2.750034e+01
3.756535e+05	-1.289229e+02
3.778232e+05	-2.739808e+01
3.800055e+05	-1.288507e+02
3.822004e+05	-2.722053e+01
3.844080e+05	-2.711848e+01
3.866283e+05	-2.703196e+01
3.888615e+05	-2.691848e+01
3.911075e+05	-2.678839e+01
3.933665e+05	-2.666187e+01
3.956386e+05	-2.650675e+01
3.979238e+05	-1.228870e+02
4.002222e+05	-1.228511e+02
4.025338e+05	-1.228479e+02
4.048589e+05	-2.579943e+01
4.071973e+05	-1.227514e+02
4.095493e+05	-2.535015e+01
4.119148e+05	-2.511126e+01
4.142940e+05	-1.287138e+02
4.166870e+05	-2.458359e+01
4.190937e+05	-1.226163e+02
4.215144e+05	-1.226001e+02
4.239490e+05	-1.225607e+02
4.263978e+05	-2.321312e+01
4.288606e+05	-2.282593e+01
4.313377e+05	-2.241409e+01
4.338291e+05	-2.193536e+01
4.363349e+05	-1.224283e+02
4.388551e+05	-2.089883e+01
4.413899e+05	-2.031162e+01
4.439394e+05	-1.968273e+01
4.465035e+05	-1.898116e+01
4.490825e+05	-1.161035e+02
4.516764e+05	-1.733589e+01
4.542853e+05	-1.635392e+01
4.569092e+05	-1.524984e+01
4.595483e+05	-1.158298e+02
4.622026e+05	-1.246502e+01
4.648723e+05	-1.061890e+01
4.675574e+05	-1.095830e+02
4.702580e+05	-5.047667e+00
4.729742e+05	-1.033707e+02
4.757060e+05	-8.522720e+01
4.784537e+05	-9.721990e+01
4.812172e+05	-2.982842e+00
4.839967e+05	-6.821184e+00
4.867923e+05	-9.449253e+00
4.896040e+05	-1.145563e+01
4.924319e+05	-1.305631e+01
4.952762e+05	-1.207219e+02
4.981369e+05	-1.552657e+01
5.010141e+05	-1.144060e+02
5.039079e+05	-1.739024e+01
5.068185e+05	-1.811128e+01
5.097458e+05	-1.198847e+02
5.126901e+05	-1.942139e+01
5.156514e+05	-1.994956e+01
5.186298e+05	-1.191702e+02
5.216253e+05	-1.250929e+02
5.246382e+05	-1.189605e+02
5.276685e+05	-2.162876e+01
5.307163e+05	-2.196822e+01
5.337817e+05	-1.245407e+02
5.368648e+05	-2.250450e+01
5.399657e+05	-1.241782e+02
5.430845e+05	-2.290881e+01
5.462214e+05	-1.237592e+02
5.493763e+05	-2.321519e+01
5.525495e+05	-2.334210e+01
5.557410e+05	-2.342220e+01
5.589509e+05	-2.346559e+01
5.621794e+05	-2.351767e+01
5.654265e+05	-2.353511e+01
5.686924e+05	-2.350237e+01
5.719772e+05	-1.210551e+02
5.752809e+05	-2.337589e+01
5.786037e+05	-1.202360e+02
5.819457e+05	-2.315677e+01
5.853070e+05	-1.192721e+02
5.886877e+05	-2.282505e+01
5.920879e+05	-1.181254e+02
5.955078e+05	-2.235529e+01
5.989474e+05	-1.167792e+02
6.024069e+05	-2.176079e+01
6.058864e+05	-1.152050e+02
6.093860e+05	-2.100023e+01
6.129058e+05	-1.133044e+02
6.164459e+05	-1.122854e+02
6.200064e+05	-1.112875e+02
6.235876e+05	-1.890908e+01
6.271894e+05	-1.824873e+01
6.308120e+05	-1.747721e+01
6.344555e+05	-1.665139e+01
6.381201e+05	-1.571768e+01
6.418059e+05	-1.059180e+02
6.455129e+05	-1.340763e+01
6.492414e+05	-1.082527e+02
6.529914e+05	-1.028194e+01
6.567630e+05	-8.180057e+00
6.605565e+05	-5.513560e+00
6.643718e+05	-1.719278e+00
6.682092e+05	4.838616e+00
6.720688e+05	-7.773984e+01
6.759506e+05	3.930148e+00
6.798549e+05	-1.498805e+00
6.837817e+05	-1.099786e+02
6.877312e+05	-6.790252e+00
6.917035e+05	-8.373533e+00
6.956987e+05	-9.562512e+00
6.997171e+05	-1.048798e+01
7.037586e+05	-1.246470e+02
7.078235e+05	-1.172786e+01
7.119118e+05	-1.213593e+01
7.160238e+05	-1.237360e+01
7.201595e+05	-1.266234e+02
7.243191e+05	-1.330455e+02
7.285028e+05	-1.274173e+02
7.327106e+05	-1.277896e+02
7.369427e+05	-1.281276e+02
7.411992e+05	-1.155313e+01
7.454804e+05	-1.101255e+01
7.497862e+05	-1.352451e+02
7.541170e+05	-9.538967e+00
7.584727e+05	-1.358557e+02
7.628536e+05	-1.360550e+02
7.672598e+05	-6.127950e+00
7.716915e+05	-1.362739e+02
7.761488e+05	-1.362353e+02
7.806318e+05	-1.278472e+00
7.851407e+05	1.864431e-01
7.896756e+05	-1.309441e+02
7.942367e+05	1.087777e+00
7.988242e+05	7.490785e-01
8.034382e+05	3.993450e-01
8.080788e+05	-1.324540e+02
8.127463e+05	7.727846e-01
8.174406e+05	1.940962e+00
8.221621e+05	4.364667e+00
8.269109e+05	9.684883e+00
8.316871e+05	-9.720471e+01
8.364909e+05	6.114903e+00
8.413225e+05	-3.472392e-01
8.461819e+05	-1.278084e+02
8.510694e+05	-7.508549e+00
8.559852e+05	-1.340542e+02
8.609293e+05	-1.341162e+02
8.659020e+05	-1.341684e+02
8.709034e+05	-1.513446e+01
8.759337e+05	-1.637331e+01
8.809931e+05	-1.401211e+02
8.860816e+05	-1.399964e+02
8.911996e+05	-1.898096e+01
8.963471e+05	-1.403444e+02
9.015244e+05	-1.995767e+01
9.067316e+05	-2.014321e+01
9.119688e+05	-2.019248e+01
9.172363e+05	-1.997697e+01
9.225342e+05	-1.955172e+01
9.278628e+05	-1.336492e+02
9.332221e+05	-1.774162e+01
9.386123e+05	-1.610019e+01
9.440337e+05	-1.351480e+01
9.494864e+05	-1.264020e+02
9.549706e+05	3.737830e+00
9.604865e+05	-4.701460e+00
9.660342e+05	-1.245568e+02
9.716140e+05	-1.669531e+01
9.772260e+05	-1.948136e+01
9.828704e+05	-1.276755e+02
9.885474e+05	-1.322104e+02
9.942572e+05	-2.417486e+01
1.000000e+06	-1.278343e+02
