Frequency(Hz)	Magnitude(dB)
1.000000e+01	-1.691055e-02
1.005776e+01	-1.064076e-02
1.011585e+01	1.098376e-02
1.017428e+01	-9.751018e-03
1.023305e+01	-5.154444e-03
1.029215e+01	-2.893285e-04
1.035160e+01	2.632219e-03
1.041139e+01	-1.332034e-02
1.047153e+01	-1.548939e-02
1.053201e+01	2.034256e-03
1.059284e+01	2.227758e-02
1.065403e+01	9.474092e-03
1.071556e+01	1.245115e-02
1.077746e+01	-8.252718e-03
1.083971e+01	1.773986e-02
1.090232e+01	7.611371e-03
1.096529e+01	-1.666612e-02
1.102862e+01	4.544989e-03
1.109232e+01	3.413524e-02
1.115639e+01	3.732471e-03
1.122083e+01	-8.341213e-03
1.128564e+01	-8.810244e-03
1.135083e+01	-1.776918e-04
1.141639e+01	1.159414e-02
1.148233e+01	-1.098774e-04
1.154865e+01	-1.347990e-02
1.161536e+01	1.470677e-02
1.168245e+01	2.669334e-03
1.174992e+01	5.963046e-03
1.181779e+01	8.988285e-04
1.188605e+01	8.772496e-03
1.195470e+01	1.820586e-03
1.202375e+01	3.497299e-03
1.209320e+01	8.712809e-03
1.216305e+01	2.536987e-03
1.223330e+01	-8.959013e-03
1.230396e+01	8.792453e-03
1.237503e+01	-1.198213e-02
1.244651e+01	6.542131e-03
1.251840e+01	1.036653e-02
1.259070e+01	1.670713e-02
1.266343e+01	1.824797e-03
1.273657e+01	-1.731886e-02
1.281014e+01	-2.193821e-02
1.288413e+01	1.511896e-02
1.295855e+01	-1.539010e-02
1.303339e+01	-1.640736e-03
1.310867e+01	-4.795823e-03
1.318439e+01	-3.337173e-03
1.326054e+01	7.723697e-03
1.333713e+01	4.747561e-03
1.341417e+01	1.068375e-03
1.349165e+01	1.294376e-03
1.356958e+01	-3.350808e-03
1.364795e+01	-1.772069e-04
1.372678e+01	4.469436e-03
1.380607e+01	-1.267084e-02
1.388581e+01	-9.667477e-03
1.396602e+01	-5.240483e-03
1.404668e+01	-4.703995e-03
1.412782e+01	-1.276497e-02
1.420942e+01	8.418915e-03
1.429149e+01	1.076585e-02
1.437404e+01	-1.787668e-02
1.445706e+01	-1.251492e-02
1.454057e+01	-1.707425e-04
1.462455e+01	-1.101149e-02
1.470902e+01	5.501662e-03
1.479398e+01	-2.291627e-03
1.487943e+01	-1.786890e-02
1.496537e+01	2.415507e-03
1.505181e+01	-3.444689e-04
1.513875e+01	1.247447e-02
1.522619e+01	3.464561e-03
1.531414e+01	-1.981469e-03
1.540259e+01	7.744526e-03
1.549156e+01	-1.700642e-02
1.558103e+01	-4.141233e-03
1.567103e+01	1.277855e-02
1.576155e+01	-5.236846e-03
1.585258e+01	-1.175891e-02
1.594415e+01	9.935910e-04
1.603624e+01	-5.597501e-03
1.612886e+01	-3.444793e-03
1.622202e+01	-8.187795e-03
1.631572e+01	1.169832e-02
1.640996e+01	9.540223e-03
1.650474e+01	-1.655870e-02
1.660008e+01	4.326987e-03
1.669596e+01	1.279027e-02
1.679239e+01	-8.983170e-03
1.688938e+01	-3.426045e-03
1.698694e+01	-5.002225e-03
1.708505e+01	1.777221e-03
1.718373e+01	1.723999e-02
1.728299e+01	-1.483602e-02
1.738281e+01	1.295501e-02
1.748322e+01	8.652185e-03
1.758420e+01	2.364796e-03
1.768576e+01	-1.043850e-02
1.778792e+01	1.258158e-02
1.789066e+01	1.136575e-02
1.799399e+01	-2.434566e-04
1.809793e+01	-2.603723e-02
1.820246e+01	-1.361099e-02
1.830760e+01	6.898076e-03
1.841334e+01	-5.361885e-03
1.851969e+01	1.709734e-02
1.862666e+01	-2.543411e-03
1.873425e+01	1.418157e-02
1.884246e+01	-6.296659e-03
1.895129e+01	-6.146986e-03
1.906075e+01	1.949759e-02
1.917085e+01	2.751790e-04
1.928158e+01	5.481370e-03
1.939295e+01	-2.848549e-02
1.950496e+01	-7.132390e-03
1.961762e+01	-3.800440e-03
1.973093e+01	-5.398806e-03
1.984490e+01	-6.397428e-03
1.995952e+01	8.153507e-03
2.007480e+01	-3.965191e-03
2.019076e+01	-4.004848e-03
2.030738e+01	-2.002447e-02
2.042467e+01	3.498665e-02
2.054264e+01	4.389350e-03
2.066130e+01	-1.705343e-03
2.078064e+01	9.958735e-04
2.090066e+01	-1.197287e-02
2.102139e+01	1.973003e-03
2.114280e+01	-1.056494e-02
2.126492e+01	4.328005e-03
2.138775e+01	4.055145e-03
2.151128e+01	2.555830e-03
2.163553e+01	-1.712410e-02
2.176050e+01	-3.327190e-03
2.188619e+01	-1.104659e-02
2.201260e+01	3.153144e-03
2.213974e+01	3.046763e-03
2.226762e+01	6.716691e-03
2.239624e+01	8.851329e-03
2.252560e+01	5.098238e-04
2.265571e+01	-1.602696e-02
2.278656e+01	-9.234392e-03
2.291818e+01	4.587397e-03
2.305055e+01	1.371811e-02
2.318369e+01	-7.834577e-03
2.331760e+01	-7.637533e-03
2.345228e+01	-6.586045e-03
2.358774e+01	-7.716116e-03
2.372398e+01	-1.767694e-02
2.386101e+01	-3.982832e-06
2.399883e+01	-1.160421e-02
2.413745e+01	-7.522772e-04
2.427686e+01	-5.274856e-03
2.441709e+01	1.254043e-02
2.455812e+01	-1.355531e-02
2.469997e+01	-1.082135e-02
2.484263e+01	4.869429e-03
2.498612e+01	7.664285e-03
2.513044e+01	-1.315377e-03
2.527559e+01	6.388979e-05
2.542158e+01	-7.832016e-03
2.556842e+01	-2.345526e-02
2.571610e+01	-1.101936e-02
2.586463e+01	1.834830e-02
2.601403e+01	8.451017e-04
2.616428e+01	-5.413487e-03
2.631541e+01	4.707230e-03
2.646740e+01	1.997942e-02
2.662028e+01	5.115827e-03
2.677404e+01	-7.266323e-03
2.692868e+01	-5.970157e-03
2.708422e+01	-1.196805e-02
2.724066e+01	-5.012208e-03
2.739800e+01	-2.478730e-05
2.755625e+01	-1.593474e-02
2.771541e+01	7.759449e-03
2.787550e+01	2.147622e-02
2.803650e+01	8.209081e-04
2.819844e+01	3.608306e-03
2.836131e+01	1.115945e-02
2.852513e+01	9.574924e-03
2.868989e+01	-4.298481e-03
2.885560e+01	3.230836e-03
2.902227e+01	-3.980913e-03
2.918990e+01	-9.461045e-03
2.935850e+01	-6.248621e-04
2.952807e+01	1.482767e-02
2.969863e+01	9.622347e-03
2.987016e+01	-9.636114e-03
3.004269e+01	-1.300574e-02
3.021622e+01	-3.101774e-02
3.039075e+01	8.539789e-03
3.056628e+01	-1.229241e-02
3.074283e+01	9.562548e-03
3.092040e+01	-1.356726e-02
3.109900e+01	-1.135515e-02
3.127862e+01	6.565008e-03
3.145929e+01	-6.416259e-03
3.164099e+01	3.340630e-03
3.182375e+01	2.377995e-02
3.200756e+01	8.040362e-03
3.219244e+01	-3.916553e-03
3.237838e+01	1.176457e-02
3.256540e+01	1.898987e-03
3.275349e+01	-3.519939e-03
3.294268e+01	1.917543e-02
3.313295e+01	-1.156730e-03
3.332433e+01	-9.224546e-03
3.351681e+01	-1.318553e-02
3.371040e+01	-1.900310e-02
3.390511e+01	-9.365376e-03
3.410094e+01	1.474522e-02
3.429791e+01	-4.929826e-03
3.449601e+01	9.725142e-04
3.469526e+01	1.180403e-02
3.489566e+01	-1.075788e-02
3.509721e+01	-5.534298e-03
3.529993e+01	3.276531e-03
3.550382e+01	1.396905e-02
3.570889e+01	-4.502889e-04
3.591515e+01	-4.193607e-03
3.612259e+01	1.372034e-03
3.633123e+01	2.540875e-03
3.654108e+01	-7.145411e-03
3.675214e+01	-7.643916e-03
3.696442e+01	-3.479560e-04
3.717792e+01	-3.882199e-03
3.739266e+01	-1.233657e-02
3.760864e+01	1.801151e-02
3.782587e+01	4.471447e-03
3.804435e+01	-4.360102e-03
3.826409e+01	1.350166e-02
3.848510e+01	3.804774e-03
3.870739e+01	-9.965536e-03
3.893096e+01	-1.308353e-02
3.915583e+01	-7.713022e-03
3.938199e+01	-7.806452e-03
3.960946e+01	1.387549e-02
3.983824e+01	4.446970e-03
4.006834e+01	-4.951925e-03
4.029978e+01	1.377035e-02
4.053255e+01	-1.335849e-03
4.076666e+01	1.351354e-02
4.100213e+01	-1.474093e-02
4.123896e+01	2.042128e-02
4.147715e+01	-4.416394e-03
4.171672e+01	-1.583597e-02
4.195767e+01	3.782555e-03
4.220002e+01	1.374369e-02
4.244377e+01	-1.286417e-02
4.268892e+01	5.222186e-03
4.293549e+01	-1.755008e-03
4.318348e+01	6.545990e-03
4.343291e+01	-6.948261e-04
4.368377e+01	-6.101860e-03
4.393609e+01	-9.240575e-03
4.418986e+01	-1.232287e-02
4.444510e+01	9.515249e-03
4.470182e+01	-8.382906e-03
4.496001e+01	6.731973e-03
4.521970e+01	-9.478683e-03
4.548089e+01	9.429325e-03
4.574358e+01	6.127713e-03
4.600779e+01	-4.286116e-03
4.627353e+01	1.033376e-02
4.654081e+01	7.789879e-03
4.680963e+01	8.109759e-03
4.708000e+01	-5.222108e-03
4.735193e+01	-1.450923e-04
4.762543e+01	-2.536738e-02
4.790051e+01	8.854382e-03
4.817719e+01	3.996777e-03
4.845545e+01	8.054275e-03
4.873533e+01	-1.121146e-03
4.901682e+01	-7.114388e-03
4.929994e+01	3.912203e-03
4.958470e+01	-4.729025e-03
4.987110e+01	-1.096952e-02
5.015915e+01	-1.236459e-03
5.044887e+01	1.345613e-04
5.074026e+01	1.658834e-02
5.103333e+01	-3.550510e-04
5.132810e+01	-6.972842e-03
5.162457e+01	-6.840863e-03
5.192275e+01	6.555978e-03
5.222265e+01	-7.856537e-03
5.252429e+01	5.419735e-03
5.282767e+01	3.415272e-03
5.313280e+01	2.782322e-03
5.343969e+01	1.326639e-02
5.374836e+01	-8.995551e-03
5.405880e+01	-2.027794e-02
5.437105e+01	-5.871972e-03
5.468509e+01	3.737812e-03
5.500095e+01	-7.141267e-03
5.531863e+01	1.200183e-02
5.563815e+01	1.951340e-02
5.595951e+01	1.400691e-03
5.628273e+01	8.285187e-03
5.660782e+01	7.904499e-03
5.693479e+01	6.142485e-03
5.726364e+01	-2.428306e-04
5.759439e+01	-7.917122e-03
5.792705e+01	-6.013857e-03
5.826164e+01	-4.698735e-03
5.859815e+01	-1.716524e-04
5.893662e+01	-5.080356e-03
5.927703e+01	-5.621255e-03
5.961941e+01	3.105899e-03
5.996377e+01	1.069598e-02
6.031012e+01	1.398880e-02
6.065847e+01	3.021768e-03
6.100883e+01	6.110760e-03
6.136121e+01	4.218213e-03
6.171563e+01	3.068078e-03
6.207210e+01	-4.395813e-03
6.243063e+01	1.363187e-03
6.279122e+01	1.167766e-02
6.315390e+01	-2.407110e-02
6.351868e+01	-3.220941e-02
6.388556e+01	8.271802e-03
6.425456e+01	6.377961e-03
6.462569e+01	-7.577482e-03
6.499897e+01	5.204264e-03
6.537440e+01	-1.838717e-03
6.575200e+01	-1.231533e-02
6.613178e+01	-1.071868e-03
6.651375e+01	-2.735206e-03
6.689793e+01	-9.628116e-03
6.728433e+01	-8.509301e-03
6.767297e+01	-1.535951e-02
6.806384e+01	-1.249414e-02
6.845698e+01	-7.001890e-04
6.885238e+01	-1.964370e-02
6.925007e+01	2.284813e-02
6.965005e+01	1.261412e-02
7.005235e+01	5.034889e-03
7.045697e+01	2.567708e-03
7.086393e+01	-1.444588e-02
7.127323e+01	-6.231394e-03
7.168490e+01	-1.100627e-02
7.209895e+01	-2.668865e-03
7.251539e+01	-4.823760e-03
7.293424e+01	1.726818e-02
7.335551e+01	-1.847560e-04
7.377920e+01	1.185467e-02
7.420535e+01	-8.612099e-03
7.463396e+01	9.211050e-04
7.506504e+01	5.737236e-04
7.549861e+01	5.101435e-03
7.593469e+01	3.558865e-03
7.637328e+01	-1.680482e-02
7.681441e+01	1.153842e-02
7.725809e+01	4.141848e-03
7.770433e+01	-1.551567e-03
7.815315e+01	1.200395e-02
7.860456e+01	6.467755e-03
7.905857e+01	-8.860451e-03
7.951521e+01	7.365910e-03
7.997449e+01	7.112187e-04
8.043642e+01	-3.984039e-03
8.090102e+01	4.828909e-03
8.136830e+01	-6.501316e-03
8.183828e+01	1.288042e-03
8.231097e+01	4.295060e-04
8.278640e+01	-6.085330e-03
8.326457e+01	1.895804e-02
8.374550e+01	1.381740e-03
8.422921e+01	-6.567029e-03
8.471572e+01	-1.640428e-03
8.520503e+01	2.824816e-03
8.569717e+01	2.769330e-03
8.619215e+01	2.751209e-03
8.669000e+01	-1.474531e-02
8.719071e+01	1.387914e-02
8.769432e+01	8.257375e-04
8.820084e+01	-7.586341e-03
8.871029e+01	1.335668e-02
8.922267e+01	1.727904e-03
8.973802e+01	7.074341e-03
9.025634e+01	-1.051406e-02
9.077766e+01	1.049011e-02
9.130199e+01	1.249561e-02
9.182935e+01	1.125933e-02
9.235975e+01	-1.570645e-02
9.289321e+01	-1.834494e-02
9.342976e+01	1.352265e-02
9.396941e+01	7.304706e-03
9.451217e+01	9.262055e-04
9.505807e+01	-6.673432e-03
9.560712e+01	8.249006e-03
9.615934e+01	7.735339e-03
9.671476e+01	7.832753e-03
9.727338e+01	-2.724856e-02
9.783522e+01	3.372546e-03
9.840032e+01	1.385824e-03
9.896867e+01	6.889292e-03
9.954031e+01	-3.806104e-04
1.001153e+02	-9.739124e-03
1.006935e+02	-5.361485e-03
1.012751e+02	-4.943106e-03
1.018601e+02	9.018651e-03
1.024484e+02	-1.201844e-02
1.030402e+02	2.879765e-03
1.036353e+02	-1.463507e-02
1.042339e+02	-1.635628e-02
1.048360e+02	7.358136e-03
1.054415e+02	-1.588229e-02
1.060505e+02	-8.467064e-03
1.066631e+02	1.022422e-03
1.072791e+02	3.803856e-03
1.078988e+02	1.542771e-02
1.085220e+02	2.527378e-04
1.091488e+02	-2.069732e-03
1.097793e+02	-5.393526e-03
1.104133e+02	-1.974328e-02
1.110511e+02	1.714966e-02
1.116925e+02	3.468196e-03
1.123376e+02	-1.697580e-02
1.129865e+02	-1.049661e-02
1.136391e+02	1.143762e-02
1.142955e+02	7.443797e-03
1.149556e+02	-9.544954e-03
1.156196e+02	-5.905807e-03
1.162874e+02	4.155130e-03
1.169591e+02	5.874571e-03
1.176347e+02	-1.480876e-02
1.183141e+02	-1.187208e-02
1.189975e+02	-1.377728e-02
1.196848e+02	3.819699e-03
1.203761e+02	5.113338e-03
1.210714e+02	-1.900790e-02
1.217707e+02	7.666137e-04
1.224740e+02	1.895792e-04
1.231814e+02	-8.287982e-04
1.238929e+02	1.245497e-03
1.246085e+02	1.027652e-02
1.253283e+02	-1.481230e-02
1.260522e+02	-3.478503e-03
1.267802e+02	1.638748e-03
1.275125e+02	4.234613e-03
1.282490e+02	3.565445e-03
1.289898e+02	-1.142808e-02
1.297348e+02	1.008377e-03
1.304842e+02	9.517827e-03
1.312378e+02	-1.671389e-02
1.319959e+02	3.041015e-03
1.327583e+02	7.782854e-03
1.335251e+02	-7.920103e-03
1.342963e+02	2.942310e-03
1.350720e+02	-8.319405e-03
1.358522e+02	-1.295464e-02
1.366368e+02	-5.331835e-04
1.374260e+02	-7.774168e-03
1.382198e+02	7.888681e-03
1.390182e+02	-1.559418e-02
1.398211e+02	3.352300e-03
1.406287e+02	4.598276e-03
1.414410e+02	1.266565e-02
1.422579e+02	-2.419577e-03
1.430796e+02	-3.116593e-03
1.439060e+02	1.111352e-02
1.447372e+02	4.931519e-03
1.455732e+02	-4.609952e-03
1.464141e+02	1.168011e-02
1.472597e+02	5.645023e-03
1.481103e+02	-9.438109e-03
1.489658e+02	-1.274426e-02
1.498262e+02	-2.937782e-03
1.506916e+02	-7.096390e-03
1.515620e+02	-4.952774e-04
1.524374e+02	2.789713e-03
1.533179e+02	2.384678e-03
1.542034e+02	2.170268e-03
1.550941e+02	-7.141431e-05
1.559899e+02	3.886103e-03
1.568909e+02	-4.994739e-03
1.577971e+02	5.396474e-03
1.587085e+02	-4.578397e-03
1.596252e+02	-1.754044e-02
1.605472e+02	2.314701e-03
1.614745e+02	-7.474985e-03
1.624072e+02	-1.111773e-02
1.633453e+02	-1.921608e-03
1.642887e+02	-1.015661e-02
1.652377e+02	-1.452131e-02
1.661921e+02	-2.359256e-02
1.671520e+02	-2.563307e-05
1.681175e+02	-1.907853e-02
1.690885e+02	-1.028334e-02
1.700651e+02	-3.780947e-03
1.710474e+02	1.124921e-02
1.720354e+02	1.442233e-02
1.730291e+02	-7.480543e-03
1.740285e+02	-6.808196e-03
1.750337e+02	2.437140e-03
1.760446e+02	-6.027409e-03
1.770615e+02	-1.294229e-02
1.780842e+02	-8.629090e-03
1.791128e+02	-5.771585e-03
1.801473e+02	1.310010e-02
1.811878e+02	-9.019460e-03
1.822344e+02	-2.437510e-03
1.832870e+02	4.032283e-03
1.843456e+02	4.198334e-03
1.854104e+02	-1.730751e-02
1.864813e+02	-2.328296e-02
1.875584e+02	-8.590640e-03
1.886418e+02	-6.398354e-03
1.897313e+02	-1.343601e-02
1.908272e+02	1.236004e-03
1.919294e+02	-2.044669e-03
1.930380e+02	-1.321418e-02
1.941530e+02	-8.651745e-03
1.952744e+02	-6.936165e-03
1.964023e+02	1.180508e-02
1.975367e+02	-3.473673e-04
1.986777e+02	-1.957003e-02
1.998252e+02	-5.729461e-03
2.009794e+02	-2.542255e-03
2.021403e+02	-2.080373e-02
2.033078e+02	-1.184410e-02
2.044821e+02	4.377295e-03
2.056632e+02	-3.412446e-03
2.068511e+02	4.202885e-03
2.080459e+02	9.962777e-03
2.092475e+02	-5.403717e-03
2.104561e+02	-1.017849e-02
2.116717e+02	-4.179830e-03
2.128943e+02	3.318469e-04
2.141240e+02	-1.961619e-02
2.153608e+02	6.166795e-03
2.166047e+02	-9.834415e-03
2.178558e+02	-5.899776e-03
2.191141e+02	-2.042266e-02
2.203797e+02	-1.855844e-02
2.216526e+02	-1.860285e-02
2.229329e+02	-4.968020e-03
2.242205e+02	-1.807502e-02
2.255156e+02	-2.689142e-03
2.268182e+02	-9.113696e-03
2.281283e+02	-6.654109e-03
2.294459e+02	-1.375910e-02
2.307712e+02	-6.449089e-03
2.321041e+02	2.710781e-03
2.334447e+02	-8.844144e-03
2.347931e+02	-1.375410e-02
2.361493e+02	-6.550018e-03
2.375133e+02	-1.840040e-02
2.388851e+02	-1.032248e-03
2.402649e+02	-7.567023e-03
2.416527e+02	4.873077e-03
2.430484e+02	-1.697401e-02
2.444523e+02	-5.941028e-03
2.458642e+02	-1.883945e-02
2.472843e+02	-1.387435e-02
2.487126e+02	-1.095754e-02
2.501492e+02	-5.311664e-03
2.515940e+02	-3.325985e-02
2.530472e+02	-4.554438e-03
2.545088e+02	-1.890039e-02
2.559789e+02	1.827161e-02
2.574574e+02	-8.152351e-03
2.589444e+02	-8.660244e-03
2.604401e+02	-1.006870e-02
2.619444e+02	-2.366847e-02
2.634574e+02	1.701453e-03
2.649791e+02	-6.158624e-03
2.665096e+02	-1.405023e-02
2.680489e+02	-1.516696e-02
2.695972e+02	-4.316233e-03
2.711544e+02	3.096760e-03
2.727205e+02	-1.647330e-02
2.742958e+02	-1.773198e-02
2.758801e+02	-4.251500e-03
2.774736e+02	-2.310225e-02
2.790762e+02	-1.310719e-04
2.806882e+02	4.383086e-03
2.823094e+02	-2.433733e-02
2.839400e+02	-2.273918e-03
2.855800e+02	-1.033213e-02
2.872295e+02	-1.671763e-02
2.888886e+02	-5.464537e-03
2.905572e+02	-1.079647e-02
2.922354e+02	-8.362553e-03
2.939234e+02	-8.662604e-03
2.956211e+02	1.082390e-02
2.973286e+02	-5.717361e-03
2.990459e+02	-1.785622e-02
3.007732e+02	-2.668461e-02
3.025104e+02	-1.997240e-02
3.042577e+02	-1.186564e-02
3.060151e+02	-2.784795e-02
3.077826e+02	-1.367951e-02
3.095604e+02	-9.659252e-03
3.113484e+02	-1.838347e-02
3.131467e+02	-1.777296e-02
3.149554e+02	-1.207940e-02
3.167746e+02	-5.381320e-03
3.186043e+02	-5.362377e-03
3.204445e+02	-2.252981e-02
3.222954e+02	-1.569013e-02
3.241570e+02	-4.475898e-03
3.260293e+02	-2.682860e-02
3.279124e+02	-1.297886e-02
3.298064e+02	-2.440865e-02
3.317114e+02	-6.350980e-03
3.336273e+02	-1.290798e-02
3.355544e+02	-1.681496e-02
3.374925e+02	-2.102143e-02
3.394418e+02	-2.832729e-02
3.414024e+02	-6.751757e-03
3.433744e+02	-1.892915e-02
3.453577e+02	-7.702090e-03
3.473525e+02	-1.765842e-02
3.493588e+02	-3.120111e-02
3.513766e+02	-2.209372e-02
3.534062e+02	-2.126586e-02
3.554474e+02	-1.079288e-02
3.575005e+02	-1.029428e-02
3.595654e+02	-1.355878e-02
3.616422e+02	-2.060925e-02
3.637311e+02	-2.308784e-02
3.658320e+02	-2.486331e-02
3.679450e+02	-3.455122e-02
3.700702e+02	-2.459659e-02
3.722077e+02	-3.275317e-02
3.743576e+02	-2.020694e-02
3.765199e+02	-2.704963e-02
3.786946e+02	-3.161439e-02
3.808820e+02	-1.516367e-02
3.830819e+02	-2.157318e-02
3.852946e+02	-2.041732e-02
3.875200e+02	-9.708618e-03
3.897583e+02	-4.125693e-02
3.920096e+02	-3.190994e-02
3.942738e+02	-4.127986e-02
3.965511e+02	-2.360042e-02
3.988416e+02	-2.053798e-02
4.011452e+02	-2.154344e-02
4.034622e+02	-2.841455e-02
4.057926e+02	-1.381571e-02
4.081365e+02	-2.565588e-02
4.104938e+02	-5.202682e-02
4.128648e+02	-3.375676e-02
4.152495e+02	-4.592088e-03
4.176480e+02	-3.103073e-02
4.200603e+02	-2.760559e-02
4.224866e+02	-2.598701e-02
4.249268e+02	-3.281143e-02
4.273812e+02	-2.513742e-02
4.298497e+02	-2.903796e-02
4.323325e+02	-2.170668e-02
4.348297e+02	-1.812968e-02
4.373412e+02	-4.078986e-02
4.398673e+02	-4.446219e-02
4.424079e+02	-3.723162e-02
4.449633e+02	-1.664661e-02
4.475334e+02	-2.998153e-02
4.501183e+02	-2.632077e-02
4.527182e+02	-3.843722e-02
4.553330e+02	-4.012791e-02
4.579630e+02	-2.161233e-02
4.606082e+02	-3.255240e-02
4.632687e+02	-1.974219e-02
4.659445e+02	-3.840898e-02
4.686358e+02	-4.276359e-02
4.713426e+02	-5.551931e-02
4.740650e+02	-4.386055e-02
4.768032e+02	-3.331966e-02
4.795572e+02	-3.504465e-02
4.823271e+02	-2.544423e-02
4.851130e+02	-3.374094e-02
4.879150e+02	-4.895181e-02
4.907332e+02	-3.014840e-02
4.935676e+02	-3.902701e-02
4.964185e+02	-4.049726e-02
4.992858e+02	-4.613452e-02
5.021696e+02	-3.719254e-02
5.050701e+02	-4.328620e-02
5.079874e+02	-4.121806e-02
5.109215e+02	-5.509335e-02
5.138726e+02	-4.591856e-02
5.168407e+02	-3.800545e-02
5.198259e+02	-3.464504e-02
5.228284e+02	-5.216532e-02
5.258482e+02	-4.581060e-02
5.288855e+02	-2.968271e-02
5.319403e+02	-4.678700e-02
5.350128e+02	-4.280444e-02
5.381030e+02	-4.610527e-02
5.412111e+02	-5.933219e-02
5.443371e+02	-4.152240e-02
5.474812e+02	-5.480128e-02
5.506434e+02	-6.578216e-02
5.538239e+02	-6.173823e-02
5.570228e+02	-5.653717e-02
5.602401e+02	-3.963049e-02
5.634760e+02	-3.827484e-02
5.667306e+02	-6.700831e-02
5.700040e+02	-6.327461e-02
5.732964e+02	-4.840948e-02
5.766077e+02	-7.256637e-02
5.799382e+02	-5.225474e-02
5.832879e+02	-4.144826e-02
5.866569e+02	-6.710989e-02
5.900454e+02	-6.926307e-02
5.934535e+02	-6.185979e-02
5.968813e+02	-4.927120e-02
6.003288e+02	-5.355984e-02
6.037963e+02	-7.838801e-02
6.072838e+02	-6.249900e-02
6.107914e+02	-7.368654e-02
6.143194e+02	-6.615603e-02
6.178676e+02	-5.100853e-02
6.214364e+02	-6.913800e-02
6.250258e+02	-6.353246e-02
6.286359e+02	-6.774276e-02
6.322669e+02	-7.378606e-02
6.359189e+02	-4.603312e-02
6.395919e+02	-7.964107e-02
6.432862e+02	-8.027042e-02
6.470017e+02	-8.012468e-02
6.507388e+02	-6.169745e-02
6.544974e+02	-7.680249e-02
6.582778e+02	-7.276619e-02
6.620800e+02	-6.078791e-02
6.659041e+02	-8.364709e-02
6.697504e+02	-9.069286e-02
6.736188e+02	-7.871685e-02
6.775096e+02	-8.438656e-02
6.814229e+02	-7.379780e-02
6.853587e+02	-8.104255e-02
6.893173e+02	-8.947323e-02
6.932988e+02	-7.427868e-02
6.973033e+02	-6.578685e-02
7.013309e+02	-8.917367e-02
7.053817e+02	-8.814141e-02
7.094560e+02	-9.367164e-02
7.135538e+02	-8.878618e-02
7.176752e+02	-7.528859e-02
7.218205e+02	-6.838403e-02
7.259897e+02	-9.658311e-02
7.301830e+02	-8.862281e-02
7.344005e+02	-7.688822e-02
7.386424e+02	-6.430643e-02
7.429087e+02	-8.581255e-02
7.471998e+02	-9.516196e-02
7.515155e+02	-7.169811e-02
7.558563e+02	-8.147971e-02
7.602221e+02	-6.219237e-02
7.646131e+02	-1.153703e-01
7.690295e+02	-9.239586e-02
7.734713e+02	-9.162798e-02
7.779389e+02	-1.004896e-01
7.824322e+02	-1.009695e-01
7.869515e+02	-1.126683e-01
7.914969e+02	-1.125852e-01
7.960686e+02	-9.327110e-02
8.006666e+02	-1.167124e-01
8.052912e+02	-9.825198e-02
8.099426e+02	-1.108154e-01
8.146208e+02	-1.278643e-01
8.193260e+02	-1.249186e-01
8.240584e+02	-1.017098e-01
8.288181e+02	-9.923516e-02
8.336053e+02	-1.251878e-01
8.384202e+02	-1.139411e-01
8.432629e+02	-1.115511e-01
8.481335e+02	-1.248614e-01
8.530323e+02	-1.250076e-01
8.579594e+02	-1.108026e-01
8.629149e+02	-1.315185e-01
8.678991e+02	-1.116820e-01
8.729120e+02	-1.188947e-01
8.779539e+02	-1.265115e-01
8.830250e+02	-1.224674e-01
8.881253e+02	-1.250118e-01
8.932551e+02	-1.310266e-01
8.984145e+02	-1.392807e-01
9.036037e+02	-1.424195e-01
9.088229e+02	-1.501346e-01
9.140722e+02	-1.432805e-01
9.193518e+02	-1.350719e-01
9.246620e+02	-1.501413e-01
9.300028e+02	-1.424542e-01
9.353744e+02	-1.584261e-01
9.407771e+02	-1.288137e-01
9.462110e+02	-1.492944e-01
9.516763e+02	-1.533428e-01
9.571731e+02	-1.702945e-01
9.627017e+02	-1.531525e-01
9.682622e+02	-1.407978e-01
9.738549e+02	-1.429055e-01
9.794798e+02	-1.375993e-01
9.851373e+02	-1.630992e-01
9.908274e+02	-1.597369e-01
9.965504e+02	-1.764702e-01
1.002306e+03	-1.668847e-01
1.008096e+03	-1.558113e-01
1.013918e+03	-1.803786e-01
1.019775e+03	-1.838927e-01
1.025665e+03	-1.830314e-01
1.031589e+03	-1.703202e-01
1.037548e+03	-1.732959e-01
1.043540e+03	-1.660752e-01
1.049568e+03	-1.756778e-01
1.055630e+03	-1.860198e-01
1.061727e+03	-1.843117e-01
1.067860e+03	-1.949079e-01
1.074028e+03	-1.913951e-01
1.080231e+03	-1.922737e-01
1.086471e+03	-2.038148e-01
1.092746e+03	-1.970735e-01
1.099058e+03	-1.935043e-01
1.105406e+03	-1.854517e-01
1.111791e+03	-1.862658e-01
1.118212e+03	-1.969552e-01
1.124671e+03	-2.096062e-01
1.131167e+03	-2.037627e-01
1.137701e+03	-2.288952e-01
1.144272e+03	-2.134612e-01
1.150881e+03	-2.003736e-01
1.157529e+03	-2.029217e-01
1.164215e+03	-2.203912e-01
1.170939e+03	-2.216893e-01
1.177702e+03	-2.337535e-01
1.184505e+03	-2.135559e-01
1.191346e+03	-2.495480e-01
1.198227e+03	-2.294372e-01
1.205148e+03	-2.407858e-01
1.212109e+03	-2.408187e-01
1.219110e+03	-2.350280e-01
1.226152e+03	-2.401609e-01
1.233234e+03	-2.390398e-01
1.240357e+03	-2.515429e-01
1.247521e+03	-2.370000e-01
1.254727e+03	-2.592765e-01
1.261974e+03	-2.485174e-01
1.269263e+03	-2.498881e-01
1.276595e+03	-2.677698e-01
1.283968e+03	-2.662226e-01
1.291384e+03	-2.682480e-01
1.298843e+03	-2.857491e-01
1.306345e+03	-2.754470e-01
1.313891e+03	-2.888413e-01
1.321480e+03	-2.772467e-01
1.329113e+03	-2.982855e-01
1.336790e+03	-2.835911e-01
1.344511e+03	-3.056966e-01
1.352277e+03	-2.813769e-01
1.360087e+03	-3.024431e-01
1.367943e+03	-3.033501e-01
1.375844e+03	-2.909383e-01
1.383791e+03	-3.105028e-01
1.391784e+03	-3.185907e-01
1.399823e+03	-3.253268e-01
1.407908e+03	-3.030803e-01
1.416040e+03	-3.172939e-01
1.424219e+03	-3.615291e-01
1.432445e+03	-3.373579e-01
1.440719e+03	-3.284089e-01
1.449041e+03	-3.605317e-01
1.457410e+03	-3.488995e-01
1.465828e+03	-3.365297e-01
1.474295e+03	-3.500898e-01
1.482810e+03	-3.456705e-01
1.491375e+03	-3.637764e-01
1.499989e+03	-3.546407e-01
1.508653e+03	-3.508643e-01
1.517367e+03	-3.688721e-01
1.526131e+03	-3.683102e-01
1.534946e+03	-3.762940e-01
1.543812e+03	-3.772061e-01
1.552729e+03	-3.780124e-01
1.561697e+03	-3.849200e-01
1.570717e+03	-4.112495e-01
1.579790e+03	-3.935967e-01
1.588915e+03	-4.060041e-01
1.598092e+03	-4.003163e-01
1.607323e+03	-3.991325e-01
1.616606e+03	-4.160021e-01
1.625944e+03	-4.256015e-01
1.635335e+03	-4.384763e-01
1.644781e+03	-4.131971e-01
1.654281e+03	-4.360936e-01
1.663836e+03	-4.357837e-01
1.673446e+03	-4.448869e-01
1.683112e+03	-4.444375e-01
1.692834e+03	-4.615456e-01
1.702611e+03	-4.667113e-01
1.712446e+03	-4.490482e-01
1.722337e+03	-4.636909e-01
1.732285e+03	-4.576747e-01
1.742290e+03	-4.935880e-01
1.752354e+03	-4.739536e-01
1.762475e+03	-4.784001e-01
1.772655e+03	-4.870593e-01
1.782894e+03	-4.991706e-01
1.793192e+03	-4.951997e-01
1.803549e+03	-4.988337e-01
1.813967e+03	-5.010099e-01
1.824444e+03	-5.285239e-01
1.834982e+03	-5.385072e-01
1.845581e+03	-5.264421e-01
1.856241e+03	-5.499831e-01
1.866962e+03	-5.288892e-01
1.877746e+03	-5.447746e-01
1.888592e+03	-5.771516e-01
1.899500e+03	-5.748933e-01
1.910472e+03	-5.630881e-01
1.921506e+03	-5.689612e-01
1.932605e+03	-5.634300e-01
1.943768e+03	-5.900908e-01
1.954995e+03	-5.784651e-01
1.966287e+03	-5.977576e-01
1.977644e+03	-6.041985e-01
1.989067e+03	-6.297406e-01
2.000555e+03	-6.048999e-01
2.012110e+03	-6.335068e-01
2.023732e+03	-6.361087e-01
2.035421e+03	-6.442120e-01
2.047178e+03	-6.443116e-01
2.059002e+03	-6.495881e-01
2.070895e+03	-6.720868e-01
2.082856e+03	-6.749314e-01
2.094887e+03	-6.658004e-01
2.106987e+03	-6.877880e-01
2.119157e+03	-6.969176e-01
2.131397e+03	-6.906124e-01
2.143708e+03	-6.824041e-01
2.156090e+03	-7.197972e-01
2.168543e+03	-7.227221e-01
2.181069e+03	-7.316136e-01
2.193666e+03	-7.173798e-01
2.206337e+03	-7.413407e-01
2.219081e+03	-7.470955e-01
2.231898e+03	-7.574219e-01
2.244789e+03	-7.768840e-01
2.257755e+03	-7.829540e-01
2.270796e+03	-7.871487e-01
2.283912e+03	-8.001991e-01
2.297104e+03	-7.795243e-01
2.310372e+03	-7.781532e-01
2.323716e+03	-8.097924e-01
2.337138e+03	-8.331414e-01
2.350637e+03	-8.398391e-01
2.364214e+03	-8.551655e-01
2.377870e+03	-8.409204e-01
2.391604e+03	-8.615897e-01
2.405418e+03	-8.710502e-01
2.419312e+03	-8.687464e-01
2.433286e+03	-8.871807e-01
2.447340e+03	-8.864659e-01
2.461476e+03	-9.113320e-01
2.475693e+03	-9.196725e-01
2.489993e+03	-9.342345e-01
2.504375e+03	-9.260619e-01
2.518840e+03	-9.648575e-01
2.533389e+03	-9.441389e-01
2.548022e+03	-9.539373e-01
2.562739e+03	-9.709878e-01
2.577541e+03	-9.905495e-01
2.592429e+03	-9.775205e-01
2.607403e+03	-1.000017e+00
2.622463e+03	-1.013412e+00
2.637610e+03	-1.026608e+00
2.652845e+03	-1.013788e+00
2.668168e+03	-1.048956e+00
2.683579e+03	-1.049566e+00
2.699079e+03	-1.077663e+00
2.714669e+03	-1.088748e+00
2.730349e+03	-1.087440e+00
2.746119e+03	-1.103780e+00
2.761981e+03	-1.107829e+00
2.777934e+03	-1.128187e+00
2.793979e+03	-1.129293e+00
2.810117e+03	-1.141992e+00
2.826348e+03	-1.158164e+00
2.842673e+03	-1.169604e+00
2.859092e+03	-1.183225e+00
2.875606e+03	-1.181198e+00
2.892215e+03	-1.209697e+00
2.908921e+03	-1.219882e+00
2.925722e+03	-1.234037e+00
2.942621e+03	-1.246622e+00
2.959618e+03	-1.260891e+00
2.976712e+03	-1.260628e+00
2.993906e+03	-1.281787e+00
3.011198e+03	-1.289517e+00
3.028591e+03	-1.304558e+00
3.046084e+03	-1.316023e+00
3.063678e+03	-1.329313e+00
3.081374e+03	-1.339882e+00
3.099172e+03	-1.357230e+00
3.117072e+03	-1.368278e+00
3.135076e+03	-1.412921e+00
3.153184e+03	-1.412781e+00
3.171397e+03	-1.425505e+00
3.189715e+03	-1.415884e+00
3.208139e+03	-1.448460e+00
3.226669e+03	-1.448500e+00
3.245306e+03	-1.483309e+00
3.264051e+03	-1.481218e+00
3.282904e+03	-1.509808e+00
3.301866e+03	-1.510960e+00
3.320937e+03	-1.552057e+00
3.340119e+03	-1.542904e+00
3.359411e+03	-1.553056e+00
3.378815e+03	-1.559199e+00
3.398331e+03	-1.592301e+00
3.417959e+03	-1.599454e+00
3.437701e+03	-1.613736e+00
3.457557e+03	-1.635467e+00
3.477528e+03	-1.641860e+00
3.497614e+03	-1.649217e+00
3.517816e+03	-1.680979e+00
3.538135e+03	-1.697616e+00
3.558571e+03	-1.720571e+00
3.579125e+03	-1.748097e+00
3.599798e+03	-1.738672e+00
3.620590e+03	-1.769922e+00
3.641503e+03	-1.775515e+00
3.662536e+03	-1.802001e+00
3.683691e+03	-1.814405e+00
3.704967e+03	-1.819010e+00
3.726367e+03	-1.862229e+00
3.747890e+03	-1.868147e+00
3.769538e+03	-1.893327e+00
3.791311e+03	-1.899881e+00
3.813209e+03	-1.923829e+00
3.835234e+03	-1.947727e+00
3.857386e+03	-1.955235e+00
3.879667e+03	-1.980195e+00
3.902075e+03	-1.983038e+00
3.924614e+03	-2.010549e+00
3.947282e+03	-2.023585e+00
3.970081e+03	-2.063408e+00
3.993012e+03	-2.101347e+00
4.016076e+03	-2.097255e+00
4.039272e+03	-2.106926e+00
4.062603e+03	-2.125316e+00
4.086069e+03	-2.141243e+00
4.109670e+03	-2.157238e+00
4.133407e+03	-2.186570e+00
4.157281e+03	-2.192773e+00
4.181294e+03	-2.229567e+00
4.205445e+03	-2.244836e+00
4.229735e+03	-2.254794e+00
4.254166e+03	-2.290577e+00
4.278738e+03	-2.287138e+00
4.303451e+03	-2.328331e+00
4.328308e+03	-2.333544e+00
4.353308e+03	-2.367721e+00
4.378453e+03	-2.393497e+00
4.403742e+03	-2.400941e+00
4.429178e+03	-2.437022e+00
4.454761e+03	-2.453471e+00
4.480492e+03	-2.467183e+00
4.506371e+03	-2.495529e+00
4.532399e+03	-2.513173e+00
4.558578e+03	-2.540400e+00
4.584908e+03	-2.544268e+00
4.611391e+03	-2.587743e+00
4.638026e+03	-2.598767e+00
4.664815e+03	-2.621294e+00
4.691759e+03	-2.672907e+00
4.718858e+03	-2.688686e+00
4.746114e+03	-2.692829e+00
4.773527e+03	-2.728203e+00
4.801099e+03	-2.753150e+00
4.828830e+03	-2.760137e+00
4.856721e+03	-2.780023e+00
4.884773e+03	-2.804190e+00
4.912988e+03	-2.843782e+00
4.941365e+03	-2.843280e+00
4.969906e+03	-2.890576e+00
4.998612e+03	-2.923867e+00
5.027484e+03	-2.938537e+00
5.056522e+03	-2.957335e+00
5.085729e+03	-2.970681e+00
5.115104e+03	-3.009719e+00
5.144648e+03	-3.025314e+00
5.174363e+03	-3.063817e+00
5.204250e+03	-3.079291e+00
5.234310e+03	-3.112610e+00
5.264543e+03	-3.138855e+00
5.294951e+03	-3.151817e+00
5.325534e+03	-3.193984e+00
5.356294e+03	-3.217699e+00
5.387232e+03	-3.243697e+00
5.418348e+03	-3.275915e+00
5.449645e+03	-3.304905e+00
5.481122e+03	-3.331042e+00
5.512780e+03	-3.343822e+00
5.544622e+03	-3.382596e+00
5.576647e+03	-3.397222e+00
5.608858e+03	-3.425335e+00
5.641254e+03	-3.458749e+00
5.673838e+03	-3.489421e+00
5.706610e+03	-3.511411e+00
5.739571e+03	-3.509567e+00
5.772723e+03	-3.581318e+00
5.806066e+03	-3.578494e+00
5.839601e+03	-3.613522e+00
5.873331e+03	-3.632465e+00
5.907255e+03	-3.663212e+00
5.941375e+03	-3.703464e+00
5.975692e+03	-3.742786e+00
6.010207e+03	-3.752628e+00
6.044922e+03	-3.782074e+00
6.079837e+03	-3.832673e+00
6.114954e+03	-3.854645e+00
6.150274e+03	-3.881494e+00
6.185797e+03	-3.902111e+00
6.221526e+03	-3.940007e+00
6.257462e+03	-3.953488e+00
6.293605e+03	-4.006661e+00
6.329956e+03	-4.021584e+00
6.366518e+03	-4.042622e+00
6.403290e+03	-4.073441e+00
6.440276e+03	-4.115538e+00
6.477474e+03	-4.149412e+00
6.514888e+03	-4.165218e+00
6.552518e+03	-4.189925e+00
6.590365e+03	-4.240305e+00
6.628430e+03	-4.277934e+00
6.666716e+03	-4.306755e+00
6.705223e+03	-4.334660e+00
6.743952e+03	-4.372254e+00
6.782905e+03	-4.393268e+00
6.822082e+03	-4.431486e+00
6.861486e+03	-4.456646e+00
6.901118e+03	-4.487404e+00
6.940979e+03	-4.518571e+00
6.981069e+03	-4.559172e+00
7.021392e+03	-4.588304e+00
7.061947e+03	-4.613719e+00
7.102737e+03	-4.654162e+00
7.143762e+03	-4.686094e+00
7.185024e+03	-4.728568e+00
7.226524e+03	-4.745117e+00
7.268264e+03	-4.786399e+00
7.310246e+03	-4.823074e+00
7.352469e+03	-4.864035e+00
7.394937e+03	-4.891982e+00
7.437650e+03	-4.931887e+00
7.480609e+03	-4.955866e+00
7.523817e+03	-4.982226e+00
7.567274e+03	-5.036544e+00
7.610982e+03	-5.052516e+00
7.654943e+03	-5.067430e+00
7.699158e+03	-5.120220e+00
7.743628e+03	-5.142426e+00
7.788355e+03	-5.180923e+00
7.833340e+03	-5.208959e+00
7.878585e+03	-5.270122e+00
7.924091e+03	-5.298208e+00
7.969861e+03	-5.338589e+00
8.015894e+03	-5.375340e+00
8.062194e+03	-5.407776e+00
8.108761e+03	-5.433814e+00
8.155596e+03	-5.476259e+00
8.202703e+03	-5.502991e+00
8.250081e+03	-5.560534e+00
8.297733e+03	-5.592227e+00
8.345661e+03	-5.621770e+00
8.393865e+03	-5.634946e+00
8.442348e+03	-5.688091e+00
8.491110e+03	-5.712530e+00
8.540155e+03	-5.756291e+00
8.589482e+03	-5.775794e+00
8.639095e+03	-5.841789e+00
8.688994e+03	-5.871286e+00
8.739181e+03	-5.906739e+00
8.789658e+03	-5.949575e+00
8.840427e+03	-5.982379e+00
8.891489e+03	-6.029860e+00
8.942846e+03	-6.060740e+00
8.994499e+03	-6.101930e+00
9.046451e+03	-6.139846e+00
9.098703e+03	-6.179036e+00
9.151257e+03	-6.191635e+00
9.204114e+03	-6.236279e+00
9.257277e+03	-6.272739e+00
9.310746e+03	-6.323901e+00
9.364525e+03	-6.360616e+00
9.418614e+03	-6.398238e+00
9.473015e+03	-6.439403e+00
9.527731e+03	-6.475443e+00
9.582763e+03	-6.521448e+00
9.638113e+03	-6.538495e+00
9.693782e+03	-6.602165e+00
9.749773e+03	-6.629297e+00
9.806087e+03	-6.659700e+00
9.862727e+03	-6.715568e+00
9.919693e+03	-6.737746e+00
9.976989e+03	-6.794973e+00
1.003462e+04	-6.804438e+00
1.009258e+04	-6.853971e+00
1.015087e+04	-6.901657e+00
1.020950e+04	-6.923148e+00
1.026847e+04	-6.984179e+00
1.032778e+04	-7.018966e+00
1.038743e+04	-7.063856e+00
1.044743e+04	-7.114290e+00
1.050777e+04	-7.141083e+00
1.056847e+04	-7.167552e+00
1.062951e+04	-7.216423e+00
1.069091e+04	-7.267446e+00
1.075266e+04	-7.282442e+00
1.081476e+04	-7.332563e+00
1.087723e+04	-7.376084e+00
1.094006e+04	-7.413600e+00
1.100324e+04	-7.467512e+00
1.106680e+04	-7.487199e+00
1.113072e+04	-7.541678e+00
1.119501e+04	-7.569159e+00
1.125967e+04	-7.622655e+00
1.132471e+04	-7.660036e+00
1.139012e+04	-7.710691e+00
1.145591e+04	-7.743527e+00
1.152208e+04	-7.803159e+00
1.158863e+04	-7.808708e+00
1.165556e+04	-7.851793e+00
1.172289e+04	-7.889083e+00
1.179060e+04	-7.944905e+00
1.185870e+04	-7.994555e+00
1.192719e+04	-8.015208e+00
1.199608e+04	-8.074414e+00
1.206537e+04	-8.112516e+00
1.213506e+04	-8.162790e+00
1.220515e+04	-8.185948e+00
1.227565e+04	-8.222461e+00
1.234655e+04	-8.272823e+00
1.241787e+04	-8.323674e+00
1.248959e+04	-8.373994e+00
1.256173e+04	-8.429982e+00
1.263429e+04	-8.441569e+00
1.270726e+04	-8.498509e+00
1.278066e+04	-8.525090e+00
1.285448e+04	-8.558055e+00
1.292873e+04	-8.619840e+00
1.300340e+04	-8.648626e+00
1.307851e+04	-8.703360e+00
1.315405e+04	-8.749548e+00
1.323003e+04	-8.786125e+00
1.330644e+04	-8.817220e+00
1.338330e+04	-8.855759e+00
1.346060e+04	-8.908144e+00
1.353835e+04	-8.956618e+00
1.361655e+04	-8.982552e+00
1.369520e+04	-9.034174e+00
1.377430e+04	-9.079432e+00
1.385386e+04	-9.138124e+00
1.393388e+04	-9.175251e+00
1.401436e+04	-9.201434e+00
1.409531e+04	-9.260031e+00
1.417672e+04	-9.300588e+00
1.425861e+04	-9.332350e+00
1.434096e+04	-9.387443e+00
1.442379e+04	-9.423713e+00
1.450711e+04	-9.476255e+00
1.459090e+04	-9.507163e+00
1.467518e+04	-9.562756e+00
1.475994e+04	-9.607799e+00
1.484519e+04	-9.647774e+00
1.493094e+04	-9.689658e+00
1.501718e+04	-9.716411e+00
1.510392e+04	-9.764579e+00
1.519116e+04	-9.799581e+00
1.527890e+04	-9.859692e+00
1.536715e+04	-9.905019e+00
1.545591e+04	-9.939849e+00
1.554518e+04	-9.978680e+00
1.563497e+04	-1.002274e+01
1.572528e+04	-1.008653e+01
1.581611e+04	-1.011750e+01
1.590746e+04	-1.016483e+01
1.599934e+04	-1.023715e+01
1.609175e+04	-1.025272e+01
1.618470e+04	-1.027168e+01
1.627818e+04	-1.033689e+01
1.637220e+04	-1.037164e+01
1.646677e+04	-1.043042e+01
1.656188e+04	-1.048559e+01
1.665754e+04	-1.051393e+01
1.675375e+04	-1.055509e+01
1.685052e+04	-1.059812e+01
1.694785e+04	-1.064488e+01
1.704574e+04	-1.068069e+01
1.714419e+04	-1.073343e+01
1.724322e+04	-1.076356e+01
1.734281e+04	-1.081393e+01
1.744299e+04	-1.087889e+01
1.754374e+04	-1.092487e+01
1.764507e+04	-1.092555e+01
1.774698e+04	-1.101278e+01
1.784949e+04	-1.104472e+01
1.795259e+04	-1.109403e+01
1.805628e+04	-1.114354e+01
1.816057e+04	-1.117222e+01
1.826547e+04	-1.122289e+01
1.837097e+04	-1.124837e+01
1.847708e+04	-1.131097e+01
1.858380e+04	-1.133700e+01
1.869114e+04	-1.139247e+01
1.879910e+04	-1.143297e+01
1.890768e+04	-1.149933e+01
1.901689e+04	-1.154097e+01
1.912673e+04	-1.156721e+01
1.923721e+04	-1.162414e+01
1.934832e+04	-1.166236e+01
1.946008e+04	-1.170921e+01
1.957248e+04	-1.175199e+01
1.968553e+04	-1.179401e+01
1.979923e+04	-1.184364e+01
1.991359e+04	-1.189929e+01
2.002861e+04	-1.191649e+01
2.014430e+04	-1.198292e+01
2.026065e+04	-1.201610e+01
2.037767e+04	-1.205778e+01
2.049537e+04	-1.209437e+01
2.061375e+04	-1.214880e+01
2.073282e+04	-1.219615e+01
2.085257e+04	-1.223310e+01
2.097301e+04	-1.227674e+01
2.109415e+04	-1.231587e+01
2.121599e+04	-1.237085e+01
2.133853e+04	-1.239969e+01
2.146178e+04	-1.246035e+01
2.158575e+04	-1.251035e+01
2.171043e+04	-1.252932e+01
2.183582e+04	-1.259255e+01
2.196195e+04	-1.263845e+01
2.208880e+04	-1.268434e+01
2.221638e+04	-1.271439e+01
2.234470e+04	-1.277204e+01
2.247377e+04	-1.282239e+01
2.260357e+04	-1.286791e+01
2.273413e+04	-1.288204e+01
2.286544e+04	-1.294997e+01
2.299751e+04	-1.298882e+01
2.313034e+04	-1.303051e+01
2.326394e+04	-1.309848e+01
2.339832e+04	-1.312649e+01
2.353346e+04	-1.315618e+01
2.366939e+04	-1.320558e+01
2.380610e+04	-1.324150e+01
2.394361e+04	-1.330973e+01
2.408191e+04	-1.334522e+01
2.422100e+04	-1.338968e+01
2.436090e+04	-1.343636e+01
2.450161e+04	-1.346682e+01
2.464313e+04	-1.351687e+01
2.478547e+04	-1.356216e+01
2.492863e+04	-1.358985e+01
2.507261e+04	-1.364694e+01
2.521743e+04	-1.368238e+01
2.536309e+04	-1.372573e+01
2.550958e+04	-1.377816e+01
2.565692e+04	-1.381162e+01
2.580512e+04	-1.385671e+01
2.595417e+04	-1.391332e+01
2.610408e+04	-1.395582e+01
2.625485e+04	-1.400032e+01
2.640650e+04	-1.403570e+01
2.655902e+04	-1.407316e+01
2.671243e+04	-1.412819e+01
2.686672e+04	-1.418018e+01
2.702190e+04	-1.420536e+01
2.717798e+04	-1.425369e+01
2.733495e+04	-1.430397e+01
2.749284e+04	-1.432805e+01
2.765164e+04	-1.438127e+01
2.781135e+04	-1.443050e+01
2.797199e+04	-1.446395e+01
2.813355e+04	-1.451527e+01
2.829605e+04	-1.455387e+01
2.845949e+04	-1.461244e+01
2.862387e+04	-1.465291e+01
2.878920e+04	-1.469841e+01
2.895549e+04	-1.471635e+01
2.912273e+04	-1.478133e+01
2.929094e+04	-1.480278e+01
2.946013e+04	-1.487357e+01
2.963029e+04	-1.490133e+01
2.980143e+04	-1.494663e+01
2.997356e+04	-1.500395e+01
3.014669e+04	-1.502914e+01
3.032081e+04	-1.507740e+01
3.049595e+04	-1.512018e+01
3.067209e+04	-1.516496e+01
3.084925e+04	-1.521471e+01
3.102743e+04	-1.522849e+01
3.120665e+04	-1.527417e+01
3.138690e+04	-1.532952e+01
3.156819e+04	-1.536456e+01
3.175052e+04	-1.540977e+01
3.193391e+04	-1.546034e+01
3.211836e+04	-1.550181e+01
3.230388e+04	-1.555769e+01
3.249046e+04	-1.558868e+01
3.267812e+04	-1.562292e+01
3.286687e+04	-1.565659e+01
3.305671e+04	-1.571736e+01
3.324764e+04	-1.575445e+01
3.343968e+04	-1.579028e+01
3.363283e+04	-1.583218e+01
3.382709e+04	-1.587503e+01
3.402247e+04	-1.591402e+01
3.421899e+04	-1.593486e+01
3.441663e+04	-1.598761e+01
3.461542e+04	-1.602153e+01
3.481536e+04	-1.607493e+01
3.501645e+04	-1.611732e+01
3.521871e+04	-1.615730e+01
3.542213e+04	-1.617316e+01
3.562672e+04	-1.623419e+01
3.583250e+04	-1.627926e+01
3.603947e+04	-1.632270e+01
3.624763e+04	-1.636612e+01
3.645700e+04	-1.639200e+01
3.666757e+04	-1.644192e+01
3.687936e+04	-1.647158e+01
3.709238e+04	-1.650044e+01
3.730662e+04	-1.655100e+01
3.752210e+04	-1.660250e+01
3.773883e+04	-1.664270e+01
3.795680e+04	-1.668059e+01
3.817604e+04	-1.670279e+01
3.839654e+04	-1.675489e+01
3.861832e+04	-1.680575e+01
3.884138e+04	-1.683887e+01
3.906573e+04	-1.686493e+01
3.929137e+04	-1.691906e+01
3.951831e+04	-1.694613e+01
3.974657e+04	-1.698320e+01
3.997614e+04	-1.702478e+01
4.020704e+04	-1.706296e+01
4.043928e+04	-1.710803e+01
4.067285e+04	-1.713872e+01
4.090778e+04	-1.718111e+01
4.114406e+04	-1.721094e+01
4.138171e+04	-1.726422e+01
4.162073e+04	-1.728706e+01
4.186113e+04	-1.732459e+01
4.210291e+04	-1.736628e+01
4.234610e+04	-1.739110e+01
4.259069e+04	-1.742883e+01
4.283669e+04	-1.746917e+01
4.308411e+04	-1.748686e+01
4.333297e+04	-1.754414e+01
4.358325e+04	-1.758439e+01
4.383499e+04	-1.762340e+01
4.408818e+04	-1.765945e+01
4.434283e+04	-1.768749e+01
4.459895e+04	-1.772743e+01
4.485655e+04	-1.773892e+01
4.511564e+04	-1.779624e+01
4.537623e+04	-1.783407e+01
4.563832e+04	-1.787410e+01
4.590193e+04	-1.790477e+01
4.616705e+04	-1.794220e+01
4.643371e+04	-1.796410e+01
4.670191e+04	-1.800054e+01
4.697166e+04	-1.804423e+01
4.724297e+04	-1.806825e+01
4.751584e+04	-1.810566e+01
4.779029e+04	-1.814187e+01
4.806633e+04	-1.817501e+01
4.834395e+04	-1.821173e+01
4.862319e+04	-1.824294e+01
4.890403e+04	-1.827796e+01
4.918650e+04	-1.831493e+01
4.947060e+04	-1.833232e+01
4.975634e+04	-1.836964e+01
5.004373e+04	-1.839634e+01
5.033278e+04	-1.844815e+01
5.062350e+04	-1.846853e+01
5.091590e+04	-1.850155e+01
5.120999e+04	-1.851628e+01
5.150578e+04	-1.855247e+01
5.180327e+04	-1.858635e+01
5.210248e+04	-1.860576e+01
5.240343e+04	-1.864957e+01
5.270611e+04	-1.865111e+01
5.301053e+04	-1.871731e+01
5.331672e+04	-1.873653e+01
5.362468e+04	-1.875779e+01
5.393441e+04	-1.879323e+01
5.424593e+04	-1.882719e+01
5.455926e+04	-1.884531e+01
5.487439e+04	-1.887770e+01
5.519134e+04	-1.891729e+01
5.551012e+04	-1.894576e+01
5.583075e+04	-1.896077e+01
5.615322e+04	-1.898409e+01
5.647756e+04	-1.901882e+01
5.680377e+04	-1.905269e+01
5.713187e+04	-1.906698e+01
5.746186e+04	-1.909275e+01
5.779376e+04	-1.912609e+01
5.812757e+04	-1.914019e+01
5.846332e+04	-1.916155e+01
5.880100e+04	-1.916400e+01
5.914063e+04	-1.920748e+01
5.948222e+04	-1.923890e+01
5.982579e+04	-1.926216e+01
6.017134e+04	-1.929194e+01
6.051889e+04	-1.932704e+01
6.086844e+04	-1.934497e+01
6.122002e+04	-1.938588e+01
6.157362e+04	-1.940070e+01
6.192927e+04	-1.938890e+01
6.228697e+04	-1.943058e+01
6.264674e+04	-1.944782e+01
6.300858e+04	-1.947585e+01
6.337252e+04	-1.948663e+01
6.373855e+04	-1.949893e+01
6.410670e+04	-1.949879e+01
6.447698e+04	-1.952782e+01
6.484940e+04	-1.955276e+01
6.522397e+04	-1.959988e+01
6.560070e+04	-1.960311e+01
6.597960e+04	-1.961740e+01
6.636070e+04	-1.962840e+01
6.674400e+04	-1.964734e+01
6.712951e+04	-1.965204e+01
6.751724e+04	-1.968650e+01
6.790722e+04	-1.969277e+01
6.829945e+04	-1.970081e+01
6.869395e+04	-1.971031e+01
6.909072e+04	-1.972709e+01
6.948978e+04	-1.974440e+01
6.989115e+04	-1.975274e+01
7.029484e+04	-1.975229e+01
7.070086e+04	-1.977825e+01
7.110923e+04	-1.978307e+01
7.151995e+04	-1.979443e+01
7.193305e+04	-1.981803e+01
7.234853e+04	-1.982485e+01
7.276641e+04	-1.983196e+01
7.318671e+04	-1.984115e+01
7.360943e+04	-1.986430e+01
7.403460e+04	-1.985567e+01
7.446222e+04	-1.984962e+01
7.489231e+04	-1.985934e+01
7.532488e+04	-1.984782e+01
7.575996e+04	-1.990648e+01
7.619754e+04	-1.987708e+01
7.663766e+04	-1.989838e+01
7.708031e+04	-1.988750e+01
7.752553e+04	-1.988360e+01
7.797331e+04	-1.988912e+01
7.842368e+04	-1.988122e+01
7.887665e+04	-1.988951e+01
7.933224e+04	-1.988732e+01
7.979046e+04	-1.988565e+01
8.025133e+04	-1.990191e+01
8.071486e+04	-1.987654e+01
8.118106e+04	-1.988455e+01
8.164996e+04	-1.988845e+01
8.212157e+04	-1.989038e+01
8.259590e+04	-1.987282e+01
8.307297e+04	-1.985452e+01
8.355279e+04	-1.985177e+01
8.403539e+04	-1.986017e+01
8.452078e+04	-1.984881e+01
8.500897e+04	-1.981935e+01
8.549997e+04	-1.980179e+01
8.599382e+04	-1.980852e+01
8.649052e+04	-1.978983e+01
8.699008e+04	-1.977952e+01
8.749253e+04	-1.976860e+01
8.799789e+04	-1.974327e+01
8.850616e+04	-1.972616e+01
8.901737e+04	-1.968676e+01
8.953153e+04	-1.969941e+01
9.004866e+04	-1.967292e+01
9.056877e+04	-1.965142e+01
9.109190e+04	-1.961548e+01
9.161804e+04	-1.961020e+01
9.214722e+04	-1.958110e+01
9.267946e+04	-1.954402e+01
9.321477e+04	-1.951698e+01
9.375318e+04	-1.948379e+01
9.429469e+04	-1.947772e+01
9.483933e+04	-1.944970e+01
9.538712e+04	-1.940149e+01
9.593807e+04	-1.937660e+01
9.649221e+04	-1.933754e+01
9.704954e+04	-1.931056e+01
9.761010e+04	-1.925827e+01
9.817389e+04	-1.919938e+01
9.874094e+04	-1.916935e+01
9.931126e+04	-1.913011e+01
9.988488e+04	-1.909332e+01
1.004618e+05	-1.902538e+01
1.010421e+05	-1.901452e+01
1.016257e+05	-1.894173e+01
1.022127e+05	-1.890111e+01
1.028031e+05	-1.884545e+01
1.033968e+05	-1.879285e+01
1.039941e+05	-1.872105e+01
1.045947e+05	-1.869799e+01
1.051989e+05	-1.861681e+01
1.058065e+05	-1.855263e+01
1.064176e+05	-1.847392e+01
1.070323e+05	-1.840788e+01
1.076505e+05	-1.834280e+01
1.082723e+05	-1.829269e+01
1.088977e+05	-1.819755e+01
1.095266e+05	-1.814168e+01
1.101593e+05	-1.805298e+01
1.107955e+05	-1.795478e+01
1.114355e+05	-1.789432e+01
1.120791e+05	-1.780585e+01
1.127265e+05	-1.770876e+01
1.133776e+05	-1.761801e+01
1.140325e+05	-1.750650e+01
1.146911e+05	-1.740881e+01
1.153536e+05	-1.731686e+01
1.160198e+05	-1.722125e+01
1.166900e+05	-1.710967e+01
1.173640e+05	-1.700703e+01
1.180419e+05	-1.688243e+01
1.187237e+05	-1.676169e+01
1.194094e+05	-1.664912e+01
1.200991e+05	-1.650746e+01
1.207928e+05	-1.637338e+01
1.214905e+05	-1.622991e+01
1.221922e+05	-1.607869e+01
1.228980e+05	-1.594995e+01
1.236078e+05	-1.579980e+01
1.243218e+05	-1.564440e+01
1.250399e+05	-1.546582e+01
1.257621e+05	-1.528937e+01
1.264885e+05	-1.512226e+01
1.272191e+05	-1.493734e+01
1.279539e+05	-1.475147e+01
1.286930e+05	-1.456879e+01
1.294363e+05	-1.436765e+01
1.301839e+05	-1.412036e+01
1.309358e+05	-1.393986e+01
1.316921e+05	-1.369761e+01
1.324528e+05	-1.345334e+01
1.332178e+05	-1.323049e+01
1.339873e+05	-1.294391e+01
1.347612e+05	-1.270426e+01
1.355395e+05	-1.241583e+01
1.363224e+05	-1.210670e+01
1.371098e+05	-1.181443e+01
1.379018e+05	-1.149660e+01
1.386983e+05	-1.112305e+01
1.394994e+05	-1.078511e+01
1.403051e+05	-1.042075e+01
1.411155e+05	-1.002778e+01
1.419306e+05	-9.611226e+00
1.427504e+05	-9.176587e+00
1.435749e+05	-8.712842e+00
1.444042e+05	-8.206877e+00
1.452383e+05	-7.711780e+00
1.460772e+05	-7.166684e+00
1.469209e+05	-6.573914e+00
1.477695e+05	-5.958824e+00
1.486230e+05	-5.298670e+00
1.494814e+05	-4.613693e+00
1.503448e+05	-3.891947e+00
1.512132e+05	-3.132169e+00
1.520866e+05	-2.406321e+00
1.529651e+05	-1.637278e+00
1.538486e+05	-9.582379e-01
1.547372e+05	-4.344486e-01
1.556310e+05	-6.135299e-02
1.565299e+05	1.893217e-03
1.574340e+05	-2.090551e-01
1.583433e+05	-6.308922e-01
1.592579e+05	-1.271068e+00
1.601778e+05	-2.020643e+00
1.611030e+05	-2.810630e+00
1.620335e+05	-3.634997e+00
1.629694e+05	-4.413933e+00
1.639107e+05	-5.207068e+00
1.648574e+05	-5.931716e+00
1.658097e+05	-6.624536e+00
1.667674e+05	-7.286560e+00
1.677306e+05	-7.898115e+00
1.686994e+05	-8.495891e+00
1.696738e+05	-9.076521e+00
1.706538e+05	-9.589130e+00
1.716395e+05	-1.010877e+01
1.726309e+05	-1.059594e+01
1.736280e+05	-1.103986e+01
1.746309e+05	-1.149026e+01
1.756395e+05	-1.190881e+01
1.766540e+05	-1.229119e+01
1.776744e+05	-1.267760e+01
1.787006e+05	-1.303816e+01
1.797328e+05	-1.339635e+01
1.807709e+05	-1.372253e+01
1.818150e+05	-1.404623e+01
1.828652e+05	-1.435047e+01
1.839214e+05	-1.466731e+01
1.849837e+05	-1.493865e+01
1.860522e+05	-1.519055e+01
1.871268e+05	-1.547489e+01
1.882077e+05	-1.572450e+01
1.892948e+05	-1.595402e+01
1.903881e+05	-1.620543e+01
1.914878e+05	-1.645230e+01
1.925938e+05	-1.665240e+01
1.937062e+05	-1.685569e+01
1.948251e+05	-1.704676e+01
1.959504e+05	-1.725919e+01
1.970822e+05	-1.742384e+01
1.982205e+05	-1.761071e+01
1.993654e+05	-1.778232e+01
2.005169e+05	-1.793376e+01
2.016751e+05	-1.810531e+01
2.028400e+05	-1.825002e+01
2.040116e+05	-1.838524e+01
2.051899e+05	-1.854504e+01
2.063751e+05	-1.867394e+01
2.075671e+05	-1.881180e+01
2.087660e+05	-1.890202e+01
2.099719e+05	-1.902496e+01
2.111846e+05	-1.914242e+01
2.124044e+05	-1.924431e+01
2.136313e+05	-1.932977e+01
2.148652e+05	-1.942659e+01
2.161063e+05	-1.950396e+01
2.173545e+05	-1.959955e+01
2.186099e+05	-1.965069e+01
2.198726e+05	-1.973846e+01
2.211426e+05	-1.978485e+01
2.224199e+05	-1.984405e+01
2.237046e+05	-1.989115e+01
2.249967e+05	-1.994027e+01
2.262962e+05	-1.998366e+01
2.276033e+05	-2.000675e+01
2.289179e+05	-2.003429e+01
2.302402e+05	-2.005564e+01
2.315700e+05	-2.005129e+01
2.329076e+05	-2.005798e+01
2.342528e+05	-2.006417e+01
2.356059e+05	-2.003945e+01
2.369667e+05	-2.002828e+01
2.383354e+05	-2.001222e+01
2.397120e+05	-1.998262e+01
2.410966e+05	-1.993788e+01
2.424892e+05	-1.989997e+01
2.438898e+05	-1.985840e+01
2.452985e+05	-1.977372e+01
2.467153e+05	-1.969985e+01
2.481403e+05	-1.962610e+01
2.495736e+05	-1.955462e+01
2.510151e+05	-1.943718e+01
2.524650e+05	-1.932116e+01
2.539232e+05	-1.923115e+01
2.553898e+05	-1.909803e+01
2.568650e+05	-1.896037e+01
2.583486e+05	-1.879883e+01
2.598408e+05	-1.862279e+01
2.613416e+05	-1.844383e+01
2.628511e+05	-1.826229e+01
2.643694e+05	-1.805751e+01
2.658963e+05	-1.784478e+01
2.674321e+05	-1.759949e+01
2.689768e+05	-1.735591e+01
2.705304e+05	-1.706782e+01
2.720930e+05	-1.677826e+01
2.736646e+05	-1.645185e+01
2.752453e+05	-1.612766e+01
2.768351e+05	-1.575400e+01
2.784341e+05	-1.536099e+01
2.800423e+05	-1.493796e+01
2.816598e+05	-1.447237e+01
2.832867e+05	-1.396121e+01
2.849229e+05	-1.344328e+01
2.865686e+05	-1.282167e+01
2.882238e+05	-1.217907e+01
2.898886e+05	-1.146781e+01
2.915630e+05	-1.065898e+01
2.932470e+05	-9.776243e+00
2.949408e+05	-8.786705e+00
2.966444e+05	-7.663543e+00
2.983578e+05	-6.392125e+00
3.000811e+05	-4.956555e+00
3.018143e+05	-3.432835e+00
3.035576e+05	-1.761161e+00
3.053109e+05	-4.473310e-01
3.070744e+05	-6.245899e-02
3.088481e+05	-8.576549e-01
3.106320e+05	-2.379011e+00
3.124261e+05	-4.097575e+00
3.142307e+05	-5.693099e+00
3.160457e+05	-7.123573e+00
3.178712e+05	-8.408460e+00
3.197072e+05	-9.565916e+00
3.215538e+05	-1.057774e+01
3.234111e+05	-1.151026e+01
3.252791e+05	-1.233975e+01
3.271579e+05	-1.308585e+01
3.290475e+05	-1.377547e+01
3.309481e+05	-1.440587e+01
3.328596e+05	-1.499948e+01
3.347822e+05	-1.554746e+01
3.367159e+05	-1.604598e+01
3.386608e+05	-1.649112e+01
3.406169e+05	-1.692128e+01
3.425842e+05	-1.731720e+01
3.445630e+05	-1.767842e+01
3.465532e+05	-1.801287e+01
3.485549e+05	-1.833014e+01
3.505681e+05	-1.862403e+01
3.525930e+05	-1.890945e+01
3.546295e+05	-1.913114e+01
3.566778e+05	-1.936685e+01
3.587380e+05	-1.955809e+01
3.608101e+05	-1.975824e+01
3.628941e+05	-1.989528e+01
3.649901e+05	-2.004182e+01
3.670983e+05	-2.019121e+01
3.692187e+05	-2.027575e+01
3.713513e+05	-2.035254e+01
3.734962e+05	-2.040972e+01
3.756535e+05	-2.047328e+01
3.778232e+05	-2.051213e+01
3.800055e+05	-2.048339e+01
3.822004e+05	-2.047940e+01
3.844080e+05	-2.044843e+01
3.866283e+05	-2.038665e+01
3.888615e+05	-2.032536e+01
3.911075e+05	-2.020220e+01
3.933665e+05	-2.007596e+01
3.956386e+05	-1.990799e+01
3.979238e+05	-1.973402e+01
4.002222e+05	-1.953847e+01
4.025338e+05	-1.928889e+01
4.048589e+05	-1.900014e+01
4.071973e+05	-1.868885e+01
4.095493e+05	-1.834155e+01
4.119148e+05	-1.795914e+01
4.142940e+05	-1.750150e+01
4.166870e+05	-1.700597e+01
4.190937e+05	-1.643604e+01
4.215144e+05	-1.582423e+01
4.239490e+05	-1.509976e+01
4.263978e+05	-1.429382e+01
4.288606e+05	-1.333871e+01
4.313377e+05	-1.226771e+01
4.338291e+05	-1.099473e+01
4.363349e+05	-9.476616e+00
4.388551e+05	-7.632527e+00
4.413899e+05	-5.382871e+00
4.439394e+05	-2.719183e+00
4.465035e+05	-2.646003e-01
4.490825e+05	-3.916084e-01
4.516764e+05	-2.975235e+00
4.542853e+05	-5.743211e+00
4.569092e+05	-8.048129e+00
4.595483e+05	-9.918634e+00
4.622026e+05	-1.147512e+01
4.648723e+05	-1.282147e+01
4.675574e+05	-1.397496e+01
4.702580e+05	-1.495022e+01
4.729742e+05	-1.584037e+01
4.757060e+05	-1.660688e+01
4.784537e+05	-1.729905e+01
4.812172e+05	-1.788889e+01
4.839967e+05	-1.841233e+01
4.867923e+05	-1.888920e+01
4.896040e+05	-1.930308e+01
4.924319e+05	-1.966049e+01
4.952762e+05	-1.997787e+01
4.981369e+05	-2.023580e+01
5.010141e+05	-2.045421e+01
5.039079e+05	-2.060283e+01
5.068185e+05	-2.074099e+01
5.097458e+05	-2.079950e+01
5.126901e+05	-2.084582e+01
5.156514e+05	-2.082818e+01
5.186298e+05	-2.077759e+01
5.216253e+05	-2.065588e+01
5.246382e+05	-2.048356e+01
5.276685e+05	-2.026251e+01
5.307163e+05	-1.997656e+01
5.337817e+05	-1.962030e+01
5.368648e+05	-1.919664e+01
5.399657e+05	-1.870523e+01
5.430845e+05	-1.807330e+01
5.462214e+05	-1.734744e+01
5.493763e+05	-1.650742e+01
5.525495e+05	-1.548231e+01
5.557410e+05	-1.423898e+01
5.589509e+05	-1.271872e+01
5.621794e+05	-1.078888e+01
5.654265e+05	-8.277867e+00
5.686924e+05	-4.870554e+00
5.719772e+05	-8.991370e-01
5.752809e+05	-1.293203e+00
5.786037e+05	-5.416980e+00
5.819457e+05	-8.859638e+00
5.853070e+05	-1.141771e+01
5.886877e+05	-1.342686e+01
5.920879e+05	-1.500593e+01
5.955078e+05	-1.634657e+01
5.989474e+05	-1.743859e+01
6.024069e+05	-1.837755e+01
6.058864e+05	-1.912188e+01
6.093860e+05	-1.981087e+01
6.129058e+05	-2.032742e+01
6.164459e+05	-2.077263e+01
6.200064e+05	-2.112351e+01
6.235876e+05	-2.138339e+01
6.271894e+05	-2.154171e+01
6.308120e+05	-2.163068e+01
6.344555e+05	-2.162058e+01
6.381201e+05	-2.149654e+01
6.418059e+05	-2.129729e+01
6.455129e+05	-2.099304e+01
6.492414e+05	-2.056773e+01
6.529914e+05	-2.002433e+01
6.567630e+05	-1.927954e+01
6.605565e+05	-1.837808e+01
6.643718e+05	-1.720613e+01
6.682092e+05	-1.569939e+01
6.720688e+05	-1.375772e+01
6.759506e+05	-1.106271e+01
6.798549e+05	-7.074293e+00
6.837817e+05	-1.261471e+00
6.877312e+05	-2.797170e+00
6.917035e+05	-8.439477e+00
6.956987e+05	-1.218607e+01
6.997171e+05	-1.476654e+01
7.037586e+05	-1.672167e+01
7.078235e+05	-1.824453e+01
7.119118e+05	-1.941499e+01
7.160238e+05	-2.037759e+01
7.201595e+05	-2.107032e+01
7.243191e+05	-2.161084e+01
7.285028e+05	-2.196257e+01
7.327106e+05	-2.215157e+01
7.369427e+05	-2.215632e+01
7.411992e+05	-2.201270e+01
7.454804e+05	-2.168724e+01
7.497862e+05	-2.111219e+01
7.541170e+05	-2.028017e+01
7.584727e+05	-1.913884e+01
7.628536e+05	-1.755950e+01
7.672598e+05	-1.531530e+01
7.716915e+05	-1.190279e+01
7.761488e+05	-5.971757e+00
7.806318e+05	-5.548675e-01
7.851407e+05	-9.107171e+00
7.896756e+05	-1.399330e+01
7.942367e+05	-1.707742e+01
7.988242e+05	-1.923954e+01
8.034382e+05	-2.081748e+01
8.080788e+05	-2.195901e+01
8.127463e+05	-2.277027e+01
8.174406e+05	-2.329313e+01
8.221621e+05	-2.351073e+01
8.269109e+05	-2.345009e+01
8.316871e+05	-2.307688e+01
8.364909e+05	-2.235391e+01
8.413225e+05	-2.117170e+01
8.461819e+05	-1.936090e+01
8.510694e+05	-1.656224e+01
8.559852e+05	-1.162308e+01
8.609293e+05	-4.150530e-01
8.659020e+05	-9.635076e+00
8.709034e+05	-1.599978e+01
8.759337e+05	-1.951821e+01
8.809931e+05	-2.178723e+01
8.860816e+05	-2.328179e+01
8.911996e+05	-2.423144e+01
8.963471e+05	-2.467295e+01
9.015244e+05	-2.463563e+01
9.067316e+05	-2.408122e+01
9.119688e+05	-2.288309e+01
9.172363e+05	-2.079545e+01
9.225342e+05	-1.713015e+01
9.278628e+05	-9.253026e+00
9.332221e+05	-6.757318e+00
9.386123e+05	-1.649690e+01
9.440337e+05	-2.067880e+01
9.494864e+05	-2.297612e+01
9.549706e+05	-2.412116e+01
9.604865e+05	-2.432987e+01
9.660342e+05	-2.349027e+01
9.716140e+05	-2.126197e+01
9.772260e+05	-1.619259e+01
9.828704e+05	1.230694e-01
9.885474e+05	-1.734566e+01
9.942572e+05	-2.309138e+01
1.000000e+06	-2.598554e+01
