Frequency(Hz)	Magnitude(dB)
1.000000e+01	2.014567e-02
1.005776e+01	6.940126e-03
1.011585e+01	-1.709930e-02
1.017428e+01	1.369992e-02
1.023305e+01	-1.257671e-02
1.029215e+01	7.661812e-04
1.035160e+01	-2.372532e-03
1.041139e+01	-1.380769e-02
1.047153e+01	-7.246083e-03
1.053201e+01	4.664004e-03
1.059284e+01	4.476684e-03
1.065403e+01	-4.449932e-03
1.071556e+01	4.575078e-03
1.077746e+01	7.988451e-03
1.083971e+01	-2.915084e-03
1.090232e+01	-8.953017e-03
1.096529e+01	-1.311453e-02
1.102862e+01	1.679420e-03
1.109232e+01	1.339037e-03
1.115639e+01	3.551013e-04
1.122083e+01	7.651357e-03
1.128564e+01	1.174598e-02
1.135083e+01	-1.203670e-02
1.141639e+01	-1.755295e-02
1.148233e+01	1.028489e-02
1.154865e+01	-1.207775e-02
1.161536e+01	1.272787e-04
1.168245e+01	3.784177e-03
1.174992e+01	1.159298e-02
1.181779e+01	-3.051643e-03
1.188605e+01	-1.822034e-02
1.195470e+01	-1.448454e-02
1.202375e+01	-1.038948e-02
1.209320e+01	1.713375e-04
1.216305e+01	1.405032e-02
1.223330e+01	-1.286628e-03
1.230396e+01	-1.180617e-02
1.237503e+01	-4.231108e-03
1.244651e+01	3.120452e-02
1.251840e+01	-1.207934e-02
1.259070e+01	-2.245668e-03
1.266343e+01	2.470445e-03
1.273657e+01	-4.117594e-03
1.281014e+01	2.539815e-03
1.288413e+01	-3.612001e-03
1.295855e+01	-8.015990e-03
1.303339e+01	7.260001e-04
1.310867e+01	1.464087e-02
1.318439e+01	-7.596687e-04
1.326054e+01	5.122112e-03
1.333713e+01	-1.768550e-03
1.341417e+01	4.638571e-03
1.349165e+01	-1.793126e-03
1.356958e+01	-1.512778e-02
1.364795e+01	1.134412e-02
1.372678e+01	5.480559e-03
1.380607e+01	-3.401669e-03
1.388581e+01	-1.453667e-02
1.396602e+01	6.313185e-03
1.404668e+01	1.104344e-02
1.412782e+01	6.942187e-03
1.420942e+01	-1.201967e-02
1.429149e+01	1.099469e-02
1.437404e+01	8.687848e-03
1.445706e+01	-7.712142e-03
1.454057e+01	1.477760e-02
1.462455e+01	-1.674397e-02
1.470902e+01	-6.943407e-03
1.479398e+01	7.345938e-03
1.487943e+01	-1.053578e-02
1.496537e+01	-7.048479e-03
1.505181e+01	-3.328462e-03
1.513875e+01	1.533523e-03
1.522619e+01	4.071244e-03
1.531414e+01	-1.125388e-02
1.540259e+01	-7.671197e-03
1.549156e+01	5.276154e-03
1.558103e+01	-1.177778e-02
1.567103e+01	1.130160e-04
1.576155e+01	-3.588300e-03
1.585258e+01	2.411579e-03
1.594415e+01	-6.510413e-03
1.603624e+01	1.605857e-03
1.612886e+01	1.710451e-03
1.622202e+01	1.072126e-02
1.631572e+01	-5.042979e-03
1.640996e+01	1.244078e-03
1.650474e+01	-1.570009e-03
1.660008e+01	-1.953261e-03
1.669596e+01	-2.676102e-03
1.679239e+01	8.197414e-03
1.688938e+01	-1.295412e-02
1.698694e+01	-4.681651e-03
1.708505e+01	-1.004401e-02
1.718373e+01	-2.247368e-02
1.728299e+01	-1.089868e-02
1.738281e+01	-1.828384e-02
1.748322e+01	6.935982e-03
1.758420e+01	1.232548e-02
1.768576e+01	-1.139957e-02
1.778792e+01	-3.805582e-03
1.789066e+01	-2.520749e-02
1.799399e+01	-1.007001e-02
1.809793e+01	2.692457e-03
1.820246e+01	8.908528e-03
1.830760e+01	1.521380e-02
1.841334e+01	-1.573785e-03
1.851969e+01	-7.569981e-03
1.862666e+01	-2.295285e-02
1.873425e+01	-5.715652e-04
1.884246e+01	-4.658213e-03
1.895129e+01	-2.316203e-02
1.906075e+01	-1.495811e-03
1.917085e+01	-2.551602e-04
1.928158e+01	-5.372129e-03
1.939295e+01	1.225282e-02
1.950496e+01	8.305687e-04
1.961762e+01	1.947525e-02
1.973093e+01	-8.856920e-03
1.984490e+01	-4.975099e-03
1.995952e+01	1.329018e-02
2.007480e+01	1.021859e-02
2.019076e+01	4.682906e-04
2.030738e+01	2.292579e-03
2.042467e+01	-8.671770e-03
2.054264e+01	-1.297163e-02
2.066130e+01	2.147735e-03
2.078064e+01	4.091966e-03
2.090066e+01	-2.788828e-04
2.102139e+01	-9.319083e-04
2.114280e+01	3.268216e-03
2.126492e+01	-1.799237e-02
2.138775e+01	4.647134e-03
2.151128e+01	-3.607880e-03
2.163553e+01	-2.216392e-03
2.176050e+01	-6.350893e-03
2.188619e+01	3.353199e-03
2.201260e+01	9.764978e-03
2.213974e+01	1.802813e-03
2.226762e+01	5.788954e-03
2.239624e+01	-1.430341e-02
2.252560e+01	-1.290665e-02
2.265571e+01	-5.662264e-03
2.278656e+01	1.829364e-03
2.291818e+01	-1.362860e-02
2.305055e+01	1.920032e-02
2.318369e+01	3.265021e-02
2.331760e+01	-1.995467e-03
2.345228e+01	2.076878e-02
2.358774e+01	-1.750108e-03
2.372398e+01	5.221687e-04
2.386101e+01	-1.876571e-03
2.399883e+01	6.072301e-03
2.413745e+01	-2.101762e-02
2.427686e+01	-1.010404e-02
2.441709e+01	4.051467e-03
2.455812e+01	-1.026706e-02
2.469997e+01	-3.096102e-04
2.484263e+01	-1.415850e-02
2.498612e+01	7.708510e-03
2.513044e+01	4.191376e-04
2.527559e+01	8.758025e-03
2.542158e+01	6.235314e-03
2.556842e+01	4.262046e-03
2.571610e+01	9.276501e-03
2.586463e+01	-2.990466e-03
2.601403e+01	-5.429345e-03
2.616428e+01	3.929813e-04
2.631541e+01	1.190899e-02
2.646740e+01	-8.417476e-03
2.662028e+01	-2.387619e-04
2.677404e+01	-1.455958e-02
2.692868e+01	-1.808838e-02
2.708422e+01	5.666817e-03
2.724066e+01	8.438142e-03
2.739800e+01	-1.342866e-02
2.755625e+01	2.667483e-03
2.771541e+01	-7.528438e-03
2.787550e+01	-4.314086e-03
2.803650e+01	-1.096242e-03
2.819844e+01	9.261237e-03
2.836131e+01	-8.608328e-03
2.852513e+01	-2.989123e-03
2.868989e+01	7.637221e-03
2.885560e+01	-1.543131e-02
2.902227e+01	1.245380e-02
2.918990e+01	-4.510911e-03
2.935850e+01	-8.826252e-03
2.952807e+01	7.868709e-05
2.969863e+01	1.032527e-03
2.987016e+01	-8.748289e-04
3.004269e+01	-1.203957e-02
3.021622e+01	6.565869e-03
3.039075e+01	1.226758e-03
3.056628e+01	4.789267e-03
3.074283e+01	-2.457197e-02
3.092040e+01	3.728061e-04
3.109900e+01	-1.280571e-02
3.127862e+01	-7.412639e-03
3.145929e+01	-1.861881e-02
3.164099e+01	7.014348e-03
3.182375e+01	7.181131e-03
3.200756e+01	2.851057e-03
3.219244e+01	-7.353828e-03
3.237838e+01	-6.509856e-03
3.256540e+01	1.467663e-02
3.275349e+01	-2.522985e-03
3.294268e+01	-4.405031e-03
3.313295e+01	-8.406831e-03
3.332433e+01	-7.444439e-03
3.351681e+01	9.578921e-03
3.371040e+01	1.619052e-02
3.390511e+01	9.495482e-03
3.410094e+01	5.190094e-03
3.429791e+01	-2.451547e-03
3.449601e+01	-9.896563e-03
3.469526e+01	-2.197667e-03
3.489566e+01	-6.075125e-03
3.509721e+01	1.333691e-02
3.529993e+01	-5.593605e-03
3.550382e+01	2.939611e-04
3.570889e+01	1.478380e-02
3.591515e+01	9.751085e-04
3.612259e+01	2.508189e-02
3.633123e+01	5.654236e-03
3.654108e+01	8.918329e-03
3.675214e+01	9.139068e-03
3.696442e+01	-5.404357e-05
3.717792e+01	7.889178e-03
3.739266e+01	8.835179e-03
3.760864e+01	2.165793e-03
3.782587e+01	2.569936e-02
3.804435e+01	-2.274854e-02
3.826409e+01	6.910119e-03
3.848510e+01	-5.790499e-03
3.870739e+01	-3.106973e-03
3.893096e+01	-4.984995e-03
3.915583e+01	-7.260449e-03
3.938199e+01	-5.624917e-03
3.960946e+01	-1.093111e-02
3.983824e+01	9.456329e-03
4.006834e+01	5.880008e-04
4.029978e+01	-4.050690e-03
4.053255e+01	1.009101e-02
4.076666e+01	-1.128262e-02
4.100213e+01	-1.016258e-02
4.123896e+01	-1.313178e-02
4.147715e+01	1.018465e-03
4.171672e+01	7.746348e-04
4.195767e+01	3.757405e-02
4.220002e+01	1.302426e-02
4.244377e+01	-2.581223e-03
4.268892e+01	4.250181e-05
4.293549e+01	-2.143783e-03
4.318348e+01	2.272887e-03
4.343291e+01	-1.884837e-02
4.368377e+01	-7.440400e-03
4.393609e+01	-3.604848e-03
4.418986e+01	-1.330303e-04
4.444510e+01	1.401872e-02
4.470182e+01	-2.143801e-03
4.496001e+01	9.221205e-04
4.521970e+01	1.428348e-02
4.548089e+01	-5.124794e-03
4.574358e+01	-1.755641e-02
4.600779e+01	1.649674e-02
4.627353e+01	3.331397e-03
4.654081e+01	-2.173939e-02
4.680963e+01	2.560933e-03
4.708000e+01	3.135287e-04
4.735193e+01	-1.572383e-02
4.762543e+01	-6.309863e-03
4.790051e+01	6.924460e-03
4.817719e+01	-1.684429e-02
4.845545e+01	-2.606061e-03
4.873533e+01	2.093915e-03
4.901682e+01	1.796057e-02
4.929994e+01	9.682769e-03
4.958470e+01	-4.480232e-03
4.987110e+01	-1.566306e-04
5.015915e+01	6.687503e-03
5.044887e+01	-6.111816e-03
5.074026e+01	-1.057242e-02
5.103333e+01	9.716649e-04
5.132810e+01	2.480594e-04
5.162457e+01	1.355397e-02
5.192275e+01	5.780447e-04
5.222265e+01	-2.153901e-02
5.252429e+01	5.345310e-03
5.282767e+01	-1.985929e-02
5.313280e+01	-7.064966e-03
5.343969e+01	1.369853e-02
5.374836e+01	5.379358e-03
5.405880e+01	1.353780e-02
5.437105e+01	-1.314833e-03
5.468509e+01	1.612101e-03
5.500095e+01	1.782630e-03
5.531863e+01	1.163114e-02
5.563815e+01	6.791720e-03
5.595951e+01	1.165828e-02
5.628273e+01	-7.430944e-03
5.660782e+01	-7.201538e-03
5.693479e+01	-8.409451e-04
5.726364e+01	6.602917e-03
5.759439e+01	-9.713548e-03
5.792705e+01	-3.901928e-03
5.826164e+01	-4.643685e-03
5.859815e+01	1.052491e-02
5.893662e+01	-1.218606e-02
5.927703e+01	-1.107034e-02
5.961941e+01	6.087963e-03
5.996377e+01	1.572804e-02
6.031012e+01	9.111919e-03
6.065847e+01	-8.262804e-03
6.100883e+01	-2.728196e-03
6.136121e+01	2.781889e-03
6.171563e+01	-1.236895e-02
6.207210e+01	-1.487076e-02
6.243063e+01	1.112090e-02
6.279122e+01	3.001815e-03
6.315390e+01	1.455530e-02
6.351868e+01	-3.110226e-03
6.388556e+01	-8.041373e-03
6.425456e+01	7.284522e-03
6.462569e+01	-7.969342e-03
6.499897e+01	-1.017431e-03
6.537440e+01	-9.132043e-03
6.575200e+01	-5.092527e-03
6.613178e+01	-1.657301e-03
6.651375e+01	-1.481806e-02
6.689793e+01	3.672203e-03
6.728433e+01	-1.890427e-02
6.767297e+01	-5.976855e-03
6.806384e+01	3.810280e-03
6.845698e+01	8.640690e-03
6.885238e+01	5.422191e-03
6.925007e+01	1.000377e-02
6.965005e+01	5.515528e-03
7.005235e+01	-2.252950e-03
7.045697e+01	-1.138763e-02
7.086393e+01	-1.413325e-02
7.127323e+01	1.288796e-02
7.168490e+01	4.580511e-03
7.209895e+01	3.065117e-03
7.251539e+01	7.500355e-03
7.293424e+01	5.263061e-03
7.335551e+01	4.281730e-03
7.377920e+01	-3.921490e-03
7.420535e+01	8.787164e-03
7.463396e+01	7.766912e-03
7.506504e+01	-6.546884e-03
7.549861e+01	1.268108e-02
7.593469e+01	-3.258157e-03
7.637328e+01	-1.788100e-02
7.681441e+01	-6.201328e-03
7.725809e+01	-1.586595e-02
7.770433e+01	2.215177e-03
7.815315e+01	-8.344471e-03
7.860456e+01	-3.450731e-03
7.905857e+01	6.646788e-03
7.951521e+01	-5.908612e-03
7.997449e+01	9.629070e-03
8.043642e+01	-1.545699e-02
8.090102e+01	-1.391524e-02
8.136830e+01	1.190689e-02
8.183828e+01	-3.760334e-03
8.231097e+01	6.565197e-03
8.278640e+01	1.487889e-02
8.326457e+01	-8.971037e-03
8.374550e+01	-1.589651e-02
8.422921e+01	-6.694877e-03
8.471572e+01	6.035994e-04
8.520503e+01	1.766983e-02
8.569717e+01	2.056655e-02
8.619215e+01	9.875281e-03
8.669000e+01	-9.270363e-03
8.719071e+01	7.766640e-03
8.769432e+01	5.759887e-03
8.820084e+01	1.024500e-03
8.871029e+01	-1.930491e-03
8.922267e+01	4.614437e-03
8.973802e+01	-1.567270e-02
9.025634e+01	2.799498e-03
9.077766e+01	4.052289e-03
9.130199e+01	-6.108530e-03
9.182935e+01	6.990255e-03
9.235975e+01	1.151136e-02
9.289321e+01	-7.178214e-04
9.342976e+01	9.811250e-04
9.396941e+01	1.697461e-02
9.451217e+01	-1.067361e-02
9.505807e+01	4.778113e-03
9.560712e+01	6.892666e-03
9.615934e+01	3.876669e-03
9.671476e+01	6.335544e-03
9.727338e+01	3.496156e-03
9.783522e+01	-1.760897e-02
9.840032e+01	5.688257e-03
9.896867e+01	8.506614e-03
9.954031e+01	3.215285e-03
1.001153e+02	-1.203641e-02
1.006935e+02	-4.116093e-03
1.012751e+02	-2.335889e-03
1.018601e+02	-6.826794e-03
1.024484e+02	-8.662219e-03
1.030402e+02	7.176264e-03
1.036353e+02	4.979209e-03
1.042339e+02	-7.460922e-03
1.048360e+02	3.778002e-03
1.054415e+02	-6.187440e-03
1.060505e+02	1.201108e-02
1.066631e+02	6.474114e-03
1.072791e+02	2.653982e-03
1.078988e+02	-1.779201e-02
1.085220e+02	7.692101e-03
1.091488e+02	7.290411e-03
1.097793e+02	-2.069253e-03
1.104133e+02	-5.336462e-03
1.110511e+02	-2.192016e-02
1.116925e+02	-9.237566e-03
1.123376e+02	-4.833327e-03
1.129865e+02	1.000299e-02
1.136391e+02	2.037433e-03
1.142955e+02	-8.362248e-03
1.149556e+02	-7.100374e-04
1.156196e+02	-3.082652e-03
1.162874e+02	-1.783664e-02
1.169591e+02	3.842318e-03
1.176347e+02	2.588484e-03
1.183141e+02	-8.849702e-03
1.189975e+02	-1.819851e-02
1.196848e+02	4.420434e-03
1.203761e+02	6.253385e-03
1.210714e+02	-8.060043e-03
1.217707e+02	2.315138e-03
1.224740e+02	4.436221e-03
1.231814e+02	-1.748541e-04
1.238929e+02	-1.420593e-02
1.246085e+02	-1.375464e-02
1.253283e+02	1.273526e-02
1.260522e+02	-6.791465e-03
1.267802e+02	-1.728138e-02
1.275125e+02	-1.488013e-02
1.282490e+02	1.517434e-02
1.289898e+02	-1.990390e-02
1.297348e+02	-2.247613e-03
1.304842e+02	1.013937e-03
1.312378e+02	-4.613442e-03
1.319959e+02	-8.719456e-03
1.327583e+02	-9.191031e-03
1.335251e+02	-3.602970e-03
1.342963e+02	-4.324065e-03
1.350720e+02	-1.609881e-03
1.358522e+02	-2.726687e-02
1.366368e+02	-2.285600e-02
1.374260e+02	3.932396e-03
1.382198e+02	-2.584753e-03
1.390182e+02	-6.776220e-03
1.398211e+02	-1.563610e-02
1.406287e+02	-1.377712e-02
1.414410e+02	2.226050e-03
1.422579e+02	-1.770735e-02
1.430796e+02	-1.192832e-02
1.439060e+02	4.842784e-03
1.447372e+02	5.181827e-03
1.455732e+02	1.584786e-02
1.464141e+02	2.574551e-03
1.472597e+02	6.572206e-03
1.481103e+02	-3.024105e-03
1.489658e+02	-2.100257e-02
1.498262e+02	4.515302e-04
1.506916e+02	1.504035e-03
1.515620e+02	5.590254e-04
1.524374e+02	6.085588e-03
1.533179e+02	-5.002135e-03
1.542034e+02	-5.408013e-03
1.550941e+02	-5.765948e-03
1.559899e+02	-2.892312e-03
1.568909e+02	1.392882e-02
1.577971e+02	-1.119117e-02
1.587085e+02	-4.068395e-03
1.596252e+02	4.895107e-03
1.605472e+02	-1.924456e-02
1.614745e+02	-7.663912e-03
1.624072e+02	-2.503790e-03
1.633453e+02	4.913175e-04
1.642887e+02	1.140080e-03
1.652377e+02	6.719544e-03
1.661921e+02	-5.731853e-03
1.671520e+02	2.201079e-04
1.681175e+02	-1.469690e-02
1.690885e+02	4.023849e-03
1.700651e+02	-2.625275e-03
1.710474e+02	-7.197985e-03
1.720354e+02	-7.337903e-05
1.730291e+02	-1.305615e-02
1.740285e+02	-5.671939e-03
1.750337e+02	6.629707e-03
1.760446e+02	7.090502e-03
1.770615e+02	-1.111731e-02
1.780842e+02	-1.521949e-02
1.791128e+02	4.269489e-03
1.801473e+02	-5.639646e-03
1.811878e+02	-8.942751e-03
1.822344e+02	-7.961280e-03
1.832870e+02	-1.919197e-02
1.843456e+02	5.708976e-03
1.854104e+02	2.578343e-03
1.864813e+02	6.411934e-03
1.875584e+02	-1.744385e-02
1.886418e+02	1.681988e-03
1.897313e+02	-2.666622e-03
1.908272e+02	-2.180898e-02
1.919294e+02	8.955993e-04
1.930380e+02	-1.504024e-02
1.941530e+02	-1.000852e-02
1.952744e+02	-2.037162e-02
1.964023e+02	6.761606e-03
1.975367e+02	-5.052486e-03
1.986777e+02	5.629920e-03
1.998252e+02	-8.262751e-03
2.009794e+02	-1.437817e-02
2.021403e+02	-1.195857e-02
2.033078e+02	1.771472e-03
2.044821e+02	-6.788292e-03
2.056632e+02	-1.575204e-02
2.068511e+02	-9.271029e-04
2.080459e+02	3.499961e-03
2.092475e+02	-3.155480e-02
2.104561e+02	-2.446507e-02
2.116717e+02	-7.455507e-03
2.128943e+02	-1.035635e-02
2.141240e+02	1.587636e-03
2.153608e+02	-1.205293e-02
2.166047e+02	-1.146300e-02
2.178558e+02	3.980592e-03
2.191141e+02	-2.444441e-02
2.203797e+02	-1.903461e-02
2.216526e+02	7.484708e-03
2.229329e+02	-9.339652e-03
2.242205e+02	-7.872911e-03
2.255156e+02	4.646233e-03
2.268182e+02	-1.428468e-02
2.281283e+02	-1.203467e-02
2.294459e+02	-1.247802e-02
2.307712e+02	-1.699906e-02
2.321041e+02	-1.482230e-02
2.334447e+02	-7.915729e-03
2.347931e+02	-2.552502e-02
2.361493e+02	-9.085456e-03
2.375133e+02	-1.485211e-02
2.388851e+02	-9.742323e-05
2.402649e+02	-1.968485e-02
2.416527e+02	-9.644129e-03
2.430484e+02	5.065297e-03
2.444523e+02	-2.148888e-02
2.458642e+02	-1.283190e-03
2.472843e+02	6.053875e-03
2.487126e+02	-1.779321e-02
2.501492e+02	1.067169e-02
2.515940e+02	-6.155933e-03
2.530472e+02	-8.580207e-03
2.545088e+02	-1.802613e-02
2.559789e+02	-1.372074e-02
2.574574e+02	1.646697e-02
2.589444e+02	-3.076867e-02
2.604401e+02	-3.023656e-02
2.619444e+02	-1.124888e-02
2.634574e+02	-1.712115e-03
2.649791e+02	-6.059985e-03
2.665096e+02	-9.604128e-03
2.680489e+02	-3.814106e-03
2.695972e+02	-1.259614e-02
2.711544e+02	-1.688649e-02
2.727205e+02	-2.180224e-02
2.742958e+02	-1.559373e-02
2.758801e+02	-1.367381e-02
2.774736e+02	-2.261651e-02
2.790762e+02	-1.384152e-02
2.806882e+02	-3.575507e-02
2.823094e+02	-2.023689e-02
2.839400e+02	-2.467700e-02
2.855800e+02	-2.615489e-02
2.872295e+02	-7.476400e-03
2.888886e+02	-2.324025e-02
2.905572e+02	-7.009062e-03
2.922354e+02	3.428265e-03
2.939234e+02	-1.216281e-02
2.956211e+02	-2.164689e-02
2.973286e+02	-1.716869e-02
2.990459e+02	-1.790625e-02
3.007732e+02	-1.876379e-02
3.025104e+02	-2.450145e-02
3.042577e+02	-4.460449e-03
3.060151e+02	-8.022130e-03
3.077826e+02	-1.913036e-02
3.095604e+02	-5.160698e-03
3.113484e+02	-3.114587e-02
3.131467e+02	-1.848316e-02
3.149554e+02	-1.775449e-02
3.167746e+02	-2.860260e-02
3.186043e+02	5.514231e-03
3.204445e+02	-2.158752e-02
3.222954e+02	-8.340200e-03
3.241570e+02	-2.693606e-02
3.260293e+02	-2.723992e-02
3.279124e+02	-2.490269e-02
3.298064e+02	-8.040115e-03
3.317114e+02	5.088680e-03
3.336273e+02	-2.349233e-02
3.355544e+02	-2.713805e-02
3.374925e+02	-4.451775e-05
3.394418e+02	-8.183824e-03
3.414024e+02	-1.958494e-02
3.433744e+02	-2.498286e-02
3.453577e+02	-2.333541e-02
3.473525e+02	-1.724623e-02
3.493588e+02	-2.684077e-02
3.513766e+02	-1.102848e-02
3.534062e+02	-3.570603e-02
3.554474e+02	-3.346431e-02
3.575005e+02	-1.804822e-02
3.595654e+02	-1.657300e-02
3.616422e+02	-1.260341e-02
3.637311e+02	-1.678450e-02
3.658320e+02	-2.045495e-02
3.679450e+02	-1.335360e-04
3.700702e+02	-2.736316e-02
3.722077e+02	-1.962963e-02
3.743576e+02	-1.148818e-02
3.765199e+02	-2.401959e-02
3.786946e+02	-1.663493e-02
3.808820e+02	-3.514660e-02
3.830819e+02	-1.992409e-02
3.852946e+02	-1.656919e-02
3.875200e+02	-2.113562e-02
3.897583e+02	-3.698470e-02
3.920096e+02	-3.230113e-02
3.942738e+02	-3.641323e-02
3.965511e+02	-1.214368e-02
3.988416e+02	-3.364849e-02
4.011452e+02	-2.713219e-02
4.034622e+02	-3.128926e-02
4.057926e+02	-3.276136e-02
4.081365e+02	-4.471504e-02
4.104938e+02	-2.017089e-02
4.128648e+02	-2.373947e-02
4.152495e+02	-3.082803e-02
4.176480e+02	-2.857435e-02
4.200603e+02	-2.117352e-02
4.224866e+02	-2.990794e-02
4.249268e+02	-2.639439e-02
4.273812e+02	-2.610789e-02
4.298497e+02	-2.974235e-02
4.323325e+02	-3.725697e-02
4.348297e+02	-4.254232e-02
4.373412e+02	-2.682495e-02
4.398673e+02	-3.049673e-02
4.424079e+02	-3.897774e-02
4.449633e+02	-4.550203e-02
4.475334e+02	-2.588821e-02
4.501183e+02	-5.510924e-02
4.527182e+02	-1.806183e-02
4.553330e+02	-4.457849e-02
4.579630e+02	-3.082026e-02
4.606082e+02	-3.984182e-02
4.632687e+02	-2.846343e-02
4.659445e+02	-4.062377e-02
4.686358e+02	-4.569128e-02
4.713426e+02	-2.412185e-02
4.740650e+02	-3.474870e-02
4.768032e+02	-4.283321e-02
4.795572e+02	-2.543565e-02
4.823271e+02	-3.068519e-02
4.851130e+02	-6.574929e-02
4.879150e+02	-5.251932e-02
4.907332e+02	-3.943505e-02
4.935676e+02	-5.012720e-02
4.964185e+02	-4.045632e-02
4.992858e+02	-2.002459e-02
5.021696e+02	-2.564533e-02
5.050701e+02	-4.380119e-02
5.079874e+02	-4.294660e-02
5.109215e+02	-4.898019e-02
5.138726e+02	-5.705753e-02
5.168407e+02	-3.333095e-02
5.198259e+02	-6.010086e-02
5.228284e+02	-1.935236e-02
5.258482e+02	-3.808439e-02
5.288855e+02	-2.391820e-02
5.319403e+02	-4.868113e-02
5.350128e+02	-5.092940e-02
5.381030e+02	-5.185017e-02
5.412111e+02	-3.522203e-02
5.443371e+02	-4.808578e-02
5.474812e+02	-3.251772e-02
5.506434e+02	-4.840487e-02
5.538239e+02	-5.297603e-02
5.570228e+02	-5.560255e-02
5.602401e+02	-4.128463e-02
5.634760e+02	-5.805308e-02
5.667306e+02	-5.992924e-02
5.700040e+02	-4.525368e-02
5.732964e+02	-4.896102e-02
5.766077e+02	-5.478797e-02
5.799382e+02	-6.399312e-02
5.832879e+02	-6.635550e-02
5.866569e+02	-5.679812e-02
5.900454e+02	-4.238169e-02
5.934535e+02	-5.080061e-02
5.968813e+02	-5.073724e-02
6.003288e+02	-6.156067e-02
6.037963e+02	-5.043650e-02
6.072838e+02	-5.403550e-02
6.107914e+02	-6.682737e-02
6.143194e+02	-6.577125e-02
6.178676e+02	-4.266694e-02
6.214364e+02	-5.746826e-02
6.250258e+02	-5.045359e-02
6.286359e+02	-6.933171e-02
6.322669e+02	-3.758566e-02
6.359189e+02	-7.017011e-02
6.395919e+02	-8.311463e-02
6.432862e+02	-5.670800e-02
6.470017e+02	-7.408068e-02
6.507388e+02	-5.820226e-02
6.544974e+02	-6.709461e-02
6.582778e+02	-6.920419e-02
6.620800e+02	-7.216177e-02
6.659041e+02	-8.150922e-02
6.697504e+02	-5.422759e-02
6.736188e+02	-5.278569e-02
6.775096e+02	-6.005018e-02
6.814229e+02	-7.783411e-02
6.853587e+02	-6.766449e-02
6.893173e+02	-7.843408e-02
6.932988e+02	-8.235154e-02
6.973033e+02	-7.734293e-02
7.013309e+02	-7.424211e-02
7.053817e+02	-8.238872e-02
7.094560e+02	-7.620652e-02
7.135538e+02	-7.488560e-02
7.176752e+02	-8.671082e-02
7.218205e+02	-7.771461e-02
7.259897e+02	-8.170177e-02
7.301830e+02	-9.394845e-02
7.344005e+02	-8.079686e-02
7.386424e+02	-8.785191e-02
7.429087e+02	-9.409461e-02
7.471998e+02	-8.715913e-02
7.515155e+02	-8.698522e-02
7.558563e+02	-9.744829e-02
7.602221e+02	-9.903028e-02
7.646131e+02	-8.600617e-02
7.690295e+02	-9.677498e-02
7.734713e+02	-1.036559e-01
7.779389e+02	-8.512721e-02
7.824322e+02	-9.488842e-02
7.869515e+02	-1.059911e-01
7.914969e+02	-9.553628e-02
7.960686e+02	-1.002830e-01
8.006666e+02	-1.000716e-01
8.052912e+02	-1.021170e-01
8.099426e+02	-1.061330e-01
8.146208e+02	-1.065180e-01
8.193260e+02	-1.109412e-01
8.240584e+02	-1.001839e-01
8.288181e+02	-1.011638e-01
8.336053e+02	-1.086412e-01
8.384202e+02	-1.129901e-01
8.432629e+02	-1.245884e-01
8.481335e+02	-1.290660e-01
8.530323e+02	-1.181467e-01
8.579594e+02	-1.355636e-01
8.629149e+02	-1.105817e-01
8.678991e+02	-1.270206e-01
8.729120e+02	-1.407435e-01
8.779539e+02	-1.173188e-01
8.830250e+02	-1.093434e-01
8.881253e+02	-1.371547e-01
8.932551e+02	-1.373200e-01
8.984145e+02	-1.152369e-01
9.036037e+02	-1.275936e-01
9.088229e+02	-1.292733e-01
9.140722e+02	-1.588771e-01
9.193518e+02	-1.395244e-01
9.246620e+02	-1.393861e-01
9.300028e+02	-1.421475e-01
9.353744e+02	-1.422291e-01
9.407771e+02	-1.403665e-01
9.462110e+02	-1.248556e-01
9.516763e+02	-1.444179e-01
9.571731e+02	-1.467460e-01
9.627017e+02	-1.493629e-01
9.682622e+02	-1.642667e-01
9.738549e+02	-1.665107e-01
9.794798e+02	-1.523462e-01
9.851373e+02	-1.420894e-01
9.908274e+02	-1.436230e-01
9.965504e+02	-1.520673e-01
1.002306e+03	-1.683532e-01
1.008096e+03	-1.546166e-01
1.013918e+03	-1.590609e-01
1.019775e+03	-1.658638e-01
1.025665e+03	-1.661832e-01
1.031589e+03	-1.667157e-01
1.037548e+03	-1.852951e-01
1.043540e+03	-1.784756e-01
1.049568e+03	-1.686925e-01
1.055630e+03	-1.770717e-01
1.061727e+03	-1.791859e-01
1.067860e+03	-1.857570e-01
1.074028e+03	-1.919384e-01
1.080231e+03	-1.722346e-01
1.086471e+03	-1.869692e-01
1.092746e+03	-1.937678e-01
1.099058e+03	-1.924381e-01
1.105406e+03	-1.756958e-01
1.111791e+03	-2.029893e-01
1.118212e+03	-2.006886e-01
1.124671e+03	-1.899176e-01
1.131167e+03	-2.032878e-01
1.137701e+03	-1.976434e-01
1.144272e+03	-2.004689e-01
1.150881e+03	-2.228699e-01
1.157529e+03	-2.208454e-01
1.164215e+03	-2.247307e-01
1.170939e+03	-2.146223e-01
1.177702e+03	-2.111577e-01
1.184505e+03	-2.257631e-01
1.191346e+03	-2.213609e-01
1.198227e+03	-2.282959e-01
1.205148e+03	-2.332745e-01
1.212109e+03	-2.248302e-01
1.219110e+03	-2.398771e-01
1.226152e+03	-2.390140e-01
1.233234e+03	-2.531703e-01
1.240357e+03	-2.363583e-01
1.247521e+03	-2.511789e-01
1.254727e+03	-2.525258e-01
1.261974e+03	-2.462361e-01
1.269263e+03	-2.809843e-01
1.276595e+03	-2.562135e-01
1.283968e+03	-2.696366e-01
1.291384e+03	-2.472493e-01
1.298843e+03	-2.673670e-01
1.306345e+03	-2.621886e-01
1.313891e+03	-2.533331e-01
1.321480e+03	-2.891765e-01
1.329113e+03	-2.857015e-01
1.336790e+03	-2.706674e-01
1.344511e+03	-2.765376e-01
1.352277e+03	-2.860387e-01
1.360087e+03	-2.857991e-01
1.367943e+03	-3.013974e-01
1.375844e+03	-2.824832e-01
1.383791e+03	-2.949894e-01
1.391784e+03	-3.045158e-01
1.399823e+03	-3.077101e-01
1.407908e+03	-3.114992e-01
1.416040e+03	-3.059592e-01
1.424219e+03	-3.240889e-01
1.432445e+03	-3.343142e-01
1.440719e+03	-3.205585e-01
1.449041e+03	-3.389059e-01
1.457410e+03	-3.415971e-01
1.465828e+03	-3.486373e-01
1.474295e+03	-3.543815e-01
1.482810e+03	-3.567959e-01
1.491375e+03	-3.540687e-01
1.499989e+03	-3.539373e-01
1.508653e+03	-3.569151e-01
1.517367e+03	-3.567482e-01
1.526131e+03	-3.627730e-01
1.534946e+03	-3.660913e-01
1.543812e+03	-3.467722e-01
1.552729e+03	-3.676362e-01
1.561697e+03	-3.672550e-01
1.570717e+03	-3.904398e-01
1.579790e+03	-4.099193e-01
1.588915e+03	-3.969384e-01
1.598092e+03	-3.984834e-01
1.607323e+03	-4.034983e-01
1.616606e+03	-3.969691e-01
1.625944e+03	-4.083132e-01
1.635335e+03	-4.184612e-01
1.644781e+03	-4.083106e-01
1.654281e+03	-4.112079e-01
1.663836e+03	-4.233746e-01
1.673446e+03	-4.566761e-01
1.683112e+03	-4.504840e-01
1.692834e+03	-4.337030e-01
1.702611e+03	-4.513611e-01
1.712446e+03	-4.710187e-01
1.722337e+03	-4.647753e-01
1.732285e+03	-4.658212e-01
1.742290e+03	-4.857959e-01
1.752354e+03	-4.572306e-01
1.762475e+03	-4.620449e-01
1.772655e+03	-4.902236e-01
1.782894e+03	-5.018594e-01
1.793192e+03	-4.853214e-01
1.803549e+03	-5.091753e-01
1.813967e+03	-5.072117e-01
1.824444e+03	-5.256769e-01
1.834982e+03	-5.071235e-01
1.845581e+03	-5.100294e-01
1.856241e+03	-5.302792e-01
1.866962e+03	-5.309571e-01
1.877746e+03	-5.368635e-01
1.888592e+03	-5.603080e-01
1.899500e+03	-5.623264e-01
1.910472e+03	-5.480341e-01
1.921506e+03	-5.656632e-01
1.932605e+03	-5.647704e-01
1.943768e+03	-5.716865e-01
1.954995e+03	-5.847690e-01
1.966287e+03	-5.862823e-01
1.977644e+03	-6.163203e-01
1.989067e+03	-5.960044e-01
2.000555e+03	-6.116619e-01
2.012110e+03	-6.134122e-01
2.023732e+03	-6.227407e-01
2.035421e+03	-6.112035e-01
2.047178e+03	-6.373978e-01
2.059002e+03	-6.540870e-01
2.070895e+03	-6.547028e-01
2.082856e+03	-6.668799e-01
2.094887e+03	-6.539911e-01
2.106987e+03	-6.417274e-01
2.119157e+03	-6.704383e-01
2.131397e+03	-6.808532e-01
2.143708e+03	-6.943665e-01
2.156090e+03	-6.737546e-01
2.168543e+03	-6.955241e-01
2.181069e+03	-7.056546e-01
2.193666e+03	-7.128211e-01
2.206337e+03	-7.402019e-01
2.219081e+03	-7.460305e-01
2.231898e+03	-7.301995e-01
2.244789e+03	-7.641329e-01
2.257755e+03	-7.630610e-01
2.270796e+03	-7.815356e-01
2.283912e+03	-7.776717e-01
2.297104e+03	-7.789928e-01
2.310372e+03	-7.963819e-01
2.323716e+03	-8.091446e-01
2.337138e+03	-8.055411e-01
2.350637e+03	-8.301042e-01
2.364214e+03	-8.207667e-01
2.377870e+03	-8.338629e-01
2.391604e+03	-8.360665e-01
2.405418e+03	-8.629842e-01
2.419312e+03	-8.337725e-01
2.433286e+03	-8.747358e-01
2.447340e+03	-8.868606e-01
2.461476e+03	-9.074865e-01
2.475693e+03	-8.790393e-01
2.489993e+03	-9.152598e-01
2.504375e+03	-9.166420e-01
2.518840e+03	-9.308844e-01
2.533389e+03	-9.432242e-01
2.548022e+03	-9.652944e-01
2.562739e+03	-9.614335e-01
2.577541e+03	-9.756067e-01
2.592429e+03	-9.764912e-01
2.607403e+03	-9.877025e-01
2.622463e+03	-9.790677e-01
2.637610e+03	-1.013021e+00
2.652845e+03	-1.014450e+00
2.668168e+03	-1.034239e+00
2.683579e+03	-1.040573e+00
2.699079e+03	-1.059393e+00
2.714669e+03	-1.073416e+00
2.730349e+03	-1.067201e+00
2.746119e+03	-1.076648e+00
2.761981e+03	-1.111428e+00
2.777934e+03	-1.094076e+00
2.793979e+03	-1.103727e+00
2.810117e+03	-1.123371e+00
2.826348e+03	-1.134658e+00
2.842673e+03	-1.168846e+00
2.859092e+03	-1.179164e+00
2.875606e+03	-1.190737e+00
2.892215e+03	-1.193172e+00
2.908921e+03	-1.200416e+00
2.925722e+03	-1.227718e+00
2.942621e+03	-1.206388e+00
2.959618e+03	-1.239926e+00
2.976712e+03	-1.231684e+00
2.993906e+03	-1.254544e+00
3.011198e+03	-1.261256e+00
3.028591e+03	-1.289239e+00
3.046084e+03	-1.297176e+00
3.063678e+03	-1.322003e+00
3.081374e+03	-1.311284e+00
3.099172e+03	-1.342527e+00
3.117072e+03	-1.338587e+00
3.135076e+03	-1.370685e+00
3.153184e+03	-1.374051e+00
3.171397e+03	-1.407399e+00
3.189715e+03	-1.413988e+00
3.208139e+03	-1.424310e+00
3.226669e+03	-1.458790e+00
3.245306e+03	-1.454772e+00
3.264051e+03	-1.458821e+00
3.282904e+03	-1.477166e+00
3.301866e+03	-1.502499e+00
3.320937e+03	-1.504179e+00
3.340119e+03	-1.497614e+00
3.359411e+03	-1.536020e+00
3.378815e+03	-1.558427e+00
3.398331e+03	-1.555818e+00
3.417959e+03	-1.554958e+00
3.437701e+03	-1.584380e+00
3.457557e+03	-1.603654e+00
3.477528e+03	-1.626142e+00
3.497614e+03	-1.649022e+00
3.517816e+03	-1.664885e+00
3.538135e+03	-1.676333e+00
3.558571e+03	-1.693987e+00
3.579125e+03	-1.691442e+00
3.599798e+03	-1.731219e+00
3.620590e+03	-1.733867e+00
3.641503e+03	-1.765835e+00
3.662536e+03	-1.772678e+00
3.683691e+03	-1.789261e+00
3.704967e+03	-1.823916e+00
3.726367e+03	-1.832454e+00
3.747890e+03	-1.846714e+00
3.769538e+03	-1.868898e+00
3.791311e+03	-1.865912e+00
3.813209e+03	-1.902787e+00
3.835234e+03	-1.911640e+00
3.857386e+03	-1.940043e+00
3.879667e+03	-1.951487e+00
3.902075e+03	-1.972851e+00
3.924614e+03	-1.993148e+00
3.947282e+03	-2.003239e+00
3.970081e+03	-2.019186e+00
3.993012e+03	-2.039443e+00
4.016076e+03	-2.051757e+00
4.039272e+03	-2.071369e+00
4.062603e+03	-2.094812e+00
4.086069e+03	-2.109694e+00
4.109670e+03	-2.122889e+00
4.133407e+03	-2.157011e+00
4.157281e+03	-2.166477e+00
4.181294e+03	-2.194819e+00
4.205445e+03	-2.222740e+00
4.229735e+03	-2.228045e+00
4.254166e+03	-2.241610e+00
4.278738e+03	-2.272900e+00
4.303451e+03	-2.298467e+00
4.328308e+03	-2.322422e+00
4.353308e+03	-2.330076e+00
4.378453e+03	-2.364419e+00
4.403742e+03	-2.378309e+00
4.429178e+03	-2.411287e+00
4.454761e+03	-2.397330e+00
4.480492e+03	-2.439296e+00
4.506371e+03	-2.470449e+00
4.532399e+03	-2.492469e+00
4.558578e+03	-2.511434e+00
4.584908e+03	-2.535635e+00
4.611391e+03	-2.565871e+00
4.638026e+03	-2.570209e+00
4.664815e+03	-2.602943e+00
4.691759e+03	-2.617338e+00
4.718858e+03	-2.636170e+00
4.746114e+03	-2.672385e+00
4.773527e+03	-2.683869e+00
4.801099e+03	-2.705239e+00
4.828830e+03	-2.732833e+00
4.856721e+03	-2.763694e+00
4.884773e+03	-2.803857e+00
4.912988e+03	-2.807313e+00
4.941365e+03	-2.842598e+00
4.969906e+03	-2.829746e+00
4.998612e+03	-2.863111e+00
5.027484e+03	-2.887751e+00
5.056522e+03	-2.916636e+00
5.085729e+03	-2.937151e+00
5.115104e+03	-2.984426e+00
5.144648e+03	-3.004904e+00
5.174363e+03	-3.034154e+00
5.204250e+03	-3.048902e+00
5.234310e+03	-3.068758e+00
5.264543e+03	-3.113424e+00
5.294951e+03	-3.127031e+00
5.325534e+03	-3.143342e+00
5.356294e+03	-3.169340e+00
5.387232e+03	-3.195846e+00
5.418348e+03	-3.233063e+00
5.449645e+03	-3.242198e+00
5.481122e+03	-3.253322e+00
5.512780e+03	-3.299737e+00
5.544622e+03	-3.321144e+00
5.576647e+03	-3.371276e+00
5.608858e+03	-3.385169e+00
5.641254e+03	-3.382149e+00
5.673838e+03	-3.435835e+00
5.706610e+03	-3.457410e+00
5.739571e+03	-3.492667e+00
5.772723e+03	-3.500177e+00
5.806066e+03	-3.569411e+00
5.839601e+03	-3.582302e+00
5.873331e+03	-3.614313e+00
5.907255e+03	-3.621777e+00
5.941375e+03	-3.648693e+00
5.975692e+03	-3.672829e+00
6.010207e+03	-3.712482e+00
6.044922e+03	-3.727647e+00
6.079837e+03	-3.785854e+00
6.114954e+03	-3.798087e+00
6.150274e+03	-3.819006e+00
6.185797e+03	-3.870914e+00
6.221526e+03	-3.883629e+00
6.257462e+03	-3.915648e+00
6.293605e+03	-3.964856e+00
6.329956e+03	-3.969675e+00
6.366518e+03	-4.009152e+00
6.403290e+03	-4.053578e+00
6.440276e+03	-4.062554e+00
6.477474e+03	-4.115975e+00
6.514888e+03	-4.124928e+00
6.552518e+03	-4.164022e+00
6.590365e+03	-4.200436e+00
6.628430e+03	-4.221053e+00
6.666716e+03	-4.253456e+00
6.705223e+03	-4.288779e+00
6.743952e+03	-4.322925e+00
6.782905e+03	-4.353397e+00
6.822082e+03	-4.388544e+00
6.861486e+03	-4.394726e+00
6.901118e+03	-4.459397e+00
6.940979e+03	-4.493129e+00
6.981069e+03	-4.485478e+00
7.021392e+03	-4.547816e+00
7.061947e+03	-4.581621e+00
7.102737e+03	-4.618387e+00
7.143762e+03	-4.639725e+00
7.185024e+03	-4.673401e+00
7.226524e+03	-4.711066e+00
7.268264e+03	-4.738395e+00
7.310246e+03	-4.774062e+00
7.352469e+03	-4.802280e+00
7.394937e+03	-4.835758e+00
7.437650e+03	-4.871863e+00
7.480609e+03	-4.904050e+00
7.523817e+03	-4.935006e+00
7.567274e+03	-4.974913e+00
7.610982e+03	-5.001401e+00
7.654943e+03	-5.034534e+00
7.699158e+03	-5.079008e+00
7.743628e+03	-5.106724e+00
7.788355e+03	-5.141261e+00
7.833340e+03	-5.173703e+00
7.878585e+03	-5.198420e+00
7.924091e+03	-5.240414e+00
7.969861e+03	-5.262740e+00
8.015894e+03	-5.320216e+00
8.062194e+03	-5.344991e+00
8.108761e+03	-5.380630e+00
8.155596e+03	-5.429577e+00
8.202703e+03	-5.453358e+00
8.250081e+03	-5.490235e+00
8.297733e+03	-5.519033e+00
8.345661e+03	-5.572832e+00
8.393865e+03	-5.592091e+00
8.442348e+03	-5.633985e+00
8.491110e+03	-5.670696e+00
8.540155e+03	-5.698360e+00
8.589482e+03	-5.758423e+00
8.639095e+03	-5.774402e+00
8.688994e+03	-5.818176e+00
8.739181e+03	-5.850597e+00
8.789658e+03	-5.897325e+00
8.840427e+03	-5.925579e+00
8.891489e+03	-5.968206e+00
8.942846e+03	-6.006289e+00
8.994499e+03	-6.041242e+00
9.046451e+03	-6.074485e+00
9.098703e+03	-6.115331e+00
9.151257e+03	-6.160467e+00
9.204114e+03	-6.174011e+00
9.257277e+03	-6.235605e+00
9.310746e+03	-6.256214e+00
9.364525e+03	-6.290144e+00
9.418614e+03	-6.341612e+00
9.473015e+03	-6.369501e+00
9.527731e+03	-6.410731e+00
9.582763e+03	-6.445734e+00
9.638113e+03	-6.489611e+00
9.693782e+03	-6.527478e+00
9.749773e+03	-6.558292e+00
9.806087e+03	-6.606930e+00
9.862727e+03	-6.655040e+00
9.919693e+03	-6.690969e+00
9.976989e+03	-6.713171e+00
1.003462e+04	-6.762487e+00
1.009258e+04	-6.785939e+00
1.015087e+04	-6.855827e+00
1.020950e+04	-6.884787e+00
1.026847e+04	-6.918173e+00
1.032778e+04	-6.952245e+00
1.038743e+04	-6.998769e+00
1.044743e+04	-7.045945e+00
1.050777e+04	-7.088952e+00
1.056847e+04	-7.130732e+00
1.062951e+04	-7.122334e+00
1.069091e+04	-7.213648e+00
1.075266e+04	-7.225028e+00
1.081476e+04	-7.259844e+00
1.087723e+04	-7.316270e+00
1.094006e+04	-7.365970e+00
1.100324e+04	-7.391348e+00
1.106680e+04	-7.435646e+00
1.113072e+04	-7.471560e+00
1.119501e+04	-7.529021e+00
1.125967e+04	-7.560272e+00
1.132471e+04	-7.603029e+00
1.139012e+04	-7.638335e+00
1.145591e+04	-7.662838e+00
1.152208e+04	-7.725057e+00
1.158863e+04	-7.765725e+00
1.165556e+04	-7.815090e+00
1.172289e+04	-7.853062e+00
1.179060e+04	-7.886926e+00
1.185870e+04	-7.916273e+00
1.192719e+04	-7.980429e+00
1.199608e+04	-8.007775e+00
1.206537e+04	-8.040219e+00
1.213506e+04	-8.109099e+00
1.220515e+04	-8.135139e+00
1.227565e+04	-8.184637e+00
1.234655e+04	-8.228555e+00
1.241787e+04	-8.257878e+00
1.248959e+04	-8.301724e+00
1.256173e+04	-8.346302e+00
1.263429e+04	-8.393419e+00
1.270726e+04	-8.429530e+00
1.278066e+04	-8.442324e+00
1.285448e+04	-8.504348e+00
1.292873e+04	-8.565048e+00
1.300340e+04	-8.596606e+00
1.307851e+04	-8.620847e+00
1.315405e+04	-8.679534e+00
1.323003e+04	-8.733488e+00
1.330644e+04	-8.739139e+00
1.338330e+04	-8.798843e+00
1.346060e+04	-8.872901e+00
1.353835e+04	-8.899565e+00
1.361655e+04	-8.919305e+00
1.369520e+04	-8.969380e+00
1.377430e+04	-9.050512e+00
1.385386e+04	-9.079286e+00
1.393388e+04	-9.117376e+00
1.401436e+04	-9.144241e+00
1.409531e+04	-9.195014e+00
1.417672e+04	-9.222304e+00
1.425861e+04	-9.283130e+00
1.434096e+04	-9.312111e+00
1.442379e+04	-9.372314e+00
1.450711e+04	-9.386306e+00
1.459090e+04	-9.458613e+00
1.467518e+04	-9.472677e+00
1.475994e+04	-9.529030e+00
1.484519e+04	-9.577645e+00
1.493094e+04	-9.621753e+00
1.501718e+04	-9.657370e+00
1.510392e+04	-9.722845e+00
1.519116e+04	-9.746995e+00
1.527890e+04	-9.797715e+00
1.536715e+04	-9.837161e+00
1.545591e+04	-9.884690e+00
1.554518e+04	-9.908085e+00
1.563497e+04	-9.970090e+00
1.572528e+04	-1.000205e+01
1.581611e+04	-1.004884e+01
1.590746e+04	-1.010585e+01
1.599934e+04	-1.015583e+01
1.609175e+04	-1.018521e+01
1.618470e+04	-1.023311e+01
1.627818e+04	-1.027137e+01
1.637220e+04	-1.032439e+01
1.646677e+04	-1.037386e+01
1.656188e+04	-1.038888e+01
1.665754e+04	-1.044858e+01
1.675375e+04	-1.049454e+01
1.685052e+04	-1.052105e+01
1.694785e+04	-1.059475e+01
1.704574e+04	-1.063691e+01
1.714419e+04	-1.066004e+01
1.724322e+04	-1.071599e+01
1.734281e+04	-1.075257e+01
1.744299e+04	-1.079763e+01
1.754374e+04	-1.085557e+01
1.764507e+04	-1.090388e+01
1.774698e+04	-1.092984e+01
1.784949e+04	-1.096451e+01
1.795259e+04	-1.101570e+01
1.805628e+04	-1.108365e+01
1.816057e+04	-1.112060e+01
1.826547e+04	-1.117329e+01
1.837097e+04	-1.121070e+01
1.847708e+04	-1.123798e+01
1.858380e+04	-1.129400e+01
1.869114e+04	-1.135202e+01
1.879910e+04	-1.138503e+01
1.890768e+04	-1.142714e+01
1.901689e+04	-1.146580e+01
1.912673e+04	-1.150970e+01
1.923721e+04	-1.154767e+01
1.934832e+04	-1.158939e+01
1.946008e+04	-1.165376e+01
1.957248e+04	-1.167553e+01
1.968553e+04	-1.173261e+01
1.979923e+04	-1.178791e+01
1.991359e+04	-1.181594e+01
2.002861e+04	-1.186815e+01
2.014430e+04	-1.192940e+01
2.026065e+04	-1.196255e+01
2.037767e+04	-1.201690e+01
2.049537e+04	-1.204629e+01
2.061375e+04	-1.209930e+01
2.073282e+04	-1.214435e+01
2.085257e+04	-1.218109e+01
2.097301e+04	-1.222646e+01
2.109415e+04	-1.227909e+01
2.121599e+04	-1.235149e+01
2.133853e+04	-1.234759e+01
2.146178e+04	-1.241901e+01
2.158575e+04	-1.246288e+01
2.171043e+04	-1.247845e+01
2.183582e+04	-1.253085e+01
2.196195e+04	-1.257694e+01
2.208880e+04	-1.262371e+01
2.221638e+04	-1.267820e+01
2.234470e+04	-1.271643e+01
2.247377e+04	-1.274336e+01
2.260357e+04	-1.280366e+01
2.273413e+04	-1.286294e+01
2.286544e+04	-1.291733e+01
2.299751e+04	-1.294541e+01
2.313034e+04	-1.298183e+01
2.326394e+04	-1.302711e+01
2.339832e+04	-1.309096e+01
2.353346e+04	-1.312240e+01
2.366939e+04	-1.315504e+01
2.380610e+04	-1.318612e+01
2.394361e+04	-1.323823e+01
2.408191e+04	-1.330160e+01
2.422100e+04	-1.333486e+01
2.436090e+04	-1.338539e+01
2.450161e+04	-1.343126e+01
2.464313e+04	-1.346669e+01
2.478547e+04	-1.352663e+01
2.492863e+04	-1.357153e+01
2.507261e+04	-1.358718e+01
2.521743e+04	-1.363811e+01
2.536309e+04	-1.369535e+01
2.550958e+04	-1.372835e+01
2.565692e+04	-1.377169e+01
2.580512e+04	-1.382800e+01
2.595417e+04	-1.386291e+01
2.610408e+04	-1.392521e+01
2.625485e+04	-1.394128e+01
2.640650e+04	-1.399606e+01
2.655902e+04	-1.403661e+01
2.671243e+04	-1.409767e+01
2.686672e+04	-1.410715e+01
2.702190e+04	-1.417750e+01
2.717798e+04	-1.421906e+01
2.733495e+04	-1.428327e+01
2.749284e+04	-1.430416e+01
2.765164e+04	-1.434232e+01
2.781135e+04	-1.436861e+01
2.797199e+04	-1.443835e+01
2.813355e+04	-1.448573e+01
2.829605e+04	-1.453441e+01
2.845949e+04	-1.457204e+01
2.862387e+04	-1.459930e+01
2.878920e+04	-1.464643e+01
2.895549e+04	-1.471052e+01
2.912273e+04	-1.472668e+01
2.929094e+04	-1.477974e+01
2.946013e+04	-1.482637e+01
2.963029e+04	-1.488294e+01
2.980143e+04	-1.490993e+01
2.997356e+04	-1.494234e+01
3.014669e+04	-1.500393e+01
3.032081e+04	-1.506523e+01
3.049595e+04	-1.508013e+01
3.067209e+04	-1.512304e+01
3.084925e+04	-1.517053e+01
3.102743e+04	-1.520922e+01
3.120665e+04	-1.526912e+01
3.138690e+04	-1.528979e+01
3.156819e+04	-1.534777e+01
3.175052e+04	-1.539144e+01
3.193391e+04	-1.542201e+01
3.211836e+04	-1.546987e+01
3.230388e+04	-1.550438e+01
3.249046e+04	-1.554137e+01
3.267812e+04	-1.560753e+01
3.286687e+04	-1.564219e+01
3.305671e+04	-1.568760e+01
3.324764e+04	-1.572315e+01
3.343968e+04	-1.577184e+01
3.363283e+04	-1.581070e+01
3.382709e+04	-1.585728e+01
3.402247e+04	-1.588838e+01
3.421899e+04	-1.594409e+01
3.441663e+04	-1.597714e+01
3.461542e+04	-1.600924e+01
3.481536e+04	-1.607034e+01
3.501645e+04	-1.610230e+01
3.521871e+04	-1.612346e+01
3.542213e+04	-1.616367e+01
3.562672e+04	-1.621923e+01
3.583250e+04	-1.627051e+01
3.603947e+04	-1.630049e+01
3.624763e+04	-1.635126e+01
3.645700e+04	-1.637935e+01
3.666757e+04	-1.641981e+01
3.687936e+04	-1.646912e+01
3.709238e+04	-1.650873e+01
3.730662e+04	-1.654304e+01
3.752210e+04	-1.657334e+01
3.773883e+04	-1.664908e+01
3.795680e+04	-1.667638e+01
3.817604e+04	-1.670935e+01
3.839654e+04	-1.673697e+01
3.861832e+04	-1.678527e+01
3.884138e+04	-1.682901e+01
3.906573e+04	-1.686190e+01
3.929137e+04	-1.688175e+01
3.951831e+04	-1.695483e+01
3.974657e+04	-1.698107e+01
3.997614e+04	-1.703988e+01
4.020704e+04	-1.707514e+01
4.043928e+04	-1.709192e+01
4.067285e+04	-1.713037e+01
4.090778e+04	-1.717968e+01
4.114406e+04	-1.721214e+01
4.138171e+04	-1.728080e+01
4.162073e+04	-1.729945e+01
4.186113e+04	-1.733947e+01
4.210291e+04	-1.735386e+01
4.234610e+04	-1.740117e+01
4.259069e+04	-1.744718e+01
4.283669e+04	-1.748619e+01
4.308411e+04	-1.753096e+01
4.333297e+04	-1.757472e+01
4.358325e+04	-1.760120e+01
4.383499e+04	-1.763168e+01
4.408818e+04	-1.767581e+01
4.434283e+04	-1.770592e+01
4.459895e+04	-1.774219e+01
4.485655e+04	-1.779423e+01
4.511564e+04	-1.783923e+01
4.537623e+04	-1.786284e+01
4.563832e+04	-1.790131e+01
4.590193e+04	-1.793803e+01
4.616705e+04	-1.797769e+01
4.643371e+04	-1.799612e+01
4.670191e+04	-1.803344e+01
4.697166e+04	-1.809839e+01
4.724297e+04	-1.811380e+01
4.751584e+04	-1.814320e+01
4.779029e+04	-1.818684e+01
4.806633e+04	-1.820958e+01
4.834395e+04	-1.827824e+01
4.862319e+04	-1.828906e+01
4.890403e+04	-1.832882e+01
4.918650e+04	-1.834670e+01
4.947060e+04	-1.840254e+01
4.975634e+04	-1.843675e+01
5.004373e+04	-1.845315e+01
5.033278e+04	-1.848695e+01
5.062350e+04	-1.852967e+01
5.091590e+04	-1.855213e+01
5.120999e+04	-1.858388e+01
5.150578e+04	-1.862398e+01
5.180327e+04	-1.865761e+01
5.210248e+04	-1.866834e+01
5.240343e+04	-1.872475e+01
5.270611e+04	-1.874886e+01
5.301053e+04	-1.878694e+01
5.331672e+04	-1.880080e+01
5.362468e+04	-1.883779e+01
5.393441e+04	-1.887661e+01
5.424593e+04	-1.888940e+01
5.455926e+04	-1.892495e+01
5.487439e+04	-1.896895e+01
5.519134e+04	-1.900245e+01
5.551012e+04	-1.904399e+01
5.583075e+04	-1.905778e+01
5.615322e+04	-1.906966e+01
5.647756e+04	-1.911708e+01
5.680377e+04	-1.914615e+01
5.713187e+04	-1.916797e+01
5.746186e+04	-1.919729e+01
5.779376e+04	-1.922233e+01
5.812757e+04	-1.925282e+01
5.846332e+04	-1.926961e+01
5.880100e+04	-1.931957e+01
5.914063e+04	-1.934206e+01
5.948222e+04	-1.936446e+01
5.982579e+04	-1.939775e+01
6.017134e+04	-1.941500e+01
6.051889e+04	-1.944956e+01
6.086844e+04	-1.947704e+01
6.122002e+04	-1.948030e+01
6.157362e+04	-1.950751e+01
6.192927e+04	-1.953094e+01
6.228697e+04	-1.956202e+01
6.264674e+04	-1.960707e+01
6.300858e+04	-1.962153e+01
6.337252e+04	-1.963468e+01
6.373855e+04	-1.965683e+01
6.410670e+04	-1.966247e+01
6.447698e+04	-1.970083e+01
6.484940e+04	-1.973121e+01
6.522397e+04	-1.973552e+01
6.560070e+04	-1.976930e+01
6.597960e+04	-1.977894e+01
6.636070e+04	-1.980685e+01
6.674400e+04	-1.983142e+01
6.712951e+04	-1.983838e+01
6.751724e+04	-1.985734e+01
6.790722e+04	-1.987485e+01
6.829945e+04	-1.989060e+01
6.869395e+04	-1.992341e+01
6.909072e+04	-1.991006e+01
6.948978e+04	-1.995386e+01
6.989115e+04	-1.996864e+01
7.029484e+04	-1.999036e+01
7.070086e+04	-1.999873e+01
7.110923e+04	-2.000105e+01
7.151995e+04	-2.003036e+01
7.193305e+04	-2.003034e+01
7.234853e+04	-2.006298e+01
7.276641e+04	-2.006536e+01
7.318671e+04	-2.007548e+01
7.360943e+04	-2.008535e+01
7.403460e+04	-2.011726e+01
7.446222e+04	-2.013590e+01
7.489231e+04	-2.011581e+01
7.532488e+04	-2.012957e+01
7.575996e+04	-2.015235e+01
7.619754e+04	-2.014545e+01
7.663766e+04	-2.013653e+01
7.708031e+04	-2.017254e+01
7.752553e+04	-2.017383e+01
7.797331e+04	-2.018632e+01
7.842368e+04	-2.019702e+01
7.887665e+04	-2.019280e+01
7.933224e+04	-2.019451e+01
7.979046e+04	-2.020188e+01
8.025133e+04	-2.022440e+01
8.071486e+04	-2.018941e+01
8.118106e+04	-2.021611e+01
8.164996e+04	-2.022049e+01
8.212157e+04	-2.021243e+01
8.259590e+04	-2.020535e+01
8.307297e+04	-2.021150e+01
8.355279e+04	-2.021494e+01
8.403539e+04	-2.021033e+01
8.452078e+04	-2.021748e+01
8.500897e+04	-2.019985e+01
8.549997e+04	-2.020807e+01
8.599382e+04	-2.021220e+01
8.649052e+04	-2.019190e+01
8.699008e+04	-2.016076e+01
8.749253e+04	-2.016698e+01
8.799789e+04	-2.016217e+01
8.850616e+04	-2.016477e+01
8.901737e+04	-2.015318e+01
8.953153e+04	-2.012551e+01
9.004866e+04	-2.012319e+01
9.056877e+04	-2.011624e+01
9.109190e+04	-2.008539e+01
9.161804e+04	-2.007629e+01
9.214722e+04	-2.006729e+01
9.267946e+04	-2.005113e+01
9.321477e+04	-2.001048e+01
9.375318e+04	-2.000394e+01
9.429469e+04	-1.999556e+01
9.483933e+04	-1.997261e+01
9.538712e+04	-1.994721e+01
9.593807e+04	-1.991981e+01
9.649221e+04	-1.989506e+01
9.704954e+04	-1.988892e+01
9.761010e+04	-1.985592e+01
9.817389e+04	-1.979793e+01
9.874094e+04	-1.978450e+01
9.931126e+04	-1.975697e+01
9.988488e+04	-1.972743e+01
1.004618e+05	-1.970740e+01
1.010421e+05	-1.966248e+01
1.016257e+05	-1.960894e+01
1.022127e+05	-1.956438e+01
1.028031e+05	-1.953816e+01
1.033968e+05	-1.948801e+01
1.039941e+05	-1.944299e+01
1.045947e+05	-1.940838e+01
1.051989e+05	-1.935690e+01
1.058065e+05	-1.930393e+01
1.064176e+05	-1.924346e+01
1.070323e+05	-1.920929e+01
1.076505e+05	-1.915736e+01
1.082723e+05	-1.910403e+01
1.088977e+05	-1.904764e+01
1.095266e+05	-1.899755e+01
1.101593e+05	-1.891900e+01
1.107955e+05	-1.888312e+01
1.114355e+05	-1.877679e+01
1.120791e+05	-1.873688e+01
1.127265e+05	-1.867001e+01
1.133776e+05	-1.859289e+01
1.140325e+05	-1.852832e+01
1.146911e+05	-1.844870e+01
1.153536e+05	-1.834896e+01
1.160198e+05	-1.826780e+01
1.166900e+05	-1.821160e+01
1.173640e+05	-1.810068e+01
1.180419e+05	-1.802645e+01
1.187237e+05	-1.794200e+01
1.194094e+05	-1.783702e+01
1.200991e+05	-1.772352e+01
1.207928e+05	-1.763050e+01
1.214905e+05	-1.753390e+01
1.221922e+05	-1.742754e+01
1.228980e+05	-1.729154e+01
1.236078e+05	-1.719549e+01
1.243218e+05	-1.707035e+01
1.250399e+05	-1.694107e+01
1.257621e+05	-1.681564e+01
1.264885e+05	-1.667201e+01
1.272191e+05	-1.654307e+01
1.279539e+05	-1.639712e+01
1.286930e+05	-1.625208e+01
1.294363e+05	-1.607961e+01
1.301839e+05	-1.595798e+01
1.309358e+05	-1.579755e+01
1.316921e+05	-1.559390e+01
1.324528e+05	-1.542985e+01
1.332178e+05	-1.523989e+01
1.339873e+05	-1.505762e+01
1.347612e+05	-1.485548e+01
1.355395e+05	-1.466667e+01
1.363224e+05	-1.444773e+01
1.371098e+05	-1.424435e+01
1.379018e+05	-1.399875e+01
1.386983e+05	-1.377064e+01
1.394994e+05	-1.349784e+01
1.403051e+05	-1.324764e+01
1.411155e+05	-1.299124e+01
1.419306e+05	-1.271522e+01
1.427504e+05	-1.240958e+01
1.435749e+05	-1.207865e+01
1.444042e+05	-1.175303e+01
1.452383e+05	-1.143645e+01
1.460772e+05	-1.105393e+01
1.469209e+05	-1.068121e+01
1.477695e+05	-1.029502e+01
1.486230e+05	-9.889582e+00
1.494814e+05	-9.432837e+00
1.503448e+05	-8.962900e+00
1.512132e+05	-8.479378e+00
1.520866e+05	-7.951403e+00
1.529651e+05	-7.398153e+00
1.538486e+05	-6.803275e+00
1.547372e+05	-6.163420e+00
1.556310e+05	-5.513083e+00
1.565299e+05	-4.786971e+00
1.574340e+05	-4.060693e+00
1.583433e+05	-3.285917e+00
1.592579e+05	-2.484753e+00
1.601778e+05	-1.720283e+00
1.611030e+05	-1.018913e+00
1.620335e+05	-4.259678e-01
1.629694e+05	-7.758705e-02
1.639107e+05	-2.347749e-04
1.648574e+05	-2.310520e-01
1.658097e+05	-7.189297e-01
1.667674e+05	-1.401696e+00
1.677306e+05	-2.181354e+00
1.686994e+05	-3.008836e+00
1.696738e+05	-3.847567e+00
1.706538e+05	-4.676300e+00
1.716395e+05	-5.452248e+00
1.726309e+05	-6.208689e+00
1.736280e+05	-6.906052e+00
1.746309e+05	-7.589870e+00
1.756395e+05	-8.231244e+00
1.766540e+05	-8.821572e+00
1.776744e+05	-9.400347e+00
1.787006e+05	-9.906729e+00
1.797328e+05	-1.042650e+01
1.807709e+05	-1.090580e+01
1.818150e+05	-1.135221e+01
1.828652e+05	-1.180549e+01
1.839214e+05	-1.220930e+01
1.849837e+05	-1.262421e+01
1.860522e+05	-1.299603e+01
1.871268e+05	-1.336635e+01
1.882077e+05	-1.370126e+01
1.892948e+05	-1.404501e+01
1.903881e+05	-1.437052e+01
1.914878e+05	-1.466577e+01
1.925938e+05	-1.496443e+01
1.937062e+05	-1.525618e+01
1.948251e+05	-1.553440e+01
1.959504e+05	-1.578851e+01
1.970822e+05	-1.606075e+01
1.982205e+05	-1.627821e+01
1.993654e+05	-1.653342e+01
2.005169e+05	-1.677066e+01
2.016751e+05	-1.695205e+01
2.028400e+05	-1.717571e+01
2.040116e+05	-1.737987e+01
2.051899e+05	-1.757022e+01
2.063751e+05	-1.775445e+01
2.075671e+05	-1.794062e+01
2.087660e+05	-1.809153e+01
2.099719e+05	-1.825800e+01
2.111846e+05	-1.844610e+01
2.124044e+05	-1.858170e+01
2.136313e+05	-1.873659e+01
2.148652e+05	-1.886501e+01
2.161063e+05	-1.900422e+01
2.173545e+05	-1.912161e+01
2.186099e+05	-1.925877e+01
2.198726e+05	-1.935018e+01
2.211426e+05	-1.946172e+01
2.224199e+05	-1.955622e+01
2.237046e+05	-1.965004e+01
2.249967e+05	-1.972600e+01
2.262962e+05	-1.985805e+01
2.276033e+05	-1.994374e+01
2.289179e+05	-1.998965e+01
2.302402e+05	-2.005675e+01
2.315700e+05	-2.011166e+01
2.329076e+05	-2.016129e+01
2.342528e+05	-2.022744e+01
2.356059e+05	-2.025736e+01
2.369667e+05	-2.029140e+01
2.383354e+05	-2.032472e+01
2.397120e+05	-2.035322e+01
2.410966e+05	-2.037676e+01
2.424892e+05	-2.036902e+01
2.438898e+05	-2.038466e+01
2.452985e+05	-2.038483e+01
2.467153e+05	-2.035380e+01
2.481403e+05	-2.034785e+01
2.495736e+05	-2.034713e+01
2.510151e+05	-2.029908e+01
2.524650e+05	-2.025296e+01
2.539232e+05	-2.021403e+01
2.553898e+05	-2.014573e+01
2.568650e+05	-2.007975e+01
2.583486e+05	-2.002839e+01
2.598408e+05	-1.995932e+01
2.613416e+05	-1.984231e+01
2.628511e+05	-1.976091e+01
2.643694e+05	-1.966861e+01
2.658963e+05	-1.954459e+01
2.674321e+05	-1.941558e+01
2.689768e+05	-1.925578e+01
2.705304e+05	-1.911584e+01
2.720930e+05	-1.893717e+01
2.736646e+05	-1.878918e+01
2.752453e+05	-1.856397e+01
2.768351e+05	-1.838968e+01
2.784341e+05	-1.815573e+01
2.800423e+05	-1.791844e+01
2.816598e+05	-1.765872e+01
2.832867e+05	-1.739909e+01
2.849229e+05	-1.709698e+01
2.865686e+05	-1.677856e+01
2.882238e+05	-1.643640e+01
2.898886e+05	-1.607188e+01
2.915630e+05	-1.567036e+01
2.932470e+05	-1.526422e+01
2.949408e+05	-1.478654e+01
2.966444e+05	-1.428304e+01
2.983578e+05	-1.373508e+01
3.000811e+05	-1.314663e+01
3.018143e+05	-1.247680e+01
3.035576e+05	-1.175370e+01
3.053109e+05	-1.095936e+01
3.070744e+05	-1.008108e+01
3.088481e+05	-9.077687e+00
3.106320e+05	-7.962784e+00
3.124261e+05	-6.674940e+00
3.142307e+05	-5.216411e+00
3.160457e+05	-3.626212e+00
3.178712e+05	-1.912984e+00
3.197072e+05	-4.855554e-01
3.215538e+05	2.002415e-03
3.234111e+05	-8.158034e-01
3.252791e+05	-2.429427e+00
3.271579e+05	-4.190904e+00
3.290475e+05	-5.826430e+00
3.309481e+05	-7.328436e+00
3.328596e+05	-8.608668e+00
3.347822e+05	-9.761169e+00
3.367159e+05	-1.080577e+01
3.386608e+05	-1.171277e+01
3.406169e+05	-1.255669e+01
3.425842e+05	-1.331970e+01
3.445630e+05	-1.402269e+01
3.465532e+05	-1.465079e+01
3.485549e+05	-1.524383e+01
3.505681e+05	-1.576832e+01
3.525930e+05	-1.627292e+01
3.546295e+05	-1.674769e+01
3.566778e+05	-1.716888e+01
3.587380e+05	-1.756660e+01
3.608101e+05	-1.793018e+01
3.628941e+05	-1.827693e+01
3.649901e+05	-1.857195e+01
3.670983e+05	-1.887536e+01
3.692187e+05	-1.912164e+01
3.713513e+05	-1.938079e+01
3.734962e+05	-1.960820e+01
3.756535e+05	-1.979880e+01
3.778232e+05	-1.998532e+01
3.800055e+05	-2.011926e+01
3.822004e+05	-2.027133e+01
3.844080e+05	-2.038137e+01
3.866283e+05	-2.051322e+01
3.888615e+05	-2.058544e+01
3.911075e+05	-2.065088e+01
3.933665e+05	-2.068221e+01
3.956386e+05	-2.071270e+01
3.979238e+05	-2.070856e+01
4.002222e+05	-2.067861e+01
4.025338e+05	-2.061839e+01
4.048589e+05	-2.058142e+01
4.071973e+05	-2.048602e+01
4.095493e+05	-2.037435e+01
4.119148e+05	-2.023044e+01
4.142940e+05	-2.009200e+01
4.166870e+05	-1.988568e+01
4.190937e+05	-1.966418e+01
4.215144e+05	-1.940697e+01
4.239490e+05	-1.910859e+01
4.263978e+05	-1.879400e+01
4.288606e+05	-1.842527e+01
4.313377e+05	-1.803062e+01
4.338291e+05	-1.755423e+01
4.363349e+05	-1.703181e+01
4.388551e+05	-1.645475e+01
4.413899e+05	-1.578575e+01
4.439394e+05	-1.503824e+01
4.465035e+05	-1.417047e+01
4.490825e+05	-1.318501e+01
4.516764e+05	-1.202177e+01
4.542853e+05	-1.066451e+01
4.569092e+05	-9.028673e+00
4.595483e+05	-7.033524e+00
4.622026e+05	-4.567370e+00
4.648723e+05	-1.745785e+00
4.675574e+05	3.846476e-03
4.702580e+05	-1.483095e+00
4.729742e+05	-4.353031e+00
4.757060e+05	-6.974386e+00
4.784537e+05	-9.107512e+00
4.812172e+05	-1.086143e+01
4.839967e+05	-1.235713e+01
4.867923e+05	-1.363493e+01
4.896040e+05	-1.467860e+01
4.924319e+05	-1.562598e+01
4.952762e+05	-1.647060e+01
4.981369e+05	-1.720036e+01
5.010141e+05	-1.785060e+01
5.039079e+05	-1.842372e+01
5.068185e+05	-1.892224e+01
5.097458e+05	-1.936728e+01
5.126901e+05	-1.978500e+01
5.156514e+05	-2.011702e+01
5.186298e+05	-2.040831e+01
5.216253e+05	-2.064965e+01
5.246382e+05	-2.084534e+01
5.276685e+05	-2.099629e+01
5.307163e+05	-2.111711e+01
5.337817e+05	-2.115570e+01
5.368648e+05	-2.119102e+01
5.399657e+05	-2.114057e+01
5.430845e+05	-2.109756e+01
5.462214e+05	-2.095596e+01
5.493763e+05	-2.077196e+01
5.525495e+05	-2.052414e+01
5.557410e+05	-2.023781e+01
5.589509e+05	-1.986431e+01
5.621794e+05	-1.941035e+01
5.654265e+05	-1.886399e+01
5.686924e+05	-1.823254e+01
5.719772e+05	-1.747643e+01
5.752809e+05	-1.657124e+01
5.786037e+05	-1.550808e+01
5.819457e+05	-1.418680e+01
5.853070e+05	-1.256671e+01
5.886877e+05	-1.049167e+01
5.920879e+05	-7.737337e+00
5.955078e+05	-3.987933e+00
5.989474e+05	-1.919082e-01
6.024069e+05	-2.273843e+00
6.058864e+05	-6.548342e+00
6.093860e+05	-9.797161e+00
6.129058e+05	-1.220316e+01
6.164459e+05	-1.410933e+01
6.200064e+05	-1.561686e+01
6.235876e+05	-1.688312e+01
6.271894e+05	-1.792806e+01
6.308120e+05	-1.880146e+01
6.344555e+05	-1.953660e+01
6.381201e+05	-2.017309e+01
6.418059e+05	-2.068039e+01
6.455129e+05	-2.110353e+01
6.492414e+05	-2.142091e+01
6.529914e+05	-2.163404e+01
6.567630e+05	-2.175180e+01
6.605565e+05	-2.181374e+01
6.643718e+05	-2.177377e+01
6.682092e+05	-2.161660e+01
6.720688e+05	-2.135680e+01
6.759506e+05	-2.100562e+01
6.798549e+05	-2.051954e+01
6.837817e+05	-1.986310e+01
6.877312e+05	-1.906483e+01
6.917035e+05	-1.801658e+01
6.956987e+05	-1.667580e+01
6.997171e+05	-1.496229e+01
7.037586e+05	-1.265211e+01
7.078235e+05	-9.326110e+00
7.119118e+05	-4.148585e+00
7.160238e+05	-2.753834e-01
7.201595e+05	-6.338677e+00
7.243191e+05	-1.090882e+01
7.285028e+05	-1.400887e+01
7.327106e+05	-1.620590e+01
7.369427e+05	-1.790956e+01
7.411992e+05	-1.921258e+01
7.454804e+05	-2.028116e+01
7.497862e+05	-2.111037e+01
7.541170e+05	-2.173612e+01
7.584727e+05	-2.217278e+01
7.628536e+05	-2.244132e+01
7.672598e+05	-2.253695e+01
7.716915e+05	-2.249461e+01
7.761488e+05	-2.225098e+01
7.806318e+05	-2.180743e+01
7.851407e+05	-2.114725e+01
7.896756e+05	-2.021487e+01
7.942367e+05	-1.889453e+01
7.988242e+05	-1.704215e+01
8.034382e+05	-1.440278e+01
8.080788e+05	-1.025599e+01
8.127463e+05	-2.623204e+00
8.174406e+05	-4.544574e+00
8.221621e+05	-1.155234e+01
8.269109e+05	-1.554956e+01
8.316871e+05	-1.819999e+01
8.364909e+05	-2.005650e+01
8.413225e+05	-2.142335e+01
8.461819e+05	-2.240420e+01
8.510694e+05	-2.303867e+01
8.559852e+05	-2.340172e+01
8.609293e+05	-2.344648e+01
8.659020e+05	-2.321082e+01
8.709034e+05	-2.263552e+01
8.759337e+05	-2.163138e+01
8.809931e+05	-2.005718e+01
8.860816e+05	-1.763359e+01
8.911996e+05	-1.363332e+01
8.963471e+05	-5.279426e+00
9.015244e+05	-6.185124e+00
9.067316e+05	-1.437300e+01
9.119688e+05	-1.849621e+01
9.172363e+05	-2.103853e+01
9.225342e+05	-2.274678e+01
9.278628e+05	-2.380808e+01
9.332221e+05	-2.432752e+01
9.386123e+05	-2.434256e+01
9.440337e+05	-2.380521e+01
9.494864e+05	-2.260496e+01
9.549706e+05	-2.044523e+01
9.604865e+05	-1.650012e+01
9.660342e+05	-7.331114e+00
9.716140e+05	-9.458054e+00
9.772260e+05	-1.779745e+01
9.828704e+05	-2.178180e+01
9.885474e+05	-2.399816e+01
9.942572e+05	-2.519855e+01
1.000000e+06	-2.555238e+01
