Frequency(Hz)	Magnitude(dB)
1.000000e+01	5.372735e-03
1.005776e+01	3.793705e-03
1.011585e+01	8.294296e-03
1.017428e+01	-1.017319e-02
1.023305e+01	-2.667488e-02
1.029215e+01	5.244546e-03
1.035160e+01	8.638473e-03
1.041139e+01	-6.899647e-03
1.047153e+01	1.199950e-02
1.053201e+01	1.345415e-03
1.059284e+01	-3.623137e-04
1.065403e+01	4.576644e-03
1.071556e+01	1.673876e-02
1.077746e+01	-1.213151e-02
1.083971e+01	-3.751228e-03
1.090232e+01	4.268175e-03
1.096529e+01	7.474792e-03
1.102862e+01	1.037367e-04
1.109232e+01	5.347887e-03
1.115639e+01	-2.482487e-03
1.122083e+01	2.214481e-02
1.128564e+01	-4.418746e-03
1.135083e+01	-4.287251e-03
1.141639e+01	1.357247e-02
1.148233e+01	1.025079e-02
1.154865e+01	2.766744e-03
1.161536e+01	9.098763e-04
1.168245e+01	-1.483696e-02
1.174992e+01	-5.815706e-03
1.181779e+01	1.112932e-02
1.188605e+01	-1.405356e-02
1.195470e+01	-1.066832e-02
1.202375e+01	-3.524032e-03
1.209320e+01	-8.169839e-03
1.216305e+01	6.551530e-03
1.223330e+01	1.784137e-02
1.230396e+01	8.559527e-03
1.237503e+01	-7.875679e-03
1.244651e+01	2.351884e-03
1.251840e+01	5.710003e-03
1.259070e+01	-3.939176e-03
1.266343e+01	1.965710e-02
1.273657e+01	-7.370738e-03
1.281014e+01	-1.927659e-02
1.288413e+01	1.482151e-03
1.295855e+01	-1.038069e-03
1.303339e+01	-2.351427e-02
1.310867e+01	2.547319e-02
1.318439e+01	-6.938267e-03
1.326054e+01	5.315580e-03
1.333713e+01	-2.077283e-02
1.341417e+01	-2.278802e-03
1.349165e+01	1.865914e-02
1.356958e+01	1.261733e-03
1.364795e+01	1.762643e-02
1.372678e+01	1.564550e-02
1.380607e+01	-8.567395e-03
1.388581e+01	1.210848e-02
1.396602e+01	-8.539743e-04
1.404668e+01	9.902921e-03
1.412782e+01	8.261709e-03
1.420942e+01	-3.549745e-03
1.429149e+01	-4.249502e-03
1.437404e+01	2.552317e-03
1.445706e+01	5.442037e-03
1.454057e+01	-5.229691e-04
1.462455e+01	-1.155721e-04
1.470902e+01	9.861623e-03
1.479398e+01	2.117195e-02
1.487943e+01	-7.551064e-03
1.496537e+01	-2.087291e-02
1.505181e+01	-3.281592e-02
1.513875e+01	-1.266798e-02
1.522619e+01	-1.731555e-02
1.531414e+01	7.932712e-03
1.540259e+01	1.770439e-02
1.549156e+01	1.392948e-02
1.558103e+01	4.323365e-04
1.567103e+01	2.380610e-03
1.576155e+01	4.686897e-03
1.585258e+01	-2.949388e-03
1.594415e+01	-5.415832e-03
1.603624e+01	4.430529e-03
1.612886e+01	4.012381e-03
1.622202e+01	-3.031798e-05
1.631572e+01	1.822993e-02
1.640996e+01	7.915758e-03
1.650474e+01	3.630452e-03
1.660008e+01	6.283978e-03
1.669596e+01	1.630072e-03
1.679239e+01	2.021749e-02
1.688938e+01	-1.470836e-02
1.698694e+01	1.044206e-03
1.708505e+01	-2.433554e-03
1.718373e+01	1.705700e-02
1.728299e+01	-1.343027e-02
1.738281e+01	1.747818e-02
1.748322e+01	1.240394e-02
1.758420e+01	1.258139e-02
1.768576e+01	1.675074e-02
1.778792e+01	-3.925164e-03
1.789066e+01	-1.405193e-02
1.799399e+01	2.541001e-03
1.809793e+01	1.299898e-02
1.820246e+01	-5.110044e-03
1.830760e+01	5.936200e-03
1.841334e+01	5.566025e-03
1.851969e+01	5.801556e-03
1.862666e+01	-2.009536e-02
1.873425e+01	-1.064993e-03
1.884246e+01	1.087508e-03
1.895129e+01	-5.400185e-03
1.906075e+01	5.261563e-03
1.917085e+01	6.352654e-03
1.928158e+01	-1.592124e-03
1.939295e+01	8.644861e-03
1.950496e+01	5.281824e-03
1.961762e+01	-1.066273e-02
1.973093e+01	6.331645e-03
1.984490e+01	7.234603e-03
1.995952e+01	-2.200578e-03
2.007480e+01	-1.944435e-02
2.019076e+01	-9.289854e-03
2.030738e+01	-1.904217e-02
2.042467e+01	-4.276379e-05
2.054264e+01	-8.429573e-03
2.066130e+01	-1.745534e-02
2.078064e+01	-1.078707e-02
2.090066e+01	1.101148e-02
2.102139e+01	-1.682789e-02
2.114280e+01	-3.788130e-03
2.126492e+01	-4.803014e-03
2.138775e+01	7.370522e-03
2.151128e+01	-1.216603e-02
2.163553e+01	4.288986e-03
2.176050e+01	-2.059810e-02
2.188619e+01	-1.199834e-02
2.201260e+01	1.486552e-02
2.213974e+01	-5.629245e-03
2.226762e+01	-2.193669e-03
2.239624e+01	1.803358e-02
2.252560e+01	1.390778e-02
2.265571e+01	2.678102e-03
2.278656e+01	4.211103e-03
2.291818e+01	1.821231e-02
2.305055e+01	1.699420e-03
2.318369e+01	5.272940e-03
2.331760e+01	-1.980138e-03
2.345228e+01	-1.459079e-02
2.358774e+01	1.229291e-02
2.372398e+01	7.010178e-03
2.386101e+01	1.161634e-02
2.399883e+01	5.332073e-04
2.413745e+01	-2.585721e-02
2.427686e+01	-9.418802e-03
2.441709e+01	1.742418e-02
2.455812e+01	-1.365779e-03
2.469997e+01	5.550407e-03
2.484263e+01	9.569992e-03
2.498612e+01	1.051867e-02
2.513044e+01	-1.882339e-02
2.527559e+01	-7.506199e-03
2.542158e+01	2.644623e-04
2.556842e+01	2.266185e-02
2.571610e+01	1.334870e-02
2.586463e+01	1.467580e-02
2.601403e+01	-4.326693e-03
2.616428e+01	7.436127e-03
2.631541e+01	-1.073550e-02
2.646740e+01	-1.447015e-02
2.662028e+01	-1.626323e-02
2.677404e+01	6.860793e-03
2.692868e+01	9.029344e-03
2.708422e+01	9.918808e-03
2.724066e+01	1.693461e-02
2.739800e+01	4.894658e-04
2.755625e+01	-1.341422e-03
2.771541e+01	6.071310e-03
2.787550e+01	5.378494e-03
2.803650e+01	1.365823e-02
2.819844e+01	1.612152e-02
2.836131e+01	1.658405e-02
2.852513e+01	-1.292180e-02
2.868989e+01	4.185039e-03
2.885560e+01	5.658821e-03
2.902227e+01	-8.583794e-04
2.918990e+01	-1.709265e-03
2.935850e+01	6.169148e-03
2.952807e+01	-1.590420e-02
2.969863e+01	-7.243599e-03
2.987016e+01	3.334374e-03
3.004269e+01	1.627396e-02
3.021622e+01	9.972191e-03
3.039075e+01	1.161194e-02
3.056628e+01	1.172418e-02
3.074283e+01	-1.169546e-02
3.092040e+01	9.464742e-03
3.109900e+01	9.335846e-03
3.127862e+01	8.836197e-03
3.145929e+01	1.123453e-02
3.164099e+01	3.797779e-03
3.182375e+01	1.592652e-02
3.200756e+01	1.287444e-02
3.219244e+01	4.981377e-03
3.237838e+01	7.675632e-03
3.256540e+01	3.219274e-04
3.275349e+01	-9.496573e-03
3.294268e+01	-3.813064e-03
3.313295e+01	9.163700e-03
3.332433e+01	-6.208943e-03
3.351681e+01	4.163249e-03
3.371040e+01	1.532580e-02
3.390511e+01	6.530464e-03
3.410094e+01	-9.827332e-03
3.429791e+01	1.203333e-02
3.449601e+01	2.802825e-03
3.469526e+01	1.076576e-02
3.489566e+01	1.873891e-02
3.509721e+01	1.169827e-03
3.529993e+01	1.217701e-02
3.550382e+01	-1.461492e-02
3.570889e+01	-9.737184e-03
3.591515e+01	-4.457031e-04
3.612259e+01	-2.600306e-03
3.633123e+01	2.224693e-03
3.654108e+01	2.449426e-03
3.675214e+01	-6.869964e-03
3.696442e+01	1.923898e-02
3.717792e+01	-8.526906e-03
3.739266e+01	-4.937032e-03
3.760864e+01	-2.527491e-02
3.782587e+01	8.722566e-03
3.804435e+01	-1.172764e-02
3.826409e+01	6.333518e-03
3.848510e+01	5.666155e-03
3.870739e+01	1.104782e-02
3.893096e+01	3.261123e-03
3.915583e+01	-8.275317e-04
3.938199e+01	-6.214250e-04
3.960946e+01	-2.646722e-04
3.983824e+01	-1.535538e-03
4.006834e+01	8.321210e-03
4.029978e+01	-5.966121e-03
4.053255e+01	-2.840123e-03
4.076666e+01	-1.093532e-03
4.100213e+01	-9.673102e-03
4.123896e+01	-6.935483e-04
4.147715e+01	-8.565238e-03
4.171672e+01	-5.185009e-03
4.195767e+01	1.064139e-02
4.220002e+01	-1.613065e-02
4.244377e+01	-3.282489e-03
4.268892e+01	1.201046e-03
4.293549e+01	-1.250722e-02
4.318348e+01	-1.244008e-02
4.343291e+01	-5.731003e-03
4.368377e+01	4.737250e-03
4.393609e+01	1.035067e-02
4.418986e+01	-1.142723e-02
4.444510e+01	1.404482e-02
4.470182e+01	9.522294e-03
4.496001e+01	-5.026724e-04
4.521970e+01	1.666377e-02
4.548089e+01	1.209610e-02
4.574358e+01	2.142682e-02
4.600779e+01	1.732680e-03
4.627353e+01	-5.626623e-03
4.654081e+01	-1.565572e-02
4.680963e+01	-1.298718e-02
4.708000e+01	2.703491e-03
4.735193e+01	2.557995e-03
4.762543e+01	2.252005e-02
4.790051e+01	-1.266825e-02
4.817719e+01	1.372714e-02
4.845545e+01	-5.224713e-03
4.873533e+01	1.062343e-02
4.901682e+01	-2.570187e-03
4.929994e+01	-8.844295e-03
4.958470e+01	1.173113e-04
4.987110e+01	4.521102e-03
5.015915e+01	-6.227431e-03
5.044887e+01	1.115477e-02
5.074026e+01	9.713743e-03
5.103333e+01	-1.110464e-02
5.132810e+01	-3.491790e-03
5.162457e+01	7.496201e-03
5.192275e+01	-5.689681e-03
5.222265e+01	-7.203480e-03
5.252429e+01	4.481371e-03
5.282767e+01	1.263613e-02
5.313280e+01	-1.780863e-02
5.343969e+01	-1.739138e-02
5.374836e+01	4.559027e-03
5.405880e+01	-1.200261e-02
5.437105e+01	-8.569401e-03
5.468509e+01	-8.845580e-03
5.500095e+01	-1.191573e-02
5.531863e+01	3.504684e-03
5.563815e+01	-6.446732e-03
5.595951e+01	-6.860396e-03
5.628273e+01	1.657051e-02
5.660782e+01	-4.228104e-03
5.693479e+01	-6.163322e-03
5.726364e+01	-1.999534e-03
5.759439e+01	-6.831094e-03
5.792705e+01	1.595264e-02
5.826164e+01	-5.541331e-03
5.859815e+01	1.728064e-04
5.893662e+01	-1.126046e-02
5.927703e+01	-1.059967e-03
5.961941e+01	-9.021789e-03
5.996377e+01	-1.721117e-02
6.031012e+01	-9.166615e-03
6.065847e+01	-2.817551e-04
6.100883e+01	-2.581645e-03
6.136121e+01	-1.628102e-02
6.171563e+01	-1.554658e-02
6.207210e+01	8.323977e-03
6.243063e+01	-1.109266e-02
6.279122e+01	-5.713613e-03
6.315390e+01	-1.017956e-02
6.351868e+01	7.409568e-03
6.388556e+01	1.106466e-02
6.425456e+01	2.342954e-03
6.462569e+01	-2.316323e-04
6.499897e+01	2.206924e-02
6.537440e+01	1.189880e-02
6.575200e+01	1.890074e-03
6.613178e+01	-1.267198e-02
6.651375e+01	4.301129e-03
6.689793e+01	-9.647517e-04
6.728433e+01	1.826281e-03
6.767297e+01	7.467018e-03
6.806384e+01	-8.202226e-03
6.845698e+01	-4.858347e-03
6.885238e+01	-5.581797e-03
6.925007e+01	-4.081167e-03
6.965005e+01	1.114665e-02
7.005235e+01	-8.014902e-03
7.045697e+01	-5.988707e-03
7.086393e+01	3.691780e-03
7.127323e+01	-1.199512e-02
7.168490e+01	-1.183400e-02
7.209895e+01	3.845648e-03
7.251539e+01	-4.736344e-03
7.293424e+01	-5.316022e-03
7.335551e+01	6.085336e-03
7.377920e+01	-8.289209e-04
7.420535e+01	-2.013553e-03
7.463396e+01	1.552057e-02
7.506504e+01	2.738403e-03
7.549861e+01	6.873634e-03
7.593469e+01	2.011905e-03
7.637328e+01	-1.796256e-03
7.681441e+01	2.708578e-04
7.725809e+01	1.566611e-04
7.770433e+01	-1.961831e-02
7.815315e+01	1.582462e-02
7.860456e+01	-9.996664e-03
7.905857e+01	-1.022929e-02
7.951521e+01	-8.440496e-03
7.997449e+01	2.964539e-03
8.043642e+01	-5.490432e-03
8.090102e+01	-2.579057e-03
8.136830e+01	1.013385e-02
8.183828e+01	-1.363964e-03
8.231097e+01	-1.579156e-02
8.278640e+01	-1.024143e-02
8.326457e+01	-2.170970e-03
8.374550e+01	-1.104584e-02
8.422921e+01	6.837817e-03
8.471572e+01	4.932593e-03
8.520503e+01	1.548315e-03
8.569717e+01	-1.429381e-02
8.619215e+01	5.932864e-03
8.669000e+01	1.337947e-03
8.719071e+01	4.071146e-03
8.769432e+01	-1.882645e-03
8.820084e+01	-9.434729e-03
8.871029e+01	-2.380791e-02
8.922267e+01	1.267695e-02
8.973802e+01	-1.640564e-02
9.025634e+01	3.404001e-03
9.077766e+01	6.946005e-03
9.130199e+01	-2.566325e-03
9.182935e+01	5.354660e-04
9.235975e+01	3.282339e-03
9.289321e+01	-5.209540e-03
9.342976e+01	-1.020921e-02
9.396941e+01	-1.454362e-02
9.451217e+01	-1.138424e-02
9.505807e+01	-6.582401e-03
9.560712e+01	2.261195e-03
9.615934e+01	-1.622719e-02
9.671476e+01	-2.194269e-02
9.727338e+01	9.100032e-04
9.783522e+01	3.139355e-03
9.840032e+01	-1.244088e-03
9.896867e+01	-1.892212e-02
9.954031e+01	-1.843221e-02
1.001153e+02	1.158150e-03
1.006935e+02	1.864691e-02
1.012751e+02	1.266950e-02
1.018601e+02	-5.611404e-04
1.024484e+02	-8.979546e-04
1.030402e+02	2.187515e-03
1.036353e+02	8.044756e-03
1.042339e+02	1.195837e-02
1.048360e+02	7.879410e-03
1.054415e+02	-1.345675e-02
1.060505e+02	1.463535e-02
1.066631e+02	-1.258271e-02
1.072791e+02	1.046636e-02
1.078988e+02	1.248885e-02
1.085220e+02	1.128527e-02
1.091488e+02	4.419601e-03
1.097793e+02	-3.392665e-03
1.104133e+02	6.372263e-03
1.110511e+02	1.483808e-02
1.116925e+02	3.609886e-04
1.123376e+02	-1.039074e-02
1.129865e+02	2.886449e-03
1.136391e+02	2.636775e-03
1.142955e+02	6.467895e-03
1.149556e+02	3.300126e-03
1.156196e+02	-9.182653e-04
1.162874e+02	-5.614653e-03
1.169591e+02	1.133808e-02
1.176347e+02	2.553858e-03
1.183141e+02	-6.165630e-03
1.189975e+02	-8.058900e-03
1.196848e+02	4.479742e-03
1.203761e+02	-9.634370e-03
1.210714e+02	2.808259e-03
1.217707e+02	-1.435995e-02
1.224740e+02	4.107691e-03
1.231814e+02	-8.113310e-03
1.238929e+02	3.662875e-03
1.246085e+02	1.249227e-02
1.253283e+02	-8.703191e-03
1.260522e+02	5.889810e-03
1.267802e+02	1.486536e-03
1.275125e+02	1.285336e-02
1.282490e+02	8.246786e-03
1.289898e+02	3.766498e-03
1.297348e+02	-1.492245e-02
1.304842e+02	-2.024874e-02
1.312378e+02	-5.305266e-03
1.319959e+02	1.257661e-02
1.327583e+02	-3.126434e-02
1.335251e+02	-9.683051e-03
1.342963e+02	6.315981e-03
1.350720e+02	7.842535e-03
1.358522e+02	3.663462e-03
1.366368e+02	6.547443e-03
1.374260e+02	-9.818946e-03
1.382198e+02	-4.509745e-03
1.390182e+02	-8.028888e-03
1.398211e+02	-1.350560e-02
1.406287e+02	-4.154125e-04
1.414410e+02	-6.572299e-03
1.422579e+02	-1.287451e-02
1.430796e+02	-2.738465e-03
1.439060e+02	9.141236e-03
1.447372e+02	-5.681271e-03
1.455732e+02	9.574330e-04
1.464141e+02	-5.883626e-03
1.472597e+02	3.656722e-03
1.481103e+02	-9.664714e-03
1.489658e+02	-1.850969e-02
1.498262e+02	-1.274775e-02
1.506916e+02	-1.047483e-02
1.515620e+02	-1.045875e-02
1.524374e+02	-1.820984e-02
1.533179e+02	-1.475090e-02
1.542034e+02	4.711546e-03
1.550941e+02	4.990804e-03
1.559899e+02	-2.076170e-02
1.568909e+02	-1.619715e-02
1.577971e+02	-6.714694e-04
1.587085e+02	-2.467664e-03
1.596252e+02	-6.489527e-03
1.605472e+02	1.236671e-03
1.614745e+02	-9.938034e-04
1.624072e+02	-5.967508e-03
1.633453e+02	-8.397062e-03
1.642887e+02	-8.307740e-03
1.652377e+02	-1.955744e-02
1.661921e+02	-1.267056e-03
1.671520e+02	6.277272e-03
1.681175e+02	-1.206635e-02
1.690885e+02	-1.721602e-02
1.700651e+02	-6.923627e-03
1.710474e+02	1.761004e-02
1.720354e+02	-1.062416e-02
1.730291e+02	-2.463600e-02
1.740285e+02	-1.333936e-02
1.750337e+02	-2.835141e-02
1.760446e+02	-4.979738e-03
1.770615e+02	-3.701221e-03
1.780842e+02	-1.574179e-02
1.791128e+02	-7.726749e-03
1.801473e+02	-2.191480e-02
1.811878e+02	-3.920784e-03
1.822344e+02	-9.710476e-04
1.832870e+02	1.636024e-03
1.843456e+02	4.676035e-03
1.854104e+02	-3.344831e-03
1.864813e+02	-1.038921e-02
1.875584e+02	-9.868110e-03
1.886418e+02	-2.715660e-03
1.897313e+02	-2.280153e-03
1.908272e+02	-2.285931e-02
1.919294e+02	3.386021e-04
1.930380e+02	-1.474535e-02
1.941530e+02	-2.047527e-02
1.952744e+02	2.266175e-02
1.964023e+02	5.061988e-03
1.975367e+02	5.455716e-04
1.986777e+02	-1.566960e-02
1.998252e+02	-6.586562e-03
2.009794e+02	-2.464295e-03
2.021403e+02	2.139145e-03
2.033078e+02	-3.652021e-03
2.044821e+02	-1.891933e-02
2.056632e+02	5.105252e-03
2.068511e+02	-5.673058e-04
2.080459e+02	5.056296e-03
2.092475e+02	1.197626e-03
2.104561e+02	-6.977627e-03
2.116717e+02	-1.416525e-02
2.128943e+02	-8.321090e-03
2.141240e+02	-1.257778e-02
2.153608e+02	-1.064402e-02
2.166047e+02	-1.262389e-02
2.178558e+02	-2.533432e-02
2.191141e+02	-2.006964e-02
2.203797e+02	-2.298325e-02
2.216526e+02	2.187695e-03
2.229329e+02	-1.149583e-02
2.242205e+02	-2.309327e-03
2.255156e+02	-1.028620e-02
2.268182e+02	4.079196e-03
2.281283e+02	-2.089517e-02
2.294459e+02	-3.917171e-03
2.307712e+02	-1.769364e-03
2.321041e+02	-2.348220e-03
2.334447e+02	-1.677645e-02
2.347931e+02	6.119737e-03
2.361493e+02	-1.887498e-02
2.375133e+02	-7.890401e-03
2.388851e+02	-6.641538e-03
2.402649e+02	-1.810374e-02
2.416527e+02	-1.320520e-02
2.430484e+02	-1.992882e-02
2.444523e+02	-4.378087e-03
2.458642e+02	-1.447529e-02
2.472843e+02	6.983379e-03
2.487126e+02	-7.621415e-03
2.501492e+02	3.604313e-03
2.515940e+02	-3.446364e-02
2.530472e+02	-1.886414e-02
2.545088e+02	1.809658e-03
2.559789e+02	-1.673474e-02
2.574574e+02	-2.567794e-02
2.589444e+02	-1.107988e-02
2.604401e+02	-1.193385e-02
2.619444e+02	-1.498967e-02
2.634574e+02	-1.670999e-02
2.649791e+02	-4.395574e-03
2.665096e+02	-1.078715e-02
2.680489e+02	-2.421785e-02
2.695972e+02	-2.355874e-02
2.711544e+02	-2.195820e-03
2.727205e+02	-1.170764e-02
2.742958e+02	-1.717382e-02
2.758801e+02	-8.711605e-03
2.774736e+02	-1.412016e-02
2.790762e+02	-1.008426e-02
2.806882e+02	-6.756999e-03
2.823094e+02	-1.342583e-02
2.839400e+02	-1.505452e-02
2.855800e+02	1.123343e-03
2.872295e+02	1.776099e-03
2.888886e+02	-8.545802e-03
2.905572e+02	-1.595314e-02
2.922354e+02	-1.916945e-02
2.939234e+02	-1.510488e-02
2.956211e+02	-2.778648e-02
2.973286e+02	-1.551183e-02
2.990459e+02	-2.207219e-02
3.007732e+02	-2.015194e-02
3.025104e+02	-2.276549e-02
3.042577e+02	-7.336452e-03
3.060151e+02	-1.955614e-02
3.077826e+02	-2.649887e-02
3.095604e+02	-3.118667e-02
3.113484e+02	-3.237724e-02
3.131467e+02	-1.996666e-03
3.149554e+02	-6.885237e-03
3.167746e+02	-1.076717e-02
3.186043e+02	-1.252126e-02
3.204445e+02	-1.463228e-02
3.222954e+02	-9.077095e-03
3.241570e+02	-1.922623e-02
3.260293e+02	-2.789641e-02
3.279124e+02	-3.745122e-02
3.298064e+02	-1.454624e-02
3.317114e+02	-2.207520e-02
3.336273e+02	-2.677301e-02
3.355544e+02	-1.880259e-02
3.374925e+02	-2.259970e-03
3.394418e+02	-1.835733e-02
3.414024e+02	-1.494562e-02
3.433744e+02	-2.484099e-02
3.453577e+02	-4.952929e-03
3.473525e+02	-1.117555e-02
3.493588e+02	-2.628924e-02
3.513766e+02	-1.777794e-02
3.534062e+02	-2.024473e-02
3.554474e+02	-2.633871e-02
3.575005e+02	-1.093581e-02
3.595654e+02	-2.062729e-02
3.616422e+02	-2.296313e-02
3.637311e+02	-1.764889e-02
3.658320e+02	-2.499372e-02
3.679450e+02	-2.009023e-02
3.700702e+02	-1.787024e-02
3.722077e+02	-3.237774e-02
3.743576e+02	-1.603754e-02
3.765199e+02	-3.108515e-02
3.786946e+02	-1.078291e-02
3.808820e+02	-9.245810e-03
3.830819e+02	-2.645035e-02
3.852946e+02	-1.761973e-02
3.875200e+02	-2.712567e-02
3.897583e+02	-3.295838e-02
3.920096e+02	-2.837951e-02
3.942738e+02	-1.936069e-02
3.965511e+02	-3.897832e-02
3.988416e+02	-2.518559e-02
4.011452e+02	-3.285005e-02
4.034622e+02	-5.752173e-02
4.057926e+02	-2.622537e-02
4.081365e+02	-3.196504e-02
4.104938e+02	-1.860569e-02
4.128648e+02	-2.649464e-02
4.152495e+02	-1.526478e-02
4.176480e+02	-4.945526e-02
4.200603e+02	-3.281934e-02
4.224866e+02	-1.816794e-02
4.249268e+02	-2.594682e-02
4.273812e+02	-2.939664e-02
4.298497e+02	-1.027246e-02
4.323325e+02	-2.630621e-02
4.348297e+02	-3.064874e-02
4.373412e+02	-3.175132e-02
4.398673e+02	-2.841632e-02
4.424079e+02	-8.786743e-03
4.449633e+02	-2.709829e-02
4.475334e+02	-3.307321e-02
4.501183e+02	-3.302929e-02
4.527182e+02	-3.570338e-02
4.553330e+02	-3.023060e-02
4.579630e+02	-2.958701e-02
4.606082e+02	-3.474710e-02
4.632687e+02	-4.351367e-02
4.659445e+02	-3.440074e-02
4.686358e+02	-2.544169e-02
4.713426e+02	-3.346228e-02
4.740650e+02	-4.588338e-02
4.768032e+02	-3.755174e-02
4.795572e+02	-3.087901e-02
4.823271e+02	-4.495785e-02
4.851130e+02	-3.659355e-02
4.879150e+02	-5.996701e-02
4.907332e+02	-3.372563e-02
4.935676e+02	-3.834773e-02
4.964185e+02	-4.022689e-02
4.992858e+02	-5.073094e-02
5.021696e+02	-3.534066e-02
5.050701e+02	-4.974246e-02
5.079874e+02	-3.272312e-02
5.109215e+02	-2.667751e-02
5.138726e+02	-3.735516e-02
5.168407e+02	-4.267806e-02
5.198259e+02	-3.593081e-02
5.228284e+02	-4.536854e-02
5.258482e+02	-4.396490e-02
5.288855e+02	-4.052039e-02
5.319403e+02	-5.380926e-02
5.350128e+02	-4.869479e-02
5.381030e+02	-4.736638e-02
5.412111e+02	-3.368244e-02
5.443371e+02	-6.303850e-02
5.474812e+02	-6.089029e-02
5.506434e+02	-4.642649e-02
5.538239e+02	-5.328149e-02
5.570228e+02	-5.058584e-02
5.602401e+02	-4.981547e-02
5.634760e+02	-5.089000e-02
5.667306e+02	-5.589059e-02
5.700040e+02	-6.020026e-02
5.732964e+02	-4.960511e-02
5.766077e+02	-5.470885e-02
5.799382e+02	-5.183358e-02
5.832879e+02	-5.285084e-02
5.866569e+02	-5.263812e-02
5.900454e+02	-6.030049e-02
5.934535e+02	-6.749360e-02
5.968813e+02	-5.890774e-02
6.003288e+02	-6.902144e-02
6.037963e+02	-7.698592e-02
6.072838e+02	-6.299645e-02
6.107914e+02	-3.645416e-02
6.143194e+02	-4.222023e-02
6.178676e+02	-5.929914e-02
6.214364e+02	-7.810397e-02
6.250258e+02	-6.344681e-02
6.286359e+02	-5.930189e-02
6.322669e+02	-7.348317e-02
6.359189e+02	-4.375290e-02
6.395919e+02	-5.539994e-02
6.432862e+02	-7.508871e-02
6.470017e+02	-7.666150e-02
6.507388e+02	-7.291925e-02
6.544974e+02	-5.427796e-02
6.582778e+02	-6.084933e-02
6.620800e+02	-8.327413e-02
6.659041e+02	-8.209898e-02
6.697504e+02	-7.131816e-02
6.736188e+02	-7.419539e-02
6.775096e+02	-7.224316e-02
6.814229e+02	-7.189040e-02
6.853587e+02	-6.599907e-02
6.893173e+02	-6.557994e-02
6.932988e+02	-8.691427e-02
6.973033e+02	-8.684136e-02
7.013309e+02	-8.330479e-02
7.053817e+02	-7.407575e-02
7.094560e+02	-8.274421e-02
7.135538e+02	-9.921431e-02
7.176752e+02	-7.860748e-02
7.218205e+02	-8.350376e-02
7.259897e+02	-8.444627e-02
7.301830e+02	-9.475145e-02
7.344005e+02	-8.709166e-02
7.386424e+02	-8.542501e-02
7.429087e+02	-7.476162e-02
7.471998e+02	-8.408654e-02
7.515155e+02	-1.156940e-01
7.558563e+02	-8.157607e-02
7.602221e+02	-9.122479e-02
7.646131e+02	-9.424236e-02
7.690295e+02	-8.992885e-02
7.734713e+02	-1.040567e-01
7.779389e+02	-1.132926e-01
7.824322e+02	-9.912248e-02
7.869515e+02	-1.138455e-01
7.914969e+02	-1.035549e-01
7.960686e+02	-1.081882e-01
8.006666e+02	-1.052567e-01
8.052912e+02	-1.052641e-01
8.099426e+02	-1.040615e-01
8.146208e+02	-1.049963e-01
8.193260e+02	-9.555829e-02
8.240584e+02	-1.204231e-01
8.288181e+02	-1.025109e-01
8.336053e+02	-1.056001e-01
8.384202e+02	-1.339002e-01
8.432629e+02	-1.069308e-01
8.481335e+02	-1.254954e-01
8.530323e+02	-1.058778e-01
8.579594e+02	-1.012705e-01
8.629149e+02	-1.370641e-01
8.678991e+02	-1.225545e-01
8.729120e+02	-1.310820e-01
8.779539e+02	-1.339152e-01
8.830250e+02	-1.200672e-01
8.881253e+02	-1.191917e-01
8.932551e+02	-1.158962e-01
8.984145e+02	-1.251625e-01
9.036037e+02	-1.286103e-01
9.088229e+02	-1.253798e-01
9.140722e+02	-1.379667e-01
9.193518e+02	-1.413927e-01
9.246620e+02	-1.527353e-01
9.300028e+02	-1.147681e-01
9.353744e+02	-1.336610e-01
9.407771e+02	-1.502705e-01
9.462110e+02	-1.415293e-01
9.516763e+02	-1.371234e-01
9.571731e+02	-1.444457e-01
9.627017e+02	-1.549016e-01
9.682622e+02	-1.533666e-01
9.738549e+02	-1.659622e-01
9.794798e+02	-1.609602e-01
9.851373e+02	-1.426388e-01
9.908274e+02	-1.625873e-01
9.965504e+02	-1.599390e-01
1.002306e+03	-1.590670e-01
1.008096e+03	-1.491801e-01
1.013918e+03	-1.553649e-01
1.019775e+03	-1.653422e-01
1.025665e+03	-1.696460e-01
1.031589e+03	-1.737914e-01
1.037548e+03	-1.805955e-01
1.043540e+03	-1.727663e-01
1.049568e+03	-1.681160e-01
1.055630e+03	-1.774040e-01
1.061727e+03	-1.755125e-01
1.067860e+03	-1.757542e-01
1.074028e+03	-1.789392e-01
1.080231e+03	-2.079528e-01
1.086471e+03	-1.816988e-01
1.092746e+03	-2.016749e-01
1.099058e+03	-2.026954e-01
1.105406e+03	-1.808434e-01
1.111791e+03	-1.856539e-01
1.118212e+03	-2.272926e-01
1.124671e+03	-2.029375e-01
1.131167e+03	-2.027401e-01
1.137701e+03	-1.977760e-01
1.144272e+03	-2.045092e-01
1.150881e+03	-2.005038e-01
1.157529e+03	-2.201774e-01
1.164215e+03	-2.051057e-01
1.170939e+03	-2.059832e-01
1.177702e+03	-2.110465e-01
1.184505e+03	-2.460089e-01
1.191346e+03	-2.275046e-01
1.198227e+03	-2.205716e-01
1.205148e+03	-2.212003e-01
1.212109e+03	-2.225293e-01
1.219110e+03	-2.331972e-01
1.226152e+03	-2.396783e-01
1.233234e+03	-2.307044e-01
1.240357e+03	-2.276463e-01
1.247521e+03	-2.512490e-01
1.254727e+03	-2.440717e-01
1.261974e+03	-2.415279e-01
1.269263e+03	-2.566411e-01
1.276595e+03	-2.352575e-01
1.283968e+03	-2.638707e-01
1.291384e+03	-2.537663e-01
1.298843e+03	-2.935886e-01
1.306345e+03	-2.738343e-01
1.313891e+03	-2.659343e-01
1.321480e+03	-2.835118e-01
1.329113e+03	-2.849111e-01
1.336790e+03	-2.840373e-01
1.344511e+03	-2.833971e-01
1.352277e+03	-2.936894e-01
1.360087e+03	-2.780733e-01
1.367943e+03	-2.934613e-01
1.375844e+03	-3.120275e-01
1.383791e+03	-2.980001e-01
1.391784e+03	-3.058776e-01
1.399823e+03	-3.149334e-01
1.407908e+03	-3.186056e-01
1.416040e+03	-3.173108e-01
1.424219e+03	-3.128727e-01
1.432445e+03	-3.427052e-01
1.440719e+03	-3.330577e-01
1.449041e+03	-3.274503e-01
1.457410e+03	-3.361735e-01
1.465828e+03	-3.260804e-01
1.474295e+03	-3.337267e-01
1.482810e+03	-3.507278e-01
1.491375e+03	-3.519079e-01
1.499989e+03	-3.547832e-01
1.508653e+03	-3.543983e-01
1.517367e+03	-3.650207e-01
1.526131e+03	-3.773516e-01
1.534946e+03	-3.594203e-01
1.543812e+03	-3.563203e-01
1.552729e+03	-3.813791e-01
1.561697e+03	-3.857987e-01
1.570717e+03	-3.758997e-01
1.579790e+03	-3.855746e-01
1.588915e+03	-4.017099e-01
1.598092e+03	-3.843903e-01
1.607323e+03	-4.206218e-01
1.616606e+03	-4.041403e-01
1.625944e+03	-4.178469e-01
1.635335e+03	-3.864416e-01
1.644781e+03	-4.079596e-01
1.654281e+03	-4.040859e-01
1.663836e+03	-4.111374e-01
1.673446e+03	-4.587471e-01
1.683112e+03	-4.482450e-01
1.692834e+03	-4.274543e-01
1.702611e+03	-4.477724e-01
1.712446e+03	-4.501584e-01
1.722337e+03	-4.492472e-01
1.732285e+03	-4.724429e-01
1.742290e+03	-4.568413e-01
1.752354e+03	-4.619501e-01
1.762475e+03	-4.633360e-01
1.772655e+03	-4.698724e-01
1.782894e+03	-4.862530e-01
1.793192e+03	-4.955112e-01
1.803549e+03	-4.872660e-01
1.813967e+03	-5.118598e-01
1.824444e+03	-5.009760e-01
1.834982e+03	-5.024736e-01
1.845581e+03	-5.175940e-01
1.856241e+03	-5.260520e-01
1.866962e+03	-5.291974e-01
1.877746e+03	-5.440790e-01
1.888592e+03	-5.245562e-01
1.899500e+03	-5.606534e-01
1.910472e+03	-5.493644e-01
1.921506e+03	-5.678955e-01
1.932605e+03	-5.627124e-01
1.943768e+03	-5.742729e-01
1.954995e+03	-5.862144e-01
1.966287e+03	-5.948720e-01
1.977644e+03	-5.981835e-01
1.989067e+03	-6.005209e-01
2.000555e+03	-6.131998e-01
2.012110e+03	-6.124055e-01
2.023732e+03	-6.152418e-01
2.035421e+03	-6.254477e-01
2.047178e+03	-6.200603e-01
2.059002e+03	-6.265658e-01
2.070895e+03	-6.524631e-01
2.082856e+03	-6.595556e-01
2.094887e+03	-6.654303e-01
2.106987e+03	-6.596346e-01
2.119157e+03	-6.617664e-01
2.131397e+03	-6.796147e-01
2.143708e+03	-6.752965e-01
2.156090e+03	-6.896962e-01
2.168543e+03	-7.057756e-01
2.181069e+03	-6.994549e-01
2.193666e+03	-7.129468e-01
2.206337e+03	-7.263562e-01
2.219081e+03	-7.319671e-01
2.231898e+03	-7.330381e-01
2.244789e+03	-7.235998e-01
2.257755e+03	-7.664563e-01
2.270796e+03	-7.659415e-01
2.283912e+03	-7.829008e-01
2.297104e+03	-7.677582e-01
2.310372e+03	-7.875065e-01
2.323716e+03	-8.020185e-01
2.337138e+03	-7.862752e-01
2.350637e+03	-8.136813e-01
2.364214e+03	-8.082373e-01
2.377870e+03	-8.358020e-01
2.391604e+03	-8.275661e-01
2.405418e+03	-8.469378e-01
2.419312e+03	-8.388796e-01
2.433286e+03	-8.496405e-01
2.447340e+03	-8.937337e-01
2.461476e+03	-8.868167e-01
2.475693e+03	-8.921968e-01
2.489993e+03	-9.095938e-01
2.504375e+03	-9.177949e-01
2.518840e+03	-9.111075e-01
2.533389e+03	-9.308495e-01
2.548022e+03	-9.321008e-01
2.562739e+03	-9.491363e-01
2.577541e+03	-9.794254e-01
2.592429e+03	-9.638441e-01
2.607403e+03	-9.921088e-01
2.622463e+03	-9.816850e-01
2.637610e+03	-9.813575e-01
2.652845e+03	-1.006399e+00
2.668168e+03	-1.026804e+00
2.683579e+03	-1.038060e+00
2.699079e+03	-1.047428e+00
2.714669e+03	-1.077123e+00
2.730349e+03	-1.071095e+00
2.746119e+03	-1.093345e+00
2.761981e+03	-1.067061e+00
2.777934e+03	-1.103061e+00
2.793979e+03	-1.100740e+00
2.810117e+03	-1.125467e+00
2.826348e+03	-1.140698e+00
2.842673e+03	-1.153747e+00
2.859092e+03	-1.150654e+00
2.875606e+03	-1.155769e+00
2.892215e+03	-1.171444e+00
2.908921e+03	-1.181345e+00
2.925722e+03	-1.210472e+00
2.942621e+03	-1.219449e+00
2.959618e+03	-1.239614e+00
2.976712e+03	-1.246925e+00
2.993906e+03	-1.260198e+00
3.011198e+03	-1.267871e+00
3.028591e+03	-1.281821e+00
3.046084e+03	-1.291231e+00
3.063678e+03	-1.303798e+00
3.081374e+03	-1.304620e+00
3.099172e+03	-1.326073e+00
3.117072e+03	-1.355499e+00
3.135076e+03	-1.348975e+00
3.153184e+03	-1.372446e+00
3.171397e+03	-1.393350e+00
3.189715e+03	-1.385081e+00
3.208139e+03	-1.411111e+00
3.226669e+03	-1.427088e+00
3.245306e+03	-1.439785e+00
3.264051e+03	-1.463486e+00
3.282904e+03	-1.473374e+00
3.301866e+03	-1.467730e+00
3.320937e+03	-1.475754e+00
3.340119e+03	-1.517520e+00
3.359411e+03	-1.530137e+00
3.378815e+03	-1.547932e+00
3.398331e+03	-1.539677e+00
3.417959e+03	-1.556077e+00
3.437701e+03	-1.590210e+00
3.457557e+03	-1.592579e+00
3.477528e+03	-1.603284e+00
3.497614e+03	-1.616264e+00
3.517816e+03	-1.641263e+00
3.538135e+03	-1.676228e+00
3.558571e+03	-1.668680e+00
3.579125e+03	-1.690772e+00
3.599798e+03	-1.716287e+00
3.620590e+03	-1.732721e+00
3.641503e+03	-1.729760e+00
3.662536e+03	-1.760909e+00
3.683691e+03	-1.787712e+00
3.704967e+03	-1.789447e+00
3.726367e+03	-1.813187e+00
3.747890e+03	-1.819244e+00
3.769538e+03	-1.831898e+00
3.791311e+03	-1.856061e+00
3.813209e+03	-1.874864e+00
3.835234e+03	-1.893867e+00
3.857386e+03	-1.911571e+00
3.879667e+03	-1.920777e+00
3.902075e+03	-1.950509e+00
3.924614e+03	-1.965623e+00
3.947282e+03	-1.992601e+00
3.970081e+03	-2.006702e+00
3.993012e+03	-2.022349e+00
4.016076e+03	-2.056380e+00
4.039272e+03	-2.054856e+00
4.062603e+03	-2.095194e+00
4.086069e+03	-2.084978e+00
4.109670e+03	-2.127710e+00
4.133407e+03	-2.123500e+00
4.157281e+03	-2.155794e+00
4.181294e+03	-2.163983e+00
4.205445e+03	-2.200532e+00
4.229735e+03	-2.202205e+00
4.254166e+03	-2.238058e+00
4.278738e+03	-2.251563e+00
4.303451e+03	-2.293414e+00
4.328308e+03	-2.291995e+00
4.353308e+03	-2.331459e+00
4.378453e+03	-2.340669e+00
4.403742e+03	-2.357285e+00
4.429178e+03	-2.376590e+00
4.454761e+03	-2.393640e+00
4.480492e+03	-2.437039e+00
4.506371e+03	-2.439055e+00
4.532399e+03	-2.455193e+00
4.558578e+03	-2.486588e+00
4.584908e+03	-2.515775e+00
4.611391e+03	-2.546438e+00
4.638026e+03	-2.562966e+00
4.664815e+03	-2.571928e+00
4.691759e+03	-2.604357e+00
4.718858e+03	-2.621362e+00
4.746114e+03	-2.635559e+00
4.773527e+03	-2.679719e+00
4.801099e+03	-2.686265e+00
4.828830e+03	-2.703720e+00
4.856721e+03	-2.734793e+00
4.884773e+03	-2.769684e+00
4.912988e+03	-2.790863e+00
4.941365e+03	-2.808618e+00
4.969906e+03	-2.827009e+00
4.998612e+03	-2.855849e+00
5.027484e+03	-2.878126e+00
5.056522e+03	-2.913435e+00
5.085729e+03	-2.952138e+00
5.115104e+03	-2.952668e+00
5.144648e+03	-2.993152e+00
5.174363e+03	-2.999333e+00
5.204250e+03	-3.020224e+00
5.234310e+03	-3.041607e+00
5.264543e+03	-3.093185e+00
5.294951e+03	-3.102657e+00
5.325534e+03	-3.145999e+00
5.356294e+03	-3.146088e+00
5.387232e+03	-3.176266e+00
5.418348e+03	-3.211225e+00
5.449645e+03	-3.232537e+00
5.481122e+03	-3.269773e+00
5.512780e+03	-3.272133e+00
5.544622e+03	-3.318196e+00
5.576647e+03	-3.338963e+00
5.608858e+03	-3.353183e+00
5.641254e+03	-3.387392e+00
5.673838e+03	-3.407104e+00
5.706610e+03	-3.429738e+00
5.739571e+03	-3.487514e+00
5.772723e+03	-3.491993e+00
5.806066e+03	-3.513293e+00
5.839601e+03	-3.547777e+00
5.873331e+03	-3.576512e+00
5.907255e+03	-3.608225e+00
5.941375e+03	-3.638587e+00
5.975692e+03	-3.674238e+00
6.010207e+03	-3.700397e+00
6.044922e+03	-3.733214e+00
6.079837e+03	-3.743233e+00
6.114954e+03	-3.785872e+00
6.150274e+03	-3.817844e+00
6.185797e+03	-3.843452e+00
6.221526e+03	-3.877031e+00
6.257462e+03	-3.890418e+00
6.293605e+03	-3.933754e+00
6.329956e+03	-3.952612e+00
6.366518e+03	-3.975852e+00
6.403290e+03	-4.006982e+00
6.440276e+03	-4.046441e+00
6.477474e+03	-4.058993e+00
6.514888e+03	-4.103078e+00
6.552518e+03	-4.148454e+00
6.590365e+03	-4.174825e+00
6.628430e+03	-4.198288e+00
6.666716e+03	-4.238888e+00
6.705223e+03	-4.281213e+00
6.743952e+03	-4.304526e+00
6.782905e+03	-4.330050e+00
6.822082e+03	-4.348367e+00
6.861486e+03	-4.365089e+00
6.901118e+03	-4.435096e+00
6.940979e+03	-4.429869e+00
6.981069e+03	-4.481980e+00
7.021392e+03	-4.518212e+00
7.061947e+03	-4.561913e+00
7.102737e+03	-4.582553e+00
7.143762e+03	-4.609300e+00
7.185024e+03	-4.634537e+00
7.226524e+03	-4.679290e+00
7.268264e+03	-4.691695e+00
7.310246e+03	-4.735154e+00
7.352469e+03	-4.794844e+00
7.394937e+03	-4.815726e+00
7.437650e+03	-4.837123e+00
7.480609e+03	-4.864582e+00
7.523817e+03	-4.905711e+00
7.567274e+03	-4.937658e+00
7.610982e+03	-4.989425e+00
7.654943e+03	-5.015395e+00
7.699158e+03	-5.047579e+00
7.743628e+03	-5.057024e+00
7.788355e+03	-5.106367e+00
7.833340e+03	-5.163046e+00
7.878585e+03	-5.177029e+00
7.924091e+03	-5.223771e+00
7.969861e+03	-5.265422e+00
8.015894e+03	-5.280151e+00
8.062194e+03	-5.315192e+00
8.108761e+03	-5.356891e+00
8.155596e+03	-5.396917e+00
8.202703e+03	-5.452641e+00
8.250081e+03	-5.464413e+00
8.297733e+03	-5.511243e+00
8.345661e+03	-5.532526e+00
8.393865e+03	-5.564812e+00
8.442348e+03	-5.617493e+00
8.491110e+03	-5.639418e+00
8.540155e+03	-5.679792e+00
8.589482e+03	-5.721463e+00
8.639095e+03	-5.744577e+00
8.688994e+03	-5.796048e+00
8.739181e+03	-5.820018e+00
8.789658e+03	-5.870260e+00
8.840427e+03	-5.891404e+00
8.891489e+03	-5.936961e+00
8.942846e+03	-5.979915e+00
8.994499e+03	-6.003422e+00
9.046451e+03	-6.043222e+00
9.098703e+03	-6.072913e+00
9.151257e+03	-6.107217e+00
9.204114e+03	-6.153856e+00
9.257277e+03	-6.200612e+00
9.310746e+03	-6.226319e+00
9.364525e+03	-6.269022e+00
9.418614e+03	-6.304906e+00
9.473015e+03	-6.358095e+00
9.527731e+03	-6.380114e+00
9.582763e+03	-6.421224e+00
9.638113e+03	-6.464880e+00
9.693782e+03	-6.500080e+00
9.749773e+03	-6.531356e+00
9.806087e+03	-6.564683e+00
9.862727e+03	-6.612740e+00
9.919693e+03	-6.641188e+00
9.976989e+03	-6.688457e+00
1.003462e+04	-6.732651e+00
1.009258e+04	-6.760801e+00
1.015087e+04	-6.817104e+00
1.020950e+04	-6.858547e+00
1.026847e+04	-6.904691e+00
1.032778e+04	-6.933129e+00
1.038743e+04	-6.960894e+00
1.044743e+04	-7.006999e+00
1.050777e+04	-7.061163e+00
1.056847e+04	-7.085566e+00
1.062951e+04	-7.135297e+00
1.069091e+04	-7.187121e+00
1.075266e+04	-7.211064e+00
1.081476e+04	-7.248240e+00
1.087723e+04	-7.274602e+00
1.094006e+04	-7.342009e+00
1.100324e+04	-7.369918e+00
1.106680e+04	-7.409344e+00
1.113072e+04	-7.441884e+00
1.119501e+04	-7.467104e+00
1.125967e+04	-7.521074e+00
1.132471e+04	-7.554095e+00
1.139012e+04	-7.622266e+00
1.145591e+04	-7.656974e+00
1.152208e+04	-7.685930e+00
1.158863e+04	-7.728721e+00
1.165556e+04	-7.751836e+00
1.172289e+04	-7.814490e+00
1.179060e+04	-7.868742e+00
1.185870e+04	-7.902943e+00
1.192719e+04	-7.935146e+00
1.199608e+04	-7.981614e+00
1.206537e+04	-8.023670e+00
1.213506e+04	-8.064606e+00
1.220515e+04	-8.115514e+00
1.227565e+04	-8.142747e+00
1.234655e+04	-8.193084e+00
1.241787e+04	-8.241694e+00
1.248959e+04	-8.284633e+00
1.256173e+04	-8.313071e+00
1.263429e+04	-8.364061e+00
1.270726e+04	-8.400526e+00
1.278066e+04	-8.442767e+00
1.285448e+04	-8.461177e+00
1.292873e+04	-8.519021e+00
1.300340e+04	-8.565918e+00
1.307851e+04	-8.618966e+00
1.315405e+04	-8.658280e+00
1.323003e+04	-8.695304e+00
1.330644e+04	-8.727386e+00
1.338330e+04	-8.782370e+00
1.346060e+04	-8.816105e+00
1.353835e+04	-8.854722e+00
1.361655e+04	-8.918771e+00
1.369520e+04	-8.935386e+00
1.377430e+04	-9.003016e+00
1.385386e+04	-9.024916e+00
1.393388e+04	-9.070304e+00
1.401436e+04	-9.129541e+00
1.409531e+04	-9.167001e+00
1.417672e+04	-9.206981e+00
1.425861e+04	-9.249618e+00
1.434096e+04	-9.287536e+00
1.442379e+04	-9.335199e+00
1.450711e+04	-9.374634e+00
1.459090e+04	-9.421593e+00
1.467518e+04	-9.457046e+00
1.475994e+04	-9.523124e+00
1.484519e+04	-9.547022e+00
1.493094e+04	-9.601961e+00
1.501718e+04	-9.637833e+00
1.510392e+04	-9.679732e+00
1.519116e+04	-9.746523e+00
1.527890e+04	-9.768248e+00
1.536715e+04	-9.822599e+00
1.545591e+04	-9.855692e+00
1.554518e+04	-9.898176e+00
1.563497e+04	-9.956840e+00
1.572528e+04	-9.995113e+00
1.581611e+04	-1.003878e+01
1.590746e+04	-1.008269e+01
1.599934e+04	-1.013330e+01
1.609175e+04	-1.017000e+01
1.618470e+04	-1.021569e+01
1.627818e+04	-1.023247e+01
1.637220e+04	-1.031086e+01
1.646677e+04	-1.033696e+01
1.656188e+04	-1.038857e+01
1.665754e+04	-1.041953e+01
1.675375e+04	-1.047745e+01
1.685052e+04	-1.050936e+01
1.694785e+04	-1.055844e+01
1.704574e+04	-1.062156e+01
1.714419e+04	-1.064235e+01
1.724322e+04	-1.068562e+01
1.734281e+04	-1.074318e+01
1.744299e+04	-1.077678e+01
1.754374e+04	-1.082312e+01
1.764507e+04	-1.086241e+01
1.774698e+04	-1.090653e+01
1.784949e+04	-1.095113e+01
1.795259e+04	-1.101205e+01
1.805628e+04	-1.104856e+01
1.816057e+04	-1.109324e+01
1.826547e+04	-1.112590e+01
1.837097e+04	-1.116287e+01
1.847708e+04	-1.123183e+01
1.858380e+04	-1.126142e+01
1.869114e+04	-1.131146e+01
1.879910e+04	-1.136779e+01
1.890768e+04	-1.140747e+01
1.901689e+04	-1.143833e+01
1.912673e+04	-1.148549e+01
1.923721e+04	-1.154141e+01
1.934832e+04	-1.158654e+01
1.946008e+04	-1.163721e+01
1.957248e+04	-1.167648e+01
1.968553e+04	-1.172760e+01
1.979923e+04	-1.176462e+01
1.991359e+04	-1.180506e+01
2.002861e+04	-1.184417e+01
2.014430e+04	-1.191527e+01
2.026065e+04	-1.194698e+01
2.037767e+04	-1.197758e+01
2.049537e+04	-1.203369e+01
2.061375e+04	-1.207599e+01
2.073282e+04	-1.211847e+01
2.085257e+04	-1.215342e+01
2.097301e+04	-1.221391e+01
2.109415e+04	-1.224096e+01
2.121599e+04	-1.229407e+01
2.133853e+04	-1.234389e+01
2.146178e+04	-1.238390e+01
2.158575e+04	-1.242902e+01
2.171043e+04	-1.245996e+01
2.183582e+04	-1.253506e+01
2.196195e+04	-1.255655e+01
2.208880e+04	-1.260764e+01
2.221638e+04	-1.266202e+01
2.234470e+04	-1.270482e+01
2.247377e+04	-1.273483e+01
2.260357e+04	-1.276726e+01
2.273413e+04	-1.283486e+01
2.286544e+04	-1.287672e+01
2.299751e+04	-1.291433e+01
2.313034e+04	-1.297143e+01
2.326394e+04	-1.300910e+01
2.339832e+04	-1.305429e+01
2.353346e+04	-1.309930e+01
2.366939e+04	-1.314421e+01
2.380610e+04	-1.319257e+01
2.394361e+04	-1.325885e+01
2.408191e+04	-1.327855e+01
2.422100e+04	-1.333057e+01
2.436090e+04	-1.336659e+01
2.450161e+04	-1.340384e+01
2.464313e+04	-1.347195e+01
2.478547e+04	-1.350161e+01
2.492863e+04	-1.355317e+01
2.507261e+04	-1.359794e+01
2.521743e+04	-1.363733e+01
2.536309e+04	-1.369114e+01
2.550958e+04	-1.371829e+01
2.565692e+04	-1.377198e+01
2.580512e+04	-1.382643e+01
2.595417e+04	-1.385240e+01
2.610408e+04	-1.388717e+01
2.625485e+04	-1.395354e+01
2.640650e+04	-1.398893e+01
2.655902e+04	-1.403032e+01
2.671243e+04	-1.407088e+01
2.686672e+04	-1.414336e+01
2.702190e+04	-1.416988e+01
2.717798e+04	-1.420416e+01
2.733495e+04	-1.425826e+01
2.749284e+04	-1.429338e+01
2.765164e+04	-1.433956e+01
2.781135e+04	-1.441435e+01
2.797199e+04	-1.442325e+01
2.813355e+04	-1.447558e+01
2.829605e+04	-1.451549e+01
2.845949e+04	-1.456630e+01
2.862387e+04	-1.461384e+01
2.878920e+04	-1.466741e+01
2.895549e+04	-1.469911e+01
2.912273e+04	-1.472903e+01
2.929094e+04	-1.478319e+01
2.946013e+04	-1.483070e+01
2.963029e+04	-1.486976e+01
2.980143e+04	-1.491733e+01
2.997356e+04	-1.494115e+01
3.014669e+04	-1.498648e+01
3.032081e+04	-1.505833e+01
3.049595e+04	-1.508220e+01
3.067209e+04	-1.513388e+01
3.084925e+04	-1.516170e+01
3.102743e+04	-1.521741e+01
3.120665e+04	-1.527520e+01
3.138690e+04	-1.528705e+01
3.156819e+04	-1.535677e+01
3.175052e+04	-1.540111e+01
3.193391e+04	-1.543762e+01
3.211836e+04	-1.547736e+01
3.230388e+04	-1.551627e+01
3.249046e+04	-1.556881e+01
3.267812e+04	-1.559919e+01
3.286687e+04	-1.565150e+01
3.305671e+04	-1.569776e+01
3.324764e+04	-1.571760e+01
3.343968e+04	-1.575540e+01
3.363283e+04	-1.580887e+01
3.382709e+04	-1.583732e+01
3.402247e+04	-1.590344e+01
3.421899e+04	-1.594646e+01
3.441663e+04	-1.598123e+01
3.461542e+04	-1.604167e+01
3.481536e+04	-1.607071e+01
3.501645e+04	-1.610915e+01
3.521871e+04	-1.613813e+01
3.542213e+04	-1.619303e+01
3.562672e+04	-1.623838e+01
3.583250e+04	-1.629013e+01
3.603947e+04	-1.632363e+01
3.624763e+04	-1.638226e+01
3.645700e+04	-1.640891e+01
3.666757e+04	-1.646387e+01
3.687936e+04	-1.648946e+01
3.709238e+04	-1.652178e+01
3.730662e+04	-1.658241e+01
3.752210e+04	-1.660749e+01
3.773883e+04	-1.664610e+01
3.795680e+04	-1.669478e+01
3.817604e+04	-1.674481e+01
3.839654e+04	-1.678435e+01
3.861832e+04	-1.683031e+01
3.884138e+04	-1.685871e+01
3.906573e+04	-1.687429e+01
3.929137e+04	-1.694927e+01
3.951831e+04	-1.698022e+01
3.974657e+04	-1.701079e+01
3.997614e+04	-1.706144e+01
4.020704e+04	-1.711252e+01
4.043928e+04	-1.714717e+01
4.067285e+04	-1.715611e+01
4.090778e+04	-1.723073e+01
4.114406e+04	-1.725608e+01
4.138171e+04	-1.730671e+01
4.162073e+04	-1.733175e+01
4.186113e+04	-1.738131e+01
4.210291e+04	-1.740436e+01
4.234610e+04	-1.747078e+01
4.259069e+04	-1.748090e+01
4.283669e+04	-1.752562e+01
4.308411e+04	-1.756055e+01
4.333297e+04	-1.760066e+01
4.358325e+04	-1.764653e+01
4.383499e+04	-1.768019e+01
4.408818e+04	-1.773407e+01
4.434283e+04	-1.775020e+01
4.459895e+04	-1.778553e+01
4.485655e+04	-1.785062e+01
4.511564e+04	-1.787595e+01
4.537623e+04	-1.790797e+01
4.563832e+04	-1.794488e+01
4.590193e+04	-1.798075e+01
4.616705e+04	-1.805088e+01
4.643371e+04	-1.806726e+01
4.670191e+04	-1.808606e+01
4.697166e+04	-1.812537e+01
4.724297e+04	-1.816133e+01
4.751584e+04	-1.820912e+01
4.779029e+04	-1.823319e+01
4.806633e+04	-1.828263e+01
4.834395e+04	-1.829990e+01
4.862319e+04	-1.835289e+01
4.890403e+04	-1.839536e+01
4.918650e+04	-1.842633e+01
4.947060e+04	-1.846051e+01
4.975634e+04	-1.846561e+01
5.004373e+04	-1.851641e+01
5.033278e+04	-1.855518e+01
5.062350e+04	-1.858817e+01
5.091590e+04	-1.861724e+01
5.120999e+04	-1.866488e+01
5.150578e+04	-1.869875e+01
5.180327e+04	-1.872976e+01
5.210248e+04	-1.878177e+01
5.240343e+04	-1.881638e+01
5.270611e+04	-1.882848e+01
5.301053e+04	-1.887164e+01
5.331672e+04	-1.890940e+01
5.362468e+04	-1.892441e+01
5.393441e+04	-1.896072e+01
5.424593e+04	-1.900077e+01
5.455926e+04	-1.903047e+01
5.487439e+04	-1.906379e+01
5.519134e+04	-1.909098e+01
5.551012e+04	-1.913193e+01
5.583075e+04	-1.916347e+01
5.615322e+04	-1.919083e+01
5.647756e+04	-1.921164e+01
5.680377e+04	-1.926585e+01
5.713187e+04	-1.928402e+01
5.746186e+04	-1.930718e+01
5.779376e+04	-1.934358e+01
5.812757e+04	-1.937701e+01
5.846332e+04	-1.940240e+01
5.880100e+04	-1.940349e+01
5.914063e+04	-1.946793e+01
5.948222e+04	-1.947633e+01
5.982579e+04	-1.950289e+01
6.017134e+04	-1.954646e+01
6.051889e+04	-1.956869e+01
6.086844e+04	-1.957511e+01
6.122002e+04	-1.961825e+01
6.157362e+04	-1.964408e+01
6.192927e+04	-1.967295e+01
6.228697e+04	-1.970477e+01
6.264674e+04	-1.971997e+01
6.300858e+04	-1.976053e+01
6.337252e+04	-1.979915e+01
6.373855e+04	-1.981295e+01
6.410670e+04	-1.982577e+01
6.447698e+04	-1.985335e+01
6.484940e+04	-1.986238e+01
6.522397e+04	-1.989767e+01
6.560070e+04	-1.990945e+01
6.597960e+04	-1.995495e+01
6.636070e+04	-1.996616e+01
6.674400e+04	-2.000154e+01
6.712951e+04	-2.000916e+01
6.751724e+04	-2.003270e+01
6.790722e+04	-2.006205e+01
6.829945e+04	-2.006763e+01
6.869395e+04	-2.009333e+01
6.909072e+04	-2.011242e+01
6.948978e+04	-2.014780e+01
6.989115e+04	-2.015187e+01
7.029484e+04	-2.017668e+01
7.070086e+04	-2.019127e+01
7.110923e+04	-2.021564e+01
7.151995e+04	-2.024034e+01
7.193305e+04	-2.025246e+01
7.234853e+04	-2.026730e+01
7.276641e+04	-2.028372e+01
7.318671e+04	-2.029177e+01
7.360943e+04	-2.032175e+01
7.403460e+04	-2.032411e+01
7.446222e+04	-2.033800e+01
7.489231e+04	-2.037252e+01
7.532488e+04	-2.039054e+01
7.575996e+04	-2.038759e+01
7.619754e+04	-2.041139e+01
7.663766e+04	-2.039296e+01
7.708031e+04	-2.042520e+01
7.752553e+04	-2.042787e+01
7.797331e+04	-2.045232e+01
7.842368e+04	-2.044288e+01
7.887665e+04	-2.046474e+01
7.933224e+04	-2.046468e+01
7.979046e+04	-2.048083e+01
8.025133e+04	-2.048485e+01
8.071486e+04	-2.048398e+01
8.118106e+04	-2.049502e+01
8.164996e+04	-2.051694e+01
8.212157e+04	-2.051192e+01
8.259590e+04	-2.051242e+01
8.307297e+04	-2.050867e+01
8.355279e+04	-2.053208e+01
8.403539e+04	-2.051469e+01
8.452078e+04	-2.051280e+01
8.500897e+04	-2.054055e+01
8.549997e+04	-2.052351e+01
8.599382e+04	-2.053059e+01
8.649052e+04	-2.052766e+01
8.699008e+04	-2.053178e+01
8.749253e+04	-2.052317e+01
8.799789e+04	-2.051373e+01
8.850616e+04	-2.051358e+01
8.901737e+04	-2.052628e+01
8.953153e+04	-2.052387e+01
9.004866e+04	-2.051875e+01
9.056877e+04	-2.050368e+01
9.109190e+04	-2.047749e+01
9.161804e+04	-2.049225e+01
9.214722e+04	-2.047053e+01
9.267946e+04	-2.045743e+01
9.321477e+04	-2.045606e+01
9.375318e+04	-2.044622e+01
9.429469e+04	-2.043371e+01
9.483933e+04	-2.041522e+01
9.538712e+04	-2.039698e+01
9.593807e+04	-2.039742e+01
9.649221e+04	-2.037152e+01
9.704954e+04	-2.033974e+01
9.761010e+04	-2.033934e+01
9.817389e+04	-2.031151e+01
9.874094e+04	-2.028258e+01
9.931126e+04	-2.028324e+01
9.988488e+04	-2.025225e+01
1.004618e+05	-2.021959e+01
1.010421e+05	-2.019091e+01
1.016257e+05	-2.016494e+01
1.022127e+05	-2.013104e+01
1.028031e+05	-2.012747e+01
1.033968e+05	-2.008214e+01
1.039941e+05	-2.005365e+01
1.045947e+05	-2.002128e+01
1.051989e+05	-1.997321e+01
1.058065e+05	-1.994116e+01
1.064176e+05	-1.990085e+01
1.070323e+05	-1.988094e+01
1.076505e+05	-1.982686e+01
1.082723e+05	-1.979337e+01
1.088977e+05	-1.975663e+01
1.095266e+05	-1.969679e+01
1.101593e+05	-1.963251e+01
1.107955e+05	-1.963508e+01
1.114355e+05	-1.956436e+01
1.120791e+05	-1.948419e+01
1.127265e+05	-1.943572e+01
1.133776e+05	-1.939334e+01
1.140325e+05	-1.932539e+01
1.146911e+05	-1.926394e+01
1.153536e+05	-1.921544e+01
1.160198e+05	-1.914035e+01
1.166900e+05	-1.907199e+01
1.173640e+05	-1.902102e+01
1.180419e+05	-1.894606e+01
1.187237e+05	-1.886066e+01
1.194094e+05	-1.878278e+01
1.200991e+05	-1.871746e+01
1.207928e+05	-1.864233e+01
1.214905e+05	-1.855898e+01
1.221922e+05	-1.846667e+01
1.228980e+05	-1.835500e+01
1.236078e+05	-1.826355e+01
1.243218e+05	-1.819920e+01
1.250399e+05	-1.806193e+01
1.257621e+05	-1.797386e+01
1.264885e+05	-1.788680e+01
1.272191e+05	-1.775941e+01
1.279539e+05	-1.765565e+01
1.286930e+05	-1.756409e+01
1.294363e+05	-1.742463e+01
1.301839e+05	-1.729991e+01
1.309358e+05	-1.716565e+01
1.316921e+05	-1.703549e+01
1.324528e+05	-1.690893e+01
1.332178e+05	-1.676925e+01
1.339873e+05	-1.660860e+01
1.347612e+05	-1.646293e+01
1.355395e+05	-1.630782e+01
1.363224e+05	-1.614248e+01
1.371098e+05	-1.597952e+01
1.379018e+05	-1.579523e+01
1.386983e+05	-1.562237e+01
1.394994e+05	-1.543472e+01
1.403051e+05	-1.521556e+01
1.411155e+05	-1.503121e+01
1.419306e+05	-1.483342e+01
1.427504e+05	-1.460935e+01
1.435749e+05	-1.438074e+01
1.444042e+05	-1.414936e+01
1.452383e+05	-1.390116e+01
1.460772e+05	-1.364459e+01
1.469209e+05	-1.338056e+01
1.477695e+05	-1.309662e+01
1.486230e+05	-1.280823e+01
1.494814e+05	-1.251716e+01
1.503448e+05	-1.214654e+01
1.512132e+05	-1.184812e+01
1.520866e+05	-1.148117e+01
1.529651e+05	-1.113122e+01
1.538486e+05	-1.072936e+01
1.547372e+05	-1.030745e+01
1.556310e+05	-9.866376e+00
1.565299e+05	-9.398331e+00
1.574340e+05	-8.920796e+00
1.583433e+05	-8.413688e+00
1.592579e+05	-7.840204e+00
1.601778e+05	-7.251985e+00
1.611030e+05	-6.635727e+00
1.620335e+05	-5.943773e+00
1.629694e+05	-5.258949e+00
1.639107e+05	-4.505126e+00
1.648574e+05	-3.697661e+00
1.658097e+05	-2.885703e+00
1.667674e+05	-2.064060e+00
1.677306e+05	-1.323929e+00
1.686994e+05	-6.664265e-01
1.696738e+05	-1.736949e-01
1.706538e+05	5.226419e-03
1.716395e+05	-1.443335e-01
1.726309e+05	-5.922977e-01
1.736280e+05	-1.249047e+00
1.746309e+05	-2.038286e+00
1.756395e+05	-2.917320e+00
1.766540e+05	-3.774555e+00
1.776744e+05	-4.635483e+00
1.787006e+05	-5.452380e+00
1.797328e+05	-6.223400e+00
1.807709e+05	-6.951056e+00
1.818150e+05	-7.662995e+00
1.828652e+05	-8.301457e+00
1.839214e+05	-8.932115e+00
1.849837e+05	-9.500005e+00
1.860522e+05	-1.003334e+01
1.871268e+05	-1.058385e+01
1.882077e+05	-1.105016e+01
1.892948e+05	-1.152844e+01
1.903881e+05	-1.197083e+01
1.914878e+05	-1.239202e+01
1.925938e+05	-1.279895e+01
1.937062e+05	-1.319481e+01
1.948251e+05	-1.357663e+01
1.959504e+05	-1.390189e+01
1.970822e+05	-1.425736e+01
1.982205e+05	-1.457432e+01
1.993654e+05	-1.488499e+01
2.005169e+05	-1.520704e+01
2.016751e+05	-1.549227e+01
2.028400e+05	-1.576673e+01
2.040116e+05	-1.602539e+01
2.051899e+05	-1.628892e+01
2.063751e+05	-1.654685e+01
2.075671e+05	-1.676223e+01
2.087660e+05	-1.699542e+01
2.099719e+05	-1.720975e+01
2.111846e+05	-1.743793e+01
2.124044e+05	-1.763768e+01
2.136313e+05	-1.782254e+01
2.148652e+05	-1.802975e+01
2.161063e+05	-1.819055e+01
2.173545e+05	-1.836849e+01
2.186099e+05	-1.854994e+01
2.198726e+05	-1.870287e+01
2.211426e+05	-1.885388e+01
2.224199e+05	-1.901064e+01
2.237046e+05	-1.912123e+01
2.249967e+05	-1.929803e+01
2.262962e+05	-1.939920e+01
2.276033e+05	-1.952489e+01
2.289179e+05	-1.964515e+01
2.302402e+05	-1.975064e+01
2.315700e+05	-1.986151e+01
2.329076e+05	-1.995693e+01
2.342528e+05	-2.006653e+01
2.356059e+05	-2.013356e+01
2.369667e+05	-2.020497e+01
2.383354e+05	-2.029471e+01
2.397120e+05	-2.035381e+01
2.410966e+05	-2.041499e+01
2.424892e+05	-2.046661e+01
2.438898e+05	-2.053128e+01
2.452985e+05	-2.058047e+01
2.467153e+05	-2.061036e+01
2.481403e+05	-2.066326e+01
2.495736e+05	-2.066096e+01
2.510151e+05	-2.067653e+01
2.524650e+05	-2.068809e+01
2.539232e+05	-2.071571e+01
2.553898e+05	-2.069612e+01
2.568650e+05	-2.068637e+01
2.583486e+05	-2.068362e+01
2.598408e+05	-2.066650e+01
2.613416e+05	-2.062573e+01
2.628511e+05	-2.060618e+01
2.643694e+05	-2.054114e+01
2.658963e+05	-2.050899e+01
2.674321e+05	-2.042900e+01
2.689768e+05	-2.037124e+01
2.705304e+05	-2.027818e+01
2.720930e+05	-2.020608e+01
2.736646e+05	-2.013159e+01
2.752453e+05	-2.000606e+01
2.768351e+05	-1.988534e+01
2.784341e+05	-1.974402e+01
2.800423e+05	-1.961778e+01
2.816598e+05	-1.948639e+01
2.832867e+05	-1.931015e+01
2.849229e+05	-1.915436e+01
2.865686e+05	-1.895790e+01
2.882238e+05	-1.876571e+01
2.898886e+05	-1.853844e+01
2.915630e+05	-1.829620e+01
2.932470e+05	-1.808130e+01
2.949408e+05	-1.778122e+01
2.966444e+05	-1.749335e+01
2.983578e+05	-1.717963e+01
3.000811e+05	-1.683204e+01
3.018143e+05	-1.648344e+01
3.035576e+05	-1.612325e+01
3.053109e+05	-1.569738e+01
3.070744e+05	-1.524791e+01
3.088481e+05	-1.472657e+01
3.106320e+05	-1.423032e+01
3.124261e+05	-1.363131e+01
3.142307e+05	-1.299362e+01
3.160457e+05	-1.226965e+01
3.178712e+05	-1.153673e+01
3.197072e+05	-1.066405e+01
3.215538e+05	-9.692427e+00
3.234111e+05	-8.581793e+00
3.252791e+05	-7.329301e+00
3.271579e+05	-5.898101e+00
3.290475e+05	-4.299840e+00
3.309481e+05	-2.547082e+00
3.328596e+05	-9.108992e-01
3.347822e+05	-1.995235e-02
3.367159e+05	-5.302841e-01
3.386608e+05	-2.044815e+00
3.406169e+05	-3.849230e+00
3.425842e+05	-5.613893e+00
3.445630e+05	-7.171244e+00
3.465532e+05	-8.523637e+00
3.485549e+05	-9.753885e+00
3.505681e+05	-1.082216e+01
3.525930e+05	-1.179375e+01
3.546295e+05	-1.265502e+01
3.566778e+05	-1.342667e+01
3.587380e+05	-1.414554e+01
3.608101e+05	-1.479843e+01
3.628941e+05	-1.538769e+01
3.649901e+05	-1.595204e+01
3.670983e+05	-1.644466e+01
3.692187e+05	-1.694530e+01
3.713513e+05	-1.738366e+01
3.734962e+05	-1.778140e+01
3.756535e+05	-1.814879e+01
3.778232e+05	-1.849864e+01
3.800055e+05	-1.881210e+01
3.822004e+05	-1.911115e+01
3.844080e+05	-1.939054e+01
3.866283e+05	-1.963201e+01
3.888615e+05	-1.986010e+01
3.911075e+05	-2.008172e+01
3.933665e+05	-2.025600e+01
3.956386e+05	-2.042027e+01
3.979238e+05	-2.055996e+01
4.002222e+05	-2.068397e+01
4.025338e+05	-2.079033e+01
4.048589e+05	-2.089675e+01
4.071973e+05	-2.096022e+01
4.095493e+05	-2.099625e+01
4.119148e+05	-2.102175e+01
4.142940e+05	-2.102978e+01
4.166870e+05	-2.103179e+01
4.190937e+05	-2.097652e+01
4.215144e+05	-2.093967e+01
4.239490e+05	-2.085077e+01
4.263978e+05	-2.075309e+01
4.288606e+05	-2.061604e+01
4.313377e+05	-2.044919e+01
4.338291e+05	-2.028738e+01
4.363349e+05	-2.005999e+01
4.388551e+05	-1.982442e+01
4.413899e+05	-1.953828e+01
4.439394e+05	-1.923626e+01
4.465035e+05	-1.885809e+01
4.490825e+05	-1.847108e+01
4.516764e+05	-1.802222e+01
4.542853e+05	-1.752174e+01
4.569092e+05	-1.697521e+01
4.595483e+05	-1.631180e+01
4.622026e+05	-1.560843e+01
4.648723e+05	-1.476738e+01
4.675574e+05	-1.380669e+01
4.702580e+05	-1.270814e+01
4.729742e+05	-1.139735e+01
4.757060e+05	-9.858305e+00
4.784537e+05	-7.959743e+00
4.812172e+05	-5.604614e+00
4.839967e+05	-2.738257e+00
4.867923e+05	-2.451893e-01
4.896040e+05	-7.894939e-01
4.924319e+05	-3.661122e+00
4.952762e+05	-6.488313e+00
4.981369e+05	-8.804674e+00
5.010141e+05	-1.067985e+01
5.039079e+05	-1.224793e+01
5.068185e+05	-1.356690e+01
5.097458e+05	-1.468720e+01
5.126901e+05	-1.569734e+01
5.156514e+05	-1.655284e+01
5.186298e+05	-1.731786e+01
5.216253e+05	-1.797632e+01
5.246382e+05	-1.856905e+01
5.276685e+05	-1.911288e+01
5.307163e+05	-1.959015e+01
5.337817e+05	-1.997353e+01
5.368648e+05	-2.032698e+01
5.399657e+05	-2.063719e+01
5.430845e+05	-2.089485e+01
5.462214e+05	-2.111395e+01
5.493763e+05	-2.128876e+01
5.525495e+05	-2.140514e+01
5.557410e+05	-2.147338e+01
5.589509e+05	-2.150879e+01
5.621794e+05	-2.149197e+01
5.654265e+05	-2.142743e+01
5.686924e+05	-2.131578e+01
5.719772e+05	-2.115186e+01
5.752809e+05	-2.092153e+01
5.786037e+05	-2.063035e+01
5.819457e+05	-2.029007e+01
5.853070e+05	-1.986080e+01
5.886877e+05	-1.935916e+01
5.920879e+05	-1.872817e+01
5.955078e+05	-1.801506e+01
5.989474e+05	-1.716581e+01
6.024069e+05	-1.612839e+01
6.058864e+05	-1.489516e+01
6.093860e+05	-1.335916e+01
6.129058e+05	-1.141303e+01
6.164459e+05	-8.868798e+00
6.200064e+05	-5.349807e+00
6.235876e+05	-9.565742e-01
6.271894e+05	-1.253628e+00
6.308120e+05	-5.753606e+00
6.344555e+05	-9.323653e+00
6.381201e+05	-1.192986e+01
6.418059e+05	-1.394891e+01
6.455129e+05	-1.557071e+01
6.492414e+05	-1.690440e+01
6.529914e+05	-1.800134e+01
6.567630e+05	-1.893175e+01
6.605565e+05	-1.970125e+01
6.643718e+05	-2.033865e+01
6.682092e+05	-2.088784e+01
6.720688e+05	-2.132154e+01
6.759506e+05	-2.165141e+01
6.798549e+05	-2.190881e+01
6.837817e+05	-2.204780e+01
6.877312e+05	-2.212636e+01
6.917035e+05	-2.208746e+01
6.956987e+05	-2.198827e+01
6.997171e+05	-2.173944e+01
7.037586e+05	-2.141091e+01
7.078235e+05	-2.097400e+01
7.119118e+05	-2.037081e+01
7.160238e+05	-1.959000e+01
7.201595e+05	-1.858646e+01
7.243191e+05	-1.736448e+01
7.285028e+05	-1.573933e+01
7.327106e+05	-1.356293e+01
7.369427e+05	-1.052996e+01
7.411992e+05	-5.816252e+00
7.454804e+05	-5.308230e-02
7.497862e+05	-5.178437e+00
7.541170e+05	-1.035296e+01
7.584727e+05	-1.371075e+01
7.628536e+05	-1.608332e+01
7.672598e+05	-1.788931e+01
7.716915e+05	-1.931858e+01
7.761488e+05	-2.041649e+01
7.806318e+05	-2.126865e+01
7.851407e+05	-2.194124e+01
7.896756e+05	-2.243564e+01
7.942367e+05	-2.275293e+01
7.988242e+05	-2.289750e+01
8.034382e+05	-2.287964e+01
8.080788e+05	-2.268058e+01
8.127463e+05	-2.228151e+01
8.174406e+05	-2.169675e+01
8.221621e+05	-2.080152e+01
8.269109e+05	-1.956598e+01
8.316871e+05	-1.787857e+01
8.364909e+05	-1.547136e+01
8.413225e+05	-1.173994e+01
8.461819e+05	-5.017132e+00
8.510694e+05	-2.447306e+00
8.559852e+05	-1.066429e+01
8.609293e+05	-1.512587e+01
8.659020e+05	-1.803832e+01
8.709034e+05	-2.005365e+01
8.759337e+05	-2.151244e+01
8.809931e+05	-2.256789e+01
8.860816e+05	-2.331236e+01
8.911996e+05	-2.374300e+01
8.963471e+05	-2.383424e+01
9.015244e+05	-2.367637e+01
9.067316e+05	-2.317018e+01
9.119688e+05	-2.225137e+01
9.172363e+05	-2.082225e+01
9.225342e+05	-1.864986e+01
9.278628e+05	-1.506284e+01
9.332221e+05	-8.129550e+00
9.386123e+05	-3.461586e+00
9.440337e+05	-1.347550e+01
9.494864e+05	-1.815347e+01
9.549706e+05	-2.099270e+01
9.604865e+05	-2.284420e+01
9.660342e+05	-2.402290e+01
9.716140e+05	-2.465998e+01
9.772260e+05	-2.479102e+01
9.828704e+05	-2.439089e+01
9.885474e+05	-2.335717e+01
9.942572e+05	-2.143821e+01
1.000000e+06	-1.807174e+01
