Frequency(Hz)	Magnitude(dB)
1.000000e+01	9.816157e-03
1.005776e+01	4.526211e-03
1.011585e+01	1.549161e-04
1.017428e+01	-7.009125e-05
1.023305e+01	-6.406112e-03
1.029215e+01	-3.378795e-03
1.035160e+01	1.012336e-02
1.041139e+01	-3.110839e-04
1.047153e+01	-5.265036e-03
1.053201e+01	-2.145601e-03
1.059284e+01	1.000560e-02
1.065403e+01	-1.686174e-02
1.071556e+01	-1.178178e-02
1.077746e+01	-9.516533e-03
1.083971e+01	7.133858e-04
1.090232e+01	-6.702192e-03
1.096529e+01	-4.443982e-03
1.102862e+01	4.328056e-03
1.109232e+01	3.379206e-03
1.115639e+01	-1.851530e-02
1.122083e+01	2.323134e-02
1.128564e+01	-3.994233e-03
1.135083e+01	-2.145318e-02
1.141639e+01	-1.673956e-02
1.148233e+01	-7.866142e-03
1.154865e+01	-2.759702e-03
1.161536e+01	7.560845e-03
1.168245e+01	-1.228070e-02
1.174992e+01	-2.667429e-03
1.181779e+01	1.390475e-02
1.188605e+01	3.372656e-03
1.195470e+01	4.550249e-03
1.202375e+01	-5.798591e-03
1.209320e+01	-5.049885e-03
1.216305e+01	6.963712e-03
1.223330e+01	1.901122e-03
1.230396e+01	-7.944947e-03
1.237503e+01	1.265098e-02
1.244651e+01	8.312755e-03
1.251840e+01	1.820973e-02
1.259070e+01	2.525637e-02
1.266343e+01	2.629230e-03
1.273657e+01	1.391954e-02
1.281014e+01	-7.226046e-03
1.288413e+01	-1.229205e-02
1.295855e+01	2.184617e-03
1.303339e+01	-1.731778e-02
1.310867e+01	8.443417e-03
1.318439e+01	6.235362e-03
1.326054e+01	-1.323208e-02
1.333713e+01	-1.670782e-03
1.341417e+01	1.830013e-02
1.349165e+01	4.192586e-03
1.356958e+01	-4.221915e-02
1.364795e+01	-5.727849e-03
1.372678e+01	-2.456108e-02
1.380607e+01	-2.635677e-03
1.388581e+01	1.292875e-02
1.396602e+01	6.058165e-03
1.404668e+01	-1.710444e-02
1.412782e+01	-3.699807e-03
1.420942e+01	3.575793e-03
1.429149e+01	6.731547e-03
1.437404e+01	1.142548e-02
1.445706e+01	-4.026014e-03
1.454057e+01	1.762040e-04
1.462455e+01	9.037557e-03
1.470902e+01	2.295577e-02
1.479398e+01	-1.363774e-02
1.487943e+01	7.027753e-03
1.496537e+01	1.197514e-03
1.505181e+01	-1.136666e-02
1.513875e+01	-4.052255e-03
1.522619e+01	-2.659253e-03
1.531414e+01	6.150977e-03
1.540259e+01	1.751602e-02
1.549156e+01	3.796350e-03
1.558103e+01	-5.037670e-03
1.567103e+01	-8.845255e-04
1.576155e+01	9.794125e-03
1.585258e+01	5.273660e-03
1.594415e+01	-8.645450e-03
1.603624e+01	1.106644e-02
1.612886e+01	-1.051207e-02
1.622202e+01	2.226131e-02
1.631572e+01	1.412046e-03
1.640996e+01	-3.202847e-03
1.650474e+01	3.009192e-03
1.660008e+01	-2.097231e-02
1.669596e+01	-2.602029e-03
1.679239e+01	5.800694e-04
1.688938e+01	-8.826039e-03
1.698694e+01	1.824001e-02
1.708505e+01	-2.417995e-02
1.718373e+01	9.405757e-03
1.728299e+01	5.389837e-03
1.738281e+01	-9.946870e-03
1.748322e+01	-2.192506e-02
1.758420e+01	5.162917e-03
1.768576e+01	2.253880e-02
1.778792e+01	3.781650e-03
1.789066e+01	4.606948e-03
1.799399e+01	1.038453e-03
1.809793e+01	3.502752e-03
1.820246e+01	2.111986e-03
1.830760e+01	-6.625651e-04
1.841334e+01	-5.445330e-04
1.851969e+01	-3.122608e-03
1.862666e+01	-8.636439e-03
1.873425e+01	-1.215373e-02
1.884246e+01	2.393686e-03
1.895129e+01	-4.252775e-03
1.906075e+01	1.164341e-02
1.917085e+01	-1.342367e-02
1.928158e+01	-2.505768e-03
1.939295e+01	-8.093449e-03
1.950496e+01	-4.188426e-03
1.961762e+01	-1.621008e-03
1.973093e+01	-1.107092e-02
1.984490e+01	8.221449e-03
1.995952e+01	-1.693583e-02
2.007480e+01	-6.350439e-03
2.019076e+01	-1.066750e-02
2.030738e+01	-1.391392e-02
2.042467e+01	2.754272e-03
2.054264e+01	7.755219e-03
2.066130e+01	2.521009e-03
2.078064e+01	-4.035838e-03
2.090066e+01	-1.348522e-02
2.102139e+01	3.549795e-03
2.114280e+01	-1.529365e-03
2.126492e+01	2.876115e-03
2.138775e+01	7.289072e-03
2.151128e+01	-6.922478e-03
2.163553e+01	3.050203e-03
2.176050e+01	-2.109205e-03
2.188619e+01	-1.226631e-03
2.201260e+01	1.241060e-03
2.213974e+01	-6.658831e-03
2.226762e+01	-2.274925e-03
2.239624e+01	-2.877068e-02
2.252560e+01	-8.589226e-03
2.265571e+01	-5.810181e-03
2.278656e+01	4.499039e-03
2.291818e+01	1.422865e-02
2.305055e+01	6.404327e-04
2.318369e+01	1.488888e-02
2.331760e+01	1.809121e-02
2.345228e+01	1.785745e-02
2.358774e+01	9.672361e-03
2.372398e+01	-1.044198e-02
2.386101e+01	1.495728e-02
2.399883e+01	-6.400481e-03
2.413745e+01	1.152837e-02
2.427686e+01	-3.985901e-05
2.441709e+01	8.555652e-03
2.455812e+01	7.621528e-03
2.469997e+01	1.944641e-03
2.484263e+01	-1.006683e-03
2.498612e+01	2.000618e-03
2.513044e+01	9.092944e-03
2.527559e+01	8.246648e-03
2.542158e+01	-1.164096e-02
2.556842e+01	-7.521254e-03
2.571610e+01	-3.187091e-03
2.586463e+01	-1.244906e-02
2.601403e+01	-1.199708e-02
2.616428e+01	2.866395e-03
2.631541e+01	-1.856671e-02
2.646740e+01	1.294066e-02
2.662028e+01	-1.196961e-02
2.677404e+01	-1.062904e-02
2.692868e+01	1.863949e-02
2.708422e+01	1.544031e-02
2.724066e+01	-5.820538e-03
2.739800e+01	8.905217e-03
2.755625e+01	2.862003e-03
2.771541e+01	2.638416e-03
2.787550e+01	-2.366414e-03
2.803650e+01	2.768338e-03
2.819844e+01	9.734154e-03
2.836131e+01	-1.027656e-02
2.852513e+01	6.321086e-03
2.868989e+01	2.539948e-03
2.885560e+01	8.449223e-03
2.902227e+01	4.291172e-03
2.918990e+01	-1.845174e-03
2.935850e+01	5.119530e-03
2.952807e+01	9.679974e-03
2.969863e+01	-1.917450e-03
2.987016e+01	2.243987e-02
3.004269e+01	6.839376e-03
3.021622e+01	1.277687e-02
3.039075e+01	-9.101829e-03
3.056628e+01	-1.807584e-02
3.074283e+01	2.319291e-03
3.092040e+01	-1.088474e-02
3.109900e+01	6.227732e-03
3.127862e+01	-9.062766e-03
3.145929e+01	-1.598367e-02
3.164099e+01	6.587069e-03
3.182375e+01	1.455292e-02
3.200756e+01	-1.808727e-02
3.219244e+01	1.652873e-02
3.237838e+01	9.854398e-03
3.256540e+01	-4.197522e-03
3.275349e+01	-6.308795e-03
3.294268e+01	-5.323449e-03
3.313295e+01	-4.995005e-03
3.332433e+01	-1.581692e-02
3.351681e+01	-1.328249e-02
3.371040e+01	-2.155994e-03
3.390511e+01	-2.696202e-02
3.410094e+01	-9.846966e-03
3.429791e+01	8.186536e-03
3.449601e+01	-3.969872e-04
3.469526e+01	-1.629186e-02
3.489566e+01	-1.891238e-03
3.509721e+01	-1.213152e-02
3.529993e+01	-6.879627e-03
3.550382e+01	1.747566e-02
3.570889e+01	5.379682e-03
3.591515e+01	9.772939e-03
3.612259e+01	-5.006782e-03
3.633123e+01	-1.134372e-03
3.654108e+01	-1.702605e-02
3.675214e+01	-7.118299e-04
3.696442e+01	1.534878e-02
3.717792e+01	1.382881e-02
3.739266e+01	-8.294750e-03
3.760864e+01	-8.665858e-03
3.782587e+01	-1.931377e-02
3.804435e+01	-1.431001e-03
3.826409e+01	1.537871e-02
3.848510e+01	-1.462188e-02
3.870739e+01	2.337403e-03
3.893096e+01	9.765450e-03
3.915583e+01	-4.831835e-03
3.938199e+01	2.646251e-03
3.960946e+01	1.317366e-02
3.983824e+01	1.590748e-03
4.006834e+01	9.453860e-03
4.029978e+01	3.703596e-03
4.053255e+01	-7.380810e-03
4.076666e+01	-1.047599e-03
4.100213e+01	8.236810e-03
4.123896e+01	6.627158e-03
4.147715e+01	-6.742325e-03
4.171672e+01	-9.682482e-03
4.195767e+01	2.104965e-03
4.220002e+01	-1.716134e-02
4.244377e+01	-1.543280e-02
4.268892e+01	6.852453e-03
4.293549e+01	1.272473e-03
4.318348e+01	-1.860289e-04
4.343291e+01	-5.987091e-03
4.368377e+01	4.834971e-03
4.393609e+01	-3.233115e-03
4.418986e+01	6.870882e-03
4.444510e+01	6.671665e-03
4.470182e+01	-1.882016e-02
4.496001e+01	-1.308948e-02
4.521970e+01	-2.364700e-03
4.548089e+01	-6.890157e-03
4.574358e+01	3.560771e-03
4.600779e+01	2.178144e-03
4.627353e+01	-5.111743e-03
4.654081e+01	-2.331463e-02
4.680963e+01	8.259504e-03
4.708000e+01	-3.524555e-03
4.735193e+01	-1.117236e-02
4.762543e+01	-7.872893e-04
4.790051e+01	9.878233e-06
4.817719e+01	3.805379e-03
4.845545e+01	-2.901041e-03
4.873533e+01	-9.891693e-03
4.901682e+01	-9.299276e-03
4.929994e+01	-5.635525e-03
4.958470e+01	-3.388039e-03
4.987110e+01	3.791451e-03
5.015915e+01	6.947467e-03
5.044887e+01	2.876881e-03
5.074026e+01	1.257045e-02
5.103333e+01	-5.258099e-03
5.132810e+01	5.755989e-03
5.162457e+01	1.875342e-02
5.192275e+01	3.850663e-03
5.222265e+01	1.165386e-02
5.252429e+01	3.225626e-03
5.282767e+01	3.817874e-04
5.313280e+01	-2.242088e-03
5.343969e+01	2.485893e-03
5.374836e+01	6.935529e-03
5.405880e+01	-3.249008e-03
5.437105e+01	-3.495637e-03
5.468509e+01	-7.730175e-03
5.500095e+01	-4.733441e-03
5.531863e+01	2.416009e-03
5.563815e+01	1.585781e-02
5.595951e+01	5.800474e-03
5.628273e+01	-2.223172e-02
5.660782e+01	6.743831e-03
5.693479e+01	-2.977837e-03
5.726364e+01	2.403933e-04
5.759439e+01	3.464250e-03
5.792705e+01	1.838600e-02
5.826164e+01	7.587407e-03
5.859815e+01	-7.854295e-03
5.893662e+01	8.388356e-05
5.927703e+01	7.207697e-03
5.961941e+01	-8.733780e-03
5.996377e+01	2.344010e-02
6.031012e+01	-2.784119e-02
6.065847e+01	5.161606e-03
6.100883e+01	1.297175e-02
6.136121e+01	2.202184e-02
6.171563e+01	-5.822970e-03
6.207210e+01	-6.924028e-03
6.243063e+01	1.810945e-03
6.279122e+01	8.023136e-03
6.315390e+01	3.406537e-03
6.351868e+01	-5.516682e-03
6.388556e+01	-7.363009e-03
6.425456e+01	-3.353752e-03
6.462569e+01	4.122629e-03
6.499897e+01	1.499807e-04
6.537440e+01	3.238057e-03
6.575200e+01	1.932748e-03
6.613178e+01	8.591972e-04
6.651375e+01	6.210546e-03
6.689793e+01	3.856015e-03
6.728433e+01	-1.922078e-03
6.767297e+01	1.452158e-04
6.806384e+01	-1.291556e-02
6.845698e+01	-8.050462e-03
6.885238e+01	1.421284e-03
6.925007e+01	-1.181036e-03
6.965005e+01	-2.668488e-03
7.005235e+01	-5.234593e-03
7.045697e+01	6.442827e-03
7.086393e+01	-1.319136e-02
7.127323e+01	1.039213e-03
7.168490e+01	-1.470966e-02
7.209895e+01	3.747474e-04
7.251539e+01	8.242060e-03
7.293424e+01	-1.693062e-03
7.335551e+01	1.579538e-02
7.377920e+01	1.303911e-02
7.420535e+01	2.762125e-03
7.463396e+01	-7.755711e-03
7.506504e+01	-3.290005e-03
7.549861e+01	-7.791073e-04
7.593469e+01	2.607723e-03
7.637328e+01	-4.210434e-03
7.681441e+01	7.029805e-03
7.725809e+01	-1.349013e-02
7.770433e+01	1.340364e-02
7.815315e+01	-1.677704e-02
7.860456e+01	-1.580178e-03
7.905857e+01	3.051544e-03
7.951521e+01	-8.868268e-03
7.997449e+01	-1.941892e-03
8.043642e+01	-1.429534e-03
8.090102e+01	5.300151e-03
8.136830e+01	-1.519466e-03
8.183828e+01	1.578117e-02
8.231097e+01	1.396085e-05
8.278640e+01	6.526300e-03
8.326457e+01	3.356260e-03
8.374550e+01	-5.763249e-03
8.422921e+01	-1.117646e-02
8.471572e+01	-6.843603e-03
8.520503e+01	-2.175818e-03
8.569717e+01	-7.495484e-03
8.619215e+01	1.046646e-02
8.669000e+01	-1.028344e-03
8.719071e+01	1.000056e-02
8.769432e+01	-3.060808e-03
8.820084e+01	-3.751086e-03
8.871029e+01	-5.502255e-04
8.922267e+01	-1.429334e-03
8.973802e+01	1.360908e-02
9.025634e+01	1.431232e-02
9.077766e+01	-3.302555e-03
9.130199e+01	-1.838049e-02
9.182935e+01	-3.601634e-03
9.235975e+01	9.935900e-03
9.289321e+01	1.514427e-02
9.342976e+01	1.457952e-02
9.396941e+01	5.344886e-03
9.451217e+01	-2.237681e-02
9.505807e+01	-4.557114e-03
9.560712e+01	-1.137333e-02
9.615934e+01	-1.199712e-02
9.671476e+01	-2.287232e-03
9.727338e+01	1.929567e-02
9.783522e+01	3.140495e-03
9.840032e+01	4.010516e-03
9.896867e+01	1.954238e-03
9.954031e+01	-2.207235e-02
1.001153e+02	-1.206268e-02
1.006935e+02	-2.448939e-03
1.012751e+02	-1.160551e-03
1.018601e+02	1.018312e-02
1.024484e+02	1.368169e-02
1.030402e+02	-9.521250e-03
1.036353e+02	7.199407e-04
1.042339e+02	2.899126e-03
1.048360e+02	-1.249368e-02
1.054415e+02	7.536302e-03
1.060505e+02	-1.447957e-02
1.066631e+02	-3.942444e-03
1.072791e+02	8.838972e-04
1.078988e+02	-1.097052e-02
1.085220e+02	2.117097e-03
1.091488e+02	-1.392611e-02
1.097793e+02	1.415593e-03
1.104133e+02	1.081005e-02
1.110511e+02	-2.449432e-02
1.116925e+02	-1.641933e-02
1.123376e+02	-1.276532e-02
1.129865e+02	1.210840e-03
1.136391e+02	-8.573178e-03
1.142955e+02	-8.392626e-03
1.149556e+02	-7.792805e-03
1.156196e+02	-3.212575e-03
1.162874e+02	7.743811e-04
1.169591e+02	-2.083077e-02
1.176347e+02	-1.645786e-02
1.183141e+02	2.196258e-02
1.189975e+02	-5.862365e-03
1.196848e+02	6.640796e-03
1.203761e+02	-4.229389e-03
1.210714e+02	-1.008602e-02
1.217707e+02	1.803993e-02
1.224740e+02	-7.232093e-03
1.231814e+02	3.158531e-03
1.238929e+02	-4.103162e-03
1.246085e+02	1.815626e-02
1.253283e+02	1.181740e-02
1.260522e+02	8.200978e-04
1.267802e+02	-8.278527e-03
1.275125e+02	-5.789281e-03
1.282490e+02	1.130089e-02
1.289898e+02	3.814116e-03
1.297348e+02	-8.642708e-03
1.304842e+02	-1.530948e-02
1.312378e+02	9.653593e-03
1.319959e+02	5.646269e-03
1.327583e+02	-4.395690e-03
1.335251e+02	-9.978819e-03
1.342963e+02	-5.258299e-03
1.350720e+02	-9.180635e-03
1.358522e+02	2.482160e-03
1.366368e+02	-5.966322e-03
1.374260e+02	8.578974e-03
1.382198e+02	-1.323642e-02
1.390182e+02	1.389070e-02
1.398211e+02	-2.354008e-02
1.406287e+02	-4.880278e-03
1.414410e+02	-1.248424e-02
1.422579e+02	9.898346e-03
1.430796e+02	-1.337567e-03
1.439060e+02	-1.511783e-02
1.447372e+02	-3.061720e-03
1.455732e+02	-1.551769e-02
1.464141e+02	4.739254e-03
1.472597e+02	-2.831614e-03
1.481103e+02	-2.328102e-03
1.489658e+02	-5.949183e-03
1.498262e+02	-1.142247e-02
1.506916e+02	8.733737e-03
1.515620e+02	-6.718864e-03
1.524374e+02	-1.731685e-02
1.533179e+02	-8.253765e-03
1.542034e+02	-5.643588e-03
1.550941e+02	-8.449597e-04
1.559899e+02	1.556691e-02
1.568909e+02	-3.859219e-04
1.577971e+02	5.659950e-04
1.587085e+02	-4.298492e-03
1.596252e+02	2.467634e-03
1.605472e+02	3.018205e-03
1.614745e+02	-3.056961e-02
1.624072e+02	-6.249696e-04
1.633453e+02	-1.578625e-02
1.642887e+02	2.323089e-03
1.652377e+02	-2.003975e-02
1.661921e+02	4.567680e-03
1.671520e+02	5.062069e-03
1.681175e+02	-2.066415e-03
1.690885e+02	-1.046004e-02
1.700651e+02	-1.688859e-03
1.710474e+02	3.742099e-03
1.720354e+02	-2.200304e-02
1.730291e+02	1.094453e-02
1.740285e+02	-1.101121e-02
1.750337e+02	-9.288549e-03
1.760446e+02	-2.418593e-02
1.770615e+02	-2.577497e-02
1.780842e+02	1.488257e-02
1.791128e+02	-7.132170e-03
1.801473e+02	-1.926088e-02
1.811878e+02	-6.198553e-03
1.822344e+02	-5.712540e-03
1.832870e+02	-1.994847e-02
1.843456e+02	-1.055092e-02
1.854104e+02	3.756964e-03
1.864813e+02	7.817142e-03
1.875584e+02	-1.699055e-02
1.886418e+02	-7.770651e-03
1.897313e+02	-2.056659e-02
1.908272e+02	-9.487544e-03
1.919294e+02	-1.405903e-02
1.930380e+02	-1.685072e-02
1.941530e+02	-6.998870e-03
1.952744e+02	-2.583388e-03
1.964023e+02	-1.044152e-02
1.975367e+02	-1.208254e-02
1.986777e+02	-1.240874e-02
1.998252e+02	-2.077931e-02
2.009794e+02	5.719142e-03
2.021403e+02	-8.765241e-03
2.033078e+02	-7.874747e-03
2.044821e+02	-1.978231e-02
2.056632e+02	-1.459278e-02
2.068511e+02	-1.183303e-02
2.080459e+02	-3.588204e-03
2.092475e+02	-3.303644e-03
2.104561e+02	5.228892e-03
2.116717e+02	-1.972003e-02
2.128943e+02	-1.122160e-02
2.141240e+02	-1.751789e-02
2.153608e+02	-2.412504e-02
2.166047e+02	-1.672935e-03
2.178558e+02	-7.644732e-03
2.191141e+02	1.402030e-02
2.203797e+02	-2.592678e-03
2.216526e+02	-1.784508e-02
2.229329e+02	-1.375891e-02
2.242205e+02	1.350546e-02
2.255156e+02	1.232831e-02
2.268182e+02	-1.970977e-02
2.281283e+02	-2.221108e-02
2.294459e+02	4.769504e-03
2.307712e+02	-1.595864e-02
2.321041e+02	-1.733214e-02
2.334447e+02	-1.793782e-02
2.347931e+02	4.590069e-03
2.361493e+02	-1.841572e-02
2.375133e+02	-2.030691e-02
2.388851e+02	-1.797256e-02
2.402649e+02	-1.844726e-02
2.416527e+02	1.152093e-02
2.430484e+02	-1.292826e-02
2.444523e+02	1.365090e-02
2.458642e+02	6.299996e-03
2.472843e+02	-1.009149e-02
2.487126e+02	-1.429151e-02
2.501492e+02	-1.725575e-02
2.515940e+02	-6.964538e-03
2.530472e+02	-2.780389e-02
2.545088e+02	-2.073914e-03
2.559789e+02	-1.473168e-02
2.574574e+02	6.448743e-03
2.589444e+02	-9.306856e-03
2.604401e+02	-1.039829e-02
2.619444e+02	-7.761896e-03
2.634574e+02	-5.043588e-03
2.649791e+02	-1.179171e-02
2.665096e+02	-1.253050e-02
2.680489e+02	-9.124825e-03
2.695972e+02	-1.286693e-02
2.711544e+02	-1.129632e-02
2.727205e+02	-8.944028e-03
2.742958e+02	-1.297564e-02
2.758801e+02	-1.547411e-02
2.774736e+02	-5.600989e-03
2.790762e+02	-1.247288e-02
2.806882e+02	-1.531719e-03
2.823094e+02	-1.326602e-02
2.839400e+02	-1.922047e-02
2.855800e+02	-1.937382e-02
2.872295e+02	-6.690485e-03
2.888886e+02	-8.576676e-03
2.905572e+02	-2.031815e-02
2.922354e+02	-2.528905e-02
2.939234e+02	-1.267437e-02
2.956211e+02	-1.179938e-02
2.973286e+02	-2.252120e-02
2.990459e+02	-1.691246e-02
3.007732e+02	-9.678225e-03
3.025104e+02	1.635134e-03
3.042577e+02	-9.586704e-03
3.060151e+02	-2.758437e-02
3.077826e+02	-1.842707e-02
3.095604e+02	-1.165951e-02
3.113484e+02	-1.243473e-02
3.131467e+02	-2.882288e-02
3.149554e+02	-1.454422e-02
3.167746e+02	-7.963554e-03
3.186043e+02	-6.613455e-03
3.204445e+02	-3.456789e-02
3.222954e+02	-1.655846e-02
3.241570e+02	-2.148610e-02
3.260293e+02	-7.163923e-03
3.279124e+02	-8.753006e-03
3.298064e+02	-1.971390e-02
3.317114e+02	-2.642101e-02
3.336273e+02	-2.654090e-02
3.355544e+02	-8.054711e-04
3.374925e+02	-2.043894e-02
3.394418e+02	-3.457514e-02
3.414024e+02	-2.917813e-02
3.433744e+02	-2.299813e-02
3.453577e+02	4.623805e-03
3.473525e+02	-2.279573e-02
3.493588e+02	-2.417022e-02
3.513766e+02	-1.218899e-02
3.534062e+02	-1.867197e-02
3.554474e+02	-1.360012e-02
3.575005e+02	-8.242306e-03
3.595654e+02	-5.949624e-03
3.616422e+02	-2.461415e-02
3.637311e+02	-3.307196e-02
3.658320e+02	-2.248182e-02
3.679450e+02	-8.656608e-03
3.700702e+02	-1.857705e-02
3.722077e+02	-1.728310e-02
3.743576e+02	-3.090661e-02
3.765199e+02	-9.887677e-03
3.786946e+02	-1.505724e-02
3.808820e+02	-2.431499e-02
3.830819e+02	-3.131102e-02
3.852946e+02	-3.600099e-02
3.875200e+02	-8.900835e-03
3.897583e+02	-3.022451e-02
3.920096e+02	-3.415257e-02
3.942738e+02	-3.132683e-02
3.965511e+02	-2.127002e-02
3.988416e+02	-3.365094e-02
4.011452e+02	-2.452732e-02
4.034622e+02	-2.514833e-02
4.057926e+02	-2.687080e-02
4.081365e+02	-3.810352e-02
4.104938e+02	-2.600369e-02
4.128648e+02	-3.847817e-02
4.152495e+02	-3.266575e-02
4.176480e+02	-1.872937e-02
4.200603e+02	-1.355430e-02
4.224866e+02	-3.797072e-02
4.249268e+02	-2.945460e-02
4.273812e+02	-6.474871e-02
4.298497e+02	-2.353797e-02
4.323325e+02	-2.692147e-02
4.348297e+02	-2.420922e-02
4.373412e+02	-2.120302e-02
4.398673e+02	-4.738397e-02
4.424079e+02	-3.371938e-02
4.449633e+02	-2.915056e-02
4.475334e+02	-3.667113e-02
4.501183e+02	-2.377124e-02
4.527182e+02	-2.789478e-02
4.553330e+02	-1.610350e-02
4.579630e+02	-1.959873e-02
4.606082e+02	-3.817875e-02
4.632687e+02	-4.222294e-02
4.659445e+02	-3.838214e-02
4.686358e+02	-4.977219e-02
4.713426e+02	-1.676236e-02
4.740650e+02	-4.319392e-02
4.768032e+02	-4.036330e-02
4.795572e+02	-5.925531e-02
4.823271e+02	-3.418944e-02
4.851130e+02	-4.241223e-02
4.879150e+02	-5.207468e-02
4.907332e+02	-2.603714e-02
4.935676e+02	-4.965145e-02
4.964185e+02	-4.686214e-02
4.992858e+02	-4.057201e-02
5.021696e+02	-5.177530e-02
5.050701e+02	-2.851245e-02
5.079874e+02	-4.537993e-02
5.109215e+02	-3.742605e-02
5.138726e+02	-3.705320e-02
5.168407e+02	-4.669028e-02
5.198259e+02	-4.011079e-02
5.228284e+02	-5.239030e-02
5.258482e+02	-3.040667e-02
5.288855e+02	-3.178832e-02
5.319403e+02	-5.044761e-02
5.350128e+02	-3.603103e-02
5.381030e+02	-3.287876e-02
5.412111e+02	-4.711114e-02
5.443371e+02	-5.797059e-02
5.474812e+02	-3.954736e-02
5.506434e+02	-4.607559e-02
5.538239e+02	-4.923389e-02
5.570228e+02	-4.501483e-02
5.602401e+02	-3.989838e-02
5.634760e+02	-5.142940e-02
5.667306e+02	-5.463141e-02
5.700040e+02	-4.046616e-02
5.732964e+02	-5.171599e-02
5.766077e+02	-6.245291e-02
5.799382e+02	-6.818499e-02
5.832879e+02	-6.950073e-02
5.866569e+02	-5.530552e-02
5.900454e+02	-3.316341e-02
5.934535e+02	-4.961350e-02
5.968813e+02	-7.573437e-02
6.003288e+02	-6.604608e-02
6.037963e+02	-5.447638e-02
6.072838e+02	-6.127387e-02
6.107914e+02	-4.611514e-02
6.143194e+02	-5.121454e-02
6.178676e+02	-3.676666e-02
6.214364e+02	-6.156550e-02
6.250258e+02	-7.043220e-02
6.286359e+02	-8.260273e-02
6.322669e+02	-6.984881e-02
6.359189e+02	-6.368449e-02
6.395919e+02	-6.206121e-02
6.432862e+02	-6.538366e-02
6.470017e+02	-7.766597e-02
6.507388e+02	-7.184543e-02
6.544974e+02	-8.352257e-02
6.582778e+02	-7.693427e-02
6.620800e+02	-8.524554e-02
6.659041e+02	-7.611786e-02
6.697504e+02	-7.762966e-02
6.736188e+02	-6.848635e-02
6.775096e+02	-8.750899e-02
6.814229e+02	-8.759298e-02
6.853587e+02	-8.453761e-02
6.893173e+02	-7.883000e-02
6.932988e+02	-7.924261e-02
6.973033e+02	-8.968018e-02
7.013309e+02	-9.191052e-02
7.053817e+02	-7.813993e-02
7.094560e+02	-6.078649e-02
7.135538e+02	-7.495619e-02
7.176752e+02	-8.674146e-02
7.218205e+02	-9.179145e-02
7.259897e+02	-7.895140e-02
7.301830e+02	-7.813526e-02
7.344005e+02	-8.264964e-02
7.386424e+02	-9.232016e-02
7.429087e+02	-9.111713e-02
7.471998e+02	-6.987455e-02
7.515155e+02	-9.002923e-02
7.558563e+02	-8.731706e-02
7.602221e+02	-9.966147e-02
7.646131e+02	-1.038346e-01
7.690295e+02	-8.353230e-02
7.734713e+02	-9.223399e-02
7.779389e+02	-1.032460e-01
7.824322e+02	-8.728713e-02
7.869515e+02	-8.652268e-02
7.914969e+02	-1.073796e-01
7.960686e+02	-1.163880e-01
8.006666e+02	-8.820334e-02
8.052912e+02	-1.029478e-01
8.099426e+02	-1.002938e-01
8.146208e+02	-1.010051e-01
8.193260e+02	-1.141212e-01
8.240584e+02	-1.056452e-01
8.288181e+02	-9.457127e-02
8.336053e+02	-1.100715e-01
8.384202e+02	-9.415978e-02
8.432629e+02	-1.084468e-01
8.481335e+02	-1.016326e-01
8.530323e+02	-1.296594e-01
8.579594e+02	-1.324282e-01
8.629149e+02	-1.077368e-01
8.678991e+02	-1.288344e-01
8.729120e+02	-1.223699e-01
8.779539e+02	-1.245212e-01
8.830250e+02	-1.259371e-01
8.881253e+02	-1.242182e-01
8.932551e+02	-1.237265e-01
8.984145e+02	-1.137230e-01
9.036037e+02	-1.449456e-01
9.088229e+02	-1.367651e-01
9.140722e+02	-1.230640e-01
9.193518e+02	-1.352083e-01
9.246620e+02	-1.227002e-01
9.300028e+02	-1.263384e-01
9.353744e+02	-1.450356e-01
9.407771e+02	-1.259825e-01
9.462110e+02	-1.478936e-01
9.516763e+02	-1.414630e-01
9.571731e+02	-1.615711e-01
9.627017e+02	-1.577265e-01
9.682622e+02	-1.561162e-01
9.738549e+02	-1.453716e-01
9.794798e+02	-1.365017e-01
9.851373e+02	-1.471238e-01
9.908274e+02	-1.446453e-01
9.965504e+02	-1.581868e-01
1.002306e+03	-1.667939e-01
1.008096e+03	-1.749081e-01
1.013918e+03	-1.708945e-01
1.019775e+03	-1.679854e-01
1.025665e+03	-1.703323e-01
1.031589e+03	-1.787543e-01
1.037548e+03	-1.618881e-01
1.043540e+03	-1.843715e-01
1.049568e+03	-1.971270e-01
1.055630e+03	-1.713647e-01
1.061727e+03	-1.709221e-01
1.067860e+03	-1.854363e-01
1.074028e+03	-1.685158e-01
1.080231e+03	-1.951407e-01
1.086471e+03	-1.859964e-01
1.092746e+03	-1.901418e-01
1.099058e+03	-2.028454e-01
1.105406e+03	-1.991851e-01
1.111791e+03	-1.946310e-01
1.118212e+03	-2.123571e-01
1.124671e+03	-1.983197e-01
1.131167e+03	-1.807177e-01
1.137701e+03	-1.853022e-01
1.144272e+03	-2.029743e-01
1.150881e+03	-2.096780e-01
1.157529e+03	-1.909594e-01
1.164215e+03	-2.174625e-01
1.170939e+03	-2.284939e-01
1.177702e+03	-2.432683e-01
1.184505e+03	-2.229554e-01
1.191346e+03	-2.126732e-01
1.198227e+03	-2.197136e-01
1.205148e+03	-2.321438e-01
1.212109e+03	-2.285925e-01
1.219110e+03	-2.282086e-01
1.226152e+03	-2.300154e-01
1.233234e+03	-2.357407e-01
1.240357e+03	-2.416560e-01
1.247521e+03	-2.502230e-01
1.254727e+03	-2.439514e-01
1.261974e+03	-2.503661e-01
1.269263e+03	-2.406705e-01
1.276595e+03	-2.649486e-01
1.283968e+03	-2.541547e-01
1.291384e+03	-2.581668e-01
1.298843e+03	-2.832870e-01
1.306345e+03	-2.738464e-01
1.313891e+03	-2.776259e-01
1.321480e+03	-2.733715e-01
1.329113e+03	-2.897042e-01
1.336790e+03	-2.718318e-01
1.344511e+03	-2.965234e-01
1.352277e+03	-2.928072e-01
1.360087e+03	-2.783220e-01
1.367943e+03	-3.038954e-01
1.375844e+03	-2.890010e-01
1.383791e+03	-3.133826e-01
1.391784e+03	-3.023711e-01
1.399823e+03	-2.974007e-01
1.407908e+03	-3.054286e-01
1.416040e+03	-3.082719e-01
1.424219e+03	-3.127193e-01
1.432445e+03	-3.218203e-01
1.440719e+03	-3.344510e-01
1.449041e+03	-3.202761e-01
1.457410e+03	-3.271636e-01
1.465828e+03	-3.384489e-01
1.474295e+03	-3.419888e-01
1.482810e+03	-3.447888e-01
1.491375e+03	-3.349903e-01
1.499989e+03	-3.453918e-01
1.508653e+03	-3.573718e-01
1.517367e+03	-3.433924e-01
1.526131e+03	-3.645559e-01
1.534946e+03	-3.536303e-01
1.543812e+03	-3.656905e-01
1.552729e+03	-3.752998e-01
1.561697e+03	-3.804001e-01
1.570717e+03	-3.788826e-01
1.579790e+03	-3.953331e-01
1.588915e+03	-3.828559e-01
1.598092e+03	-4.001919e-01
1.607323e+03	-4.117167e-01
1.616606e+03	-4.045264e-01
1.625944e+03	-3.957892e-01
1.635335e+03	-4.172012e-01
1.644781e+03	-4.154771e-01
1.654281e+03	-3.953113e-01
1.663836e+03	-4.320484e-01
1.673446e+03	-4.348801e-01
1.683112e+03	-4.352677e-01
1.692834e+03	-4.333220e-01
1.702611e+03	-4.244210e-01
1.712446e+03	-4.409972e-01
1.722337e+03	-4.476383e-01
1.732285e+03	-4.550415e-01
1.742290e+03	-4.714350e-01
1.752354e+03	-4.612474e-01
1.762475e+03	-4.785888e-01
1.772655e+03	-4.614519e-01
1.782894e+03	-4.785302e-01
1.793192e+03	-4.947670e-01
1.803549e+03	-4.975148e-01
1.813967e+03	-5.225841e-01
1.824444e+03	-5.113148e-01
1.834982e+03	-5.226565e-01
1.845581e+03	-5.084022e-01
1.856241e+03	-5.313840e-01
1.866962e+03	-5.324175e-01
1.877746e+03	-5.328280e-01
1.888592e+03	-5.403741e-01
1.899500e+03	-5.431051e-01
1.910472e+03	-5.362781e-01
1.921506e+03	-5.547089e-01
1.932605e+03	-5.674178e-01
1.943768e+03	-5.801747e-01
1.954995e+03	-5.774857e-01
1.966287e+03	-5.833203e-01
1.977644e+03	-5.801151e-01
1.989067e+03	-5.871629e-01
2.000555e+03	-6.035756e-01
2.012110e+03	-6.067887e-01
2.023732e+03	-6.281385e-01
2.035421e+03	-6.393970e-01
2.047178e+03	-6.250309e-01
2.059002e+03	-6.440063e-01
2.070895e+03	-6.380804e-01
2.082856e+03	-6.671397e-01
2.094887e+03	-6.482280e-01
2.106987e+03	-6.780024e-01
2.119157e+03	-6.766643e-01
2.131397e+03	-6.731617e-01
2.143708e+03	-6.947145e-01
2.156090e+03	-6.936051e-01
2.168543e+03	-6.923659e-01
2.181069e+03	-6.957509e-01
2.193666e+03	-7.149059e-01
2.206337e+03	-7.196314e-01
2.219081e+03	-7.368225e-01
2.231898e+03	-7.374653e-01
2.244789e+03	-7.629195e-01
2.257755e+03	-7.534458e-01
2.270796e+03	-7.593007e-01
2.283912e+03	-7.666312e-01
2.297104e+03	-7.828015e-01
2.310372e+03	-7.992526e-01
2.323716e+03	-7.909107e-01
2.337138e+03	-8.040971e-01
2.350637e+03	-7.893816e-01
2.364214e+03	-8.207593e-01
2.377870e+03	-8.179521e-01
2.391604e+03	-8.372975e-01
2.405418e+03	-8.582062e-01
2.419312e+03	-8.587477e-01
2.433286e+03	-8.652441e-01
2.447340e+03	-8.854009e-01
2.461476e+03	-8.674967e-01
2.475693e+03	-8.847988e-01
2.489993e+03	-8.982223e-01
2.504375e+03	-9.179649e-01
2.518840e+03	-9.205742e-01
2.533389e+03	-9.350896e-01
2.548022e+03	-9.496365e-01
2.562739e+03	-9.423407e-01
2.577541e+03	-9.944859e-01
2.592429e+03	-9.617282e-01
2.607403e+03	-9.652822e-01
2.622463e+03	-1.005807e+00
2.637610e+03	-9.977216e-01
2.652845e+03	-1.023466e+00
2.668168e+03	-1.022414e+00
2.683579e+03	-1.028260e+00
2.699079e+03	-1.055462e+00
2.714669e+03	-1.050716e+00
2.730349e+03	-1.060775e+00
2.746119e+03	-1.068183e+00
2.761981e+03	-1.085288e+00
2.777934e+03	-1.097113e+00
2.793979e+03	-1.127770e+00
2.810117e+03	-1.104049e+00
2.826348e+03	-1.122700e+00
2.842673e+03	-1.145249e+00
2.859092e+03	-1.145462e+00
2.875606e+03	-1.170246e+00
2.892215e+03	-1.176013e+00
2.908921e+03	-1.185035e+00
2.925722e+03	-1.190919e+00
2.942621e+03	-1.213490e+00
2.959618e+03	-1.219267e+00
2.976712e+03	-1.235732e+00
2.993906e+03	-1.239799e+00
3.011198e+03	-1.258715e+00
3.028591e+03	-1.283660e+00
3.046084e+03	-1.281488e+00
3.063678e+03	-1.307911e+00
3.081374e+03	-1.329313e+00
3.099172e+03	-1.334943e+00
3.117072e+03	-1.325160e+00
3.135076e+03	-1.356906e+00
3.153184e+03	-1.365780e+00
3.171397e+03	-1.380182e+00
3.189715e+03	-1.396905e+00
3.208139e+03	-1.414275e+00
3.226669e+03	-1.443886e+00
3.245306e+03	-1.432038e+00
3.264051e+03	-1.441167e+00
3.282904e+03	-1.448644e+00
3.301866e+03	-1.471867e+00
3.320937e+03	-1.489564e+00
3.340119e+03	-1.505463e+00
3.359411e+03	-1.523184e+00
3.378815e+03	-1.550950e+00
3.398331e+03	-1.545068e+00
3.417959e+03	-1.575770e+00
3.437701e+03	-1.570372e+00
3.457557e+03	-1.595714e+00
3.477528e+03	-1.609727e+00
3.497614e+03	-1.625945e+00
3.517816e+03	-1.638988e+00
3.538135e+03	-1.657642e+00
3.558571e+03	-1.693781e+00
3.579125e+03	-1.678665e+00
3.599798e+03	-1.722120e+00
3.620590e+03	-1.733251e+00
3.641503e+03	-1.739160e+00
3.662536e+03	-1.777869e+00
3.683691e+03	-1.753023e+00
3.704967e+03	-1.768448e+00
3.726367e+03	-1.804483e+00
3.747890e+03	-1.824388e+00
3.769538e+03	-1.841682e+00
3.791311e+03	-1.875991e+00
3.813209e+03	-1.878607e+00
3.835234e+03	-1.889828e+00
3.857386e+03	-1.908637e+00
3.879667e+03	-1.922053e+00
3.902075e+03	-1.959938e+00
3.924614e+03	-1.959655e+00
3.947282e+03	-1.989322e+00
3.970081e+03	-2.010571e+00
3.993012e+03	-2.008559e+00
4.016076e+03	-2.026287e+00
4.039272e+03	-2.071071e+00
4.062603e+03	-2.074308e+00
4.086069e+03	-2.105249e+00
4.109670e+03	-2.099488e+00
4.133407e+03	-2.127734e+00
4.157281e+03	-2.156106e+00
4.181294e+03	-2.163096e+00
4.205445e+03	-2.202222e+00
4.229735e+03	-2.218866e+00
4.254166e+03	-2.238580e+00
4.278738e+03	-2.255114e+00
4.303451e+03	-2.272552e+00
4.328308e+03	-2.301146e+00
4.353308e+03	-2.311844e+00
4.378453e+03	-2.331449e+00
4.403742e+03	-2.367871e+00
4.429178e+03	-2.381712e+00
4.454761e+03	-2.409411e+00
4.480492e+03	-2.421231e+00
4.506371e+03	-2.450360e+00
4.532399e+03	-2.452629e+00
4.558578e+03	-2.484907e+00
4.584908e+03	-2.500354e+00
4.611391e+03	-2.531686e+00
4.638026e+03	-2.544038e+00
4.664815e+03	-2.566961e+00
4.691759e+03	-2.595022e+00
4.718858e+03	-2.608810e+00
4.746114e+03	-2.644980e+00
4.773527e+03	-2.665146e+00
4.801099e+03	-2.682946e+00
4.828830e+03	-2.714125e+00
4.856721e+03	-2.732771e+00
4.884773e+03	-2.765360e+00
4.912988e+03	-2.775443e+00
4.941365e+03	-2.801572e+00
4.969906e+03	-2.809265e+00
4.998612e+03	-2.842440e+00
5.027484e+03	-2.902560e+00
5.056522e+03	-2.920919e+00
5.085729e+03	-2.917468e+00
5.115104e+03	-2.936669e+00
5.144648e+03	-2.973928e+00
5.174363e+03	-2.988973e+00
5.204250e+03	-3.038969e+00
5.234310e+03	-3.052944e+00
5.264543e+03	-3.067309e+00
5.294951e+03	-3.110385e+00
5.325534e+03	-3.102955e+00
5.356294e+03	-3.139150e+00
5.387232e+03	-3.162906e+00
5.418348e+03	-3.194656e+00
5.449645e+03	-3.225247e+00
5.481122e+03	-3.252322e+00
5.512780e+03	-3.283302e+00
5.544622e+03	-3.301535e+00
5.576647e+03	-3.352739e+00
5.608858e+03	-3.344615e+00
5.641254e+03	-3.404361e+00
5.673838e+03	-3.420640e+00
5.706610e+03	-3.445610e+00
5.739571e+03	-3.464866e+00
5.772723e+03	-3.494609e+00
5.806066e+03	-3.524636e+00
5.839601e+03	-3.554478e+00
5.873331e+03	-3.568376e+00
5.907255e+03	-3.612461e+00
5.941375e+03	-3.638944e+00
5.975692e+03	-3.659889e+00
6.010207e+03	-3.686627e+00
6.044922e+03	-3.720308e+00
6.079837e+03	-3.757762e+00
6.114954e+03	-3.780872e+00
6.150274e+03	-3.804500e+00
6.185797e+03	-3.817399e+00
6.221526e+03	-3.863058e+00
6.257462e+03	-3.905385e+00
6.293605e+03	-3.907901e+00
6.329956e+03	-3.954645e+00
6.366518e+03	-4.003035e+00
6.403290e+03	-4.022113e+00
6.440276e+03	-4.050752e+00
6.477474e+03	-4.095201e+00
6.514888e+03	-4.113290e+00
6.552518e+03	-4.114694e+00
6.590365e+03	-4.148266e+00
6.628430e+03	-4.205120e+00
6.666716e+03	-4.229866e+00
6.705223e+03	-4.264744e+00
6.743952e+03	-4.290700e+00
6.782905e+03	-4.332310e+00
6.822082e+03	-4.355513e+00
6.861486e+03	-4.391811e+00
6.901118e+03	-4.414818e+00
6.940979e+03	-4.435366e+00
6.981069e+03	-4.469730e+00
7.021392e+03	-4.514905e+00
7.061947e+03	-4.544647e+00
7.102737e+03	-4.578783e+00
7.143762e+03	-4.620593e+00
7.185024e+03	-4.639249e+00
7.226524e+03	-4.676424e+00
7.268264e+03	-4.699913e+00
7.310246e+03	-4.739441e+00
7.352469e+03	-4.770983e+00
7.394937e+03	-4.814270e+00
7.437650e+03	-4.834836e+00
7.480609e+03	-4.871789e+00
7.523817e+03	-4.910137e+00
7.567274e+03	-4.956337e+00
7.610982e+03	-4.971573e+00
7.654943e+03	-5.031366e+00
7.699158e+03	-5.037123e+00
7.743628e+03	-5.074527e+00
7.788355e+03	-5.107281e+00
7.833340e+03	-5.136052e+00
7.878585e+03	-5.183970e+00
7.924091e+03	-5.211008e+00
7.969861e+03	-5.252274e+00
8.015894e+03	-5.278563e+00
8.062194e+03	-5.314617e+00
8.108761e+03	-5.357363e+00
8.155596e+03	-5.383744e+00
8.202703e+03	-5.430748e+00
8.250081e+03	-5.458047e+00
8.297733e+03	-5.505313e+00
8.345661e+03	-5.502153e+00
8.393865e+03	-5.575111e+00
8.442348e+03	-5.610331e+00
8.491110e+03	-5.646398e+00
8.540155e+03	-5.690346e+00
8.589482e+03	-5.701760e+00
8.639095e+03	-5.748879e+00
8.688994e+03	-5.791187e+00
8.739181e+03	-5.828657e+00
8.789658e+03	-5.871385e+00
8.840427e+03	-5.919873e+00
8.891489e+03	-5.921387e+00
8.942846e+03	-5.982134e+00
8.994499e+03	-6.010362e+00
9.046451e+03	-6.055113e+00
9.098703e+03	-6.081920e+00
9.151257e+03	-6.126237e+00
9.204114e+03	-6.157212e+00
9.257277e+03	-6.194655e+00
9.310746e+03	-6.239076e+00
9.364525e+03	-6.262389e+00
9.418614e+03	-6.285175e+00
9.473015e+03	-6.347864e+00
9.527731e+03	-6.389736e+00
9.582763e+03	-6.436254e+00
9.638113e+03	-6.456783e+00
9.693782e+03	-6.493853e+00
9.749773e+03	-6.541014e+00
9.806087e+03	-6.565993e+00
9.862727e+03	-6.609089e+00
9.919693e+03	-6.658385e+00
9.976989e+03	-6.686162e+00
1.003462e+04	-6.737789e+00
1.009258e+04	-6.766588e+00
1.015087e+04	-6.821396e+00
1.020950e+04	-6.855091e+00
1.026847e+04	-6.879861e+00
1.032778e+04	-6.924462e+00
1.038743e+04	-6.954809e+00
1.044743e+04	-7.012699e+00
1.050777e+04	-7.043952e+00
1.056847e+04	-7.085736e+00
1.062951e+04	-7.138841e+00
1.069091e+04	-7.147069e+00
1.075266e+04	-7.198036e+00
1.081476e+04	-7.256833e+00
1.087723e+04	-7.293197e+00
1.094006e+04	-7.321140e+00
1.100324e+04	-7.359678e+00
1.106680e+04	-7.401600e+00
1.113072e+04	-7.430208e+00
1.119501e+04	-7.497512e+00
1.125967e+04	-7.511742e+00
1.132471e+04	-7.567492e+00
1.139012e+04	-7.602168e+00
1.145591e+04	-7.656547e+00
1.152208e+04	-7.692392e+00
1.158863e+04	-7.734035e+00
1.165556e+04	-7.774127e+00
1.172289e+04	-7.814143e+00
1.179060e+04	-7.851172e+00
1.185870e+04	-7.893787e+00
1.192719e+04	-7.948979e+00
1.199608e+04	-7.978072e+00
1.206537e+04	-8.025330e+00
1.213506e+04	-8.082001e+00
1.220515e+04	-8.109301e+00
1.227565e+04	-8.145404e+00
1.234655e+04	-8.194336e+00
1.241787e+04	-8.226396e+00
1.248959e+04	-8.264566e+00
1.256173e+04	-8.305955e+00
1.263429e+04	-8.373484e+00
1.270726e+04	-8.411973e+00
1.278066e+04	-8.437391e+00
1.285448e+04	-8.484465e+00
1.292873e+04	-8.521000e+00
1.300340e+04	-8.562466e+00
1.307851e+04	-8.593625e+00
1.315405e+04	-8.660326e+00
1.323003e+04	-8.695047e+00
1.330644e+04	-8.730006e+00
1.338330e+04	-8.770130e+00
1.346060e+04	-8.840587e+00
1.353835e+04	-8.880721e+00
1.361655e+04	-8.888141e+00
1.369520e+04	-8.942940e+00
1.377430e+04	-8.984100e+00
1.385386e+04	-9.026281e+00
1.393388e+04	-9.078844e+00
1.401436e+04	-9.113918e+00
1.409531e+04	-9.161896e+00
1.417672e+04	-9.214526e+00
1.425861e+04	-9.244451e+00
1.434096e+04	-9.294496e+00
1.442379e+04	-9.338589e+00
1.450711e+04	-9.370606e+00
1.459090e+04	-9.441860e+00
1.467518e+04	-9.465888e+00
1.475994e+04	-9.508508e+00
1.484519e+04	-9.569431e+00
1.493094e+04	-9.583665e+00
1.501718e+04	-9.640860e+00
1.510392e+04	-9.682311e+00
1.519116e+04	-9.735283e+00
1.527890e+04	-9.764600e+00
1.536715e+04	-9.806402e+00
1.545591e+04	-9.867043e+00
1.554518e+04	-9.889952e+00
1.563497e+04	-9.940580e+00
1.572528e+04	-9.985296e+00
1.581611e+04	-1.004669e+01
1.590746e+04	-1.008093e+01
1.599934e+04	-1.012175e+01
1.609175e+04	-1.016874e+01
1.618470e+04	-1.021304e+01
1.627818e+04	-1.027274e+01
1.637220e+04	-1.029503e+01
1.646677e+04	-1.032935e+01
1.656188e+04	-1.038023e+01
1.665754e+04	-1.043000e+01
1.675375e+04	-1.047325e+01
1.685052e+04	-1.049859e+01
1.694785e+04	-1.056626e+01
1.704574e+04	-1.062176e+01
1.714419e+04	-1.063747e+01
1.724322e+04	-1.066352e+01
1.734281e+04	-1.074656e+01
1.744299e+04	-1.078162e+01
1.754374e+04	-1.080508e+01
1.764507e+04	-1.086909e+01
1.774698e+04	-1.091719e+01
1.784949e+04	-1.096330e+01
1.795259e+04	-1.101505e+01
1.805628e+04	-1.106008e+01
1.816057e+04	-1.110432e+01
1.826547e+04	-1.113601e+01
1.837097e+04	-1.119040e+01
1.847708e+04	-1.123907e+01
1.858380e+04	-1.126337e+01
1.869114e+04	-1.131937e+01
1.879910e+04	-1.135872e+01
1.890768e+04	-1.140580e+01
1.901689e+04	-1.145464e+01
1.912673e+04	-1.150767e+01
1.923721e+04	-1.155358e+01
1.934832e+04	-1.158873e+01
1.946008e+04	-1.162373e+01
1.957248e+04	-1.167940e+01
1.968553e+04	-1.172069e+01
1.979923e+04	-1.177202e+01
1.991359e+04	-1.181834e+01
2.002861e+04	-1.184716e+01
2.014430e+04	-1.189103e+01
2.026065e+04	-1.193392e+01
2.037767e+04	-1.201444e+01
2.049537e+04	-1.202901e+01
2.061375e+04	-1.208019e+01
2.073282e+04	-1.210230e+01
2.085257e+04	-1.217248e+01
2.097301e+04	-1.222034e+01
2.109415e+04	-1.226320e+01
2.121599e+04	-1.228399e+01
2.133853e+04	-1.234612e+01
2.146178e+04	-1.239195e+01
2.158575e+04	-1.243685e+01
2.171043e+04	-1.248330e+01
2.183582e+04	-1.254057e+01
2.196195e+04	-1.257501e+01
2.208880e+04	-1.262111e+01
2.221638e+04	-1.265613e+01
2.234470e+04	-1.270487e+01
2.247377e+04	-1.275438e+01
2.260357e+04	-1.279463e+01
2.273413e+04	-1.284494e+01
2.286544e+04	-1.286513e+01
2.299751e+04	-1.294166e+01
2.313034e+04	-1.297799e+01
2.326394e+04	-1.302497e+01
2.339832e+04	-1.306737e+01
2.353346e+04	-1.309775e+01
2.366939e+04	-1.313946e+01
2.380610e+04	-1.320075e+01
2.394361e+04	-1.323926e+01
2.408191e+04	-1.329510e+01
2.422100e+04	-1.332916e+01
2.436090e+04	-1.337887e+01
2.450161e+04	-1.343118e+01
2.464313e+04	-1.348310e+01
2.478547e+04	-1.349807e+01
2.492863e+04	-1.354867e+01
2.507261e+04	-1.358630e+01
2.521743e+04	-1.365355e+01
2.536309e+04	-1.369373e+01
2.550958e+04	-1.373576e+01
2.565692e+04	-1.377561e+01
2.580512e+04	-1.382845e+01
2.595417e+04	-1.386939e+01
2.610408e+04	-1.391636e+01
2.625485e+04	-1.396425e+01
2.640650e+04	-1.399378e+01
2.655902e+04	-1.405043e+01
2.671243e+04	-1.409031e+01
2.686672e+04	-1.413818e+01
2.702190e+04	-1.420478e+01
2.717798e+04	-1.423236e+01
2.733495e+04	-1.427653e+01
2.749284e+04	-1.431855e+01
2.765164e+04	-1.437898e+01
2.781135e+04	-1.439928e+01
2.797199e+04	-1.444744e+01
2.813355e+04	-1.450543e+01
2.829605e+04	-1.453892e+01
2.845949e+04	-1.458854e+01
2.862387e+04	-1.462401e+01
2.878920e+04	-1.467059e+01
2.895549e+04	-1.471492e+01
2.912273e+04	-1.476329e+01
2.929094e+04	-1.479336e+01
2.946013e+04	-1.484056e+01
2.963029e+04	-1.488410e+01
2.980143e+04	-1.492501e+01
2.997356e+04	-1.498025e+01
3.014669e+04	-1.501725e+01
3.032081e+04	-1.505705e+01
3.049595e+04	-1.510457e+01
3.067209e+04	-1.516098e+01
3.084925e+04	-1.519678e+01
3.102743e+04	-1.524197e+01
3.120665e+04	-1.527534e+01
3.138690e+04	-1.534328e+01
3.156819e+04	-1.538374e+01
3.175052e+04	-1.539825e+01
3.193391e+04	-1.546634e+01
3.211836e+04	-1.549271e+01
3.230388e+04	-1.553172e+01
3.249046e+04	-1.558055e+01
3.267812e+04	-1.563348e+01
3.286687e+04	-1.568014e+01
3.305671e+04	-1.569934e+01
3.324764e+04	-1.574491e+01
3.343968e+04	-1.579605e+01
3.363283e+04	-1.582081e+01
3.382709e+04	-1.587726e+01
3.402247e+04	-1.591075e+01
3.421899e+04	-1.596804e+01
3.441663e+04	-1.601466e+01
3.461542e+04	-1.605483e+01
3.481536e+04	-1.610203e+01
3.501645e+04	-1.613316e+01
3.521871e+04	-1.617611e+01
3.542213e+04	-1.621763e+01
3.562672e+04	-1.625003e+01
3.583250e+04	-1.630368e+01
3.603947e+04	-1.635706e+01
3.624763e+04	-1.639706e+01
3.645700e+04	-1.644021e+01
3.666757e+04	-1.648371e+01
3.687936e+04	-1.649548e+01
3.709238e+04	-1.654795e+01
3.730662e+04	-1.659725e+01
3.752210e+04	-1.665372e+01
3.773883e+04	-1.669712e+01
3.795680e+04	-1.671184e+01
3.817604e+04	-1.675499e+01
3.839654e+04	-1.681952e+01
3.861832e+04	-1.686069e+01
3.884138e+04	-1.689649e+01
3.906573e+04	-1.690234e+01
3.929137e+04	-1.698589e+01
3.951831e+04	-1.701516e+01
3.974657e+04	-1.704818e+01
3.997614e+04	-1.708714e+01
4.020704e+04	-1.713766e+01
4.043928e+04	-1.717387e+01
4.067285e+04	-1.720835e+01
4.090778e+04	-1.724602e+01
4.114406e+04	-1.729275e+01
4.138171e+04	-1.732577e+01
4.162073e+04	-1.736970e+01
4.186113e+04	-1.741722e+01
4.210291e+04	-1.746972e+01
4.234610e+04	-1.748981e+01
4.259069e+04	-1.752451e+01
4.283669e+04	-1.757740e+01
4.308411e+04	-1.763057e+01
4.333297e+04	-1.767490e+01
4.358325e+04	-1.768451e+01
4.383499e+04	-1.772886e+01
4.408818e+04	-1.776825e+01
4.434283e+04	-1.780121e+01
4.459895e+04	-1.784562e+01
4.485655e+04	-1.788869e+01
4.511564e+04	-1.794291e+01
4.537623e+04	-1.796562e+01
4.563832e+04	-1.798736e+01
4.590193e+04	-1.803791e+01
4.616705e+04	-1.808060e+01
4.643371e+04	-1.810708e+01
4.670191e+04	-1.815600e+01
4.697166e+04	-1.818316e+01
4.724297e+04	-1.820740e+01
4.751584e+04	-1.826134e+01
4.779029e+04	-1.830543e+01
4.806633e+04	-1.833915e+01
4.834395e+04	-1.836415e+01
4.862319e+04	-1.841125e+01
4.890403e+04	-1.845065e+01
4.918650e+04	-1.846781e+01
4.947060e+04	-1.851465e+01
4.975634e+04	-1.854591e+01
5.004373e+04	-1.858100e+01
5.033278e+04	-1.862663e+01
5.062350e+04	-1.865011e+01
5.091590e+04	-1.868036e+01
5.120999e+04	-1.873410e+01
5.150578e+04	-1.875899e+01
5.180327e+04	-1.880276e+01
5.210248e+04	-1.882633e+01
5.240343e+04	-1.887032e+01
5.270611e+04	-1.889106e+01
5.301053e+04	-1.893061e+01
5.331672e+04	-1.896007e+01
5.362468e+04	-1.899875e+01
5.393441e+04	-1.903177e+01
5.424593e+04	-1.908387e+01
5.455926e+04	-1.912135e+01
5.487439e+04	-1.912594e+01
5.519134e+04	-1.918067e+01
5.551012e+04	-1.919982e+01
5.583075e+04	-1.922050e+01
5.615322e+04	-1.925069e+01
5.647756e+04	-1.927209e+01
5.680377e+04	-1.933040e+01
5.713187e+04	-1.934240e+01
5.746186e+04	-1.937598e+01
5.779376e+04	-1.941105e+01
5.812757e+04	-1.944150e+01
5.846332e+04	-1.947557e+01
5.880100e+04	-1.949159e+01
5.914063e+04	-1.952159e+01
5.948222e+04	-1.956345e+01
5.982579e+04	-1.959204e+01
6.017134e+04	-1.962665e+01
6.051889e+04	-1.965756e+01
6.086844e+04	-1.967821e+01
6.122002e+04	-1.971393e+01
6.157362e+04	-1.974401e+01
6.192927e+04	-1.977762e+01
6.228697e+04	-1.978681e+01
6.264674e+04	-1.981843e+01
6.300858e+04	-1.985219e+01
6.337252e+04	-1.989409e+01
6.373855e+04	-1.990295e+01
6.410670e+04	-1.992112e+01
6.447698e+04	-1.994380e+01
6.484940e+04	-1.997294e+01
6.522397e+04	-1.999822e+01
6.560070e+04	-2.004162e+01
6.597960e+04	-2.005026e+01
6.636070e+04	-2.005960e+01
6.674400e+04	-2.009539e+01
6.712951e+04	-2.012364e+01
6.751724e+04	-2.013732e+01
6.790722e+04	-2.015897e+01
6.829945e+04	-2.018697e+01
6.869395e+04	-2.020489e+01
6.909072e+04	-2.023258e+01
6.948978e+04	-2.025590e+01
6.989115e+04	-2.026688e+01
7.029484e+04	-2.029010e+01
7.070086e+04	-2.031548e+01
7.110923e+04	-2.032568e+01
7.151995e+04	-2.035357e+01
7.193305e+04	-2.036838e+01
7.234853e+04	-2.039385e+01
7.276641e+04	-2.041629e+01
7.318671e+04	-2.041983e+01
7.360943e+04	-2.043540e+01
7.403460e+04	-2.047899e+01
7.446222e+04	-2.047370e+01
7.489231e+04	-2.050014e+01
7.532488e+04	-2.050420e+01
7.575996e+04	-2.050847e+01
7.619754e+04	-2.054628e+01
7.663766e+04	-2.055859e+01
7.708031e+04	-2.057730e+01
7.752553e+04	-2.059967e+01
7.797331e+04	-2.059321e+01
7.842368e+04	-2.061727e+01
7.887665e+04	-2.061266e+01
7.933224e+04	-2.063599e+01
7.979046e+04	-2.065753e+01
8.025133e+04	-2.065630e+01
8.071486e+04	-2.066755e+01
8.118106e+04	-2.067133e+01
8.164996e+04	-2.069622e+01
8.212157e+04	-2.068188e+01
8.259590e+04	-2.069677e+01
8.307297e+04	-2.071870e+01
8.355279e+04	-2.072123e+01
8.403539e+04	-2.071476e+01
8.452078e+04	-2.071756e+01
8.500897e+04	-2.072443e+01
8.549997e+04	-2.072476e+01
8.599382e+04	-2.073646e+01
8.649052e+04	-2.074480e+01
8.699008e+04	-2.074705e+01
8.749253e+04	-2.073655e+01
8.799789e+04	-2.074387e+01
8.850616e+04	-2.074699e+01
8.901737e+04	-2.075268e+01
8.953153e+04	-2.075206e+01
9.004866e+04	-2.073639e+01
9.056877e+04	-2.072015e+01
9.109190e+04	-2.073710e+01
9.161804e+04	-2.072425e+01
9.214722e+04	-2.071251e+01
9.267946e+04	-2.069953e+01
9.321477e+04	-2.072412e+01
9.375318e+04	-2.069694e+01
9.429469e+04	-2.067098e+01
9.483933e+04	-2.066048e+01
9.538712e+04	-2.067570e+01
9.593807e+04	-2.066038e+01
9.649221e+04	-2.066191e+01
9.704954e+04	-2.063777e+01
9.761010e+04	-2.063617e+01
9.817389e+04	-2.057687e+01
9.874094e+04	-2.057501e+01
9.931126e+04	-2.055004e+01
9.988488e+04	-2.056159e+01
1.004618e+05	-2.053708e+01
1.010421e+05	-2.049633e+01
1.016257e+05	-2.050000e+01
1.022127e+05	-2.046209e+01
1.028031e+05	-2.044000e+01
1.033968e+05	-2.042978e+01
1.039941e+05	-2.035781e+01
1.045947e+05	-2.035860e+01
1.051989e+05	-2.033187e+01
1.058065e+05	-2.029293e+01
1.064176e+05	-2.025562e+01
1.070323e+05	-2.022575e+01
1.076505e+05	-2.020011e+01
1.082723e+05	-2.017127e+01
1.088977e+05	-2.012636e+01
1.095266e+05	-2.008576e+01
1.101593e+05	-2.003540e+01
1.107955e+05	-2.000965e+01
1.114355e+05	-1.996701e+01
1.120791e+05	-1.990304e+01
1.127265e+05	-1.988574e+01
1.133776e+05	-1.981971e+01
1.140325e+05	-1.975703e+01
1.146911e+05	-1.971721e+01
1.153536e+05	-1.966013e+01
1.160198e+05	-1.960572e+01
1.166900e+05	-1.955787e+01
1.173640e+05	-1.947533e+01
1.180419e+05	-1.942584e+01
1.187237e+05	-1.935798e+01
1.194094e+05	-1.928981e+01
1.200991e+05	-1.922696e+01
1.207928e+05	-1.916010e+01
1.214905e+05	-1.908637e+01
1.221922e+05	-1.900458e+01
1.228980e+05	-1.893936e+01
1.236078e+05	-1.885355e+01
1.243218e+05	-1.878114e+01
1.250399e+05	-1.868133e+01
1.257621e+05	-1.861982e+01
1.264885e+05	-1.850120e+01
1.272191e+05	-1.841987e+01
1.279539e+05	-1.831806e+01
1.286930e+05	-1.820847e+01
1.294363e+05	-1.811770e+01
1.301839e+05	-1.801477e+01
1.309358e+05	-1.791045e+01
1.316921e+05	-1.778456e+01
1.324528e+05	-1.765747e+01
1.332178e+05	-1.754422e+01
1.339873e+05	-1.741017e+01
1.347612e+05	-1.726854e+01
1.355395e+05	-1.713703e+01
1.363224e+05	-1.700706e+01
1.371098e+05	-1.685323e+01
1.379018e+05	-1.670385e+01
1.386983e+05	-1.654800e+01
1.394994e+05	-1.639025e+01
1.403051e+05	-1.622400e+01
1.411155e+05	-1.606564e+01
1.419306e+05	-1.585540e+01
1.427504e+05	-1.568028e+01
1.435749e+05	-1.550206e+01
1.444042e+05	-1.529674e+01
1.452383e+05	-1.508641e+01
1.460772e+05	-1.487534e+01
1.469209e+05	-1.466640e+01
1.477695e+05	-1.440537e+01
1.486230e+05	-1.415580e+01
1.494814e+05	-1.391192e+01
1.503448e+05	-1.364889e+01
1.512132e+05	-1.335729e+01
1.520866e+05	-1.307507e+01
1.529651e+05	-1.279412e+01
1.538486e+05	-1.245299e+01
1.547372e+05	-1.212045e+01
1.556310e+05	-1.177160e+01
1.565299e+05	-1.142097e+01
1.574340e+05	-1.102022e+01
1.583433e+05	-1.060335e+01
1.592579e+05	-1.019447e+01
1.601778e+05	-9.733199e+00
1.611030e+05	-9.246846e+00
1.620335e+05	-8.741507e+00
1.629694e+05	-8.201942e+00
1.639107e+05	-7.598803e+00
1.648574e+05	-6.979173e+00
1.658097e+05	-6.306890e+00
1.667674e+05	-5.607021e+00
1.677306e+05	-4.843683e+00
1.686994e+05	-4.045500e+00
1.696738e+05	-3.269540e+00
1.706538e+05	-2.401433e+00
1.716395e+05	-1.585243e+00
1.726309e+05	-8.521032e-01
1.736280e+05	-3.137811e-01
1.746309e+05	2.488285e-03
1.756395e+05	-6.850120e-02
1.766540e+05	-4.382611e-01
1.776744e+05	-1.087790e+00
1.787006e+05	-1.872064e+00
1.797328e+05	-2.743145e+00
1.807709e+05	-3.650578e+00
1.818150e+05	-4.533070e+00
1.828652e+05	-5.350479e+00
1.839214e+05	-6.144909e+00
1.849837e+05	-6.905540e+00
1.860522e+05	-7.604806e+00
1.871268e+05	-8.292373e+00
1.882077e+05	-8.934538e+00
1.892948e+05	-9.499895e+00
1.903881e+05	-1.004887e+01
1.914878e+05	-1.060156e+01
1.925938e+05	-1.109025e+01
1.937062e+05	-1.157443e+01
1.948251e+05	-1.203852e+01
1.959504e+05	-1.245920e+01
1.970822e+05	-1.287067e+01
1.982205e+05	-1.325630e+01
1.993654e+05	-1.364427e+01
2.005169e+05	-1.401374e+01
2.016751e+05	-1.434712e+01
2.028400e+05	-1.466362e+01
2.040116e+05	-1.500427e+01
2.051899e+05	-1.530039e+01
2.063751e+05	-1.557725e+01
2.075671e+05	-1.587877e+01
2.087660e+05	-1.616263e+01
2.099719e+05	-1.642018e+01
2.111846e+05	-1.666453e+01
2.124044e+05	-1.690088e+01
2.136313e+05	-1.713462e+01
2.148652e+05	-1.734660e+01
2.161063e+05	-1.756836e+01
2.173545e+05	-1.778981e+01
2.186099e+05	-1.799384e+01
2.198726e+05	-1.817948e+01
2.211426e+05	-1.834779e+01
2.224199e+05	-1.852155e+01
2.237046e+05	-1.869307e+01
2.249967e+05	-1.884217e+01
2.262962e+05	-1.902808e+01
2.276033e+05	-1.916156e+01
2.289179e+05	-1.930573e+01
2.302402e+05	-1.944458e+01
2.315700e+05	-1.955862e+01
2.329076e+05	-1.969433e+01
2.342528e+05	-1.980003e+01
2.356059e+05	-1.992530e+01
2.369667e+05	-2.003117e+01
2.383354e+05	-2.011906e+01
2.397120e+05	-2.020420e+01
2.410966e+05	-2.031385e+01
2.424892e+05	-2.040478e+01
2.438898e+05	-2.046733e+01
2.452985e+05	-2.052546e+01
2.467153e+05	-2.058670e+01
2.481403e+05	-2.066733e+01
2.495736e+05	-2.071582e+01
2.510151e+05	-2.077714e+01
2.524650e+05	-2.079170e+01
2.539232e+05	-2.082464e+01
2.553898e+05	-2.085439e+01
2.568650e+05	-2.088104e+01
2.583486e+05	-2.089720e+01
2.598408e+05	-2.089537e+01
2.613416e+05	-2.090991e+01
2.628511e+05	-2.088716e+01
2.643694e+05	-2.088841e+01
2.658963e+05	-2.086827e+01
2.674321e+05	-2.084449e+01
2.689768e+05	-2.080158e+01
2.705304e+05	-2.077151e+01
2.720930e+05	-2.072288e+01
2.736646e+05	-2.063988e+01
2.752453e+05	-2.059687e+01
2.768351e+05	-2.050751e+01
2.784341e+05	-2.042777e+01
2.800423e+05	-2.033509e+01
2.816598e+05	-2.024806e+01
2.832867e+05	-2.012792e+01
2.849229e+05	-2.000550e+01
2.865686e+05	-1.988718e+01
2.882238e+05	-1.971732e+01
2.898886e+05	-1.957872e+01
2.915630e+05	-1.941264e+01
2.932470e+05	-1.922137e+01
2.949408e+05	-1.901473e+01
2.966444e+05	-1.881366e+01
2.983578e+05	-1.859600e+01
3.000811e+05	-1.833360e+01
3.018143e+05	-1.808717e+01
3.035576e+05	-1.780576e+01
3.053109e+05	-1.750763e+01
3.070744e+05	-1.719369e+01
3.088481e+05	-1.681491e+01
3.106320e+05	-1.643856e+01
3.124261e+05	-1.603918e+01
3.142307e+05	-1.560574e+01
3.160457e+05	-1.512982e+01
3.178712e+05	-1.460127e+01
3.197072e+05	-1.405007e+01
3.215538e+05	-1.342933e+01
3.234111e+05	-1.274274e+01
3.252791e+05	-1.198637e+01
3.271579e+05	-1.116038e+01
3.290475e+05	-1.023077e+01
3.309481e+05	-9.183780e+00
3.328596e+05	-8.000270e+00
3.347822e+05	-6.624674e+00
3.367159e+05	-5.089384e+00
3.386608e+05	-3.304562e+00
3.406169e+05	-1.550506e+00
3.425842e+05	-2.313730e-01
3.445630e+05	-1.710801e-01
3.465532e+05	-1.430784e+00
3.485549e+05	-3.267296e+00
3.505681e+05	-5.080604e+00
3.525930e+05	-6.739081e+00
3.546295e+05	-8.181016e+00
3.566778e+05	-9.460392e+00
3.587380e+05	-1.058491e+01
3.608101e+05	-1.158293e+01
3.628941e+05	-1.248270e+01
3.649901e+05	-1.330391e+01
3.670983e+05	-1.404642e+01
3.692187e+05	-1.471678e+01
3.713513e+05	-1.532777e+01
3.734962e+05	-1.590520e+01
3.756535e+05	-1.645281e+01
3.778232e+05	-1.693239e+01
3.800055e+05	-1.738421e+01
3.822004e+05	-1.778530e+01
3.844080e+05	-1.819665e+01
3.866283e+05	-1.855636e+01
3.888615e+05	-1.888287e+01
3.911075e+05	-1.919585e+01
3.933665e+05	-1.945782e+01
3.956386e+05	-1.971849e+01
3.979238e+05	-1.997213e+01
4.002222e+05	-2.017203e+01
4.025338e+05	-2.037785e+01
4.048589e+05	-2.054157e+01
4.071973e+05	-2.069417e+01
4.095493e+05	-2.084213e+01
4.119148e+05	-2.093843e+01
4.142940e+05	-2.105311e+01
4.166870e+05	-2.111136e+01
4.190937e+05	-2.117449e+01
4.215144e+05	-2.120590e+01
4.239490e+05	-2.124163e+01
4.263978e+05	-2.122349e+01
4.288606e+05	-2.119705e+01
4.313377e+05	-2.116095e+01
4.338291e+05	-2.108928e+01
4.363349e+05	-2.100402e+01
4.388551e+05	-2.087022e+01
4.413899e+05	-2.074755e+01
4.439394e+05	-2.057178e+01
4.465035e+05	-2.039414e+01
4.490825e+05	-2.016172e+01
4.516764e+05	-1.989326e+01
4.542853e+05	-1.959151e+01
4.569092e+05	-1.926352e+01
4.595483e+05	-1.888279e+01
4.622026e+05	-1.849118e+01
4.648723e+05	-1.799977e+01
4.675574e+05	-1.747699e+01
4.702580e+05	-1.686553e+01
4.729742e+05	-1.619029e+01
4.757060e+05	-1.543014e+01
4.784537e+05	-1.455035e+01
4.812172e+05	-1.352902e+01
4.839967e+05	-1.235465e+01
4.867923e+05	-1.095466e+01
4.896040e+05	-9.261227e+00
4.924319e+05	-7.180928e+00
4.952762e+05	-4.585338e+00
4.981369e+05	-1.622732e+00
5.010141e+05	-4.814187e-03
5.039079e+05	-1.935179e+00
5.068185e+05	-4.992284e+00
5.097458e+05	-7.617692e+00
5.126901e+05	-9.748161e+00
5.156514e+05	-1.148788e+01
5.186298e+05	-1.297733e+01
5.216253e+05	-1.419538e+01
5.246382e+05	-1.526333e+01
5.276685e+05	-1.619490e+01
5.307163e+05	-1.701110e+01
5.337817e+05	-1.775096e+01
5.368648e+05	-1.837791e+01
5.399657e+05	-1.896691e+01
5.430845e+05	-1.946040e+01
5.462214e+05	-1.989648e+01
5.493763e+05	-2.027992e+01
5.525495e+05	-2.062738e+01
5.557410e+05	-2.092267e+01
5.589509e+05	-2.116275e+01
5.621794e+05	-2.134204e+01
5.654265e+05	-2.150249e+01
5.686924e+05	-2.161030e+01
5.719772e+05	-2.168027e+01
5.752809e+05	-2.168330e+01
5.786037e+05	-2.163960e+01
5.819457e+05	-2.158463e+01
5.853070e+05	-2.143595e+01
5.886877e+05	-2.125497e+01
5.920879e+05	-2.103283e+01
5.955078e+05	-2.071193e+01
5.989474e+05	-2.035403e+01
6.024069e+05	-1.989242e+01
6.058864e+05	-1.935747e+01
6.093860e+05	-1.874488e+01
6.129058e+05	-1.798427e+01
6.164459e+05	-1.707488e+01
6.200064e+05	-1.602061e+01
6.235876e+05	-1.471471e+01
6.271894e+05	-1.309775e+01
6.308120e+05	-1.105842e+01
6.344555e+05	-8.331988e+00
6.381201e+05	-4.497171e+00
6.418059e+05	-3.043220e-01
6.455129e+05	-2.214839e+00
6.492414e+05	-6.695297e+00
6.529914e+05	-1.004422e+01
6.567630e+05	-1.253263e+01
6.605565e+05	-1.444180e+01
6.643718e+05	-1.598425e+01
6.682092e+05	-1.727787e+01
6.720688e+05	-1.833382e+01
6.759506e+05	-1.920616e+01
6.798549e+05	-1.997611e+01
6.837817e+05	-2.058722e+01
6.877312e+05	-2.112441e+01
6.917035e+05	-2.154694e+01
6.956987e+05	-2.187237e+01
6.997171e+05	-2.212291e+01
7.037586e+05	-2.225603e+01
7.078235e+05	-2.231795e+01
7.119118e+05	-2.228375e+01
7.160238e+05	-2.215069e+01
7.201595e+05	-2.192501e+01
7.243191e+05	-2.158489e+01
7.285028e+05	-2.114700e+01
7.327106e+05	-2.053943e+01
7.369427e+05	-1.975376e+01
7.411992e+05	-1.879171e+01
7.454804e+05	-1.756388e+01
7.497862e+05	-1.596150e+01
7.541170e+05	-1.382635e+01
7.584727e+05	-1.084657e+01
7.628536e+05	-6.250529e+00
7.672598e+05	-1.541639e-01
7.716915e+05	-4.800314e+00
7.761488e+05	-1.014589e+01
7.806318e+05	-1.360501e+01
7.851407e+05	-1.604222e+01
7.896756e+05	-1.787848e+01
7.942367e+05	-1.932021e+01
7.988242e+05	-2.044353e+01
8.034382e+05	-2.132882e+01
8.080788e+05	-2.202465e+01
8.127463e+05	-2.251394e+01
8.174406e+05	-2.285044e+01
8.221621e+05	-2.302186e+01
8.269109e+05	-2.303402e+01
8.316871e+05	-2.287038e+01
8.364909e+05	-2.253023e+01
8.413225e+05	-2.196819e+01
8.461819e+05	-2.116113e+01
8.510694e+05	-2.006367e+01
8.559852e+05	-1.851224e+01
8.609293e+05	-1.634926e+01
8.659020e+05	-1.313054e+01
8.709034e+05	-7.643807e+00
8.759337e+05	-6.142773e-02
8.809931e+05	-8.706726e+00
8.860816e+05	-1.400163e+01
8.911996e+05	-1.726093e+01
8.963471e+05	-1.951438e+01
9.015244e+05	-2.111570e+01
9.067316e+05	-2.228639e+01
9.119688e+05	-2.312291e+01
9.172363e+05	-2.362931e+01
9.225342e+05	-2.386441e+01
9.278628e+05	-2.384278e+01
9.332221e+05	-2.346939e+01
9.386123e+05	-2.272980e+01
9.440337e+05	-2.156987e+01
9.494864e+05	-1.976974e+01
9.549706e+05	-1.699905e+01
9.604865e+05	-1.209859e+01
9.660342e+05	-1.102596e+00
9.716140e+05	-9.836701e+00
9.772260e+05	-1.624728e+01
9.828704e+05	-1.979338e+01
9.885474e+05	-2.206152e+01
9.942572e+05	-2.352226e+01
1.000000e+06	-2.445609e+01
