Frequency(Hz)	Magnitude(dB)
1.000000e+01	9.126254e-05
1.005776e+01	-1.515089e-04
1.011585e+01	-5.752950e-05
1.017428e+01	-2.246004e-05
1.023305e+01	-2.247461e-05
1.029215e+01	8.097978e-05
1.035160e+01	7.794552e-05
1.041139e+01	9.571417e-05
1.047153e+01	5.547518e-05
1.053201e+01	-7.928253e-05
1.059284e+01	2.475015e-07
1.065403e+01	1.374817e-05
1.071556e+01	9.743215e-05
1.077746e+01	1.067323e-04
1.083971e+01	-1.399229e-04
1.090232e+01	-6.325030e-05
1.096529e+01	-9.444911e-05
1.102862e+01	7.776996e-05
1.109232e+01	-1.141135e-04
1.115639e+01	-7.583816e-05
1.122083e+01	-6.773266e-05
1.128564e+01	-9.497787e-05
1.135083e+01	-5.863467e-06
1.141639e+01	-1.396078e-04
1.148233e+01	-1.728735e-05
1.154865e+01	6.571167e-05
1.161536e+01	-4.665135e-05
1.168245e+01	5.242600e-05
1.174992e+01	5.705038e-05
1.181779e+01	-2.079935e-04
1.188605e+01	1.527294e-05
1.195470e+01	1.548487e-04
1.202375e+01	-2.989938e-05
1.209320e+01	-3.289427e-05
1.216305e+01	1.136808e-04
1.223330e+01	-4.465702e-05
1.230396e+01	-6.371246e-06
1.237503e+01	6.348994e-05
1.244651e+01	-1.610072e-04
1.251840e+01	-1.873578e-04
1.259070e+01	-2.000644e-05
1.266343e+01	6.292140e-05
1.273657e+01	3.634068e-06
1.281014e+01	-1.598928e-04
1.288413e+01	2.500528e-05
1.295855e+01	9.572124e-05
1.303339e+01	-1.021447e-04
1.310867e+01	-8.266585e-05
1.318439e+01	-2.790861e-06
1.326054e+01	-4.930561e-05
1.333713e+01	1.451551e-05
1.341417e+01	2.664462e-05
1.349165e+01	-1.417139e-04
1.356958e+01	-2.467072e-05
1.364795e+01	-4.128177e-05
1.372678e+01	-4.593897e-05
1.380607e+01	-1.353607e-04
1.388581e+01	-3.006289e-05
1.396602e+01	-1.047511e-04
1.404668e+01	-1.967345e-05
1.412782e+01	7.730557e-05
1.420942e+01	3.735870e-06
1.429149e+01	7.298910e-05
1.437404e+01	-1.074966e-04
1.445706e+01	4.058813e-05
1.454057e+01	-7.335277e-05
1.462455e+01	5.914374e-05
1.470902e+01	-7.104867e-05
1.479398e+01	6.707299e-06
1.487943e+01	-3.558135e-05
1.496537e+01	5.180025e-05
1.505181e+01	-5.606859e-05
1.513875e+01	2.763433e-05
1.522619e+01	-7.631899e-05
1.531414e+01	-1.485420e-05
1.540259e+01	-8.529021e-05
1.549156e+01	4.622158e-05
1.558103e+01	1.128698e-07
1.567103e+01	1.749922e-05
1.576155e+01	-3.204015e-06
1.585258e+01	-1.286065e-04
1.594415e+01	-1.043193e-04
1.603624e+01	8.595863e-05
1.612886e+01	-1.802011e-04
1.622202e+01	6.385580e-05
1.631572e+01	-1.207899e-04
1.640996e+01	-5.943761e-05
1.650474e+01	-4.103277e-05
1.660008e+01	-3.011892e-05
1.669596e+01	1.896878e-06
1.679239e+01	-9.669976e-05
1.688938e+01	-1.336330e-04
1.698694e+01	-1.811386e-04
1.708505e+01	-1.426384e-04
1.718373e+01	-3.562586e-05
1.728299e+01	-1.080301e-04
1.738281e+01	3.028387e-05
1.748322e+01	-7.710860e-05
1.758420e+01	-1.207957e-04
1.768576e+01	1.426406e-05
1.778792e+01	1.228518e-04
1.789066e+01	-4.122677e-05
1.799399e+01	-2.202503e-05
1.809793e+01	-3.150549e-05
1.820246e+01	-9.326384e-05
1.830760e+01	2.395321e-05
1.841334e+01	-1.433055e-05
1.851969e+01	-1.283855e-04
1.862666e+01	-5.722194e-05
1.873425e+01	3.834513e-05
1.884246e+01	-1.694757e-05
1.895129e+01	-5.410162e-05
1.906075e+01	-4.910450e-06
1.917085e+01	-3.340209e-05
1.928158e+01	-7.387147e-06
1.939295e+01	-2.268628e-04
1.950496e+01	-9.572137e-05
1.961762e+01	-2.204659e-05
1.973093e+01	-1.346811e-04
1.984490e+01	-4.571326e-05
1.995952e+01	-2.394605e-05
2.007480e+01	-1.412603e-04
2.019076e+01	-9.030278e-05
2.030738e+01	-8.691885e-05
2.042467e+01	-7.150776e-05
2.054264e+01	1.296459e-05
2.066130e+01	-1.560663e-04
2.078064e+01	-1.057275e-04
2.090066e+01	-1.108292e-04
2.102139e+01	6.190313e-05
2.114280e+01	-1.154083e-05
2.126492e+01	9.543850e-07
2.138775e+01	-2.792638e-04
2.151128e+01	-2.715396e-05
2.163553e+01	-1.679848e-05
2.176050e+01	-1.005458e-04
2.188619e+01	-1.548777e-04
2.201260e+01	-5.279537e-05
2.213974e+01	-1.219549e-04
2.226762e+01	-2.579745e-04
2.239624e+01	-2.221615e-04
2.252560e+01	-1.384235e-04
2.265571e+01	-1.963699e-04
2.278656e+01	6.853988e-05
2.291818e+01	-9.507708e-05
2.305055e+01	-1.702942e-04
2.318369e+01	-1.918980e-04
2.331760e+01	-1.313258e-04
2.345228e+01	-1.280946e-04
2.358774e+01	-1.465405e-04
2.372398e+01	4.729715e-05
2.386101e+01	-1.730823e-04
2.399883e+01	-1.420903e-04
2.413745e+01	3.240236e-05
2.427686e+01	-5.400076e-06
2.441709e+01	-1.704056e-04
2.455812e+01	-9.109110e-05
2.469997e+01	-1.713919e-04
2.484263e+01	-1.094285e-04
2.498612e+01	-2.266992e-04
2.513044e+01	-1.089067e-04
2.527559e+01	-3.476030e-04
2.542158e+01	-2.224554e-04
2.556842e+01	-2.111215e-04
2.571610e+01	-3.438514e-04
2.586463e+01	1.254481e-05
2.601403e+01	-2.498882e-04
2.616428e+01	-8.341961e-05
2.631541e+01	-1.403214e-04
2.646740e+01	-7.148436e-05
2.662028e+01	-1.259029e-04
2.677404e+01	-3.004334e-04
2.692868e+01	-1.914340e-04
2.708422e+01	-5.776900e-05
2.724066e+01	-2.172343e-04
2.739800e+01	-4.687831e-05
2.755625e+01	-2.292295e-04
2.771541e+01	-1.431487e-04
2.787550e+01	-1.905705e-04
2.803650e+01	-2.021700e-04
2.819844e+01	-6.681297e-05
2.836131e+01	-1.185594e-04
2.852513e+01	-8.885422e-05
2.868989e+01	-9.794393e-05
2.885560e+01	-1.554339e-04
2.902227e+01	-1.046462e-04
2.918990e+01	-2.510260e-04
2.935850e+01	-8.558222e-05
2.952807e+01	-1.584288e-04
2.969863e+01	-3.184702e-04
2.987016e+01	-3.477570e-04
3.004269e+01	-2.149491e-04
3.021622e+01	-8.247808e-05
3.039075e+01	-2.150459e-04
3.056628e+01	-1.274795e-04
3.074283e+01	-1.354220e-04
3.092040e+01	-1.093116e-04
3.109900e+01	-2.274244e-05
3.127862e+01	-8.164795e-05
3.145929e+01	-2.298765e-04
3.164099e+01	-2.774649e-04
3.182375e+01	-2.642038e-04
3.200756e+01	-2.396081e-04
3.219244e+01	-1.588614e-04
3.237838e+01	-1.851546e-04
3.256540e+01	-8.994259e-05
3.275349e+01	-1.972428e-04
3.294268e+01	-2.517424e-04
3.313295e+01	-1.306871e-04
3.332433e+01	-2.931845e-04
3.351681e+01	-2.086037e-04
3.371040e+01	-1.109092e-04
3.390511e+01	-2.908893e-04
3.410094e+01	-1.753403e-04
3.429791e+01	-2.785074e-04
3.449601e+01	-2.910758e-04
3.469526e+01	-2.367372e-04
3.489566e+01	-1.209857e-04
3.509721e+01	-3.115315e-04
3.529993e+01	-2.595608e-04
3.550382e+01	-1.230641e-04
3.570889e+01	-4.051241e-04
3.591515e+01	-1.883391e-04
3.612259e+01	-3.027918e-04
3.633123e+01	-2.600056e-04
3.654108e+01	-3.307915e-04
3.675214e+01	-4.482424e-04
3.696442e+01	-2.538400e-04
3.717792e+01	-2.937770e-04
3.739266e+01	-2.411207e-04
3.760864e+01	-1.350009e-04
3.782587e+01	-2.591536e-04
3.804435e+01	-3.079095e-04
3.826409e+01	-4.242859e-04
3.848510e+01	-2.637185e-04
3.870739e+01	-3.727635e-04
3.893096e+01	-3.708930e-04
3.915583e+01	-4.451657e-04
3.938199e+01	-3.577938e-04
3.960946e+01	-3.859409e-04
3.983824e+01	-3.475590e-04
4.006834e+01	-4.905603e-04
4.029978e+01	-1.959570e-04
4.053255e+01	-3.875388e-04
4.076666e+01	-1.721892e-04
4.100213e+01	-3.353812e-04
4.123896e+01	-4.009535e-04
4.147715e+01	-3.258263e-04
4.171672e+01	-2.889637e-04
4.195767e+01	-4.292507e-04
4.220002e+01	-4.108012e-04
4.244377e+01	-2.384212e-04
4.268892e+01	-4.483074e-04
4.293549e+01	-3.208260e-04
4.318348e+01	-3.940754e-04
4.343291e+01	-4.722700e-04
4.368377e+01	-3.232996e-04
4.393609e+01	-4.364464e-04
4.418986e+01	-4.505036e-04
4.444510e+01	-4.292457e-04
4.470182e+01	-4.752337e-04
4.496001e+01	-4.948757e-04
4.521970e+01	-4.090264e-04
4.548089e+01	-4.209647e-04
4.574358e+01	-4.610542e-04
4.600779e+01	-5.793329e-04
4.627353e+01	-4.784958e-04
4.654081e+01	-4.089317e-04
4.680963e+01	-5.568337e-04
4.708000e+01	-4.439810e-04
4.735193e+01	-4.270196e-04
4.762543e+01	-4.433434e-04
4.790051e+01	-4.114834e-04
4.817719e+01	-3.159482e-04
4.845545e+01	-5.214122e-04
4.873533e+01	-5.426914e-04
4.901682e+01	-4.059722e-04
4.929994e+01	-5.476573e-04
4.958470e+01	-6.447377e-04
4.987110e+01	-4.888047e-04
5.015915e+01	-4.124793e-04
5.044887e+01	-5.219643e-04
5.074026e+01	-5.284361e-04
5.103333e+01	-5.713924e-04
5.132810e+01	-3.622616e-04
5.162457e+01	-4.296676e-04
5.192275e+01	-4.772810e-04
5.222265e+01	-5.648319e-04
5.252429e+01	-6.518761e-04
5.282767e+01	-6.054080e-04
5.313280e+01	-5.407449e-04
5.343969e+01	-6.613544e-04
5.374836e+01	-6.127868e-04
5.405880e+01	-5.019060e-04
5.437105e+01	-5.702057e-04
5.468509e+01	-4.421883e-04
5.500095e+01	-5.675366e-04
5.531863e+01	-6.650890e-04
5.563815e+01	-6.145894e-04
5.595951e+01	-7.376293e-04
5.628273e+01	-5.437219e-04
5.660782e+01	-4.657744e-04
5.693479e+01	-6.575219e-04
5.726364e+01	-5.202847e-04
5.759439e+01	-6.551923e-04
5.792705e+01	-7.858918e-04
5.826164e+01	-6.533313e-04
5.859815e+01	-6.725995e-04
5.893662e+01	-7.753676e-04
5.927703e+01	-7.125945e-04
5.961941e+01	-7.781012e-04
5.996377e+01	-6.711347e-04
6.031012e+01	-6.286039e-04
6.065847e+01	-7.453343e-04
6.100883e+01	-8.575272e-04
6.136121e+01	-6.628552e-04
6.171563e+01	-8.437254e-04
6.207210e+01	-8.306251e-04
6.243063e+01	-8.544369e-04
6.279122e+01	-7.596212e-04
6.315390e+01	-8.618258e-04
6.351868e+01	-8.136254e-04
6.388556e+01	-9.016394e-04
6.425456e+01	-8.229251e-04
6.462569e+01	-7.547190e-04
6.499897e+01	-7.292927e-04
6.537440e+01	-9.598232e-04
6.575200e+01	-8.619009e-04
6.613178e+01	-8.973611e-04
6.651375e+01	-9.840669e-04
6.689793e+01	-8.543113e-04
6.728433e+01	-8.527723e-04
6.767297e+01	-1.059794e-03
6.806384e+01	-9.405931e-04
6.845698e+01	-8.307419e-04
6.885238e+01	-1.160071e-03
6.925007e+01	-9.236134e-04
6.965005e+01	-1.118072e-03
7.005235e+01	-1.150101e-03
7.045697e+01	-1.043211e-03
7.086393e+01	-1.123684e-03
7.127323e+01	-1.016564e-03
7.168490e+01	-1.039939e-03
7.209895e+01	-9.547229e-04
7.251539e+01	-1.142331e-03
7.293424e+01	-1.077610e-03
7.335551e+01	-1.241167e-03
7.377920e+01	-1.232714e-03
7.420535e+01	-1.105269e-03
7.463396e+01	-1.119463e-03
7.506504e+01	-1.244234e-03
7.549861e+01	-1.251674e-03
7.593469e+01	-1.272684e-03
7.637328e+01	-1.040248e-03
7.681441e+01	-1.305607e-03
7.725809e+01	-1.214517e-03
7.770433e+01	-1.211483e-03
7.815315e+01	-1.122523e-03
7.860456e+01	-1.407624e-03
7.905857e+01	-1.277185e-03
7.951521e+01	-1.296465e-03
7.997449e+01	-1.238729e-03
8.043642e+01	-1.335038e-03
8.090102e+01	-1.416109e-03
8.136830e+01	-1.622618e-03
8.183828e+01	-1.460960e-03
8.231097e+01	-1.339960e-03
8.278640e+01	-1.387747e-03
8.326457e+01	-1.326838e-03
8.374550e+01	-1.436314e-03
8.422921e+01	-1.380038e-03
8.471572e+01	-1.436968e-03
8.520503e+01	-1.232824e-03
8.569717e+01	-1.573450e-03
8.619215e+01	-1.559508e-03
8.669000e+01	-1.381059e-03
8.719071e+01	-1.638826e-03
8.769432e+01	-1.633705e-03
8.820084e+01	-1.666269e-03
8.871029e+01	-1.500906e-03
8.922267e+01	-1.643772e-03
8.973802e+01	-1.448537e-03
9.025634e+01	-1.670310e-03
9.077766e+01	-1.827064e-03
9.130199e+01	-1.542310e-03
9.182935e+01	-1.758259e-03
9.235975e+01	-1.680827e-03
9.289321e+01	-1.747897e-03
9.342976e+01	-1.710457e-03
9.396941e+01	-1.498549e-03
9.451217e+01	-1.580137e-03
9.505807e+01	-1.876046e-03
9.560712e+01	-1.963430e-03
9.615934e+01	-1.938546e-03
9.671476e+01	-1.822726e-03
9.727338e+01	-1.862943e-03
9.783522e+01	-1.902974e-03
9.840032e+01	-1.777559e-03
9.896867e+01	-1.893667e-03
9.954031e+01	-1.942707e-03
1.001153e+02	-1.954767e-03
1.006935e+02	-2.017244e-03
1.012751e+02	-2.112902e-03
1.018601e+02	-2.124291e-03
1.024484e+02	-2.198405e-03
1.030402e+02	-2.267271e-03
1.036353e+02	-2.099625e-03
1.042339e+02	-2.344928e-03
1.048360e+02	-2.212899e-03
1.054415e+02	-2.266272e-03
1.060505e+02	-2.325378e-03
1.066631e+02	-2.238285e-03
1.072791e+02	-2.371257e-03
1.078988e+02	-2.255582e-03
1.085220e+02	-2.261099e-03
1.091488e+02	-2.427454e-03
1.097793e+02	-2.396730e-03
1.104133e+02	-2.381524e-03
1.110511e+02	-2.432038e-03
1.116925e+02	-2.638512e-03
1.123376e+02	-2.553909e-03
1.129865e+02	-2.598156e-03
1.136391e+02	-2.712615e-03
1.142955e+02	-2.697942e-03
1.149556e+02	-2.535506e-03
1.156196e+02	-2.632829e-03
1.162874e+02	-2.743203e-03
1.169591e+02	-2.769490e-03
1.176347e+02	-2.667470e-03
1.183141e+02	-2.811601e-03
1.189975e+02	-2.770309e-03
1.196848e+02	-2.952455e-03
1.203761e+02	-2.897767e-03
1.210714e+02	-2.931581e-03
1.217707e+02	-2.863137e-03
1.224740e+02	-3.084089e-03
1.231814e+02	-3.013910e-03
1.238929e+02	-3.024595e-03
1.246085e+02	-3.218410e-03
1.253283e+02	-3.249290e-03
1.260522e+02	-3.051189e-03
1.267802e+02	-3.247672e-03
1.275125e+02	-3.389029e-03
1.282490e+02	-3.436266e-03
1.289898e+02	-3.335385e-03
1.297348e+02	-3.329949e-03
1.304842e+02	-3.334543e-03
1.312378e+02	-3.496380e-03
1.319959e+02	-3.484946e-03
1.327583e+02	-3.651856e-03
1.335251e+02	-3.417194e-03
1.342963e+02	-3.558619e-03
1.350720e+02	-3.609298e-03
1.358522e+02	-3.685432e-03
1.366368e+02	-3.590472e-03
1.374260e+02	-3.758805e-03
1.382198e+02	-3.899954e-03
1.390182e+02	-3.765020e-03
1.398211e+02	-3.920882e-03
1.406287e+02	-3.872132e-03
1.414410e+02	-3.928135e-03
1.422579e+02	-4.110330e-03
1.430796e+02	-4.218436e-03
1.439060e+02	-4.206325e-03
1.447372e+02	-4.167465e-03
1.455732e+02	-4.228795e-03
1.464141e+02	-4.306232e-03
1.472597e+02	-4.381142e-03
1.481103e+02	-4.357028e-03
1.489658e+02	-4.548667e-03
1.498262e+02	-4.536553e-03
1.506916e+02	-4.658560e-03
1.515620e+02	-4.574231e-03
1.524374e+02	-4.685451e-03
1.533179e+02	-4.860200e-03
1.542034e+02	-4.741565e-03
1.550941e+02	-4.763530e-03
1.559899e+02	-4.863638e-03
1.568909e+02	-4.994503e-03
1.577971e+02	-4.934559e-03
1.587085e+02	-5.102068e-03
1.596252e+02	-5.137143e-03
1.605472e+02	-5.119384e-03
1.614745e+02	-5.274467e-03
1.624072e+02	-5.072956e-03
1.633453e+02	-5.487974e-03
1.642887e+02	-5.588345e-03
1.652377e+02	-5.535024e-03
1.661921e+02	-5.488078e-03
1.671520e+02	-5.754215e-03
1.681175e+02	-5.641089e-03
1.690885e+02	-5.770614e-03
1.700651e+02	-5.762240e-03
1.710474e+02	-5.907829e-03
1.720354e+02	-5.935057e-03
1.730291e+02	-5.956056e-03
1.740285e+02	-6.024515e-03
1.750337e+02	-6.221132e-03
1.760446e+02	-6.284572e-03
1.770615e+02	-6.328879e-03
1.780842e+02	-6.450138e-03
1.791128e+02	-6.384637e-03
1.801473e+02	-6.564613e-03
1.811878e+02	-6.746120e-03
1.822344e+02	-6.385791e-03
1.832870e+02	-6.803393e-03
1.843456e+02	-6.839895e-03
1.854104e+02	-6.886543e-03
1.864813e+02	-7.058709e-03
1.875584e+02	-6.997146e-03
1.886418e+02	-7.164189e-03
1.897313e+02	-7.262929e-03
1.908272e+02	-7.416223e-03
1.919294e+02	-7.327067e-03
1.930380e+02	-7.503818e-03
1.941530e+02	-7.513434e-03
1.952744e+02	-7.717362e-03
1.964023e+02	-7.876617e-03
1.975367e+02	-7.787309e-03
1.986777e+02	-7.959311e-03
1.998252e+02	-8.029197e-03
2.009794e+02	-8.078900e-03
2.021403e+02	-8.323735e-03
2.033078e+02	-8.418522e-03
2.044821e+02	-8.496388e-03
2.056632e+02	-8.442777e-03
2.068511e+02	-8.592326e-03
2.080459e+02	-8.765359e-03
2.092475e+02	-8.724125e-03
2.104561e+02	-8.962670e-03
2.116717e+02	-9.030731e-03
2.128943e+02	-9.080894e-03
2.141240e+02	-9.309068e-03
2.153608e+02	-9.343727e-03
2.166047e+02	-9.315553e-03
2.178558e+02	-9.485391e-03
2.191141e+02	-9.622182e-03
2.203797e+02	-9.781692e-03
2.216526e+02	-9.887746e-03
2.229329e+02	-9.888116e-03
2.242205e+02	-1.007137e-02
2.255156e+02	-1.029497e-02
2.268182e+02	-1.040986e-02
2.281283e+02	-1.029385e-02
2.294459e+02	-1.048325e-02
2.307712e+02	-1.069450e-02
2.321041e+02	-1.074868e-02
2.334447e+02	-1.112030e-02
2.347931e+02	-1.118152e-02
2.361493e+02	-1.123306e-02
2.375133e+02	-1.133768e-02
2.388851e+02	-1.148492e-02
2.402649e+02	-1.152975e-02
2.416527e+02	-1.160311e-02
2.430484e+02	-1.184878e-02
2.444523e+02	-1.205083e-02
2.458642e+02	-1.215667e-02
2.472843e+02	-1.237151e-02
2.487126e+02	-1.246960e-02
2.501492e+02	-1.245731e-02
2.515940e+02	-1.272920e-02
2.530472e+02	-1.282224e-02
2.545088e+02	-1.306545e-02
2.559789e+02	-1.335190e-02
2.574574e+02	-1.330246e-02
2.589444e+02	-1.337794e-02
2.604401e+02	-1.360906e-02
2.619444e+02	-1.377648e-02
2.634574e+02	-1.399057e-02
2.649791e+02	-1.390972e-02
2.665096e+02	-1.412760e-02
2.680489e+02	-1.450873e-02
2.695972e+02	-1.458076e-02
2.711544e+02	-1.475627e-02
2.727205e+02	-1.494059e-02
2.742958e+02	-1.497596e-02
2.758801e+02	-1.529678e-02
2.774736e+02	-1.544924e-02
2.790762e+02	-1.572024e-02
2.806882e+02	-1.585181e-02
2.823094e+02	-1.591690e-02
2.839400e+02	-1.622268e-02
2.855800e+02	-1.642669e-02
2.872295e+02	-1.655998e-02
2.888886e+02	-1.685179e-02
2.905572e+02	-1.693821e-02
2.922354e+02	-1.713999e-02
2.939234e+02	-1.741953e-02
2.956211e+02	-1.737956e-02
2.973286e+02	-1.780198e-02
2.990459e+02	-1.806020e-02
3.007732e+02	-1.820142e-02
3.025104e+02	-1.839535e-02
3.042577e+02	-1.853237e-02
3.060151e+02	-1.887601e-02
3.077826e+02	-1.894310e-02
3.095604e+02	-1.939117e-02
3.113484e+02	-1.947980e-02
3.131467e+02	-1.953716e-02
3.149554e+02	-1.998401e-02
3.167746e+02	-2.006078e-02
3.186043e+02	-2.030925e-02
3.204445e+02	-2.057270e-02
3.222954e+02	-2.074422e-02
3.241570e+02	-2.114422e-02
3.260293e+02	-2.130126e-02
3.279124e+02	-2.153417e-02
3.298064e+02	-2.173756e-02
3.317114e+02	-2.200910e-02
3.336273e+02	-2.220615e-02
3.355544e+02	-2.246260e-02
3.374925e+02	-2.268717e-02
3.394418e+02	-2.298959e-02
3.414024e+02	-2.331060e-02
3.433744e+02	-2.370308e-02
3.453577e+02	-2.380461e-02
3.473525e+02	-2.433429e-02
3.493588e+02	-2.442911e-02
3.513766e+02	-2.482329e-02
3.534062e+02	-2.514306e-02
3.554474e+02	-2.528139e-02
3.575005e+02	-2.553509e-02
3.595654e+02	-2.590600e-02
3.616422e+02	-2.620333e-02
3.637311e+02	-2.662494e-02
3.658320e+02	-2.694323e-02
3.679450e+02	-2.716952e-02
3.700702e+02	-2.770137e-02
3.722077e+02	-2.770691e-02
3.743576e+02	-2.815662e-02
3.765199e+02	-2.832022e-02
3.786946e+02	-2.870832e-02
3.808820e+02	-2.906065e-02
3.830819e+02	-2.954912e-02
3.852946e+02	-2.979023e-02
3.875200e+02	-3.007425e-02
3.897583e+02	-3.045361e-02
3.920096e+02	-3.070354e-02
3.942738e+02	-3.109403e-02
3.965511e+02	-3.149888e-02
3.988416e+02	-3.195934e-02
4.011452e+02	-3.209954e-02
4.034622e+02	-3.257299e-02
4.057926e+02	-3.306270e-02
4.081365e+02	-3.349239e-02
4.104938e+02	-3.387745e-02
4.128648e+02	-3.407674e-02
4.152495e+02	-3.460905e-02
4.176480e+02	-3.488346e-02
4.200603e+02	-3.525123e-02
4.224866e+02	-3.574136e-02
4.249268e+02	-3.613463e-02
4.273812e+02	-3.648259e-02
4.298497e+02	-3.690442e-02
4.323325e+02	-3.756705e-02
4.348297e+02	-3.779481e-02
4.373412e+02	-3.833503e-02
4.398673e+02	-3.853849e-02
4.424079e+02	-3.936419e-02
4.449633e+02	-3.974562e-02
4.475334e+02	-4.015120e-02
4.501183e+02	-4.055463e-02
4.527182e+02	-4.115809e-02
4.553330e+02	-4.152360e-02
4.579630e+02	-4.202011e-02
4.606082e+02	-4.246218e-02
4.632687e+02	-4.292065e-02
4.659445e+02	-4.349864e-02
4.686358e+02	-4.399133e-02
4.713426e+02	-4.446331e-02
4.740650e+02	-4.509687e-02
4.768032e+02	-4.536506e-02
4.795572e+02	-4.586116e-02
4.823271e+02	-4.651036e-02
4.851130e+02	-4.703373e-02
4.879150e+02	-4.747437e-02
4.907332e+02	-4.827923e-02
4.935676e+02	-4.879686e-02
4.964185e+02	-4.936623e-02
4.992858e+02	-4.982367e-02
5.021696e+02	-5.047577e-02
5.050701e+02	-5.100278e-02
5.079874e+02	-5.160593e-02
5.109215e+02	-5.219275e-02
5.138726e+02	-5.270816e-02
5.168407e+02	-5.334943e-02
5.198259e+02	-5.395224e-02
5.228284e+02	-5.459277e-02
5.258482e+02	-5.523216e-02
5.288855e+02	-5.600099e-02
5.319403e+02	-5.642844e-02
5.350128e+02	-5.702636e-02
5.381030e+02	-5.784999e-02
5.412111e+02	-5.839965e-02
5.443371e+02	-5.919762e-02
5.474812e+02	-5.982147e-02
5.506434e+02	-6.052570e-02
5.538239e+02	-6.115987e-02
5.570228e+02	-6.191812e-02
5.602401e+02	-6.273263e-02
5.634760e+02	-6.341273e-02
5.667306e+02	-6.425454e-02
5.700040e+02	-6.500181e-02
5.732964e+02	-6.570446e-02
5.766077e+02	-6.636737e-02
5.799382e+02	-6.702112e-02
5.832879e+02	-6.790285e-02
5.866569e+02	-6.878012e-02
5.900454e+02	-6.946439e-02
5.934535e+02	-7.017667e-02
5.968813e+02	-7.104296e-02
6.003288e+02	-7.181945e-02
6.037963e+02	-7.273060e-02
6.072838e+02	-7.352266e-02
6.107914e+02	-7.439431e-02
6.143194e+02	-7.513619e-02
6.178676e+02	-7.622639e-02
6.214364e+02	-7.701816e-02
6.250258e+02	-7.778204e-02
6.286359e+02	-7.881990e-02
6.322669e+02	-7.978860e-02
6.359189e+02	-8.054954e-02
6.395919e+02	-8.143798e-02
6.432862e+02	-8.252198e-02
6.470017e+02	-8.341496e-02
6.507388e+02	-8.424809e-02
6.544974e+02	-8.533407e-02
6.582778e+02	-8.646794e-02
6.620800e+02	-8.735367e-02
6.659041e+02	-8.816036e-02
6.697504e+02	-8.928328e-02
6.736188e+02	-9.036754e-02
6.775096e+02	-9.142784e-02
6.814229e+02	-9.247632e-02
6.853587e+02	-9.371857e-02
6.893173e+02	-9.445730e-02
6.932988e+02	-9.558874e-02
6.973033e+02	-9.663086e-02
7.013309e+02	-9.783274e-02
7.053817e+02	-9.901451e-02
7.094560e+02	-1.001159e-01
7.135538e+02	-1.011465e-01
7.176752e+02	-1.023045e-01
7.218205e+02	-1.034717e-01
7.259897e+02	-1.048571e-01
7.301830e+02	-1.058035e-01
7.344005e+02	-1.070420e-01
7.386424e+02	-1.085494e-01
7.429087e+02	-1.095314e-01
7.471998e+02	-1.107657e-01
7.515155e+02	-1.120066e-01
7.558563e+02	-1.134385e-01
7.602221e+02	-1.147582e-01
7.646131e+02	-1.160141e-01
7.690295e+02	-1.174102e-01
7.734713e+02	-1.188813e-01
7.779389e+02	-1.202040e-01
7.824322e+02	-1.214203e-01
7.869515e+02	-1.228173e-01
7.914969e+02	-1.242042e-01
7.960686e+02	-1.255907e-01
8.006666e+02	-1.269738e-01
8.052912e+02	-1.285264e-01
8.099426e+02	-1.300905e-01
8.146208e+02	-1.316173e-01
8.193260e+02	-1.330076e-01
8.240584e+02	-1.346432e-01
8.288181e+02	-1.361915e-01
8.336053e+02	-1.375717e-01
8.384202e+02	-1.389880e-01
8.432629e+02	-1.406697e-01
8.481335e+02	-1.423220e-01
8.530323e+02	-1.439671e-01
8.579594e+02	-1.454415e-01
8.629149e+02	-1.473306e-01
8.678991e+02	-1.490229e-01
8.729120e+02	-1.505018e-01
8.779539e+02	-1.523548e-01
8.830250e+02	-1.541972e-01
8.881253e+02	-1.558177e-01
8.932551e+02	-1.576906e-01
8.984145e+02	-1.594628e-01
9.036037e+02	-1.612599e-01
9.088229e+02	-1.628393e-01
9.140722e+02	-1.649088e-01
9.193518e+02	-1.668997e-01
9.246620e+02	-1.684952e-01
9.300028e+02	-1.705251e-01
9.353744e+02	-1.725562e-01
9.407771e+02	-1.744576e-01
9.462110e+02	-1.764240e-01
9.516763e+02	-1.785053e-01
9.571731e+02	-1.805970e-01
9.627017e+02	-1.826420e-01
9.682622e+02	-1.846611e-01
9.738549e+02	-1.867650e-01
9.794798e+02	-1.888059e-01
9.851373e+02	-1.910264e-01
9.908274e+02	-1.931111e-01
9.965504e+02	-1.953543e-01
1.002306e+03	-1.976468e-01
1.008096e+03	-1.996908e-01
1.013918e+03	-2.021377e-01
1.019775e+03	-2.043760e-01
1.025665e+03	-2.064821e-01
1.031589e+03	-2.088863e-01
1.037548e+03	-2.114446e-01
1.043540e+03	-2.137100e-01
1.049568e+03	-2.161203e-01
1.055630e+03	-2.185672e-01
1.061727e+03	-2.210686e-01
1.067860e+03	-2.234639e-01
1.074028e+03	-2.260189e-01
1.080231e+03	-2.285327e-01
1.086471e+03	-2.312596e-01
1.092746e+03	-2.337981e-01
1.099058e+03	-2.364441e-01
1.105406e+03	-2.392391e-01
1.111791e+03	-2.416712e-01
1.118212e+03	-2.444200e-01
1.124671e+03	-2.471308e-01
1.131167e+03	-2.500618e-01
1.137701e+03	-2.526968e-01
1.144272e+03	-2.558274e-01
1.150881e+03	-2.584900e-01
1.157529e+03	-2.613923e-01
1.164215e+03	-2.643962e-01
1.170939e+03	-2.675254e-01
1.177702e+03	-2.703983e-01
1.184505e+03	-2.735843e-01
1.191346e+03	-2.766993e-01
1.198227e+03	-2.795792e-01
1.205148e+03	-2.826569e-01
1.212109e+03	-2.859376e-01
1.219110e+03	-2.890778e-01
1.226152e+03	-2.925673e-01
1.233234e+03	-2.956095e-01
1.240357e+03	-2.989709e-01
1.247521e+03	-3.023459e-01
1.254727e+03	-3.055807e-01
1.261974e+03	-3.091112e-01
1.269263e+03	-3.126663e-01
1.276595e+03	-3.160688e-01
1.283968e+03	-3.196588e-01
1.291384e+03	-3.230119e-01
1.298843e+03	-3.267018e-01
1.306345e+03	-3.303885e-01
1.313891e+03	-3.342140e-01
1.321480e+03	-3.378799e-01
1.329113e+03	-3.414794e-01
1.336790e+03	-3.453524e-01
1.344511e+03	-3.491478e-01
1.352277e+03	-3.531914e-01
1.360087e+03	-3.569708e-01
1.367943e+03	-3.608373e-01
1.375844e+03	-3.649409e-01
1.383791e+03	-3.690869e-01
1.391784e+03	-3.730631e-01
1.399823e+03	-3.771799e-01
1.407908e+03	-3.814090e-01
1.416040e+03	-3.857402e-01
1.424219e+03	-3.899600e-01
1.432445e+03	-3.942287e-01
1.440719e+03	-3.985982e-01
1.449041e+03	-4.029224e-01
1.457410e+03	-4.074167e-01
1.465828e+03	-4.120127e-01
1.474295e+03	-4.165102e-01
1.482810e+03	-4.212297e-01
1.491375e+03	-4.257494e-01
1.499989e+03	-4.305375e-01
1.508653e+03	-4.354212e-01
1.517367e+03	-4.401513e-01
1.526131e+03	-4.448782e-01
1.534946e+03	-4.498378e-01
1.543812e+03	-4.547331e-01
1.552729e+03	-4.597754e-01
1.561697e+03	-4.647432e-01
1.570717e+03	-4.697739e-01
1.579790e+03	-4.749129e-01
1.588915e+03	-4.803866e-01
1.598092e+03	-4.855667e-01
1.607323e+03	-4.907982e-01
1.616606e+03	-4.961992e-01
1.625944e+03	-5.015016e-01
1.635335e+03	-5.072188e-01
1.644781e+03	-5.126230e-01
1.654281e+03	-5.183301e-01
1.663836e+03	-5.239728e-01
1.673446e+03	-5.296841e-01
1.683112e+03	-5.353874e-01
1.692834e+03	-5.411583e-01
1.702611e+03	-5.470978e-01
1.712446e+03	-5.529666e-01
1.722337e+03	-5.590063e-01
1.732285e+03	-5.651939e-01
1.742290e+03	-5.712916e-01
1.752354e+03	-5.775284e-01
1.762475e+03	-5.836635e-01
1.772655e+03	-5.902225e-01
1.782894e+03	-5.962936e-01
1.793192e+03	-6.029111e-01
1.803549e+03	-6.093830e-01
1.813967e+03	-6.161003e-01
1.824444e+03	-6.226287e-01
1.834982e+03	-6.292365e-01
1.845581e+03	-6.361117e-01
1.856241e+03	-6.428295e-01
1.866962e+03	-6.498309e-01
1.877746e+03	-6.567642e-01
1.888592e+03	-6.639673e-01
1.899500e+03	-6.708216e-01
1.910472e+03	-6.782404e-01
1.921506e+03	-6.854676e-01
1.932605e+03	-6.928547e-01
1.943768e+03	-6.998899e-01
1.954995e+03	-7.075488e-01
1.966287e+03	-7.153689e-01
1.977644e+03	-7.228809e-01
1.989067e+03	-7.306160e-01
2.000555e+03	-7.382920e-01
2.012110e+03	-7.463066e-01
2.023732e+03	-7.541233e-01
2.035421e+03	-7.618601e-01
2.047178e+03	-7.701822e-01
2.059002e+03	-7.782742e-01
2.070895e+03	-7.865428e-01
2.082856e+03	-7.949945e-01
2.094887e+03	-8.034137e-01
2.106987e+03	-8.119796e-01
2.119157e+03	-8.203566e-01
2.131397e+03	-8.291244e-01
2.143708e+03	-8.379253e-01
2.156090e+03	-8.467148e-01
2.168543e+03	-8.554999e-01
2.181069e+03	-8.645258e-01
2.193666e+03	-8.736437e-01
2.206337e+03	-8.828216e-01
2.219081e+03	-8.918988e-01
2.231898e+03	-9.012618e-01
2.244789e+03	-9.106160e-01
2.257755e+03	-9.201647e-01
2.270796e+03	-9.298024e-01
2.283912e+03	-9.393808e-01
2.297104e+03	-9.493631e-01
2.310372e+03	-9.591607e-01
2.323716e+03	-9.691297e-01
2.337138e+03	-9.790931e-01
2.350637e+03	-9.892872e-01
2.364214e+03	-9.995115e-01
2.377870e+03	-1.009923e+00
2.391604e+03	-1.020205e+00
2.405418e+03	-1.030644e+00
2.419312e+03	-1.041530e+00
2.433286e+03	-1.052082e+00
2.447340e+03	-1.062870e+00
2.461476e+03	-1.073922e+00
2.475693e+03	-1.084615e+00
2.489993e+03	-1.095810e+00
2.504375e+03	-1.107013e+00
2.518840e+03	-1.118343e+00
2.533389e+03	-1.129589e+00
2.548022e+03	-1.141208e+00
2.562739e+03	-1.152828e+00
2.577541e+03	-1.164587e+00
2.592429e+03	-1.176434e+00
2.607403e+03	-1.188172e+00
2.622463e+03	-1.200338e+00
2.637610e+03	-1.212503e+00
2.652845e+03	-1.224775e+00
2.668168e+03	-1.236978e+00
2.683579e+03	-1.249411e+00
2.699079e+03	-1.261876e+00
2.714669e+03	-1.274530e+00
2.730349e+03	-1.287553e+00
2.746119e+03	-1.300216e+00
2.761981e+03	-1.313271e+00
2.777934e+03	-1.326421e+00
2.793979e+03	-1.339721e+00
2.810117e+03	-1.352912e+00
2.826348e+03	-1.366216e+00
2.842673e+03	-1.379740e+00
2.859092e+03	-1.393376e+00
2.875606e+03	-1.407307e+00
2.892215e+03	-1.421249e+00
2.908921e+03	-1.435179e+00
2.925722e+03	-1.449280e+00
2.942621e+03	-1.463622e+00
2.959618e+03	-1.478113e+00
2.976712e+03	-1.492616e+00
2.993906e+03	-1.507106e+00
3.011198e+03	-1.521838e+00
3.028591e+03	-1.536704e+00
3.046084e+03	-1.551505e+00
3.063678e+03	-1.566590e+00
3.081374e+03	-1.581829e+00
3.099172e+03	-1.597360e+00
3.117072e+03	-1.612865e+00
3.135076e+03	-1.627981e+00
3.153184e+03	-1.643867e+00
3.171397e+03	-1.659895e+00
3.189715e+03	-1.675278e+00
3.208139e+03	-1.691412e+00
3.226669e+03	-1.707731e+00
3.245306e+03	-1.724031e+00
3.264051e+03	-1.740528e+00
3.282904e+03	-1.757034e+00
3.301866e+03	-1.773749e+00
3.320937e+03	-1.790526e+00
3.340119e+03	-1.807651e+00
3.359411e+03	-1.824599e+00
3.378815e+03	-1.841798e+00
3.398331e+03	-1.859232e+00
3.417959e+03	-1.876561e+00
3.437701e+03	-1.894413e+00
3.457557e+03	-1.911978e+00
3.477528e+03	-1.929861e+00
3.497614e+03	-1.947757e+00
3.517816e+03	-1.965890e+00
3.538135e+03	-1.984060e+00
3.558571e+03	-2.002595e+00
3.579125e+03	-2.021045e+00
3.599798e+03	-2.039753e+00
3.620590e+03	-2.058680e+00
3.641503e+03	-2.077444e+00
3.662536e+03	-2.096303e+00
3.683691e+03	-2.115685e+00
3.704967e+03	-2.134806e+00
3.726367e+03	-2.154700e+00
3.747890e+03	-2.173942e+00
3.769538e+03	-2.193759e+00
3.791311e+03	-2.213604e+00
3.813209e+03	-2.233704e+00
3.835234e+03	-2.253797e+00
3.857386e+03	-2.274256e+00
3.879667e+03	-2.294646e+00
3.902075e+03	-2.314883e+00
3.924614e+03	-2.335688e+00
3.947282e+03	-2.356699e+00
3.970081e+03	-2.377617e+00
3.993012e+03	-2.398724e+00
4.016076e+03	-2.420165e+00
4.039272e+03	-2.441555e+00
4.062603e+03	-2.462995e+00
4.086069e+03	-2.484612e+00
4.109670e+03	-2.506584e+00
4.133407e+03	-2.528553e+00
4.157281e+03	-2.550388e+00
4.181294e+03	-2.572892e+00
4.205445e+03	-2.595077e+00
4.229735e+03	-2.617803e+00
4.254166e+03	-2.640345e+00
4.278738e+03	-2.663208e+00
4.303451e+03	-2.686343e+00
4.328308e+03	-2.709360e+00
4.353308e+03	-2.732408e+00
4.378453e+03	-2.756014e+00
4.403742e+03	-2.779381e+00
4.429178e+03	-2.803228e+00
4.454761e+03	-2.826892e+00
4.480492e+03	-2.850850e+00
4.506371e+03	-2.874945e+00
4.532399e+03	-2.899353e+00
4.558578e+03	-2.923308e+00
4.584908e+03	-2.948100e+00
4.611391e+03	-2.972401e+00
4.638026e+03	-2.997673e+00
4.664815e+03	-3.022564e+00
4.691759e+03	-3.047652e+00
4.718858e+03	-3.072839e+00
4.746114e+03	-3.098418e+00
4.773527e+03	-3.123841e+00
4.801099e+03	-3.149374e+00
4.828830e+03	-3.175171e+00
4.856721e+03	-3.201252e+00
4.884773e+03	-3.227404e+00
4.912988e+03	-3.253468e+00
4.941365e+03	-3.279896e+00
4.969906e+03	-3.306404e+00
4.998612e+03	-3.333149e+00
5.027484e+03	-3.359926e+00
5.056522e+03	-3.386795e+00
5.085729e+03	-3.414009e+00
5.115104e+03	-3.441143e+00
5.144648e+03	-3.468415e+00
5.174363e+03	-3.495899e+00
5.204250e+03	-3.523408e+00
5.234310e+03	-3.551200e+00
5.264543e+03	-3.579260e+00
5.294951e+03	-3.607285e+00
5.325534e+03	-3.635581e+00
5.356294e+03	-3.663834e+00
5.387232e+03	-3.692331e+00
5.418348e+03	-3.721031e+00
5.449645e+03	-3.749477e+00
5.481122e+03	-3.778626e+00
5.512780e+03	-3.807499e+00
5.544622e+03	-3.837143e+00
5.576647e+03	-3.866234e+00
5.608858e+03	-3.895790e+00
5.641254e+03	-3.925037e+00
5.673838e+03	-3.955015e+00
5.706610e+03	-3.984885e+00
5.739571e+03	-4.014752e+00
5.772723e+03	-4.044736e+00
5.806066e+03	-4.075255e+00
5.839601e+03	-4.105506e+00
5.873331e+03	-4.136213e+00
5.907255e+03	-4.166814e+00
5.941375e+03	-4.197725e+00
5.975692e+03	-4.228796e+00
6.010207e+03	-4.259515e+00
6.044922e+03	-4.290853e+00
6.079837e+03	-4.321994e+00
6.114954e+03	-4.353641e+00
6.150274e+03	-4.385080e+00
6.185797e+03	-4.416960e+00
6.221526e+03	-4.448880e+00
6.257462e+03	-4.480503e+00
6.293605e+03	-4.512956e+00
6.329956e+03	-4.545227e+00
6.366518e+03	-4.577750e+00
6.403290e+03	-4.610233e+00
6.440276e+03	-4.642823e+00
6.477474e+03	-4.675332e+00
6.514888e+03	-4.708423e+00
6.552518e+03	-4.741269e+00
6.590365e+03	-4.774581e+00
6.628430e+03	-4.807738e+00
6.666716e+03	-4.840906e+00
6.705223e+03	-4.874466e+00
6.743952e+03	-4.908005e+00
6.782905e+03	-4.941844e+00
6.822082e+03	-4.975817e+00
6.861486e+03	-5.010020e+00
6.901118e+03	-5.043840e+00
6.940979e+03	-5.078124e+00
6.981069e+03	-5.112563e+00
7.021392e+03	-5.147118e+00
7.061947e+03	-5.181575e+00
7.102737e+03	-5.216479e+00
7.143762e+03	-5.250793e+00
7.185024e+03	-5.285854e+00
7.226524e+03	-5.321089e+00
7.268264e+03	-5.356497e+00
7.310246e+03	-5.391612e+00
7.352469e+03	-5.426962e+00
7.394937e+03	-5.462433e+00
7.437650e+03	-5.498155e+00
7.480609e+03	-5.533962e+00
7.523817e+03	-5.569751e+00
7.567274e+03	-5.605831e+00
7.610982e+03	-5.641630e+00
7.654943e+03	-5.678128e+00
7.699158e+03	-5.714598e+00
7.743628e+03	-5.750874e+00
7.788355e+03	-5.787519e+00
7.833340e+03	-5.823978e+00
7.878585e+03	-5.860879e+00
7.924091e+03	-5.897531e+00
7.969861e+03	-5.934402e+00
8.015894e+03	-5.971505e+00
8.062194e+03	-6.008688e+00
8.108761e+03	-6.045790e+00
8.155596e+03	-6.082942e+00
8.202703e+03	-6.120696e+00
8.250081e+03	-6.158509e+00
8.297733e+03	-6.195834e+00
8.345661e+03	-6.233836e+00
8.393865e+03	-6.271655e+00
8.442348e+03	-6.309446e+00
8.491110e+03	-6.347850e+00
8.540155e+03	-6.385987e+00
8.589482e+03	-6.424155e+00
8.639095e+03	-6.462291e+00
8.688994e+03	-6.500814e+00
8.739181e+03	-6.539273e+00
8.789658e+03	-6.577878e+00
8.840427e+03	-6.616618e+00
8.891489e+03	-6.655537e+00
8.942846e+03	-6.694209e+00
8.994499e+03	-6.733312e+00
9.046451e+03	-6.772486e+00
9.098703e+03	-6.811594e+00
9.151257e+03	-6.850734e+00
9.204114e+03	-6.890177e+00
9.257277e+03	-6.929514e+00
9.310746e+03	-6.969311e+00
9.364525e+03	-7.008752e+00
9.418614e+03	-7.048681e+00
9.473015e+03	-7.088003e+00
9.527731e+03	-7.128162e+00
9.582763e+03	-7.168141e+00
9.638113e+03	-7.207988e+00
9.693782e+03	-7.248392e+00
9.749773e+03	-7.288292e+00
9.806087e+03	-7.328626e+00
9.862727e+03	-7.368623e+00
9.919693e+03	-7.409477e+00
9.976989e+03	-7.450150e+00
1.003462e+04	-7.490947e+00
1.009258e+04	-7.531547e+00
1.015087e+04	-7.572558e+00
1.020950e+04	-7.612747e+00
1.026847e+04	-7.653608e+00
1.032778e+04	-7.694508e+00
1.038743e+04	-7.736001e+00
1.044743e+04	-7.777120e+00
1.050777e+04	-7.818262e+00
1.056847e+04	-7.859349e+00
1.062951e+04	-7.900966e+00
1.069091e+04	-7.942170e+00
1.075266e+04	-7.983937e+00
1.081476e+04	-8.024922e+00
1.087723e+04	-8.066477e+00
1.094006e+04	-8.108520e+00
1.100324e+04	-8.150258e+00
1.106680e+04	-8.192041e+00
1.113072e+04	-8.233791e+00
1.119501e+04	-8.275770e+00
1.125967e+04	-8.317657e+00
1.132471e+04	-8.360034e+00
1.139012e+04	-8.402076e+00
1.145591e+04	-8.444324e+00
1.152208e+04	-8.486494e+00
1.158863e+04	-8.529211e+00
1.165556e+04	-8.571073e+00
1.172289e+04	-8.613644e+00
1.179060e+04	-8.655840e+00
1.185870e+04	-8.698355e+00
1.192719e+04	-8.740442e+00
1.199608e+04	-8.783708e+00
1.206537e+04	-8.825994e+00
1.213506e+04	-8.869778e+00
1.220515e+04	-8.911620e+00
1.227565e+04	-8.954463e+00
1.234655e+04	-8.997763e+00
1.241787e+04	-9.040502e+00
1.248959e+04	-9.083628e+00
1.256173e+04	-9.127668e+00
1.263429e+04	-9.169802e+00
1.270726e+04	-9.213232e+00
1.278066e+04	-9.256854e+00
1.285448e+04	-9.299688e+00
1.292873e+04	-9.343341e+00
1.300340e+04	-9.386218e+00
1.307851e+04	-9.429923e+00
1.315405e+04	-9.473378e+00
1.323003e+04	-9.516676e+00
1.330644e+04	-9.560195e+00
1.338330e+04	-9.604163e+00
1.346060e+04	-9.647073e+00
1.353835e+04	-9.691331e+00
1.361655e+04	-9.734458e+00
1.369520e+04	-9.778619e+00
1.377430e+04	-9.822594e+00
1.385386e+04	-9.866306e+00
1.393388e+04	-9.910267e+00
1.401436e+04	-9.954874e+00
1.409531e+04	-9.998341e+00
1.417672e+04	-1.004172e+01
1.425861e+04	-1.008632e+01
1.434096e+04	-1.013037e+01
1.442379e+04	-1.017424e+01
1.450711e+04	-1.021853e+01
1.459090e+04	-1.026255e+01
1.467518e+04	-1.030685e+01
1.475994e+04	-1.035088e+01
1.484519e+04	-1.039485e+01
1.493094e+04	-1.043990e+01
1.501718e+04	-1.048385e+01
1.510392e+04	-1.052772e+01
1.519116e+04	-1.057271e+01
1.527890e+04	-1.061709e+01
1.536715e+04	-1.066151e+01
1.545591e+04	-1.070600e+01
1.554518e+04	-1.075070e+01
1.563497e+04	-1.079492e+01
1.572528e+04	-1.083973e+01
1.581611e+04	-1.088430e+01
1.590746e+04	-1.092884e+01
1.599934e+04	-1.097336e+01
1.609175e+04	-1.101839e+01
1.618470e+04	-1.106257e+01
1.627818e+04	-1.110777e+01
1.637220e+04	-1.115191e+01
1.646677e+04	-1.119708e+01
1.656188e+04	-1.124175e+01
1.665754e+04	-1.128623e+01
1.675375e+04	-1.133170e+01
1.685052e+04	-1.137607e+01
1.694785e+04	-1.142099e+01
1.704574e+04	-1.146557e+01
1.714419e+04	-1.151085e+01
1.724322e+04	-1.155564e+01
1.734281e+04	-1.160088e+01
1.744299e+04	-1.164551e+01
1.754374e+04	-1.169035e+01
1.764507e+04	-1.173484e+01
1.774698e+04	-1.178083e+01
1.784949e+04	-1.182550e+01
1.795259e+04	-1.186939e+01
1.805628e+04	-1.191591e+01
1.816057e+04	-1.196048e+01
1.826547e+04	-1.200567e+01
1.837097e+04	-1.204962e+01
1.847708e+04	-1.209546e+01
1.858380e+04	-1.214064e+01
1.869114e+04	-1.218603e+01
1.879910e+04	-1.223047e+01
1.890768e+04	-1.227527e+01
1.901689e+04	-1.232109e+01
1.912673e+04	-1.236637e+01
1.923721e+04	-1.241094e+01
1.934832e+04	-1.245648e+01
1.946008e+04	-1.250132e+01
1.957248e+04	-1.254665e+01
1.968553e+04	-1.259227e+01
1.979923e+04	-1.263651e+01
1.991359e+04	-1.268185e+01
2.002861e+04	-1.272715e+01
2.014430e+04	-1.277222e+01
2.026065e+04	-1.281631e+01
2.037767e+04	-1.286322e+01
2.049537e+04	-1.290759e+01
2.061375e+04	-1.295277e+01
2.073282e+04	-1.299761e+01
2.085257e+04	-1.304282e+01
2.097301e+04	-1.308791e+01
2.109415e+04	-1.313257e+01
2.121599e+04	-1.317798e+01
2.133853e+04	-1.322298e+01
2.146178e+04	-1.326703e+01
2.158575e+04	-1.331355e+01
2.171043e+04	-1.335759e+01
2.183582e+04	-1.340292e+01
2.196195e+04	-1.344876e+01
2.208880e+04	-1.349282e+01
2.221638e+04	-1.353847e+01
2.234470e+04	-1.358367e+01
2.247377e+04	-1.362853e+01
2.260357e+04	-1.367298e+01
2.273413e+04	-1.371828e+01
2.286544e+04	-1.376299e+01
2.299751e+04	-1.380787e+01
2.313034e+04	-1.385325e+01
2.326394e+04	-1.389756e+01
2.339832e+04	-1.394320e+01
2.353346e+04	-1.398690e+01
2.366939e+04	-1.403215e+01
2.380610e+04	-1.407814e+01
2.394361e+04	-1.412304e+01
2.408191e+04	-1.416703e+01
2.422100e+04	-1.421163e+01
2.436090e+04	-1.425683e+01
2.450161e+04	-1.430158e+01
2.464313e+04	-1.434667e+01
2.478547e+04	-1.439111e+01
2.492863e+04	-1.443578e+01
2.507261e+04	-1.448081e+01
2.521743e+04	-1.452446e+01
2.536309e+04	-1.456889e+01
2.550958e+04	-1.461428e+01
2.565692e+04	-1.465875e+01
2.580512e+04	-1.470371e+01
2.595417e+04	-1.474781e+01
2.610408e+04	-1.479226e+01
2.625485e+04	-1.483689e+01
2.640650e+04	-1.488176e+01
2.655902e+04	-1.492531e+01
2.671243e+04	-1.497008e+01
2.686672e+04	-1.501381e+01
2.702190e+04	-1.505874e+01
2.717798e+04	-1.510240e+01
2.733495e+04	-1.514636e+01
2.749284e+04	-1.518988e+01
2.765164e+04	-1.523575e+01
2.781135e+04	-1.527962e+01
2.797199e+04	-1.532394e+01
2.813355e+04	-1.536790e+01
2.829605e+04	-1.541058e+01
2.845949e+04	-1.545461e+01
2.862387e+04	-1.549921e+01
2.878920e+04	-1.554246e+01
2.895549e+04	-1.558652e+01
2.912273e+04	-1.563046e+01
2.929094e+04	-1.567402e+01
2.946013e+04	-1.571760e+01
2.963029e+04	-1.576106e+01
2.980143e+04	-1.580499e+01
2.997356e+04	-1.584786e+01
3.014669e+04	-1.589196e+01
3.032081e+04	-1.593496e+01
3.049595e+04	-1.597859e+01
3.067209e+04	-1.602197e+01
3.084925e+04	-1.606513e+01
3.102743e+04	-1.610915e+01
3.120665e+04	-1.615248e+01
3.138690e+04	-1.619423e+01
3.156819e+04	-1.623824e+01
3.175052e+04	-1.628056e+01
3.193391e+04	-1.632337e+01
3.211836e+04	-1.636639e+01
3.230388e+04	-1.640925e+01
3.249046e+04	-1.645190e+01
3.267812e+04	-1.649398e+01
3.286687e+04	-1.653767e+01
3.305671e+04	-1.657992e+01
3.324764e+04	-1.662241e+01
3.343968e+04	-1.666458e+01
3.363283e+04	-1.670725e+01
3.382709e+04	-1.674894e+01
3.402247e+04	-1.679209e+01
3.421899e+04	-1.683360e+01
3.441663e+04	-1.687417e+01
3.461542e+04	-1.691801e+01
3.481536e+04	-1.695981e+01
3.501645e+04	-1.699963e+01
3.521871e+04	-1.704303e+01
3.542213e+04	-1.708438e+01
3.562672e+04	-1.712558e+01
3.583250e+04	-1.716804e+01
3.603947e+04	-1.720877e+01
3.624763e+04	-1.725050e+01
3.645700e+04	-1.729260e+01
3.666757e+04	-1.733285e+01
3.687936e+04	-1.737428e+01
3.709238e+04	-1.741478e+01
3.730662e+04	-1.745550e+01
3.752210e+04	-1.749699e+01
3.773883e+04	-1.753810e+01
3.795680e+04	-1.757668e+01
3.817604e+04	-1.761795e+01
3.839654e+04	-1.765849e+01
3.861832e+04	-1.769915e+01
3.884138e+04	-1.773930e+01
3.906573e+04	-1.777866e+01
3.929137e+04	-1.781771e+01
3.951831e+04	-1.785978e+01
3.974657e+04	-1.789953e+01
3.997614e+04	-1.793883e+01
4.020704e+04	-1.797803e+01
4.043928e+04	-1.801726e+01
4.067285e+04	-1.805738e+01
4.090778e+04	-1.809598e+01
4.114406e+04	-1.813501e+01
4.138171e+04	-1.817426e+01
4.162073e+04	-1.821222e+01
4.186113e+04	-1.825185e+01
4.210291e+04	-1.829177e+01
4.234610e+04	-1.832966e+01
4.259069e+04	-1.836801e+01
4.283669e+04	-1.840613e+01
4.308411e+04	-1.844447e+01
4.333297e+04	-1.848207e+01
4.358325e+04	-1.852019e+01
4.383499e+04	-1.855655e+01
4.408818e+04	-1.859434e+01
4.434283e+04	-1.863256e+01
4.459895e+04	-1.867005e+01
4.485655e+04	-1.870577e+01
4.511564e+04	-1.874349e+01
4.537623e+04	-1.878152e+01
4.563832e+04	-1.881787e+01
4.590193e+04	-1.885403e+01
4.616705e+04	-1.888972e+01
4.643371e+04	-1.892660e+01
4.670191e+04	-1.896198e+01
4.697166e+04	-1.899901e+01
4.724297e+04	-1.903387e+01
4.751584e+04	-1.907016e+01
4.779029e+04	-1.910690e+01
4.806633e+04	-1.914142e+01
4.834395e+04	-1.917758e+01
4.862319e+04	-1.921180e+01
4.890403e+04	-1.924594e+01
4.918650e+04	-1.927974e+01
4.947060e+04	-1.931529e+01
4.975634e+04	-1.934917e+01
5.004373e+04	-1.938303e+01
5.033278e+04	-1.941675e+01
5.062350e+04	-1.945092e+01
5.091590e+04	-1.948488e+01
5.120999e+04	-1.951684e+01
5.150578e+04	-1.955103e+01
5.180327e+04	-1.958359e+01
5.210248e+04	-1.961638e+01
5.240343e+04	-1.964947e+01
5.270611e+04	-1.968164e+01
5.301053e+04	-1.971312e+01
5.331672e+04	-1.974404e+01
5.362468e+04	-1.977621e+01
5.393441e+04	-1.980791e+01
5.424593e+04	-1.983826e+01
5.455926e+04	-1.986977e+01
5.487439e+04	-1.989996e+01
5.519134e+04	-1.993067e+01
5.551012e+04	-1.996187e+01
5.583075e+04	-1.999125e+01
5.615322e+04	-2.002049e+01
5.647756e+04	-2.004953e+01
5.680377e+04	-2.007923e+01
5.713187e+04	-2.010957e+01
5.746186e+04	-2.013822e+01
5.779376e+04	-2.016715e+01
5.812757e+04	-2.019490e+01
5.846332e+04	-2.022139e+01
5.880100e+04	-2.024901e+01
5.914063e+04	-2.027566e+01
5.948222e+04	-2.030377e+01
5.982579e+04	-2.033144e+01
6.017134e+04	-2.035751e+01
6.051889e+04	-2.038281e+01
6.086844e+04	-2.040925e+01
6.122002e+04	-2.043739e+01
6.157362e+04	-2.046021e+01
6.192927e+04	-2.048605e+01
6.228697e+04	-2.050969e+01
6.264674e+04	-2.053569e+01
6.300858e+04	-2.055863e+01
6.337252e+04	-2.058103e+01
6.373855e+04	-2.060661e+01
6.410670e+04	-2.062996e+01
6.447698e+04	-2.065197e+01
6.484940e+04	-2.067391e+01
6.522397e+04	-2.069577e+01
6.560070e+04	-2.071827e+01
6.597960e+04	-2.073770e+01
6.636070e+04	-2.076005e+01
6.674400e+04	-2.077862e+01
6.712951e+04	-2.080051e+01
6.751724e+04	-2.082094e+01
6.790722e+04	-2.084049e+01
6.829945e+04	-2.085850e+01
6.869395e+04	-2.087812e+01
6.909072e+04	-2.089290e+01
6.948978e+04	-2.091445e+01
6.989115e+04	-2.093097e+01
7.029484e+04	-2.094857e+01
7.070086e+04	-2.096265e+01
7.110923e+04	-2.097857e+01
7.151995e+04	-2.099462e+01
7.193305e+04	-2.100883e+01
7.234853e+04	-2.102435e+01
7.276641e+04	-2.103865e+01
7.318671e+04	-2.105057e+01
7.360943e+04	-2.106697e+01
7.403460e+04	-2.107766e+01
7.446222e+04	-2.109023e+01
7.489231e+04	-2.110242e+01
7.532488e+04	-2.111473e+01
7.575996e+04	-2.112442e+01
7.619754e+04	-2.113523e+01
7.663766e+04	-2.114408e+01
7.708031e+04	-2.115095e+01
7.752553e+04	-2.116060e+01
7.797331e+04	-2.117004e+01
7.842368e+04	-2.117491e+01
7.887665e+04	-2.118132e+01
7.933224e+04	-2.119006e+01
7.979046e+04	-2.119412e+01
8.025133e+04	-2.119781e+01
8.071486e+04	-2.120186e+01
8.118106e+04	-2.120655e+01
8.164996e+04	-2.120699e+01
8.212157e+04	-2.121025e+01
8.259590e+04	-2.121164e+01
8.307297e+04	-2.121326e+01
8.355279e+04	-2.121427e+01
8.403539e+04	-2.121493e+01
8.452078e+04	-2.121239e+01
8.500897e+04	-2.121021e+01
8.549997e+04	-2.120853e+01
8.599382e+04	-2.120326e+01
8.649052e+04	-2.119824e+01
8.699008e+04	-2.119370e+01
8.749253e+04	-2.118673e+01
8.799789e+04	-2.118056e+01
8.850616e+04	-2.117287e+01
8.901737e+04	-2.116380e+01
8.953153e+04	-2.115445e+01
9.004866e+04	-2.114405e+01
9.056877e+04	-2.113296e+01
9.109190e+04	-2.112243e+01
9.161804e+04	-2.110948e+01
9.214722e+04	-2.109400e+01
9.267946e+04	-2.107837e+01
9.321477e+04	-2.106345e+01
9.375318e+04	-2.104640e+01
9.429469e+04	-2.102808e+01
9.483933e+04	-2.100909e+01
9.538712e+04	-2.098879e+01
9.593807e+04	-2.096606e+01
9.649221e+04	-2.094432e+01
9.704954e+04	-2.092318e+01
9.761010e+04	-2.089783e+01
9.817389e+04	-2.087364e+01
9.874094e+04	-2.084297e+01
9.931126e+04	-2.081593e+01
9.988488e+04	-2.078556e+01
1.004618e+05	-2.075453e+01
1.010421e+05	-2.072303e+01
1.016257e+05	-2.069112e+01
1.022127e+05	-2.065399e+01
1.028031e+05	-2.061820e+01
1.033968e+05	-2.057934e+01
1.039941e+05	-2.054155e+01
1.045947e+05	-2.050115e+01
1.051989e+05	-2.045811e+01
1.058065e+05	-2.041494e+01
1.064176e+05	-2.036764e+01
1.070323e+05	-2.031984e+01
1.076505e+05	-2.027249e+01
1.082723e+05	-2.022151e+01
1.088977e+05	-2.016729e+01
1.095266e+05	-2.011468e+01
1.101593e+05	-2.005507e+01
1.107955e+05	-1.999861e+01
1.114355e+05	-1.994065e+01
1.120791e+05	-1.987442e+01
1.127265e+05	-1.981221e+01
1.133776e+05	-1.974470e+01
1.140325e+05	-1.967720e+01
1.146911e+05	-1.960562e+01
1.153536e+05	-1.952983e+01
1.160198e+05	-1.945407e+01
1.166900e+05	-1.937526e+01
1.173640e+05	-1.929593e+01
1.180419e+05	-1.921193e+01
1.187237e+05	-1.912547e+01
1.194094e+05	-1.903447e+01
1.200991e+05	-1.894416e+01
1.207928e+05	-1.884773e+01
1.214905e+05	-1.874957e+01
1.221922e+05	-1.864764e+01
1.228980e+05	-1.854278e+01
1.236078e+05	-1.843538e+01
1.243218e+05	-1.832375e+01
1.250399e+05	-1.820779e+01
1.257621e+05	-1.808795e+01
1.264885e+05	-1.796450e+01
1.272191e+05	-1.783710e+01
1.279539e+05	-1.770616e+01
1.286930e+05	-1.756936e+01
1.294363e+05	-1.742918e+01
1.301839e+05	-1.728403e+01
1.309358e+05	-1.713360e+01
1.316921e+05	-1.697798e+01
1.324528e+05	-1.681737e+01
1.332178e+05	-1.665065e+01
1.339873e+05	-1.647821e+01
1.347612e+05	-1.629900e+01
1.355395e+05	-1.611389e+01
1.363224e+05	-1.592215e+01
1.371098e+05	-1.572288e+01
1.379018e+05	-1.551646e+01
1.386983e+05	-1.530198e+01
1.394994e+05	-1.507978e+01
1.403051e+05	-1.484886e+01
1.411155e+05	-1.460866e+01
1.419306e+05	-1.435806e+01
1.427504e+05	-1.409813e+01
1.435749e+05	-1.382762e+01
1.444042e+05	-1.354497e+01
1.452383e+05	-1.325129e+01
1.460772e+05	-1.294476e+01
1.469209e+05	-1.262428e+01
1.477695e+05	-1.229004e+01
1.486230e+05	-1.194109e+01
1.494814e+05	-1.157564e+01
1.503448e+05	-1.119454e+01
1.512132e+05	-1.079604e+01
1.520866e+05	-1.037894e+01
1.529651e+05	-9.944037e+00
1.538486e+05	-9.490049e+00
1.547372e+05	-9.017583e+00
1.556310e+05	-8.527448e+00
1.565299e+05	-8.021549e+00
1.574340e+05	-7.503849e+00
1.583433e+05	-6.979398e+00
1.592579e+05	-6.456371e+00
1.601778e+05	-5.947429e+00
1.611030e+05	-5.469252e+00
1.620335e+05	-5.043457e+00
1.629694e+05	-4.694893e+00
1.639107e+05	-4.450443e+00
1.648574e+05	-4.332068e+00
1.658097e+05	-4.353544e+00
1.667674e+05	-4.515852e+00
1.677306e+05	-4.805862e+00
1.686994e+05	-5.201351e+00
1.696738e+05	-5.676622e+00
1.706538e+05	-6.205402e+00
1.716395e+05	-6.766142e+00
1.726309e+05	-7.341946e+00
1.736280e+05	-7.919808e+00
1.746309e+05	-8.491441e+00
1.756395e+05	-9.050651e+00
1.766540e+05	-9.593829e+00
1.776744e+05	-1.011967e+01
1.787006e+05	-1.062614e+01
1.797328e+05	-1.111321e+01
1.807709e+05	-1.158156e+01
1.818150e+05	-1.203069e+01
1.828652e+05	-1.246390e+01
1.839214e+05	-1.287885e+01
1.849837e+05	-1.327730e+01
1.860522e+05	-1.365846e+01
1.871268e+05	-1.402803e+01
1.882077e+05	-1.438146e+01
1.892948e+05	-1.471994e+01
1.903881e+05	-1.504705e+01
1.914878e+05	-1.536335e+01
1.925938e+05	-1.566465e+01
1.937062e+05	-1.595696e+01
1.948251e+05	-1.623826e+01
1.959504e+05	-1.650908e+01
1.970822e+05	-1.677014e+01
1.982205e+05	-1.702217e+01
1.993654e+05	-1.726572e+01
2.005169e+05	-1.749906e+01
2.016751e+05	-1.772491e+01
2.028400e+05	-1.794395e+01
2.040116e+05	-1.815107e+01
2.051899e+05	-1.835391e+01
2.063751e+05	-1.854806e+01
2.075671e+05	-1.873453e+01
2.087660e+05	-1.891589e+01
2.099719e+05	-1.909071e+01
2.111846e+05	-1.925593e+01
2.124044e+05	-1.941569e+01
2.136313e+05	-1.956997e+01
2.148652e+05	-1.971524e+01
2.161063e+05	-1.985718e+01
2.173545e+05	-1.999137e+01
2.186099e+05	-2.012106e+01
2.198726e+05	-2.024224e+01
2.211426e+05	-2.035919e+01
2.224199e+05	-2.047015e+01
2.237046e+05	-2.057431e+01
2.249967e+05	-2.067183e+01
2.262962e+05	-2.076645e+01
2.276033e+05	-2.085569e+01
2.289179e+05	-2.093537e+01
2.302402e+05	-2.101171e+01
2.315700e+05	-2.108192e+01
2.329076e+05	-2.114714e+01
2.342528e+05	-2.120470e+01
2.356059e+05	-2.125716e+01
2.369667e+05	-2.130240e+01
2.383354e+05	-2.134415e+01
2.397120e+05	-2.137901e+01
2.410966e+05	-2.140586e+01
2.424892e+05	-2.142981e+01
2.438898e+05	-2.144207e+01
2.452985e+05	-2.145409e+01
2.467153e+05	-2.145430e+01
2.481403e+05	-2.145314e+01
2.495736e+05	-2.144179e+01
2.510151e+05	-2.142461e+01
2.524650e+05	-2.139723e+01
2.539232e+05	-2.136759e+01
2.553898e+05	-2.132873e+01
2.568650e+05	-2.128114e+01
2.583486e+05	-2.122922e+01
2.598408e+05	-2.116603e+01
2.613416e+05	-2.109406e+01
2.628511e+05	-2.101571e+01
2.643694e+05	-2.092549e+01
2.658963e+05	-2.082929e+01
2.674321e+05	-2.072036e+01
2.689768e+05	-2.060146e+01
2.705304e+05	-2.047425e+01
2.720930e+05	-2.033727e+01
2.736646e+05	-2.018650e+01
2.752453e+05	-2.002470e+01
2.768351e+05	-1.985009e+01
2.784341e+05	-1.966244e+01
2.800423e+05	-1.946014e+01
2.816598e+05	-1.924314e+01
2.832867e+05	-1.901344e+01
2.849229e+05	-1.876541e+01
2.865686e+05	-1.849974e+01
2.882238e+05	-1.821532e+01
2.898886e+05	-1.790990e+01
2.915630e+05	-1.758322e+01
2.932470e+05	-1.723483e+01
2.949408e+05	-1.686134e+01
2.966444e+05	-1.646055e+01
2.983578e+05	-1.603014e+01
3.000811e+05	-1.556963e+01
3.018143e+05	-1.507405e+01
3.035576e+05	-1.454262e+01
3.053109e+05	-1.397202e+01
3.070744e+05	-1.336014e+01
3.088481e+05	-1.270571e+01
3.106320e+05	-1.200934e+01
3.124261e+05	-1.127420e+01
3.142307e+05	-1.051083e+01
3.160457e+05	-9.739247e+00
3.178712e+05	-8.993918e+00
3.197072e+05	-8.332678e+00
3.215538e+05	-7.832726e+00
3.234111e+05	-7.575925e+00
3.252791e+05	-7.617822e+00
3.271579e+05	-7.956735e+00
3.290475e+05	-8.534573e+00
3.309481e+05	-9.268286e+00
3.328596e+05	-1.008217e+01
3.347822e+05	-1.091959e+01
3.367159e+05	-1.174565e+01
3.386608e+05	-1.254189e+01
3.406169e+05	-1.329742e+01
3.425842e+05	-1.400984e+01
3.445630e+05	-1.467835e+01
3.465532e+05	-1.530392e+01
3.485549e+05	-1.588756e+01
3.505681e+05	-1.643438e+01
3.525930e+05	-1.694439e+01
3.546295e+05	-1.741919e+01
3.566778e+05	-1.786282e+01
3.587380e+05	-1.827937e+01
3.608101e+05	-1.866508e+01
3.628941e+05	-1.902640e+01
3.649901e+05	-1.936209e+01
3.670983e+05	-1.967380e+01
3.692187e+05	-1.996154e+01
3.713513e+05	-2.022701e+01
3.734962e+05	-2.047230e+01
3.756535e+05	-2.069734e+01
3.778232e+05	-2.090227e+01
3.800055e+05	-2.108579e+01
3.822004e+05	-2.125423e+01
3.844080e+05	-2.139754e+01
3.866283e+05	-2.152544e+01
3.888615e+05	-2.163547e+01
3.911075e+05	-2.172672e+01
3.933665e+05	-2.179892e+01
3.956386e+05	-2.185020e+01
3.979238e+05	-2.188636e+01
4.002222e+05	-2.189914e+01
4.025338e+05	-2.189450e+01
4.048589e+05	-2.186772e+01
4.071973e+05	-2.182111e+01
4.095493e+05	-2.175434e+01
4.119148e+05	-2.166387e+01
4.142940e+05	-2.155125e+01
4.166870e+05	-2.141349e+01
4.190937e+05	-2.125167e+01
4.215144e+05	-2.106242e+01
4.239490e+05	-2.084581e+01
4.263978e+05	-2.059782e+01
4.288606e+05	-2.031968e+01
4.313377e+05	-2.000520e+01
4.338291e+05	-1.965562e+01
4.363349e+05	-1.926472e+01
4.388551e+05	-1.883139e+01
4.413899e+05	-1.835018e+01
4.439394e+05	-1.781748e+01
4.465035e+05	-1.722997e+01
4.490825e+05	-1.658152e+01
4.516764e+05	-1.586944e+01
4.542853e+05	-1.509096e+01
4.569092e+05	-1.425064e+01
4.595483e+05	-1.336112e+01
4.622026e+05	-1.245407e+01
4.648723e+05	-1.159652e+01
4.675574e+05	-1.089761e+01
4.702580e+05	-1.050010e+01
4.729742e+05	-1.051732e+01
4.757060e+05	-1.095710e+01
4.784537e+05	-1.171410e+01
4.812172e+05	-1.264671e+01
4.839967e+05	-1.363667e+01
4.867923e+05	-1.461544e+01
4.896040e+05	-1.554318e+01
4.924319e+05	-1.640784e+01
4.952762e+05	-1.720279e+01
4.981369e+05	-1.792853e+01
5.010141e+05	-1.858877e+01
5.039079e+05	-1.918627e+01
5.068185e+05	-1.972657e+01
5.097458e+05	-2.021156e+01
5.126901e+05	-2.064587e+01
5.156514e+05	-2.103156e+01
5.186298e+05	-2.137026e+01
5.216253e+05	-2.166548e+01
5.246382e+05	-2.191480e+01
5.276685e+05	-2.212422e+01
5.307163e+05	-2.228946e+01
5.337817e+05	-2.241551e+01
5.368648e+05	-2.249824e+01
5.399657e+05	-2.253891e+01
5.430845e+05	-2.253849e+01
5.462214e+05	-2.249264e+01
5.493763e+05	-2.240345e+01
5.525495e+05	-2.226553e+01
5.557410e+05	-2.207768e+01
5.589509e+05	-2.183618e+01
5.621794e+05	-2.153748e+01
5.654265e+05	-2.117961e+01
5.686924e+05	-2.075739e+01
5.719772e+05	-2.026248e+01
5.752809e+05	-1.969112e+01
5.786037e+05	-1.903572e+01
5.819457e+05	-1.829351e+01
5.853070e+05	-1.746017e+01
5.886877e+05	-1.654633e+01
5.920879e+05	-1.557837e+01
5.955078e+05	-1.462658e+01
5.989474e+05	-1.382192e+01
6.024069e+05	-1.335539e+01
6.058864e+05	-1.339354e+01
6.093860e+05	-1.394394e+01
6.129058e+05	-1.484891e+01
6.164459e+05	-1.591370e+01
6.200064e+05	-1.699926e+01
6.235876e+05	-1.802930e+01
6.271894e+05	-1.897263e+01
6.308120e+05	-1.981893e+01
6.344555e+05	-2.056743e+01
6.381201e+05	-2.121776e+01
6.418059e+05	-2.178036e+01
6.455129e+05	-2.225655e+01
6.492414e+05	-2.264936e+01
6.529914e+05	-2.295977e+01
6.567630e+05	-2.319568e+01
6.605565e+05	-2.335386e+01
6.643718e+05	-2.342681e+01
6.682092e+05	-2.342477e+01
6.720688e+05	-2.334181e+01
6.759506e+05	-2.316946e+01
6.798549e+05	-2.291242e+01
6.837817e+05	-2.255137e+01
6.877312e+05	-2.209182e+01
6.917035e+05	-2.152190e+01
6.956987e+05	-2.083418e+01
6.997171e+05	-2.002999e+01
7.037586e+05	-1.911836e+01
7.078235e+05	-1.813981e+01
7.119118e+05	-1.719821e+01
7.160238e+05	-1.648017e+01
7.201595e+05	-1.623302e+01
7.243191e+05	-1.658611e+01
7.285028e+05	-1.743275e+01
7.327106e+05	-1.852743e+01
7.369427e+05	-1.966432e+01
7.411992e+05	-2.073375e+01
7.454804e+05	-2.168265e+01
7.497862e+05	-2.250011e+01
7.541170e+05	-2.317833e+01
7.584727e+05	-2.372007e+01
7.628536e+05	-2.412997e+01
7.672598e+05	-2.440280e+01
7.716915e+05	-2.454799e+01
7.761488e+05	-2.455947e+01
7.806318e+05	-2.442868e+01
7.851407e+05	-2.415888e+01
7.896756e+05	-2.373896e+01
7.942367e+05	-2.316111e+01
7.988242e+05	-2.243123e+01
8.034382e+05	-2.156746e+01
8.080788e+05	-2.063952e+01
8.127463e+05	-1.980813e+01
8.174406e+05	-1.933038e+01
8.221621e+05	-1.945457e+01
8.269109e+05	-2.018151e+01
8.316871e+05	-2.125270e+01
8.364909e+05	-2.240386e+01
8.413225e+05	-2.346920e+01
8.461819e+05	-2.437515e+01
8.510694e+05	-2.509445e+01
8.559852e+05	-2.561974e+01
8.609293e+05	-2.594096e+01
8.659020e+05	-2.606000e+01
8.709034e+05	-2.597152e+01
8.759337e+05	-2.566921e+01
8.809931e+05	-2.516411e+01
8.860816e+05	-2.447509e+01
8.911996e+05	-2.367763e+01
8.963471e+05	-2.294569e+01
9.015244e+05	-2.257396e+01
9.067316e+05	-2.282307e+01
9.119688e+05	-2.365132e+01
9.172363e+05	-2.475099e+01
9.225342e+05	-2.584633e+01
9.278628e+05	-2.676530e+01
9.332221e+05	-2.744735e+01
9.386123e+05	-2.784605e+01
9.440337e+05	-2.797626e+01
9.494864e+05	-2.781755e+01
9.549706e+05	-2.741399e+01
9.604865e+05	-2.684273e+01
9.660342e+05	-2.629993e+01
9.716140e+05	-2.611675e+01
9.772260e+05	-2.653627e+01
9.828704e+05	-2.746358e+01
9.885474e+05	-2.855376e+01
9.942572e+05	-2.950625e+01
1.000000e+06	-3.018643e+01
