Frequency(Hz)	Magnitude(dB)
1.000000e+01	-2.269319e+00
1.005776e+01	-2.289948e+00
1.011585e+01	-2.310524e+00
1.017428e+01	-2.331118e+00
1.023305e+01	-2.352061e+00
1.029215e+01	-2.373066e+00
1.035160e+01	-2.394127e+00
1.041139e+01	-2.415443e+00
1.047153e+01	-2.436797e+00
1.053201e+01	-2.458477e+00
1.059284e+01	-2.480138e+00
1.065403e+01	-2.501927e+00
1.071556e+01	-2.523758e+00
1.077746e+01	-2.545948e+00
1.083971e+01	-2.568107e+00
1.090232e+01	-2.590736e+00
1.096529e+01	-2.613227e+00
1.102862e+01	-2.636041e+00
1.109232e+01	-2.658382e+00
1.115639e+01	-2.681682e+00
1.122083e+01	-2.704888e+00
1.128564e+01	-2.728201e+00
1.135083e+01	-2.751699e+00
1.141639e+01	-2.775053e+00
1.148233e+01	-2.799012e+00
1.154865e+01	-2.822669e+00
1.161536e+01	-2.846623e+00
1.168245e+01	-2.870576e+00
1.174992e+01	-2.894886e+00
1.181779e+01	-2.919488e+00
1.188605e+01	-2.944200e+00
1.195470e+01	-2.968650e+00
1.202375e+01	-2.993538e+00
1.209320e+01	-3.018440e+00
1.216305e+01	-3.043717e+00
1.223330e+01	-3.068755e+00
1.230396e+01	-3.094190e+00
1.237503e+01	-3.119832e+00
1.244651e+01	-3.145533e+00
1.251840e+01	-3.171276e+00
1.259070e+01	-3.197320e+00
1.266343e+01	-3.223686e+00
1.273657e+01	-3.249670e+00
1.281014e+01	-3.276265e+00
1.288413e+01	-3.302785e+00
1.295855e+01	-3.329432e+00
1.303339e+01	-3.356390e+00
1.310867e+01	-3.383267e+00
1.318439e+01	-3.410532e+00
1.326054e+01	-3.437601e+00
1.333713e+01	-3.465300e+00
1.341417e+01	-3.492867e+00
1.349165e+01	-3.520747e+00
1.356958e+01	-3.548361e+00
1.364795e+01	-3.576572e+00
1.372678e+01	-3.604560e+00
1.380607e+01	-3.632744e+00
1.388581e+01	-3.661268e+00
1.396602e+01	-3.689861e+00
1.404668e+01	-3.718736e+00
1.412782e+01	-3.747295e+00
1.420942e+01	-3.776245e+00
1.429149e+01	-3.805397e+00
1.437404e+01	-3.834872e+00
1.445706e+01	-3.864264e+00
1.454057e+01	-3.893711e+00
1.462455e+01	-3.923445e+00
1.470902e+01	-3.953275e+00
1.479398e+01	-3.983317e+00
1.487943e+01	-4.013321e+00
1.496537e+01	-4.043478e+00
1.505181e+01	-4.073947e+00
1.513875e+01	-4.104463e+00
1.522619e+01	-4.135105e+00
1.531414e+01	-4.165878e+00
1.540259e+01	-4.196833e+00
1.549156e+01	-4.228031e+00
1.558103e+01	-4.259185e+00
1.567103e+01	-4.289967e+00
1.576155e+01	-4.321750e+00
1.585258e+01	-4.353485e+00
1.594415e+01	-4.385071e+00
1.603624e+01	-4.416836e+00
1.612886e+01	-4.449042e+00
1.622202e+01	-4.481048e+00
1.631572e+01	-4.513482e+00
1.640996e+01	-4.545858e+00
1.650474e+01	-4.578156e+00
1.660008e+01	-4.611068e+00
1.669596e+01	-4.643742e+00
1.679239e+01	-4.676478e+00
1.688938e+01	-4.709479e+00
1.698694e+01	-4.743007e+00
1.708505e+01	-4.776049e+00
1.718373e+01	-4.809612e+00
1.728299e+01	-4.843224e+00
1.738281e+01	-4.876911e+00
1.748322e+01	-4.910922e+00
1.758420e+01	-4.944615e+00
1.768576e+01	-4.978788e+00
1.778792e+01	-5.012994e+00
1.789066e+01	-5.047139e+00
1.799399e+01	-5.081624e+00
1.809793e+01	-5.116291e+00
1.820246e+01	-5.150974e+00
1.830760e+01	-5.185756e+00
1.841334e+01	-5.220521e+00
1.851969e+01	-5.255641e+00
1.862666e+01	-5.291029e+00
1.873425e+01	-5.326336e+00
1.884246e+01	-5.361671e+00
1.895129e+01	-5.397213e+00
1.906075e+01	-5.432971e+00
1.917085e+01	-5.468785e+00
1.928158e+01	-5.504304e+00
1.939295e+01	-5.540266e+00
1.950496e+01	-5.576266e+00
1.961762e+01	-5.612611e+00
1.973093e+01	-5.648941e+00
1.984490e+01	-5.685501e+00
1.995952e+01	-5.722065e+00
2.007480e+01	-5.758941e+00
2.019076e+01	-5.795763e+00
2.030738e+01	-5.832512e+00
2.042467e+01	-5.869679e+00
2.054264e+01	-5.906944e+00
2.066130e+01	-5.943869e+00
2.078064e+01	-5.981340e+00
2.090066e+01	-6.018502e+00
2.102139e+01	-6.056363e+00
2.114280e+01	-6.094156e+00
2.126492e+01	-6.132060e+00
2.138775e+01	-6.169856e+00
2.151128e+01	-6.207658e+00
2.163553e+01	-6.245599e+00
2.176050e+01	-6.283624e+00
2.188619e+01	-6.322194e+00
2.201260e+01	-6.360801e+00
2.213974e+01	-6.398919e+00
2.226762e+01	-6.438052e+00
2.239624e+01	-6.476416e+00
2.252560e+01	-6.515354e+00
2.265571e+01	-6.554269e+00
2.278656e+01	-6.593059e+00
2.291818e+01	-6.632052e+00
2.305055e+01	-6.671457e+00
2.318369e+01	-6.711200e+00
2.331760e+01	-6.750497e+00
2.345228e+01	-6.789836e+00
2.358774e+01	-6.829302e+00
2.372398e+01	-6.868865e+00
2.386101e+01	-6.909168e+00
2.399883e+01	-6.948919e+00
2.413745e+01	-6.988694e+00
2.427686e+01	-7.028952e+00
2.441709e+01	-7.068993e+00
2.455812e+01	-7.109134e+00
2.469997e+01	-7.149613e+00
2.484263e+01	-7.189878e+00
2.498612e+01	-7.230326e+00
2.513044e+01	-7.271036e+00
2.527559e+01	-7.311572e+00
2.542158e+01	-7.352487e+00
2.556842e+01	-7.393486e+00
2.571610e+01	-7.434406e+00
2.586463e+01	-7.475403e+00
2.601403e+01	-7.516322e+00
2.616428e+01	-7.558077e+00
2.631541e+01	-7.598846e+00
2.646740e+01	-7.640601e+00
2.662028e+01	-7.681612e+00
2.677404e+01	-7.723379e+00
2.692868e+01	-7.764530e+00
2.708422e+01	-7.806843e+00
2.724066e+01	-7.848483e+00
2.739800e+01	-7.889877e+00
2.755625e+01	-7.932067e+00
2.771541e+01	-7.974218e+00
2.787550e+01	-8.016211e+00
2.803650e+01	-8.058406e+00
2.819844e+01	-8.100857e+00
2.836131e+01	-8.142854e+00
2.852513e+01	-8.185426e+00
2.868989e+01	-8.228055e+00
2.885560e+01	-8.270175e+00
2.902227e+01	-8.313201e+00
2.918990e+01	-8.355909e+00
2.935850e+01	-8.398582e+00
2.952807e+01	-8.440928e+00
2.969863e+01	-8.484602e+00
2.987016e+01	-8.526754e+00
3.004269e+01	-8.569845e+00
3.021622e+01	-8.613471e+00
3.039075e+01	-8.656660e+00
3.056628e+01	-8.699821e+00
3.074283e+01	-8.742667e+00
3.092040e+01	-8.786797e+00
3.109900e+01	-8.829894e+00
3.127862e+01	-8.873153e+00
3.145929e+01	-8.917261e+00
3.164099e+01	-8.960822e+00
3.182375e+01	-9.004270e+00
3.200756e+01	-9.048286e+00
3.219244e+01	-9.091892e+00
3.237838e+01	-9.135643e+00
3.256540e+01	-9.179576e+00
3.275349e+01	-9.223774e+00
3.294268e+01	-9.267935e+00
3.313295e+01	-9.311760e+00
3.332433e+01	-9.355783e+00
3.351681e+01	-9.400505e+00
3.371040e+01	-9.444231e+00
3.390511e+01	-9.489236e+00
3.410094e+01	-9.533474e+00
3.429791e+01	-9.577717e+00
3.449601e+01	-9.622455e+00
3.469526e+01	-9.667361e+00
3.489566e+01	-9.711874e+00
3.509721e+01	-9.756240e+00
3.529993e+01	-9.801525e+00
3.550382e+01	-9.846316e+00
3.570889e+01	-9.891134e+00
3.591515e+01	-9.935865e+00
3.612259e+01	-9.981211e+00
3.633123e+01	-1.002563e+01
3.654108e+01	-1.007052e+01
3.675214e+01	-1.011653e+01
3.696442e+01	-1.016072e+01
3.717792e+01	-1.020677e+01
3.739266e+01	-1.025141e+01
3.760864e+01	-1.029680e+01
3.782587e+01	-1.034224e+01
3.804435e+01	-1.038812e+01
3.826409e+01	-1.043382e+01
3.848510e+01	-1.047873e+01
3.870739e+01	-1.052450e+01
3.893096e+01	-1.056940e+01
3.915583e+01	-1.061584e+01
3.938199e+01	-1.066133e+01
3.960946e+01	-1.070786e+01
3.983824e+01	-1.075318e+01
4.006834e+01	-1.079811e+01
4.029978e+01	-1.084535e+01
4.053255e+01	-1.089015e+01
4.076666e+01	-1.093676e+01
4.100213e+01	-1.098310e+01
4.123896e+01	-1.102924e+01
4.147715e+01	-1.107472e+01
4.171672e+01	-1.112109e+01
4.195767e+01	-1.116760e+01
4.220002e+01	-1.121356e+01
4.244377e+01	-1.125976e+01
4.268892e+01	-1.130587e+01
4.293549e+01	-1.135229e+01
4.318348e+01	-1.139886e+01
4.343291e+01	-1.144447e+01
4.368377e+01	-1.149130e+01
4.393609e+01	-1.153785e+01
4.418986e+01	-1.158387e+01
4.444510e+01	-1.163180e+01
4.470182e+01	-1.167719e+01
4.496001e+01	-1.172372e+01
4.521970e+01	-1.177143e+01
4.548089e+01	-1.181790e+01
4.574358e+01	-1.186489e+01
4.600779e+01	-1.191145e+01
4.627353e+01	-1.195884e+01
4.654081e+01	-1.200475e+01
4.680963e+01	-1.205178e+01
4.708000e+01	-1.209887e+01
4.735193e+01	-1.214580e+01
4.762543e+01	-1.219355e+01
4.790051e+01	-1.223974e+01
4.817719e+01	-1.228674e+01
4.845545e+01	-1.233373e+01
4.873533e+01	-1.238072e+01
4.901682e+01	-1.242848e+01
4.929994e+01	-1.247543e+01
4.958470e+01	-1.252272e+01
4.987110e+01	-1.256979e+01
5.015915e+01	-1.261746e+01
5.044887e+01	-1.266480e+01
5.074026e+01	-1.271130e+01
5.103333e+01	-1.275871e+01
5.132810e+01	-1.280579e+01
5.162457e+01	-1.285335e+01
5.192275e+01	-1.290115e+01
5.222265e+01	-1.294876e+01
5.252429e+01	-1.299593e+01
5.282767e+01	-1.304409e+01
5.313280e+01	-1.309130e+01
5.343969e+01	-1.313857e+01
5.374836e+01	-1.318607e+01
5.405880e+01	-1.323470e+01
5.437105e+01	-1.328270e+01
5.468509e+01	-1.333061e+01
5.500095e+01	-1.337750e+01
5.531863e+01	-1.342452e+01
5.563815e+01	-1.347247e+01
5.595951e+01	-1.352037e+01
5.628273e+01	-1.356843e+01
5.660782e+01	-1.361635e+01
5.693479e+01	-1.366442e+01
5.726364e+01	-1.371243e+01
5.759439e+01	-1.376016e+01
5.792705e+01	-1.380838e+01
5.826164e+01	-1.385586e+01
5.859815e+01	-1.390384e+01
5.893662e+01	-1.395127e+01
5.927703e+01	-1.399940e+01
5.961941e+01	-1.404802e+01
5.996377e+01	-1.409633e+01
6.031012e+01	-1.414437e+01
6.065847e+01	-1.419210e+01
6.100883e+01	-1.423934e+01
6.136121e+01	-1.428891e+01
6.171563e+01	-1.433683e+01
6.207210e+01	-1.438441e+01
6.243063e+01	-1.443272e+01
6.279122e+01	-1.448099e+01
6.315390e+01	-1.453003e+01
6.351868e+01	-1.457786e+01
6.388556e+01	-1.462608e+01
6.425456e+01	-1.467485e+01
6.462569e+01	-1.472268e+01
6.499897e+01	-1.477035e+01
6.537440e+01	-1.481959e+01
6.575200e+01	-1.486772e+01
6.613178e+01	-1.491683e+01
6.651375e+01	-1.496374e+01
6.689793e+01	-1.501396e+01
6.728433e+01	-1.506186e+01
6.767297e+01	-1.510976e+01
6.806384e+01	-1.515779e+01
6.845698e+01	-1.520685e+01
6.885238e+01	-1.525524e+01
6.925007e+01	-1.530405e+01
6.965005e+01	-1.535347e+01
7.005235e+01	-1.540078e+01
7.045697e+01	-1.545023e+01
7.086393e+01	-1.549829e+01
7.127323e+01	-1.554685e+01
7.168490e+01	-1.559567e+01
7.209895e+01	-1.564482e+01
7.251539e+01	-1.569344e+01
7.293424e+01	-1.574204e+01
7.335551e+01	-1.579090e+01
7.377920e+01	-1.583956e+01
7.420535e+01	-1.588743e+01
7.463396e+01	-1.593750e+01
7.506504e+01	-1.598486e+01
7.549861e+01	-1.603468e+01
7.593469e+01	-1.608337e+01
7.637328e+01	-1.613286e+01
7.681441e+01	-1.618032e+01
7.725809e+01	-1.622879e+01
7.770433e+01	-1.627797e+01
7.815315e+01	-1.632800e+01
7.860456e+01	-1.637573e+01
7.905857e+01	-1.642470e+01
7.951521e+01	-1.647392e+01
7.997449e+01	-1.652226e+01
8.043642e+01	-1.657097e+01
8.090102e+01	-1.662105e+01
8.136830e+01	-1.666951e+01
8.183828e+01	-1.671840e+01
8.231097e+01	-1.676767e+01
8.278640e+01	-1.681615e+01
8.326457e+01	-1.686491e+01
8.374550e+01	-1.691451e+01
8.422921e+01	-1.696345e+01
8.471572e+01	-1.701233e+01
8.520503e+01	-1.706114e+01
8.569717e+01	-1.710927e+01
8.619215e+01	-1.715856e+01
8.669000e+01	-1.720771e+01
8.719071e+01	-1.725921e+01
8.769432e+01	-1.730543e+01
8.820084e+01	-1.735584e+01
8.871029e+01	-1.740490e+01
8.922267e+01	-1.745410e+01
8.973802e+01	-1.750343e+01
9.025634e+01	-1.755194e+01
9.077766e+01	-1.760189e+01
9.130199e+01	-1.765017e+01
9.182935e+01	-1.770101e+01
9.235975e+01	-1.775042e+01
9.289321e+01	-1.779843e+01
9.342976e+01	-1.784772e+01
9.396941e+01	-1.789632e+01
9.451217e+01	-1.794622e+01
9.505807e+01	-1.799555e+01
9.560712e+01	-1.804399e+01
9.615934e+01	-1.809405e+01
9.671476e+01	-1.814314e+01
9.727338e+01	-1.819193e+01
9.783522e+01	-1.824169e+01
9.840032e+01	-1.829141e+01
9.896867e+01	-1.833994e+01
9.954031e+01	-1.839092e+01
1.001153e+02	-1.843834e+01
1.006935e+02	-1.848933e+01
1.012751e+02	-1.853657e+01
1.018601e+02	-1.858707e+01
1.024484e+02	-1.863565e+01
1.030402e+02	-1.868596e+01
1.036353e+02	-1.873448e+01
1.042339e+02	-1.878526e+01
1.048360e+02	-1.883306e+01
1.054415e+02	-1.888223e+01
1.060505e+02	-1.893254e+01
1.066631e+02	-1.898251e+01
1.072791e+02	-1.903174e+01
1.078988e+02	-1.908247e+01
1.085220e+02	-1.913039e+01
1.091488e+02	-1.917916e+01
1.097793e+02	-1.923017e+01
1.104133e+02	-1.927852e+01
1.110511e+02	-1.932841e+01
1.116925e+02	-1.937792e+01
1.123376e+02	-1.942623e+01
1.129865e+02	-1.947684e+01
1.136391e+02	-1.952525e+01
1.142955e+02	-1.957560e+01
1.149556e+02	-1.962471e+01
1.156196e+02	-1.967363e+01
1.162874e+02	-1.972463e+01
1.169591e+02	-1.977185e+01
1.176347e+02	-1.982189e+01
1.183141e+02	-1.987157e+01
1.189975e+02	-1.992185e+01
1.196848e+02	-1.997089e+01
1.203761e+02	-2.002019e+01
1.210714e+02	-2.007003e+01
1.217707e+02	-2.012079e+01
1.224740e+02	-2.016824e+01
1.231814e+02	-2.021891e+01
1.238929e+02	-2.026721e+01
1.246085e+02	-2.031743e+01
1.253283e+02	-2.036860e+01
1.260522e+02	-2.041630e+01
1.267802e+02	-2.046596e+01
1.275125e+02	-2.051579e+01
1.282490e+02	-2.056585e+01
1.289898e+02	-2.061554e+01
1.297348e+02	-2.066456e+01
1.304842e+02	-2.071387e+01
1.312378e+02	-2.076526e+01
1.319959e+02	-2.081378e+01
1.327583e+02	-2.086419e+01
1.335251e+02	-2.091181e+01
1.342963e+02	-2.096282e+01
1.350720e+02	-2.101118e+01
1.358522e+02	-2.106174e+01
1.366368e+02	-2.111064e+01
1.374260e+02	-2.116096e+01
1.382198e+02	-2.121101e+01
1.390182e+02	-2.125898e+01
1.398211e+02	-2.131105e+01
1.406287e+02	-2.135978e+01
1.414410e+02	-2.140771e+01
1.422579e+02	-2.145710e+01
1.430796e+02	-2.151049e+01
1.439060e+02	-2.156047e+01
1.447372e+02	-2.160950e+01
1.455732e+02	-2.165959e+01
1.464141e+02	-2.170787e+01
1.472597e+02	-2.175600e+01
1.481103e+02	-2.180532e+01
1.489658e+02	-2.185687e+01
1.498262e+02	-2.191052e+01
1.506916e+02	-2.195863e+01
1.515620e+02	-2.200777e+01
1.524374e+02	-2.205462e+01
1.533179e+02	-2.210514e+01
1.542034e+02	-2.215568e+01
1.550941e+02	-2.220361e+01
1.559899e+02	-2.225499e+01
1.568909e+02	-2.230431e+01
1.577971e+02	-2.235309e+01
1.587085e+02	-2.240515e+01
1.596252e+02	-2.245511e+01
1.605472e+02	-2.250591e+01
1.614745e+02	-2.255273e+01
1.624072e+02	-2.260171e+01
1.633453e+02	-2.265459e+01
1.642887e+02	-2.270140e+01
1.652377e+02	-2.275206e+01
1.661921e+02	-2.280266e+01
1.671520e+02	-2.285106e+01
1.681175e+02	-2.290168e+01
1.690885e+02	-2.294896e+01
1.700651e+02	-2.299976e+01
1.710474e+02	-2.305219e+01
1.720354e+02	-2.310072e+01
1.730291e+02	-2.314958e+01
1.740285e+02	-2.319918e+01
1.750337e+02	-2.325094e+01
1.760446e+02	-2.330111e+01
1.770615e+02	-2.335286e+01
1.780842e+02	-2.339995e+01
1.791128e+02	-2.345091e+01
1.801473e+02	-2.349914e+01
1.811878e+02	-2.354884e+01
1.822344e+02	-2.359944e+01
1.832870e+02	-2.364768e+01
1.843456e+02	-2.369864e+01
1.854104e+02	-2.374808e+01
1.864813e+02	-2.379816e+01
1.875584e+02	-2.384859e+01
1.886418e+02	-2.389944e+01
1.897313e+02	-2.394895e+01
1.908272e+02	-2.399876e+01
1.919294e+02	-2.404672e+01
1.930380e+02	-2.409883e+01
1.941530e+02	-2.414811e+01
1.952744e+02	-2.419651e+01
1.964023e+02	-2.424712e+01
1.975367e+02	-2.429353e+01
1.986777e+02	-2.434574e+01
1.998252e+02	-2.439590e+01
2.009794e+02	-2.444458e+01
2.021403e+02	-2.449849e+01
2.033078e+02	-2.454495e+01
2.044821e+02	-2.459905e+01
2.056632e+02	-2.464502e+01
2.068511e+02	-2.469855e+01
2.080459e+02	-2.474689e+01
2.092475e+02	-2.479321e+01
2.104561e+02	-2.484581e+01
2.116717e+02	-2.489646e+01
2.128943e+02	-2.494614e+01
2.141240e+02	-2.499719e+01
2.153608e+02	-2.504618e+01
2.166047e+02	-2.509658e+01
2.178558e+02	-2.514738e+01
2.191141e+02	-2.519471e+01
2.203797e+02	-2.524347e+01
2.216526e+02	-2.529389e+01
2.229329e+02	-2.534258e+01
2.242205e+02	-2.539919e+01
2.255156e+02	-2.544644e+01
2.268182e+02	-2.549422e+01
2.281283e+02	-2.554549e+01
2.294459e+02	-2.559518e+01
2.307712e+02	-2.564642e+01
2.321041e+02	-2.569524e+01
2.334447e+02	-2.574171e+01
2.347931e+02	-2.579477e+01
2.361493e+02	-2.584344e+01
2.375133e+02	-2.589112e+01
2.388851e+02	-2.594126e+01
2.402649e+02	-2.599215e+01
2.416527e+02	-2.604346e+01
2.430484e+02	-2.609224e+01
2.444523e+02	-2.614145e+01
2.458642e+02	-2.619649e+01
2.472843e+02	-2.624349e+01
2.487126e+02	-2.629469e+01
2.501492e+02	-2.634317e+01
2.515940e+02	-2.639013e+01
2.530472e+02	-2.644578e+01
2.545088e+02	-2.649304e+01
2.559789e+02	-2.654180e+01
2.574574e+02	-2.659258e+01
2.589444e+02	-2.664451e+01
2.604401e+02	-2.669127e+01
2.619444e+02	-2.674718e+01
2.634574e+02	-2.679350e+01
2.649791e+02	-2.684243e+01
2.665096e+02	-2.689366e+01
2.680489e+02	-2.694314e+01
2.695972e+02	-2.699641e+01
2.711544e+02	-2.704393e+01
2.727205e+02	-2.709160e+01
2.742958e+02	-2.714457e+01
2.758801e+02	-2.719380e+01
2.774736e+02	-2.724249e+01
2.790762e+02	-2.729190e+01
2.806882e+02	-2.734077e+01
2.823094e+02	-2.739119e+01
2.839400e+02	-2.744151e+01
2.855800e+02	-2.749185e+01
2.872295e+02	-2.754323e+01
2.888886e+02	-2.759080e+01
2.905572e+02	-2.764038e+01
2.922354e+02	-2.769214e+01
2.939234e+02	-2.774450e+01
2.956211e+02	-2.778693e+01
2.973286e+02	-2.784356e+01
2.990459e+02	-2.789228e+01
3.007732e+02	-2.794615e+01
3.025104e+02	-2.798900e+01
3.042577e+02	-2.803818e+01
3.060151e+02	-2.809023e+01
3.077826e+02	-2.814413e+01
3.095604e+02	-2.818762e+01
3.113484e+02	-2.823950e+01
3.131467e+02	-2.829323e+01
3.149554e+02	-2.834357e+01
3.167746e+02	-2.839032e+01
3.186043e+02	-2.844036e+01
3.204445e+02	-2.849708e+01
3.222954e+02	-2.854109e+01
3.241570e+02	-2.858983e+01
3.260293e+02	-2.864003e+01
3.279124e+02	-2.869060e+01
3.298064e+02	-2.874085e+01
3.317114e+02	-2.879008e+01
3.336273e+02	-2.884261e+01
3.355544e+02	-2.889621e+01
3.374925e+02	-2.894787e+01
3.394418e+02	-2.899664e+01
3.414024e+02	-2.904432e+01
3.433744e+02	-2.909469e+01
3.453577e+02	-2.914538e+01
3.473525e+02	-2.919319e+01
3.493588e+02	-2.924050e+01
3.513766e+02	-2.929486e+01
3.534062e+02	-2.934191e+01
3.554474e+02	-2.939388e+01
3.575005e+02	-2.944570e+01
3.595654e+02	-2.949363e+01
3.616422e+02	-2.954018e+01
3.637311e+02	-2.959759e+01
3.658320e+02	-2.964614e+01
3.679450e+02	-2.968912e+01
3.700702e+02	-2.974165e+01
3.722077e+02	-2.979877e+01
3.743576e+02	-2.984426e+01
3.765199e+02	-2.989246e+01
3.786946e+02	-2.994454e+01
3.808820e+02	-2.999624e+01
3.830819e+02	-3.004430e+01
3.852946e+02	-3.009632e+01
3.875200e+02	-3.014846e+01
3.897583e+02	-3.019580e+01
3.920096e+02	-3.024492e+01
3.942738e+02	-3.029972e+01
3.965511e+02	-3.034025e+01
3.988416e+02	-3.039792e+01
4.011452e+02	-3.044467e+01
4.034622e+02	-3.049335e+01
4.057926e+02	-3.054178e+01
4.081365e+02	-3.059582e+01
4.104938e+02	-3.064585e+01
4.128648e+02	-3.069188e+01
4.152495e+02	-3.074311e+01
4.176480e+02	-3.079128e+01
4.200603e+02	-3.085194e+01
4.224866e+02	-3.089677e+01
4.249268e+02	-3.094465e+01
4.273812e+02	-3.099692e+01
4.298497e+02	-3.103688e+01
4.323325e+02	-3.109695e+01
4.348297e+02	-3.114537e+01
4.373412e+02	-3.119433e+01
4.398673e+02	-3.124606e+01
4.424079e+02	-3.130042e+01
4.449633e+02	-3.134755e+01
4.475334e+02	-3.139245e+01
4.501183e+02	-3.145108e+01
4.527182e+02	-3.149841e+01
4.553330e+02	-3.154640e+01
4.579630e+02	-3.159834e+01
4.606082e+02	-3.164395e+01
4.632687e+02	-3.169773e+01
4.659445e+02	-3.175281e+01
4.686358e+02	-3.180047e+01
4.713426e+02	-3.184342e+01
4.740650e+02	-3.190101e+01
4.768032e+02	-3.194948e+01
4.795572e+02	-3.200205e+01
4.823271e+02	-3.204938e+01
4.851130e+02	-3.210016e+01
4.879150e+02	-3.215312e+01
4.907332e+02	-3.220429e+01
4.935676e+02	-3.224620e+01
4.964185e+02	-3.230175e+01
4.992858e+02	-3.234880e+01
5.021696e+02	-3.240195e+01
5.050701e+02	-3.245105e+01
5.079874e+02	-3.250494e+01
5.109215e+02	-3.255072e+01
5.138726e+02	-3.260999e+01
5.168407e+02	-3.264768e+01
5.198259e+02	-3.270447e+01
5.228284e+02	-3.275423e+01
5.258482e+02	-3.279756e+01
5.288855e+02	-3.285049e+01
5.319403e+02	-3.290918e+01
5.350128e+02	-3.295694e+01
5.381030e+02	-3.299872e+01
5.412111e+02	-3.305278e+01
5.443371e+02	-3.309544e+01
5.474812e+02	-3.315736e+01
5.506434e+02	-3.320495e+01
5.538239e+02	-3.325119e+01
5.570228e+02	-3.330636e+01
5.602401e+02	-3.335489e+01
5.634760e+02	-3.339881e+01
5.667306e+02	-3.344805e+01
5.700040e+02	-3.351100e+01
5.732964e+02	-3.355424e+01
5.766077e+02	-3.360149e+01
5.799382e+02	-3.365693e+01
5.832879e+02	-3.370826e+01
5.866569e+02	-3.375655e+01
5.900454e+02	-3.380645e+01
5.934535e+02	-3.385781e+01
5.968813e+02	-3.390031e+01
6.003288e+02	-3.395239e+01
6.037963e+02	-3.400228e+01
6.072838e+02	-3.405285e+01
6.107914e+02	-3.410298e+01
6.143194e+02	-3.415872e+01
6.178676e+02	-3.421202e+01
6.214364e+02	-3.425435e+01
6.250258e+02	-3.431217e+01
6.286359e+02	-3.435706e+01
6.322669e+02	-3.440429e+01
6.359189e+02	-3.445875e+01
6.395919e+02	-3.450864e+01
6.432862e+02	-3.455901e+01
6.470017e+02	-3.460839e+01
6.507388e+02	-3.465655e+01
6.544974e+02	-3.470955e+01
6.582778e+02	-3.475977e+01
6.620800e+02	-3.480752e+01
6.659041e+02	-3.485887e+01
6.697504e+02	-3.490730e+01
6.736188e+02	-3.495238e+01
6.775096e+02	-3.501728e+01
6.814229e+02	-3.506530e+01
6.853587e+02	-3.511122e+01
6.893173e+02	-3.515888e+01
6.932988e+02	-3.521328e+01
6.973033e+02	-3.526486e+01
7.013309e+02	-3.531611e+01
7.053817e+02	-3.537116e+01
7.094560e+02	-3.541859e+01
7.135538e+02	-3.546241e+01
7.176752e+02	-3.551398e+01
7.218205e+02	-3.556705e+01
7.259897e+02	-3.562533e+01
7.301830e+02	-3.567162e+01
7.344005e+02	-3.572633e+01
7.386424e+02	-3.576208e+01
7.429087e+02	-3.581650e+01
7.471998e+02	-3.586516e+01
7.515155e+02	-3.591248e+01
7.558563e+02	-3.595834e+01
7.602221e+02	-3.603391e+01
7.646131e+02	-3.606496e+01
7.690295e+02	-3.612246e+01
7.734713e+02	-3.618124e+01
7.779389e+02	-3.622564e+01
7.824322e+02	-3.627087e+01
7.869515e+02	-3.632255e+01
7.914969e+02	-3.637134e+01
7.960686e+02	-3.643104e+01
8.006666e+02	-3.645901e+01
8.052912e+02	-3.652350e+01
8.099426e+02	-3.656941e+01
8.146208e+02	-3.662155e+01
8.193260e+02	-3.668043e+01
8.240584e+02	-3.672248e+01
8.288181e+02	-3.677349e+01
8.336053e+02	-3.683438e+01
8.384202e+02	-3.688306e+01
8.432629e+02	-3.693335e+01
8.481335e+02	-3.698040e+01
8.530323e+02	-3.703420e+01
8.579594e+02	-3.709078e+01
8.629149e+02	-3.712934e+01
8.678991e+02	-3.717903e+01
8.729120e+02	-3.722900e+01
8.779539e+02	-3.728404e+01
8.830250e+02	-3.732146e+01
8.881253e+02	-3.737836e+01
8.932551e+02	-3.743249e+01
8.984145e+02	-3.748050e+01
9.036037e+02	-3.752836e+01
9.088229e+02	-3.759211e+01
9.140722e+02	-3.762859e+01
9.193518e+02	-3.768210e+01
9.246620e+02	-3.773516e+01
9.300028e+02	-3.779564e+01
9.353744e+02	-3.783538e+01
9.407771e+02	-3.788456e+01
9.462110e+02	-3.793425e+01
9.516763e+02	-3.799200e+01
9.571731e+02	-3.802739e+01
9.627017e+02	-3.809481e+01
9.682622e+02	-3.814294e+01
9.738549e+02	-3.819342e+01
9.794798e+02	-3.823680e+01
9.851373e+02	-3.830254e+01
9.908274e+02	-3.835703e+01
9.965504e+02	-3.838941e+01
1.002306e+03	-3.844751e+01
1.008096e+03	-3.848827e+01
1.013918e+03	-3.853922e+01
1.019775e+03	-3.858781e+01
1.025665e+03	-3.865257e+01
1.031589e+03	-3.870724e+01
1.037548e+03	-3.875858e+01
1.043540e+03	-3.879943e+01
1.049568e+03	-3.886093e+01
1.055630e+03	-3.889419e+01
1.061727e+03	-3.894287e+01
1.067860e+03	-3.900633e+01
1.074028e+03	-3.904978e+01
1.080231e+03	-3.909228e+01
1.086471e+03	-3.915218e+01
1.092746e+03	-3.919707e+01
1.099058e+03	-3.924591e+01
1.105406e+03	-3.930408e+01
1.111791e+03	-3.936948e+01
1.118212e+03	-3.940674e+01
1.124671e+03	-3.945267e+01
1.131167e+03	-3.952616e+01
1.137701e+03	-3.955596e+01
1.144272e+03	-3.961859e+01
1.150881e+03	-3.967297e+01
1.157529e+03	-3.970889e+01
1.164215e+03	-3.977085e+01
1.170939e+03	-3.979982e+01
1.177702e+03	-3.987281e+01
1.184505e+03	-3.992631e+01
1.191346e+03	-3.996447e+01
1.198227e+03	-4.001760e+01
1.205148e+03	-4.007376e+01
1.212109e+03	-4.012796e+01
1.219110e+03	-4.018089e+01
1.226152e+03	-4.022414e+01
1.233234e+03	-4.028675e+01
1.240357e+03	-4.034238e+01
1.247521e+03	-4.036737e+01
1.254727e+03	-4.043620e+01
1.261974e+03	-4.048408e+01
1.269263e+03	-4.054480e+01
1.276595e+03	-4.058135e+01
1.283968e+03	-4.063231e+01
1.291384e+03	-4.068526e+01
1.298843e+03	-4.073631e+01
1.306345e+03	-4.080660e+01
1.313891e+03	-4.083301e+01
1.321480e+03	-4.089753e+01
1.329113e+03	-4.092338e+01
1.336790e+03	-4.098473e+01
1.344511e+03	-4.104667e+01
1.352277e+03	-4.109005e+01
1.360087e+03	-4.113640e+01
1.367943e+03	-4.120158e+01
1.375844e+03	-4.125386e+01
1.383791e+03	-4.130388e+01
1.391784e+03	-4.135556e+01
1.399823e+03	-4.139398e+01
1.407908e+03	-4.145022e+01
1.416040e+03	-4.150897e+01
1.424219e+03	-4.155478e+01
1.432445e+03	-4.159189e+01
1.440719e+03	-4.165964e+01
1.449041e+03	-4.172380e+01
1.457410e+03	-4.176198e+01
1.465828e+03	-4.181053e+01
1.474295e+03	-4.187147e+01
1.482810e+03	-4.193442e+01
1.491375e+03	-4.195690e+01
1.499989e+03	-4.202328e+01
1.508653e+03	-4.204819e+01
1.517367e+03	-4.213013e+01
1.526131e+03	-4.217092e+01
1.534946e+03	-4.223553e+01
1.543812e+03	-4.228646e+01
1.552729e+03	-4.232257e+01
1.561697e+03	-4.239709e+01
1.570717e+03	-4.244962e+01
1.579790e+03	-4.249372e+01
1.588915e+03	-4.254140e+01
1.598092e+03	-4.259708e+01
1.607323e+03	-4.265825e+01
1.616606e+03	-4.269274e+01
1.625944e+03	-4.273718e+01
1.635335e+03	-4.280288e+01
1.644781e+03	-4.286117e+01
1.654281e+03	-4.292147e+01
1.663836e+03	-4.292551e+01
1.673446e+03	-4.300941e+01
1.683112e+03	-4.307024e+01
1.692834e+03	-4.310852e+01
1.702611e+03	-4.316015e+01
1.712446e+03	-4.320834e+01
1.722337e+03	-4.326929e+01
1.732285e+03	-4.334154e+01
1.742290e+03	-4.336218e+01
1.752354e+03	-4.342360e+01
1.762475e+03	-4.344856e+01
1.772655e+03	-4.354615e+01
1.782894e+03	-4.358183e+01
1.793192e+03	-4.365197e+01
1.803549e+03	-4.369265e+01
1.813967e+03	-4.370849e+01
1.824444e+03	-4.381851e+01
1.834982e+03	-4.384330e+01
1.845581e+03	-4.388594e+01
1.856241e+03	-4.395604e+01
1.866962e+03	-4.399739e+01
1.877746e+03	-4.406225e+01
1.888592e+03	-4.410490e+01
1.899500e+03	-4.414307e+01
1.910472e+03	-4.419959e+01
1.921506e+03	-4.424537e+01
1.932605e+03	-4.429179e+01
1.943768e+03	-4.438058e+01
1.954995e+03	-4.438692e+01
1.966287e+03	-4.447114e+01
1.977644e+03	-4.450600e+01
1.989067e+03	-4.458445e+01
2.000555e+03	-4.462838e+01
2.012110e+03	-4.466635e+01
2.023732e+03	-4.473313e+01
2.035421e+03	-4.479341e+01
2.047178e+03	-4.483711e+01
2.059002e+03	-4.489085e+01
2.070895e+03	-4.495366e+01
2.082856e+03	-4.499465e+01
2.094887e+03	-4.504177e+01
2.106987e+03	-4.511576e+01
2.119157e+03	-4.514426e+01
2.131397e+03	-4.522302e+01
2.143708e+03	-4.525559e+01
2.156090e+03	-4.531157e+01
2.168543e+03	-4.537453e+01
2.181069e+03	-4.540839e+01
2.193666e+03	-4.546571e+01
2.206337e+03	-4.557000e+01
2.219081e+03	-4.559439e+01
2.231898e+03	-4.561562e+01
2.244789e+03	-4.567311e+01
2.257755e+03	-4.577082e+01
2.270796e+03	-4.580036e+01
2.283912e+03	-4.583460e+01
2.297104e+03	-4.589454e+01
2.310372e+03	-4.594596e+01
2.323716e+03	-4.601961e+01
2.337138e+03	-4.611221e+01
2.350637e+03	-4.613685e+01
2.364214e+03	-4.619377e+01
2.377870e+03	-4.621770e+01
2.391604e+03	-4.629361e+01
2.405418e+03	-4.633995e+01
2.419312e+03	-4.639031e+01
2.433286e+03	-4.644434e+01
2.447340e+03	-4.650711e+01
2.461476e+03	-4.656429e+01
2.475693e+03	-4.663162e+01
2.489993e+03	-4.667736e+01
2.504375e+03	-4.668678e+01
2.518840e+03	-4.675264e+01
2.533389e+03	-4.684291e+01
2.548022e+03	-4.686602e+01
2.562739e+03	-4.696358e+01
2.577541e+03	-4.697206e+01
2.592429e+03	-4.704882e+01
2.607403e+03	-4.711377e+01
2.622463e+03	-4.713695e+01
2.637610e+03	-4.722457e+01
2.652845e+03	-4.726625e+01
2.668168e+03	-4.732168e+01
2.683579e+03	-4.740718e+01
2.699079e+03	-4.739491e+01
2.714669e+03	-4.750821e+01
2.730349e+03	-4.752244e+01
2.746119e+03	-4.762102e+01
2.761981e+03	-4.763520e+01
2.777934e+03	-4.771285e+01
2.793979e+03	-4.775427e+01
2.810117e+03	-4.782240e+01
2.826348e+03	-4.786344e+01
2.842673e+03	-4.797065e+01
2.859092e+03	-4.797383e+01
2.875606e+03	-4.802803e+01
2.892215e+03	-4.814605e+01
2.908921e+03	-4.820184e+01
2.925722e+03	-4.820723e+01
2.942621e+03	-4.825893e+01
2.959618e+03	-4.834167e+01
2.976712e+03	-4.835712e+01
2.993906e+03	-4.843363e+01
3.011198e+03	-4.847284e+01
3.028591e+03	-4.853677e+01
3.046084e+03	-4.859283e+01
3.063678e+03	-4.868080e+01
3.081374e+03	-4.872809e+01
3.099172e+03	-4.877092e+01
3.117072e+03	-4.884752e+01
3.135076e+03	-4.889445e+01
3.153184e+03	-4.891857e+01
3.171397e+03	-4.903186e+01
3.189715e+03	-4.903344e+01
3.208139e+03	-4.914850e+01
3.226669e+03	-4.918732e+01
3.245306e+03	-4.921717e+01
3.264051e+03	-4.930246e+01
3.282904e+03	-4.939270e+01
3.301866e+03	-4.942848e+01
3.320937e+03	-4.947451e+01
3.340119e+03	-4.950366e+01
3.359411e+03	-4.957706e+01
3.378815e+03	-4.961864e+01
3.398331e+03	-4.968218e+01
3.417959e+03	-4.974122e+01
3.437701e+03	-4.982266e+01
3.457557e+03	-4.988099e+01
3.477528e+03	-4.993118e+01
3.497614e+03	-4.998063e+01
3.517816e+03	-5.009055e+01
3.538135e+03	-5.009483e+01
3.558571e+03	-5.015704e+01
3.579125e+03	-5.018937e+01
3.599798e+03	-5.024246e+01
3.620590e+03	-5.037769e+01
3.641503e+03	-5.039874e+01
3.662536e+03	-5.049936e+01
3.683691e+03	-5.053054e+01
3.704967e+03	-5.057159e+01
3.726367e+03	-5.065941e+01
3.747890e+03	-5.073521e+01
3.769538e+03	-5.082579e+01
3.791311e+03	-5.085895e+01
3.813209e+03	-5.091440e+01
3.835234e+03	-5.097506e+01
3.857386e+03	-5.103004e+01
3.879667e+03	-5.113221e+01
3.902075e+03	-5.113758e+01
3.924614e+03	-5.121454e+01
3.947282e+03	-5.127333e+01
3.970081e+03	-5.127806e+01
3.993012e+03	-5.141261e+01
4.016076e+03	-5.146889e+01
4.039272e+03	-5.154388e+01
4.062603e+03	-5.158384e+01
4.086069e+03	-5.158425e+01
4.109670e+03	-5.170145e+01
4.133407e+03	-5.176696e+01
4.157281e+03	-5.185906e+01
4.181294e+03	-5.187280e+01
4.205445e+03	-5.199415e+01
4.229735e+03	-5.202324e+01
4.254166e+03	-5.209957e+01
4.278738e+03	-5.210420e+01
4.303451e+03	-5.217117e+01
4.328308e+03	-5.221894e+01
4.353308e+03	-5.237719e+01
4.378453e+03	-5.235788e+01
4.403742e+03	-5.245845e+01
4.429178e+03	-5.249674e+01
4.454761e+03	-5.255027e+01
4.480492e+03	-5.272461e+01
4.506371e+03	-5.270211e+01
4.532399e+03	-5.279457e+01
4.558578e+03	-5.284743e+01
4.584908e+03	-5.290673e+01
4.611391e+03	-5.295846e+01
4.638026e+03	-5.307573e+01
4.664815e+03	-5.317826e+01
4.691759e+03	-5.313083e+01
4.718858e+03	-5.324412e+01
4.746114e+03	-5.332161e+01
4.773527e+03	-5.338911e+01
4.801099e+03	-5.351499e+01
4.828830e+03	-5.348579e+01
4.856721e+03	-5.363419e+01
4.884773e+03	-5.366317e+01
4.912988e+03	-5.376313e+01
4.941365e+03	-5.373832e+01
4.969906e+03	-5.388869e+01
4.998612e+03	-5.396925e+01
5.027484e+03	-5.391601e+01
5.056522e+03	-5.402283e+01
5.085729e+03	-5.414417e+01
5.115104e+03	-5.422886e+01
5.144648e+03	-5.433170e+01
5.174363e+03	-5.434234e+01
5.204250e+03	-5.443730e+01
5.234310e+03	-5.453157e+01
5.264543e+03	-5.457758e+01
5.294951e+03	-5.466110e+01
5.325534e+03	-5.474696e+01
5.356294e+03	-5.485615e+01
5.387232e+03	-5.482583e+01
5.418348e+03	-5.488685e+01
5.449645e+03	-5.513611e+01
5.481122e+03	-5.506877e+01
5.512780e+03	-5.515534e+01
5.544622e+03	-5.524937e+01
5.576647e+03	-5.537341e+01
5.608858e+03	-5.544143e+01
5.641254e+03	-5.552637e+01
5.673838e+03	-5.552117e+01
5.706610e+03	-5.565056e+01
5.739571e+03	-5.559800e+01
5.772723e+03	-5.569365e+01
5.806066e+03	-5.574986e+01
5.839601e+03	-5.597343e+01
5.873331e+03	-5.606345e+01
5.907255e+03	-5.614687e+01
5.941375e+03	-5.623385e+01
5.975692e+03	-5.628663e+01
6.010207e+03	-5.631717e+01
6.044922e+03	-5.637743e+01
6.079837e+03	-5.645612e+01
6.114954e+03	-5.660515e+01
6.150274e+03	-5.674220e+01
6.185797e+03	-5.661741e+01
6.221526e+03	-5.679567e+01
6.257462e+03	-5.689247e+01
6.293605e+03	-5.690195e+01
6.329956e+03	-5.716511e+01
6.366518e+03	-5.712015e+01
6.403290e+03	-5.736398e+01
6.440276e+03	-5.740009e+01
6.477474e+03	-5.733071e+01
6.514888e+03	-5.740999e+01
6.552518e+03	-5.763577e+01
6.590365e+03	-5.750712e+01
6.628430e+03	-5.779329e+01
6.666716e+03	-5.787206e+01
6.705223e+03	-5.792412e+01
6.743952e+03	-5.795410e+01
6.782905e+03	-5.809892e+01
6.822082e+03	-5.829698e+01
6.861486e+03	-5.829399e+01
6.901118e+03	-5.843385e+01
6.940979e+03	-5.846285e+01
6.981069e+03	-5.851555e+01
7.021392e+03	-5.862042e+01
7.061947e+03	-5.878815e+01
7.102737e+03	-5.879783e+01
7.143762e+03	-5.899783e+01
7.185024e+03	-5.913706e+01
7.226524e+03	-5.911464e+01
7.268264e+03	-5.928078e+01
7.310246e+03	-5.939241e+01
7.352469e+03	-5.932617e+01
7.394937e+03	-5.932168e+01
7.437650e+03	-5.971160e+01
7.480609e+03	-5.973257e+01
7.523817e+03	-5.974488e+01
7.567274e+03	-6.006601e+01
7.610982e+03	-6.000559e+01
7.654943e+03	-6.037247e+01
7.699158e+03	-6.005665e+01
7.743628e+03	-6.032928e+01
7.788355e+03	-6.030024e+01
7.833340e+03	-6.054017e+01
7.878585e+03	-6.074119e+01
7.924091e+03	-6.054760e+01
7.969861e+03	-6.096624e+01
8.015894e+03	-6.093911e+01
8.062194e+03	-6.114148e+01
8.108761e+03	-6.116875e+01
8.155596e+03	-6.118011e+01
8.202703e+03	-6.130203e+01
8.250081e+03	-6.146187e+01
8.297733e+03	-6.155029e+01
8.345661e+03	-6.160615e+01
8.393865e+03	-6.161885e+01
8.442348e+03	-6.196063e+01
8.491110e+03	-6.191851e+01
8.540155e+03	-6.195108e+01
8.589482e+03	-6.231914e+01
8.639095e+03	-6.225082e+01
8.688994e+03	-6.239928e+01
8.739181e+03	-6.233542e+01
8.789658e+03	-6.260790e+01
8.840427e+03	-6.256766e+01
8.891489e+03	-6.245795e+01
8.942846e+03	-6.268640e+01
8.994499e+03	-6.248057e+01
9.046451e+03	-6.281868e+01
9.098703e+03	-6.297926e+01
9.151257e+03	-6.299065e+01
9.204114e+03	-6.309228e+01
9.257277e+03	-6.283524e+01
9.310746e+03	-6.253361e+01
9.364525e+03	-6.272792e+01
9.418614e+03	-6.264673e+01
9.473015e+03	-6.249401e+01
9.527731e+03	-6.265666e+01
9.582763e+03	-6.203182e+01
9.638113e+03	-6.183851e+01
9.693782e+03	-6.136601e+01
9.749773e+03	-6.083964e+01
9.806087e+03	-6.055022e+01
9.862727e+03	-5.984031e+01
9.919693e+03	-5.944792e+01
9.976989e+03	-5.966279e+01
1.003462e+04	-6.078893e+01
1.009258e+04	-6.285388e+01
1.015087e+04	-6.539351e+01
1.020950e+04	-6.823085e+01
1.026847e+04	-7.078974e+01
1.032778e+04	-7.281030e+01
1.038743e+04	-7.603169e+01
1.044743e+04	-8.153144e+01
1.050777e+04	-8.530078e+01
1.056847e+04	-9.385828e+01
1.062951e+04	-9.321101e+01
1.069091e+04	-9.633746e+01
1.075266e+04	-9.772185e+01
1.081476e+04	-1.032179e+02
1.087723e+04	-9.992345e+01
1.094006e+04	-9.743226e+01
1.100324e+04	-9.807160e+01
1.106680e+04	-9.798971e+01
1.113072e+04	-9.050209e+01
1.119501e+04	-9.051766e+01
1.125967e+04	-8.967951e+01
1.132471e+04	-9.097934e+01
1.139012e+04	-8.727382e+01
1.145591e+04	-8.572307e+01
1.152208e+04	-8.568895e+01
1.158863e+04	-8.270825e+01
1.165556e+04	-8.414178e+01
1.172289e+04	-8.398800e+01
1.179060e+04	-7.955950e+01
1.185870e+04	-8.188861e+01
1.192719e+04	-8.083201e+01
1.199608e+04	-7.846841e+01
1.206537e+04	-7.928734e+01
1.213506e+04	-7.785720e+01
1.220515e+04	-7.755640e+01
1.227565e+04	-7.675309e+01
1.234655e+04	-7.584703e+01
1.241787e+04	-7.534148e+01
1.248959e+04	-7.551847e+01
1.256173e+04	-7.393363e+01
1.263429e+04	-7.398493e+01
1.270726e+04	-7.399330e+01
1.278066e+04	-7.429692e+01
1.285448e+04	-7.258719e+01
1.292873e+04	-7.316762e+01
1.300340e+04	-7.278212e+01
1.307851e+04	-7.174689e+01
1.315405e+04	-7.201015e+01
1.323003e+04	-7.084413e+01
1.330644e+04	-7.087645e+01
1.338330e+04	-7.039983e+01
1.346060e+04	-6.980639e+01
1.353835e+04	-7.034030e+01
1.361655e+04	-6.964671e+01
1.369520e+04	-6.917795e+01
1.377430e+04	-6.933513e+01
1.385386e+04	-6.866692e+01
1.393388e+04	-6.847059e+01
1.401436e+04	-6.832271e+01
1.409531e+04	-6.763747e+01
1.417672e+04	-6.789084e+01
1.425861e+04	-6.768512e+01
1.434096e+04	-6.760875e+01
1.442379e+04	-6.733759e+01
1.450711e+04	-6.693116e+01
1.459090e+04	-6.662828e+01
1.467518e+04	-6.609476e+01
1.475994e+04	-6.612805e+01
1.484519e+04	-6.619963e+01
1.493094e+04	-6.573195e+01
1.501718e+04	-6.594824e+01
1.510392e+04	-6.538167e+01
1.519116e+04	-6.558383e+01
1.527890e+04	-6.532084e+01
1.536715e+04	-6.480244e+01
1.545591e+04	-6.496370e+01
1.554518e+04	-6.447748e+01
1.563497e+04	-6.442140e+01
1.572528e+04	-6.425235e+01
1.581611e+04	-6.391495e+01
1.590746e+04	-6.422532e+01
1.599934e+04	-6.402108e+01
1.609175e+04	-6.354075e+01
1.618470e+04	-6.343792e+01
1.627818e+04	-6.327447e+01
1.637220e+04	-6.308342e+01
1.646677e+04	-6.334389e+01
1.656188e+04	-6.264251e+01
1.665754e+04	-6.271358e+01
1.675375e+04	-6.257284e+01
1.685052e+04	-6.240443e+01
1.694785e+04	-6.199748e+01
1.704574e+04	-6.213265e+01
1.714419e+04	-6.186350e+01
1.724322e+04	-6.189869e+01
1.734281e+04	-6.171069e+01
1.744299e+04	-6.147643e+01
1.754374e+04	-6.145498e+01
1.764507e+04	-6.130556e+01
1.774698e+04	-6.119150e+01
1.784949e+04	-6.104007e+01
1.795259e+04	-6.113810e+01
1.805628e+04	-6.094052e+01
1.816057e+04	-6.059452e+01
1.826547e+04	-6.068304e+01
1.837097e+04	-6.063866e+01
1.847708e+04	-6.039543e+01
1.858380e+04	-6.050055e+01
1.869114e+04	-6.010156e+01
1.879910e+04	-6.005405e+01
1.890768e+04	-5.998600e+01
1.901689e+04	-5.970892e+01
1.912673e+04	-5.972816e+01
1.923721e+04	-5.959918e+01
1.934832e+04	-5.959782e+01
1.946008e+04	-5.943663e+01
1.957248e+04	-5.920175e+01
1.968553e+04	-5.914173e+01
1.979923e+04	-5.912387e+01
1.991359e+04	-5.893885e+01
2.002861e+04	-5.884223e+01
2.014430e+04	-5.877975e+01
2.026065e+04	-5.865680e+01
2.037767e+04	-5.870384e+01
2.049537e+04	-5.847433e+01
2.061375e+04	-5.827936e+01
2.073282e+04	-5.826944e+01
2.085257e+04	-5.829682e+01
2.097301e+04	-5.820470e+01
2.109415e+04	-5.799120e+01
2.121599e+04	-5.788237e+01
2.133853e+04	-5.790694e+01
2.146178e+04	-5.786544e+01
2.158575e+04	-5.758949e+01
2.171043e+04	-5.744584e+01
2.183582e+04	-5.742947e+01
2.196195e+04	-5.748476e+01
2.208880e+04	-5.732799e+01
2.221638e+04	-5.728535e+01
2.234470e+04	-5.723731e+01
2.247377e+04	-5.700685e+01
2.260357e+04	-5.691133e+01
2.273413e+04	-5.691457e+01
2.286544e+04	-5.687403e+01
2.299751e+04	-5.664141e+01
2.313034e+04	-5.663784e+01
2.326394e+04	-5.648513e+01
2.339832e+04	-5.639510e+01
2.353346e+04	-5.635276e+01
2.366939e+04	-5.629670e+01
2.380610e+04	-5.615882e+01
2.394361e+04	-5.615225e+01
2.408191e+04	-5.594122e+01
2.422100e+04	-5.590949e+01
2.436090e+04	-5.582770e+01
2.450161e+04	-5.582553e+01
2.464313e+04	-5.572460e+01
2.478547e+04	-5.564789e+01
2.492863e+04	-5.558128e+01
2.507261e+04	-5.549654e+01
2.521743e+04	-5.552041e+01
2.536309e+04	-5.529770e+01
2.550958e+04	-5.531191e+01
2.565692e+04	-5.512784e+01
2.580512e+04	-5.512270e+01
2.595417e+04	-5.501293e+01
2.610408e+04	-5.487325e+01
2.625485e+04	-5.485997e+01
2.640650e+04	-5.473840e+01
2.655902e+04	-5.475454e+01
2.671243e+04	-5.464715e+01
2.686672e+04	-5.455179e+01
2.702190e+04	-5.449317e+01
2.717798e+04	-5.442711e+01
2.733495e+04	-5.441254e+01
2.749284e+04	-5.436208e+01
2.765164e+04	-5.421220e+01
2.781135e+04	-5.408746e+01
2.797199e+04	-5.412449e+01
2.813355e+04	-5.399923e+01
2.829605e+04	-5.395372e+01
2.845949e+04	-5.396302e+01
2.862387e+04	-5.383871e+01
2.878920e+04	-5.371639e+01
2.895549e+04	-5.364603e+01
2.912273e+04	-5.362672e+01
2.929094e+04	-5.348145e+01
2.946013e+04	-5.344940e+01
2.963029e+04	-5.333588e+01
2.980143e+04	-5.330354e+01
2.997356e+04	-5.323064e+01
3.014669e+04	-5.314515e+01
3.032081e+04	-5.308825e+01
3.049595e+04	-5.312916e+01
3.067209e+04	-5.287240e+01
3.084925e+04	-5.295810e+01
3.102743e+04	-5.287043e+01
3.120665e+04	-5.275230e+01
3.138690e+04	-5.273860e+01
3.156819e+04	-5.263803e+01
3.175052e+04	-5.257097e+01
3.193391e+04	-5.242020e+01
3.211836e+04	-5.247453e+01
3.230388e+04	-5.236484e+01
3.249046e+04	-5.230862e+01
3.267812e+04	-5.226460e+01
3.286687e+04	-5.215282e+01
3.305671e+04	-5.212820e+01
3.324764e+04	-5.210554e+01
3.343968e+04	-5.200129e+01
3.363283e+04	-5.190135e+01
3.382709e+04	-5.184989e+01
3.402247e+04	-5.186050e+01
3.421899e+04	-5.178754e+01
3.441663e+04	-5.164713e+01
3.461542e+04	-5.159822e+01
3.481536e+04	-5.154130e+01
3.501645e+04	-5.151814e+01
3.521871e+04	-5.146031e+01
3.542213e+04	-5.139668e+01
3.562672e+04	-5.130098e+01
3.583250e+04	-5.117923e+01
3.603947e+04	-5.118789e+01
3.624763e+04	-5.118193e+01
3.645700e+04	-5.104620e+01
3.666757e+04	-5.098193e+01
3.687936e+04	-5.089092e+01
3.709238e+04	-5.088989e+01
3.730662e+04	-5.083513e+01
3.752210e+04	-5.074049e+01
3.773883e+04	-5.067773e+01
3.795680e+04	-5.060707e+01
3.817604e+04	-5.056211e+01
3.839654e+04	-5.053511e+01
3.861832e+04	-5.043880e+01
3.884138e+04	-5.037760e+01
3.906573e+04	-5.035117e+01
3.929137e+04	-5.025723e+01
3.951831e+04	-5.018475e+01
3.974657e+04	-5.014179e+01
3.997614e+04	-5.004642e+01
4.020704e+04	-5.001169e+01
4.043928e+04	-4.996085e+01
4.067285e+04	-4.991084e+01
4.090778e+04	-4.984701e+01
4.114406e+04	-4.985635e+01
4.138171e+04	-4.971892e+01
4.162073e+04	-4.962984e+01
4.186113e+04	-4.963991e+01
4.210291e+04	-4.956327e+01
4.234610e+04	-4.951922e+01
4.259069e+04	-4.943393e+01
4.283669e+04	-4.936975e+01
4.308411e+04	-4.930852e+01
4.333297e+04	-4.926629e+01
4.358325e+04	-4.922306e+01
4.383499e+04	-4.912087e+01
4.408818e+04	-4.902955e+01
4.434283e+04	-4.902831e+01
4.459895e+04	-4.899522e+01
4.485655e+04	-4.894607e+01
4.511564e+04	-4.889732e+01
4.537623e+04	-4.882177e+01
4.563832e+04	-4.877603e+01
4.590193e+04	-4.867926e+01
4.616705e+04	-4.861469e+01
4.643371e+04	-4.854031e+01
4.670191e+04	-4.847118e+01
4.697166e+04	-4.845753e+01
4.724297e+04	-4.840376e+01
4.751584e+04	-4.829735e+01
4.779029e+04	-4.827059e+01
4.806633e+04	-4.824232e+01
4.834395e+04	-4.815245e+01
4.862319e+04	-4.815194e+01
4.890403e+04	-4.808837e+01
4.918650e+04	-4.799760e+01
4.947060e+04	-4.792946e+01
4.975634e+04	-4.792315e+01
5.004373e+04	-4.786196e+01
5.033278e+04	-4.779506e+01
5.062350e+04	-4.767969e+01
5.091590e+04	-4.766180e+01
5.120999e+04	-4.765094e+01
5.150578e+04	-4.753983e+01
5.180327e+04	-4.748851e+01
5.210248e+04	-4.747508e+01
5.240343e+04	-4.739168e+01
5.270611e+04	-4.731752e+01
5.301053e+04	-4.731793e+01
5.331672e+04	-4.722426e+01
5.362468e+04	-4.717423e+01
5.393441e+04	-4.711061e+01
5.424593e+04	-4.710840e+01
5.455926e+04	-4.704579e+01
5.487439e+04	-4.696763e+01
5.519134e+04	-4.687857e+01
5.551012e+04	-4.684448e+01
5.583075e+04	-4.680083e+01
5.615322e+04	-4.677802e+01
5.647756e+04	-4.667527e+01
5.680377e+04	-4.664525e+01
5.713187e+04	-4.654025e+01
5.746186e+04	-4.650498e+01
5.779376e+04	-4.647979e+01
5.812757e+04	-4.640544e+01
5.846332e+04	-4.633952e+01
5.880100e+04	-4.632364e+01
5.914063e+04	-4.625174e+01
5.948222e+04	-4.617579e+01
5.982579e+04	-4.614937e+01
6.017134e+04	-4.610480e+01
6.051889e+04	-4.600676e+01
6.086844e+04	-4.595757e+01
6.122002e+04	-4.593958e+01
6.157362e+04	-4.589049e+01
6.192927e+04	-4.583142e+01
6.228697e+04	-4.577359e+01
6.264674e+04	-4.569679e+01
6.300858e+04	-4.565884e+01
6.337252e+04	-4.562214e+01
6.373855e+04	-4.553408e+01
6.410670e+04	-4.551630e+01
6.447698e+04	-4.542601e+01
6.484940e+04	-4.541618e+01
6.522397e+04	-4.535836e+01
6.560070e+04	-4.528539e+01
6.597960e+04	-4.525272e+01
6.636070e+04	-4.516329e+01
6.674400e+04	-4.513771e+01
6.712951e+04	-4.510488e+01
6.751724e+04	-4.502761e+01
6.790722e+04	-4.496516e+01
6.829945e+04	-4.493893e+01
6.869395e+04	-4.488552e+01
6.909072e+04	-4.479696e+01
6.948978e+04	-4.476556e+01
6.989115e+04	-4.469793e+01
7.029484e+04	-4.465692e+01
7.070086e+04	-4.461003e+01
7.110923e+04	-4.454948e+01
7.151995e+04	-4.449032e+01
7.193305e+04	-4.445068e+01
7.234853e+04	-4.439807e+01
7.276641e+04	-4.434031e+01
7.318671e+04	-4.427138e+01
7.360943e+04	-4.420673e+01
7.403460e+04	-4.418904e+01
7.446222e+04	-4.410674e+01
7.489231e+04	-4.408164e+01
7.532488e+04	-4.398405e+01
7.575996e+04	-4.396073e+01
7.619754e+04	-4.391745e+01
7.663766e+04	-4.385789e+01
7.708031e+04	-4.379314e+01
7.752553e+04	-4.378935e+01
7.797331e+04	-4.371644e+01
7.842368e+04	-4.363183e+01
7.887665e+04	-4.360892e+01
7.933224e+04	-4.354992e+01
7.979046e+04	-4.348350e+01
8.025133e+04	-4.341823e+01
8.071486e+04	-4.341172e+01
8.118106e+04	-4.332466e+01
8.164996e+04	-4.327278e+01
8.212157e+04	-4.324193e+01
8.259590e+04	-4.319433e+01
8.307297e+04	-4.313823e+01
8.355279e+04	-4.306280e+01
8.403539e+04	-4.303700e+01
8.452078e+04	-4.296864e+01
8.500897e+04	-4.291993e+01
8.549997e+04	-4.286267e+01
8.599382e+04	-4.283387e+01
8.649052e+04	-4.278049e+01
8.699008e+04	-4.271253e+01
8.749253e+04	-4.265816e+01
8.799789e+04	-4.260971e+01
8.850616e+04	-4.255662e+01
8.901737e+04	-4.251128e+01
8.953153e+04	-4.245818e+01
9.004866e+04	-4.240509e+01
9.056877e+04	-4.237362e+01
9.109190e+04	-4.229478e+01
9.161804e+04	-4.226797e+01
9.214722e+04	-4.219896e+01
9.267946e+04	-4.213417e+01
9.321477e+04	-4.209786e+01
9.375318e+04	-4.204754e+01
9.429469e+04	-4.198328e+01
9.483933e+04	-4.193535e+01
9.538712e+04	-4.189090e+01
9.593807e+04	-4.182314e+01
9.649221e+04	-4.178903e+01
9.704954e+04	-4.171875e+01
9.761010e+04	-4.169240e+01
9.817389e+04	-4.161896e+01
9.874094e+04	-4.157121e+01
9.931126e+04	-4.153728e+01
9.988488e+04	-4.148542e+01
1.004618e+05	-4.142805e+01
1.010421e+05	-4.136768e+01
1.016257e+05	-4.129662e+01
1.022127e+05	-4.126119e+01
1.028031e+05	-4.120286e+01
1.033968e+05	-4.118063e+01
1.039941e+05	-4.111415e+01
1.045947e+05	-4.107135e+01
1.051989e+05	-4.102388e+01
1.058065e+05	-4.094982e+01
1.064176e+05	-4.090363e+01
1.070323e+05	-4.086872e+01
1.076505e+05	-4.079537e+01
1.082723e+05	-4.076274e+01
1.088977e+05	-4.070340e+01
1.095266e+05	-4.066986e+01
1.101593e+05	-4.060715e+01
1.107955e+05	-4.056304e+01
1.114355e+05	-4.051473e+01
1.120791e+05	-4.044470e+01
1.127265e+05	-4.041444e+01
1.133776e+05	-4.034899e+01
1.140325e+05	-4.028291e+01
1.146911e+05	-4.023569e+01
1.153536e+05	-4.019402e+01
1.160198e+05	-4.014433e+01
1.166900e+05	-4.008812e+01
1.173640e+05	-4.004997e+01
1.180419e+05	-3.999936e+01
1.187237e+05	-3.994562e+01
1.194094e+05	-3.989481e+01
1.200991e+05	-3.983348e+01
1.207928e+05	-3.978712e+01
1.214905e+05	-3.974608e+01
1.221922e+05	-3.967997e+01
1.228980e+05	-3.964246e+01
1.236078e+05	-3.957275e+01
1.243218e+05	-3.953519e+01
1.250399e+05	-3.948198e+01
1.257621e+05	-3.942980e+01
1.264885e+05	-3.936713e+01
1.272191e+05	-3.933941e+01
1.279539e+05	-3.928293e+01
1.286930e+05	-3.923309e+01
1.294363e+05	-3.917165e+01
1.301839e+05	-3.911783e+01
1.309358e+05	-3.908921e+01
1.316921e+05	-3.902624e+01
1.324528e+05	-3.898294e+01
1.332178e+05	-3.893826e+01
1.339873e+05	-3.888253e+01
1.347612e+05	-3.883328e+01
1.355395e+05	-3.877650e+01
1.363224e+05	-3.873354e+01
1.371098e+05	-3.867544e+01
1.379018e+05	-3.863061e+01
1.386983e+05	-3.857784e+01
1.394994e+05	-3.853848e+01
1.403051e+05	-3.846522e+01
1.411155e+05	-3.841929e+01
1.419306e+05	-3.836011e+01
1.427504e+05	-3.831336e+01
1.435749e+05	-3.826375e+01
1.444042e+05	-3.820490e+01
1.452383e+05	-3.817280e+01
1.460772e+05	-3.811670e+01
1.469209e+05	-3.806877e+01
1.477695e+05	-3.802225e+01
1.486230e+05	-3.797546e+01
1.494814e+05	-3.791106e+01
1.503448e+05	-3.785340e+01
1.512132e+05	-3.783240e+01
1.520866e+05	-3.775518e+01
1.529651e+05	-3.770610e+01
1.538486e+05	-3.765917e+01
1.547372e+05	-3.761918e+01
1.556310e+05	-3.756745e+01
1.565299e+05	-3.750071e+01
1.574340e+05	-3.745779e+01
1.583433e+05	-3.741204e+01
1.592579e+05	-3.735476e+01
1.601778e+05	-3.730764e+01
1.611030e+05	-3.725399e+01
1.620335e+05	-3.720245e+01
1.629694e+05	-3.715033e+01
1.639107e+05	-3.710868e+01
1.648574e+05	-3.704747e+01
1.658097e+05	-3.699943e+01
1.667674e+05	-3.696046e+01
1.677306e+05	-3.689959e+01
1.686994e+05	-3.684429e+01
1.696738e+05	-3.679972e+01
1.706538e+05	-3.675549e+01
1.716395e+05	-3.670257e+01
1.726309e+05	-3.665429e+01
1.736280e+05	-3.660123e+01
1.746309e+05	-3.655502e+01
1.756395e+05	-3.649570e+01
1.766540e+05	-3.644321e+01
1.776744e+05	-3.639457e+01
1.787006e+05	-3.635153e+01
1.797328e+05	-3.629333e+01
1.807709e+05	-3.625478e+01
1.818150e+05	-3.619963e+01
1.828652e+05	-3.614815e+01
1.839214e+05	-3.610498e+01
1.849837e+05	-3.603928e+01
1.860522e+05	-3.600548e+01
1.871268e+05	-3.593993e+01
1.882077e+05	-3.589329e+01
1.892948e+05	-3.585113e+01
1.903881e+05	-3.579039e+01
1.914878e+05	-3.573762e+01
1.925938e+05	-3.569630e+01
1.937062e+05	-3.564604e+01
1.948251e+05	-3.559160e+01
1.959504e+05	-3.553680e+01
1.970822e+05	-3.549046e+01
1.982205e+05	-3.545106e+01
1.993654e+05	-3.539451e+01
2.005169e+05	-3.534213e+01
2.016751e+05	-3.528812e+01
2.028400e+05	-3.524863e+01
2.040116e+05	-3.518547e+01
2.051899e+05	-3.514425e+01
2.063751e+05	-3.509516e+01
2.075671e+05	-3.503645e+01
2.087660e+05	-3.499415e+01
2.099719e+05	-3.495105e+01
2.111846e+05	-3.489162e+01
2.124044e+05	-3.483520e+01
2.136313e+05	-3.479049e+01
2.148652e+05	-3.474216e+01
2.161063e+05	-3.469221e+01
2.173545e+05	-3.464237e+01
2.186099e+05	-3.458650e+01
2.198726e+05	-3.453805e+01
2.211426e+05	-3.449117e+01
2.224199e+05	-3.443513e+01
2.237046e+05	-3.439344e+01
2.249967e+05	-3.433795e+01
2.262962e+05	-3.428481e+01
2.276033e+05	-3.424304e+01
2.289179e+05	-3.418408e+01
2.302402e+05	-3.413663e+01
2.315700e+05	-3.409401e+01
2.329076e+05	-3.403665e+01
2.342528e+05	-3.399315e+01
2.356059e+05	-3.393504e+01
2.369667e+05	-3.389339e+01
2.383354e+05	-3.383694e+01
2.397120e+05	-3.378734e+01
2.410966e+05	-3.372909e+01
2.424892e+05	-3.368436e+01
2.438898e+05	-3.364006e+01
2.452985e+05	-3.358505e+01
2.467153e+05	-3.353512e+01
2.481403e+05	-3.348899e+01
2.495736e+05	-3.343639e+01
2.510151e+05	-3.338111e+01
2.524650e+05	-3.333966e+01
2.539232e+05	-3.328039e+01
2.553898e+05	-3.323641e+01
2.568650e+05	-3.317642e+01
2.583486e+05	-3.313205e+01
2.598408e+05	-3.308631e+01
2.613416e+05	-3.303396e+01
2.628511e+05	-3.298660e+01
2.643694e+05	-3.293233e+01
2.658963e+05	-3.288308e+01
2.674321e+05	-3.283580e+01
2.689768e+05	-3.278069e+01
2.705304e+05	-3.273089e+01
2.720930e+05	-3.267986e+01
2.736646e+05	-3.263604e+01
2.752453e+05	-3.258503e+01
2.768351e+05	-3.253227e+01
2.784341e+05	-3.247986e+01
2.800423e+05	-3.243523e+01
2.816598e+05	-3.238160e+01
2.832867e+05	-3.233523e+01
2.849229e+05	-3.228325e+01
2.865686e+05	-3.223493e+01
2.882238e+05	-3.219127e+01
2.898886e+05	-3.213888e+01
2.915630e+05	-3.208315e+01
2.932470e+05	-3.203868e+01
2.949408e+05	-3.198676e+01
2.966444e+05	-3.193793e+01
2.983578e+05	-3.188546e+01
3.000811e+05	-3.183721e+01
3.018143e+05	-3.178178e+01
3.035576e+05	-3.172829e+01
3.053109e+05	-3.168086e+01
3.070744e+05	-3.163351e+01
3.088481e+05	-3.158329e+01
3.106320e+05	-3.153873e+01
3.124261e+05	-3.147933e+01
3.142307e+05	-3.143253e+01
3.160457e+05	-3.138529e+01
3.178712e+05	-3.134181e+01
3.197072e+05	-3.128457e+01
3.215538e+05	-3.123663e+01
3.234111e+05	-3.118349e+01
3.252791e+05	-3.113370e+01
3.271579e+05	-3.108486e+01
3.290475e+05	-3.103473e+01
3.309481e+05	-3.098026e+01
3.328596e+05	-3.093495e+01
3.347822e+05	-3.088566e+01
3.367159e+05	-3.084048e+01
3.386608e+05	-3.078414e+01
3.406169e+05	-3.073575e+01
3.425842e+05	-3.068482e+01
3.445630e+05	-3.063723e+01
3.465532e+05	-3.058706e+01
3.485549e+05	-3.053107e+01
3.505681e+05	-3.048208e+01
3.525930e+05	-3.043790e+01
3.546295e+05	-3.038415e+01
3.566778e+05	-3.033323e+01
3.587380e+05	-3.028974e+01
3.608101e+05	-3.023628e+01
3.628941e+05	-3.018876e+01
3.649901e+05	-3.013498e+01
3.670983e+05	-3.009369e+01
3.692187e+05	-3.003828e+01
3.713513e+05	-2.999476e+01
3.734962e+05	-2.993677e+01
3.756535e+05	-2.989040e+01
3.778232e+05	-2.983341e+01
3.800055e+05	-2.978681e+01
3.822004e+05	-2.974074e+01
3.844080e+05	-2.968766e+01
3.866283e+05	-2.963405e+01
3.888615e+05	-2.958739e+01
3.911075e+05	-2.954081e+01
3.933665e+05	-2.948794e+01
3.956386e+05	-2.944415e+01
3.979238e+05	-2.938587e+01
4.002222e+05	-2.933935e+01
4.025338e+05	-2.928867e+01
4.048589e+05	-2.924066e+01
4.071973e+05	-2.919324e+01
4.095493e+05	-2.914322e+01
4.119148e+05	-2.909090e+01
4.142940e+05	-2.903996e+01
4.166870e+05	-2.899410e+01
4.190937e+05	-2.893920e+01
4.215144e+05	-2.888588e+01
4.239490e+05	-2.884198e+01
4.263978e+05	-2.879006e+01
4.288606e+05	-2.874020e+01
4.313377e+05	-2.869197e+01
4.338291e+05	-2.864227e+01
4.363349e+05	-2.859400e+01
4.388551e+05	-2.854540e+01
4.413899e+05	-2.849313e+01
4.439394e+05	-2.844763e+01
4.465035e+05	-2.839741e+01
4.490825e+05	-2.834561e+01
4.516764e+05	-2.829648e+01
4.542853e+05	-2.824129e+01
4.569092e+05	-2.819494e+01
4.595483e+05	-2.814407e+01
4.622026e+05	-2.809344e+01
4.648723e+05	-2.804364e+01
4.675574e+05	-2.799558e+01
4.702580e+05	-2.794866e+01
4.729742e+05	-2.789315e+01
4.757060e+05	-2.784588e+01
4.784537e+05	-2.779955e+01
4.812172e+05	-2.774524e+01
4.839967e+05	-2.769392e+01
4.867923e+05	-2.764923e+01
4.896040e+05	-2.759610e+01
4.924319e+05	-2.754776e+01
4.952762e+05	-2.749798e+01
4.981369e+05	-2.745075e+01
5.010141e+05	-2.740166e+01
5.039079e+05	-2.735087e+01
5.068185e+05	-2.730112e+01
5.097458e+05	-2.724909e+01
5.126901e+05	-2.720679e+01
5.156514e+05	-2.714732e+01
5.186298e+05	-2.709869e+01
5.216253e+05	-2.705274e+01
5.246382e+05	-2.700262e+01
5.276685e+05	-2.695394e+01
5.307163e+05	-2.690536e+01
5.337817e+05	-2.685217e+01
5.368648e+05	-2.680461e+01
5.399657e+05	-2.675344e+01
5.430845e+05	-2.670243e+01
5.462214e+05	-2.665633e+01
5.493763e+05	-2.660481e+01
5.525495e+05	-2.655669e+01
5.557410e+05	-2.650401e+01
5.589509e+05	-2.645787e+01
5.621794e+05	-2.640564e+01
5.654265e+05	-2.635822e+01
5.686924e+05	-2.630816e+01
5.719772e+05	-2.626192e+01
5.752809e+05	-2.621050e+01
5.786037e+05	-2.616267e+01
5.819457e+05	-2.611103e+01
5.853070e+05	-2.606151e+01
5.886877e+05	-2.600959e+01
5.920879e+05	-2.596452e+01
5.955078e+05	-2.591668e+01
5.989474e+05	-2.586238e+01
6.024069e+05	-2.581506e+01
6.058864e+05	-2.576640e+01
6.093860e+05	-2.571512e+01
6.129058e+05	-2.566487e+01
6.164459e+05	-2.561486e+01
6.200064e+05	-2.556875e+01
6.235876e+05	-2.551913e+01
6.271894e+05	-2.546863e+01
6.308120e+05	-2.541833e+01
6.344555e+05	-2.536898e+01
6.381201e+05	-2.531686e+01
6.418059e+05	-2.527267e+01
6.455129e+05	-2.522477e+01
6.492414e+05	-2.517172e+01
6.529914e+05	-2.512363e+01
6.567630e+05	-2.507205e+01
6.605565e+05	-2.502178e+01
6.643718e+05	-2.497552e+01
6.682092e+05	-2.492970e+01
6.720688e+05	-2.487712e+01
6.759506e+05	-2.482564e+01
6.798549e+05	-2.477615e+01
6.837817e+05	-2.472658e+01
6.877312e+05	-2.467772e+01
6.917035e+05	-2.463140e+01
6.956987e+05	-2.457761e+01
6.997171e+05	-2.453142e+01
7.037586e+05	-2.448339e+01
7.078235e+05	-2.443227e+01
7.119118e+05	-2.438263e+01
7.160238e+05	-2.433513e+01
7.201595e+05	-2.428490e+01
7.243191e+05	-2.423459e+01
7.285028e+05	-2.418976e+01
7.327106e+05	-2.413622e+01
7.369427e+05	-2.408902e+01
7.411992e+05	-2.403639e+01
7.454804e+05	-2.399021e+01
7.497862e+05	-2.393971e+01
7.541170e+05	-2.389069e+01
7.584727e+05	-2.384309e+01
7.628536e+05	-2.379347e+01
7.672598e+05	-2.374370e+01
7.716915e+05	-2.369248e+01
7.761488e+05	-2.364400e+01
7.806318e+05	-2.360027e+01
7.851407e+05	-2.354808e+01
7.896756e+05	-2.349811e+01
7.942367e+05	-2.344860e+01
7.988242e+05	-2.339969e+01
8.034382e+05	-2.335145e+01
8.080788e+05	-2.330226e+01
8.127463e+05	-2.325220e+01
8.174406e+05	-2.320447e+01
8.221621e+05	-2.315553e+01
8.269109e+05	-2.310555e+01
8.316871e+05	-2.305697e+01
8.364909e+05	-2.300636e+01
8.413225e+05	-2.295909e+01
8.461819e+05	-2.290922e+01
8.510694e+05	-2.286248e+01
8.559852e+05	-2.281360e+01
8.609293e+05	-2.276265e+01
8.659020e+05	-2.271527e+01
8.709034e+05	-2.266598e+01
8.759337e+05	-2.261689e+01
8.809931e+05	-2.256761e+01
8.860816e+05	-2.251938e+01
8.911996e+05	-2.246997e+01
8.963471e+05	-2.241926e+01
9.015244e+05	-2.237238e+01
9.067316e+05	-2.232511e+01
9.119688e+05	-2.227481e+01
9.172363e+05	-2.222705e+01
9.225342e+05	-2.217780e+01
9.278628e+05	-2.213041e+01
9.332221e+05	-2.207982e+01
9.386123e+05	-2.203052e+01
9.440337e+05	-2.198166e+01
9.494864e+05	-2.193423e+01
9.549706e+05	-2.188558e+01
9.604865e+05	-2.183636e+01
9.660342e+05	-2.178749e+01
9.716140e+05	-2.173873e+01
9.772260e+05	-2.168943e+01
9.828704e+05	-2.164087e+01
9.885474e+05	-2.159155e+01
9.942572e+05	-2.154395e+01
1.000000e+06	-2.149542e+01
