Frequency(Hz)	Magnitude(dB)
1.000000e+01	1.303391e-02
1.005776e+01	-5.621186e-04
1.011585e+01	2.733894e-02
1.017428e+01	-1.657473e-02
1.023305e+01	-1.358356e-02
1.029215e+01	1.098584e-02
1.035160e+01	2.578378e-03
1.041139e+01	4.246826e-03
1.047153e+01	-1.830890e-02
1.053201e+01	2.115283e-03
1.059284e+01	-1.253467e-02
1.065403e+01	4.080174e-03
1.071556e+01	4.435509e-03
1.077746e+01	-4.596775e-03
1.083971e+01	-9.442126e-03
1.090232e+01	7.079297e-03
1.096529e+01	2.776465e-03
1.102862e+01	-2.733095e-02
1.109232e+01	-2.024399e-02
1.115639e+01	8.438894e-04
1.122083e+01	-3.133635e-03
1.128564e+01	4.454917e-03
1.135083e+01	7.213230e-03
1.141639e+01	2.261359e-03
1.148233e+01	-1.395942e-02
1.154865e+01	1.072747e-02
1.161536e+01	1.715351e-02
1.168245e+01	-1.034393e-02
1.174992e+01	-5.450052e-03
1.181779e+01	-7.293681e-04
1.188605e+01	-7.964307e-03
1.195470e+01	-2.695351e-03
1.202375e+01	-5.276054e-03
1.209320e+01	-1.109661e-02
1.216305e+01	1.356796e-03
1.223330e+01	2.230480e-02
1.230396e+01	1.585520e-03
1.237503e+01	5.588981e-03
1.244651e+01	-1.680229e-03
1.251840e+01	-5.908867e-03
1.259070e+01	9.069461e-03
1.266343e+01	9.442506e-03
1.273657e+01	1.825583e-02
1.281014e+01	8.226359e-03
1.288413e+01	2.537353e-02
1.295855e+01	-2.793361e-02
1.303339e+01	3.680372e-03
1.310867e+01	-4.110434e-03
1.318439e+01	-1.356813e-04
1.326054e+01	-7.006224e-03
1.333713e+01	-4.950216e-03
1.341417e+01	-7.913443e-03
1.349165e+01	4.001509e-03
1.356958e+01	-2.372207e-03
1.364795e+01	5.041922e-04
1.372678e+01	-8.821209e-03
1.380607e+01	-9.942517e-03
1.388581e+01	8.161565e-03
1.396602e+01	-4.336344e-03
1.404668e+01	9.994870e-03
1.412782e+01	9.301304e-03
1.420942e+01	-1.049305e-02
1.429149e+01	3.002542e-03
1.437404e+01	4.714854e-03
1.445706e+01	5.289204e-03
1.454057e+01	4.286222e-03
1.462455e+01	-2.020879e-02
1.470902e+01	1.329274e-02
1.479398e+01	-1.669520e-02
1.487943e+01	8.187551e-04
1.496537e+01	-9.334995e-03
1.505181e+01	-5.643333e-03
1.513875e+01	1.189439e-02
1.522619e+01	-9.264201e-03
1.531414e+01	-1.086251e-02
1.540259e+01	3.027952e-03
1.549156e+01	2.112547e-02
1.558103e+01	7.981862e-03
1.567103e+01	-4.252132e-03
1.576155e+01	-1.366570e-02
1.585258e+01	7.649125e-03
1.594415e+01	-1.285271e-02
1.603624e+01	-5.327143e-03
1.612886e+01	5.377892e-03
1.622202e+01	-3.557194e-03
1.631572e+01	-7.630911e-03
1.640996e+01	1.385038e-02
1.650474e+01	1.655977e-03
1.660008e+01	6.286902e-03
1.669596e+01	1.020451e-02
1.679239e+01	6.830177e-03
1.688938e+01	-2.830645e-03
1.698694e+01	9.571581e-03
1.708505e+01	1.165011e-02
1.718373e+01	7.887219e-03
1.728299e+01	-1.104321e-02
1.738281e+01	-1.043024e-02
1.748322e+01	-8.788372e-03
1.758420e+01	-6.699178e-03
1.768576e+01	8.621951e-03
1.778792e+01	-2.022038e-03
1.789066e+01	4.338125e-03
1.799399e+01	1.505987e-03
1.809793e+01	1.851585e-04
1.820246e+01	2.085708e-02
1.830760e+01	-9.569506e-03
1.841334e+01	1.159908e-02
1.851969e+01	1.059065e-02
1.862666e+01	1.367704e-02
1.873425e+01	-4.971301e-03
1.884246e+01	-5.633286e-03
1.895129e+01	-5.959099e-03
1.906075e+01	-5.892169e-03
1.917085e+01	1.177018e-02
1.928158e+01	4.109805e-03
1.939295e+01	-1.109769e-02
1.950496e+01	1.194324e-02
1.961762e+01	1.254858e-02
1.973093e+01	-3.254255e-03
1.984490e+01	-1.494866e-02
1.995952e+01	-5.312951e-03
2.007480e+01	-9.832407e-03
2.019076e+01	3.415956e-03
2.030738e+01	9.494834e-03
2.042467e+01	-1.464821e-02
2.054264e+01	4.433674e-03
2.066130e+01	3.722552e-03
2.078064e+01	-3.686947e-03
2.090066e+01	-8.953177e-03
2.102139e+01	9.264663e-04
2.114280e+01	-8.368675e-03
2.126492e+01	1.216112e-02
2.138775e+01	-3.441286e-03
2.151128e+01	-1.200038e-03
2.163553e+01	-2.101770e-02
2.176050e+01	-2.674369e-03
2.188619e+01	-3.071760e-03
2.201260e+01	-5.680403e-03
2.213974e+01	-1.501005e-02
2.226762e+01	-5.640059e-03
2.239624e+01	8.027815e-03
2.252560e+01	-4.334140e-03
2.265571e+01	1.213611e-02
2.278656e+01	-5.995323e-03
2.291818e+01	1.077328e-03
2.305055e+01	-1.985599e-02
2.318369e+01	-2.444936e-03
2.331760e+01	-6.152209e-03
2.345228e+01	8.410468e-03
2.358774e+01	1.542597e-03
2.372398e+01	1.800183e-02
2.386101e+01	-4.898874e-03
2.399883e+01	9.776612e-03
2.413745e+01	-1.226062e-02
2.427686e+01	-1.104015e-03
2.441709e+01	1.306749e-03
2.455812e+01	-1.993178e-04
2.469997e+01	-1.422704e-03
2.484263e+01	5.000296e-03
2.498612e+01	-9.646527e-03
2.513044e+01	1.174089e-02
2.527559e+01	1.291665e-02
2.542158e+01	-1.581235e-02
2.556842e+01	-2.724863e-04
2.571610e+01	1.372289e-04
2.586463e+01	-1.251261e-02
2.601403e+01	2.995347e-03
2.616428e+01	1.183798e-03
2.631541e+01	7.706464e-03
2.646740e+01	-2.465772e-02
2.662028e+01	3.933794e-03
2.677404e+01	9.466911e-03
2.692868e+01	-4.271024e-03
2.708422e+01	-8.171736e-03
2.724066e+01	-7.379596e-03
2.739800e+01	7.965163e-03
2.755625e+01	1.046553e-02
2.771541e+01	2.275741e-02
2.787550e+01	-2.362681e-03
2.803650e+01	-7.712943e-03
2.819844e+01	7.222911e-03
2.836131e+01	5.000144e-03
2.852513e+01	1.445342e-02
2.868989e+01	-1.045399e-02
2.885560e+01	5.172129e-03
2.902227e+01	-9.941137e-03
2.918990e+01	1.683585e-03
2.935850e+01	1.556225e-02
2.952807e+01	1.866918e-03
2.969863e+01	-6.948382e-03
2.987016e+01	9.631895e-03
3.004269e+01	-1.986975e-03
3.021622e+01	-1.327883e-02
3.039075e+01	-2.356050e-03
3.056628e+01	2.572182e-03
3.074283e+01	-4.783635e-03
3.092040e+01	-1.253954e-02
3.109900e+01	-1.808418e-02
3.127862e+01	-1.585851e-02
3.145929e+01	8.092464e-03
3.164099e+01	-3.486905e-03
3.182375e+01	1.318822e-02
3.200756e+01	-1.258339e-02
3.219244e+01	-6.038106e-03
3.237838e+01	-1.681458e-03
3.256540e+01	6.599844e-03
3.275349e+01	-3.852192e-03
3.294268e+01	-8.041581e-03
3.313295e+01	-9.412718e-03
3.332433e+01	-9.303287e-03
3.351681e+01	-1.946574e-03
3.371040e+01	-1.923999e-02
3.390511e+01	-3.990419e-03
3.410094e+01	-6.471554e-03
3.429791e+01	-1.474378e-02
3.449601e+01	3.935849e-03
3.469526e+01	6.385569e-03
3.489566e+01	4.607008e-05
3.509721e+01	-1.524503e-02
3.529993e+01	2.403440e-03
3.550382e+01	2.068829e-04
3.570889e+01	-2.023579e-03
3.591515e+01	-2.064638e-02
3.612259e+01	2.037690e-03
3.633123e+01	1.723403e-02
3.654108e+01	-1.798039e-02
3.675214e+01	6.616701e-03
3.696442e+01	6.851476e-03
3.717792e+01	4.929983e-03
3.739266e+01	6.476682e-03
3.760864e+01	9.913635e-04
3.782587e+01	-1.604091e-03
3.804435e+01	2.031157e-02
3.826409e+01	-1.606632e-02
3.848510e+01	-1.694901e-02
3.870739e+01	5.266028e-03
3.893096e+01	1.476221e-03
3.915583e+01	1.194586e-03
3.938199e+01	9.590503e-03
3.960946e+01	7.895453e-03
3.983824e+01	-1.304717e-02
4.006834e+01	-1.268597e-02
4.029978e+01	-5.304655e-03
4.053255e+01	2.439063e-03
4.076666e+01	-7.491813e-03
4.100213e+01	-7.019257e-03
4.123896e+01	-6.545275e-03
4.147715e+01	9.979696e-04
4.171672e+01	9.536855e-04
4.195767e+01	-2.263540e-03
4.220002e+01	7.976078e-03
4.244377e+01	-1.634798e-02
4.268892e+01	-7.164973e-04
4.293549e+01	-1.073823e-02
4.318348e+01	-5.816512e-03
4.343291e+01	-4.644349e-03
4.368377e+01	4.520544e-03
4.393609e+01	-3.585139e-03
4.418986e+01	9.530093e-03
4.444510e+01	-9.426858e-03
4.470182e+01	-1.489794e-02
4.496001e+01	-1.949057e-03
4.521970e+01	1.002246e-02
4.548089e+01	5.296778e-03
4.574358e+01	1.224537e-02
4.600779e+01	1.578414e-02
4.627353e+01	-7.094461e-03
4.654081e+01	4.563409e-04
4.680963e+01	-1.097634e-03
4.708000e+01	-1.305777e-02
4.735193e+01	7.479237e-03
4.762543e+01	6.773851e-03
4.790051e+01	-1.558916e-02
4.817719e+01	2.070284e-02
4.845545e+01	1.383048e-03
4.873533e+01	-1.727927e-02
4.901682e+01	1.846637e-03
4.929994e+01	8.774401e-03
4.958470e+01	-3.312283e-03
4.987110e+01	-7.146641e-03
5.015915e+01	-4.350424e-04
5.044887e+01	-1.090960e-02
5.074026e+01	1.164076e-03
5.103333e+01	1.625478e-02
5.132810e+01	2.279142e-02
5.162457e+01	7.860264e-03
5.192275e+01	-7.066134e-03
5.222265e+01	-1.645737e-02
5.252429e+01	-2.881493e-03
5.282767e+01	2.784884e-03
5.313280e+01	-3.589797e-03
5.343969e+01	-4.526126e-03
5.374836e+01	1.159435e-03
5.405880e+01	-1.806270e-02
5.437105e+01	3.150074e-03
5.468509e+01	-4.456841e-03
5.500095e+01	2.149068e-02
5.531863e+01	-3.470344e-03
5.563815e+01	1.419403e-02
5.595951e+01	5.965463e-03
5.628273e+01	7.784253e-03
5.660782e+01	-1.277725e-02
5.693479e+01	1.723494e-02
5.726364e+01	-1.236777e-03
5.759439e+01	1.166105e-02
5.792705e+01	-6.053219e-04
5.826164e+01	-1.064028e-02
5.859815e+01	9.348745e-03
5.893662e+01	3.707612e-03
5.927703e+01	-6.652022e-03
5.961941e+01	-4.109538e-03
5.996377e+01	-2.296356e-02
6.031012e+01	3.540340e-03
6.065847e+01	-5.622735e-03
6.100883e+01	2.868402e-03
6.136121e+01	3.078801e-03
6.171563e+01	2.215303e-03
6.207210e+01	-9.290648e-04
6.243063e+01	-1.227386e-03
6.279122e+01	1.647898e-02
6.315390e+01	1.543912e-02
6.351868e+01	2.173771e-03
6.388556e+01	5.339542e-03
6.425456e+01	-1.092847e-02
6.462569e+01	6.654274e-03
6.499897e+01	-1.446263e-03
6.537440e+01	1.155711e-02
6.575200e+01	3.513343e-02
6.613178e+01	-2.503793e-03
6.651375e+01	4.723579e-03
6.689793e+01	3.963263e-03
6.728433e+01	4.785728e-03
6.767297e+01	-1.559238e-02
6.806384e+01	-5.853849e-03
6.845698e+01	5.687612e-03
6.885238e+01	6.881560e-03
6.925007e+01	-1.369910e-02
6.965005e+01	2.817057e-03
7.005235e+01	-6.632168e-03
7.045697e+01	-9.128459e-03
7.086393e+01	9.245162e-03
7.127323e+01	6.283017e-03
7.168490e+01	4.357452e-03
7.209895e+01	9.128119e-03
7.251539e+01	3.561185e-04
7.293424e+01	-3.009619e-03
7.335551e+01	6.580724e-03
7.377920e+01	-2.156202e-02
7.420535e+01	2.831424e-03
7.463396e+01	-2.652394e-03
7.506504e+01	-4.166016e-03
7.549861e+01	2.676157e-03
7.593469e+01	-9.687463e-03
7.637328e+01	6.177646e-03
7.681441e+01	6.748780e-03
7.725809e+01	-1.160735e-02
7.770433e+01	2.062293e-03
7.815315e+01	-1.637006e-02
7.860456e+01	6.186732e-03
7.905857e+01	8.517363e-03
7.951521e+01	-1.019724e-02
7.997449e+01	-1.084987e-02
8.043642e+01	-1.464353e-02
8.090102e+01	5.256461e-03
8.136830e+01	-2.028555e-03
8.183828e+01	-1.032237e-02
8.231097e+01	5.879498e-03
8.278640e+01	3.076941e-03
8.326457e+01	-1.531109e-03
8.374550e+01	5.954437e-03
8.422921e+01	-1.879467e-02
8.471572e+01	4.016128e-03
8.520503e+01	-1.015151e-02
8.569717e+01	-2.693330e-03
8.619215e+01	-4.071206e-03
8.669000e+01	3.158310e-03
8.719071e+01	8.474255e-03
8.769432e+01	4.910695e-03
8.820084e+01	-8.883017e-03
8.871029e+01	-5.999083e-04
8.922267e+01	-9.792229e-03
8.973802e+01	-4.544771e-04
9.025634e+01	-4.138026e-04
9.077766e+01	-5.403750e-03
9.130199e+01	1.612281e-02
9.182935e+01	7.640905e-03
9.235975e+01	-1.874112e-02
9.289321e+01	-9.514639e-03
9.342976e+01	7.088687e-03
9.396941e+01	-2.566964e-03
9.451217e+01	-1.162384e-03
9.505807e+01	1.100002e-02
9.560712e+01	-2.172620e-04
9.615934e+01	-1.092763e-02
9.671476e+01	-7.516597e-03
9.727338e+01	-7.620155e-03
9.783522e+01	-2.499332e-02
9.840032e+01	-2.535660e-02
9.896867e+01	-2.592890e-02
9.954031e+01	1.545359e-02
1.001153e+02	-6.771799e-03
1.006935e+02	9.637610e-03
1.012751e+02	-2.737272e-03
1.018601e+02	7.612206e-03
1.024484e+02	3.132858e-03
1.030402e+02	6.104540e-04
1.036353e+02	9.117341e-03
1.042339e+02	-1.077147e-02
1.048360e+02	6.868254e-03
1.054415e+02	-4.593733e-03
1.060505e+02	-4.486434e-04
1.066631e+02	-7.882114e-03
1.072791e+02	3.004978e-03
1.078988e+02	-1.571474e-03
1.085220e+02	1.236693e-03
1.091488e+02	1.657800e-02
1.097793e+02	-3.211731e-04
1.104133e+02	-1.459312e-02
1.110511e+02	-2.043122e-02
1.116925e+02	1.158708e-02
1.123376e+02	-3.115800e-03
1.129865e+02	3.355613e-03
1.136391e+02	-1.454524e-02
1.142955e+02	-7.467876e-03
1.149556e+02	-6.562395e-03
1.156196e+02	-1.306067e-02
1.162874e+02	4.865771e-03
1.169591e+02	-2.122973e-02
1.176347e+02	-5.558452e-03
1.183141e+02	-6.150850e-03
1.189975e+02	4.968278e-03
1.196848e+02	4.724519e-03
1.203761e+02	4.935252e-03
1.210714e+02	-5.722580e-03
1.217707e+02	4.587535e-03
1.224740e+02	2.414238e-03
1.231814e+02	-1.095033e-02
1.238929e+02	3.514211e-03
1.246085e+02	-8.802236e-04
1.253283e+02	-2.469006e-02
1.260522e+02	7.619340e-03
1.267802e+02	1.842763e-02
1.275125e+02	-7.657632e-03
1.282490e+02	-2.005773e-03
1.289898e+02	-2.136569e-02
1.297348e+02	4.665214e-03
1.304842e+02	1.043092e-02
1.312378e+02	-1.287510e-02
1.319959e+02	2.073348e-02
1.327583e+02	-3.045232e-03
1.335251e+02	-1.180296e-02
1.342963e+02	5.328627e-03
1.350720e+02	1.422199e-02
1.358522e+02	-1.330170e-02
1.366368e+02	1.030875e-02
1.374260e+02	9.390130e-04
1.382198e+02	1.471945e-02
1.390182e+02	6.868162e-03
1.398211e+02	1.251414e-02
1.406287e+02	-2.106261e-02
1.414410e+02	6.613823e-05
1.422579e+02	5.637926e-03
1.430796e+02	-1.373459e-02
1.439060e+02	-6.195988e-03
1.447372e+02	-1.091921e-03
1.455732e+02	-1.571395e-02
1.464141e+02	-7.167139e-03
1.472597e+02	-3.954001e-04
1.481103e+02	-1.587069e-02
1.489658e+02	-7.589801e-03
1.498262e+02	-2.339252e-02
1.506916e+02	-7.428175e-03
1.515620e+02	-2.378858e-03
1.524374e+02	-2.002604e-03
1.533179e+02	-6.820920e-03
1.542034e+02	1.146652e-02
1.550941e+02	-2.404223e-03
1.559899e+02	-1.215189e-02
1.568909e+02	-5.275980e-03
1.577971e+02	5.806555e-03
1.587085e+02	1.199479e-03
1.596252e+02	-2.164510e-02
1.605472e+02	-1.315693e-02
1.614745e+02	7.938474e-03
1.624072e+02	-6.026422e-04
1.633453e+02	-2.969492e-02
1.642887e+02	-5.689129e-03
1.652377e+02	1.048604e-03
1.661921e+02	-8.245808e-03
1.671520e+02	-1.394117e-02
1.681175e+02	-1.057023e-02
1.690885e+02	-1.449041e-02
1.700651e+02	1.400766e-02
1.710474e+02	-7.169606e-04
1.720354e+02	-2.237290e-03
1.730291e+02	-4.973575e-03
1.740285e+02	-1.666782e-02
1.750337e+02	1.469813e-02
1.760446e+02	2.556982e-03
1.770615e+02	4.923928e-03
1.780842e+02	9.867351e-03
1.791128e+02	-1.343343e-02
1.801473e+02	-8.248732e-03
1.811878e+02	-1.158792e-02
1.822344e+02	-2.341192e-02
1.832870e+02	5.640913e-03
1.843456e+02	-7.826125e-03
1.854104e+02	1.718313e-02
1.864813e+02	9.256262e-03
1.875584e+02	-1.062389e-02
1.886418e+02	-2.063750e-02
1.897313e+02	6.003293e-04
1.908272e+02	-2.162741e-03
1.919294e+02	-7.334676e-03
1.930380e+02	-1.327305e-02
1.941530e+02	-1.684906e-02
1.952744e+02	-7.330791e-03
1.964023e+02	-1.571665e-02
1.975367e+02	3.236870e-03
1.986777e+02	-9.871047e-04
1.998252e+02	-1.608655e-02
2.009794e+02	-2.505889e-02
2.021403e+02	4.102023e-03
2.033078e+02	-2.057392e-02
2.044821e+02	-1.993172e-02
2.056632e+02	-6.533115e-03
2.068511e+02	1.639419e-03
2.080459e+02	-8.520612e-03
2.092475e+02	-1.657185e-02
2.104561e+02	-5.015743e-03
2.116717e+02	3.774931e-03
2.128943e+02	-1.640742e-02
2.141240e+02	6.160590e-04
2.153608e+02	-1.854102e-02
2.166047e+02	-1.329515e-02
2.178558e+02	-7.733787e-03
2.191141e+02	-4.442920e-03
2.203797e+02	-2.195944e-02
2.216526e+02	-2.094844e-02
2.229329e+02	-2.640832e-03
2.242205e+02	-4.990067e-03
2.255156e+02	-1.340646e-02
2.268182e+02	-2.122436e-02
2.281283e+02	3.499602e-04
2.294459e+02	-9.071664e-03
2.307712e+02	-3.091796e-02
2.321041e+02	-2.465084e-02
2.334447e+02	-9.297238e-03
2.347931e+02	-1.079034e-03
2.361493e+02	1.032585e-02
2.375133e+02	-2.530258e-03
2.388851e+02	-1.336704e-02
2.402649e+02	-1.995260e-02
2.416527e+02	-3.395065e-03
2.430484e+02	-5.402017e-03
2.444523e+02	-2.819835e-03
2.458642e+02	-1.140165e-02
2.472843e+02	-2.194099e-03
2.487126e+02	-1.000598e-02
2.501492e+02	-1.290394e-02
2.515940e+02	-4.853556e-03
2.530472e+02	-1.393584e-02
2.545088e+02	-1.047140e-02
2.559789e+02	-1.772582e-02
2.574574e+02	-2.008801e-02
2.589444e+02	-2.704250e-02
2.604401e+02	-2.346743e-02
2.619444e+02	-4.523277e-02
2.634574e+02	-5.938976e-03
2.649791e+02	-3.723427e-03
2.665096e+02	-1.579853e-02
2.680489e+02	-1.858758e-02
2.695972e+02	-2.859783e-02
2.711544e+02	-1.042417e-02
2.727205e+02	-2.229705e-02
2.742958e+02	2.018943e-03
2.758801e+02	-6.632969e-03
2.774736e+02	-2.562313e-03
2.790762e+02	-2.469702e-02
2.806882e+02	-1.866754e-02
2.823094e+02	2.725524e-03
2.839400e+02	-2.825049e-02
2.855800e+02	-1.237606e-02
2.872295e+02	-1.681291e-02
2.888886e+02	-1.083586e-02
2.905572e+02	-1.104583e-02
2.922354e+02	-1.456872e-02
2.939234e+02	-6.790134e-03
2.956211e+02	-1.297342e-02
2.973286e+02	-2.156560e-02
2.990459e+02	-1.090730e-02
3.007732e+02	-1.986626e-02
3.025104e+02	-1.563866e-02
3.042577e+02	-1.212698e-02
3.060151e+02	-2.324920e-04
3.077826e+02	-1.697046e-02
3.095604e+02	-2.828344e-02
3.113484e+02	-1.557849e-02
3.131467e+02	-2.186865e-02
3.149554e+02	-2.292342e-02
3.167746e+02	-2.766913e-02
3.186043e+02	-1.687825e-02
3.204445e+02	-2.353155e-02
3.222954e+02	-1.696056e-02
3.241570e+02	-1.295291e-02
3.260293e+02	-4.077289e-02
3.279124e+02	-1.794504e-02
3.298064e+02	-1.974424e-02
3.317114e+02	-1.898613e-02
3.336273e+02	-2.237281e-02
3.355544e+02	4.801319e-03
3.374925e+02	-3.386806e-03
3.394418e+02	-2.340180e-03
3.414024e+02	-1.495907e-02
3.433744e+02	-2.916821e-02
3.453577e+02	-1.302100e-02
3.473525e+02	-1.536622e-02
3.493588e+02	-3.923820e-04
3.513766e+02	-3.016624e-02
3.534062e+02	-1.527522e-02
3.554474e+02	-2.535474e-02
3.575005e+02	-8.320606e-03
3.595654e+02	-2.483638e-02
3.616422e+02	-1.736852e-02
3.637311e+02	-1.445225e-02
3.658320e+02	-7.743254e-03
3.679450e+02	-1.780350e-02
3.700702e+02	-2.566143e-02
3.722077e+02	-3.664510e-02
3.743576e+02	-2.752951e-02
3.765199e+02	-2.060030e-02
3.786946e+02	-3.308788e-02
3.808820e+02	-2.270695e-02
3.830819e+02	-1.768502e-02
3.852946e+02	-2.631793e-02
3.875200e+02	-1.560226e-02
3.897583e+02	-3.847120e-02
3.920096e+02	-2.345748e-02
3.942738e+02	-1.765051e-02
3.965511e+02	-3.404205e-02
3.988416e+02	-2.601410e-02
4.011452e+02	-2.546120e-02
4.034622e+02	-2.245079e-02
4.057926e+02	-3.662395e-02
4.081365e+02	-3.625112e-02
4.104938e+02	-2.680234e-02
4.128648e+02	-2.499428e-02
4.152495e+02	-3.324506e-02
4.176480e+02	-4.128122e-02
4.200603e+02	-3.702247e-02
4.224866e+02	-3.221731e-02
4.249268e+02	-2.145308e-02
4.273812e+02	-5.116048e-02
4.298497e+02	-3.281072e-02
4.323325e+02	-2.268898e-02
4.348297e+02	-3.615621e-02
4.373412e+02	-2.207428e-02
4.398673e+02	-3.150978e-02
4.424079e+02	-3.142630e-02
4.449633e+02	-1.551333e-02
4.475334e+02	-2.422045e-02
4.501183e+02	-3.125431e-02
4.527182e+02	-4.737605e-02
4.553330e+02	-2.437964e-02
4.579630e+02	-4.809381e-02
4.606082e+02	-4.896382e-02
4.632687e+02	-4.049209e-02
4.659445e+02	-2.231346e-02
4.686358e+02	-4.473756e-02
4.713426e+02	-4.993957e-02
4.740650e+02	-3.988025e-02
4.768032e+02	-5.280015e-02
4.795572e+02	-3.998629e-02
4.823271e+02	-4.246777e-02
4.851130e+02	-6.384945e-02
4.879150e+02	-4.273856e-02
4.907332e+02	-5.313067e-02
4.935676e+02	-4.428596e-02
4.964185e+02	-3.314208e-02
4.992858e+02	-2.556092e-02
5.021696e+02	-4.552449e-02
5.050701e+02	-5.566585e-02
5.079874e+02	-6.611377e-02
5.109215e+02	-3.641980e-02
5.138726e+02	-5.264263e-02
5.168407e+02	-3.226821e-02
5.198259e+02	-4.623648e-02
5.228284e+02	-3.959851e-02
5.258482e+02	-3.703182e-02
5.288855e+02	-5.678444e-02
5.319403e+02	-4.614377e-02
5.350128e+02	-3.782920e-02
5.381030e+02	-6.947901e-02
5.412111e+02	-4.401439e-02
5.443371e+02	-3.578272e-02
5.474812e+02	-5.305270e-02
5.506434e+02	-6.367508e-02
5.538239e+02	-6.015528e-02
5.570228e+02	-5.345745e-02
5.602401e+02	-4.662215e-02
5.634760e+02	-6.896375e-02
5.667306e+02	-5.575387e-02
5.700040e+02	-5.102275e-02
5.732964e+02	-5.870570e-02
5.766077e+02	-5.565382e-02
5.799382e+02	-5.152829e-02
5.832879e+02	-5.774955e-02
5.866569e+02	-4.988341e-02
5.900454e+02	-6.923802e-02
5.934535e+02	-5.030210e-02
5.968813e+02	-6.415133e-02
6.003288e+02	-4.053781e-02
6.037963e+02	-6.934744e-02
6.072838e+02	-6.721872e-02
6.107914e+02	-5.368557e-02
6.143194e+02	-7.038584e-02
6.178676e+02	-8.195294e-02
6.214364e+02	-5.960038e-02
6.250258e+02	-6.394881e-02
6.286359e+02	-7.224349e-02
6.322669e+02	-7.570669e-02
6.359189e+02	-8.396537e-02
6.395919e+02	-7.657377e-02
6.432862e+02	-6.620202e-02
6.470017e+02	-6.444900e-02
6.507388e+02	-6.906751e-02
6.544974e+02	-6.980708e-02
6.582778e+02	-8.717347e-02
6.620800e+02	-6.975931e-02
6.659041e+02	-7.909965e-02
6.697504e+02	-7.683030e-02
6.736188e+02	-7.346780e-02
6.775096e+02	-8.047946e-02
6.814229e+02	-8.808021e-02
6.853587e+02	-9.034669e-02
6.893173e+02	-7.719481e-02
6.932988e+02	-9.364727e-02
6.973033e+02	-7.239554e-02
7.013309e+02	-9.922036e-02
7.053817e+02	-7.851862e-02
7.094560e+02	-6.817621e-02
7.135538e+02	-9.948615e-02
7.176752e+02	-8.247056e-02
7.218205e+02	-9.483072e-02
7.259897e+02	-9.864682e-02
7.301830e+02	-9.671787e-02
7.344005e+02	-8.758978e-02
7.386424e+02	-8.940133e-02
7.429087e+02	-9.722582e-02
7.471998e+02	-9.680736e-02
7.515155e+02	-9.001106e-02
7.558563e+02	-9.613774e-02
7.602221e+02	-9.738427e-02
7.646131e+02	-9.376285e-02
7.690295e+02	-1.093669e-01
7.734713e+02	-9.754718e-02
7.779389e+02	-1.024602e-01
7.824322e+02	-1.083932e-01
7.869515e+02	-1.224442e-01
7.914969e+02	-1.166556e-01
7.960686e+02	-1.224596e-01
8.006666e+02	-1.246709e-01
8.052912e+02	-1.084734e-01
8.099426e+02	-1.022910e-01
8.146208e+02	-1.256776e-01
8.193260e+02	-1.236364e-01
8.240584e+02	-1.178547e-01
8.288181e+02	-1.205536e-01
8.336053e+02	-1.146706e-01
8.384202e+02	-1.252629e-01
8.432629e+02	-1.415424e-01
8.481335e+02	-1.135772e-01
8.530323e+02	-1.414652e-01
8.579594e+02	-1.294998e-01
8.629149e+02	-1.196566e-01
8.678991e+02	-1.353366e-01
8.729120e+02	-1.337239e-01
8.779539e+02	-1.224004e-01
8.830250e+02	-1.329668e-01
8.881253e+02	-1.471762e-01
8.932551e+02	-1.502950e-01
8.984145e+02	-1.279970e-01
9.036037e+02	-1.423502e-01
9.088229e+02	-1.383634e-01
9.140722e+02	-1.440295e-01
9.193518e+02	-1.416277e-01
9.246620e+02	-1.609790e-01
9.300028e+02	-1.627226e-01
9.353744e+02	-1.475991e-01
9.407771e+02	-1.502337e-01
9.462110e+02	-1.640513e-01
9.516763e+02	-1.630178e-01
9.571731e+02	-1.615911e-01
9.627017e+02	-1.843206e-01
9.682622e+02	-1.562142e-01
9.738549e+02	-1.673691e-01
9.794798e+02	-1.608448e-01
9.851373e+02	-1.716542e-01
9.908274e+02	-1.738890e-01
9.965504e+02	-1.703444e-01
1.002306e+03	-1.687551e-01
1.008096e+03	-1.650355e-01
1.013918e+03	-1.742546e-01
1.019775e+03	-1.789979e-01
1.025665e+03	-1.910433e-01
1.031589e+03	-1.869388e-01
1.037548e+03	-1.787046e-01
1.043540e+03	-1.898499e-01
1.049568e+03	-1.848321e-01
1.055630e+03	-1.922440e-01
1.061727e+03	-1.987015e-01
1.067860e+03	-1.981196e-01
1.074028e+03	-1.885847e-01
1.080231e+03	-1.982710e-01
1.086471e+03	-2.118274e-01
1.092746e+03	-2.167854e-01
1.099058e+03	-1.997358e-01
1.105406e+03	-2.178835e-01
1.111791e+03	-2.138235e-01
1.118212e+03	-2.216411e-01
1.124671e+03	-2.035865e-01
1.131167e+03	-2.107404e-01
1.137701e+03	-2.334310e-01
1.144272e+03	-2.312176e-01
1.150881e+03	-2.393598e-01
1.157529e+03	-2.222660e-01
1.164215e+03	-2.219800e-01
1.170939e+03	-2.401338e-01
1.177702e+03	-2.338829e-01
1.184505e+03	-2.477126e-01
1.191346e+03	-2.362854e-01
1.198227e+03	-2.477075e-01
1.205148e+03	-2.400466e-01
1.212109e+03	-2.666366e-01
1.219110e+03	-2.400287e-01
1.226152e+03	-2.662346e-01
1.233234e+03	-2.729530e-01
1.240357e+03	-2.797074e-01
1.247521e+03	-2.646196e-01
1.254727e+03	-2.735989e-01
1.261974e+03	-2.709994e-01
1.269263e+03	-2.667803e-01
1.276595e+03	-2.833826e-01
1.283968e+03	-2.778702e-01
1.291384e+03	-2.883216e-01
1.298843e+03	-2.936094e-01
1.306345e+03	-2.990566e-01
1.313891e+03	-3.081365e-01
1.321480e+03	-2.928836e-01
1.329113e+03	-3.030812e-01
1.336790e+03	-3.125707e-01
1.344511e+03	-3.213591e-01
1.352277e+03	-2.929768e-01
1.360087e+03	-3.155757e-01
1.367943e+03	-3.011882e-01
1.375844e+03	-3.329629e-01
1.383791e+03	-3.080823e-01
1.391784e+03	-3.283459e-01
1.399823e+03	-3.398948e-01
1.407908e+03	-3.230341e-01
1.416040e+03	-3.367524e-01
1.424219e+03	-3.477087e-01
1.432445e+03	-3.555349e-01
1.440719e+03	-3.501413e-01
1.449041e+03	-3.704541e-01
1.457410e+03	-3.550794e-01
1.465828e+03	-3.655416e-01
1.474295e+03	-3.409182e-01
1.482810e+03	-3.759546e-01
1.491375e+03	-3.722840e-01
1.499989e+03	-3.696145e-01
1.508653e+03	-3.760182e-01
1.517367e+03	-3.826518e-01
1.526131e+03	-3.934444e-01
1.534946e+03	-4.095620e-01
1.543812e+03	-4.082034e-01
1.552729e+03	-4.100613e-01
1.561697e+03	-3.951247e-01
1.570717e+03	-3.961050e-01
1.579790e+03	-4.283052e-01
1.588915e+03	-4.287141e-01
1.598092e+03	-4.357469e-01
1.607323e+03	-4.322745e-01
1.616606e+03	-4.366271e-01
1.625944e+03	-4.573786e-01
1.635335e+03	-4.589990e-01
1.644781e+03	-4.524483e-01
1.654281e+03	-4.504225e-01
1.663836e+03	-4.643031e-01
1.673446e+03	-4.833991e-01
1.683112e+03	-4.632298e-01
1.692834e+03	-4.736601e-01
1.702611e+03	-4.860097e-01
1.712446e+03	-4.877337e-01
1.722337e+03	-4.988583e-01
1.732285e+03	-4.956319e-01
1.742290e+03	-4.989304e-01
1.752354e+03	-5.199584e-01
1.762475e+03	-5.149400e-01
1.772655e+03	-5.206754e-01
1.782894e+03	-5.312156e-01
1.793192e+03	-5.435097e-01
1.803549e+03	-5.214240e-01
1.813967e+03	-5.475894e-01
1.824444e+03	-5.527027e-01
1.834982e+03	-5.542485e-01
1.845581e+03	-5.637217e-01
1.856241e+03	-5.710870e-01
1.866962e+03	-6.015884e-01
1.877746e+03	-5.820288e-01
1.888592e+03	-5.981126e-01
1.899500e+03	-5.950502e-01
1.910472e+03	-5.958108e-01
1.921506e+03	-6.133760e-01
1.932605e+03	-6.077046e-01
1.943768e+03	-6.292128e-01
1.954995e+03	-6.446512e-01
1.966287e+03	-6.161931e-01
1.977644e+03	-6.406975e-01
1.989067e+03	-6.471425e-01
2.000555e+03	-6.477942e-01
2.012110e+03	-6.378725e-01
2.023732e+03	-6.608629e-01
2.035421e+03	-6.745824e-01
2.047178e+03	-6.646050e-01
2.059002e+03	-6.941575e-01
2.070895e+03	-6.949665e-01
2.082856e+03	-7.023512e-01
2.094887e+03	-7.141868e-01
2.106987e+03	-7.125153e-01
2.119157e+03	-7.381559e-01
2.131397e+03	-7.361307e-01
2.143708e+03	-7.346764e-01
2.156090e+03	-7.543429e-01
2.168543e+03	-7.534128e-01
2.181069e+03	-7.740265e-01
2.193666e+03	-7.699744e-01
2.206337e+03	-7.898150e-01
2.219081e+03	-7.836610e-01
2.231898e+03	-7.995988e-01
2.244789e+03	-8.125365e-01
2.257755e+03	-8.095594e-01
2.270796e+03	-8.219510e-01
2.283912e+03	-8.259215e-01
2.297104e+03	-8.445720e-01
2.310372e+03	-8.492043e-01
2.323716e+03	-8.662895e-01
2.337138e+03	-8.752836e-01
2.350637e+03	-8.814124e-01
2.364214e+03	-8.974974e-01
2.377870e+03	-9.014485e-01
2.391604e+03	-9.001610e-01
2.405418e+03	-9.031874e-01
2.419312e+03	-9.270085e-01
2.433286e+03	-9.360955e-01
2.447340e+03	-9.389964e-01
2.461476e+03	-9.509184e-01
2.475693e+03	-9.516498e-01
2.489993e+03	-9.580744e-01
2.504375e+03	-9.981189e-01
2.518840e+03	-9.987877e-01
2.533389e+03	-9.937240e-01
2.548022e+03	-1.010768e+00
2.562739e+03	-1.027665e+00
2.577541e+03	-1.056576e+00
2.592429e+03	-1.074161e+00
2.607403e+03	-1.064440e+00
2.622463e+03	-1.076444e+00
2.637610e+03	-1.088947e+00
2.652845e+03	-1.086437e+00
2.668168e+03	-1.101640e+00
2.683579e+03	-1.120744e+00
2.699079e+03	-1.118935e+00
2.714669e+03	-1.150882e+00
2.730349e+03	-1.140169e+00
2.746119e+03	-1.159294e+00
2.761981e+03	-1.174469e+00
2.777934e+03	-1.173700e+00
2.793979e+03	-1.198801e+00
2.810117e+03	-1.214082e+00
2.826348e+03	-1.217623e+00
2.842673e+03	-1.213869e+00
2.859092e+03	-1.236493e+00
2.875606e+03	-1.259104e+00
2.892215e+03	-1.273378e+00
2.908921e+03	-1.286907e+00
2.925722e+03	-1.273207e+00
2.942621e+03	-1.301235e+00
2.959618e+03	-1.313000e+00
2.976712e+03	-1.332685e+00
2.993906e+03	-1.347914e+00
3.011198e+03	-1.381066e+00
3.028591e+03	-1.382789e+00
3.046084e+03	-1.401378e+00
3.063678e+03	-1.408622e+00
3.081374e+03	-1.417337e+00
3.099172e+03	-1.441789e+00
3.117072e+03	-1.425497e+00
3.135076e+03	-1.442738e+00
3.153184e+03	-1.463307e+00
3.171397e+03	-1.489523e+00
3.189715e+03	-1.491744e+00
3.208139e+03	-1.519867e+00
3.226669e+03	-1.535971e+00
3.245306e+03	-1.539054e+00
3.264051e+03	-1.570998e+00
3.282904e+03	-1.582256e+00
3.301866e+03	-1.595023e+00
3.320937e+03	-1.610220e+00
3.340119e+03	-1.619606e+00
3.359411e+03	-1.633912e+00
3.378815e+03	-1.649738e+00
3.398331e+03	-1.682928e+00
3.417959e+03	-1.696466e+00
3.437701e+03	-1.704550e+00
3.457557e+03	-1.723265e+00
3.477528e+03	-1.724434e+00
3.497614e+03	-1.747975e+00
3.517816e+03	-1.774552e+00
3.538135e+03	-1.764534e+00
3.558571e+03	-1.811057e+00
3.579125e+03	-1.818816e+00
3.599798e+03	-1.838554e+00
3.620590e+03	-1.856805e+00
3.641503e+03	-1.869040e+00
3.662536e+03	-1.897261e+00
3.683691e+03	-1.917747e+00
3.704967e+03	-1.923797e+00
3.726367e+03	-1.956805e+00
3.747890e+03	-1.954329e+00
3.769538e+03	-1.969592e+00
3.791311e+03	-2.015358e+00
3.813209e+03	-2.010998e+00
3.835234e+03	-2.035401e+00
3.857386e+03	-2.039711e+00
3.879667e+03	-2.063064e+00
3.902075e+03	-2.098936e+00
3.924614e+03	-2.107942e+00
3.947282e+03	-2.124471e+00
3.970081e+03	-2.154557e+00
3.993012e+03	-2.153672e+00
4.016076e+03	-2.186892e+00
4.039272e+03	-2.194134e+00
4.062603e+03	-2.213687e+00
4.086069e+03	-2.250611e+00
4.109670e+03	-2.255984e+00
4.133407e+03	-2.285479e+00
4.157281e+03	-2.302808e+00
4.181294e+03	-2.330352e+00
4.205445e+03	-2.356925e+00
4.229735e+03	-2.363735e+00
4.254166e+03	-2.381253e+00
4.278738e+03	-2.411144e+00
4.303451e+03	-2.427469e+00
4.328308e+03	-2.471154e+00
4.353308e+03	-2.461804e+00
4.378453e+03	-2.499527e+00
4.403742e+03	-2.521018e+00
4.429178e+03	-2.545005e+00
4.454761e+03	-2.559664e+00
4.480492e+03	-2.597126e+00
4.506371e+03	-2.600297e+00
4.532399e+03	-2.629113e+00
4.558578e+03	-2.648908e+00
4.584908e+03	-2.680994e+00
4.611391e+03	-2.710545e+00
4.638026e+03	-2.742056e+00
4.664815e+03	-2.743519e+00
4.691759e+03	-2.756737e+00
4.718858e+03	-2.787544e+00
4.746114e+03	-2.806186e+00
4.773527e+03	-2.828713e+00
4.801099e+03	-2.865315e+00
4.828830e+03	-2.884345e+00
4.856721e+03	-2.911972e+00
4.884773e+03	-2.936010e+00
4.912988e+03	-2.960005e+00
4.941365e+03	-2.968719e+00
4.969906e+03	-3.006574e+00
4.998612e+03	-3.046993e+00
5.027484e+03	-3.059393e+00
5.056522e+03	-3.081782e+00
5.085729e+03	-3.124565e+00
5.115104e+03	-3.137602e+00
5.144648e+03	-3.160871e+00
5.174363e+03	-3.185878e+00
5.204250e+03	-3.221170e+00
5.234310e+03	-3.231939e+00
5.264543e+03	-3.259413e+00
5.294951e+03	-3.290859e+00
5.325534e+03	-3.313933e+00
5.356294e+03	-3.343600e+00
5.387232e+03	-3.364369e+00
5.418348e+03	-3.399145e+00
5.449645e+03	-3.420596e+00
5.481122e+03	-3.427795e+00
5.512780e+03	-3.477823e+00
5.544622e+03	-3.519698e+00
5.576647e+03	-3.541404e+00
5.608858e+03	-3.559794e+00
5.641254e+03	-3.599596e+00
5.673838e+03	-3.615660e+00
5.706610e+03	-3.641897e+00
5.739571e+03	-3.663004e+00
5.772723e+03	-3.711165e+00
5.806066e+03	-3.749535e+00
5.839601e+03	-3.771178e+00
5.873331e+03	-3.796950e+00
5.907255e+03	-3.846824e+00
5.941375e+03	-3.862127e+00
5.975692e+03	-3.871299e+00
6.010207e+03	-3.907473e+00
6.044922e+03	-3.940230e+00
6.079837e+03	-3.970266e+00
6.114954e+03	-3.993888e+00
6.150274e+03	-4.031600e+00
6.185797e+03	-4.043885e+00
6.221526e+03	-4.088330e+00
6.257462e+03	-4.124131e+00
6.293605e+03	-4.148557e+00
6.329956e+03	-4.188023e+00
6.366518e+03	-4.222432e+00
6.403290e+03	-4.249441e+00
6.440276e+03	-4.272988e+00
6.477474e+03	-4.312764e+00
6.514888e+03	-4.328089e+00
6.552518e+03	-4.378377e+00
6.590365e+03	-4.409349e+00
6.628430e+03	-4.435947e+00
6.666716e+03	-4.469895e+00
6.705223e+03	-4.498798e+00
6.743952e+03	-4.525724e+00
6.782905e+03	-4.571068e+00
6.822082e+03	-4.583953e+00
6.861486e+03	-4.624174e+00
6.901118e+03	-4.665416e+00
6.940979e+03	-4.684147e+00
6.981069e+03	-4.737015e+00
7.021392e+03	-4.767659e+00
7.061947e+03	-4.784015e+00
7.102737e+03	-4.831600e+00
7.143762e+03	-4.847285e+00
7.185024e+03	-4.906940e+00
7.226524e+03	-4.914869e+00
7.268264e+03	-4.953961e+00
7.310246e+03	-5.000463e+00
7.352469e+03	-5.016146e+00
7.394937e+03	-5.062296e+00
7.437650e+03	-5.088049e+00
7.480609e+03	-5.126012e+00
7.523817e+03	-5.192788e+00
7.567274e+03	-5.205096e+00
7.610982e+03	-5.223622e+00
7.654943e+03	-5.269497e+00
7.699158e+03	-5.302516e+00
7.743628e+03	-5.371357e+00
7.788355e+03	-5.391624e+00
7.833340e+03	-5.420377e+00
7.878585e+03	-5.459052e+00
7.924091e+03	-5.472541e+00
7.969861e+03	-5.515919e+00
8.015894e+03	-5.550634e+00
8.062194e+03	-5.591857e+00
8.108761e+03	-5.627011e+00
8.155596e+03	-5.649653e+00
8.202703e+03	-5.696443e+00
8.250081e+03	-5.738691e+00
8.297733e+03	-5.756289e+00
8.345661e+03	-5.808410e+00
8.393865e+03	-5.861547e+00
8.442348e+03	-5.863462e+00
8.491110e+03	-5.921707e+00
8.540155e+03	-5.953378e+00
8.589482e+03	-5.998980e+00
8.639095e+03	-6.033391e+00
8.688994e+03	-6.065816e+00
8.739181e+03	-6.076253e+00
8.789658e+03	-6.133101e+00
8.840427e+03	-6.169782e+00
8.891489e+03	-6.201114e+00
8.942846e+03	-6.236114e+00
8.994499e+03	-6.312630e+00
9.046451e+03	-6.336512e+00
9.098703e+03	-6.369811e+00
9.151257e+03	-6.423119e+00
9.204114e+03	-6.466244e+00
9.257277e+03	-6.488427e+00
9.310746e+03	-6.501404e+00
9.364525e+03	-6.541824e+00
9.418614e+03	-6.600130e+00
9.473015e+03	-6.634014e+00
9.527731e+03	-6.668368e+00
9.582763e+03	-6.709727e+00
9.638113e+03	-6.752046e+00
9.693782e+03	-6.792714e+00
9.749773e+03	-6.830393e+00
9.806087e+03	-6.885487e+00
9.862727e+03	-6.900253e+00
9.919693e+03	-6.968984e+00
9.976989e+03	-6.980098e+00
1.003462e+04	-7.016049e+00
1.009258e+04	-7.061430e+00
1.015087e+04	-7.101827e+00
1.020950e+04	-7.170016e+00
1.026847e+04	-7.211328e+00
1.032778e+04	-7.212945e+00
1.038743e+04	-7.266907e+00
1.044743e+04	-7.312875e+00
1.050777e+04	-7.339680e+00
1.056847e+04	-7.388539e+00
1.062951e+04	-7.424232e+00
1.069091e+04	-7.460906e+00
1.075266e+04	-7.498468e+00
1.081476e+04	-7.549603e+00
1.087723e+04	-7.592133e+00
1.094006e+04	-7.629326e+00
1.100324e+04	-7.665911e+00
1.106680e+04	-7.709933e+00
1.113072e+04	-7.748772e+00
1.119501e+04	-7.804986e+00
1.125967e+04	-7.805955e+00
1.132471e+04	-7.863689e+00
1.139012e+04	-7.912313e+00
1.145591e+04	-7.966044e+00
1.152208e+04	-7.999356e+00
1.158863e+04	-8.033786e+00
1.165556e+04	-8.099593e+00
1.172289e+04	-8.124301e+00
1.179060e+04	-8.188348e+00
1.185870e+04	-8.214678e+00
1.192719e+04	-8.247441e+00
1.199608e+04	-8.301073e+00
1.206537e+04	-8.344610e+00
1.213506e+04	-8.382189e+00
1.220515e+04	-8.412412e+00
1.227565e+04	-8.480358e+00
1.234655e+04	-8.505996e+00
1.241787e+04	-8.553326e+00
1.248959e+04	-8.575284e+00
1.256173e+04	-8.617415e+00
1.263429e+04	-8.664153e+00
1.270726e+04	-8.737291e+00
1.278066e+04	-8.764180e+00
1.285448e+04	-8.801263e+00
1.292873e+04	-8.846502e+00
1.300340e+04	-8.880785e+00
1.307851e+04	-8.916318e+00
1.315405e+04	-8.964188e+00
1.323003e+04	-9.002372e+00
1.330644e+04	-9.036426e+00
1.338330e+04	-9.089538e+00
1.346060e+04	-9.143630e+00
1.353835e+04	-9.182061e+00
1.361655e+04	-9.214327e+00
1.369520e+04	-9.267912e+00
1.377430e+04	-9.329943e+00
1.385386e+04	-9.366764e+00
1.393388e+04	-9.395041e+00
1.401436e+04	-9.447418e+00
1.409531e+04	-9.484195e+00
1.417672e+04	-9.529730e+00
1.425861e+04	-9.576401e+00
1.434096e+04	-9.604365e+00
1.442379e+04	-9.676467e+00
1.450711e+04	-9.696213e+00
1.459090e+04	-9.719666e+00
1.467518e+04	-9.784909e+00
1.475994e+04	-9.840122e+00
1.484519e+04	-9.881039e+00
1.493094e+04	-9.928199e+00
1.501718e+04	-9.959581e+00
1.510392e+04	-9.991523e+00
1.519116e+04	-1.005146e+01
1.527890e+04	-1.009974e+01
1.536715e+04	-1.013381e+01
1.545591e+04	-1.016749e+01
1.554518e+04	-1.023004e+01
1.563497e+04	-1.026915e+01
1.572528e+04	-1.030825e+01
1.581611e+04	-1.036533e+01
1.590746e+04	-1.040404e+01
1.599934e+04	-1.045312e+01
1.609175e+04	-1.049950e+01
1.618470e+04	-1.054800e+01
1.627818e+04	-1.057911e+01
1.637220e+04	-1.059371e+01
1.646677e+04	-1.067502e+01
1.656188e+04	-1.070142e+01
1.665754e+04	-1.076315e+01
1.675375e+04	-1.080377e+01
1.685052e+04	-1.084943e+01
1.694785e+04	-1.087981e+01
1.704574e+04	-1.093259e+01
1.714419e+04	-1.097591e+01
1.724322e+04	-1.101800e+01
1.734281e+04	-1.107038e+01
1.744299e+04	-1.112061e+01
1.754374e+04	-1.115816e+01
1.764507e+04	-1.118754e+01
1.774698e+04	-1.124571e+01
1.784949e+04	-1.128472e+01
1.795259e+04	-1.133240e+01
1.805628e+04	-1.137912e+01
1.816057e+04	-1.141482e+01
1.826547e+04	-1.148727e+01
1.837097e+04	-1.151458e+01
1.847708e+04	-1.154221e+01
1.858380e+04	-1.161876e+01
1.869114e+04	-1.164091e+01
1.879910e+04	-1.169585e+01
1.890768e+04	-1.174799e+01
1.901689e+04	-1.176866e+01
1.912673e+04	-1.181070e+01
1.923721e+04	-1.187603e+01
1.934832e+04	-1.192811e+01
1.946008e+04	-1.195515e+01
1.957248e+04	-1.199096e+01
1.968553e+04	-1.204948e+01
1.979923e+04	-1.208041e+01
1.991359e+04	-1.215826e+01
2.002861e+04	-1.218732e+01
2.014430e+04	-1.222832e+01
2.026065e+04	-1.226527e+01
2.037767e+04	-1.232758e+01
2.049537e+04	-1.234323e+01
2.061375e+04	-1.241263e+01
2.073282e+04	-1.243735e+01
2.085257e+04	-1.248445e+01
2.097301e+04	-1.251583e+01
2.109415e+04	-1.257400e+01
2.121599e+04	-1.262960e+01
2.133853e+04	-1.269072e+01
2.146178e+04	-1.272419e+01
2.158575e+04	-1.274839e+01
2.171043e+04	-1.283158e+01
2.183582e+04	-1.286005e+01
2.196195e+04	-1.289966e+01
2.208880e+04	-1.293777e+01
2.221638e+04	-1.298164e+01
2.234470e+04	-1.303698e+01
2.247377e+04	-1.308506e+01
2.260357e+04	-1.312455e+01
2.273413e+04	-1.317180e+01
2.286544e+04	-1.320585e+01
2.299751e+04	-1.325689e+01
2.313034e+04	-1.330054e+01
2.326394e+04	-1.333491e+01
2.339832e+04	-1.337637e+01
2.353346e+04	-1.342902e+01
2.366939e+04	-1.347023e+01
2.380610e+04	-1.351684e+01
2.394361e+04	-1.356150e+01
2.408191e+04	-1.359620e+01
2.422100e+04	-1.365351e+01
2.436090e+04	-1.368497e+01
2.450161e+04	-1.376926e+01
2.464313e+04	-1.376089e+01
2.478547e+04	-1.384155e+01
2.492863e+04	-1.385890e+01
2.507261e+04	-1.391082e+01
2.521743e+04	-1.395696e+01
2.536309e+04	-1.399267e+01
2.550958e+04	-1.406451e+01
2.565692e+04	-1.410546e+01
2.580512e+04	-1.413358e+01
2.595417e+04	-1.418478e+01
2.610408e+04	-1.422539e+01
2.625485e+04	-1.428168e+01
2.640650e+04	-1.432996e+01
2.655902e+04	-1.435149e+01
2.671243e+04	-1.439566e+01
2.686672e+04	-1.445254e+01
2.702190e+04	-1.450331e+01
2.717798e+04	-1.453297e+01
2.733495e+04	-1.460568e+01
2.749284e+04	-1.461921e+01
2.765164e+04	-1.465546e+01
2.781135e+04	-1.471276e+01
2.797199e+04	-1.472788e+01
2.813355e+04	-1.479227e+01
2.829605e+04	-1.483669e+01
2.845949e+04	-1.489870e+01
2.862387e+04	-1.492759e+01
2.878920e+04	-1.496871e+01
2.895549e+04	-1.500872e+01
2.912273e+04	-1.506219e+01
2.929094e+04	-1.510065e+01
2.946013e+04	-1.516848e+01
2.963029e+04	-1.520258e+01
2.980143e+04	-1.524737e+01
2.997356e+04	-1.528458e+01
3.014669e+04	-1.530755e+01
3.032081e+04	-1.535132e+01
3.049595e+04	-1.540434e+01
3.067209e+04	-1.545979e+01
3.084925e+04	-1.548413e+01
3.102743e+04	-1.553590e+01
3.120665e+04	-1.557524e+01
3.138690e+04	-1.563825e+01
3.156819e+04	-1.565445e+01
3.175052e+04	-1.571480e+01
3.193391e+04	-1.573922e+01
3.211836e+04	-1.579188e+01
3.230388e+04	-1.584564e+01
3.249046e+04	-1.588160e+01
3.267812e+04	-1.591983e+01
3.286687e+04	-1.595224e+01
3.305671e+04	-1.600382e+01
3.324764e+04	-1.605131e+01
3.343968e+04	-1.610098e+01
3.363283e+04	-1.613079e+01
3.382709e+04	-1.617219e+01
3.402247e+04	-1.620169e+01
3.421899e+04	-1.625107e+01
3.441663e+04	-1.628434e+01
3.461542e+04	-1.633832e+01
3.481536e+04	-1.637957e+01
3.501645e+04	-1.642244e+01
3.521871e+04	-1.645396e+01
3.542213e+04	-1.650901e+01
3.562672e+04	-1.654315e+01
3.583250e+04	-1.658772e+01
3.603947e+04	-1.661958e+01
3.624763e+04	-1.666706e+01
3.645700e+04	-1.670470e+01
3.666757e+04	-1.675171e+01
3.687936e+04	-1.680089e+01
3.709238e+04	-1.685370e+01
3.730662e+04	-1.686660e+01
3.752210e+04	-1.691264e+01
3.773883e+04	-1.696134e+01
3.795680e+04	-1.698589e+01
3.817604e+04	-1.703109e+01
3.839654e+04	-1.705452e+01
3.861832e+04	-1.712293e+01
3.884138e+04	-1.717271e+01
3.906573e+04	-1.718939e+01
3.929137e+04	-1.724084e+01
3.951831e+04	-1.726286e+01
3.974657e+04	-1.730723e+01
3.997614e+04	-1.733075e+01
4.020704e+04	-1.739440e+01
4.043928e+04	-1.740654e+01
4.067285e+04	-1.747371e+01
4.090778e+04	-1.750809e+01
4.114406e+04	-1.754527e+01
4.138171e+04	-1.757633e+01
4.162073e+04	-1.761076e+01
4.186113e+04	-1.764251e+01
4.210291e+04	-1.768250e+01
4.234610e+04	-1.772679e+01
4.259069e+04	-1.777760e+01
4.283669e+04	-1.781347e+01
4.308411e+04	-1.783421e+01
4.333297e+04	-1.789376e+01
4.358325e+04	-1.792284e+01
4.383499e+04	-1.795009e+01
4.408818e+04	-1.799601e+01
4.434283e+04	-1.802004e+01
4.459895e+04	-1.807357e+01
4.485655e+04	-1.810778e+01
4.511564e+04	-1.813895e+01
4.537623e+04	-1.818238e+01
4.563832e+04	-1.822271e+01
4.590193e+04	-1.824847e+01
4.616705e+04	-1.829103e+01
4.643371e+04	-1.831927e+01
4.670191e+04	-1.834435e+01
4.697166e+04	-1.839053e+01
4.724297e+04	-1.841212e+01
4.751584e+04	-1.847290e+01
4.779029e+04	-1.849661e+01
4.806633e+04	-1.853004e+01
4.834395e+04	-1.857175e+01
4.862319e+04	-1.858309e+01
4.890403e+04	-1.864226e+01
4.918650e+04	-1.866496e+01
4.947060e+04	-1.869547e+01
4.975634e+04	-1.873668e+01
5.004373e+04	-1.875350e+01
5.033278e+04	-1.878990e+01
5.062350e+04	-1.884720e+01
5.091590e+04	-1.886800e+01
5.120999e+04	-1.891367e+01
5.150578e+04	-1.893215e+01
5.180327e+04	-1.895358e+01
5.210248e+04	-1.898677e+01
5.240343e+04	-1.904487e+01
5.270611e+04	-1.905637e+01
5.301053e+04	-1.910076e+01
5.331672e+04	-1.909556e+01
5.362468e+04	-1.916479e+01
5.393441e+04	-1.918514e+01
5.424593e+04	-1.921590e+01
5.455926e+04	-1.924071e+01
5.487439e+04	-1.926923e+01
5.519134e+04	-1.930029e+01
5.551012e+04	-1.934881e+01
5.583075e+04	-1.935498e+01
5.615322e+04	-1.939832e+01
5.647756e+04	-1.943155e+01
5.680377e+04	-1.946781e+01
5.713187e+04	-1.951055e+01
5.746186e+04	-1.951176e+01
5.779376e+04	-1.955475e+01
5.812757e+04	-1.954809e+01
5.846332e+04	-1.958197e+01
5.880100e+04	-1.961017e+01
5.914063e+04	-1.962775e+01
5.948222e+04	-1.966413e+01
5.982579e+04	-1.969311e+01
6.017134e+04	-1.972274e+01
6.051889e+04	-1.972658e+01
6.086844e+04	-1.976020e+01
6.122002e+04	-1.979006e+01
6.157362e+04	-1.981711e+01
6.192927e+04	-1.985759e+01
6.228697e+04	-1.987549e+01
6.264674e+04	-1.989459e+01
6.300858e+04	-1.991277e+01
6.337252e+04	-1.992780e+01
6.373855e+04	-1.996272e+01
6.410670e+04	-1.997650e+01
6.447698e+04	-2.000032e+01
6.484940e+04	-2.002212e+01
6.522397e+04	-2.004726e+01
6.560070e+04	-2.005894e+01
6.597960e+04	-2.009150e+01
6.636070e+04	-2.009935e+01
6.674400e+04	-2.011003e+01
6.712951e+04	-2.013385e+01
6.751724e+04	-2.015480e+01
6.790722e+04	-2.017205e+01
6.829945e+04	-2.019184e+01
6.869395e+04	-2.021695e+01
6.909072e+04	-2.022801e+01
6.948978e+04	-2.023759e+01
6.989115e+04	-2.025506e+01
7.029484e+04	-2.028548e+01
7.070086e+04	-2.028763e+01
7.110923e+04	-2.030522e+01
7.151995e+04	-2.031445e+01
7.193305e+04	-2.032815e+01
7.234853e+04	-2.033893e+01
7.276641e+04	-2.035312e+01
7.318671e+04	-2.036653e+01
7.360943e+04	-2.037457e+01
7.403460e+04	-2.038444e+01
7.446222e+04	-2.039653e+01
7.489231e+04	-2.042062e+01
7.532488e+04	-2.042863e+01
7.575996e+04	-2.043390e+01
7.619754e+04	-2.042763e+01
7.663766e+04	-2.044582e+01
7.708031e+04	-2.044109e+01
7.752553e+04	-2.045238e+01
7.797331e+04	-2.046133e+01
7.842368e+04	-2.047645e+01
7.887665e+04	-2.048911e+01
7.933224e+04	-2.048815e+01
7.979046e+04	-2.049269e+01
8.025133e+04	-2.050543e+01
8.071486e+04	-2.048046e+01
8.118106e+04	-2.048256e+01
8.164996e+04	-2.048116e+01
8.212157e+04	-2.048140e+01
8.259590e+04	-2.049456e+01
8.307297e+04	-2.047834e+01
8.355279e+04	-2.049056e+01
8.403539e+04	-2.048328e+01
8.452078e+04	-2.047621e+01
8.500897e+04	-2.047922e+01
8.549997e+04	-2.046911e+01
8.599382e+04	-2.047513e+01
8.649052e+04	-2.046619e+01
8.699008e+04	-2.045411e+01
8.749253e+04	-2.042866e+01
8.799789e+04	-2.043767e+01
8.850616e+04	-2.042172e+01
8.901737e+04	-2.039491e+01
8.953153e+04	-2.041558e+01
9.004866e+04	-2.038344e+01
9.056877e+04	-2.036707e+01
9.109190e+04	-2.034135e+01
9.161804e+04	-2.032668e+01
9.214722e+04	-2.032448e+01
9.267946e+04	-2.030482e+01
9.321477e+04	-2.027780e+01
9.375318e+04	-2.027260e+01
9.429469e+04	-2.023426e+01
9.483933e+04	-2.021631e+01
9.538712e+04	-2.017652e+01
9.593807e+04	-2.018218e+01
9.649221e+04	-2.013138e+01
9.704954e+04	-2.012046e+01
9.761010e+04	-2.008927e+01
9.817389e+04	-2.004618e+01
9.874094e+04	-2.003121e+01
9.931126e+04	-2.000423e+01
9.988488e+04	-1.994982e+01
1.004618e+05	-1.992348e+01
1.010421e+05	-1.988830e+01
1.016257e+05	-1.985202e+01
1.022127e+05	-1.981137e+01
1.028031e+05	-1.975621e+01
1.033968e+05	-1.973506e+01
1.039941e+05	-1.968729e+01
1.045947e+05	-1.963489e+01
1.051989e+05	-1.959961e+01
1.058065e+05	-1.953428e+01
1.064176e+05	-1.947984e+01
1.070323e+05	-1.944154e+01
1.076505e+05	-1.937536e+01
1.082723e+05	-1.932312e+01
1.088977e+05	-1.926643e+01
1.095266e+05	-1.919452e+01
1.101593e+05	-1.914597e+01
1.107955e+05	-1.907141e+01
1.114355e+05	-1.900944e+01
1.120791e+05	-1.893707e+01
1.127265e+05	-1.886660e+01
1.133776e+05	-1.880386e+01
1.140325e+05	-1.871946e+01
1.146911e+05	-1.862001e+01
1.153536e+05	-1.855688e+01
1.160198e+05	-1.846503e+01
1.166900e+05	-1.836106e+01
1.173640e+05	-1.829157e+01
1.180419e+05	-1.820441e+01
1.187237e+05	-1.810106e+01
1.194094e+05	-1.802695e+01
1.200991e+05	-1.790145e+01
1.207928e+05	-1.778219e+01
1.214905e+05	-1.768908e+01
1.221922e+05	-1.758040e+01
1.228980e+05	-1.744280e+01
1.236078e+05	-1.733302e+01
1.243218e+05	-1.722288e+01
1.250399e+05	-1.708631e+01
1.257621e+05	-1.694031e+01
1.264885e+05	-1.681522e+01
1.272191e+05	-1.666427e+01
1.279539e+05	-1.650625e+01
1.286930e+05	-1.637793e+01
1.294363e+05	-1.619325e+01
1.301839e+05	-1.603515e+01
1.309358e+05	-1.586338e+01
1.316921e+05	-1.569437e+01
1.324528e+05	-1.549434e+01
1.332178e+05	-1.531304e+01
1.339873e+05	-1.512807e+01
1.347612e+05	-1.493386e+01
1.355395e+05	-1.471637e+01
1.363224e+05	-1.447283e+01
1.371098e+05	-1.426436e+01
1.379018e+05	-1.401159e+01
1.386983e+05	-1.376400e+01
1.394994e+05	-1.350000e+01
1.403051e+05	-1.321380e+01
1.411155e+05	-1.295773e+01
1.419306e+05	-1.264475e+01
1.427504e+05	-1.231542e+01
1.435749e+05	-1.200927e+01
1.444042e+05	-1.164627e+01
1.452383e+05	-1.128594e+01
1.460772e+05	-1.092380e+01
1.469209e+05	-1.051659e+01
1.477695e+05	-1.011732e+01
1.486230e+05	-9.656122e+00
1.494814e+05	-9.182063e+00
1.503448e+05	-8.684207e+00
1.512132e+05	-8.137624e+00
1.520866e+05	-7.598546e+00
1.529651e+05	-6.986548e+00
1.538486e+05	-6.336428e+00
1.547372e+05	-5.642008e+00
1.556310e+05	-4.932927e+00
1.565299e+05	-4.166274e+00
1.574340e+05	-3.376561e+00
1.583433e+05	-2.553243e+00
1.592579e+05	-1.756238e+00
1.601778e+05	-1.020371e+00
1.611030e+05	-4.248517e-01
1.620335e+05	-7.586868e-02
1.629694e+05	-1.528857e-02
1.639107e+05	-2.706868e-01
1.648574e+05	-8.367186e-01
1.658097e+05	-1.535671e+00
1.667674e+05	-2.355983e+00
1.677306e+05	-3.220998e+00
1.686994e+05	-4.104278e+00
1.696738e+05	-4.947875e+00
1.706538e+05	-5.731558e+00
1.716395e+05	-6.474217e+00
1.726309e+05	-7.207439e+00
1.736280e+05	-7.871135e+00
1.746309e+05	-8.507485e+00
1.756395e+05	-9.122452e+00
1.766540e+05	-9.680888e+00
1.776744e+05	-1.020345e+01
1.787006e+05	-1.071927e+01
1.797328e+05	-1.120913e+01
1.807709e+05	-1.168493e+01
1.818150e+05	-1.210236e+01
1.828652e+05	-1.253109e+01
1.839214e+05	-1.293011e+01
1.849837e+05	-1.331053e+01
1.860522e+05	-1.365328e+01
1.871268e+05	-1.401887e+01
1.882077e+05	-1.433877e+01
1.892948e+05	-1.466183e+01
1.903881e+05	-1.496684e+01
1.914878e+05	-1.526123e+01
1.925938e+05	-1.554977e+01
1.937062e+05	-1.584807e+01
1.948251e+05	-1.610142e+01
1.959504e+05	-1.635549e+01
1.970822e+05	-1.659855e+01
1.982205e+05	-1.681387e+01
1.993654e+05	-1.705465e+01
2.005169e+05	-1.727943e+01
2.016751e+05	-1.746889e+01
2.028400e+05	-1.767969e+01
2.040116e+05	-1.786362e+01
2.051899e+05	-1.806421e+01
2.063751e+05	-1.822494e+01
2.075671e+05	-1.838478e+01
2.087660e+05	-1.855662e+01
2.099719e+05	-1.871826e+01
2.111846e+05	-1.887231e+01
2.124044e+05	-1.900924e+01
2.136313e+05	-1.915215e+01
2.148652e+05	-1.930472e+01
2.161063e+05	-1.942731e+01
2.173545e+05	-1.953082e+01
2.186099e+05	-1.965026e+01
2.198726e+05	-1.974386e+01
2.211426e+05	-1.985741e+01
2.224199e+05	-1.994596e+01
2.237046e+05	-2.005302e+01
2.249967e+05	-2.012830e+01
2.262962e+05	-2.020207e+01
2.276033e+05	-2.027611e+01
2.289179e+05	-2.033963e+01
2.302402e+05	-2.041144e+01
2.315700e+05	-2.046878e+01
2.329076e+05	-2.050144e+01
2.342528e+05	-2.054321e+01
2.356059e+05	-2.058268e+01
2.369667e+05	-2.061083e+01
2.383354e+05	-2.064971e+01
2.397120e+05	-2.064246e+01
2.410966e+05	-2.067323e+01
2.424892e+05	-2.064452e+01
2.438898e+05	-2.066129e+01
2.452985e+05	-2.064744e+01
2.467153e+05	-2.061223e+01
2.481403e+05	-2.059199e+01
2.495736e+05	-2.056965e+01
2.510151e+05	-2.053971e+01
2.524650e+05	-2.048511e+01
2.539232e+05	-2.043241e+01
2.553898e+05	-2.034243e+01
2.568650e+05	-2.029508e+01
2.583486e+05	-2.023259e+01
2.598408e+05	-2.011847e+01
2.613416e+05	-2.000873e+01
2.628511e+05	-1.989729e+01
2.643694e+05	-1.978675e+01
2.658963e+05	-1.966471e+01
2.674321e+05	-1.953013e+01
2.689768e+05	-1.936846e+01
2.705304e+05	-1.919486e+01
2.720930e+05	-1.902209e+01
2.736646e+05	-1.882304e+01
2.752453e+05	-1.860389e+01
2.768351e+05	-1.840027e+01
2.784341e+05	-1.815534e+01
2.800423e+05	-1.789619e+01
2.816598e+05	-1.762351e+01
2.832867e+05	-1.733199e+01
2.849229e+05	-1.700886e+01
2.865686e+05	-1.665660e+01
2.882238e+05	-1.628563e+01
2.898886e+05	-1.588133e+01
2.915630e+05	-1.546178e+01
2.932470e+05	-1.497307e+01
2.949408e+05	-1.447582e+01
2.966444e+05	-1.391760e+01
2.983578e+05	-1.330199e+01
3.000811e+05	-1.263284e+01
3.018143e+05	-1.191338e+01
3.035576e+05	-1.109338e+01
3.053109e+05	-1.017392e+01
3.070744e+05	-9.165422e+00
3.088481e+05	-7.994831e+00
3.106320e+05	-6.675294e+00
3.124261e+05	-5.159103e+00
3.142307e+05	-3.504495e+00
3.160457e+05	-1.749804e+00
3.178712e+05	-3.533401e-01
3.197072e+05	-6.364536e-02
3.215538e+05	-1.119093e+00
3.234111e+05	-2.861068e+00
3.252791e+05	-4.659633e+00
3.271579e+05	-6.302341e+00
3.290475e+05	-7.771038e+00
3.309481e+05	-9.075970e+00
3.328596e+05	-1.020761e+01
3.347822e+05	-1.122387e+01
3.367159e+05	-1.214443e+01
3.386608e+05	-1.298267e+01
3.406169e+05	-1.372278e+01
3.425842e+05	-1.440398e+01
3.445630e+05	-1.504401e+01
3.465532e+05	-1.562548e+01
3.485549e+05	-1.616425e+01
3.505681e+05	-1.664116e+01
3.525930e+05	-1.711318e+01
3.546295e+05	-1.751028e+01
3.566778e+05	-1.791925e+01
3.587380e+05	-1.829228e+01
3.608101e+05	-1.862030e+01
3.628941e+05	-1.893559e+01
3.649901e+05	-1.920300e+01
3.670983e+05	-1.948277e+01
3.692187e+05	-1.971041e+01
3.713513e+05	-1.990640e+01
3.734962e+05	-2.012296e+01
3.756535e+05	-2.028957e+01
3.778232e+05	-2.043797e+01
3.800055e+05	-2.058989e+01
3.822004e+05	-2.070172e+01
3.844080e+05	-2.078514e+01
3.866283e+05	-2.088130e+01
3.888615e+05	-2.091775e+01
3.911075e+05	-2.097911e+01
3.933665e+05	-2.099463e+01
3.956386e+05	-2.099348e+01
3.979238e+05	-2.095647e+01
4.002222e+05	-2.090516e+01
4.025338e+05	-2.085502e+01
4.048589e+05	-2.074413e+01
4.071973e+05	-2.062861e+01
4.095493e+05	-2.049393e+01
4.119148e+05	-2.033080e+01
4.142940e+05	-2.014601e+01
4.166870e+05	-1.989968e+01
4.190937e+05	-1.964737e+01
4.215144e+05	-1.936212e+01
4.239490e+05	-1.901588e+01
4.263978e+05	-1.862606e+01
4.288606e+05	-1.822141e+01
4.313377e+05	-1.772897e+01
4.338291e+05	-1.719442e+01
4.363349e+05	-1.658363e+01
4.388551e+05	-1.590879e+01
4.413899e+05	-1.512285e+01
4.439394e+05	-1.423348e+01
4.465035e+05	-1.320632e+01
4.490825e+05	-1.199390e+01
4.516764e+05	-1.055466e+01
4.542853e+05	-8.834684e+00
4.569092e+05	-6.698156e+00
4.595483e+05	-4.053029e+00
4.622026e+05	-1.170250e+00
4.648723e+05	-7.739773e-02
4.675574e+05	-2.286077e+00
4.702580e+05	-5.263075e+00
4.729742e+05	-7.789858e+00
4.757060e+05	-9.868693e+00
4.784537e+05	-1.154842e+01
4.812172e+05	-1.296606e+01
4.839967e+05	-1.417611e+01
4.867923e+05	-1.521830e+01
4.896040e+05	-1.615404e+01
4.924319e+05	-1.695639e+01
4.952762e+05	-1.765089e+01
4.981369e+05	-1.828872e+01
5.010141e+05	-1.886256e+01
5.039079e+05	-1.935917e+01
5.068185e+05	-1.976604e+01
5.097458e+05	-2.015044e+01
5.126901e+05	-2.047799e+01
5.156514e+05	-2.075990e+01
5.186298e+05	-2.100363e+01
5.216253e+05	-2.118281e+01
5.246382e+05	-2.131636e+01
5.276685e+05	-2.139853e+01
5.307163e+05	-2.145251e+01
5.337817e+05	-2.147163e+01
5.368648e+05	-2.141868e+01
5.399657e+05	-2.132009e+01
5.430845e+05	-2.116339e+01
5.462214e+05	-2.096887e+01
5.493763e+05	-2.068784e+01
5.525495e+05	-2.036780e+01
5.557410e+05	-1.998217e+01
5.589509e+05	-1.947670e+01
5.621794e+05	-1.891487e+01
5.654265e+05	-1.825628e+01
5.686924e+05	-1.742097e+01
5.719772e+05	-1.644541e+01
5.752809e+05	-1.529386e+01
5.786037e+05	-1.384408e+01
5.819457e+05	-1.205446e+01
5.853070e+05	-9.724630e+00
5.886877e+05	-6.539200e+00
5.920879e+05	-2.262586e+00
5.955078e+05	-2.675781e-01
5.989474e+05	-4.436640e+00
6.024069e+05	-8.351932e+00
6.058864e+05	-1.122922e+01
6.093860e+05	-1.339503e+01
6.129058e+05	-1.511930e+01
6.164459e+05	-1.654166e+01
6.200064e+05	-1.766728e+01
6.235876e+05	-1.866830e+01
6.271894e+05	-1.948491e+01
6.308120e+05	-2.018497e+01
6.344555e+05	-2.075498e+01
6.381201e+05	-2.121635e+01
6.418059e+05	-2.157198e+01
6.455129e+05	-2.185374e+01
6.492414e+05	-2.201161e+01
6.529914e+05	-2.212641e+01
6.567630e+05	-2.212735e+01
6.605565e+05	-2.202074e+01
6.643718e+05	-2.183537e+01
6.682092e+05	-2.153784e+01
6.720688e+05	-2.111356e+01
6.759506e+05	-2.055632e+01
6.798549e+05	-1.982991e+01
6.837817e+05	-1.890124e+01
6.877312e+05	-1.775500e+01
6.917035e+05	-1.627231e+01
6.956987e+05	-1.427732e+01
6.997171e+05	-1.151518e+01
7.037586e+05	-7.395349e+00
7.078235e+05	-1.111183e+00
7.119118e+05	-3.262212e+00
7.160238e+05	-9.150456e+00
7.201595e+05	-1.287688e+01
7.243191e+05	-1.547760e+01
7.285028e+05	-1.742837e+01
7.327106e+05	-1.893575e+01
7.369427e+05	-2.010912e+01
7.411992e+05	-2.103637e+01
7.454804e+05	-2.173884e+01
7.497862e+05	-2.225674e+01
7.541170e+05	-2.259756e+01
7.584727e+05	-2.279539e+01
7.628536e+05	-2.280148e+01
7.672598e+05	-2.263772e+01
7.716915e+05	-2.228312e+01
7.761488e+05	-2.169405e+01
7.806318e+05	-2.086795e+01
7.851407e+05	-1.968106e+01
7.896756e+05	-1.804660e+01
7.942367e+05	-1.574914e+01
7.988242e+05	-1.221468e+01
8.034382e+05	-6.015758e+00
8.080788e+05	-1.381586e+00
8.127463e+05	-9.992504e+00
8.174406e+05	-1.473353e+01
8.221621e+05	-1.770444e+01
8.269109e+05	-1.978907e+01
8.316871e+05	-2.132940e+01
8.364909e+05	-2.240187e+01
8.413225e+05	-2.312452e+01
8.461819e+05	-2.357932e+01
8.510694e+05	-2.368887e+01
8.559852e+05	-2.352969e+01
8.609293e+05	-2.299967e+01
8.659020e+05	-2.209507e+01
8.709034e+05	-2.062998e+01
8.759337e+05	-1.837203e+01
8.809931e+05	-1.467119e+01
8.860816e+05	-7.240827e+00
8.911996e+05	-4.648440e+00
8.963471e+05	-1.397563e+01
9.015244e+05	-1.844475e+01
9.067316e+05	-2.118596e+01
9.119688e+05	-2.297625e+01
9.172363e+05	-2.410270e+01
9.225342e+05	-2.468835e+01
9.278628e+05	-2.476733e+01
9.332221e+05	-2.430155e+01
9.386123e+05	-2.314260e+01
9.440337e+05	-2.111055e+01
9.494864e+05	-1.737263e+01
9.549706e+05	-8.984241e+00
9.604865e+05	-8.617561e+00
9.660342e+05	-1.777255e+01
9.716140e+05	-2.192686e+01
9.772260e+05	-2.427596e+01
9.828704e+05	-2.554628e+01
9.885474e+05	-2.593077e+01
9.942572e+05	-2.538188e+01
1.000000e+06	-2.368389e+01
