Frequency(Hz)	Magnitude(dB)
1.000000e+01	-2.358248e-04
1.005776e+01	2.652248e-02
1.011585e+01	1.309806e-02
1.017428e+01	4.290241e-04
1.023305e+01	4.328772e-03
1.029215e+01	5.281357e-03
1.035160e+01	-5.842816e-03
1.041139e+01	-1.153762e-02
1.047153e+01	1.018610e-03
1.053201e+01	-2.527888e-02
1.059284e+01	-8.552154e-03
1.065403e+01	-2.445341e-05
1.071556e+01	-1.987733e-03
1.077746e+01	1.536442e-02
1.083971e+01	5.565066e-05
1.090232e+01	1.119919e-02
1.096529e+01	-2.578261e-04
1.102862e+01	-1.667751e-02
1.109232e+01	-1.657449e-02
1.115639e+01	-2.704865e-03
1.122083e+01	-2.685798e-03
1.128564e+01	2.234445e-03
1.135083e+01	-9.097418e-03
1.141639e+01	-7.498882e-03
1.148233e+01	-4.027845e-03
1.154865e+01	2.916304e-03
1.161536e+01	2.541779e-03
1.168245e+01	-9.299080e-03
1.174992e+01	-1.219778e-02
1.181779e+01	1.699668e-02
1.188605e+01	-3.518622e-03
1.195470e+01	-1.218332e-03
1.202375e+01	1.096061e-03
1.209320e+01	3.521564e-03
1.216305e+01	2.731239e-03
1.223330e+01	-6.884840e-04
1.230396e+01	7.333290e-03
1.237503e+01	-1.971501e-02
1.244651e+01	1.228549e-02
1.251840e+01	-2.941797e-03
1.259070e+01	-8.623160e-03
1.266343e+01	-1.350562e-03
1.273657e+01	4.795419e-03
1.281014e+01	-6.744990e-04
1.288413e+01	-6.211353e-03
1.295855e+01	-8.132606e-03
1.303339e+01	-2.421291e-02
1.310867e+01	-1.812875e-02
1.318439e+01	4.022356e-04
1.326054e+01	-5.614903e-03
1.333713e+01	-2.452615e-04
1.341417e+01	-1.502562e-02
1.349165e+01	-5.100007e-03
1.356958e+01	6.568118e-03
1.364795e+01	5.171474e-03
1.372678e+01	8.957695e-03
1.380607e+01	1.115184e-02
1.388581e+01	1.623209e-03
1.396602e+01	-7.914469e-03
1.404668e+01	6.812713e-04
1.412782e+01	-5.753157e-03
1.420942e+01	-1.452983e-03
1.429149e+01	-1.071987e-02
1.437404e+01	-7.727120e-05
1.445706e+01	6.531378e-03
1.454057e+01	7.504885e-03
1.462455e+01	-5.195546e-03
1.470902e+01	2.799745e-03
1.479398e+01	-4.036155e-03
1.487943e+01	-2.041233e-02
1.496537e+01	9.700682e-03
1.505181e+01	4.946619e-03
1.513875e+01	5.062115e-03
1.522619e+01	1.081229e-03
1.531414e+01	7.792260e-04
1.540259e+01	-2.439579e-03
1.549156e+01	-1.434972e-02
1.558103e+01	-1.018686e-02
1.567103e+01	1.070300e-02
1.576155e+01	-7.370369e-03
1.585258e+01	7.469172e-03
1.594415e+01	-2.817634e-04
1.603624e+01	-1.919180e-02
1.612886e+01	-8.167335e-03
1.622202e+01	6.623055e-03
1.631572e+01	-5.385948e-04
1.640996e+01	-2.436169e-03
1.650474e+01	-4.101231e-03
1.660008e+01	-1.163573e-02
1.669596e+01	7.150161e-05
1.679239e+01	2.420143e-02
1.688938e+01	-1.154958e-02
1.698694e+01	3.509114e-02
1.708505e+01	-8.384554e-03
1.718373e+01	-2.325592e-03
1.728299e+01	2.739958e-04
1.738281e+01	-1.324573e-02
1.748322e+01	3.022134e-03
1.758420e+01	1.822896e-02
1.768576e+01	2.048474e-03
1.778792e+01	-4.338910e-03
1.789066e+01	-7.814465e-03
1.799399e+01	2.890498e-03
1.809793e+01	4.600906e-03
1.820246e+01	6.750624e-03
1.830760e+01	1.240905e-02
1.841334e+01	7.137736e-03
1.851969e+01	-1.745624e-05
1.862666e+01	-6.518536e-03
1.873425e+01	7.241956e-03
1.884246e+01	4.195403e-03
1.895129e+01	-9.151989e-03
1.906075e+01	-5.434730e-03
1.917085e+01	-2.566543e-02
1.928158e+01	-1.388865e-02
1.939295e+01	-5.698153e-03
1.950496e+01	2.144008e-03
1.961762e+01	8.345774e-03
1.973093e+01	2.999788e-03
1.984490e+01	4.241366e-03
1.995952e+01	1.185581e-03
2.007480e+01	2.735497e-03
2.019076e+01	-6.476402e-03
2.030738e+01	1.259042e-02
2.042467e+01	-3.379339e-03
2.054264e+01	-6.827153e-03
2.066130e+01	-8.262532e-03
2.078064e+01	7.604874e-03
2.090066e+01	8.754534e-03
2.102139e+01	1.720545e-02
2.114280e+01	-5.875369e-03
2.126492e+01	-8.693111e-03
2.138775e+01	1.359196e-02
2.151128e+01	1.014978e-02
2.163553e+01	7.971942e-03
2.176050e+01	1.235596e-02
2.188619e+01	1.042357e-02
2.201260e+01	-1.283560e-03
2.213974e+01	6.155651e-03
2.226762e+01	-1.197122e-02
2.239624e+01	8.955082e-03
2.252560e+01	-2.958579e-03
2.265571e+01	1.471739e-02
2.278656e+01	7.930539e-03
2.291818e+01	1.516320e-02
2.305055e+01	9.000479e-03
2.318369e+01	-3.478061e-03
2.331760e+01	-1.440708e-03
2.345228e+01	-1.569980e-02
2.358774e+01	1.067656e-02
2.372398e+01	4.914709e-03
2.386101e+01	-4.855053e-03
2.399883e+01	-1.437591e-02
2.413745e+01	-3.787795e-04
2.427686e+01	-3.613916e-03
2.441709e+01	-1.852316e-02
2.455812e+01	5.260105e-03
2.469997e+01	4.719544e-03
2.484263e+01	-1.989115e-02
2.498612e+01	1.369459e-02
2.513044e+01	-3.377749e-03
2.527559e+01	-4.380751e-03
2.542158e+01	-6.614243e-03
2.556842e+01	1.892796e-02
2.571610e+01	9.491551e-03
2.586463e+01	3.836465e-03
2.601403e+01	1.411848e-02
2.616428e+01	-6.935443e-03
2.631541e+01	1.490992e-02
2.646740e+01	1.569391e-03
2.662028e+01	-1.134677e-02
2.677404e+01	-4.904516e-03
2.692868e+01	-4.787140e-03
2.708422e+01	-3.849873e-04
2.724066e+01	-9.148602e-03
2.739800e+01	5.426994e-03
2.755625e+01	-2.181374e-02
2.771541e+01	-1.966285e-03
2.787550e+01	-9.445945e-03
2.803650e+01	-6.068510e-03
2.819844e+01	-1.115289e-02
2.836131e+01	3.174382e-03
2.852513e+01	-2.512258e-02
2.868989e+01	3.883774e-03
2.885560e+01	1.963567e-03
2.902227e+01	4.269113e-04
2.918990e+01	2.133088e-02
2.935850e+01	6.170829e-03
2.952807e+01	9.695252e-03
2.969863e+01	-3.864663e-03
2.987016e+01	-1.387588e-05
3.004269e+01	2.643829e-02
3.021622e+01	1.172530e-02
3.039075e+01	-1.437420e-02
3.056628e+01	5.536893e-03
3.074283e+01	-1.193239e-02
3.092040e+01	-1.870198e-04
3.109900e+01	1.476634e-02
3.127862e+01	1.208883e-02
3.145929e+01	-2.385886e-02
3.164099e+01	6.408896e-03
3.182375e+01	-5.834138e-03
3.200756e+01	7.521185e-03
3.219244e+01	-1.715269e-02
3.237838e+01	-1.771232e-03
3.256540e+01	-2.601531e-02
3.275349e+01	5.681542e-03
3.294268e+01	1.071408e-02
3.313295e+01	8.306065e-03
3.332433e+01	1.850496e-03
3.351681e+01	5.955505e-03
3.371040e+01	1.807847e-02
3.390511e+01	-3.505362e-03
3.410094e+01	5.276586e-03
3.429791e+01	5.336971e-03
3.449601e+01	-9.792916e-04
3.469526e+01	-1.755290e-02
3.489566e+01	-2.023057e-02
3.509721e+01	-2.235137e-02
3.529993e+01	-1.538150e-03
3.550382e+01	-2.220556e-02
3.570889e+01	1.179194e-02
3.591515e+01	5.008848e-03
3.612259e+01	-1.305374e-03
3.633123e+01	7.690218e-03
3.654108e+01	-7.086234e-03
3.675214e+01	-1.248600e-02
3.696442e+01	-1.143564e-02
3.717792e+01	1.127166e-02
3.739266e+01	-4.019566e-03
3.760864e+01	1.341637e-02
3.782587e+01	-3.342220e-03
3.804435e+01	-1.520117e-02
3.826409e+01	-1.316553e-02
3.848510e+01	3.206956e-03
3.870739e+01	-1.422902e-03
3.893096e+01	-3.300668e-03
3.915583e+01	-7.055061e-04
3.938199e+01	-6.280742e-03
3.960946e+01	5.362381e-03
3.983824e+01	3.956837e-04
4.006834e+01	1.390788e-02
4.029978e+01	6.012155e-03
4.053255e+01	-9.543728e-03
4.076666e+01	5.497045e-03
4.100213e+01	-8.079856e-03
4.123896e+01	1.208396e-02
4.147715e+01	1.502784e-02
4.171672e+01	-1.179266e-02
4.195767e+01	1.905769e-02
4.220002e+01	-4.928770e-03
4.244377e+01	1.936204e-02
4.268892e+01	7.980183e-03
4.293549e+01	-2.839713e-02
4.318348e+01	-5.337095e-03
4.343291e+01	4.664415e-03
4.368377e+01	-7.279829e-03
4.393609e+01	1.268040e-03
4.418986e+01	-4.438258e-04
4.444510e+01	-8.295364e-03
4.470182e+01	-1.344271e-02
4.496001e+01	-6.927203e-03
4.521970e+01	-4.799253e-03
4.548089e+01	-1.116040e-02
4.574358e+01	1.270323e-02
4.600779e+01	1.863536e-02
4.627353e+01	-9.143091e-03
4.654081e+01	-3.448630e-03
4.680963e+01	-2.826191e-03
4.708000e+01	4.991853e-03
4.735193e+01	-1.631021e-02
4.762543e+01	1.093156e-02
4.790051e+01	-9.302067e-03
4.817719e+01	-1.552228e-02
4.845545e+01	8.120194e-03
4.873533e+01	-4.437822e-03
4.901682e+01	9.023986e-03
4.929994e+01	-8.775167e-03
4.958470e+01	-7.688917e-03
4.987110e+01	1.360775e-02
5.015915e+01	1.748618e-02
5.044887e+01	-1.550937e-02
5.074026e+01	1.792093e-02
5.103333e+01	5.802650e-03
5.132810e+01	9.340211e-03
5.162457e+01	1.193084e-02
5.192275e+01	8.149304e-03
5.222265e+01	-3.112579e-03
5.252429e+01	-3.985588e-03
5.282767e+01	-1.618835e-02
5.313280e+01	-9.116781e-03
5.343969e+01	-1.614345e-02
5.374836e+01	1.648950e-03
5.405880e+01	-1.892177e-02
5.437105e+01	4.363972e-03
5.468509e+01	-4.303690e-03
5.500095e+01	5.226216e-03
5.531863e+01	5.196967e-04
5.563815e+01	3.202149e-03
5.595951e+01	1.753164e-02
5.628273e+01	-4.178451e-03
5.660782e+01	-1.229347e-03
5.693479e+01	-2.009643e-02
5.726364e+01	-3.127774e-03
5.759439e+01	-9.984912e-03
5.792705e+01	-1.451942e-03
5.826164e+01	5.797908e-03
5.859815e+01	2.949505e-02
5.893662e+01	8.287178e-03
5.927703e+01	-1.091035e-02
5.961941e+01	-6.901926e-03
5.996377e+01	1.449621e-02
6.031012e+01	5.365561e-03
6.065847e+01	2.770199e-03
6.100883e+01	3.514548e-03
6.136121e+01	9.583163e-03
6.171563e+01	1.121974e-02
6.207210e+01	1.204780e-02
6.243063e+01	-4.308035e-03
6.279122e+01	-2.391389e-03
6.315390e+01	-2.466051e-03
6.351868e+01	-2.847964e-03
6.388556e+01	5.991968e-03
6.425456e+01	-5.091488e-03
6.462569e+01	3.720893e-04
6.499897e+01	-1.918755e-02
6.537440e+01	9.537715e-03
6.575200e+01	-7.349240e-03
6.613178e+01	8.990367e-03
6.651375e+01	3.268777e-03
6.689793e+01	-1.295330e-02
6.728433e+01	-8.501633e-03
6.767297e+01	9.787029e-04
6.806384e+01	-1.657450e-02
6.845698e+01	-6.895661e-03
6.885238e+01	-7.326335e-03
6.925007e+01	-6.962801e-03
6.965005e+01	-4.307891e-03
7.005235e+01	-2.342019e-02
7.045697e+01	1.553302e-03
7.086393e+01	-1.229635e-02
7.127323e+01	-1.490478e-02
7.168490e+01	1.595519e-02
7.209895e+01	-6.948480e-03
7.251539e+01	-2.026840e-02
7.293424e+01	1.583015e-03
7.335551e+01	2.258580e-03
7.377920e+01	1.140577e-02
7.420535e+01	3.112674e-03
7.463396e+01	8.195192e-03
7.506504e+01	-1.055962e-04
7.549861e+01	-6.762564e-03
7.593469e+01	3.931450e-03
7.637328e+01	1.299550e-04
7.681441e+01	-3.336086e-03
7.725809e+01	-4.003442e-03
7.770433e+01	1.502470e-02
7.815315e+01	-1.126530e-02
7.860456e+01	-7.086364e-03
7.905857e+01	2.023552e-03
7.951521e+01	-2.240990e-03
7.997449e+01	-2.203088e-03
8.043642e+01	-8.804505e-03
8.090102e+01	-1.866600e-02
8.136830e+01	-2.832087e-03
8.183828e+01	-9.186229e-03
8.231097e+01	1.930653e-02
8.278640e+01	5.298124e-03
8.326457e+01	-1.664016e-02
8.374550e+01	7.787529e-03
8.422921e+01	-8.593394e-03
8.471572e+01	-9.127698e-03
8.520503e+01	4.113406e-03
8.569717e+01	6.995509e-03
8.619215e+01	-1.794192e-03
8.669000e+01	1.267157e-02
8.719071e+01	-9.635150e-03
8.769432e+01	-2.083471e-02
8.820084e+01	-1.010789e-02
8.871029e+01	-3.220558e-03
8.922267e+01	-1.103648e-02
8.973802e+01	-4.214868e-03
9.025634e+01	7.608751e-03
9.077766e+01	-1.052995e-02
9.130199e+01	2.580157e-03
9.182935e+01	7.816256e-03
9.235975e+01	8.306429e-03
9.289321e+01	9.989489e-03
9.342976e+01	-3.150588e-03
9.396941e+01	-1.626994e-02
9.451217e+01	-7.450230e-03
9.505807e+01	5.606446e-03
9.560712e+01	7.826991e-03
9.615934e+01	6.880556e-03
9.671476e+01	-1.565361e-02
9.727338e+01	-4.472601e-04
9.783522e+01	-4.503445e-03
9.840032e+01	1.237157e-03
9.896867e+01	-7.261817e-03
9.954031e+01	-9.211060e-04
1.001153e+02	-5.156467e-03
1.006935e+02	-4.592753e-03
1.012751e+02	-5.749906e-04
1.018601e+02	-5.939761e-03
1.024484e+02	-5.020460e-03
1.030402e+02	1.281134e-02
1.036353e+02	-5.725311e-03
1.042339e+02	5.649758e-03
1.048360e+02	3.174204e-03
1.054415e+02	-3.243282e-03
1.060505e+02	9.946237e-03
1.066631e+02	-9.402446e-03
1.072791e+02	-1.280981e-02
1.078988e+02	4.386186e-04
1.085220e+02	-1.067582e-02
1.091488e+02	-1.791373e-02
1.097793e+02	2.107083e-03
1.104133e+02	-1.413932e-02
1.110511e+02	1.000983e-03
1.116925e+02	3.700536e-03
1.123376e+02	-3.146746e-03
1.129865e+02	1.503868e-02
1.136391e+02	-1.082109e-02
1.142955e+02	9.541056e-04
1.149556e+02	1.661390e-03
1.156196e+02	-1.083563e-02
1.162874e+02	7.804191e-05
1.169591e+02	-6.661039e-03
1.176347e+02	-1.480731e-03
1.183141e+02	-1.241866e-02
1.189975e+02	8.882928e-03
1.196848e+02	-9.754880e-04
1.203761e+02	-4.216120e-03
1.210714e+02	9.716106e-04
1.217707e+02	-5.334221e-03
1.224740e+02	1.706104e-04
1.231814e+02	2.048684e-03
1.238929e+02	-4.095139e-03
1.246085e+02	-9.075631e-03
1.253283e+02	-1.185103e-03
1.260522e+02	-1.644584e-02
1.267802e+02	3.911782e-03
1.275125e+02	4.311336e-03
1.282490e+02	1.962512e-03
1.289898e+02	-5.511739e-03
1.297348e+02	3.576609e-03
1.304842e+02	-4.032345e-03
1.312378e+02	-1.716267e-02
1.319959e+02	-1.198212e-02
1.327583e+02	-2.732676e-02
1.335251e+02	-3.945992e-03
1.342963e+02	6.049658e-03
1.350720e+02	-1.195835e-02
1.358522e+02	-1.566869e-02
1.366368e+02	-2.046166e-04
1.374260e+02	-8.231145e-03
1.382198e+02	1.821276e-02
1.390182e+02	-7.758406e-03
1.398211e+02	2.359564e-03
1.406287e+02	-1.082608e-02
1.414410e+02	-1.186448e-02
1.422579e+02	1.277116e-02
1.430796e+02	-1.479779e-02
1.439060e+02	-9.727111e-04
1.447372e+02	-1.938366e-02
1.455732e+02	9.650604e-04
1.464141e+02	-2.508746e-02
1.472597e+02	-1.099352e-02
1.481103e+02	-8.456212e-03
1.489658e+02	-1.610256e-02
1.498262e+02	5.857695e-03
1.506916e+02	-1.897026e-02
1.515620e+02	1.631512e-02
1.524374e+02	5.946685e-05
1.533179e+02	-4.322899e-03
1.542034e+02	-1.464066e-02
1.550941e+02	1.144533e-02
1.559899e+02	5.474117e-03
1.568909e+02	-2.961891e-02
1.577971e+02	-4.970777e-03
1.587085e+02	-1.092331e-02
1.596252e+02	-1.139205e-02
1.605472e+02	-6.558537e-03
1.614745e+02	-3.152333e-03
1.624072e+02	3.552314e-03
1.633453e+02	-5.004855e-03
1.642887e+02	-1.466540e-02
1.652377e+02	-3.602573e-03
1.661921e+02	1.030588e-02
1.671520e+02	-4.603021e-03
1.681175e+02	-2.130527e-02
1.690885e+02	-5.128656e-03
1.700651e+02	-6.797177e-03
1.710474e+02	-1.111744e-02
1.720354e+02	-2.943185e-03
1.730291e+02	1.345840e-02
1.740285e+02	-6.025667e-03
1.750337e+02	-4.225930e-03
1.760446e+02	-5.721276e-03
1.770615e+02	4.043483e-03
1.780842e+02	-9.303321e-03
1.791128e+02	-1.234056e-02
1.801473e+02	-1.273161e-02
1.811878e+02	8.465132e-03
1.822344e+02	-1.627609e-02
1.832870e+02	-5.235412e-03
1.843456e+02	1.982847e-03
1.854104e+02	1.632737e-03
1.864813e+02	6.257073e-03
1.875584e+02	-1.386526e-02
1.886418e+02	-9.325024e-03
1.897313e+02	-2.713126e-02
1.908272e+02	-2.161433e-02
1.919294e+02	-3.555006e-03
1.930380e+02	3.005602e-03
1.941530e+02	-2.078452e-02
1.952744e+02	-9.753962e-03
1.964023e+02	-6.294350e-03
1.975367e+02	-4.791530e-03
1.986777e+02	-9.325787e-04
1.998252e+02	-1.760686e-02
2.009794e+02	4.157971e-03
2.021403e+02	-2.837843e-03
2.033078e+02	-1.333619e-02
2.044821e+02	1.086288e-04
2.056632e+02	1.153630e-02
2.068511e+02	3.170058e-03
2.080459e+02	-5.614238e-03
2.092475e+02	1.005390e-03
2.104561e+02	-6.306252e-03
2.116717e+02	-2.008462e-03
2.128943e+02	-1.742345e-02
2.141240e+02	3.527534e-03
2.153608e+02	8.897675e-03
2.166047e+02	-6.021665e-03
2.178558e+02	-1.603331e-02
2.191141e+02	-9.824803e-03
2.203797e+02	-3.862912e-03
2.216526e+02	-1.900037e-02
2.229329e+02	3.542396e-04
2.242205e+02	-2.855923e-03
2.255156e+02	-2.010175e-02
2.268182e+02	-3.590301e-03
2.281283e+02	-2.191613e-04
2.294459e+02	-6.989053e-03
2.307712e+02	-3.764801e-03
2.321041e+02	-2.681806e-02
2.334447e+02	-1.084725e-02
2.347931e+02	-1.549422e-02
2.361493e+02	-1.831750e-02
2.375133e+02	-8.944401e-03
2.388851e+02	-1.290193e-02
2.402649e+02	-1.445753e-02
2.416527e+02	-1.529632e-02
2.430484e+02	-7.351082e-03
2.444523e+02	-3.935257e-03
2.458642e+02	-1.793774e-02
2.472843e+02	-1.073369e-02
2.487126e+02	-5.718302e-03
2.501492e+02	-6.597119e-03
2.515940e+02	-2.816076e-02
2.530472e+02	4.088684e-03
2.545088e+02	-2.119159e-02
2.559789e+02	-5.036224e-03
2.574574e+02	2.400940e-03
2.589444e+02	-2.154543e-02
2.604401e+02	-2.991167e-03
2.619444e+02	-1.585696e-02
2.634574e+02	-7.276997e-03
2.649791e+02	-1.703813e-02
2.665096e+02	-3.188978e-02
2.680489e+02	-2.064668e-02
2.695972e+02	-9.224840e-03
2.711544e+02	-2.587759e-02
2.727205e+02	-6.432083e-03
2.742958e+02	-2.271932e-02
2.758801e+02	-2.425693e-03
2.774736e+02	-2.351080e-02
2.790762e+02	-2.496179e-02
2.806882e+02	-7.382835e-03
2.823094e+02	-1.977325e-02
2.839400e+02	-3.762665e-03
2.855800e+02	-1.074200e-02
2.872295e+02	-1.268486e-02
2.888886e+02	-9.236934e-03
2.905572e+02	-1.741041e-02
2.922354e+02	-2.477920e-02
2.939234e+02	-4.754327e-03
2.956211e+02	-3.225745e-02
2.973286e+02	-1.200791e-02
2.990459e+02	-4.073446e-03
3.007732e+02	-1.526569e-02
3.025104e+02	-2.522281e-02
3.042577e+02	-6.365547e-03
3.060151e+02	-1.300029e-02
3.077826e+02	-9.078488e-03
3.095604e+02	-1.354309e-02
3.113484e+02	-2.243527e-02
3.131467e+02	-1.693670e-02
3.149554e+02	-1.542509e-02
3.167746e+02	-8.900455e-03
3.186043e+02	-1.387083e-02
3.204445e+02	-1.836532e-02
3.222954e+02	-1.208066e-02
3.241570e+02	-2.841448e-02
3.260293e+02	-2.648123e-02
3.279124e+02	-2.373135e-02
3.298064e+02	-1.766003e-02
3.317114e+02	-1.454732e-02
3.336273e+02	-2.231067e-02
3.355544e+02	-2.847829e-02
3.374925e+02	-1.039375e-02
3.394418e+02	-1.572459e-02
3.414024e+02	-2.907039e-02
3.433744e+02	-2.346999e-02
3.453577e+02	-2.873673e-02
3.473525e+02	2.096287e-03
3.493588e+02	-2.414092e-02
3.513766e+02	-1.194738e-02
3.534062e+02	-5.870410e-03
3.554474e+02	-1.449483e-02
3.575005e+02	-1.135174e-02
3.595654e+02	-2.601597e-02
3.616422e+02	-2.625384e-02
3.637311e+02	-2.992723e-02
3.658320e+02	-2.661342e-02
3.679450e+02	-2.844211e-02
3.700702e+02	-3.187852e-02
3.722077e+02	-3.839583e-02
3.743576e+02	-2.857152e-02
3.765199e+02	-9.942771e-03
3.786946e+02	-4.258950e-02
3.808820e+02	-3.935592e-02
3.830819e+02	-1.687337e-02
3.852946e+02	-2.226848e-02
3.875200e+02	-2.682479e-02
3.897583e+02	-2.003466e-02
3.920096e+02	-3.175063e-02
3.942738e+02	-7.589292e-03
3.965511e+02	-2.301432e-02
3.988416e+02	-2.886496e-03
4.011452e+02	-1.400265e-02
4.034622e+02	-1.534395e-02
4.057926e+02	-2.118853e-02
4.081365e+02	-1.683189e-02
4.104938e+02	-2.401419e-02
4.128648e+02	-2.919862e-02
4.152495e+02	-2.697516e-02
4.176480e+02	-3.643813e-02
4.200603e+02	-1.453242e-02
4.224866e+02	-2.942055e-02
4.249268e+02	-5.126547e-02
4.273812e+02	-4.143548e-02
4.298497e+02	-2.966183e-02
4.323325e+02	-3.892389e-02
4.348297e+02	-2.585980e-02
4.373412e+02	-2.382142e-02
4.398673e+02	-7.826205e-03
4.424079e+02	-2.486465e-02
4.449633e+02	-3.139300e-02
4.475334e+02	-3.233222e-02
4.501183e+02	-2.846635e-02
4.527182e+02	-2.684626e-02
4.553330e+02	-1.419073e-02
4.579630e+02	-3.115373e-02
4.606082e+02	-3.491914e-02
4.632687e+02	-3.442542e-02
4.659445e+02	-4.016166e-02
4.686358e+02	-3.641887e-02
4.713426e+02	-4.054212e-02
4.740650e+02	-5.509744e-02
4.768032e+02	-3.471569e-02
4.795572e+02	-5.108452e-02
4.823271e+02	-3.391894e-02
4.851130e+02	-3.365713e-02
4.879150e+02	-4.163526e-02
4.907332e+02	-3.419438e-02
4.935676e+02	-5.074322e-02
4.964185e+02	-2.677811e-02
4.992858e+02	-3.896097e-02
5.021696e+02	-3.538614e-02
5.050701e+02	-5.554384e-02
5.079874e+02	-4.365595e-02
5.109215e+02	-3.242573e-02
5.138726e+02	-4.650820e-02
5.168407e+02	-3.050329e-02
5.198259e+02	-3.758402e-02
5.228284e+02	-2.757946e-02
5.258482e+02	-4.810742e-02
5.288855e+02	-4.630278e-02
5.319403e+02	-4.765257e-02
5.350128e+02	-3.462031e-02
5.381030e+02	-3.248224e-02
5.412111e+02	-5.977797e-02
5.443371e+02	-5.751533e-02
5.474812e+02	-5.697490e-02
5.506434e+02	-4.305549e-02
5.538239e+02	-3.708392e-02
5.570228e+02	-4.964287e-02
5.602401e+02	-4.237121e-02
5.634760e+02	-2.413928e-02
5.667306e+02	-6.446290e-02
5.700040e+02	-4.298648e-02
5.732964e+02	-4.125609e-02
5.766077e+02	-3.961515e-02
5.799382e+02	-4.582008e-02
5.832879e+02	-6.068002e-02
5.866569e+02	-4.055675e-02
5.900454e+02	-3.648612e-02
5.934535e+02	-6.018789e-02
5.968813e+02	-4.821679e-02
6.003288e+02	-7.354384e-02
6.037963e+02	-7.408942e-02
6.072838e+02	-4.812934e-02
6.107914e+02	-5.243628e-02
6.143194e+02	-4.169299e-02
6.178676e+02	-6.455108e-02
6.214364e+02	-4.438256e-02
6.250258e+02	-4.747478e-02
6.286359e+02	-5.669617e-02
6.322669e+02	-6.271868e-02
6.359189e+02	-4.905138e-02
6.395919e+02	-6.388655e-02
6.432862e+02	-4.037354e-02
6.470017e+02	-5.138245e-02
6.507388e+02	-7.482920e-02
6.544974e+02	-5.388526e-02
6.582778e+02	-5.791432e-02
6.620800e+02	-4.886704e-02
6.659041e+02	-4.064442e-02
6.697504e+02	-5.688053e-02
6.736188e+02	-5.312025e-02
6.775096e+02	-5.933338e-02
6.814229e+02	-5.077683e-02
6.853587e+02	-6.661274e-02
6.893173e+02	-7.854440e-02
6.932988e+02	-6.821961e-02
6.973033e+02	-6.084400e-02
7.013309e+02	-8.328238e-02
7.053817e+02	-7.667416e-02
7.094560e+02	-6.701901e-02
7.135538e+02	-7.074206e-02
7.176752e+02	-9.010051e-02
7.218205e+02	-6.182086e-02
7.259897e+02	-7.636433e-02
7.301830e+02	-7.653886e-02
7.344005e+02	-7.923815e-02
7.386424e+02	-7.067523e-02
7.429087e+02	-8.475963e-02
7.471998e+02	-7.924657e-02
7.515155e+02	-1.053918e-01
7.558563e+02	-1.049339e-01
7.602221e+02	-8.381237e-02
7.646131e+02	-1.030015e-01
7.690295e+02	-8.762999e-02
7.734713e+02	-9.720864e-02
7.779389e+02	-9.611969e-02
7.824322e+02	-8.949850e-02
7.869515e+02	-9.072168e-02
7.914969e+02	-9.399973e-02
7.960686e+02	-9.876924e-02
8.006666e+02	-1.086324e-01
8.052912e+02	-9.863392e-02
8.099426e+02	-1.000375e-01
8.146208e+02	-9.913959e-02
8.193260e+02	-1.050482e-01
8.240584e+02	-1.093445e-01
8.288181e+02	-9.392253e-02
8.336053e+02	-1.179326e-01
8.384202e+02	-1.090264e-01
8.432629e+02	-1.003704e-01
8.481335e+02	-8.222772e-02
8.530323e+02	-9.485393e-02
8.579594e+02	-8.410056e-02
8.629149e+02	-1.039995e-01
8.678991e+02	-8.826084e-02
8.729120e+02	-1.087316e-01
8.779539e+02	-1.094600e-01
8.830250e+02	-1.067078e-01
8.881253e+02	-1.150362e-01
8.932551e+02	-1.181580e-01
8.984145e+02	-9.510141e-02
9.036037e+02	-1.146201e-01
9.088229e+02	-1.182430e-01
9.140722e+02	-1.216943e-01
9.193518e+02	-1.388708e-01
9.246620e+02	-1.153999e-01
9.300028e+02	-1.412236e-01
9.353744e+02	-1.369426e-01
9.407771e+02	-1.325601e-01
9.462110e+02	-1.195827e-01
9.516763e+02	-1.336106e-01
9.571731e+02	-1.442313e-01
9.627017e+02	-1.413096e-01
9.682622e+02	-1.425937e-01
9.738549e+02	-1.487867e-01
9.794798e+02	-1.306848e-01
9.851373e+02	-1.280088e-01
9.908274e+02	-1.533984e-01
9.965504e+02	-1.442548e-01
1.002306e+03	-1.451277e-01
1.008096e+03	-1.577698e-01
1.013918e+03	-1.472487e-01
1.019775e+03	-1.667119e-01
1.025665e+03	-1.526330e-01
1.031589e+03	-1.528100e-01
1.037548e+03	-1.556324e-01
1.043540e+03	-1.729621e-01
1.049568e+03	-1.508230e-01
1.055630e+03	-1.541879e-01
1.061727e+03	-1.743609e-01
1.067860e+03	-1.404745e-01
1.074028e+03	-1.805866e-01
1.080231e+03	-1.572995e-01
1.086471e+03	-1.768982e-01
1.092746e+03	-1.725367e-01
1.099058e+03	-1.528599e-01
1.105406e+03	-1.881285e-01
1.111791e+03	-1.724518e-01
1.118212e+03	-1.750141e-01
1.124671e+03	-1.757769e-01
1.131167e+03	-1.846422e-01
1.137701e+03	-1.773162e-01
1.144272e+03	-1.921472e-01
1.150881e+03	-2.093900e-01
1.157529e+03	-1.965949e-01
1.164215e+03	-1.850247e-01
1.170939e+03	-1.904499e-01
1.177702e+03	-2.005148e-01
1.184505e+03	-1.892741e-01
1.191346e+03	-1.985515e-01
1.198227e+03	-2.077014e-01
1.205148e+03	-2.094524e-01
1.212109e+03	-2.195396e-01
1.219110e+03	-2.110028e-01
1.226152e+03	-2.207879e-01
1.233234e+03	-2.170903e-01
1.240357e+03	-2.329746e-01
1.247521e+03	-2.344186e-01
1.254727e+03	-2.188542e-01
1.261974e+03	-2.606485e-01
1.269263e+03	-2.193771e-01
1.276595e+03	-2.244045e-01
1.283968e+03	-2.543321e-01
1.291384e+03	-2.297154e-01
1.298843e+03	-2.561366e-01
1.306345e+03	-2.424262e-01
1.313891e+03	-2.633809e-01
1.321480e+03	-2.622814e-01
1.329113e+03	-2.855776e-01
1.336790e+03	-2.642671e-01
1.344511e+03	-2.489046e-01
1.352277e+03	-2.715033e-01
1.360087e+03	-2.674288e-01
1.367943e+03	-2.587928e-01
1.375844e+03	-2.617363e-01
1.383791e+03	-2.608621e-01
1.391784e+03	-2.865551e-01
1.399823e+03	-2.818367e-01
1.407908e+03	-2.844600e-01
1.416040e+03	-2.954380e-01
1.424219e+03	-2.767444e-01
1.432445e+03	-3.055231e-01
1.440719e+03	-2.907623e-01
1.449041e+03	-2.951838e-01
1.457410e+03	-2.891335e-01
1.465828e+03	-3.032174e-01
1.474295e+03	-3.286817e-01
1.482810e+03	-3.301752e-01
1.491375e+03	-3.147716e-01
1.499989e+03	-3.153407e-01
1.508653e+03	-3.318373e-01
1.517367e+03	-3.271632e-01
1.526131e+03	-3.498520e-01
1.534946e+03	-3.392458e-01
1.543812e+03	-3.488768e-01
1.552729e+03	-3.303100e-01
1.561697e+03	-3.564620e-01
1.570717e+03	-3.570281e-01
1.579790e+03	-3.548743e-01
1.588915e+03	-3.752009e-01
1.598092e+03	-3.489211e-01
1.607323e+03	-3.745188e-01
1.616606e+03	-3.801976e-01
1.625944e+03	-3.697426e-01
1.635335e+03	-3.824338e-01
1.644781e+03	-3.901057e-01
1.654281e+03	-3.965969e-01
1.663836e+03	-3.846188e-01
1.673446e+03	-3.882184e-01
1.683112e+03	-4.137165e-01
1.692834e+03	-3.985325e-01
1.702611e+03	-4.041347e-01
1.712446e+03	-4.164875e-01
1.722337e+03	-4.256572e-01
1.732285e+03	-4.309703e-01
1.742290e+03	-4.313466e-01
1.752354e+03	-4.347492e-01
1.762475e+03	-4.550274e-01
1.772655e+03	-4.505259e-01
1.782894e+03	-4.505544e-01
1.793192e+03	-4.721769e-01
1.803549e+03	-4.551725e-01
1.813967e+03	-4.552815e-01
1.824444e+03	-4.646903e-01
1.834982e+03	-4.817203e-01
1.845581e+03	-4.691246e-01
1.856241e+03	-4.988756e-01
1.866962e+03	-4.826221e-01
1.877746e+03	-4.828595e-01
1.888592e+03	-5.206613e-01
1.899500e+03	-5.156034e-01
1.910472e+03	-5.089053e-01
1.921506e+03	-5.221810e-01
1.932605e+03	-5.207116e-01
1.943768e+03	-5.370557e-01
1.954995e+03	-5.271383e-01
1.966287e+03	-5.242584e-01
1.977644e+03	-5.477471e-01
1.989067e+03	-5.408016e-01
2.000555e+03	-5.511449e-01
2.012110e+03	-5.729884e-01
2.023732e+03	-5.580980e-01
2.035421e+03	-5.745908e-01
2.047178e+03	-5.899660e-01
2.059002e+03	-5.807185e-01
2.070895e+03	-5.995585e-01
2.082856e+03	-6.018387e-01
2.094887e+03	-5.926293e-01
2.106987e+03	-6.175798e-01
2.119157e+03	-6.372053e-01
2.131397e+03	-6.177237e-01
2.143708e+03	-6.280961e-01
2.156090e+03	-6.460508e-01
2.168543e+03	-6.466977e-01
2.181069e+03	-6.512994e-01
2.193666e+03	-6.527846e-01
2.206337e+03	-6.682318e-01
2.219081e+03	-6.730324e-01
2.231898e+03	-6.822331e-01
2.244789e+03	-6.899303e-01
2.257755e+03	-6.835544e-01
2.270796e+03	-7.122712e-01
2.283912e+03	-7.030560e-01
2.297104e+03	-7.256771e-01
2.310372e+03	-7.326248e-01
2.323716e+03	-7.272162e-01
2.337138e+03	-7.407518e-01
2.350637e+03	-7.524430e-01
2.364214e+03	-7.613417e-01
2.377870e+03	-7.680720e-01
2.391604e+03	-7.620908e-01
2.405418e+03	-8.026442e-01
2.419312e+03	-8.062177e-01
2.433286e+03	-7.979398e-01
2.447340e+03	-7.906817e-01
2.461476e+03	-8.154063e-01
2.475693e+03	-8.303001e-01
2.489993e+03	-8.385448e-01
2.504375e+03	-8.557499e-01
2.518840e+03	-8.526127e-01
2.533389e+03	-8.654948e-01
2.548022e+03	-8.658220e-01
2.562739e+03	-8.751757e-01
2.577541e+03	-8.650337e-01
2.592429e+03	-8.687531e-01
2.607403e+03	-9.020135e-01
2.622463e+03	-8.940319e-01
2.637610e+03	-9.305797e-01
2.652845e+03	-9.234593e-01
2.668168e+03	-9.514371e-01
2.683579e+03	-9.620422e-01
2.699079e+03	-9.546302e-01
2.714669e+03	-9.701529e-01
2.730349e+03	-9.936467e-01
2.746119e+03	-9.912010e-01
2.761981e+03	-1.015595e+00
2.777934e+03	-1.029417e+00
2.793979e+03	-1.032252e+00
2.810117e+03	-1.035925e+00
2.826348e+03	-1.059336e+00
2.842673e+03	-1.064769e+00
2.859092e+03	-1.072178e+00
2.875606e+03	-1.068671e+00
2.892215e+03	-1.071401e+00
2.908921e+03	-1.100968e+00
2.925722e+03	-1.123728e+00
2.942621e+03	-1.140983e+00
2.959618e+03	-1.138449e+00
2.976712e+03	-1.150593e+00
2.993906e+03	-1.146632e+00
3.011198e+03	-1.182906e+00
3.028591e+03	-1.182864e+00
3.046084e+03	-1.189479e+00
3.063678e+03	-1.189773e+00
3.081374e+03	-1.216675e+00
3.099172e+03	-1.226295e+00
3.117072e+03	-1.261434e+00
3.135076e+03	-1.268613e+00
3.153184e+03	-1.280567e+00
3.171397e+03	-1.291598e+00
3.189715e+03	-1.292528e+00
3.208139e+03	-1.317749e+00
3.226669e+03	-1.317819e+00
3.245306e+03	-1.324915e+00
3.264051e+03	-1.332474e+00
3.282904e+03	-1.372362e+00
3.301866e+03	-1.375058e+00
3.320937e+03	-1.378817e+00
3.340119e+03	-1.405119e+00
3.359411e+03	-1.432762e+00
3.378815e+03	-1.436115e+00
3.398331e+03	-1.457117e+00
3.417959e+03	-1.460137e+00
3.437701e+03	-1.474021e+00
3.457557e+03	-1.495543e+00
3.477528e+03	-1.500546e+00
3.497614e+03	-1.503917e+00
3.517816e+03	-1.527579e+00
3.538135e+03	-1.536119e+00
3.558571e+03	-1.564561e+00
3.579125e+03	-1.592511e+00
3.599798e+03	-1.589922e+00
3.620590e+03	-1.603676e+00
3.641503e+03	-1.618066e+00
3.662536e+03	-1.630990e+00
3.683691e+03	-1.650182e+00
3.704967e+03	-1.674633e+00
3.726367e+03	-1.699318e+00
3.747890e+03	-1.705125e+00
3.769538e+03	-1.716318e+00
3.791311e+03	-1.749404e+00
3.813209e+03	-1.728381e+00
3.835234e+03	-1.776825e+00
3.857386e+03	-1.792709e+00
3.879667e+03	-1.810165e+00
3.902075e+03	-1.813101e+00
3.924614e+03	-1.829565e+00
3.947282e+03	-1.861119e+00
3.970081e+03	-1.870936e+00
3.993012e+03	-1.876343e+00
4.016076e+03	-1.891414e+00
4.039272e+03	-1.914445e+00
4.062603e+03	-1.931440e+00
4.086069e+03	-1.951970e+00
4.109670e+03	-1.965808e+00
4.133407e+03	-1.999261e+00
4.157281e+03	-1.999623e+00
4.181294e+03	-2.007320e+00
4.205445e+03	-2.048415e+00
4.229735e+03	-2.068337e+00
4.254166e+03	-2.085848e+00
4.278738e+03	-2.104585e+00
4.303451e+03	-2.119333e+00
4.328308e+03	-2.138303e+00
4.353308e+03	-2.181275e+00
4.378453e+03	-2.172573e+00
4.403742e+03	-2.222455e+00
4.429178e+03	-2.229077e+00
4.454761e+03	-2.242754e+00
4.480492e+03	-2.276797e+00
4.506371e+03	-2.289737e+00
4.532399e+03	-2.302560e+00
4.558578e+03	-2.343940e+00
4.584908e+03	-2.350703e+00
4.611391e+03	-2.397975e+00
4.638026e+03	-2.415556e+00
4.664815e+03	-2.404860e+00
4.691759e+03	-2.428284e+00
4.718858e+03	-2.452882e+00
4.746114e+03	-2.481274e+00
4.773527e+03	-2.481562e+00
4.801099e+03	-2.515700e+00
4.828830e+03	-2.534537e+00
4.856721e+03	-2.562895e+00
4.884773e+03	-2.581098e+00
4.912988e+03	-2.615104e+00
4.941365e+03	-2.632519e+00
4.969906e+03	-2.634886e+00
4.998612e+03	-2.675204e+00
5.027484e+03	-2.710813e+00
5.056522e+03	-2.723619e+00
5.085729e+03	-2.746008e+00
5.115104e+03	-2.784857e+00
5.144648e+03	-2.820321e+00
5.174363e+03	-2.824030e+00
5.204250e+03	-2.855228e+00
5.234310e+03	-2.849547e+00
5.264543e+03	-2.869708e+00
5.294951e+03	-2.924712e+00
5.325534e+03	-2.945028e+00
5.356294e+03	-2.956855e+00
5.387232e+03	-2.980465e+00
5.418348e+03	-2.997284e+00
5.449645e+03	-3.048553e+00
5.481122e+03	-3.076012e+00
5.512780e+03	-3.084011e+00
5.544622e+03	-3.112110e+00
5.576647e+03	-3.138902e+00
5.608858e+03	-3.169665e+00
5.641254e+03	-3.172152e+00
5.673838e+03	-3.225631e+00
5.706610e+03	-3.251186e+00
5.739571e+03	-3.276017e+00
5.772723e+03	-3.292100e+00
5.806066e+03	-3.315492e+00
5.839601e+03	-3.356805e+00
5.873331e+03	-3.385013e+00
5.907255e+03	-3.406834e+00
5.941375e+03	-3.425373e+00
5.975692e+03	-3.443471e+00
6.010207e+03	-3.482409e+00
6.044922e+03	-3.519275e+00
6.079837e+03	-3.526123e+00
6.114954e+03	-3.582638e+00
6.150274e+03	-3.584226e+00
6.185797e+03	-3.619426e+00
6.221526e+03	-3.664579e+00
6.257462e+03	-3.669970e+00
6.293605e+03	-3.696317e+00
6.329956e+03	-3.736518e+00
6.366518e+03	-3.772516e+00
6.403290e+03	-3.808012e+00
6.440276e+03	-3.836189e+00
6.477474e+03	-3.849009e+00
6.514888e+03	-3.877892e+00
6.552518e+03	-3.915541e+00
6.590365e+03	-3.945695e+00
6.628430e+03	-4.002252e+00
6.666716e+03	-4.013252e+00
6.705223e+03	-4.040371e+00
6.743952e+03	-4.059607e+00
6.782905e+03	-4.092097e+00
6.822082e+03	-4.116180e+00
6.861486e+03	-4.141953e+00
6.901118e+03	-4.193334e+00
6.940979e+03	-4.203079e+00
6.981069e+03	-4.246302e+00
7.021392e+03	-4.280341e+00
7.061947e+03	-4.299708e+00
7.102737e+03	-4.330185e+00
7.143762e+03	-4.383709e+00
7.185024e+03	-4.397660e+00
7.226524e+03	-4.431886e+00
7.268264e+03	-4.470227e+00
7.310246e+03	-4.501461e+00
7.352469e+03	-4.504479e+00
7.394937e+03	-4.570323e+00
7.437650e+03	-4.599187e+00
7.480609e+03	-4.620930e+00
7.523817e+03	-4.651939e+00
7.567274e+03	-4.678962e+00
7.610982e+03	-4.720809e+00
7.654943e+03	-4.757419e+00
7.699158e+03	-4.806960e+00
7.743628e+03	-4.819358e+00
7.788355e+03	-4.844710e+00
7.833340e+03	-4.892795e+00
7.878585e+03	-4.918376e+00
7.924091e+03	-4.984248e+00
7.969861e+03	-4.982257e+00
8.015894e+03	-5.028990e+00
8.062194e+03	-5.063475e+00
8.108761e+03	-5.115582e+00
8.155596e+03	-5.129945e+00
8.202703e+03	-5.156422e+00
8.250081e+03	-5.198014e+00
8.297733e+03	-5.217056e+00
8.345661e+03	-5.258587e+00
8.393865e+03	-5.314790e+00
8.442348e+03	-5.345801e+00
8.491110e+03	-5.375928e+00
8.540155e+03	-5.403658e+00
8.589482e+03	-5.463913e+00
8.639095e+03	-5.494077e+00
8.688994e+03	-5.510503e+00
8.739181e+03	-5.536197e+00
8.789658e+03	-5.595490e+00
8.840427e+03	-5.604500e+00
8.891489e+03	-5.665335e+00
8.942846e+03	-5.693937e+00
8.994499e+03	-5.735458e+00
9.046451e+03	-5.765506e+00
9.098703e+03	-5.788120e+00
9.151257e+03	-5.845148e+00
9.204114e+03	-5.871811e+00
9.257277e+03	-5.899125e+00
9.310746e+03	-5.956599e+00
9.364525e+03	-5.996388e+00
9.418614e+03	-6.012094e+00
9.473015e+03	-6.048506e+00
9.527731e+03	-6.109780e+00
9.582763e+03	-6.119828e+00
9.638113e+03	-6.172917e+00
9.693782e+03	-6.211454e+00
9.749773e+03	-6.245929e+00
9.806087e+03	-6.288335e+00
9.862727e+03	-6.310329e+00
9.919693e+03	-6.362238e+00
9.976989e+03	-6.400780e+00
1.003462e+04	-6.446657e+00
1.009258e+04	-6.474570e+00
1.015087e+04	-6.509051e+00
1.020950e+04	-6.553501e+00
1.026847e+04	-6.597678e+00
1.032778e+04	-6.631399e+00
1.038743e+04	-6.693765e+00
1.044743e+04	-6.713010e+00
1.050777e+04	-6.779864e+00
1.056847e+04	-6.804977e+00
1.062951e+04	-6.839819e+00
1.069091e+04	-6.870396e+00
1.075266e+04	-6.921851e+00
1.081476e+04	-6.928595e+00
1.087723e+04	-6.989741e+00
1.094006e+04	-7.043911e+00
1.100324e+04	-7.072116e+00
1.106680e+04	-7.093173e+00
1.113072e+04	-7.153393e+00
1.119501e+04	-7.163994e+00
1.125967e+04	-7.224452e+00
1.132471e+04	-7.258813e+00
1.139012e+04	-7.314836e+00
1.145591e+04	-7.350675e+00
1.152208e+04	-7.376891e+00
1.158863e+04	-7.404029e+00
1.165556e+04	-7.452961e+00
1.172289e+04	-7.495946e+00
1.179060e+04	-7.533359e+00
1.185870e+04	-7.598352e+00
1.192719e+04	-7.626713e+00
1.199608e+04	-7.677012e+00
1.206537e+04	-7.722368e+00
1.213506e+04	-7.768794e+00
1.220515e+04	-7.785502e+00
1.227565e+04	-7.839977e+00
1.234655e+04	-7.876849e+00
1.241787e+04	-7.927841e+00
1.248959e+04	-7.948509e+00
1.256173e+04	-8.002552e+00
1.263429e+04	-8.042111e+00
1.270726e+04	-8.077500e+00
1.278066e+04	-8.129283e+00
1.285448e+04	-8.174679e+00
1.292873e+04	-8.211380e+00
1.300340e+04	-8.255406e+00
1.307851e+04	-8.297149e+00
1.315405e+04	-8.326998e+00
1.323003e+04	-8.380680e+00
1.330644e+04	-8.414120e+00
1.338330e+04	-8.437902e+00
1.346060e+04	-8.496262e+00
1.353835e+04	-8.557065e+00
1.361655e+04	-8.586072e+00
1.369520e+04	-8.622898e+00
1.377430e+04	-8.669816e+00
1.385386e+04	-8.698492e+00
1.393388e+04	-8.750794e+00
1.401436e+04	-8.796434e+00
1.409531e+04	-8.830954e+00
1.417672e+04	-8.880040e+00
1.425861e+04	-8.926197e+00
1.434096e+04	-8.982661e+00
1.442379e+04	-9.023588e+00
1.450711e+04	-9.048740e+00
1.459090e+04	-9.100454e+00
1.467518e+04	-9.148272e+00
1.475994e+04	-9.181599e+00
1.484519e+04	-9.225489e+00
1.493094e+04	-9.288087e+00
1.501718e+04	-9.330903e+00
1.510392e+04	-9.368843e+00
1.519116e+04	-9.395222e+00
1.527890e+04	-9.447335e+00
1.536715e+04	-9.486951e+00
1.545591e+04	-9.541790e+00
1.554518e+04	-9.589923e+00
1.563497e+04	-9.600306e+00
1.572528e+04	-9.658369e+00
1.581611e+04	-9.701854e+00
1.590746e+04	-9.748934e+00
1.599934e+04	-9.817532e+00
1.609175e+04	-9.843598e+00
1.618470e+04	-9.871466e+00
1.627818e+04	-9.904022e+00
1.637220e+04	-9.969694e+00
1.646677e+04	-1.003614e+01
1.656188e+04	-1.005985e+01
1.665754e+04	-1.010255e+01
1.675375e+04	-1.013097e+01
1.685052e+04	-1.017888e+01
1.694785e+04	-1.021839e+01
1.704574e+04	-1.027841e+01
1.714419e+04	-1.031070e+01
1.724322e+04	-1.035093e+01
1.734281e+04	-1.039442e+01
1.744299e+04	-1.043644e+01
1.754374e+04	-1.050036e+01
1.764507e+04	-1.053811e+01
1.774698e+04	-1.057745e+01
1.784949e+04	-1.061313e+01
1.795259e+04	-1.065899e+01
1.805628e+04	-1.072107e+01
1.816057e+04	-1.075100e+01
1.826547e+04	-1.080347e+01
1.837097e+04	-1.083955e+01
1.847708e+04	-1.090610e+01
1.858380e+04	-1.092912e+01
1.869114e+04	-1.098239e+01
1.879910e+04	-1.102508e+01
1.890768e+04	-1.107775e+01
1.901689e+04	-1.110521e+01
1.912673e+04	-1.113947e+01
1.923721e+04	-1.120206e+01
1.934832e+04	-1.125868e+01
1.946008e+04	-1.128497e+01
1.957248e+04	-1.133040e+01
1.968553e+04	-1.136922e+01
1.979923e+04	-1.142254e+01
1.991359e+04	-1.146482e+01
2.002861e+04	-1.150563e+01
2.014430e+04	-1.156007e+01
2.026065e+04	-1.159336e+01
2.037767e+04	-1.164462e+01
2.049537e+04	-1.168584e+01
2.061375e+04	-1.172803e+01
2.073282e+04	-1.176795e+01
2.085257e+04	-1.183324e+01
2.097301e+04	-1.188916e+01
2.109415e+04	-1.190870e+01
2.121599e+04	-1.194339e+01
2.133853e+04	-1.200750e+01
2.146178e+04	-1.204999e+01
2.158575e+04	-1.209033e+01
2.171043e+04	-1.214785e+01
2.183582e+04	-1.218643e+01
2.196195e+04	-1.221417e+01
2.208880e+04	-1.226667e+01
2.221638e+04	-1.232475e+01
2.234470e+04	-1.235789e+01
2.247377e+04	-1.240441e+01
2.260357e+04	-1.247676e+01
2.273413e+04	-1.249501e+01
2.286544e+04	-1.253162e+01
2.299751e+04	-1.258377e+01
2.313034e+04	-1.260410e+01
2.326394e+04	-1.267733e+01
2.339832e+04	-1.270685e+01
2.353346e+04	-1.275433e+01
2.366939e+04	-1.279913e+01
2.380610e+04	-1.285406e+01
2.394361e+04	-1.290417e+01
2.408191e+04	-1.294269e+01
2.422100e+04	-1.299133e+01
2.436090e+04	-1.301883e+01
2.450161e+04	-1.307682e+01
2.464313e+04	-1.311989e+01
2.478547e+04	-1.315958e+01
2.492863e+04	-1.321295e+01
2.507261e+04	-1.323838e+01
2.521743e+04	-1.328470e+01
2.536309e+04	-1.335216e+01
2.550958e+04	-1.338692e+01
2.565692e+04	-1.342627e+01
2.580512e+04	-1.348784e+01
2.595417e+04	-1.351469e+01
2.610408e+04	-1.357246e+01
2.625485e+04	-1.360916e+01
2.640650e+04	-1.363248e+01
2.655902e+04	-1.369931e+01
2.671243e+04	-1.376466e+01
2.686672e+04	-1.379267e+01
2.702190e+04	-1.383067e+01
2.717798e+04	-1.387250e+01
2.733495e+04	-1.391253e+01
2.749284e+04	-1.395853e+01
2.765164e+04	-1.399196e+01
2.781135e+04	-1.404184e+01
2.797199e+04	-1.409021e+01
2.813355e+04	-1.412945e+01
2.829605e+04	-1.417586e+01
2.845949e+04	-1.421343e+01
2.862387e+04	-1.427267e+01
2.878920e+04	-1.430494e+01
2.895549e+04	-1.435701e+01
2.912273e+04	-1.440538e+01
2.929094e+04	-1.442792e+01
2.946013e+04	-1.450594e+01
2.963029e+04	-1.455067e+01
2.980143e+04	-1.456509e+01
2.997356e+04	-1.463136e+01
3.014669e+04	-1.467445e+01
3.032081e+04	-1.469476e+01
3.049595e+04	-1.475312e+01
3.067209e+04	-1.479729e+01
3.084925e+04	-1.485200e+01
3.102743e+04	-1.489005e+01
3.120665e+04	-1.492926e+01
3.138690e+04	-1.497597e+01
3.156819e+04	-1.502679e+01
3.175052e+04	-1.504975e+01
3.193391e+04	-1.509075e+01
3.211836e+04	-1.516351e+01
3.230388e+04	-1.519878e+01
3.249046e+04	-1.521984e+01
3.267812e+04	-1.527384e+01
3.286687e+04	-1.531281e+01
3.305671e+04	-1.536517e+01
3.324764e+04	-1.538928e+01
3.343968e+04	-1.545837e+01
3.363283e+04	-1.548512e+01
3.382709e+04	-1.553147e+01
3.402247e+04	-1.554956e+01
3.421899e+04	-1.562331e+01
3.441663e+04	-1.564896e+01
3.461542e+04	-1.570168e+01
3.481536e+04	-1.573164e+01
3.501645e+04	-1.578292e+01
3.521871e+04	-1.584002e+01
3.542213e+04	-1.586399e+01
3.562672e+04	-1.593352e+01
3.583250e+04	-1.595780e+01
3.603947e+04	-1.599942e+01
3.624763e+04	-1.604062e+01
3.645700e+04	-1.608263e+01
3.666757e+04	-1.611618e+01
3.687936e+04	-1.616611e+01
3.709238e+04	-1.619899e+01
3.730662e+04	-1.626724e+01
3.752210e+04	-1.629131e+01
3.773883e+04	-1.631838e+01
3.795680e+04	-1.636859e+01
3.817604e+04	-1.641181e+01
3.839654e+04	-1.645820e+01
3.861832e+04	-1.649120e+01
3.884138e+04	-1.652961e+01
3.906573e+04	-1.659021e+01
3.929137e+04	-1.661896e+01
3.951831e+04	-1.667505e+01
3.974657e+04	-1.671634e+01
3.997614e+04	-1.675779e+01
4.020704e+04	-1.677657e+01
4.043928e+04	-1.682194e+01
4.067285e+04	-1.686544e+01
4.090778e+04	-1.689821e+01
4.114406e+04	-1.694262e+01
4.138171e+04	-1.699345e+01
4.162073e+04	-1.702529e+01
4.186113e+04	-1.706626e+01
4.210291e+04	-1.710555e+01
4.234610e+04	-1.715061e+01
4.259069e+04	-1.719557e+01
4.283669e+04	-1.722917e+01
4.308411e+04	-1.727054e+01
4.333297e+04	-1.731294e+01
4.358325e+04	-1.733403e+01
4.383499e+04	-1.736348e+01
4.408818e+04	-1.741477e+01
4.434283e+04	-1.746757e+01
4.459895e+04	-1.749101e+01
4.485655e+04	-1.755454e+01
4.511564e+04	-1.758276e+01
4.537623e+04	-1.762228e+01
4.563832e+04	-1.765295e+01
4.590193e+04	-1.768430e+01
4.616705e+04	-1.773072e+01
4.643371e+04	-1.776010e+01
4.670191e+04	-1.781455e+01
4.697166e+04	-1.783463e+01
4.724297e+04	-1.787592e+01
4.751584e+04	-1.790832e+01
4.779029e+04	-1.794714e+01
4.806633e+04	-1.798681e+01
4.834395e+04	-1.801338e+01
4.862319e+04	-1.804867e+01
4.890403e+04	-1.811290e+01
4.918650e+04	-1.814047e+01
4.947060e+04	-1.817505e+01
4.975634e+04	-1.821945e+01
5.004373e+04	-1.823929e+01
5.033278e+04	-1.828865e+01
5.062350e+04	-1.830313e+01
5.091590e+04	-1.837079e+01
5.120999e+04	-1.838168e+01
5.150578e+04	-1.841164e+01
5.180327e+04	-1.845519e+01
5.210248e+04	-1.848754e+01
5.240343e+04	-1.855167e+01
5.270611e+04	-1.858078e+01
5.301053e+04	-1.859454e+01
5.331672e+04	-1.862910e+01
5.362468e+04	-1.867675e+01
5.393441e+04	-1.867444e+01
5.424593e+04	-1.874654e+01
5.455926e+04	-1.877328e+01
5.487439e+04	-1.882265e+01
5.519134e+04	-1.882442e+01
5.551012e+04	-1.887585e+01
5.583075e+04	-1.892184e+01
5.615322e+04	-1.893918e+01
5.647756e+04	-1.897080e+01
5.680377e+04	-1.897861e+01
5.713187e+04	-1.904095e+01
5.746186e+04	-1.904419e+01
5.779376e+04	-1.909270e+01
5.812757e+04	-1.911038e+01
5.846332e+04	-1.915413e+01
5.880100e+04	-1.917875e+01
5.914063e+04	-1.921063e+01
5.948222e+04	-1.924153e+01
5.982579e+04	-1.926860e+01
6.017134e+04	-1.928158e+01
6.051889e+04	-1.933197e+01
6.086844e+04	-1.937098e+01
6.122002e+04	-1.938759e+01
6.157362e+04	-1.942392e+01
6.192927e+04	-1.944239e+01
6.228697e+04	-1.947786e+01
6.264674e+04	-1.949162e+01
6.300858e+04	-1.952454e+01
6.337252e+04	-1.956045e+01
6.373855e+04	-1.958892e+01
6.410670e+04	-1.960246e+01
6.447698e+04	-1.964288e+01
6.484940e+04	-1.964999e+01
6.522397e+04	-1.968034e+01
6.560070e+04	-1.972201e+01
6.597960e+04	-1.973296e+01
6.636070e+04	-1.977083e+01
6.674400e+04	-1.977794e+01
6.712951e+04	-1.981083e+01
6.751724e+04	-1.982302e+01
6.790722e+04	-1.987974e+01
6.829945e+04	-1.988403e+01
6.869395e+04	-1.989430e+01
6.909072e+04	-1.992746e+01
6.948978e+04	-1.995705e+01
6.989115e+04	-1.997808e+01
7.029484e+04	-1.997450e+01
7.070086e+04	-2.000924e+01
7.110923e+04	-2.003060e+01
7.151995e+04	-2.004612e+01
7.193305e+04	-2.006903e+01
7.234853e+04	-2.008882e+01
7.276641e+04	-2.010169e+01
7.318671e+04	-2.014576e+01
7.360943e+04	-2.014131e+01
7.403460e+04	-2.015940e+01
7.446222e+04	-2.019270e+01
7.489231e+04	-2.019931e+01
7.532488e+04	-2.023244e+01
7.575996e+04	-2.023084e+01
7.619754e+04	-2.027363e+01
7.663766e+04	-2.025804e+01
7.708031e+04	-2.029417e+01
7.752553e+04	-2.028985e+01
7.797331e+04	-2.030240e+01
7.842368e+04	-2.031773e+01
7.887665e+04	-2.033859e+01
7.933224e+04	-2.034884e+01
7.979046e+04	-2.035270e+01
8.025133e+04	-2.035730e+01
8.071486e+04	-2.038012e+01
8.118106e+04	-2.036941e+01
8.164996e+04	-2.041156e+01
8.212157e+04	-2.041406e+01
8.259590e+04	-2.042334e+01
8.307297e+04	-2.043258e+01
8.355279e+04	-2.043792e+01
8.403539e+04	-2.043272e+01
8.452078e+04	-2.044928e+01
8.500897e+04	-2.044998e+01
8.549997e+04	-2.048715e+01
8.599382e+04	-2.044581e+01
8.649052e+04	-2.048455e+01
8.699008e+04	-2.047849e+01
8.749253e+04	-2.045712e+01
8.799789e+04	-2.048801e+01
8.850616e+04	-2.049308e+01
8.901737e+04	-2.047158e+01
8.953153e+04	-2.048318e+01
9.004866e+04	-2.048092e+01
9.056877e+04	-2.047011e+01
9.109190e+04	-2.045619e+01
9.161804e+04	-2.048099e+01
9.214722e+04	-2.046004e+01
9.267946e+04	-2.046755e+01
9.321477e+04	-2.045714e+01
9.375318e+04	-2.046017e+01
9.429469e+04	-2.044022e+01
9.483933e+04	-2.042467e+01
9.538712e+04	-2.042973e+01
9.593807e+04	-2.042834e+01
9.649221e+04	-2.038630e+01
9.704954e+04	-2.039559e+01
9.761010e+04	-2.038288e+01
9.817389e+04	-2.036076e+01
9.874094e+04	-2.035933e+01
9.931126e+04	-2.035408e+01
9.988488e+04	-2.032396e+01
1.004618e+05	-2.030163e+01
1.010421e+05	-2.030508e+01
1.016257e+05	-2.026854e+01
1.022127e+05	-2.023149e+01
1.028031e+05	-2.023080e+01
1.033968e+05	-2.020296e+01
1.039941e+05	-2.017706e+01
1.045947e+05	-2.013871e+01
1.051989e+05	-2.012226e+01
1.058065e+05	-2.010814e+01
1.064176e+05	-2.007157e+01
1.070323e+05	-2.002621e+01
1.076505e+05	-2.001188e+01
1.082723e+05	-1.997102e+01
1.088977e+05	-1.993788e+01
1.095266e+05	-1.990048e+01
1.101593e+05	-1.986237e+01
1.107955e+05	-1.982495e+01
1.114355e+05	-1.977025e+01
1.120791e+05	-1.974145e+01
1.127265e+05	-1.971190e+01
1.133776e+05	-1.966797e+01
1.140325e+05	-1.960754e+01
1.146911e+05	-1.956040e+01
1.153536e+05	-1.951742e+01
1.160198e+05	-1.944703e+01
1.166900e+05	-1.941159e+01
1.173640e+05	-1.935094e+01
1.180419e+05	-1.931349e+01
1.187237e+05	-1.923653e+01
1.194094e+05	-1.918712e+01
1.200991e+05	-1.911485e+01
1.207928e+05	-1.904618e+01
1.214905e+05	-1.897297e+01
1.221922e+05	-1.890486e+01
1.228980e+05	-1.883245e+01
1.236078e+05	-1.875976e+01
1.243218e+05	-1.866398e+01
1.250399e+05	-1.859833e+01
1.257621e+05	-1.853119e+01
1.264885e+05	-1.842112e+01
1.272191e+05	-1.834844e+01
1.279539e+05	-1.823794e+01
1.286930e+05	-1.815798e+01
1.294363e+05	-1.805994e+01
1.301839e+05	-1.795464e+01
1.309358e+05	-1.784380e+01
1.316921e+05	-1.774686e+01
1.324528e+05	-1.762166e+01
1.332178e+05	-1.751326e+01
1.339873e+05	-1.741320e+01
1.347612e+05	-1.726406e+01
1.355395e+05	-1.715582e+01
1.363224e+05	-1.702060e+01
1.371098e+05	-1.689351e+01
1.379018e+05	-1.675938e+01
1.386983e+05	-1.660710e+01
1.394994e+05	-1.644876e+01
1.403051e+05	-1.630659e+01
1.411155e+05	-1.613611e+01
1.419306e+05	-1.595514e+01
1.427504e+05	-1.580168e+01
1.435749e+05	-1.561779e+01
1.444042e+05	-1.544108e+01
1.452383e+05	-1.522691e+01
1.460772e+05	-1.503420e+01
1.469209e+05	-1.482898e+01
1.477695e+05	-1.460133e+01
1.486230e+05	-1.440216e+01
1.494814e+05	-1.416829e+01
1.503448e+05	-1.391161e+01
1.512132e+05	-1.366648e+01
1.520866e+05	-1.340607e+01
1.529651e+05	-1.311899e+01
1.538486e+05	-1.283969e+01
1.547372e+05	-1.252469e+01
1.556310e+05	-1.221277e+01
1.565299e+05	-1.188280e+01
1.574340e+05	-1.152712e+01
1.583433e+05	-1.115984e+01
1.592579e+05	-1.076412e+01
1.601778e+05	-1.037071e+01
1.611030e+05	-9.928632e+00
1.620335e+05	-9.486009e+00
1.629694e+05	-9.009617e+00
1.639107e+05	-8.482237e+00
1.648574e+05	-7.935485e+00
1.658097e+05	-7.367041e+00
1.667674e+05	-6.746662e+00
1.677306e+05	-6.090683e+00
1.686994e+05	-5.388108e+00
1.696738e+05	-4.657064e+00
1.706538e+05	-3.869840e+00
1.716395e+05	-3.059261e+00
1.726309e+05	-2.238134e+00
1.736280e+05	-1.464473e+00
1.746309e+05	-7.660893e-01
1.756395e+05	-2.276693e-01
1.766540e+05	1.525677e-02
1.776744e+05	-2.653279e-02
1.787006e+05	-4.064924e-01
1.797328e+05	-1.016166e+00
1.807709e+05	-1.796182e+00
1.818150e+05	-2.625505e+00
1.828652e+05	-3.509865e+00
1.839214e+05	-4.364084e+00
1.849837e+05	-5.177984e+00
1.860522e+05	-5.976668e+00
1.871268e+05	-6.731934e+00
1.882077e+05	-7.433349e+00
1.892948e+05	-8.076958e+00
1.903881e+05	-8.712375e+00
1.914878e+05	-9.299907e+00
1.925938e+05	-9.870762e+00
1.937062e+05	-1.038060e+01
1.948251e+05	-1.088046e+01
1.959504e+05	-1.136644e+01
1.970822e+05	-1.181613e+01
1.982205e+05	-1.224101e+01
1.993654e+05	-1.266230e+01
2.005169e+05	-1.303722e+01
2.016751e+05	-1.342601e+01
2.028400e+05	-1.378796e+01
2.040116e+05	-1.411743e+01
2.051899e+05	-1.444735e+01
2.063751e+05	-1.475188e+01
2.075671e+05	-1.505829e+01
2.087660e+05	-1.536492e+01
2.099719e+05	-1.563507e+01
2.111846e+05	-1.588729e+01
2.124044e+05	-1.616328e+01
2.136313e+05	-1.643275e+01
2.148652e+05	-1.666714e+01
2.161063e+05	-1.688601e+01
2.173545e+05	-1.711716e+01
2.186099e+05	-1.731487e+01
2.198726e+05	-1.751741e+01
2.211426e+05	-1.773424e+01
2.224199e+05	-1.792203e+01
2.237046e+05	-1.810160e+01
2.249967e+05	-1.825868e+01
2.262962e+05	-1.844997e+01
2.276033e+05	-1.858827e+01
2.289179e+05	-1.874600e+01
2.302402e+05	-1.890232e+01
2.315700e+05	-1.904611e+01
2.329076e+05	-1.916351e+01
2.342528e+05	-1.931278e+01
2.356059e+05	-1.942342e+01
2.369667e+05	-1.952873e+01
2.383354e+05	-1.965924e+01
2.397120e+05	-1.975906e+01
2.410966e+05	-1.985649e+01
2.424892e+05	-1.993986e+01
2.438898e+05	-2.003545e+01
2.452985e+05	-2.009990e+01
2.467153e+05	-2.020353e+01
2.481403e+05	-2.024038e+01
2.495736e+05	-2.032697e+01
2.510151e+05	-2.038294e+01
2.524650e+05	-2.042890e+01
2.539232e+05	-2.046165e+01
2.553898e+05	-2.050082e+01
2.568650e+05	-2.052806e+01
2.583486e+05	-2.054612e+01
2.598408e+05	-2.057495e+01
2.613416e+05	-2.058606e+01
2.628511e+05	-2.059238e+01
2.643694e+05	-2.058004e+01
2.658963e+05	-2.057945e+01
2.674321e+05	-2.054394e+01
2.689768e+05	-2.053926e+01
2.705304e+05	-2.050608e+01
2.720930e+05	-2.048356e+01
2.736646e+05	-2.040853e+01
2.752453e+05	-2.036885e+01
2.768351e+05	-2.030356e+01
2.784341e+05	-2.022994e+01
2.800423e+05	-2.014339e+01
2.816598e+05	-2.009448e+01
2.832867e+05	-1.997597e+01
2.849229e+05	-1.984960e+01
2.865686e+05	-1.973995e+01
2.882238e+05	-1.960295e+01
2.898886e+05	-1.945656e+01
2.915630e+05	-1.931141e+01
2.932470e+05	-1.915690e+01
2.949408e+05	-1.895252e+01
2.966444e+05	-1.876485e+01
2.983578e+05	-1.855772e+01
3.000811e+05	-1.833176e+01
3.018143e+05	-1.810219e+01
3.035576e+05	-1.781767e+01
3.053109e+05	-1.754989e+01
3.070744e+05	-1.724230e+01
3.088481e+05	-1.691964e+01
3.106320e+05	-1.658627e+01
3.124261e+05	-1.617250e+01
3.142307e+05	-1.578121e+01
3.160457e+05	-1.533379e+01
3.178712e+05	-1.485590e+01
3.197072e+05	-1.435260e+01
3.215538e+05	-1.376875e+01
3.234111e+05	-1.315435e+01
3.252791e+05	-1.246774e+01
3.271579e+05	-1.172341e+01
3.290475e+05	-1.089394e+01
3.309481e+05	-9.935997e+00
3.328596e+05	-8.875436e+00
3.347822e+05	-7.655406e+00
3.367159e+05	-6.274165e+00
3.386608e+05	-4.733680e+00
3.406169e+05	-2.988740e+00
3.425842e+05	-1.269067e+00
3.445630e+05	-1.202731e-01
3.465532e+05	-2.446742e-01
3.485549e+05	-1.596106e+00
3.505681e+05	-3.408448e+00
3.525930e+05	-5.208645e+00
3.546295e+05	-6.820955e+00
3.566778e+05	-8.235856e+00
3.587380e+05	-9.485262e+00
3.608101e+05	-1.060398e+01
3.628941e+05	-1.158477e+01
3.649901e+05	-1.248508e+01
3.670983e+05	-1.328128e+01
3.692187e+05	-1.400924e+01
3.713513e+05	-1.467715e+01
3.734962e+05	-1.528913e+01
3.756535e+05	-1.586697e+01
3.778232e+05	-1.637088e+01
3.800055e+05	-1.687823e+01
3.822004e+05	-1.734944e+01
3.844080e+05	-1.773231e+01
3.866283e+05	-1.812265e+01
3.888615e+05	-1.849361e+01
3.911075e+05	-1.881358e+01
3.933665e+05	-1.910100e+01
3.956386e+05	-1.938800e+01
3.979238e+05	-1.964180e+01
4.002222e+05	-1.986803e+01
4.025338e+05	-2.007261e+01
4.048589e+05	-2.028709e+01
4.071973e+05	-2.044096e+01
4.095493e+05	-2.057952e+01
4.119148e+05	-2.070763e+01
4.142940e+05	-2.083493e+01
4.166870e+05	-2.094018e+01
4.190937e+05	-2.099818e+01
4.215144e+05	-2.104098e+01
4.239490e+05	-2.105881e+01
4.263978e+05	-2.107542e+01
4.288606e+05	-2.107113e+01
4.313377e+05	-2.102790e+01
4.338291e+05	-2.099156e+01
4.363349e+05	-2.090061e+01
4.388551e+05	-2.080341e+01
4.413899e+05	-2.064514e+01
4.439394e+05	-2.050428e+01
4.465035e+05	-2.031909e+01
4.490825e+05	-2.009306e+01
4.516764e+05	-1.987083e+01
4.542853e+05	-1.957790e+01
4.569092e+05	-1.923486e+01
4.595483e+05	-1.887706e+01
4.622026e+05	-1.848257e+01
4.648723e+05	-1.801392e+01
4.675574e+05	-1.749427e+01
4.702580e+05	-1.689965e+01
4.729742e+05	-1.622681e+01
4.757060e+05	-1.546736e+01
4.784537e+05	-1.460706e+01
4.812172e+05	-1.360598e+01
4.839967e+05	-1.244393e+01
4.867923e+05	-1.104672e+01
4.896040e+05	-9.361175e+00
4.924319e+05	-7.305003e+00
4.952762e+05	-4.670225e+00
4.981369e+05	-1.632507e+00
5.010141e+05	1.688489e-01
5.039079e+05	-1.741931e+00
5.068185e+05	-4.871766e+00
5.097458e+05	-7.576734e+00
5.126901e+05	-9.755288e+00
5.156514e+05	-1.150467e+01
5.186298e+05	-1.299662e+01
5.216253e+05	-1.424747e+01
5.246382e+05	-1.530974e+01
5.276685e+05	-1.627066e+01
5.307163e+05	-1.709484e+01
5.337817e+05	-1.781325e+01
5.368648e+05	-1.844828e+01
5.399657e+05	-1.902383e+01
5.430845e+05	-1.952319e+01
5.462214e+05	-1.997180e+01
5.493763e+05	-2.037950e+01
5.525495e+05	-2.068491e+01
5.557410e+05	-2.097147e+01
5.589509e+05	-2.122205e+01
5.621794e+05	-2.138772e+01
5.654265e+05	-2.154234e+01
5.686924e+05	-2.161604e+01
5.719772e+05	-2.166360e+01
5.752809e+05	-2.165424e+01
5.786037e+05	-2.161032e+01
5.819457e+05	-2.149471e+01
5.853070e+05	-2.133659e+01
5.886877e+05	-2.112000e+01
5.920879e+05	-2.082606e+01
5.955078e+05	-2.049538e+01
5.989474e+05	-2.005494e+01
6.024069e+05	-1.952589e+01
6.058864e+05	-1.893514e+01
6.093860e+05	-1.817309e+01
6.129058e+05	-1.727691e+01
6.164459e+05	-1.619578e+01
6.200064e+05	-1.491602e+01
6.235876e+05	-1.328690e+01
6.271894e+05	-1.120035e+01
6.308120e+05	-8.425189e+00
6.344555e+05	-4.514073e+00
6.381201e+05	-3.307868e-01
6.418059e+05	-2.715439e+00
6.455129e+05	-7.227781e+00
6.492414e+05	-1.053804e+01
6.529914e+05	-1.300453e+01
6.567630e+05	-1.492281e+01
6.605565e+05	-1.643707e+01
6.643718e+05	-1.771898e+01
6.682092e+05	-1.872658e+01
6.720688e+05	-1.963284e+01
6.759506e+05	-2.036499e+01
6.798549e+05	-2.096527e+01
6.837817e+05	-2.148292e+01
6.877312e+05	-2.185987e+01
6.917035e+05	-2.215546e+01
6.956987e+05	-2.236578e+01
6.997171e+05	-2.247698e+01
7.037586e+05	-2.247855e+01
7.078235e+05	-2.238318e+01
7.119118e+05	-2.217775e+01
7.160238e+05	-2.185910e+01
7.201595e+05	-2.143276e+01
7.243191e+05	-2.085543e+01
7.285028e+05	-2.008252e+01
7.327106e+05	-1.909446e+01
7.369427e+05	-1.784771e+01
7.411992e+05	-1.621729e+01
7.454804e+05	-1.402987e+01
7.497862e+05	-1.091278e+01
7.541170e+05	-5.961151e+00
7.584727e+05	1.621872e-01
7.628536e+05	-5.876499e+00
7.672598e+05	-1.104668e+01
7.716915e+05	-1.438573e+01
7.761488e+05	-1.673577e+01
7.806318e+05	-1.850754e+01
7.851407e+05	-1.985623e+01
7.896756e+05	-2.089598e+01
7.942367e+05	-2.172992e+01
7.988242e+05	-2.234711e+01
8.034382e+05	-2.272847e+01
8.080788e+05	-2.296605e+01
8.127463e+05	-2.296997e+01
8.174406e+05	-2.282057e+01
8.221621e+05	-2.242895e+01
8.269109e+05	-2.180563e+01
8.316871e+05	-2.088515e+01
8.364909e+05	-1.956654e+01
8.413225e+05	-1.771809e+01
8.461819e+05	-1.496428e+01
8.510694e+05	-1.046408e+01
8.559852e+05	-1.607805e+00
8.609293e+05	-6.444219e+00
8.659020e+05	-1.319006e+01
8.709034e+05	-1.698257e+01
8.759337e+05	-1.950320e+01
8.809931e+05	-2.127870e+01
8.860816e+05	-2.257549e+01
8.911996e+05	-2.342735e+01
8.963471e+05	-2.398312e+01
9.015244e+05	-2.415340e+01
9.067316e+05	-2.403473e+01
9.119688e+05	-2.355674e+01
9.172363e+05	-2.260261e+01
9.225342e+05	-2.108466e+01
9.278628e+05	-1.863948e+01
9.332221e+05	-1.459680e+01
9.386123e+05	-5.722571e+00
9.440337e+05	-7.395515e+00
9.494864e+05	-1.554741e+01
9.549706e+05	-1.954937e+01
9.604865e+05	-2.200005e+01
9.660342e+05	-2.349744e+01
9.716140e+05	-2.429513e+01
9.772260e+05	-2.443435e+01
9.828704e+05	-2.394181e+01
9.885474e+05	-2.255061e+01
9.942572e+05	-1.991391e+01
1.000000e+06	-1.447129e+01
