Frequency(Hz)	Magnitude(dB)
1.000000e+01	1.119059e-02
1.005776e+01	8.800889e-03
1.011585e+01	-3.269862e-04
1.017428e+01	-1.067774e-02
1.023305e+01	-5.520528e-03
1.029215e+01	1.120457e-02
1.035160e+01	5.537215e-04
1.041139e+01	8.600097e-03
1.047153e+01	-1.176473e-02
1.053201e+01	-1.108266e-02
1.059284e+01	-9.228798e-03
1.065403e+01	5.563013e-04
1.071556e+01	1.541032e-03
1.077746e+01	-8.621098e-04
1.083971e+01	-3.194067e-03
1.090232e+01	-9.490042e-03
1.096529e+01	-9.459846e-03
1.102862e+01	3.242286e-03
1.109232e+01	1.245059e-02
1.115639e+01	1.131369e-02
1.122083e+01	-1.344409e-02
1.128564e+01	1.275066e-04
1.135083e+01	2.285980e-03
1.141639e+01	7.869104e-03
1.148233e+01	3.203438e-03
1.154865e+01	6.194552e-03
1.161536e+01	-2.397633e-03
1.168245e+01	-1.205833e-02
1.174992e+01	-3.839216e-03
1.181779e+01	1.490267e-02
1.188605e+01	7.628540e-03
1.195470e+01	-1.268635e-02
1.202375e+01	-4.835498e-03
1.209320e+01	-1.060906e-03
1.216305e+01	6.313659e-03
1.223330e+01	-8.915327e-03
1.230396e+01	-1.080473e-02
1.237503e+01	6.271695e-03
1.244651e+01	7.026486e-03
1.251840e+01	-4.387281e-04
1.259070e+01	1.250511e-03
1.266343e+01	7.998904e-03
1.273657e+01	2.983478e-02
1.281014e+01	1.877803e-02
1.288413e+01	4.375882e-03
1.295855e+01	8.995665e-04
1.303339e+01	-4.587792e-04
1.310867e+01	2.952463e-03
1.318439e+01	2.576998e-03
1.326054e+01	1.364307e-03
1.333713e+01	1.703474e-03
1.341417e+01	1.055324e-02
1.349165e+01	1.115006e-02
1.356958e+01	1.816320e-02
1.364795e+01	4.269121e-03
1.372678e+01	4.861624e-03
1.380607e+01	-4.668496e-03
1.388581e+01	2.590215e-02
1.396602e+01	1.445129e-02
1.404668e+01	3.662507e-03
1.412782e+01	-6.022352e-03
1.420942e+01	-6.592879e-03
1.429149e+01	-5.773832e-03
1.437404e+01	8.025687e-03
1.445706e+01	-2.039938e-03
1.454057e+01	1.729746e-02
1.462455e+01	-7.654380e-03
1.470902e+01	4.979530e-04
1.479398e+01	-1.202661e-02
1.487943e+01	-1.346301e-02
1.496537e+01	-2.241663e-03
1.505181e+01	2.379736e-02
1.513875e+01	1.522389e-02
1.522619e+01	-4.038665e-03
1.531414e+01	1.155841e-02
1.540259e+01	-2.005003e-03
1.549156e+01	5.080021e-03
1.558103e+01	-8.006381e-03
1.567103e+01	7.622249e-03
1.576155e+01	1.185997e-02
1.585258e+01	3.827461e-03
1.594415e+01	-3.197262e-03
1.603624e+01	1.483770e-02
1.612886e+01	-4.826295e-03
1.622202e+01	-7.928328e-03
1.631572e+01	8.824409e-03
1.640996e+01	1.896160e-02
1.650474e+01	-8.155993e-03
1.660008e+01	-2.971807e-03
1.669596e+01	8.036996e-03
1.679239e+01	2.123047e-02
1.688938e+01	-1.605115e-02
1.698694e+01	1.550170e-03
1.708505e+01	-2.098200e-03
1.718373e+01	-1.627776e-02
1.728299e+01	-3.246518e-04
1.738281e+01	-1.604283e-03
1.748322e+01	6.612998e-03
1.758420e+01	2.070081e-02
1.768576e+01	7.429595e-03
1.778792e+01	-1.161597e-02
1.789066e+01	-5.269091e-04
1.799399e+01	8.648540e-03
1.809793e+01	-1.612662e-02
1.820246e+01	-1.496729e-03
1.830760e+01	3.304945e-03
1.841334e+01	-1.372059e-02
1.851969e+01	-1.221439e-02
1.862666e+01	7.435926e-03
1.873425e+01	5.755501e-03
1.884246e+01	7.847545e-03
1.895129e+01	-1.322923e-04
1.906075e+01	1.052265e-02
1.917085e+01	3.906679e-03
1.928158e+01	1.435383e-02
1.939295e+01	6.394581e-03
1.950496e+01	2.163551e-02
1.961762e+01	-2.144416e-03
1.973093e+01	1.742965e-02
1.984490e+01	1.645540e-02
1.995952e+01	-1.055062e-02
2.007480e+01	-7.541749e-03
2.019076e+01	1.193923e-02
2.030738e+01	6.053902e-03
2.042467e+01	9.373436e-04
2.054264e+01	-4.511786e-03
2.066130e+01	2.141497e-03
2.078064e+01	4.116830e-03
2.090066e+01	-1.576067e-02
2.102139e+01	-2.036565e-03
2.114280e+01	9.168794e-03
2.126492e+01	5.394611e-03
2.138775e+01	2.128958e-03
2.151128e+01	3.755319e-03
2.163553e+01	1.027989e-02
2.176050e+01	1.083300e-02
2.188619e+01	5.252057e-03
2.201260e+01	-1.897291e-03
2.213974e+01	2.013294e-02
2.226762e+01	7.988969e-03
2.239624e+01	1.269176e-02
2.252560e+01	1.543086e-03
2.265571e+01	-1.439675e-04
2.278656e+01	-1.352520e-02
2.291818e+01	1.019068e-02
2.305055e+01	6.736950e-03
2.318369e+01	-1.953461e-02
2.331760e+01	-9.080082e-03
2.345228e+01	-1.613487e-03
2.358774e+01	3.790982e-03
2.372398e+01	2.766882e-03
2.386101e+01	1.166660e-02
2.399883e+01	2.268949e-02
2.413745e+01	-8.815811e-04
2.427686e+01	9.669725e-04
2.441709e+01	5.823396e-03
2.455812e+01	1.819195e-02
2.469997e+01	6.507771e-03
2.484263e+01	1.196192e-02
2.498612e+01	-3.450720e-03
2.513044e+01	4.965735e-03
2.527559e+01	4.149695e-03
2.542158e+01	5.280787e-03
2.556842e+01	1.697910e-03
2.571610e+01	8.476568e-04
2.586463e+01	5.185188e-03
2.601403e+01	2.153460e-03
2.616428e+01	-1.709883e-02
2.631541e+01	-1.221629e-02
2.646740e+01	1.818668e-02
2.662028e+01	9.224584e-04
2.677404e+01	-5.788561e-03
2.692868e+01	2.842409e-03
2.708422e+01	-1.554529e-02
2.724066e+01	1.004636e-02
2.739800e+01	-3.982603e-03
2.755625e+01	-1.917294e-03
2.771541e+01	-5.716669e-03
2.787550e+01	-1.654075e-02
2.803650e+01	-1.699009e-03
2.819844e+01	8.517366e-03
2.836131e+01	9.218401e-03
2.852513e+01	5.552571e-03
2.868989e+01	-9.394119e-04
2.885560e+01	2.384909e-02
2.902227e+01	-2.522736e-03
2.918990e+01	1.297698e-02
2.935850e+01	1.655470e-02
2.952807e+01	2.954857e-03
2.969863e+01	-1.368543e-03
2.987016e+01	-2.781015e-03
3.004269e+01	9.743252e-03
3.021622e+01	-9.271122e-03
3.039075e+01	2.163516e-03
3.056628e+01	2.519830e-02
3.074283e+01	-1.806322e-03
3.092040e+01	1.988620e-02
3.109900e+01	-1.223904e-02
3.127862e+01	-4.647699e-03
3.145929e+01	3.312839e-06
3.164099e+01	1.158719e-02
3.182375e+01	4.563174e-03
3.200756e+01	-1.004758e-02
3.219244e+01	-7.121421e-03
3.237838e+01	-1.835381e-03
3.256540e+01	-9.780251e-03
3.275349e+01	2.024771e-03
3.294268e+01	-2.940276e-03
3.313295e+01	-5.834131e-03
3.332433e+01	5.310722e-03
3.351681e+01	-1.290307e-02
3.371040e+01	3.947171e-03
3.390511e+01	1.270855e-02
3.410094e+01	6.726575e-04
3.429791e+01	-9.583995e-03
3.449601e+01	-7.184988e-05
3.469526e+01	-1.773480e-03
3.489566e+01	-3.698315e-03
3.509721e+01	-1.248063e-03
3.529993e+01	6.452751e-03
3.550382e+01	8.699282e-03
3.570889e+01	1.648674e-03
3.591515e+01	-7.686716e-03
3.612259e+01	-3.165487e-03
3.633123e+01	-1.915515e-02
3.654108e+01	-1.822324e-02
3.675214e+01	3.029749e-02
3.696442e+01	-2.152765e-02
3.717792e+01	2.082400e-03
3.739266e+01	6.838565e-04
3.760864e+01	1.037686e-02
3.782587e+01	2.743015e-03
3.804435e+01	-7.442654e-03
3.826409e+01	1.561554e-03
3.848510e+01	-4.315707e-04
3.870739e+01	-6.717261e-03
3.893096e+01	8.845673e-03
3.915583e+01	1.174312e-02
3.938199e+01	1.031670e-02
3.960946e+01	1.287529e-02
3.983824e+01	4.736764e-03
4.006834e+01	-5.250809e-03
4.029978e+01	3.613618e-03
4.053255e+01	-2.877306e-05
4.076666e+01	-4.621783e-03
4.100213e+01	-1.178706e-02
4.123896e+01	-6.864381e-03
4.147715e+01	-2.412151e-03
4.171672e+01	4.355811e-03
4.195767e+01	-1.215345e-03
4.220002e+01	-1.668743e-04
4.244377e+01	-1.338522e-02
4.268892e+01	5.700155e-03
4.293549e+01	-6.924855e-03
4.318348e+01	5.053952e-03
4.343291e+01	5.251066e-03
4.368377e+01	1.635205e-02
4.393609e+01	1.323827e-03
4.418986e+01	3.397868e-03
4.444510e+01	-6.341522e-04
4.470182e+01	-5.025653e-03
4.496001e+01	1.398414e-02
4.521970e+01	6.568153e-05
4.548089e+01	-5.599362e-03
4.574358e+01	3.417546e-03
4.600779e+01	1.199580e-03
4.627353e+01	-1.495057e-02
4.654081e+01	-1.114206e-03
4.680963e+01	1.184366e-02
4.708000e+01	-9.577109e-03
4.735193e+01	-4.195507e-03
4.762543e+01	1.253461e-03
4.790051e+01	4.122193e-04
4.817719e+01	6.013883e-04
4.845545e+01	1.331656e-02
4.873533e+01	1.457741e-02
4.901682e+01	-6.103882e-03
4.929994e+01	-1.323787e-03
4.958470e+01	-8.779403e-03
4.987110e+01	-6.368735e-03
5.015915e+01	-1.676174e-02
5.044887e+01	-2.116824e-03
5.074026e+01	6.446165e-04
5.103333e+01	5.476588e-03
5.132810e+01	1.658017e-02
5.162457e+01	-5.064993e-03
5.192275e+01	-1.257451e-02
5.222265e+01	-1.386589e-03
5.252429e+01	-7.700331e-03
5.282767e+01	7.299996e-03
5.313280e+01	-8.386339e-03
5.343969e+01	1.200603e-02
5.374836e+01	1.647956e-03
5.405880e+01	-3.313592e-03
5.437105e+01	-3.674650e-04
5.468509e+01	3.148818e-02
5.500095e+01	1.233677e-02
5.531863e+01	-8.961576e-04
5.563815e+01	-9.364424e-03
5.595951e+01	-8.118163e-03
5.628273e+01	-1.443025e-02
5.660782e+01	4.229510e-03
5.693479e+01	-9.013189e-04
5.726364e+01	2.221168e-02
5.759439e+01	2.631547e-03
5.792705e+01	8.934271e-03
5.826164e+01	-2.244019e-02
5.859815e+01	7.471083e-03
5.893662e+01	7.520383e-03
5.927703e+01	1.026086e-02
5.961941e+01	4.633403e-03
5.996377e+01	1.350174e-02
6.031012e+01	-1.245548e-02
6.065847e+01	-1.311416e-02
6.100883e+01	-1.157646e-02
6.136121e+01	-5.264084e-04
6.171563e+01	2.987757e-03
6.207210e+01	-1.342393e-03
6.243063e+01	1.013777e-02
6.279122e+01	-7.979778e-03
6.315390e+01	3.433554e-03
6.351868e+01	-1.679330e-02
6.388556e+01	-9.264363e-03
6.425456e+01	3.336645e-03
6.462569e+01	6.044874e-03
6.499897e+01	-1.864722e-03
6.537440e+01	-6.277272e-03
6.575200e+01	1.234442e-02
6.613178e+01	-1.588628e-03
6.651375e+01	1.402516e-02
6.689793e+01	-2.279754e-03
6.728433e+01	1.926920e-02
6.767297e+01	1.162561e-03
6.806384e+01	5.575688e-04
6.845698e+01	5.396019e-03
6.885238e+01	-2.711599e-03
6.925007e+01	6.448882e-03
6.965005e+01	3.539582e-04
7.005235e+01	-3.690265e-03
7.045697e+01	-1.200004e-03
7.086393e+01	-1.099858e-02
7.127323e+01	-1.212260e-02
7.168490e+01	-1.806472e-02
7.209895e+01	-2.021096e-02
7.251539e+01	5.715028e-03
7.293424e+01	1.832512e-03
7.335551e+01	-1.503870e-02
7.377920e+01	1.742729e-02
7.420535e+01	-3.690038e-03
7.463396e+01	8.998400e-03
7.506504e+01	6.442800e-03
7.549861e+01	-1.098765e-02
7.593469e+01	5.458914e-03
7.637328e+01	-8.842556e-03
7.681441e+01	-6.230064e-03
7.725809e+01	1.666886e-02
7.770433e+01	2.158372e-02
7.815315e+01	-4.228582e-04
7.860456e+01	-1.782161e-03
7.905857e+01	8.571846e-03
7.951521e+01	7.928138e-03
7.997449e+01	1.046590e-03
8.043642e+01	-6.243563e-03
8.090102e+01	-1.814727e-02
8.136830e+01	1.123740e-03
8.183828e+01	-8.179598e-03
8.231097e+01	1.133531e-02
8.278640e+01	6.697065e-03
8.326457e+01	-1.509887e-03
8.374550e+01	-8.063625e-03
8.422921e+01	-1.505352e-02
8.471572e+01	1.416569e-03
8.520503e+01	4.372960e-03
8.569717e+01	3.387532e-05
8.619215e+01	-1.098028e-02
8.669000e+01	9.320205e-03
8.719071e+01	3.124842e-03
8.769432e+01	-7.346372e-03
8.820084e+01	-3.607842e-03
8.871029e+01	7.365553e-04
8.922267e+01	-1.578272e-02
8.973802e+01	1.293604e-02
9.025634e+01	1.813178e-02
9.077766e+01	-1.033768e-02
9.130199e+01	-5.476846e-03
9.182935e+01	2.063882e-02
9.235975e+01	3.610776e-03
9.289321e+01	-4.328707e-03
9.342976e+01	-9.061037e-03
9.396941e+01	6.674159e-03
9.451217e+01	-1.560106e-02
9.505807e+01	5.643016e-03
9.560712e+01	4.166707e-03
9.615934e+01	6.153742e-03
9.671476e+01	-5.581118e-03
9.727338e+01	-1.536955e-02
9.783522e+01	2.501824e-03
9.840032e+01	-8.754494e-03
9.896867e+01	2.019400e-03
9.954031e+01	9.838933e-03
1.001153e+02	-5.751563e-03
1.006935e+02	-1.132466e-02
1.012751e+02	-3.670462e-03
1.018601e+02	2.445327e-03
1.024484e+02	1.166850e-02
1.030402e+02	5.138798e-03
1.036353e+02	8.721851e-04
1.042339e+02	8.264147e-03
1.048360e+02	1.234845e-02
1.054415e+02	2.858518e-02
1.060505e+02	9.251577e-03
1.066631e+02	9.356994e-05
1.072791e+02	-2.600705e-03
1.078988e+02	-1.216497e-02
1.085220e+02	1.014197e-03
1.091488e+02	-1.128887e-02
1.097793e+02	-1.722448e-03
1.104133e+02	-4.208323e-03
1.110511e+02	-3.784035e-03
1.116925e+02	-1.000790e-02
1.123376e+02	-8.210694e-03
1.129865e+02	5.531708e-03
1.136391e+02	-9.896499e-03
1.142955e+02	7.379272e-03
1.149556e+02	-2.667145e-03
1.156196e+02	-1.209238e-03
1.162874e+02	-4.178565e-03
1.169591e+02	7.962078e-03
1.176347e+02	-1.072078e-02
1.183141e+02	-1.640019e-02
1.189975e+02	-9.406061e-03
1.196848e+02	-5.165547e-03
1.203761e+02	-5.330767e-03
1.210714e+02	2.507870e-03
1.217707e+02	4.831893e-03
1.224740e+02	-2.775763e-03
1.231814e+02	-1.757799e-02
1.238929e+02	-6.328798e-03
1.246085e+02	1.244422e-03
1.253283e+02	-2.135039e-03
1.260522e+02	1.010266e-03
1.267802e+02	-2.311790e-02
1.275125e+02	-4.597009e-03
1.282490e+02	-1.844768e-02
1.289898e+02	-8.350036e-03
1.297348e+02	-7.841213e-03
1.304842e+02	7.692399e-03
1.312378e+02	-1.428825e-02
1.319959e+02	-1.538711e-02
1.327583e+02	1.047995e-02
1.335251e+02	-1.126480e-02
1.342963e+02	-2.142415e-03
1.350720e+02	9.292853e-05
1.358522e+02	2.016999e-03
1.366368e+02	-1.543435e-02
1.374260e+02	4.774088e-03
1.382198e+02	2.846542e-03
1.390182e+02	1.723038e-03
1.398211e+02	-1.136473e-02
1.406287e+02	-8.760241e-03
1.414410e+02	-1.664505e-03
1.422579e+02	5.329467e-04
1.430796e+02	-9.696216e-03
1.439060e+02	5.881419e-03
1.447372e+02	4.613688e-03
1.455732e+02	-7.241595e-04
1.464141e+02	1.779561e-03
1.472597e+02	8.376542e-03
1.481103e+02	3.828050e-03
1.489658e+02	-4.697606e-03
1.498262e+02	-9.172973e-04
1.506916e+02	-7.981968e-04
1.515620e+02	8.283592e-04
1.524374e+02	1.736577e-03
1.533179e+02	-7.871393e-03
1.542034e+02	4.393349e-03
1.550941e+02	3.630346e-03
1.559899e+02	-1.612981e-02
1.568909e+02	8.219587e-03
1.577971e+02	1.448236e-03
1.587085e+02	-1.006351e-02
1.596252e+02	1.724572e-03
1.605472e+02	-1.144683e-03
1.614745e+02	-8.424633e-03
1.624072e+02	-1.868010e-03
1.633453e+02	-1.065279e-02
1.642887e+02	3.365439e-03
1.652377e+02	1.208097e-03
1.661921e+02	1.877591e-02
1.671520e+02	1.284890e-02
1.681175e+02	-1.719252e-02
1.690885e+02	-1.958185e-02
1.700651e+02	4.075998e-03
1.710474e+02	-1.200312e-02
1.720354e+02	-1.290219e-02
1.730291e+02	5.332137e-03
1.740285e+02	-1.930519e-02
1.750337e+02	-1.399223e-03
1.760446e+02	-9.172688e-03
1.770615e+02	1.066530e-02
1.780842e+02	1.312837e-03
1.791128e+02	9.889345e-03
1.801473e+02	-1.110238e-02
1.811878e+02	-3.706544e-03
1.822344e+02	-2.282392e-03
1.832870e+02	5.811253e-04
1.843456e+02	2.687422e-03
1.854104e+02	8.117076e-03
1.864813e+02	-1.235599e-02
1.875584e+02	-2.142304e-02
1.886418e+02	1.041084e-02
1.897313e+02	-1.285910e-02
1.908272e+02	-5.564413e-03
1.919294e+02	-1.786906e-02
1.930380e+02	-1.170622e-02
1.941530e+02	-6.302544e-03
1.952744e+02	-2.633267e-03
1.964023e+02	3.530762e-03
1.975367e+02	-6.107439e-03
1.986777e+02	-5.510890e-03
1.998252e+02	-1.674331e-02
2.009794e+02	-4.984356e-03
2.021403e+02	2.091615e-03
2.033078e+02	-1.016590e-02
2.044821e+02	5.706195e-03
2.056632e+02	-1.085457e-02
2.068511e+02	-9.187616e-03
2.080459e+02	8.062990e-03
2.092475e+02	6.600968e-03
2.104561e+02	1.869069e-03
2.116717e+02	-1.152772e-02
2.128943e+02	3.344371e-03
2.141240e+02	-2.244150e-02
2.153608e+02	1.210530e-03
2.166047e+02	-2.751322e-03
2.178558e+02	-2.359191e-02
2.191141e+02	-6.987997e-03
2.203797e+02	-1.268623e-02
2.216526e+02	-1.582566e-02
2.229329e+02	-3.568066e-03
2.242205e+02	-2.320218e-02
2.255156e+02	-2.418148e-03
2.268182e+02	2.681567e-03
2.281283e+02	-6.181304e-03
2.294459e+02	-2.654797e-03
2.307712e+02	-3.451755e-02
2.321041e+02	-1.775694e-02
2.334447e+02	-1.460851e-02
2.347931e+02	3.315406e-03
2.361493e+02	4.393780e-05
2.375133e+02	-1.960890e-02
2.388851e+02	1.474368e-02
2.402649e+02	-1.392230e-02
2.416527e+02	-6.935283e-03
2.430484e+02	-1.052308e-02
2.444523e+02	-2.257655e-02
2.458642e+02	-1.883388e-02
2.472843e+02	-1.392873e-02
2.487126e+02	-3.976229e-03
2.501492e+02	-7.586631e-03
2.515940e+02	-2.182800e-04
2.530472e+02	-2.144897e-02
2.545088e+02	-1.006078e-02
2.559789e+02	-2.263687e-02
2.574574e+02	-7.888837e-03
2.589444e+02	5.434240e-03
2.604401e+02	8.059839e-03
2.619444e+02	-1.139529e-02
2.634574e+02	-5.650697e-03
2.649791e+02	-1.101647e-02
2.665096e+02	3.253405e-03
2.680489e+02	-2.363593e-02
2.695972e+02	-1.180351e-02
2.711544e+02	-2.891651e-02
2.727205e+02	-1.552489e-02
2.742958e+02	-1.610085e-02
2.758801e+02	-8.152013e-03
2.774736e+02	-2.393894e-02
2.790762e+02	-2.819324e-02
2.806882e+02	-1.340440e-02
2.823094e+02	-7.951276e-03
2.839400e+02	-1.856530e-02
2.855800e+02	-2.558345e-02
2.872295e+02	-1.405527e-02
2.888886e+02	-2.319267e-02
2.905572e+02	-1.645096e-02
2.922354e+02	-1.846862e-02
2.939234e+02	-2.693340e-02
2.956211e+02	-1.610506e-02
2.973286e+02	-2.798970e-02
2.990459e+02	-2.449150e-02
3.007732e+02	-1.063851e-02
3.025104e+02	-1.342254e-02
3.042577e+02	-1.572555e-02
3.060151e+02	-1.974353e-02
3.077826e+02	-1.054154e-02
3.095604e+02	-2.106933e-02
3.113484e+02	-2.123545e-02
3.131467e+02	-2.674673e-02
3.149554e+02	-1.624970e-02
3.167746e+02	-1.088141e-02
3.186043e+02	-9.000017e-03
3.204445e+02	-3.087042e-02
3.222954e+02	-3.109838e-02
3.241570e+02	-1.230566e-02
3.260293e+02	-1.695572e-02
3.279124e+02	-2.221952e-02
3.298064e+02	-3.224358e-02
3.317114e+02	-2.422790e-02
3.336273e+02	-3.138015e-02
3.355544e+02	-2.412219e-02
3.374925e+02	-1.765551e-02
3.394418e+02	-1.589492e-02
3.414024e+02	-1.197912e-02
3.433744e+02	-4.244175e-02
3.453577e+02	-3.107495e-02
3.473525e+02	-2.952409e-02
3.493588e+02	-1.813469e-02
3.513766e+02	-1.313875e-03
3.534062e+02	-2.074029e-02
3.554474e+02	-8.453144e-03
3.575005e+02	-5.923085e-03
3.595654e+02	-3.454548e-02
3.616422e+02	-3.404759e-02
3.637311e+02	-2.459075e-02
3.658320e+02	-3.076942e-02
3.679450e+02	-2.266012e-02
3.700702e+02	-2.936599e-02
3.722077e+02	-3.133999e-02
3.743576e+02	-9.597330e-03
3.765199e+02	-3.533359e-02
3.786946e+02	-4.448158e-03
3.808820e+02	-2.064611e-02
3.830819e+02	-2.934543e-02
3.852946e+02	-5.159387e-02
3.875200e+02	-2.602046e-02
3.897583e+02	-2.090641e-02
3.920096e+02	-3.481509e-02
3.942738e+02	-3.480737e-02
3.965511e+02	-4.193139e-02
3.988416e+02	-3.882944e-02
4.011452e+02	-3.092746e-02
4.034622e+02	-4.599660e-02
4.057926e+02	-1.788388e-02
4.081365e+02	-3.446303e-02
4.104938e+02	-2.615514e-02
4.128648e+02	-3.491001e-02
4.152495e+02	-3.134887e-02
4.176480e+02	-2.105506e-02
4.200603e+02	-2.741765e-02
4.224866e+02	-3.553063e-02
4.249268e+02	-3.821894e-02
4.273812e+02	-3.355303e-02
4.298497e+02	-1.897220e-02
4.323325e+02	-3.870361e-02
4.348297e+02	-2.438264e-02
4.373412e+02	-3.859517e-02
4.398673e+02	-3.377921e-02
4.424079e+02	-3.442709e-02
4.449633e+02	-5.453213e-02
4.475334e+02	-3.601977e-02
4.501183e+02	-4.761133e-02
4.527182e+02	-4.202754e-02
4.553330e+02	-2.925751e-02
4.579630e+02	-3.830129e-02
4.606082e+02	-2.481294e-02
4.632687e+02	-1.734342e-02
4.659445e+02	-3.675723e-02
4.686358e+02	-2.655156e-02
4.713426e+02	-2.350877e-02
4.740650e+02	-3.519741e-02
4.768032e+02	-1.826899e-02
4.795572e+02	-3.450545e-02
4.823271e+02	-2.464784e-02
4.851130e+02	-5.902078e-02
4.879150e+02	-3.411289e-02
4.907332e+02	-4.989092e-02
4.935676e+02	-2.005752e-02
4.964185e+02	-4.663607e-02
4.992858e+02	-4.654324e-02
5.021696e+02	-3.910571e-02
5.050701e+02	-4.945967e-02
5.079874e+02	-4.389129e-02
5.109215e+02	-3.833110e-02
5.138726e+02	-5.227973e-02
5.168407e+02	-3.460383e-02
5.198259e+02	-3.833777e-02
5.228284e+02	-5.131501e-02
5.258482e+02	-4.057693e-02
5.288855e+02	-4.203929e-02
5.319403e+02	-4.166117e-02
5.350128e+02	-5.232070e-02
5.381030e+02	-6.724907e-02
5.412111e+02	-4.576076e-02
5.443371e+02	-3.580050e-02
5.474812e+02	-5.332753e-02
5.506434e+02	-5.290321e-02
5.538239e+02	-6.012416e-02
5.570228e+02	-5.083322e-02
5.602401e+02	-4.708520e-02
5.634760e+02	-5.142871e-02
5.667306e+02	-6.378519e-02
5.700040e+02	-6.593407e-02
5.732964e+02	-6.185924e-02
5.766077e+02	-7.254890e-02
5.799382e+02	-5.401352e-02
5.832879e+02	-4.774415e-02
5.866569e+02	-5.262344e-02
5.900454e+02	-8.655109e-02
5.934535e+02	-6.797164e-02
5.968813e+02	-5.669706e-02
6.003288e+02	-5.310272e-02
6.037963e+02	-6.502788e-02
6.072838e+02	-5.586130e-02
6.107914e+02	-3.803669e-02
6.143194e+02	-8.245399e-02
6.178676e+02	-7.071820e-02
6.214364e+02	-5.906583e-02
6.250258e+02	-8.150818e-02
6.286359e+02	-6.667418e-02
6.322669e+02	-6.564226e-02
6.359189e+02	-9.077561e-02
6.395919e+02	-5.574766e-02
6.432862e+02	-5.097869e-02
6.470017e+02	-5.948611e-02
6.507388e+02	-6.956051e-02
6.544974e+02	-6.599526e-02
6.582778e+02	-8.298324e-02
6.620800e+02	-8.546202e-02
6.659041e+02	-5.513799e-02
6.697504e+02	-7.727333e-02
6.736188e+02	-6.216032e-02
6.775096e+02	-7.540599e-02
6.814229e+02	-8.477678e-02
6.853587e+02	-7.865697e-02
6.893173e+02	-9.281758e-02
6.932988e+02	-8.398320e-02
6.973033e+02	-9.591840e-02
7.013309e+02	-8.266427e-02
7.053817e+02	-7.788986e-02
7.094560e+02	-1.103339e-01
7.135538e+02	-9.590183e-02
7.176752e+02	-8.677993e-02
7.218205e+02	-9.413518e-02
7.259897e+02	-8.990208e-02
7.301830e+02	-1.026926e-01
7.344005e+02	-1.050710e-01
7.386424e+02	-8.539530e-02
7.429087e+02	-1.086452e-01
7.471998e+02	-1.064683e-01
7.515155e+02	-9.594093e-02
7.558563e+02	-1.288412e-01
7.602221e+02	-1.074427e-01
7.646131e+02	-1.073314e-01
7.690295e+02	-1.195130e-01
7.734713e+02	-1.227827e-01
7.779389e+02	-1.076837e-01
7.824322e+02	-8.910101e-02
7.869515e+02	-1.103419e-01
7.914969e+02	-1.049358e-01
7.960686e+02	-1.068980e-01
8.006666e+02	-1.250514e-01
8.052912e+02	-1.141497e-01
8.099426e+02	-1.175504e-01
8.146208e+02	-1.041923e-01
8.193260e+02	-1.044099e-01
8.240584e+02	-1.234307e-01
8.288181e+02	-1.104042e-01
8.336053e+02	-1.251661e-01
8.384202e+02	-1.122810e-01
8.432629e+02	-1.230392e-01
8.481335e+02	-1.257107e-01
8.530323e+02	-1.294388e-01
8.579594e+02	-1.214410e-01
8.629149e+02	-1.455728e-01
8.678991e+02	-1.320639e-01
8.729120e+02	-1.446454e-01
8.779539e+02	-1.333162e-01
8.830250e+02	-1.296290e-01
8.881253e+02	-1.416096e-01
8.932551e+02	-1.395553e-01
8.984145e+02	-1.311827e-01
9.036037e+02	-1.566797e-01
9.088229e+02	-1.243425e-01
9.140722e+02	-1.451418e-01
9.193518e+02	-1.492954e-01
9.246620e+02	-1.593273e-01
9.300028e+02	-1.537860e-01
9.353744e+02	-1.366712e-01
9.407771e+02	-1.439059e-01
9.462110e+02	-1.586475e-01
9.516763e+02	-1.567808e-01
9.571731e+02	-1.588475e-01
9.627017e+02	-1.663690e-01
9.682622e+02	-1.574400e-01
9.738549e+02	-1.719393e-01
9.794798e+02	-1.761956e-01
9.851373e+02	-1.646280e-01
9.908274e+02	-1.799255e-01
9.965504e+02	-1.738299e-01
1.002306e+03	-1.693035e-01
1.008096e+03	-1.790903e-01
1.013918e+03	-1.774295e-01
1.019775e+03	-1.932219e-01
1.025665e+03	-1.903591e-01
1.031589e+03	-1.886936e-01
1.037548e+03	-1.866196e-01
1.043540e+03	-1.828860e-01
1.049568e+03	-1.864550e-01
1.055630e+03	-1.973514e-01
1.061727e+03	-2.067525e-01
1.067860e+03	-1.977133e-01
1.074028e+03	-2.066272e-01
1.080231e+03	-1.950925e-01
1.086471e+03	-2.207518e-01
1.092746e+03	-1.911188e-01
1.099058e+03	-2.033774e-01
1.105406e+03	-2.138966e-01
1.111791e+03	-2.306435e-01
1.118212e+03	-2.049254e-01
1.124671e+03	-2.334153e-01
1.131167e+03	-2.188779e-01
1.137701e+03	-2.206627e-01
1.144272e+03	-2.252961e-01
1.150881e+03	-2.284452e-01
1.157529e+03	-2.411359e-01
1.164215e+03	-2.230125e-01
1.170939e+03	-2.462595e-01
1.177702e+03	-2.469403e-01
1.184505e+03	-2.437310e-01
1.191346e+03	-2.426362e-01
1.198227e+03	-2.544638e-01
1.205148e+03	-2.401689e-01
1.212109e+03	-2.558879e-01
1.219110e+03	-2.524645e-01
1.226152e+03	-2.742283e-01
1.233234e+03	-2.528068e-01
1.240357e+03	-2.602904e-01
1.247521e+03	-2.892274e-01
1.254727e+03	-2.598599e-01
1.261974e+03	-2.733120e-01
1.269263e+03	-2.724792e-01
1.276595e+03	-2.715981e-01
1.283968e+03	-2.794024e-01
1.291384e+03	-2.857949e-01
1.298843e+03	-3.001746e-01
1.306345e+03	-2.886783e-01
1.313891e+03	-2.894899e-01
1.321480e+03	-3.094412e-01
1.329113e+03	-3.053264e-01
1.336790e+03	-3.213181e-01
1.344511e+03	-3.220954e-01
1.352277e+03	-2.978052e-01
1.360087e+03	-3.088814e-01
1.367943e+03	-3.216069e-01
1.375844e+03	-3.159839e-01
1.383791e+03	-3.039381e-01
1.391784e+03	-3.157677e-01
1.399823e+03	-3.125436e-01
1.407908e+03	-3.323686e-01
1.416040e+03	-3.279090e-01
1.424219e+03	-3.505970e-01
1.432445e+03	-3.532875e-01
1.440719e+03	-3.391525e-01
1.449041e+03	-3.553775e-01
1.457410e+03	-3.460847e-01
1.465828e+03	-3.898949e-01
1.474295e+03	-3.805598e-01
1.482810e+03	-3.783384e-01
1.491375e+03	-3.775448e-01
1.499989e+03	-3.818394e-01
1.508653e+03	-3.763661e-01
1.517367e+03	-3.926907e-01
1.526131e+03	-3.856731e-01
1.534946e+03	-3.747673e-01
1.543812e+03	-3.953814e-01
1.552729e+03	-4.142968e-01
1.561697e+03	-3.992702e-01
1.570717e+03	-4.108012e-01
1.579790e+03	-4.289460e-01
1.588915e+03	-4.100360e-01
1.598092e+03	-4.238469e-01
1.607323e+03	-4.428594e-01
1.616606e+03	-4.574586e-01
1.625944e+03	-4.380199e-01
1.635335e+03	-4.559417e-01
1.644781e+03	-4.548203e-01
1.654281e+03	-4.671250e-01
1.663836e+03	-4.619850e-01
1.673446e+03	-4.673881e-01
1.683112e+03	-4.712741e-01
1.692834e+03	-4.691481e-01
1.702611e+03	-4.974453e-01
1.712446e+03	-4.880645e-01
1.722337e+03	-4.908588e-01
1.732285e+03	-5.031287e-01
1.742290e+03	-5.264843e-01
1.752354e+03	-5.248273e-01
1.762475e+03	-5.137895e-01
1.772655e+03	-5.258736e-01
1.782894e+03	-5.392587e-01
1.793192e+03	-5.490225e-01
1.803549e+03	-5.490456e-01
1.813967e+03	-5.543270e-01
1.824444e+03	-5.519384e-01
1.834982e+03	-5.445813e-01
1.845581e+03	-5.671799e-01
1.856241e+03	-5.773700e-01
1.866962e+03	-5.761769e-01
1.877746e+03	-5.877523e-01
1.888592e+03	-5.727564e-01
1.899500e+03	-5.995703e-01
1.910472e+03	-5.911794e-01
1.921506e+03	-6.137267e-01
1.932605e+03	-6.185426e-01
1.943768e+03	-6.179512e-01
1.954995e+03	-6.433395e-01
1.966287e+03	-6.335568e-01
1.977644e+03	-6.455922e-01
1.989067e+03	-6.549815e-01
2.000555e+03	-6.551548e-01
2.012110e+03	-6.551144e-01
2.023732e+03	-6.705434e-01
2.035421e+03	-6.845181e-01
2.047178e+03	-6.727204e-01
2.059002e+03	-6.721697e-01
2.070895e+03	-7.067334e-01
2.082856e+03	-7.076305e-01
2.094887e+03	-7.055756e-01
2.106987e+03	-7.153716e-01
2.119157e+03	-7.197094e-01
2.131397e+03	-7.464490e-01
2.143708e+03	-7.577655e-01
2.156090e+03	-7.605572e-01
2.168543e+03	-7.534914e-01
2.181069e+03	-7.670315e-01
2.193666e+03	-7.737641e-01
2.206337e+03	-7.769501e-01
2.219081e+03	-7.794155e-01
2.231898e+03	-8.012986e-01
2.244789e+03	-8.211141e-01
2.257755e+03	-7.936654e-01
2.270796e+03	-8.352598e-01
2.283912e+03	-8.227108e-01
2.297104e+03	-8.430460e-01
2.310372e+03	-8.593499e-01
2.323716e+03	-8.735364e-01
2.337138e+03	-8.824044e-01
2.350637e+03	-8.772473e-01
2.364214e+03	-8.995138e-01
2.377870e+03	-8.824623e-01
2.391604e+03	-9.046539e-01
2.405418e+03	-9.018011e-01
2.419312e+03	-9.402101e-01
2.433286e+03	-9.337950e-01
2.447340e+03	-9.454091e-01
2.461476e+03	-9.615291e-01
2.475693e+03	-9.704822e-01
2.489993e+03	-9.816295e-01
2.504375e+03	-9.890177e-01
2.518840e+03	-9.924246e-01
2.533389e+03	-1.017304e+00
2.548022e+03	-1.010126e+00
2.562739e+03	-1.034049e+00
2.577541e+03	-1.029818e+00
2.592429e+03	-1.051804e+00
2.607403e+03	-1.057170e+00
2.622463e+03	-1.093333e+00
2.637610e+03	-1.086143e+00
2.652845e+03	-1.093010e+00
2.668168e+03	-1.113837e+00
2.683579e+03	-1.113129e+00
2.699079e+03	-1.109103e+00
2.714669e+03	-1.149461e+00
2.730349e+03	-1.158186e+00
2.746119e+03	-1.162380e+00
2.761981e+03	-1.178124e+00
2.777934e+03	-1.185558e+00
2.793979e+03	-1.220713e+00
2.810117e+03	-1.194094e+00
2.826348e+03	-1.213758e+00
2.842673e+03	-1.242580e+00
2.859092e+03	-1.257783e+00
2.875606e+03	-1.261886e+00
2.892215e+03	-1.250558e+00
2.908921e+03	-1.289154e+00
2.925722e+03	-1.306402e+00
2.942621e+03	-1.318816e+00
2.959618e+03	-1.332683e+00
2.976712e+03	-1.333989e+00
2.993906e+03	-1.336618e+00
3.011198e+03	-1.369784e+00
3.028591e+03	-1.376637e+00
3.046084e+03	-1.378559e+00
3.063678e+03	-1.415965e+00
3.081374e+03	-1.423047e+00
3.099172e+03	-1.435913e+00
3.117072e+03	-1.463081e+00
3.135076e+03	-1.452983e+00
3.153184e+03	-1.471869e+00
3.171397e+03	-1.483350e+00
3.189715e+03	-1.514547e+00
3.208139e+03	-1.510967e+00
3.226669e+03	-1.537213e+00
3.245306e+03	-1.565417e+00
3.264051e+03	-1.557216e+00
3.282904e+03	-1.578570e+00
3.301866e+03	-1.583582e+00
3.320937e+03	-1.631646e+00
3.340119e+03	-1.640494e+00
3.359411e+03	-1.646951e+00
3.378815e+03	-1.665933e+00
3.398331e+03	-1.662842e+00
3.417959e+03	-1.694715e+00
3.437701e+03	-1.721857e+00
3.457557e+03	-1.719073e+00
3.477528e+03	-1.736789e+00
3.497614e+03	-1.780453e+00
3.517816e+03	-1.771805e+00
3.538135e+03	-1.792963e+00
3.558571e+03	-1.810826e+00
3.579125e+03	-1.828616e+00
3.599798e+03	-1.853184e+00
3.620590e+03	-1.839807e+00
3.641503e+03	-1.873949e+00
3.662536e+03	-1.910777e+00
3.683691e+03	-1.936238e+00
3.704967e+03	-1.923817e+00
3.726367e+03	-1.951956e+00
3.747890e+03	-1.946491e+00
3.769538e+03	-1.989778e+00
3.791311e+03	-2.005495e+00
3.813209e+03	-2.020101e+00
3.835234e+03	-2.051940e+00
3.857386e+03	-2.054060e+00
3.879667e+03	-2.078367e+00
3.902075e+03	-2.108574e+00
3.924614e+03	-2.123648e+00
3.947282e+03	-2.139788e+00
3.970081e+03	-2.140735e+00
3.993012e+03	-2.162867e+00
4.016076e+03	-2.196782e+00
4.039272e+03	-2.211933e+00
4.062603e+03	-2.245793e+00
4.086069e+03	-2.245794e+00
4.109670e+03	-2.274377e+00
4.133407e+03	-2.290179e+00
4.157281e+03	-2.308722e+00
4.181294e+03	-2.338339e+00
4.205445e+03	-2.355570e+00
4.229735e+03	-2.379831e+00
4.254166e+03	-2.388132e+00
4.278738e+03	-2.421901e+00
4.303451e+03	-2.442640e+00
4.328308e+03	-2.461296e+00
4.353308e+03	-2.473409e+00
4.378453e+03	-2.490853e+00
4.403742e+03	-2.529895e+00
4.429178e+03	-2.557309e+00
4.454761e+03	-2.563889e+00
4.480492e+03	-2.594353e+00
4.506371e+03	-2.611127e+00
4.532399e+03	-2.641473e+00
4.558578e+03	-2.664741e+00
4.584908e+03	-2.702646e+00
4.611391e+03	-2.704335e+00
4.638026e+03	-2.719976e+00
4.664815e+03	-2.749190e+00
4.691759e+03	-2.782423e+00
4.718858e+03	-2.826661e+00
4.746114e+03	-2.820503e+00
4.773527e+03	-2.854613e+00
4.801099e+03	-2.885285e+00
4.828830e+03	-2.894726e+00
4.856721e+03	-2.907088e+00
4.884773e+03	-2.958190e+00
4.912988e+03	-2.965631e+00
4.941365e+03	-3.004630e+00
4.969906e+03	-3.027865e+00
4.998612e+03	-3.043952e+00
5.027484e+03	-3.066725e+00
5.056522e+03	-3.100340e+00
5.085729e+03	-3.123476e+00
5.115104e+03	-3.155961e+00
5.144648e+03	-3.146379e+00
5.174363e+03	-3.226560e+00
5.204250e+03	-3.256975e+00
5.234310e+03	-3.254678e+00
5.264543e+03	-3.271354e+00
5.294951e+03	-3.294571e+00
5.325534e+03	-3.337259e+00
5.356294e+03	-3.354051e+00
5.387232e+03	-3.390649e+00
5.418348e+03	-3.420687e+00
5.449645e+03	-3.437451e+00
5.481122e+03	-3.457487e+00
5.512780e+03	-3.495515e+00
5.544622e+03	-3.519519e+00
5.576647e+03	-3.558277e+00
5.608858e+03	-3.576727e+00
5.641254e+03	-3.603859e+00
5.673838e+03	-3.636255e+00
5.706610e+03	-3.666973e+00
5.739571e+03	-3.684170e+00
5.772723e+03	-3.738805e+00
5.806066e+03	-3.758439e+00
5.839601e+03	-3.776548e+00
5.873331e+03	-3.796515e+00
5.907255e+03	-3.842728e+00
5.941375e+03	-3.861443e+00
5.975692e+03	-3.894920e+00
6.010207e+03	-3.915826e+00
6.044922e+03	-3.944333e+00
6.079837e+03	-3.992779e+00
6.114954e+03	-4.033688e+00
6.150274e+03	-4.057506e+00
6.185797e+03	-4.080065e+00
6.221526e+03	-4.083474e+00
6.257462e+03	-4.110021e+00
6.293605e+03	-4.157033e+00
6.329956e+03	-4.183436e+00
6.366518e+03	-4.227482e+00
6.403290e+03	-4.258161e+00
6.440276e+03	-4.285404e+00
6.477474e+03	-4.315534e+00
6.514888e+03	-4.368131e+00
6.552518e+03	-4.388465e+00
6.590365e+03	-4.424116e+00
6.628430e+03	-4.456595e+00
6.666716e+03	-4.499053e+00
6.705223e+03	-4.519096e+00
6.743952e+03	-4.532647e+00
6.782905e+03	-4.578987e+00
6.822082e+03	-4.616371e+00
6.861486e+03	-4.646405e+00
6.901118e+03	-4.669874e+00
6.940979e+03	-4.700818e+00
6.981069e+03	-4.727889e+00
7.021392e+03	-4.770336e+00
7.061947e+03	-4.789670e+00
7.102737e+03	-4.842677e+00
7.143762e+03	-4.856382e+00
7.185024e+03	-4.923377e+00
7.226524e+03	-4.943192e+00
7.268264e+03	-4.962750e+00
7.310246e+03	-5.002699e+00
7.352469e+03	-5.053570e+00
7.394937e+03	-5.077102e+00
7.437650e+03	-5.112175e+00
7.480609e+03	-5.138243e+00
7.523817e+03	-5.159736e+00
7.567274e+03	-5.212647e+00
7.610982e+03	-5.251195e+00
7.654943e+03	-5.278454e+00
7.699158e+03	-5.317655e+00
7.743628e+03	-5.346952e+00
7.788355e+03	-5.395965e+00
7.833340e+03	-5.445942e+00
7.878585e+03	-5.470617e+00
7.924091e+03	-5.476188e+00
7.969861e+03	-5.529782e+00
8.015894e+03	-5.559989e+00
8.062194e+03	-5.601826e+00
8.108761e+03	-5.632155e+00
8.155596e+03	-5.668523e+00
8.202703e+03	-5.719380e+00
8.250081e+03	-5.756933e+00
8.297733e+03	-5.782607e+00
8.345661e+03	-5.812649e+00
8.393865e+03	-5.866846e+00
8.442348e+03	-5.881543e+00
8.491110e+03	-5.935682e+00
8.540155e+03	-5.974168e+00
8.589482e+03	-6.008513e+00
8.639095e+03	-6.035848e+00
8.688994e+03	-6.061233e+00
8.739181e+03	-6.116396e+00
8.789658e+03	-6.136882e+00
8.840427e+03	-6.198932e+00
8.891489e+03	-6.227292e+00
8.942846e+03	-6.269308e+00
8.994499e+03	-6.320828e+00
9.046451e+03	-6.345637e+00
9.098703e+03	-6.393129e+00
9.151257e+03	-6.410017e+00
9.204114e+03	-6.470108e+00
9.257277e+03	-6.500656e+00
9.310746e+03	-6.553812e+00
9.364525e+03	-6.581770e+00
9.418614e+03	-6.631987e+00
9.473015e+03	-6.648243e+00
9.527731e+03	-6.695456e+00
9.582763e+03	-6.724299e+00
9.638113e+03	-6.768276e+00
9.693782e+03	-6.804071e+00
9.749773e+03	-6.851290e+00
9.806087e+03	-6.878356e+00
9.862727e+03	-6.910242e+00
9.919693e+03	-6.952350e+00
9.976989e+03	-6.990192e+00
1.003462e+04	-7.039302e+00
1.009258e+04	-7.064515e+00
1.015087e+04	-7.121322e+00
1.020950e+04	-7.179981e+00
1.026847e+04	-7.203438e+00
1.032778e+04	-7.240608e+00
1.038743e+04	-7.263304e+00
1.044743e+04	-7.311457e+00
1.050777e+04	-7.361514e+00
1.056847e+04	-7.403139e+00
1.062951e+04	-7.441349e+00
1.069091e+04	-7.479258e+00
1.075266e+04	-7.528637e+00
1.081476e+04	-7.550006e+00
1.087723e+04	-7.605884e+00
1.094006e+04	-7.642765e+00
1.100324e+04	-7.691010e+00
1.106680e+04	-7.734334e+00
1.113072e+04	-7.753547e+00
1.119501e+04	-7.820578e+00
1.125967e+04	-7.848425e+00
1.132471e+04	-7.905962e+00
1.139012e+04	-7.926588e+00
1.145591e+04	-7.982758e+00
1.152208e+04	-8.007893e+00
1.158863e+04	-8.060104e+00
1.165556e+04	-8.098917e+00
1.172289e+04	-8.147924e+00
1.179060e+04	-8.176364e+00
1.185870e+04	-8.237685e+00
1.192719e+04	-8.265013e+00
1.199608e+04	-8.311023e+00
1.206537e+04	-8.356891e+00
1.213506e+04	-8.385913e+00
1.220515e+04	-8.445488e+00
1.227565e+04	-8.468227e+00
1.234655e+04	-8.513872e+00
1.241787e+04	-8.560262e+00
1.248959e+04	-8.586940e+00
1.256173e+04	-8.653555e+00
1.263429e+04	-8.689706e+00
1.270726e+04	-8.744182e+00
1.278066e+04	-8.759770e+00
1.285448e+04	-8.802185e+00
1.292873e+04	-8.860946e+00
1.300340e+04	-8.874940e+00
1.307851e+04	-8.949049e+00
1.315405e+04	-8.980997e+00
1.323003e+04	-9.024715e+00
1.330644e+04	-9.074862e+00
1.338330e+04	-9.120750e+00
1.346060e+04	-9.160955e+00
1.353835e+04	-9.207031e+00
1.361655e+04	-9.248200e+00
1.369520e+04	-9.295098e+00
1.377430e+04	-9.326336e+00
1.385386e+04	-9.367480e+00
1.393388e+04	-9.420533e+00
1.401436e+04	-9.461246e+00
1.409531e+04	-9.507448e+00
1.417672e+04	-9.570877e+00
1.425861e+04	-9.586273e+00
1.434096e+04	-9.637487e+00
1.442379e+04	-9.673069e+00
1.450711e+04	-9.738998e+00
1.459090e+04	-9.767460e+00
1.467518e+04	-9.813320e+00
1.475994e+04	-9.855256e+00
1.484519e+04	-9.884244e+00
1.493094e+04	-9.925991e+00
1.501718e+04	-9.985955e+00
1.510392e+04	-1.002378e+01
1.519116e+04	-1.007346e+01
1.527890e+04	-1.011936e+01
1.536715e+04	-1.015910e+01
1.545591e+04	-1.020871e+01
1.554518e+04	-1.025094e+01
1.563497e+04	-1.029083e+01
1.572528e+04	-1.031909e+01
1.581611e+04	-1.037035e+01
1.590746e+04	-1.041110e+01
1.599934e+04	-1.046726e+01
1.609175e+04	-1.049772e+01
1.618470e+04	-1.056304e+01
1.627818e+04	-1.059764e+01
1.637220e+04	-1.063806e+01
1.646677e+04	-1.069199e+01
1.656188e+04	-1.074650e+01
1.665754e+04	-1.075362e+01
1.675375e+04	-1.081273e+01
1.685052e+04	-1.087075e+01
1.694785e+04	-1.091941e+01
1.704574e+04	-1.094749e+01
1.714419e+04	-1.098571e+01
1.724322e+04	-1.104093e+01
1.734281e+04	-1.109120e+01
1.744299e+04	-1.112777e+01
1.754374e+04	-1.117431e+01
1.764507e+04	-1.122240e+01
1.774698e+04	-1.126014e+01
1.784949e+04	-1.131041e+01
1.795259e+04	-1.135628e+01
1.805628e+04	-1.139870e+01
1.816057e+04	-1.144357e+01
1.826547e+04	-1.149149e+01
1.837097e+04	-1.153429e+01
1.847708e+04	-1.156594e+01
1.858380e+04	-1.161730e+01
1.869114e+04	-1.167848e+01
1.879910e+04	-1.171645e+01
1.890768e+04	-1.174951e+01
1.901689e+04	-1.181524e+01
1.912673e+04	-1.182609e+01
1.923721e+04	-1.189537e+01
1.934832e+04	-1.192921e+01
1.946008e+04	-1.195889e+01
1.957248e+04	-1.202597e+01
1.968553e+04	-1.208177e+01
1.979923e+04	-1.210956e+01
1.991359e+04	-1.215402e+01
2.002861e+04	-1.219842e+01
2.014430e+04	-1.223380e+01
2.026065e+04	-1.229124e+01
2.037767e+04	-1.231700e+01
2.049537e+04	-1.236736e+01
2.061375e+04	-1.242575e+01
2.073282e+04	-1.247309e+01
2.085257e+04	-1.251340e+01
2.097301e+04	-1.256546e+01
2.109415e+04	-1.260190e+01
2.121599e+04	-1.264487e+01
2.133853e+04	-1.269089e+01
2.146178e+04	-1.273429e+01
2.158575e+04	-1.278873e+01
2.171043e+04	-1.283233e+01
2.183582e+04	-1.286855e+01
2.196195e+04	-1.289694e+01
2.208880e+04	-1.297409e+01
2.221638e+04	-1.299791e+01
2.234470e+04	-1.304297e+01
2.247377e+04	-1.309362e+01
2.260357e+04	-1.312903e+01
2.273413e+04	-1.319687e+01
2.286544e+04	-1.323755e+01
2.299751e+04	-1.329166e+01
2.313034e+04	-1.332218e+01
2.326394e+04	-1.336730e+01
2.339832e+04	-1.343179e+01
2.353346e+04	-1.345588e+01
2.366939e+04	-1.350368e+01
2.380610e+04	-1.356323e+01
2.394361e+04	-1.356698e+01
2.408191e+04	-1.362990e+01
2.422100e+04	-1.366973e+01
2.436090e+04	-1.372072e+01
2.450161e+04	-1.376733e+01
2.464313e+04	-1.380136e+01
2.478547e+04	-1.385574e+01
2.492863e+04	-1.390388e+01
2.507261e+04	-1.393275e+01
2.521743e+04	-1.397636e+01
2.536309e+04	-1.404729e+01
2.550958e+04	-1.407366e+01
2.565692e+04	-1.411203e+01
2.580512e+04	-1.417902e+01
2.595417e+04	-1.420774e+01
2.610408e+04	-1.424537e+01
2.625485e+04	-1.430501e+01
2.640650e+04	-1.434339e+01
2.655902e+04	-1.438526e+01
2.671243e+04	-1.442614e+01
2.686672e+04	-1.446136e+01
2.702190e+04	-1.451155e+01
2.717798e+04	-1.456633e+01
2.733495e+04	-1.460380e+01
2.749284e+04	-1.466050e+01
2.765164e+04	-1.469946e+01
2.781135e+04	-1.472767e+01
2.797199e+04	-1.477167e+01
2.813355e+04	-1.482153e+01
2.829605e+04	-1.486922e+01
2.845949e+04	-1.489631e+01
2.862387e+04	-1.493337e+01
2.878920e+04	-1.499364e+01
2.895549e+04	-1.502988e+01
2.912273e+04	-1.507723e+01
2.929094e+04	-1.512704e+01
2.946013e+04	-1.517065e+01
2.963029e+04	-1.519517e+01
2.980143e+04	-1.523455e+01
2.997356e+04	-1.529996e+01
3.014669e+04	-1.532330e+01
3.032081e+04	-1.536450e+01
3.049595e+04	-1.542288e+01
3.067209e+04	-1.547591e+01
3.084925e+04	-1.552425e+01
3.102743e+04	-1.555156e+01
3.120665e+04	-1.559099e+01
3.138690e+04	-1.561820e+01
3.156819e+04	-1.567201e+01
3.175052e+04	-1.573558e+01
3.193391e+04	-1.575519e+01
3.211836e+04	-1.580085e+01
3.230388e+04	-1.586389e+01
3.249046e+04	-1.589461e+01
3.267812e+04	-1.594194e+01
3.286687e+04	-1.599581e+01
3.305671e+04	-1.601596e+01
3.324764e+04	-1.606531e+01
3.343968e+04	-1.610503e+01
3.363283e+04	-1.614896e+01
3.382709e+04	-1.618939e+01
3.402247e+04	-1.624804e+01
3.421899e+04	-1.627120e+01
3.441663e+04	-1.630359e+01
3.461542e+04	-1.637458e+01
3.481536e+04	-1.639606e+01
3.501645e+04	-1.644278e+01
3.521871e+04	-1.647843e+01
3.542213e+04	-1.652990e+01
3.562672e+04	-1.656982e+01
3.583250e+04	-1.659749e+01
3.603947e+04	-1.663516e+01
3.624763e+04	-1.667524e+01
3.645700e+04	-1.673048e+01
3.666757e+04	-1.677288e+01
3.687936e+04	-1.680310e+01
3.709238e+04	-1.686089e+01
3.730662e+04	-1.686834e+01
3.752210e+04	-1.691233e+01
3.773883e+04	-1.697110e+01
3.795680e+04	-1.701968e+01
3.817604e+04	-1.704765e+01
3.839654e+04	-1.708528e+01
3.861832e+04	-1.714449e+01
3.884138e+04	-1.715943e+01
3.906573e+04	-1.722164e+01
3.929137e+04	-1.725876e+01
3.951831e+04	-1.730576e+01
3.974657e+04	-1.733234e+01
3.997614e+04	-1.737523e+01
4.020704e+04	-1.740064e+01
4.043928e+04	-1.743312e+01
4.067285e+04	-1.749263e+01
4.090778e+04	-1.753539e+01
4.114406e+04	-1.754535e+01
4.138171e+04	-1.761245e+01
4.162073e+04	-1.765127e+01
4.186113e+04	-1.767670e+01
4.210291e+04	-1.772706e+01
4.234610e+04	-1.775998e+01
4.259069e+04	-1.778530e+01
4.283669e+04	-1.784453e+01
4.308411e+04	-1.786428e+01
4.333297e+04	-1.789300e+01
4.358325e+04	-1.795347e+01
4.383499e+04	-1.796761e+01
4.408818e+04	-1.802275e+01
4.434283e+04	-1.805036e+01
4.459895e+04	-1.807822e+01
4.485655e+04	-1.811963e+01
4.511564e+04	-1.816876e+01
4.537623e+04	-1.819824e+01
4.563832e+04	-1.824248e+01
4.590193e+04	-1.825592e+01
4.616705e+04	-1.831432e+01
4.643371e+04	-1.834551e+01
4.670191e+04	-1.838698e+01
4.697166e+04	-1.841875e+01
4.724297e+04	-1.843527e+01
4.751584e+04	-1.848479e+01
4.779029e+04	-1.852954e+01
4.806633e+04	-1.856328e+01
4.834395e+04	-1.859026e+01
4.862319e+04	-1.863041e+01
4.890403e+04	-1.864820e+01
4.918650e+04	-1.868781e+01
4.947060e+04	-1.872354e+01
4.975634e+04	-1.875806e+01
5.004373e+04	-1.881143e+01
5.033278e+04	-1.883089e+01
5.062350e+04	-1.887200e+01
5.091590e+04	-1.888013e+01
5.120999e+04	-1.891986e+01
5.150578e+04	-1.895309e+01
5.180327e+04	-1.899064e+01
5.210248e+04	-1.902287e+01
5.240343e+04	-1.905326e+01
5.270611e+04	-1.909974e+01
5.301053e+04	-1.912257e+01
5.331672e+04	-1.915227e+01
5.362468e+04	-1.917658e+01
5.393441e+04	-1.922686e+01
5.424593e+04	-1.922508e+01
5.455926e+04	-1.926887e+01
5.487439e+04	-1.929964e+01
5.519134e+04	-1.934816e+01
5.551012e+04	-1.938603e+01
5.583075e+04	-1.938678e+01
5.615322e+04	-1.942269e+01
5.647756e+04	-1.944565e+01
5.680377e+04	-1.948370e+01
5.713187e+04	-1.948986e+01
5.746186e+04	-1.951882e+01
5.779376e+04	-1.955779e+01
5.812757e+04	-1.958942e+01
5.846332e+04	-1.960224e+01
5.880100e+04	-1.963125e+01
5.914063e+04	-1.966088e+01
5.948222e+04	-1.969727e+01
5.982579e+04	-1.971562e+01
6.017134e+04	-1.976443e+01
6.051889e+04	-1.978530e+01
6.086844e+04	-1.979247e+01
6.122002e+04	-1.979517e+01
6.157362e+04	-1.984814e+01
6.192927e+04	-1.987462e+01
6.228697e+04	-1.989552e+01
6.264674e+04	-1.990868e+01
6.300858e+04	-1.993159e+01
6.337252e+04	-1.997022e+01
6.373855e+04	-1.998321e+01
6.410670e+04	-2.000049e+01
6.447698e+04	-2.003756e+01
6.484940e+04	-2.005204e+01
6.522397e+04	-2.009150e+01
6.560070e+04	-2.008216e+01
6.597960e+04	-2.012855e+01
6.636070e+04	-2.014845e+01
6.674400e+04	-2.015709e+01
6.712951e+04	-2.017040e+01
6.751724e+04	-2.017809e+01
6.790722e+04	-2.021234e+01
6.829945e+04	-2.023193e+01
6.869395e+04	-2.025402e+01
6.909072e+04	-2.028061e+01
6.948978e+04	-2.027741e+01
6.989115e+04	-2.031334e+01
7.029484e+04	-2.030808e+01
7.070086e+04	-2.031667e+01
7.110923e+04	-2.035677e+01
7.151995e+04	-2.035852e+01
7.193305e+04	-2.036881e+01
7.234853e+04	-2.036588e+01
7.276641e+04	-2.038805e+01
7.318671e+04	-2.041003e+01
7.360943e+04	-2.041952e+01
7.403460e+04	-2.042025e+01
7.446222e+04	-2.042746e+01
7.489231e+04	-2.046377e+01
7.532488e+04	-2.045401e+01
7.575996e+04	-2.047715e+01
7.619754e+04	-2.047677e+01
7.663766e+04	-2.048786e+01
7.708031e+04	-2.048574e+01
7.752553e+04	-2.049914e+01
7.797331e+04	-2.049870e+01
7.842368e+04	-2.051553e+01
7.887665e+04	-2.052171e+01
7.933224e+04	-2.053379e+01
7.979046e+04	-2.050967e+01
8.025133e+04	-2.053390e+01
8.071486e+04	-2.053834e+01
8.118106e+04	-2.052967e+01
8.164996e+04	-2.053421e+01
8.212157e+04	-2.053007e+01
8.259590e+04	-2.053708e+01
8.307297e+04	-2.051615e+01
8.355279e+04	-2.053569e+01
8.403539e+04	-2.050129e+01
8.452078e+04	-2.052569e+01
8.500897e+04	-2.052463e+01
8.549997e+04	-2.050462e+01
8.599382e+04	-2.048781e+01
8.649052e+04	-2.047730e+01
8.699008e+04	-2.049336e+01
8.749253e+04	-2.048324e+01
8.799789e+04	-2.047622e+01
8.850616e+04	-2.045569e+01
8.901737e+04	-2.046659e+01
8.953153e+04	-2.044682e+01
9.004866e+04	-2.042624e+01
9.056877e+04	-2.042180e+01
9.109190e+04	-2.040218e+01
9.161804e+04	-2.037807e+01
9.214722e+04	-2.038450e+01
9.267946e+04	-2.036065e+01
9.321477e+04	-2.035119e+01
9.375318e+04	-2.030904e+01
9.429469e+04	-2.029193e+01
9.483933e+04	-2.028647e+01
9.538712e+04	-2.026267e+01
9.593807e+04	-2.023099e+01
9.649221e+04	-2.017907e+01
9.704954e+04	-2.018954e+01
9.761010e+04	-2.013991e+01
9.817389e+04	-2.011256e+01
9.874094e+04	-2.008621e+01
9.931126e+04	-2.006136e+01
9.988488e+04	-2.001088e+01
1.004618e+05	-1.998476e+01
1.010421e+05	-1.995194e+01
1.016257e+05	-1.990940e+01
1.022127e+05	-1.988924e+01
1.028031e+05	-1.983643e+01
1.033968e+05	-1.978639e+01
1.039941e+05	-1.975760e+01
1.045947e+05	-1.970298e+01
1.051989e+05	-1.962608e+01
1.058065e+05	-1.961224e+01
1.064176e+05	-1.955809e+01
1.070323e+05	-1.949345e+01
1.076505e+05	-1.945639e+01
1.082723e+05	-1.939882e+01
1.088977e+05	-1.932920e+01
1.095266e+05	-1.927411e+01
1.101593e+05	-1.921760e+01
1.107955e+05	-1.914186e+01
1.114355e+05	-1.908009e+01
1.120791e+05	-1.900331e+01
1.127265e+05	-1.893814e+01
1.133776e+05	-1.886304e+01
1.140325e+05	-1.878749e+01
1.146911e+05	-1.871959e+01
1.153536e+05	-1.861551e+01
1.160198e+05	-1.854910e+01
1.166900e+05	-1.846180e+01
1.173640e+05	-1.838791e+01
1.180419e+05	-1.830631e+01
1.187237e+05	-1.819267e+01
1.194094e+05	-1.809018e+01
1.200991e+05	-1.798743e+01
1.207928e+05	-1.789424e+01
1.214905e+05	-1.778298e+01
1.221922e+05	-1.766831e+01
1.228980e+05	-1.755524e+01
1.236078e+05	-1.743332e+01
1.243218e+05	-1.731688e+01
1.250399e+05	-1.718141e+01
1.257621e+05	-1.706711e+01
1.264885e+05	-1.692401e+01
1.272191e+05	-1.678495e+01
1.279539e+05	-1.664223e+01
1.286930e+05	-1.647542e+01
1.294363e+05	-1.632406e+01
1.301839e+05	-1.617316e+01
1.309358e+05	-1.600179e+01
1.316921e+05	-1.583310e+01
1.324528e+05	-1.563652e+01
1.332178e+05	-1.546159e+01
1.339873e+05	-1.525587e+01
1.347612e+05	-1.506619e+01
1.355395e+05	-1.487023e+01
1.363224e+05	-1.463052e+01
1.371098e+05	-1.442446e+01
1.379018e+05	-1.418821e+01
1.386983e+05	-1.391861e+01
1.394994e+05	-1.368590e+01
1.403051e+05	-1.341114e+01
1.411155e+05	-1.314285e+01
1.419306e+05	-1.283073e+01
1.427504e+05	-1.256239e+01
1.435749e+05	-1.223240e+01
1.444042e+05	-1.188615e+01
1.452383e+05	-1.153815e+01
1.460772e+05	-1.113782e+01
1.469209e+05	-1.078886e+01
1.477695e+05	-1.037632e+01
1.486230e+05	-9.949110e+00
1.494814e+05	-9.487509e+00
1.503448e+05	-8.990787e+00
1.512132e+05	-8.467022e+00
1.520866e+05	-7.929880e+00
1.529651e+05	-7.343633e+00
1.538486e+05	-6.712448e+00
1.547372e+05	-6.044284e+00
1.556310e+05	-5.371540e+00
1.565299e+05	-4.595398e+00
1.574340e+05	-3.823457e+00
1.583433e+05	-3.022311e+00
1.592579e+05	-2.222264e+00
1.601778e+05	-1.433033e+00
1.611030e+05	-7.572861e-01
1.620335e+05	-2.408848e-01
1.629694e+05	-4.776290e-03
1.639107e+05	-8.374024e-02
1.648574e+05	-4.879823e-01
1.658097e+05	-1.131254e+00
1.667674e+05	-1.907378e+00
1.677306e+05	-2.756107e+00
1.686994e+05	-3.622317e+00
1.696738e+05	-4.484574e+00
1.706538e+05	-5.322483e+00
1.716395e+05	-6.094515e+00
1.726309e+05	-6.848333e+00
1.736280e+05	-7.522913e+00
1.746309e+05	-8.186634e+00
1.756395e+05	-8.803027e+00
1.766540e+05	-9.394661e+00
1.776744e+05	-9.942542e+00
1.787006e+05	-1.047098e+01
1.797328e+05	-1.097454e+01
1.807709e+05	-1.145012e+01
1.818150e+05	-1.190423e+01
1.828652e+05	-1.232067e+01
1.839214e+05	-1.270728e+01
1.849837e+05	-1.311834e+01
1.860522e+05	-1.347816e+01
1.871268e+05	-1.384603e+01
1.882077e+05	-1.419242e+01
1.892948e+05	-1.452342e+01
1.903881e+05	-1.483354e+01
1.914878e+05	-1.511928e+01
1.925938e+05	-1.542713e+01
1.937062e+05	-1.568280e+01
1.948251e+05	-1.597758e+01
1.959504e+05	-1.623016e+01
1.970822e+05	-1.647059e+01
1.982205e+05	-1.669825e+01
1.993654e+05	-1.695541e+01
2.005169e+05	-1.716470e+01
2.016751e+05	-1.737434e+01
2.028400e+05	-1.759716e+01
2.040116e+05	-1.778291e+01
2.051899e+05	-1.797923e+01
2.063751e+05	-1.815545e+01
2.075671e+05	-1.832665e+01
2.087660e+05	-1.849070e+01
2.099719e+05	-1.866337e+01
2.111846e+05	-1.882899e+01
2.124044e+05	-1.895096e+01
2.136313e+05	-1.911623e+01
2.148652e+05	-1.922703e+01
2.161063e+05	-1.936098e+01
2.173545e+05	-1.949823e+01
2.186099e+05	-1.961819e+01
2.198726e+05	-1.972341e+01
2.211426e+05	-1.982085e+01
2.224199e+05	-1.993496e+01
2.237046e+05	-2.002636e+01
2.249967e+05	-2.009661e+01
2.262962e+05	-2.018989e+01
2.276033e+05	-2.024102e+01
2.289179e+05	-2.033723e+01
2.302402e+05	-2.040417e+01
2.315700e+05	-2.044782e+01
2.329076e+05	-2.050950e+01
2.342528e+05	-2.054818e+01
2.356059e+05	-2.058660e+01
2.369667e+05	-2.061948e+01
2.383354e+05	-2.064287e+01
2.397120e+05	-2.065580e+01
2.410966e+05	-2.069274e+01
2.424892e+05	-2.069103e+01
2.438898e+05	-2.068861e+01
2.452985e+05	-2.069751e+01
2.467153e+05	-2.069275e+01
2.481403e+05	-2.065062e+01
2.495736e+05	-2.062026e+01
2.510151e+05	-2.059606e+01
2.524650e+05	-2.052794e+01
2.539232e+05	-2.049459e+01
2.553898e+05	-2.045958e+01
2.568650e+05	-2.038312e+01
2.583486e+05	-2.030918e+01
2.598408e+05	-2.022253e+01
2.613416e+05	-2.013148e+01
2.628511e+05	-2.002284e+01
2.643694e+05	-1.991702e+01
2.658963e+05	-1.980495e+01
2.674321e+05	-1.966272e+01
2.689768e+05	-1.950626e+01
2.705304e+05	-1.934183e+01
2.720930e+05	-1.917871e+01
2.736646e+05	-1.900540e+01
2.752453e+05	-1.880705e+01
2.768351e+05	-1.857922e+01
2.784341e+05	-1.836619e+01
2.800423e+05	-1.810950e+01
2.816598e+05	-1.785097e+01
2.832867e+05	-1.757255e+01
2.849229e+05	-1.726117e+01
2.865686e+05	-1.695203e+01
2.882238e+05	-1.659612e+01
2.898886e+05	-1.621363e+01
2.915630e+05	-1.580473e+01
2.932470e+05	-1.537309e+01
2.949408e+05	-1.488705e+01
2.966444e+05	-1.436442e+01
2.983578e+05	-1.380282e+01
3.000811e+05	-1.317230e+01
3.018143e+05	-1.250528e+01
3.035576e+05	-1.174252e+01
3.053109e+05	-1.092368e+01
3.070744e+05	-9.990859e+00
3.088481e+05	-8.942056e+00
3.106320e+05	-7.743930e+00
3.124261e+05	-6.368930e+00
3.142307e+05	-4.829170e+00
3.160457e+05	-3.116524e+00
3.178712e+05	-1.412147e+00
3.197072e+05	-1.911723e-01
3.215538e+05	-2.080249e-01
3.234111e+05	-1.438503e+00
3.252791e+05	-3.253160e+00
3.271579e+05	-5.017607e+00
3.290475e+05	-6.630336e+00
3.309481e+05	-8.046614e+00
3.328596e+05	-9.337798e+00
3.347822e+05	-1.044033e+01
3.367159e+05	-1.142073e+01
3.386608e+05	-1.230484e+01
3.406169e+05	-1.312741e+01
3.425842e+05	-1.385631e+01
3.445630e+05	-1.453365e+01
3.465532e+05	-1.513893e+01
3.485549e+05	-1.571812e+01
3.505681e+05	-1.624463e+01
3.525930e+05	-1.673058e+01
3.546295e+05	-1.718724e+01
3.566778e+05	-1.760520e+01
3.587380e+05	-1.799196e+01
3.608101e+05	-1.834097e+01
3.628941e+05	-1.866442e+01
3.649901e+05	-1.898587e+01
3.670983e+05	-1.925086e+01
3.692187e+05	-1.951732e+01
3.713513e+05	-1.975845e+01
3.734962e+05	-1.996296e+01
3.756535e+05	-2.015047e+01
3.778232e+05	-2.030640e+01
3.800055e+05	-2.048857e+01
3.822004e+05	-2.060406e+01
3.844080e+05	-2.071596e+01
3.866283e+05	-2.083600e+01
3.888615e+05	-2.090140e+01
3.911075e+05	-2.093677e+01
3.933665e+05	-2.096138e+01
3.956386e+05	-2.100711e+01
3.979238e+05	-2.101759e+01
4.002222e+05	-2.097621e+01
4.025338e+05	-2.092555e+01
4.048589e+05	-2.086156e+01
4.071973e+05	-2.077936e+01
4.095493e+05	-2.063329e+01
4.119148e+05	-2.049687e+01
4.142940e+05	-2.034492e+01
4.166870e+05	-2.015098e+01
4.190937e+05	-1.991469e+01
4.215144e+05	-1.965080e+01
4.239490e+05	-1.937811e+01
4.263978e+05	-1.901907e+01
4.288606e+05	-1.866506e+01
4.313377e+05	-1.823282e+01
4.338291e+05	-1.776798e+01
4.363349e+05	-1.723639e+01
4.388551e+05	-1.663496e+01
4.413899e+05	-1.594234e+01
4.439394e+05	-1.519134e+01
4.465035e+05	-1.431095e+01
4.490825e+05	-1.328871e+01
4.516764e+05	-1.211658e+01
4.542853e+05	-1.074251e+01
4.569092e+05	-9.057574e+00
4.595483e+05	-6.974828e+00
4.622026e+05	-4.418881e+00
4.648723e+05	-1.521433e+00
4.675574e+05	-3.220231e-02
4.702580e+05	-1.881107e+00
4.729742e+05	-4.852141e+00
4.757060e+05	-7.445687e+00
4.784537e+05	-9.559316e+00
4.812172e+05	-1.127485e+01
4.839967e+05	-1.274589e+01
4.867923e+05	-1.397032e+01
4.896040e+05	-1.506999e+01
4.924319e+05	-1.596617e+01
4.952762e+05	-1.679820e+01
4.981369e+05	-1.752503e+01
5.010141e+05	-1.816624e+01
5.039079e+05	-1.875055e+01
5.068185e+05	-1.923755e+01
5.097458e+05	-1.967764e+01
5.126901e+05	-2.007902e+01
5.156514e+05	-2.042141e+01
5.186298e+05	-2.068612e+01
5.216253e+05	-2.094763e+01
5.246382e+05	-2.114094e+01
5.276685e+05	-2.129513e+01
5.307163e+05	-2.141235e+01
5.337817e+05	-2.147968e+01
5.368648e+05	-2.149036e+01
5.399657e+05	-2.146290e+01
5.430845e+05	-2.138352e+01
5.462214e+05	-2.127172e+01
5.493763e+05	-2.109215e+01
5.525495e+05	-2.085898e+01
5.557410e+05	-2.056721e+01
5.589509e+05	-2.021018e+01
5.621794e+05	-1.977986e+01
5.654265e+05	-1.924340e+01
5.686924e+05	-1.861466e+01
5.719772e+05	-1.789784e+01
5.752809e+05	-1.701460e+01
5.786037e+05	-1.599429e+01
5.819457e+05	-1.472225e+01
5.853070e+05	-1.316307e+01
5.886877e+05	-1.122894e+01
5.920879e+05	-8.667348e+00
5.955078e+05	-5.097404e+00
5.989474e+05	-8.092515e-01
6.024069e+05	-1.331508e+00
6.058864e+05	-5.776017e+00
6.093860e+05	-9.290058e+00
6.129058e+05	-1.187944e+01
6.164459e+05	-1.388647e+01
6.200064e+05	-1.550456e+01
6.235876e+05	-1.681785e+01
6.271894e+05	-1.789761e+01
6.308120e+05	-1.881582e+01
6.344555e+05	-1.960305e+01
6.381201e+05	-2.025056e+01
6.418059e+05	-2.077818e+01
6.455129e+05	-2.121991e+01
6.492414e+05	-2.158868e+01
6.529914e+05	-2.183440e+01
6.567630e+05	-2.196700e+01
6.605565e+05	-2.205656e+01
6.643718e+05	-2.202965e+01
6.682092e+05	-2.195258e+01
6.720688e+05	-2.174496e+01
6.759506e+05	-2.142471e+01
6.798549e+05	-2.100438e+01
6.837817e+05	-2.043571e+01
6.877312e+05	-1.971793e+01
6.917035e+05	-1.880361e+01
6.956987e+05	-1.764337e+01
6.997171e+05	-1.615871e+01
7.037586e+05	-1.421670e+01
7.078235e+05	-1.151023e+01
7.119118e+05	-7.509235e+00
7.160238e+05	-1.439572e+00
7.201595e+05	-2.769970e+00
7.243191e+05	-8.683688e+00
7.285028e+05	-1.249938e+01
7.327106e+05	-1.513749e+01
7.369427e+05	-1.711201e+01
7.411992e+05	-1.864275e+01
7.454804e+05	-1.986087e+01
7.497862e+05	-2.082915e+01
7.541170e+05	-2.155724e+01
7.584727e+05	-2.211480e+01
7.628536e+05	-2.250701e+01
7.672598e+05	-2.273145e+01
7.716915e+05	-2.279899e+01
7.761488e+05	-2.267754e+01
7.806318e+05	-2.240446e+01
7.851407e+05	-2.191508e+01
7.896756e+05	-2.119492e+01
7.942367e+05	-2.021172e+01
7.988242e+05	-1.882140e+01
8.034382e+05	-1.693190e+01
8.080788e+05	-1.416856e+01
8.127463e+05	-9.745271e+00
8.174406e+05	-1.616573e+00
8.221621e+05	-5.560316e+00
8.269109e+05	-1.215481e+01
8.316871e+05	-1.593990e+01
8.364909e+05	-1.850597e+01
8.413225e+05	-2.034196e+01
8.461819e+05	-2.168220e+01
8.510694e+05	-2.262508e+01
8.559852e+05	-2.328804e+01
8.609293e+05	-2.362927e+01
8.659020e+05	-2.373045e+01
8.709034e+05	-2.347362e+01
8.759337e+05	-2.294159e+01
8.809931e+05	-2.202165e+01
8.860816e+05	-2.060167e+01
8.911996e+05	-1.838028e+01
8.963471e+05	-1.485251e+01
9.015244e+05	-8.029744e+00
9.067316e+05	-3.006621e+00
9.119688e+05	-1.302827e+01
9.172363e+05	-1.775645e+01
9.225342e+05	-2.062607e+01
9.278628e+05	-2.249845e+01
9.332221e+05	-2.372981e+01
9.386123e+05	-2.439976e+01
9.440337e+05	-2.459678e+01
9.494864e+05	-2.432351e+01
9.549706e+05	-2.344427e+01
9.604865e+05	-2.179529e+01
9.660342e+05	-1.892404e+01
9.716140e+05	-1.335009e+01
9.772260e+05	-1.401603e-01
9.828704e+05	-1.437316e+01
9.885474e+05	-1.998756e+01
9.942572e+05	-2.305035e+01
1.000000e+06	-2.480235e+01
