Frequency(Hz)	Magnitude(dB)
1.000000e+01	-1.827711e-02
1.005776e+01	8.007447e-05
1.011585e+01	-7.080488e-03
1.017428e+01	-9.576194e-03
1.023305e+01	1.631722e-02
1.029215e+01	8.674559e-03
1.035160e+01	-4.861703e-03
1.041139e+01	7.710216e-03
1.047153e+01	8.411233e-04
1.053201e+01	2.871873e-03
1.059284e+01	-4.541792e-03
1.065403e+01	8.508272e-04
1.071556e+01	-3.495414e-03
1.077746e+01	-8.321847e-03
1.083971e+01	4.221989e-03
1.090232e+01	-1.603787e-02
1.096529e+01	3.251338e-04
1.102862e+01	-5.369444e-03
1.109232e+01	5.063115e-03
1.115639e+01	-1.387055e-02
1.122083e+01	1.998762e-02
1.128564e+01	-5.538447e-03
1.135083e+01	-1.352542e-02
1.141639e+01	-7.193011e-03
1.148233e+01	5.516594e-03
1.154865e+01	1.094207e-02
1.161536e+01	-2.968964e-03
1.168245e+01	-8.776331e-03
1.174992e+01	-4.683131e-03
1.181779e+01	2.297249e-02
1.188605e+01	-2.011771e-02
1.195470e+01	-5.077542e-04
1.202375e+01	-7.892864e-03
1.209320e+01	5.181759e-03
1.216305e+01	-6.071397e-03
1.223330e+01	6.268890e-03
1.230396e+01	-8.963582e-03
1.237503e+01	-1.771383e-02
1.244651e+01	-9.459382e-03
1.251840e+01	1.842879e-02
1.259070e+01	-1.529803e-02
1.266343e+01	6.435190e-03
1.273657e+01	-1.631382e-02
1.281014e+01	-2.913486e-03
1.288413e+01	7.456755e-03
1.295855e+01	1.288287e-02
1.303339e+01	4.908525e-03
1.310867e+01	-6.084853e-03
1.318439e+01	-7.161571e-03
1.326054e+01	9.663974e-03
1.333713e+01	-5.410478e-03
1.341417e+01	-1.160601e-02
1.349165e+01	1.819084e-02
1.356958e+01	7.310758e-03
1.364795e+01	-3.263237e-04
1.372678e+01	4.711134e-03
1.380607e+01	-2.235519e-03
1.388581e+01	7.894306e-03
1.396602e+01	9.112343e-03
1.404668e+01	1.989877e-03
1.412782e+01	1.350704e-03
1.420942e+01	-4.636882e-03
1.429149e+01	3.334251e-03
1.437404e+01	-2.565170e-02
1.445706e+01	-1.206334e-02
1.454057e+01	1.994489e-02
1.462455e+01	-3.620886e-04
1.470902e+01	-5.945437e-03
1.479398e+01	1.613490e-02
1.487943e+01	-2.855437e-03
1.496537e+01	1.989755e-02
1.505181e+01	-9.324816e-04
1.513875e+01	-8.600437e-03
1.522619e+01	1.736242e-02
1.531414e+01	9.353452e-03
1.540259e+01	-1.943666e-02
1.549156e+01	7.246954e-03
1.558103e+01	5.320464e-03
1.567103e+01	5.520718e-04
1.576155e+01	1.040855e-03
1.585258e+01	-4.562737e-03
1.594415e+01	-9.965630e-03
1.603624e+01	-1.135987e-02
1.612886e+01	-2.045118e-03
1.622202e+01	9.230617e-03
1.631572e+01	-1.823956e-04
1.640996e+01	-1.154849e-02
1.650474e+01	1.657423e-02
1.660008e+01	1.340168e-02
1.669596e+01	1.353012e-02
1.679239e+01	1.068351e-02
1.688938e+01	-1.150055e-02
1.698694e+01	-8.570025e-03
1.708505e+01	8.847288e-03
1.718373e+01	3.807447e-03
1.728299e+01	-2.036390e-03
1.738281e+01	-1.854357e-03
1.748322e+01	8.181679e-03
1.758420e+01	-5.102740e-03
1.768576e+01	6.848137e-03
1.778792e+01	5.681123e-03
1.789066e+01	5.875642e-03
1.799399e+01	5.588150e-03
1.809793e+01	4.317818e-04
1.820246e+01	5.035276e-03
1.830760e+01	1.781473e-02
1.841334e+01	-1.182355e-03
1.851969e+01	-6.369594e-03
1.862666e+01	-1.291338e-02
1.873425e+01	-3.167834e-03
1.884246e+01	-5.135317e-03
1.895129e+01	-6.325485e-03
1.906075e+01	-1.576968e-02
1.917085e+01	4.519823e-03
1.928158e+01	2.402542e-02
1.939295e+01	3.528453e-03
1.950496e+01	-9.135208e-03
1.961762e+01	6.641482e-03
1.973093e+01	4.594905e-03
1.984490e+01	3.541693e-03
1.995952e+01	-2.959970e-03
2.007480e+01	2.927012e-03
2.019076e+01	-2.494055e-02
2.030738e+01	-8.003095e-03
2.042467e+01	1.801384e-02
2.054264e+01	2.242226e-03
2.066130e+01	2.624574e-03
2.078064e+01	5.961278e-03
2.090066e+01	8.091758e-04
2.102139e+01	2.368859e-03
2.114280e+01	-2.442303e-02
2.126492e+01	-5.179891e-03
2.138775e+01	-3.450668e-03
2.151128e+01	-7.566703e-03
2.163553e+01	5.813917e-03
2.176050e+01	1.900888e-02
2.188619e+01	-1.163466e-03
2.201260e+01	2.753502e-03
2.213974e+01	3.559755e-03
2.226762e+01	1.129572e-03
2.239624e+01	3.105676e-03
2.252560e+01	-1.407184e-02
2.265571e+01	-1.063158e-02
2.278656e+01	-5.018137e-03
2.291818e+01	8.451515e-03
2.305055e+01	2.752001e-03
2.318369e+01	8.555328e-03
2.331760e+01	4.898768e-03
2.345228e+01	-4.211557e-03
2.358774e+01	2.772232e-02
2.372398e+01	8.913921e-03
2.386101e+01	-1.389914e-02
2.399883e+01	1.050399e-02
2.413745e+01	1.817142e-02
2.427686e+01	-5.526079e-03
2.441709e+01	-6.928269e-03
2.455812e+01	-5.383977e-03
2.469997e+01	1.535496e-02
2.484263e+01	-8.679247e-03
2.498612e+01	8.200751e-04
2.513044e+01	-8.262334e-03
2.527559e+01	-2.591920e-02
2.542158e+01	1.046899e-02
2.556842e+01	-1.726909e-02
2.571610e+01	1.722707e-02
2.586463e+01	6.861465e-03
2.601403e+01	-7.582181e-03
2.616428e+01	7.490033e-03
2.631541e+01	1.318222e-02
2.646740e+01	1.503026e-02
2.662028e+01	-6.721975e-03
2.677404e+01	-3.800252e-03
2.692868e+01	-2.634185e-03
2.708422e+01	-1.499467e-03
2.724066e+01	-4.720898e-03
2.739800e+01	5.518784e-03
2.755625e+01	-6.930579e-03
2.771541e+01	-2.438957e-02
2.787550e+01	-6.708113e-03
2.803650e+01	-1.843296e-03
2.819844e+01	1.467646e-02
2.836131e+01	4.112654e-03
2.852513e+01	1.633805e-02
2.868989e+01	-1.034891e-02
2.885560e+01	1.307527e-02
2.902227e+01	2.687175e-03
2.918990e+01	1.438676e-02
2.935850e+01	6.297769e-03
2.952807e+01	-3.099812e-03
2.969863e+01	5.804005e-04
2.987016e+01	-1.140677e-02
3.004269e+01	7.852341e-03
3.021622e+01	1.041248e-02
3.039075e+01	3.818438e-03
3.056628e+01	-2.893649e-03
3.074283e+01	7.144852e-03
3.092040e+01	1.051260e-02
3.109900e+01	-1.329218e-02
3.127862e+01	-5.232707e-03
3.145929e+01	9.294397e-03
3.164099e+01	1.756067e-03
3.182375e+01	-2.127807e-02
3.200756e+01	-1.504129e-02
3.219244e+01	6.747483e-03
3.237838e+01	-7.488519e-03
3.256540e+01	-5.787788e-03
3.275349e+01	-1.203326e-02
3.294268e+01	2.916277e-04
3.313295e+01	-9.665228e-03
3.332433e+01	1.454693e-02
3.351681e+01	5.064347e-03
3.371040e+01	-7.775210e-03
3.390511e+01	-1.770140e-03
3.410094e+01	-1.393253e-02
3.429791e+01	2.096134e-02
3.449601e+01	1.577879e-03
3.469526e+01	-7.727361e-03
3.489566e+01	7.348489e-03
3.509721e+01	-1.958607e-03
3.529993e+01	-9.952121e-03
3.550382e+01	-5.615197e-03
3.570889e+01	8.103454e-03
3.591515e+01	1.680649e-02
3.612259e+01	-5.394667e-03
3.633123e+01	1.373938e-02
3.654108e+01	1.772166e-04
3.675214e+01	5.814317e-03
3.696442e+01	3.823173e-03
3.717792e+01	1.402417e-03
3.739266e+01	-2.470144e-03
3.760864e+01	-1.172742e-02
3.782587e+01	2.824481e-03
3.804435e+01	-1.354572e-02
3.826409e+01	5.880886e-04
3.848510e+01	1.270694e-03
3.870739e+01	-6.398828e-03
3.893096e+01	-3.153513e-03
3.915583e+01	-3.386076e-03
3.938199e+01	-4.297359e-03
3.960946e+01	-1.377417e-02
3.983824e+01	1.710482e-02
4.006834e+01	-1.597354e-02
4.029978e+01	-3.767586e-03
4.053255e+01	-6.264485e-04
4.076666e+01	-3.976755e-03
4.100213e+01	6.680966e-03
4.123896e+01	-1.205886e-02
4.147715e+01	-3.018890e-02
4.171672e+01	-5.081275e-03
4.195767e+01	-2.194884e-03
4.220002e+01	8.876726e-05
4.244377e+01	3.815185e-03
4.268892e+01	3.196825e-03
4.293549e+01	5.797248e-03
4.318348e+01	-1.836848e-02
4.343291e+01	-2.892849e-03
4.368377e+01	-4.772677e-03
4.393609e+01	1.335350e-02
4.418986e+01	-9.548112e-03
4.444510e+01	2.515859e-03
4.470182e+01	-5.300206e-04
4.496001e+01	-8.180943e-03
4.521970e+01	-8.220731e-04
4.548089e+01	3.355745e-03
4.574358e+01	-6.439164e-03
4.600779e+01	1.337467e-02
4.627353e+01	9.151915e-03
4.654081e+01	-8.226902e-03
4.680963e+01	-8.843723e-04
4.708000e+01	1.078060e-02
4.735193e+01	6.240763e-03
4.762543e+01	4.559739e-03
4.790051e+01	-1.131451e-03
4.817719e+01	1.789242e-02
4.845545e+01	-2.999470e-03
4.873533e+01	1.306117e-02
4.901682e+01	3.217569e-03
4.929994e+01	-5.659192e-03
4.958470e+01	-4.677524e-03
4.987110e+01	1.635740e-02
5.015915e+01	-1.197551e-02
5.044887e+01	-4.147132e-03
5.074026e+01	7.676400e-03
5.103333e+01	-2.435030e-03
5.132810e+01	1.023908e-02
5.162457e+01	1.148276e-02
5.192275e+01	1.264445e-03
5.222265e+01	-4.067208e-03
5.252429e+01	-9.499852e-03
5.282767e+01	-2.128689e-02
5.313280e+01	-5.250558e-03
5.343969e+01	8.587034e-03
5.374836e+01	5.319295e-03
5.405880e+01	4.340803e-03
5.437105e+01	-1.123288e-03
5.468509e+01	9.400486e-03
5.500095e+01	1.511081e-02
5.531863e+01	-5.603945e-05
5.563815e+01	-1.325541e-02
5.595951e+01	-8.534022e-03
5.628273e+01	-1.117720e-02
5.660782e+01	-5.125064e-04
5.693479e+01	7.274940e-03
5.726364e+01	-3.155827e-03
5.759439e+01	8.344219e-03
5.792705e+01	9.194590e-03
5.826164e+01	-5.422607e-03
5.859815e+01	-3.588997e-03
5.893662e+01	1.563046e-02
5.927703e+01	-7.441879e-03
5.961941e+01	8.389740e-03
5.996377e+01	-2.421238e-03
6.031012e+01	1.720492e-03
6.065847e+01	5.497373e-03
6.100883e+01	1.717353e-02
6.136121e+01	4.362106e-03
6.171563e+01	-1.321046e-02
6.207210e+01	3.322731e-03
6.243063e+01	-2.377301e-03
6.279122e+01	-2.242183e-04
6.315390e+01	1.207025e-03
6.351868e+01	-4.440349e-04
6.388556e+01	-7.605090e-03
6.425456e+01	2.961480e-03
6.462569e+01	2.320318e-04
6.499897e+01	-9.272944e-03
6.537440e+01	-1.571499e-02
6.575200e+01	-1.331772e-02
6.613178e+01	-1.453305e-02
6.651375e+01	1.291801e-02
6.689793e+01	-1.963608e-03
6.728433e+01	-1.766340e-02
6.767297e+01	5.783410e-04
6.806384e+01	-2.488950e-03
6.845698e+01	1.399834e-02
6.885238e+01	-8.463840e-03
6.925007e+01	2.263418e-03
6.965005e+01	-7.130008e-03
7.005235e+01	-2.244947e-02
7.045697e+01	-2.030709e-03
7.086393e+01	-7.737812e-03
7.127323e+01	1.733193e-02
7.168490e+01	-1.742788e-02
7.209895e+01	2.095655e-02
7.251539e+01	-1.031557e-02
7.293424e+01	-1.492959e-02
7.335551e+01	2.655343e-03
7.377920e+01	-1.684923e-03
7.420535e+01	8.373436e-03
7.463396e+01	-2.326924e-03
7.506504e+01	-9.718929e-03
7.549861e+01	-7.396338e-03
7.593469e+01	1.456849e-03
7.637328e+01	2.362798e-03
7.681441e+01	2.127713e-02
7.725809e+01	3.743983e-03
7.770433e+01	-1.512985e-03
7.815315e+01	-1.537099e-02
7.860456e+01	9.511287e-03
7.905857e+01	3.426392e-03
7.951521e+01	-6.819971e-03
7.997449e+01	-1.373555e-02
8.043642e+01	-7.238857e-03
8.090102e+01	-2.055889e-02
8.136830e+01	-6.880874e-03
8.183828e+01	-4.700253e-03
8.231097e+01	3.016121e-03
8.278640e+01	1.118366e-03
8.326457e+01	-8.863245e-03
8.374550e+01	1.295699e-02
8.422921e+01	-3.222659e-03
8.471572e+01	-5.750952e-03
8.520503e+01	-1.043457e-03
8.569717e+01	-2.867050e-03
8.619215e+01	-5.578912e-03
8.669000e+01	2.182748e-04
8.719071e+01	-2.114658e-02
8.769432e+01	-5.305120e-03
8.820084e+01	4.542686e-03
8.871029e+01	-1.840986e-02
8.922267e+01	-8.641158e-03
8.973802e+01	3.746317e-04
9.025634e+01	-6.569655e-03
9.077766e+01	6.377403e-03
9.130199e+01	1.161242e-02
9.182935e+01	3.953362e-03
9.235975e+01	5.801678e-03
9.289321e+01	-9.956921e-03
9.342976e+01	-6.207711e-03
9.396941e+01	-4.233863e-03
9.451217e+01	-1.304614e-02
9.505807e+01	-1.328180e-02
9.560712e+01	1.436341e-03
9.615934e+01	7.189441e-03
9.671476e+01	-2.696315e-02
9.727338e+01	-3.808436e-03
9.783522e+01	-1.628564e-02
9.840032e+01	-4.703686e-03
9.896867e+01	8.260097e-03
9.954031e+01	-5.025711e-03
1.001153e+02	2.993719e-03
1.006935e+02	-9.769629e-03
1.012751e+02	1.852027e-04
1.018601e+02	7.041007e-03
1.024484e+02	-1.475903e-02
1.030402e+02	-1.211999e-02
1.036353e+02	-4.807937e-04
1.042339e+02	4.862590e-03
1.048360e+02	-9.978091e-04
1.054415e+02	7.110808e-03
1.060505e+02	-7.665360e-04
1.066631e+02	-2.064451e-03
1.072791e+02	-8.532580e-03
1.078988e+02	-7.548827e-03
1.085220e+02	2.623575e-03
1.091488e+02	-5.370983e-03
1.097793e+02	3.690229e-03
1.104133e+02	-6.832888e-03
1.110511e+02	1.219733e-03
1.116925e+02	-1.476278e-02
1.123376e+02	-1.194393e-02
1.129865e+02	5.974724e-03
1.136391e+02	7.055146e-03
1.142955e+02	1.089825e-02
1.149556e+02	1.684232e-03
1.156196e+02	6.043067e-03
1.162874e+02	7.445841e-03
1.169591e+02	-7.176261e-03
1.176347e+02	-5.962702e-03
1.183141e+02	1.173667e-02
1.189975e+02	3.292676e-03
1.196848e+02	-3.553225e-03
1.203761e+02	2.107088e-03
1.210714e+02	-9.002686e-03
1.217707e+02	-1.722044e-02
1.224740e+02	-2.443188e-03
1.231814e+02	4.878719e-03
1.238929e+02	-3.136753e-03
1.246085e+02	6.263281e-04
1.253283e+02	7.724716e-04
1.260522e+02	-2.582136e-03
1.267802e+02	1.156370e-02
1.275125e+02	1.408410e-02
1.282490e+02	-1.137485e-02
1.289898e+02	-1.112820e-02
1.297348e+02	1.074908e-02
1.304842e+02	-4.451459e-03
1.312378e+02	-8.063630e-03
1.319959e+02	-1.339358e-02
1.327583e+02	-1.559622e-02
1.335251e+02	-1.160435e-02
1.342963e+02	-7.230028e-03
1.350720e+02	2.955278e-03
1.358522e+02	-2.825828e-02
1.366368e+02	1.049187e-02
1.374260e+02	5.376256e-03
1.382198e+02	7.550479e-03
1.390182e+02	6.818430e-03
1.398211e+02	1.924348e-04
1.406287e+02	-1.848155e-03
1.414410e+02	-2.266803e-04
1.422579e+02	1.904650e-03
1.430796e+02	-5.859788e-03
1.439060e+02	-1.358732e-02
1.447372e+02	-1.533120e-02
1.455732e+02	-1.111951e-02
1.464141e+02	-6.326156e-03
1.472597e+02	-1.497647e-02
1.481103e+02	-2.360909e-03
1.489658e+02	-1.299159e-02
1.498262e+02	-7.138491e-03
1.506916e+02	-6.225380e-03
1.515620e+02	-6.264489e-03
1.524374e+02	3.515824e-03
1.533179e+02	1.135728e-02
1.542034e+02	-7.367185e-03
1.550941e+02	-1.719619e-04
1.559899e+02	-7.428057e-03
1.568909e+02	-1.637701e-03
1.577971e+02	4.208396e-03
1.587085e+02	-2.741895e-03
1.596252e+02	-3.878107e-03
1.605472e+02	-1.336831e-02
1.614745e+02	-8.346664e-03
1.624072e+02	-4.776423e-03
1.633453e+02	1.580091e-02
1.642887e+02	6.131386e-03
1.652377e+02	3.179745e-03
1.661921e+02	-6.282836e-03
1.671520e+02	-1.254813e-03
1.681175e+02	3.896447e-04
1.690885e+02	-1.910869e-03
1.700651e+02	-1.907632e-02
1.710474e+02	4.735278e-03
1.720354e+02	-5.764241e-03
1.730291e+02	-7.266528e-03
1.740285e+02	2.371476e-03
1.750337e+02	-7.316161e-03
1.760446e+02	-2.401085e-02
1.770615e+02	1.727393e-02
1.780842e+02	-6.832594e-03
1.791128e+02	-7.880556e-03
1.801473e+02	-2.469802e-03
1.811878e+02	-1.060910e-03
1.822344e+02	4.360890e-03
1.832870e+02	7.324576e-04
1.843456e+02	-5.005648e-03
1.854104e+02	2.440654e-03
1.864813e+02	6.924305e-03
1.875584e+02	-2.843203e-03
1.886418e+02	-1.672517e-02
1.897313e+02	-1.528254e-02
1.908272e+02	6.754997e-04
1.919294e+02	-1.654921e-02
1.930380e+02	1.785446e-02
1.941530e+02	-9.629972e-03
1.952744e+02	1.330201e-02
1.964023e+02	-2.781143e-03
1.975367e+02	-4.396825e-03
1.986777e+02	-5.945709e-03
1.998252e+02	-5.458893e-03
2.009794e+02	2.833884e-03
2.021403e+02	-9.549134e-03
2.033078e+02	1.177351e-02
2.044821e+02	-1.521403e-02
2.056632e+02	-7.096395e-04
2.068511e+02	-1.679312e-02
2.080459e+02	-1.537702e-02
2.092475e+02	-2.890127e-03
2.104561e+02	-1.804253e-02
2.116717e+02	-1.063871e-02
2.128943e+02	-1.392605e-02
2.141240e+02	-7.398650e-03
2.153608e+02	-1.536677e-02
2.166047e+02	6.025268e-03
2.178558e+02	-7.786224e-03
2.191141e+02	-4.254526e-03
2.203797e+02	-2.197760e-02
2.216526e+02	-1.548022e-02
2.229329e+02	-2.090261e-02
2.242205e+02	-8.651770e-04
2.255156e+02	-1.331846e-02
2.268182e+02	-1.337675e-02
2.281283e+02	-1.708835e-02
2.294459e+02	-1.124912e-02
2.307712e+02	-2.263095e-02
2.321041e+02	-1.917103e-02
2.334447e+02	-2.588147e-02
2.347931e+02	-7.921617e-03
2.361493e+02	-9.414733e-06
2.375133e+02	-3.026479e-02
2.388851e+02	-4.614415e-03
2.402649e+02	-8.621315e-03
2.416527e+02	-1.377338e-02
2.430484e+02	-1.364553e-02
2.444523e+02	-1.021876e-02
2.458642e+02	2.972883e-04
2.472843e+02	-9.329250e-03
2.487126e+02	-6.927541e-03
2.501492e+02	-5.560582e-03
2.515940e+02	-1.486437e-02
2.530472e+02	-2.679398e-02
2.545088e+02	-6.337732e-03
2.559789e+02	-2.598011e-02
2.574574e+02	-1.488497e-02
2.589444e+02	-1.412818e-04
2.604401e+02	-9.351107e-03
2.619444e+02	-1.345188e-02
2.634574e+02	8.811522e-03
2.649791e+02	-2.436188e-02
2.665096e+02	-5.215255e-03
2.680489e+02	-2.441618e-02
2.695972e+02	-3.654945e-03
2.711544e+02	-1.802754e-02
2.727205e+02	-1.342502e-02
2.742958e+02	-8.898737e-03
2.758801e+02	-2.677319e-02
2.774736e+02	-2.375361e-02
2.790762e+02	1.603286e-03
2.806882e+02	-1.288190e-02
2.823094e+02	3.820497e-03
2.839400e+02	-8.280062e-03
2.855800e+02	2.220326e-03
2.872295e+02	-3.854097e-03
2.888886e+02	-2.412112e-02
2.905572e+02	5.629460e-03
2.922354e+02	-2.252827e-02
2.939234e+02	-1.730633e-02
2.956211e+02	-9.049327e-03
2.973286e+02	-2.395854e-02
2.990459e+02	-1.859267e-02
3.007732e+02	-2.759602e-02
3.025104e+02	-2.629186e-02
3.042577e+02	-1.008458e-02
3.060151e+02	-2.575406e-02
3.077826e+02	-2.381888e-02
3.095604e+02	-2.953387e-02
3.113484e+02	-1.852461e-02
3.131467e+02	-1.753759e-02
3.149554e+02	-1.518367e-02
3.167746e+02	-2.594948e-03
3.186043e+02	-1.492304e-02
3.204445e+02	-9.745303e-03
3.222954e+02	-1.900226e-02
3.241570e+02	-3.499806e-02
3.260293e+02	-1.568284e-02
3.279124e+02	-5.431156e-03
3.298064e+02	-3.323022e-02
3.317114e+02	-1.193890e-02
3.336273e+02	-3.375876e-02
3.355544e+02	-3.503999e-02
3.374925e+02	-2.375378e-02
3.394418e+02	-2.580911e-02
3.414024e+02	-4.368724e-02
3.433744e+02	-2.490433e-02
3.453577e+02	-1.132552e-02
3.473525e+02	-2.040669e-02
3.493588e+02	-2.628128e-02
3.513766e+02	-4.035556e-02
3.534062e+02	-2.026483e-02
3.554474e+02	-6.582043e-03
3.575005e+02	-2.266842e-02
3.595654e+02	-1.900286e-02
3.616422e+02	-3.842072e-02
3.637311e+02	-3.859778e-02
3.658320e+02	-2.421814e-02
3.679450e+02	-3.208251e-02
3.700702e+02	-2.258366e-02
3.722077e+02	-3.348189e-02
3.743576e+02	-3.209968e-02
3.765199e+02	-4.114523e-02
3.786946e+02	-1.945897e-02
3.808820e+02	-2.924483e-02
3.830819e+02	-2.295911e-02
3.852946e+02	-5.008728e-02
3.875200e+02	-3.093975e-02
3.897583e+02	-3.503360e-02
3.920096e+02	-3.700122e-02
3.942738e+02	-1.279006e-02
3.965511e+02	-3.384916e-02
3.988416e+02	-2.694708e-02
4.011452e+02	-3.651599e-02
4.034622e+02	-3.469317e-02
4.057926e+02	-2.284187e-02
4.081365e+02	-5.787664e-03
4.104938e+02	-3.489442e-02
4.128648e+02	-3.061169e-02
4.152495e+02	-3.256075e-02
4.176480e+02	-3.866591e-02
4.200603e+02	-1.178667e-02
4.224866e+02	-1.283228e-02
4.249268e+02	-2.959879e-02
4.273812e+02	-3.618561e-02
4.298497e+02	-4.661919e-02
4.323325e+02	-4.604000e-02
4.348297e+02	-3.106430e-02
4.373412e+02	-3.731545e-02
4.398673e+02	-2.856104e-02
4.424079e+02	-2.090202e-02
4.449633e+02	-3.687068e-02
4.475334e+02	-4.005235e-02
4.501183e+02	-3.542406e-02
4.527182e+02	-4.641744e-02
4.553330e+02	-4.329535e-02
4.579630e+02	-3.393655e-02
4.606082e+02	-5.852950e-02
4.632687e+02	-4.266201e-02
4.659445e+02	-5.484628e-02
4.686358e+02	-4.207213e-02
4.713426e+02	-4.398438e-02
4.740650e+02	-3.782356e-02
4.768032e+02	-2.911556e-02
4.795572e+02	-4.922310e-02
4.823271e+02	-5.119773e-02
4.851130e+02	-6.681496e-02
4.879150e+02	-4.090779e-02
4.907332e+02	-4.528065e-02
4.935676e+02	-3.357049e-02
4.964185e+02	-4.026588e-02
4.992858e+02	-5.892985e-02
5.021696e+02	-5.219010e-02
5.050701e+02	-4.328391e-02
5.079874e+02	-4.247879e-02
5.109215e+02	-5.552684e-02
5.138726e+02	-4.399845e-02
5.168407e+02	-3.247264e-02
5.198259e+02	-5.548283e-02
5.228284e+02	-4.898370e-02
5.258482e+02	-3.711452e-02
5.288855e+02	-7.761808e-02
5.319403e+02	-5.936313e-02
5.350128e+02	-4.712357e-02
5.381030e+02	-5.145422e-02
5.412111e+02	-5.127967e-02
5.443371e+02	-5.149277e-02
5.474812e+02	-4.795060e-02
5.506434e+02	-4.624992e-02
5.538239e+02	-5.602667e-02
5.570228e+02	-6.508547e-02
5.602401e+02	-5.396293e-02
5.634760e+02	-6.486779e-02
5.667306e+02	-6.303617e-02
5.700040e+02	-4.561202e-02
5.732964e+02	-6.866218e-02
5.766077e+02	-5.721356e-02
5.799382e+02	-7.173015e-02
5.832879e+02	-7.438628e-02
5.866569e+02	-4.002061e-02
5.900454e+02	-5.386856e-02
5.934535e+02	-6.606190e-02
5.968813e+02	-8.031418e-02
6.003288e+02	-6.008762e-02
6.037963e+02	-6.595852e-02
6.072838e+02	-8.274070e-02
6.107914e+02	-7.879758e-02
6.143194e+02	-6.511801e-02
6.178676e+02	-6.903185e-02
6.214364e+02	-7.562634e-02
6.250258e+02	-8.934674e-02
6.286359e+02	-7.935955e-02
6.322669e+02	-7.373611e-02
6.359189e+02	-6.506345e-02
6.395919e+02	-8.037017e-02
6.432862e+02	-8.402125e-02
6.470017e+02	-8.442506e-02
6.507388e+02	-7.195499e-02
6.544974e+02	-5.889987e-02
6.582778e+02	-7.095863e-02
6.620800e+02	-7.874215e-02
6.659041e+02	-8.607033e-02
6.697504e+02	-7.215248e-02
6.736188e+02	-8.649988e-02
6.775096e+02	-8.781008e-02
6.814229e+02	-6.428397e-02
6.853587e+02	-9.310486e-02
6.893173e+02	-9.066412e-02
6.932988e+02	-7.832359e-02
6.973033e+02	-9.267249e-02
7.013309e+02	-8.531683e-02
7.053817e+02	-7.954125e-02
7.094560e+02	-9.130649e-02
7.135538e+02	-9.595734e-02
7.176752e+02	-9.125306e-02
7.218205e+02	-9.534452e-02
7.259897e+02	-1.001399e-01
7.301830e+02	-7.759386e-02
7.344005e+02	-1.055975e-01
7.386424e+02	-9.794952e-02
7.429087e+02	-9.278206e-02
7.471998e+02	-1.008047e-01
7.515155e+02	-9.435198e-02
7.558563e+02	-1.044708e-01
7.602221e+02	-9.616947e-02
7.646131e+02	-1.034873e-01
7.690295e+02	-1.276333e-01
7.734713e+02	-1.097338e-01
7.779389e+02	-1.131266e-01
7.824322e+02	-1.107026e-01
7.869515e+02	-1.255744e-01
7.914969e+02	-1.191835e-01
7.960686e+02	-9.960413e-02
8.006666e+02	-1.209589e-01
8.052912e+02	-1.194120e-01
8.099426e+02	-1.151886e-01
8.146208e+02	-1.073470e-01
8.193260e+02	-1.327275e-01
8.240584e+02	-1.265866e-01
8.288181e+02	-1.296804e-01
8.336053e+02	-1.186243e-01
8.384202e+02	-1.168647e-01
8.432629e+02	-1.385765e-01
8.481335e+02	-1.296239e-01
8.530323e+02	-1.335841e-01
8.579594e+02	-1.367973e-01
8.629149e+02	-1.450505e-01
8.678991e+02	-1.405413e-01
8.729120e+02	-1.209728e-01
8.779539e+02	-1.406908e-01
8.830250e+02	-1.503434e-01
8.881253e+02	-1.290695e-01
8.932551e+02	-1.568807e-01
8.984145e+02	-1.476381e-01
9.036037e+02	-1.398880e-01
9.088229e+02	-1.514030e-01
9.140722e+02	-1.343592e-01
9.193518e+02	-1.516782e-01
9.246620e+02	-1.680182e-01
9.300028e+02	-1.593287e-01
9.353744e+02	-1.622558e-01
9.407771e+02	-1.771658e-01
9.462110e+02	-1.705716e-01
9.516763e+02	-1.524435e-01
9.571731e+02	-1.665704e-01
9.627017e+02	-1.736198e-01
9.682622e+02	-1.784804e-01
9.738549e+02	-1.691064e-01
9.794798e+02	-1.776712e-01
9.851373e+02	-1.830791e-01
9.908274e+02	-1.579746e-01
9.965504e+02	-1.774770e-01
1.002306e+03	-1.891214e-01
1.008096e+03	-1.758197e-01
1.013918e+03	-2.003531e-01
1.019775e+03	-1.890915e-01
1.025665e+03	-1.952542e-01
1.031589e+03	-2.061269e-01
1.037548e+03	-2.179011e-01
1.043540e+03	-1.851376e-01
1.049568e+03	-1.999781e-01
1.055630e+03	-2.044809e-01
1.061727e+03	-1.814826e-01
1.067860e+03	-1.949976e-01
1.074028e+03	-2.108663e-01
1.080231e+03	-1.985034e-01
1.086471e+03	-2.178636e-01
1.092746e+03	-2.074203e-01
1.099058e+03	-2.100359e-01
1.105406e+03	-2.328662e-01
1.111791e+03	-2.212579e-01
1.118212e+03	-2.354113e-01
1.124671e+03	-2.031874e-01
1.131167e+03	-2.322154e-01
1.137701e+03	-2.259720e-01
1.144272e+03	-2.209124e-01
1.150881e+03	-2.330062e-01
1.157529e+03	-2.397102e-01
1.164215e+03	-2.349710e-01
1.170939e+03	-2.412443e-01
1.177702e+03	-2.617103e-01
1.184505e+03	-2.409404e-01
1.191346e+03	-2.506787e-01
1.198227e+03	-2.560190e-01
1.205148e+03	-2.684625e-01
1.212109e+03	-2.622055e-01
1.219110e+03	-2.679662e-01
1.226152e+03	-2.716499e-01
1.233234e+03	-2.780339e-01
1.240357e+03	-2.635258e-01
1.247521e+03	-2.916284e-01
1.254727e+03	-2.511798e-01
1.261974e+03	-2.934112e-01
1.269263e+03	-2.815645e-01
1.276595e+03	-2.894739e-01
1.283968e+03	-2.848773e-01
1.291384e+03	-2.964766e-01
1.298843e+03	-2.882833e-01
1.306345e+03	-3.058949e-01
1.313891e+03	-2.889275e-01
1.321480e+03	-3.104993e-01
1.329113e+03	-3.076252e-01
1.336790e+03	-3.146391e-01
1.344511e+03	-3.247407e-01
1.352277e+03	-3.351127e-01
1.360087e+03	-3.312286e-01
1.367943e+03	-3.284586e-01
1.375844e+03	-3.266446e-01
1.383791e+03	-3.480562e-01
1.391784e+03	-3.239881e-01
1.399823e+03	-3.301925e-01
1.407908e+03	-3.348920e-01
1.416040e+03	-3.611770e-01
1.424219e+03	-3.477727e-01
1.432445e+03	-3.682163e-01
1.440719e+03	-3.663502e-01
1.449041e+03	-3.834033e-01
1.457410e+03	-3.716793e-01
1.465828e+03	-3.717980e-01
1.474295e+03	-3.927057e-01
1.482810e+03	-3.867163e-01
1.491375e+03	-3.994336e-01
1.499989e+03	-4.054778e-01
1.508653e+03	-3.940360e-01
1.517367e+03	-3.933232e-01
1.526131e+03	-4.180317e-01
1.534946e+03	-4.078593e-01
1.543812e+03	-4.157331e-01
1.552729e+03	-4.238448e-01
1.561697e+03	-4.337292e-01
1.570717e+03	-4.238022e-01
1.579790e+03	-4.238947e-01
1.588915e+03	-4.394612e-01
1.598092e+03	-4.312487e-01
1.607323e+03	-4.595127e-01
1.616606e+03	-4.427695e-01
1.625944e+03	-4.644096e-01
1.635335e+03	-4.649547e-01
1.644781e+03	-4.708905e-01
1.654281e+03	-4.860542e-01
1.663836e+03	-4.660080e-01
1.673446e+03	-4.832272e-01
1.683112e+03	-4.777193e-01
1.692834e+03	-5.134916e-01
1.702611e+03	-4.900485e-01
1.712446e+03	-5.183177e-01
1.722337e+03	-5.245716e-01
1.732285e+03	-5.253570e-01
1.742290e+03	-5.251411e-01
1.752354e+03	-5.327737e-01
1.762475e+03	-5.384285e-01
1.772655e+03	-5.335291e-01
1.782894e+03	-5.593324e-01
1.793192e+03	-5.503506e-01
1.803549e+03	-5.747351e-01
1.813967e+03	-5.626093e-01
1.824444e+03	-5.703288e-01
1.834982e+03	-5.668241e-01
1.845581e+03	-5.804191e-01
1.856241e+03	-5.858218e-01
1.866962e+03	-5.830281e-01
1.877746e+03	-6.090655e-01
1.888592e+03	-6.117368e-01
1.899500e+03	-6.324327e-01
1.910472e+03	-6.260236e-01
1.921506e+03	-6.363641e-01
1.932605e+03	-6.292815e-01
1.943768e+03	-6.330150e-01
1.954995e+03	-6.401654e-01
1.966287e+03	-6.571469e-01
1.977644e+03	-6.786612e-01
1.989067e+03	-6.777133e-01
2.000555e+03	-6.785278e-01
2.012110e+03	-6.834108e-01
2.023732e+03	-6.915700e-01
2.035421e+03	-6.908624e-01
2.047178e+03	-7.098931e-01
2.059002e+03	-6.983789e-01
2.070895e+03	-7.334341e-01
2.082856e+03	-7.324603e-01
2.094887e+03	-7.386000e-01
2.106987e+03	-7.654888e-01
2.119157e+03	-7.469267e-01
2.131397e+03	-7.638519e-01
2.143708e+03	-7.642782e-01
2.156090e+03	-7.974084e-01
2.168543e+03	-7.954189e-01
2.181069e+03	-8.077577e-01
2.193666e+03	-8.133574e-01
2.206337e+03	-8.152648e-01
2.219081e+03	-8.179744e-01
2.231898e+03	-8.232582e-01
2.244789e+03	-8.165630e-01
2.257755e+03	-8.338868e-01
2.270796e+03	-8.518230e-01
2.283912e+03	-8.863747e-01
2.297104e+03	-8.620693e-01
2.310372e+03	-8.845086e-01
2.323716e+03	-9.013582e-01
2.337138e+03	-8.899090e-01
2.350637e+03	-9.102080e-01
2.364214e+03	-9.086332e-01
2.377870e+03	-9.369114e-01
2.391604e+03	-9.347034e-01
2.405418e+03	-9.558184e-01
2.419312e+03	-9.397091e-01
2.433286e+03	-9.780263e-01
2.447340e+03	-9.926606e-01
2.461476e+03	-9.893085e-01
2.475693e+03	-1.005800e+00
2.489993e+03	-1.010919e+00
2.504375e+03	-1.014749e+00
2.518840e+03	-1.025954e+00
2.533389e+03	-1.038622e+00
2.548022e+03	-1.045311e+00
2.562739e+03	-1.052953e+00
2.577541e+03	-1.080685e+00
2.592429e+03	-1.093735e+00
2.607403e+03	-1.097640e+00
2.622463e+03	-1.114969e+00
2.637610e+03	-1.113718e+00
2.652845e+03	-1.127169e+00
2.668168e+03	-1.138793e+00
2.683579e+03	-1.155553e+00
2.699079e+03	-1.181571e+00
2.714669e+03	-1.170825e+00
2.730349e+03	-1.193149e+00
2.746119e+03	-1.202302e+00
2.761981e+03	-1.200281e+00
2.777934e+03	-1.231410e+00
2.793979e+03	-1.234532e+00
2.810117e+03	-1.236847e+00
2.826348e+03	-1.259798e+00
2.842673e+03	-1.298696e+00
2.859092e+03	-1.281447e+00
2.875606e+03	-1.283867e+00
2.892215e+03	-1.306554e+00
2.908921e+03	-1.343161e+00
2.925722e+03	-1.329202e+00
2.942621e+03	-1.335542e+00
2.959618e+03	-1.368536e+00
2.976712e+03	-1.376607e+00
2.993906e+03	-1.400416e+00
3.011198e+03	-1.404020e+00
3.028591e+03	-1.420535e+00
3.046084e+03	-1.435961e+00
3.063678e+03	-1.453190e+00
3.081374e+03	-1.453906e+00
3.099172e+03	-1.492030e+00
3.117072e+03	-1.474549e+00
3.135076e+03	-1.511377e+00
3.153184e+03	-1.527280e+00
3.171397e+03	-1.538339e+00
3.189715e+03	-1.556534e+00
3.208139e+03	-1.556914e+00
3.226669e+03	-1.588568e+00
3.245306e+03	-1.589495e+00
3.264051e+03	-1.617739e+00
3.282904e+03	-1.628222e+00
3.301866e+03	-1.644353e+00
3.320937e+03	-1.676619e+00
3.340119e+03	-1.676563e+00
3.359411e+03	-1.687746e+00
3.378815e+03	-1.717055e+00
3.398331e+03	-1.737095e+00
3.417959e+03	-1.748919e+00
3.437701e+03	-1.763022e+00
3.457557e+03	-1.779710e+00
3.477528e+03	-1.799354e+00
3.497614e+03	-1.801751e+00
3.517816e+03	-1.827139e+00
3.538135e+03	-1.844636e+00
3.558571e+03	-1.856461e+00
3.579125e+03	-1.891449e+00
3.599798e+03	-1.891766e+00
3.620590e+03	-1.913710e+00
3.641503e+03	-1.905595e+00
3.662536e+03	-1.945499e+00
3.683691e+03	-1.970485e+00
3.704967e+03	-1.970178e+00
3.726367e+03	-1.990479e+00
3.747890e+03	-2.034833e+00
3.769538e+03	-2.061428e+00
3.791311e+03	-2.057937e+00
3.813209e+03	-2.077836e+00
3.835234e+03	-2.092880e+00
3.857386e+03	-2.133270e+00
3.879667e+03	-2.132029e+00
3.902075e+03	-2.179498e+00
3.924614e+03	-2.191146e+00
3.947282e+03	-2.200438e+00
3.970081e+03	-2.227711e+00
3.993012e+03	-2.206945e+00
4.016076e+03	-2.265048e+00
4.039272e+03	-2.279608e+00
4.062603e+03	-2.298119e+00
4.086069e+03	-2.316642e+00
4.109670e+03	-2.331418e+00
4.133407e+03	-2.349915e+00
4.157281e+03	-2.383959e+00
4.181294e+03	-2.397853e+00
4.205445e+03	-2.425980e+00
4.229735e+03	-2.437051e+00
4.254166e+03	-2.464978e+00
4.278738e+03	-2.492427e+00
4.303451e+03	-2.494780e+00
4.328308e+03	-2.518149e+00
4.353308e+03	-2.545430e+00
4.378453e+03	-2.567687e+00
4.403742e+03	-2.601040e+00
4.429178e+03	-2.626436e+00
4.454761e+03	-2.640663e+00
4.480492e+03	-2.679856e+00
4.506371e+03	-2.679563e+00
4.532399e+03	-2.701557e+00
4.558578e+03	-2.739828e+00
4.584908e+03	-2.735334e+00
4.611391e+03	-2.788780e+00
4.638026e+03	-2.798190e+00
4.664815e+03	-2.813113e+00
4.691759e+03	-2.852246e+00
4.718858e+03	-2.886540e+00
4.746114e+03	-2.884645e+00
4.773527e+03	-2.933981e+00
4.801099e+03	-2.937956e+00
4.828830e+03	-2.976197e+00
4.856721e+03	-2.991899e+00
4.884773e+03	-3.018218e+00
4.912988e+03	-3.053720e+00
4.941365e+03	-3.057398e+00
4.969906e+03	-3.092592e+00
4.998612e+03	-3.128382e+00
5.027484e+03	-3.165975e+00
5.056522e+03	-3.174672e+00
5.085729e+03	-3.189391e+00
5.115104e+03	-3.223977e+00
5.144648e+03	-3.256783e+00
5.174363e+03	-3.265902e+00
5.204250e+03	-3.308927e+00
5.234310e+03	-3.355756e+00
5.264543e+03	-3.358680e+00
5.294951e+03	-3.385014e+00
5.325534e+03	-3.416822e+00
5.356294e+03	-3.438780e+00
5.387232e+03	-3.479174e+00
5.418348e+03	-3.521380e+00
5.449645e+03	-3.523220e+00
5.481122e+03	-3.542348e+00
5.512780e+03	-3.580061e+00
5.544622e+03	-3.610510e+00
5.576647e+03	-3.644676e+00
5.608858e+03	-3.648820e+00
5.641254e+03	-3.679601e+00
5.673838e+03	-3.711274e+00
5.706610e+03	-3.744078e+00
5.739571e+03	-3.787115e+00
5.772723e+03	-3.808222e+00
5.806066e+03	-3.833298e+00
5.839601e+03	-3.872889e+00
5.873331e+03	-3.900142e+00
5.907255e+03	-3.940624e+00
5.941375e+03	-3.962882e+00
5.975692e+03	-3.972507e+00
6.010207e+03	-4.015099e+00
6.044922e+03	-4.040880e+00
6.079837e+03	-4.064514e+00
6.114954e+03	-4.114542e+00
6.150274e+03	-4.139853e+00
6.185797e+03	-4.165001e+00
6.221526e+03	-4.198493e+00
6.257462e+03	-4.229323e+00
6.293605e+03	-4.268294e+00
6.329956e+03	-4.300615e+00
6.366518e+03	-4.330650e+00
6.403290e+03	-4.358224e+00
6.440276e+03	-4.379972e+00
6.477474e+03	-4.415451e+00
6.514888e+03	-4.463351e+00
6.552518e+03	-4.459693e+00
6.590365e+03	-4.504123e+00
6.628430e+03	-4.524424e+00
6.666716e+03	-4.577607e+00
6.705223e+03	-4.602697e+00
6.743952e+03	-4.651717e+00
6.782905e+03	-4.673390e+00
6.822082e+03	-4.708419e+00
6.861486e+03	-4.739215e+00
6.901118e+03	-4.778633e+00
6.940979e+03	-4.800902e+00
6.981069e+03	-4.836146e+00
7.021392e+03	-4.887464e+00
7.061947e+03	-4.899714e+00
7.102737e+03	-4.942969e+00
7.143762e+03	-4.978932e+00
7.185024e+03	-5.002393e+00
7.226524e+03	-5.036542e+00
7.268264e+03	-5.070197e+00
7.310246e+03	-5.124963e+00
7.352469e+03	-5.142637e+00
7.394937e+03	-5.189255e+00
7.437650e+03	-5.220430e+00
7.480609e+03	-5.242367e+00
7.523817e+03	-5.292428e+00
7.567274e+03	-5.319797e+00
7.610982e+03	-5.363984e+00
7.654943e+03	-5.402437e+00
7.699158e+03	-5.421741e+00
7.743628e+03	-5.470568e+00
7.788355e+03	-5.507454e+00
7.833340e+03	-5.526746e+00
7.878585e+03	-5.571858e+00
7.924091e+03	-5.600127e+00
7.969861e+03	-5.629865e+00
8.015894e+03	-5.689837e+00
8.062194e+03	-5.735349e+00
8.108761e+03	-5.752874e+00
8.155596e+03	-5.783040e+00
8.202703e+03	-5.812878e+00
8.250081e+03	-5.869288e+00
8.297733e+03	-5.904626e+00
8.345661e+03	-5.926124e+00
8.393865e+03	-5.988990e+00
8.442348e+03	-6.007137e+00
8.491110e+03	-6.043150e+00
8.540155e+03	-6.074875e+00
8.589482e+03	-6.116212e+00
8.639095e+03	-6.176464e+00
8.688994e+03	-6.208108e+00
8.739181e+03	-6.235478e+00
8.789658e+03	-6.269513e+00
8.840427e+03	-6.317765e+00
8.891489e+03	-6.348194e+00
8.942846e+03	-6.377339e+00
8.994499e+03	-6.424155e+00
9.046451e+03	-6.461352e+00
9.098703e+03	-6.481161e+00
9.151257e+03	-6.529086e+00
9.204114e+03	-6.584085e+00
9.257277e+03	-6.626692e+00
9.310746e+03	-6.632558e+00
9.364525e+03	-6.694622e+00
9.418614e+03	-6.731733e+00
9.473015e+03	-6.766341e+00
9.527731e+03	-6.832932e+00
9.582763e+03	-6.848935e+00
9.638113e+03	-6.884532e+00
9.693782e+03	-6.923171e+00
9.749773e+03	-6.988816e+00
9.806087e+03	-7.015073e+00
9.862727e+03	-7.041049e+00
9.919693e+03	-7.073673e+00
9.976989e+03	-7.137808e+00
1.003462e+04	-7.166218e+00
1.009258e+04	-7.202624e+00
1.015087e+04	-7.255934e+00
1.020950e+04	-7.276981e+00
1.026847e+04	-7.335370e+00
1.032778e+04	-7.379200e+00
1.038743e+04	-7.411075e+00
1.044743e+04	-7.463726e+00
1.050777e+04	-7.480870e+00
1.056847e+04	-7.533573e+00
1.062951e+04	-7.574846e+00
1.069091e+04	-7.613652e+00
1.075266e+04	-7.634340e+00
1.081476e+04	-7.696803e+00
1.087723e+04	-7.750238e+00
1.094006e+04	-7.776634e+00
1.100324e+04	-7.814888e+00
1.106680e+04	-7.853278e+00
1.113072e+04	-7.892021e+00
1.119501e+04	-7.937197e+00
1.125967e+04	-7.978403e+00
1.132471e+04	-8.014927e+00
1.139012e+04	-8.055433e+00
1.145591e+04	-8.096780e+00
1.152208e+04	-8.150608e+00
1.158863e+04	-8.196527e+00
1.165556e+04	-8.233873e+00
1.172289e+04	-8.288216e+00
1.179060e+04	-8.314026e+00
1.185870e+04	-8.336633e+00
1.192719e+04	-8.383598e+00
1.199608e+04	-8.449941e+00
1.206537e+04	-8.474202e+00
1.213506e+04	-8.498968e+00
1.220515e+04	-8.572438e+00
1.227565e+04	-8.623828e+00
1.234655e+04	-8.645201e+00
1.241787e+04	-8.671463e+00
1.248959e+04	-8.711559e+00
1.256173e+04	-8.775363e+00
1.263429e+04	-8.825281e+00
1.270726e+04	-8.870330e+00
1.278066e+04	-8.913642e+00
1.285448e+04	-8.941075e+00
1.292873e+04	-9.000740e+00
1.300340e+04	-9.034080e+00
1.307851e+04	-9.093533e+00
1.315405e+04	-9.125518e+00
1.323003e+04	-9.153229e+00
1.330644e+04	-9.212460e+00
1.338330e+04	-9.253801e+00
1.346060e+04	-9.287728e+00
1.353835e+04	-9.339011e+00
1.361655e+04	-9.365860e+00
1.369520e+04	-9.411741e+00
1.377430e+04	-9.447002e+00
1.385386e+04	-9.509249e+00
1.393388e+04	-9.551892e+00
1.401436e+04	-9.606187e+00
1.409531e+04	-9.628406e+00
1.417672e+04	-9.675412e+00
1.425861e+04	-9.722941e+00
1.434096e+04	-9.758927e+00
1.442379e+04	-9.815078e+00
1.450711e+04	-9.847330e+00
1.459090e+04	-9.883474e+00
1.467518e+04	-9.930749e+00
1.475994e+04	-9.989215e+00
1.484519e+04	-1.002334e+01
1.493094e+04	-1.007720e+01
1.501718e+04	-1.012340e+01
1.510392e+04	-1.017439e+01
1.519116e+04	-1.021211e+01
1.527890e+04	-1.023640e+01
1.536715e+04	-1.030153e+01
1.545591e+04	-1.036709e+01
1.554518e+04	-1.037944e+01
1.563497e+04	-1.043917e+01
1.572528e+04	-1.046724e+01
1.581611e+04	-1.050838e+01
1.590746e+04	-1.056681e+01
1.599934e+04	-1.058495e+01
1.609175e+04	-1.064906e+01
1.618470e+04	-1.070457e+01
1.627818e+04	-1.073970e+01
1.637220e+04	-1.076936e+01
1.646677e+04	-1.083878e+01
1.656188e+04	-1.087128e+01
1.665754e+04	-1.090243e+01
1.675375e+04	-1.096332e+01
1.685052e+04	-1.100271e+01
1.694785e+04	-1.104273e+01
1.704574e+04	-1.109011e+01
1.714419e+04	-1.115138e+01
1.724322e+04	-1.116935e+01
1.734281e+04	-1.122542e+01
1.744299e+04	-1.127398e+01
1.754374e+04	-1.133121e+01
1.764507e+04	-1.136473e+01
1.774698e+04	-1.140761e+01
1.784949e+04	-1.144190e+01
1.795259e+04	-1.149328e+01
1.805628e+04	-1.155247e+01
1.816057e+04	-1.157751e+01
1.826547e+04	-1.162662e+01
1.837097e+04	-1.165417e+01
1.847708e+04	-1.172020e+01
1.858380e+04	-1.177476e+01
1.869114e+04	-1.179097e+01
1.879910e+04	-1.186527e+01
1.890768e+04	-1.189972e+01
1.901689e+04	-1.194459e+01
1.912673e+04	-1.197953e+01
1.923721e+04	-1.202764e+01
1.934832e+04	-1.208445e+01
1.946008e+04	-1.210301e+01
1.957248e+04	-1.216964e+01
1.968553e+04	-1.221750e+01
1.979923e+04	-1.224227e+01
1.991359e+04	-1.229827e+01
2.002861e+04	-1.234633e+01
2.014430e+04	-1.239886e+01
2.026065e+04	-1.243193e+01
2.037767e+04	-1.247412e+01
2.049537e+04	-1.251247e+01
2.061375e+04	-1.255559e+01
2.073282e+04	-1.262053e+01
2.085257e+04	-1.263851e+01
2.097301e+04	-1.270114e+01
2.109415e+04	-1.274593e+01
2.121599e+04	-1.279072e+01
2.133853e+04	-1.284111e+01
2.146178e+04	-1.288043e+01
2.158575e+04	-1.290785e+01
2.171043e+04	-1.297976e+01
2.183582e+04	-1.303201e+01
2.196195e+04	-1.306431e+01
2.208880e+04	-1.311226e+01
2.221638e+04	-1.315229e+01
2.234470e+04	-1.320145e+01
2.247377e+04	-1.324912e+01
2.260357e+04	-1.329370e+01
2.273413e+04	-1.335236e+01
2.286544e+04	-1.338161e+01
2.299751e+04	-1.339788e+01
2.313034e+04	-1.348878e+01
2.326394e+04	-1.351236e+01
2.339832e+04	-1.355965e+01
2.353346e+04	-1.359420e+01
2.366939e+04	-1.365424e+01
2.380610e+04	-1.369683e+01
2.394361e+04	-1.372803e+01
2.408191e+04	-1.378569e+01
2.422100e+04	-1.381552e+01
2.436090e+04	-1.384407e+01
2.450161e+04	-1.391681e+01
2.464313e+04	-1.395370e+01
2.478547e+04	-1.400297e+01
2.492863e+04	-1.406246e+01
2.507261e+04	-1.410082e+01
2.521743e+04	-1.413944e+01
2.536309e+04	-1.417367e+01
2.550958e+04	-1.422375e+01
2.565692e+04	-1.427354e+01
2.580512e+04	-1.431968e+01
2.595417e+04	-1.435957e+01
2.610408e+04	-1.438811e+01
2.625485e+04	-1.445542e+01
2.640650e+04	-1.448529e+01
2.655902e+04	-1.455191e+01
2.671243e+04	-1.457145e+01
2.686672e+04	-1.462563e+01
2.702190e+04	-1.468575e+01
2.717798e+04	-1.471695e+01
2.733495e+04	-1.478244e+01
2.749284e+04	-1.480284e+01
2.765164e+04	-1.486693e+01
2.781135e+04	-1.487484e+01
2.797199e+04	-1.491858e+01
2.813355e+04	-1.497636e+01
2.829605e+04	-1.500293e+01
2.845949e+04	-1.507840e+01
2.862387e+04	-1.509940e+01
2.878920e+04	-1.515374e+01
2.895549e+04	-1.519422e+01
2.912273e+04	-1.524591e+01
2.929094e+04	-1.530140e+01
2.946013e+04	-1.532770e+01
2.963029e+04	-1.538128e+01
2.980143e+04	-1.541365e+01
2.997356e+04	-1.544968e+01
3.014669e+04	-1.549327e+01
3.032081e+04	-1.553779e+01
3.049595e+04	-1.560042e+01
3.067209e+04	-1.562253e+01
3.084925e+04	-1.567211e+01
3.102743e+04	-1.571819e+01
3.120665e+04	-1.574535e+01
3.138690e+04	-1.579386e+01
3.156819e+04	-1.585023e+01
3.175052e+04	-1.588255e+01
3.193391e+04	-1.594271e+01
3.211836e+04	-1.599231e+01
3.230388e+04	-1.600459e+01
3.249046e+04	-1.607587e+01
3.267812e+04	-1.608971e+01
3.286687e+04	-1.614086e+01
3.305671e+04	-1.618085e+01
3.324764e+04	-1.622304e+01
3.343968e+04	-1.626120e+01
3.363283e+04	-1.632195e+01
3.382709e+04	-1.635152e+01
3.402247e+04	-1.640854e+01
3.421899e+04	-1.645745e+01
3.441663e+04	-1.646948e+01
3.461542e+04	-1.653447e+01
3.481536e+04	-1.659050e+01
3.501645e+04	-1.661023e+01
3.521871e+04	-1.663055e+01
3.542213e+04	-1.669049e+01
3.562672e+04	-1.674156e+01
3.583250e+04	-1.675666e+01
3.603947e+04	-1.680683e+01
3.624763e+04	-1.684574e+01
3.645700e+04	-1.688812e+01
3.666757e+04	-1.694423e+01
3.687936e+04	-1.698507e+01
3.709238e+04	-1.701615e+01
3.730662e+04	-1.704125e+01
3.752210e+04	-1.711062e+01
3.773883e+04	-1.715976e+01
3.795680e+04	-1.715695e+01
3.817604e+04	-1.723151e+01
3.839654e+04	-1.725914e+01
3.861832e+04	-1.731678e+01
3.884138e+04	-1.735379e+01
3.906573e+04	-1.737608e+01
3.929137e+04	-1.745161e+01
3.951831e+04	-1.743702e+01
3.974657e+04	-1.749185e+01
3.997614e+04	-1.755351e+01
4.020704e+04	-1.759848e+01
4.043928e+04	-1.763048e+01
4.067285e+04	-1.766753e+01
4.090778e+04	-1.769990e+01
4.114406e+04	-1.774205e+01
4.138171e+04	-1.777368e+01
4.162073e+04	-1.783849e+01
4.186113e+04	-1.785821e+01
4.210291e+04	-1.789760e+01
4.234610e+04	-1.792369e+01
4.259069e+04	-1.796722e+01
4.283669e+04	-1.798489e+01
4.308411e+04	-1.803440e+01
4.333297e+04	-1.809189e+01
4.358325e+04	-1.812498e+01
4.383499e+04	-1.815145e+01
4.408818e+04	-1.819103e+01
4.434283e+04	-1.823366e+01
4.459895e+04	-1.827607e+01
4.485655e+04	-1.831314e+01
4.511564e+04	-1.835095e+01
4.537623e+04	-1.837873e+01
4.563832e+04	-1.841980e+01
4.590193e+04	-1.844176e+01
4.616705e+04	-1.849958e+01
4.643371e+04	-1.852652e+01
4.670191e+04	-1.857668e+01
4.697166e+04	-1.858165e+01
4.724297e+04	-1.861858e+01
4.751584e+04	-1.867232e+01
4.779029e+04	-1.871334e+01
4.806633e+04	-1.873863e+01
4.834395e+04	-1.878622e+01
4.862319e+04	-1.881113e+01
4.890403e+04	-1.882072e+01
4.918650e+04	-1.886235e+01
4.947060e+04	-1.889454e+01
4.975634e+04	-1.895113e+01
5.004373e+04	-1.897723e+01
5.033278e+04	-1.903381e+01
5.062350e+04	-1.905877e+01
5.091590e+04	-1.908363e+01
5.120999e+04	-1.910835e+01
5.150578e+04	-1.913152e+01
5.180327e+04	-1.916956e+01
5.210248e+04	-1.922374e+01
5.240343e+04	-1.925883e+01
5.270611e+04	-1.928121e+01
5.301053e+04	-1.932135e+01
5.331672e+04	-1.934339e+01
5.362468e+04	-1.937854e+01
5.393441e+04	-1.941085e+01
5.424593e+04	-1.942570e+01
5.455926e+04	-1.944616e+01
5.487439e+04	-1.949783e+01
5.519134e+04	-1.954238e+01
5.551012e+04	-1.955923e+01
5.583075e+04	-1.958788e+01
5.615322e+04	-1.961914e+01
5.647756e+04	-1.965072e+01
5.680377e+04	-1.968728e+01
5.713187e+04	-1.970483e+01
5.746186e+04	-1.974775e+01
5.779376e+04	-1.974811e+01
5.812757e+04	-1.980219e+01
5.846332e+04	-1.982747e+01
5.880100e+04	-1.985468e+01
5.914063e+04	-1.986482e+01
5.948222e+04	-1.990101e+01
5.982579e+04	-1.991961e+01
6.017134e+04	-1.997089e+01
6.051889e+04	-1.998127e+01
6.086844e+04	-2.001030e+01
6.122002e+04	-2.002755e+01
6.157362e+04	-2.006787e+01
6.192927e+04	-2.008454e+01
6.228697e+04	-2.010222e+01
6.264674e+04	-2.014070e+01
6.300858e+04	-2.016630e+01
6.337252e+04	-2.019680e+01
6.373855e+04	-2.020550e+01
6.410670e+04	-2.022714e+01
6.447698e+04	-2.026048e+01
6.484940e+04	-2.024667e+01
6.522397e+04	-2.030393e+01
6.560070e+04	-2.030469e+01
6.597960e+04	-2.033634e+01
6.636070e+04	-2.035205e+01
6.674400e+04	-2.039310e+01
6.712951e+04	-2.039453e+01
6.751724e+04	-2.041832e+01
6.790722e+04	-2.042736e+01
6.829945e+04	-2.045513e+01
6.869395e+04	-2.047791e+01
6.909072e+04	-2.050522e+01
6.948978e+04	-2.050514e+01
6.989115e+04	-2.052361e+01
7.029484e+04	-2.053319e+01
7.070086e+04	-2.056105e+01
7.110923e+04	-2.058037e+01
7.151995e+04	-2.059669e+01
7.193305e+04	-2.062541e+01
7.234853e+04	-2.062517e+01
7.276641e+04	-2.062982e+01
7.318671e+04	-2.065580e+01
7.360943e+04	-2.065641e+01
7.403460e+04	-2.067460e+01
7.446222e+04	-2.068854e+01
7.489231e+04	-2.069853e+01
7.532488e+04	-2.069656e+01
7.575996e+04	-2.071901e+01
7.619754e+04	-2.073315e+01
7.663766e+04	-2.073199e+01
7.708031e+04	-2.074727e+01
7.752553e+04	-2.075593e+01
7.797331e+04	-2.077863e+01
7.842368e+04	-2.077938e+01
7.887665e+04	-2.078258e+01
7.933224e+04	-2.079908e+01
7.979046e+04	-2.078525e+01
8.025133e+04	-2.079497e+01
8.071486e+04	-2.079160e+01
8.118106e+04	-2.078435e+01
8.164996e+04	-2.079061e+01
8.212157e+04	-2.079848e+01
8.259590e+04	-2.080877e+01
8.307297e+04	-2.081931e+01
8.355279e+04	-2.084041e+01
8.403539e+04	-2.082770e+01
8.452078e+04	-2.080729e+01
8.500897e+04	-2.079661e+01
8.549997e+04	-2.078875e+01
8.599382e+04	-2.079708e+01
8.649052e+04	-2.078966e+01
8.699008e+04	-2.078697e+01
8.749253e+04	-2.079427e+01
8.799789e+04	-2.079088e+01
8.850616e+04	-2.078209e+01
8.901737e+04	-2.075980e+01
8.953153e+04	-2.075171e+01
9.004866e+04	-2.073535e+01
9.056877e+04	-2.071800e+01
9.109190e+04	-2.071331e+01
9.161804e+04	-2.069331e+01
9.214722e+04	-2.067440e+01
9.267946e+04	-2.068065e+01
9.321477e+04	-2.065155e+01
9.375318e+04	-2.064006e+01
9.429469e+04	-2.063241e+01
9.483933e+04	-2.060537e+01
9.538712e+04	-2.058174e+01
9.593807e+04	-2.058459e+01
9.649221e+04	-2.051456e+01
9.704954e+04	-2.052276e+01
9.761010e+04	-2.048777e+01
9.817389e+04	-2.046377e+01
9.874094e+04	-2.044687e+01
9.931126e+04	-2.040353e+01
9.988488e+04	-2.039102e+01
1.004618e+05	-2.034881e+01
1.010421e+05	-2.030441e+01
1.016257e+05	-2.026772e+01
1.022127e+05	-2.023441e+01
1.028031e+05	-2.020425e+01
1.033968e+05	-2.017933e+01
1.039941e+05	-2.011869e+01
1.045947e+05	-2.008990e+01
1.051989e+05	-2.003554e+01
1.058065e+05	-2.000626e+01
1.064176e+05	-1.997029e+01
1.070323e+05	-1.988452e+01
1.076505e+05	-1.988215e+01
1.082723e+05	-1.981057e+01
1.088977e+05	-1.976040e+01
1.095266e+05	-1.970210e+01
1.101593e+05	-1.965668e+01
1.107955e+05	-1.957960e+01
1.114355e+05	-1.952468e+01
1.120791e+05	-1.947346e+01
1.127265e+05	-1.939284e+01
1.133776e+05	-1.933656e+01
1.140325e+05	-1.928504e+01
1.146911e+05	-1.920098e+01
1.153536e+05	-1.911280e+01
1.160198e+05	-1.904256e+01
1.166900e+05	-1.896115e+01
1.173640e+05	-1.885189e+01
1.180419e+05	-1.878736e+01
1.187237e+05	-1.869229e+01
1.194094e+05	-1.861621e+01
1.200991e+05	-1.853128e+01
1.207928e+05	-1.842145e+01
1.214905e+05	-1.832300e+01
1.221922e+05	-1.822319e+01
1.228980e+05	-1.811782e+01
1.236078e+05	-1.802648e+01
1.243218e+05	-1.788794e+01
1.250399e+05	-1.778119e+01
1.257621e+05	-1.766954e+01
1.264885e+05	-1.751883e+01
1.272191e+05	-1.740499e+01
1.279539e+05	-1.727625e+01
1.286930e+05	-1.714690e+01
1.294363e+05	-1.698963e+01
1.301839e+05	-1.683378e+01
1.309358e+05	-1.670752e+01
1.316921e+05	-1.653083e+01
1.324528e+05	-1.636811e+01
1.332178e+05	-1.620811e+01
1.339873e+05	-1.604001e+01
1.347612e+05	-1.583356e+01
1.355395e+05	-1.565348e+01
1.363224e+05	-1.545759e+01
1.371098e+05	-1.524156e+01
1.379018e+05	-1.503615e+01
1.386983e+05	-1.480804e+01
1.394994e+05	-1.459487e+01
1.403051e+05	-1.436360e+01
1.411155e+05	-1.409912e+01
1.419306e+05	-1.384274e+01
1.427504e+05	-1.357282e+01
1.435749e+05	-1.328009e+01
1.444042e+05	-1.300312e+01
1.452383e+05	-1.268499e+01
1.460772e+05	-1.236126e+01
1.469209e+05	-1.197538e+01
1.477695e+05	-1.165719e+01
1.486230e+05	-1.127491e+01
1.494814e+05	-1.087104e+01
1.503448e+05	-1.046113e+01
1.512132e+05	-1.000307e+01
1.520866e+05	-9.533267e+00
1.529651e+05	-9.034085e+00
1.538486e+05	-8.500009e+00
1.547372e+05	-7.963253e+00
1.556310e+05	-7.328846e+00
1.565299e+05	-6.688778e+00
1.574340e+05	-5.995958e+00
1.583433e+05	-5.288161e+00
1.592579e+05	-4.500444e+00
1.601778e+05	-3.657861e+00
1.611030e+05	-2.855326e+00
1.620335e+05	-2.007986e+00
1.629694e+05	-1.221357e+00
1.639107e+05	-5.481399e-01
1.648574e+05	-1.202775e-01
1.658097e+05	-2.976513e-03
1.667674e+05	-2.291112e-01
1.677306e+05	-7.684252e-01
1.686994e+05	-1.512705e+00
1.696738e+05	-2.372817e+00
1.706538e+05	-3.269508e+00
1.716395e+05	-4.137461e+00
1.726309e+05	-5.019010e+00
1.736280e+05	-5.838480e+00
1.746309e+05	-6.596417e+00
1.756395e+05	-7.339449e+00
1.766540e+05	-8.024079e+00
1.776744e+05	-8.687831e+00
1.787006e+05	-9.290096e+00
1.797328e+05	-9.866687e+00
1.807709e+05	-1.039868e+01
1.818150e+05	-1.092546e+01
1.828652e+05	-1.141808e+01
1.839214e+05	-1.188638e+01
1.849837e+05	-1.233340e+01
1.860522e+05	-1.274927e+01
1.871268e+05	-1.313549e+01
1.882077e+05	-1.355289e+01
1.892948e+05	-1.390501e+01
1.903881e+05	-1.424311e+01
1.914878e+05	-1.459950e+01
1.925938e+05	-1.491544e+01
1.937062e+05	-1.522170e+01
1.948251e+05	-1.552268e+01
1.959504e+05	-1.581076e+01
1.970822e+05	-1.608349e+01
1.982205e+05	-1.635501e+01
1.993654e+05	-1.660898e+01
2.005169e+05	-1.683659e+01
2.016751e+05	-1.707647e+01
2.028400e+05	-1.730156e+01
2.040116e+05	-1.751323e+01
2.051899e+05	-1.774353e+01
2.063751e+05	-1.794396e+01
2.075671e+05	-1.811810e+01
2.087660e+05	-1.833719e+01
2.099719e+05	-1.853514e+01
2.111846e+05	-1.867883e+01
2.124044e+05	-1.884956e+01
2.136313e+05	-1.897448e+01
2.148652e+05	-1.914315e+01
2.161063e+05	-1.930305e+01
2.173545e+05	-1.943339e+01
2.186099e+05	-1.954760e+01
2.198726e+05	-1.968891e+01
2.211426e+05	-1.981366e+01
2.224199e+05	-1.992093e+01
2.237046e+05	-2.005086e+01
2.249967e+05	-2.014209e+01
2.262962e+05	-2.025739e+01
2.276033e+05	-2.033146e+01
2.289179e+05	-2.042372e+01
2.302402e+05	-2.047368e+01
2.315700e+05	-2.057170e+01
2.329076e+05	-2.062699e+01
2.342528e+05	-2.068942e+01
2.356059e+05	-2.073205e+01
2.369667e+05	-2.082613e+01
2.383354e+05	-2.084737e+01
2.397120e+05	-2.088979e+01
2.410966e+05	-2.092871e+01
2.424892e+05	-2.094258e+01
2.438898e+05	-2.095513e+01
2.452985e+05	-2.095410e+01
2.467153e+05	-2.097780e+01
2.481403e+05	-2.097978e+01
2.495736e+05	-2.097288e+01
2.510151e+05	-2.094392e+01
2.524650e+05	-2.093885e+01
2.539232e+05	-2.088848e+01
2.553898e+05	-2.087549e+01
2.568650e+05	-2.081401e+01
2.583486e+05	-2.076522e+01
2.598408e+05	-2.070392e+01
2.613416e+05	-2.062627e+01
2.628511e+05	-2.054570e+01
2.643694e+05	-2.047569e+01
2.658963e+05	-2.037758e+01
2.674321e+05	-2.025661e+01
2.689768e+05	-2.013303e+01
2.705304e+05	-2.002403e+01
2.720930e+05	-1.987345e+01
2.736646e+05	-1.973198e+01
2.752453e+05	-1.957547e+01
2.768351e+05	-1.939246e+01
2.784341e+05	-1.920176e+01
2.800423e+05	-1.900595e+01
2.816598e+05	-1.879176e+01
2.832867e+05	-1.855760e+01
2.849229e+05	-1.829953e+01
2.865686e+05	-1.803569e+01
2.882238e+05	-1.776177e+01
2.898886e+05	-1.742910e+01
2.915630e+05	-1.710905e+01
2.932470e+05	-1.673363e+01
2.949408e+05	-1.632955e+01
2.966444e+05	-1.590969e+01
2.983578e+05	-1.548682e+01
3.000811e+05	-1.495198e+01
3.018143e+05	-1.444521e+01
3.035576e+05	-1.385377e+01
3.053109e+05	-1.321442e+01
3.070744e+05	-1.248610e+01
3.088481e+05	-1.171988e+01
3.106320e+05	-1.084105e+01
3.124261e+05	-9.865887e+00
3.142307e+05	-8.770613e+00
3.160457e+05	-7.502915e+00
3.178712e+05	-6.080690e+00
3.197072e+05	-4.405153e+00
3.215538e+05	-2.612485e+00
3.234111e+05	-9.053008e-01
3.252791e+05	-2.483407e-03
3.271579e+05	-5.432282e-01
3.290475e+05	-2.175878e+00
3.309481e+05	-4.018418e+00
3.328596e+05	-5.795883e+00
3.347822e+05	-7.376679e+00
3.367159e+05	-8.759204e+00
3.386608e+05	-9.967298e+00
3.406169e+05	-1.103986e+01
3.425842e+05	-1.199867e+01
3.445630e+05	-1.288518e+01
3.465532e+05	-1.365610e+01
3.485549e+05	-1.437739e+01
3.505681e+05	-1.503351e+01
3.525930e+05	-1.561281e+01
3.546295e+05	-1.620209e+01
3.566778e+05	-1.670306e+01
3.587380e+05	-1.716208e+01
3.608101e+05	-1.761140e+01
3.628941e+05	-1.799887e+01
3.649901e+05	-1.838398e+01
3.670983e+05	-1.875357e+01
3.692187e+05	-1.903311e+01
3.713513e+05	-1.934863e+01
3.734962e+05	-1.963722e+01
3.756535e+05	-1.986552e+01
3.778232e+05	-2.009229e+01
3.800055e+05	-2.031305e+01
3.822004e+05	-2.048258e+01
3.844080e+05	-2.067529e+01
3.866283e+05	-2.080524e+01
3.888615e+05	-2.094064e+01
3.911075e+05	-2.103683e+01
3.933665e+05	-2.113129e+01
3.956386e+05	-2.120993e+01
3.979238e+05	-2.123277e+01
4.002222e+05	-2.128581e+01
4.025338e+05	-2.129038e+01
4.048589e+05	-2.128714e+01
4.071973e+05	-2.124858e+01
4.095493e+05	-2.118803e+01
4.119148e+05	-2.110234e+01
4.142940e+05	-2.101901e+01
4.166870e+05	-2.089256e+01
4.190937e+05	-2.074155e+01
4.215144e+05	-2.054411e+01
4.239490e+05	-2.035944e+01
4.263978e+05	-2.010258e+01
4.288606e+05	-1.983323e+01
4.313377e+05	-1.954541e+01
4.338291e+05	-1.920684e+01
4.363349e+05	-1.882612e+01
4.388551e+05	-1.836514e+01
4.413899e+05	-1.787946e+01
4.439394e+05	-1.733570e+01
4.465035e+05	-1.668485e+01
4.490825e+05	-1.599171e+01
4.516764e+05	-1.520331e+01
4.542853e+05	-1.429191e+01
4.569092e+05	-1.323202e+01
4.595483e+05	-1.199938e+01
4.622026e+05	-1.050009e+01
4.648723e+05	-8.686371e+00
4.675574e+05	-6.474755e+00
4.702580e+05	-3.702137e+00
4.729742e+05	-8.297920e-01
4.757060e+05	-2.741791e-01
4.784537e+05	-2.879463e+00
4.812172e+05	-5.879642e+00
4.839967e+05	-8.347979e+00
4.867923e+05	-1.034569e+01
4.896040e+05	-1.200394e+01
4.924319e+05	-1.337576e+01
4.952762e+05	-1.454926e+01
4.981369e+05	-1.560462e+01
5.010141e+05	-1.649513e+01
5.039079e+05	-1.727860e+01
5.068185e+05	-1.797249e+01
5.097458e+05	-1.860463e+01
5.126901e+05	-1.916357e+01
5.156514e+05	-1.965324e+01
5.186298e+05	-2.007426e+01
5.216253e+05	-2.043374e+01
5.246382e+05	-2.075664e+01
5.276685e+05	-2.104175e+01
5.307163e+05	-2.127277e+01
5.337817e+05	-2.146300e+01
5.368648e+05	-2.159895e+01
5.399657e+05	-2.170547e+01
5.430845e+05	-2.173965e+01
5.462214e+05	-2.173925e+01
5.493763e+05	-2.169080e+01
5.525495e+05	-2.161325e+01
5.557410e+05	-2.147737e+01
5.589509e+05	-2.130439e+01
5.621794e+05	-2.102308e+01
5.654265e+05	-2.072842e+01
5.686924e+05	-2.035062e+01
5.719772e+05	-1.988811e+01
5.752809e+05	-1.934591e+01
5.786037e+05	-1.868156e+01
5.819457e+05	-1.791802e+01
5.853070e+05	-1.701593e+01
5.886877e+05	-1.592244e+01
5.920879e+05	-1.458265e+01
5.955078e+05	-1.295189e+01
5.989474e+05	-1.081919e+01
6.024069e+05	-8.027786e+00
6.058864e+05	-4.087548e+00
6.093860e+05	-1.327422e-01
6.129058e+05	-2.658249e+00
6.164459e+05	-7.067817e+00
6.200064e+05	-1.029874e+01
6.235876e+05	-1.271190e+01
6.271894e+05	-1.461860e+01
6.308120e+05	-1.610989e+01
6.344555e+05	-1.738631e+01
6.381201e+05	-1.843478e+01
6.418059e+05	-1.930579e+01
6.455129e+05	-2.004750e+01
6.492414e+05	-2.064931e+01
6.529914e+05	-2.117979e+01
6.567630e+05	-2.157262e+01
6.605565e+05	-2.190786e+01
6.643718e+05	-2.212903e+01
6.682092e+05	-2.226688e+01
6.720688e+05	-2.231933e+01
6.759506e+05	-2.229285e+01
6.798549e+05	-2.216351e+01
6.837817e+05	-2.194260e+01
6.877312e+05	-2.160622e+01
6.917035e+05	-2.114140e+01
6.956987e+05	-2.054049e+01
6.997171e+05	-1.978627e+01
7.037586e+05	-1.880081e+01
7.078235e+05	-1.756971e+01
7.119118e+05	-1.598127e+01
7.160238e+05	-1.389166e+01
7.201595e+05	-1.093030e+01
7.243191e+05	-6.429714e+00
7.285028e+05	-2.824609e-01
7.327106e+05	-4.574334e+00
7.369427e+05	-9.996940e+00
7.411992e+05	-1.348068e+01
7.454804e+05	-1.595522e+01
7.497862e+05	-1.779012e+01
7.541170e+05	-1.925016e+01
7.584727e+05	-2.041305e+01
7.628536e+05	-2.129096e+01
7.672598e+05	-2.200557e+01
7.716915e+05	-2.250261e+01
7.761488e+05	-2.287755e+01
7.806318e+05	-2.305674e+01
7.851407e+05	-2.310928e+01
7.896756e+05	-2.294177e+01
7.942367e+05	-2.266182e+01
7.988242e+05	-2.213876e+01
8.034382e+05	-2.140132e+01
8.080788e+05	-2.034360e+01
8.127463e+05	-1.890758e+01
8.174406e+05	-1.692689e+01
8.221621e+05	-1.400243e+01
8.269109e+05	-9.257381e+00
8.316871e+05	-6.392270e-01
8.364909e+05	-6.812319e+00
8.413225e+05	-1.296280e+01
8.461819e+05	-1.656824e+01
8.510694e+05	-1.897451e+01
8.559852e+05	-2.076044e+01
8.609293e+05	-2.203601e+01
8.659020e+05	-2.295182e+01
8.709034e+05	-2.356515e+01
8.759337e+05	-2.387596e+01
8.809931e+05	-2.392131e+01
8.860816e+05	-2.370078e+01
8.911996e+05	-2.309128e+01
8.963471e+05	-2.208849e+01
9.015244e+05	-2.056264e+01
9.067316e+05	-1.824645e+01
9.119688e+05	-1.443301e+01
9.172363e+05	-6.776555e+00
9.225342e+05	-5.061151e+00
9.278628e+05	-1.408344e+01
9.332221e+05	-1.845460e+01
9.386123e+05	-2.118910e+01
9.440337e+05	-2.296706e+01
9.494864e+05	-2.413015e+01
9.549706e+05	-2.477107e+01
9.604865e+05	-2.494897e+01
9.660342e+05	-2.462348e+01
9.716140e+05	-2.371487e+01
9.772260e+05	-2.201730e+01
9.828704e+05	-1.910453e+01
9.885474e+05	-1.340121e+01
9.942572e+05	-6.149347e-01
1.000000e+06	-1.489988e+01
