Frequency(Hz)	Magnitude(dB)
1.000000e+01	2.458684e-02
1.005776e+01	-2.009776e-02
1.011585e+01	-1.499296e-02
1.017428e+01	5.180325e-05
1.023305e+01	1.823442e-02
1.029215e+01	4.729342e-03
1.035160e+01	-1.335278e-02
1.041139e+01	1.236192e-02
1.047153e+01	2.727617e-03
1.053201e+01	-9.528680e-03
1.059284e+01	-7.420653e-03
1.065403e+01	-1.275207e-02
1.071556e+01	3.649162e-03
1.077746e+01	-2.147764e-02
1.083971e+01	-1.118490e-03
1.090232e+01	-1.044016e-02
1.096529e+01	5.797185e-04
1.102862e+01	-9.160995e-03
1.109232e+01	-8.360959e-03
1.115639e+01	-5.101552e-03
1.122083e+01	-1.588156e-02
1.128564e+01	-3.672302e-03
1.135083e+01	4.399447e-03
1.141639e+01	-2.035103e-02
1.148233e+01	-4.983105e-03
1.154865e+01	-1.718577e-02
1.161536e+01	-1.543447e-03
1.168245e+01	2.083366e-03
1.174992e+01	1.051941e-02
1.181779e+01	-2.762354e-03
1.188605e+01	3.655703e-03
1.195470e+01	6.538913e-03
1.202375e+01	-7.723316e-03
1.209320e+01	-2.888179e-03
1.216305e+01	8.883062e-03
1.223330e+01	1.590794e-03
1.230396e+01	1.333004e-02
1.237503e+01	-2.369149e-03
1.244651e+01	1.542983e-02
1.251840e+01	-3.923436e-03
1.259070e+01	3.785970e-03
1.266343e+01	1.958897e-03
1.273657e+01	-1.767820e-03
1.281014e+01	-4.896237e-03
1.288413e+01	-1.607297e-02
1.295855e+01	8.871198e-03
1.303339e+01	-2.096729e-03
1.310867e+01	-1.915041e-02
1.318439e+01	1.677903e-02
1.326054e+01	-5.881673e-03
1.333713e+01	5.217638e-03
1.341417e+01	1.618431e-02
1.349165e+01	9.399180e-03
1.356958e+01	-6.340722e-03
1.364795e+01	1.018968e-03
1.372678e+01	-3.684591e-03
1.380607e+01	-4.438267e-03
1.388581e+01	4.566736e-04
1.396602e+01	8.120648e-03
1.404668e+01	-1.934690e-02
1.412782e+01	-6.902247e-03
1.420942e+01	2.378821e-02
1.429149e+01	-3.372936e-03
1.437404e+01	1.626277e-03
1.445706e+01	-5.482399e-03
1.454057e+01	3.036546e-03
1.462455e+01	-4.848128e-03
1.470902e+01	4.254565e-03
1.479398e+01	-8.710117e-03
1.487943e+01	1.226983e-02
1.496537e+01	4.493927e-04
1.505181e+01	5.283748e-03
1.513875e+01	3.692416e-03
1.522619e+01	-2.372983e-02
1.531414e+01	1.150918e-02
1.540259e+01	-2.063607e-02
1.549156e+01	9.495863e-03
1.558103e+01	3.816516e-03
1.567103e+01	-2.073638e-02
1.576155e+01	1.003845e-02
1.585258e+01	-3.510168e-03
1.594415e+01	-1.424843e-02
1.603624e+01	1.510107e-02
1.612886e+01	-2.245195e-03
1.622202e+01	-8.145680e-03
1.631572e+01	-6.841895e-03
1.640996e+01	7.870621e-03
1.650474e+01	-6.384471e-03
1.660008e+01	2.970161e-03
1.669596e+01	-1.274540e-02
1.679239e+01	-4.197202e-04
1.688938e+01	-6.849959e-03
1.698694e+01	-1.252505e-03
1.708505e+01	7.621753e-03
1.718373e+01	6.712423e-03
1.728299e+01	-1.557119e-02
1.738281e+01	-1.105844e-02
1.748322e+01	-2.219020e-03
1.758420e+01	1.107960e-02
1.768576e+01	-1.138636e-02
1.778792e+01	3.241811e-03
1.789066e+01	-1.385654e-04
1.799399e+01	8.045809e-03
1.809793e+01	-1.689843e-02
1.820246e+01	-5.809837e-03
1.830760e+01	-1.136600e-02
1.841334e+01	8.562227e-04
1.851969e+01	5.818672e-03
1.862666e+01	1.311798e-02
1.873425e+01	-1.651071e-02
1.884246e+01	2.777369e-03
1.895129e+01	-4.391623e-03
1.906075e+01	1.859211e-03
1.917085e+01	3.455719e-03
1.928158e+01	1.658718e-02
1.939295e+01	-6.532549e-03
1.950496e+01	9.143932e-03
1.961762e+01	2.481529e-03
1.973093e+01	-5.778821e-03
1.984490e+01	1.080335e-02
1.995952e+01	-1.523148e-02
2.007480e+01	-9.443590e-03
2.019076e+01	-4.760685e-04
2.030738e+01	-1.412531e-02
2.042467e+01	1.712053e-02
2.054264e+01	1.723135e-02
2.066130e+01	-1.836924e-02
2.078064e+01	-8.867986e-03
2.090066e+01	-4.936993e-03
2.102139e+01	1.086722e-02
2.114280e+01	8.463982e-03
2.126492e+01	7.390070e-04
2.138775e+01	5.176780e-03
2.151128e+01	-2.421959e-03
2.163553e+01	1.671810e-03
2.176050e+01	-1.834425e-02
2.188619e+01	-4.037557e-03
2.201260e+01	5.363278e-03
2.213974e+01	-5.321201e-03
2.226762e+01	-5.632645e-03
2.239624e+01	-1.173505e-03
2.252560e+01	3.059018e-03
2.265571e+01	8.202617e-03
2.278656e+01	-1.578660e-02
2.291818e+01	1.677423e-03
2.305055e+01	-1.660275e-02
2.318369e+01	-2.578586e-02
2.331760e+01	9.824516e-03
2.345228e+01	-7.967652e-03
2.358774e+01	1.491633e-02
2.372398e+01	-1.683634e-02
2.386101e+01	-7.300489e-03
2.399883e+01	-4.266151e-03
2.413745e+01	7.117125e-04
2.427686e+01	5.703345e-04
2.441709e+01	3.622712e-03
2.455812e+01	4.670470e-05
2.469997e+01	1.124741e-02
2.484263e+01	-2.096523e-02
2.498612e+01	1.808464e-03
2.513044e+01	7.171013e-03
2.527559e+01	1.301475e-02
2.542158e+01	-3.821542e-03
2.556842e+01	3.543775e-03
2.571610e+01	-6.293308e-03
2.586463e+01	6.559071e-03
2.601403e+01	-1.295779e-03
2.616428e+01	-5.348824e-03
2.631541e+01	1.748073e-02
2.646740e+01	4.057446e-03
2.662028e+01	6.028526e-03
2.677404e+01	1.467335e-02
2.692868e+01	-8.079839e-04
2.708422e+01	-4.116440e-03
2.724066e+01	4.292435e-03
2.739800e+01	-5.052984e-03
2.755625e+01	-1.079836e-03
2.771541e+01	-7.665256e-03
2.787550e+01	1.118815e-02
2.803650e+01	7.731904e-03
2.819844e+01	2.917852e-03
2.836131e+01	9.438704e-05
2.852513e+01	4.411211e-03
2.868989e+01	-1.023311e-02
2.885560e+01	9.385834e-03
2.902227e+01	2.210108e-03
2.918990e+01	-1.033604e-02
2.935850e+01	-3.535289e-03
2.952807e+01	7.672617e-03
2.969863e+01	-7.666142e-03
2.987016e+01	-7.504313e-03
3.004269e+01	-8.337304e-04
3.021622e+01	-2.288072e-02
3.039075e+01	1.186370e-02
3.056628e+01	-7.763507e-03
3.074283e+01	5.243120e-04
3.092040e+01	-6.075919e-03
3.109900e+01	5.823660e-04
3.127862e+01	1.116081e-03
3.145929e+01	-5.840492e-03
3.164099e+01	5.706149e-03
3.182375e+01	2.424472e-03
3.200756e+01	2.401473e-03
3.219244e+01	6.986374e-04
3.237838e+01	-4.683990e-03
3.256540e+01	8.170070e-04
3.275349e+01	-2.504475e-02
3.294268e+01	-8.475456e-03
3.313295e+01	-2.553070e-03
3.332433e+01	8.909027e-03
3.351681e+01	-1.863654e-02
3.371040e+01	-2.147327e-03
3.390511e+01	8.394382e-03
3.410094e+01	-7.578877e-03
3.429791e+01	-8.376129e-03
3.449601e+01	9.411519e-03
3.469526e+01	-9.663654e-03
3.489566e+01	-1.287897e-03
3.509721e+01	-5.411663e-03
3.529993e+01	-1.034885e-02
3.550382e+01	1.011317e-02
3.570889e+01	7.279808e-03
3.591515e+01	-9.204808e-04
3.612259e+01	4.835488e-03
3.633123e+01	1.493464e-03
3.654108e+01	-2.201722e-02
3.675214e+01	1.754951e-02
3.696442e+01	8.649793e-03
3.717792e+01	3.684950e-04
3.739266e+01	-6.752059e-03
3.760864e+01	-1.899182e-03
3.782587e+01	2.133219e-02
3.804435e+01	4.017940e-03
3.826409e+01	-1.853423e-02
3.848510e+01	9.072682e-03
3.870739e+01	1.283349e-03
3.893096e+01	-1.625091e-02
3.915583e+01	-1.832893e-03
3.938199e+01	8.052747e-03
3.960946e+01	-3.273040e-03
3.983824e+01	-1.290541e-02
4.006834e+01	-3.685661e-03
4.029978e+01	7.488853e-03
4.053255e+01	1.446101e-04
4.076666e+01	-6.639547e-05
4.100213e+01	-6.523640e-03
4.123896e+01	1.797238e-02
4.147715e+01	2.650638e-03
4.171672e+01	-5.344280e-04
4.195767e+01	-1.078368e-02
4.220002e+01	1.580748e-02
4.244377e+01	-2.407794e-02
4.268892e+01	1.188880e-02
4.293549e+01	-1.195493e-03
4.318348e+01	-1.322226e-02
4.343291e+01	-4.803255e-03
4.368377e+01	7.458308e-03
4.393609e+01	-4.060214e-03
4.418986e+01	7.283342e-03
4.444510e+01	1.382550e-02
4.470182e+01	1.685323e-02
4.496001e+01	-5.251808e-03
4.521970e+01	6.747035e-04
4.548089e+01	-1.373669e-02
4.574358e+01	-1.986201e-02
4.600779e+01	-2.594896e-02
4.627353e+01	-2.129920e-02
4.654081e+01	-1.040058e-02
4.680963e+01	-2.506161e-03
4.708000e+01	2.672324e-03
4.735193e+01	8.215306e-03
4.762543e+01	-1.295663e-03
4.790051e+01	-2.224762e-02
4.817719e+01	-1.382789e-02
4.845545e+01	9.174454e-03
4.873533e+01	-1.039667e-02
4.901682e+01	5.004466e-03
4.929994e+01	1.500242e-02
4.958470e+01	1.731588e-03
4.987110e+01	1.188331e-02
5.015915e+01	7.878367e-04
5.044887e+01	6.645703e-03
5.074026e+01	3.440579e-03
5.103333e+01	-3.444493e-02
5.132810e+01	2.018189e-03
5.162457e+01	-1.751717e-02
5.192275e+01	7.176262e-03
5.222265e+01	-8.977113e-04
5.252429e+01	-3.565223e-03
5.282767e+01	-7.814029e-03
5.313280e+01	-1.281570e-02
5.343969e+01	-2.971210e-03
5.374836e+01	-1.522604e-03
5.405880e+01	6.941512e-03
5.437105e+01	9.092844e-03
5.468509e+01	-3.330607e-04
5.500095e+01	4.763340e-03
5.531863e+01	-2.738882e-03
5.563815e+01	1.393380e-02
5.595951e+01	1.218589e-02
5.628273e+01	-9.883816e-03
5.660782e+01	6.214574e-03
5.693479e+01	-7.065207e-03
5.726364e+01	-8.367194e-03
5.759439e+01	-1.025370e-02
5.792705e+01	1.105745e-02
5.826164e+01	1.382189e-02
5.859815e+01	1.547577e-02
5.893662e+01	-1.485433e-02
5.927703e+01	-1.229832e-02
5.961941e+01	1.558163e-02
5.996377e+01	9.378770e-04
6.031012e+01	-7.200247e-03
6.065847e+01	4.104053e-03
6.100883e+01	-1.738749e-03
6.136121e+01	-1.161395e-02
6.171563e+01	3.060653e-04
6.207210e+01	-3.504754e-03
6.243063e+01	3.241263e-03
6.279122e+01	-2.962147e-02
6.315390e+01	1.498365e-02
6.351868e+01	1.080793e-02
6.388556e+01	9.953731e-03
6.425456e+01	2.650178e-02
6.462569e+01	-3.753060e-03
6.499897e+01	-2.247092e-02
6.537440e+01	-1.800147e-02
6.575200e+01	1.413962e-02
6.613178e+01	8.362588e-03
6.651375e+01	-2.222562e-03
6.689793e+01	1.457480e-03
6.728433e+01	1.947846e-02
6.767297e+01	-1.396072e-02
6.806384e+01	-1.483071e-02
6.845698e+01	-1.307819e-02
6.885238e+01	9.650534e-03
6.925007e+01	-2.446887e-04
6.965005e+01	-2.417839e-03
7.005235e+01	-3.762208e-03
7.045697e+01	8.027046e-03
7.086393e+01	-1.681435e-03
7.127323e+01	3.893224e-03
7.168490e+01	-9.730245e-03
7.209895e+01	-2.078847e-03
7.251539e+01	5.853818e-03
7.293424e+01	4.623663e-03
7.335551e+01	2.747121e-03
7.377920e+01	-6.948088e-03
7.420535e+01	-7.773780e-03
7.463396e+01	1.363002e-03
7.506504e+01	1.326065e-02
7.549861e+01	-1.701829e-02
7.593469e+01	-8.185064e-03
7.637328e+01	-2.340754e-02
7.681441e+01	-9.951056e-04
7.725809e+01	-1.150620e-02
7.770433e+01	1.140687e-02
7.815315e+01	7.277363e-03
7.860456e+01	5.298122e-03
7.905857e+01	-1.229460e-02
7.951521e+01	1.028177e-02
7.997449e+01	-1.551972e-02
8.043642e+01	1.632397e-02
8.090102e+01	4.142152e-03
8.136830e+01	1.063032e-02
8.183828e+01	2.985136e-03
8.231097e+01	-1.839873e-02
8.278640e+01	5.286613e-03
8.326457e+01	-4.861114e-03
8.374550e+01	-1.548274e-03
8.422921e+01	-5.881917e-03
8.471572e+01	4.058636e-03
8.520503e+01	6.835491e-03
8.569717e+01	3.164550e-05
8.619215e+01	8.853288e-03
8.669000e+01	4.203247e-03
8.719071e+01	-4.572732e-03
8.769432e+01	4.667390e-03
8.820084e+01	2.908018e-03
8.871029e+01	-5.867037e-03
8.922267e+01	7.042353e-03
8.973802e+01	-5.304263e-03
9.025634e+01	2.722284e-05
9.077766e+01	3.583703e-03
9.130199e+01	-8.890331e-03
9.182935e+01	5.955552e-04
9.235975e+01	-5.174795e-04
9.289321e+01	-6.491853e-03
9.342976e+01	4.527827e-03
9.396941e+01	1.263084e-03
9.451217e+01	4.961133e-03
9.505807e+01	3.481518e-03
9.560712e+01	2.874503e-03
9.615934e+01	1.566392e-03
9.671476e+01	-4.349088e-03
9.727338e+01	-9.881038e-03
9.783522e+01	-1.238271e-02
9.840032e+01	1.448392e-02
9.896867e+01	-1.335930e-02
9.954031e+01	-1.923406e-03
1.001153e+02	-1.285491e-02
1.006935e+02	4.348642e-03
1.012751e+02	-1.105265e-02
1.018601e+02	-8.106617e-04
1.024484e+02	-2.740481e-03
1.030402e+02	2.167103e-02
1.036353e+02	-7.452793e-03
1.042339e+02	-1.705390e-04
1.048360e+02	5.411032e-03
1.054415e+02	6.721920e-04
1.060505e+02	-8.330950e-03
1.066631e+02	-7.642006e-03
1.072791e+02	1.122376e-02
1.078988e+02	-8.520600e-03
1.085220e+02	1.196317e-03
1.091488e+02	-1.247282e-02
1.097793e+02	-1.722076e-02
1.104133e+02	-3.374085e-03
1.110511e+02	-2.076501e-02
1.116925e+02	-7.192715e-03
1.123376e+02	-1.675233e-02
1.129865e+02	-5.530229e-03
1.136391e+02	-3.083040e-03
1.142955e+02	7.082642e-03
1.149556e+02	1.551841e-02
1.156196e+02	-3.605926e-03
1.162874e+02	8.986148e-03
1.169591e+02	2.201638e-03
1.176347e+02	-6.512908e-03
1.183141e+02	-4.108936e-03
1.189975e+02	-4.356542e-03
1.196848e+02	4.042122e-03
1.203761e+02	-1.495011e-02
1.210714e+02	-2.663805e-02
1.217707e+02	5.598465e-04
1.224740e+02	-3.914233e-03
1.231814e+02	1.478416e-03
1.238929e+02	-1.026044e-02
1.246085e+02	5.477665e-03
1.253283e+02	1.714757e-02
1.260522e+02	-2.585397e-03
1.267802e+02	-9.201269e-03
1.275125e+02	-2.510849e-02
1.282490e+02	-5.859722e-03
1.289898e+02	8.616479e-04
1.297348e+02	6.686980e-03
1.304842e+02	-1.965827e-02
1.312378e+02	-6.719057e-03
1.319959e+02	2.779016e-03
1.327583e+02	5.025074e-03
1.335251e+02	2.223950e-03
1.342963e+02	-2.257687e-03
1.350720e+02	-6.306739e-03
1.358522e+02	-2.192741e-02
1.366368e+02	-1.261657e-02
1.374260e+02	-2.736415e-03
1.382198e+02	5.814978e-03
1.390182e+02	-3.270144e-03
1.398211e+02	-1.851922e-02
1.406287e+02	3.485331e-03
1.414410e+02	-1.694515e-02
1.422579e+02	-5.117389e-03
1.430796e+02	6.888254e-04
1.439060e+02	1.124508e-02
1.447372e+02	6.632410e-03
1.455732e+02	-1.463537e-02
1.464141e+02	-6.154117e-03
1.472597e+02	-5.261330e-03
1.481103e+02	-1.841334e-03
1.489658e+02	-1.113573e-03
1.498262e+02	-1.002871e-02
1.506916e+02	1.340938e-02
1.515620e+02	-5.835340e-03
1.524374e+02	-1.719405e-02
1.533179e+02	-5.706246e-03
1.542034e+02	-2.120199e-02
1.550941e+02	-1.034243e-02
1.559899e+02	-1.427769e-03
1.568909e+02	-3.934335e-03
1.577971e+02	-9.016104e-03
1.587085e+02	2.870724e-03
1.596252e+02	-7.491351e-03
1.605472e+02	-1.127181e-02
1.614745e+02	3.589808e-03
1.624072e+02	-1.155825e-03
1.633453e+02	-7.348372e-03
1.642887e+02	-2.245794e-02
1.652377e+02	-1.699306e-02
1.661921e+02	-1.207485e-02
1.671520e+02	1.456816e-02
1.681175e+02	-1.548500e-02
1.690885e+02	-3.719901e-03
1.700651e+02	-3.872553e-03
1.710474e+02	-1.568438e-02
1.720354e+02	-3.946927e-03
1.730291e+02	2.184104e-02
1.740285e+02	3.255818e-03
1.750337e+02	-1.278667e-02
1.760446e+02	8.487204e-03
1.770615e+02	1.439449e-02
1.780842e+02	-7.320455e-03
1.791128e+02	-7.867057e-03
1.801473e+02	-1.517955e-02
1.811878e+02	9.593801e-04
1.822344e+02	7.240591e-03
1.832870e+02	-5.475952e-03
1.843456e+02	4.902986e-03
1.854104e+02	-1.490149e-02
1.864813e+02	1.400787e-03
1.875584e+02	3.955082e-04
1.886418e+02	-1.049468e-02
1.897313e+02	-2.143415e-02
1.908272e+02	-3.018407e-02
1.919294e+02	-2.605061e-02
1.930380e+02	-2.426123e-02
1.941530e+02	-2.852023e-03
1.952744e+02	-3.022869e-02
1.964023e+02	-1.820004e-02
1.975367e+02	7.771548e-03
1.986777e+02	-1.040115e-02
1.998252e+02	-5.848530e-03
2.009794e+02	-7.107397e-03
2.021403e+02	-2.230911e-02
2.033078e+02	6.926595e-03
2.044821e+02	-2.482502e-03
2.056632e+02	-7.238046e-03
2.068511e+02	1.793527e-03
2.080459e+02	-1.324837e-02
2.092475e+02	8.251553e-03
2.104561e+02	-9.306946e-04
2.116717e+02	-9.372305e-03
2.128943e+02	-1.774221e-02
2.141240e+02	-9.896510e-03
2.153608e+02	-5.962254e-03
2.166047e+02	-9.331739e-03
2.178558e+02	-1.388817e-02
2.191141e+02	-1.776987e-02
2.203797e+02	-3.790045e-03
2.216526e+02	-1.493360e-02
2.229329e+02	-2.906809e-02
2.242205e+02	1.931851e-02
2.255156e+02	5.040456e-03
2.268182e+02	-2.035954e-02
2.281283e+02	1.145105e-04
2.294459e+02	-1.120240e-02
2.307712e+02	-1.121091e-02
2.321041e+02	-2.256620e-02
2.334447e+02	-5.073394e-03
2.347931e+02	-1.053687e-02
2.361493e+02	-5.726090e-03
2.375133e+02	-2.070544e-02
2.388851e+02	1.516681e-05
2.402649e+02	-8.080516e-03
2.416527e+02	-2.484116e-03
2.430484e+02	-6.831803e-03
2.444523e+02	-1.605227e-02
2.458642e+02	-5.697187e-03
2.472843e+02	-1.036291e-02
2.487126e+02	-1.586324e-02
2.501492e+02	-2.310348e-02
2.515940e+02	-1.540205e-02
2.530472e+02	-1.960732e-02
2.545088e+02	-2.583556e-02
2.559789e+02	-1.229265e-02
2.574574e+02	-1.056321e-02
2.589444e+02	-7.692698e-03
2.604401e+02	1.968124e-02
2.619444e+02	-1.313031e-02
2.634574e+02	-1.542656e-02
2.649791e+02	-1.902057e-02
2.665096e+02	1.205212e-03
2.680489e+02	-3.893977e-02
2.695972e+02	-1.099027e-02
2.711544e+02	-1.483260e-02
2.727205e+02	-8.544964e-03
2.742958e+02	-4.188395e-03
2.758801e+02	-1.097952e-02
2.774736e+02	4.790384e-03
2.790762e+02	-2.988800e-02
2.806882e+02	-1.243894e-02
2.823094e+02	-3.185556e-02
2.839400e+02	3.596625e-03
2.855800e+02	-2.704426e-02
2.872295e+02	-5.559267e-03
2.888886e+02	-2.650571e-02
2.905572e+02	-1.933894e-02
2.922354e+02	-1.077384e-02
2.939234e+02	-1.590166e-02
2.956211e+02	-1.672276e-02
2.973286e+02	-1.238295e-02
2.990459e+02	-2.060916e-02
3.007732e+02	3.804467e-03
3.025104e+02	-2.246875e-02
3.042577e+02	-3.000440e-02
3.060151e+02	-2.165311e-02
3.077826e+02	-2.074489e-02
3.095604e+02	-1.841909e-02
3.113484e+02	-6.641115e-03
3.131467e+02	-1.344399e-02
3.149554e+02	-1.236878e-02
3.167746e+02	-2.022291e-02
3.186043e+02	-2.059766e-02
3.204445e+02	-1.713193e-02
3.222954e+02	-1.677232e-02
3.241570e+02	-2.369212e-02
3.260293e+02	-1.327905e-02
3.279124e+02	-7.576594e-05
3.298064e+02	-3.504979e-02
3.317114e+02	-2.379803e-02
3.336273e+02	-3.492716e-02
3.355544e+02	-2.427918e-02
3.374925e+02	-1.502100e-02
3.394418e+02	-2.033363e-02
3.414024e+02	-2.177673e-02
3.433744e+02	-2.924818e-02
3.453577e+02	-3.559268e-02
3.473525e+02	-3.040788e-02
3.493588e+02	-3.013659e-02
3.513766e+02	-2.300994e-02
3.534062e+02	-3.544125e-02
3.554474e+02	-2.749976e-02
3.575005e+02	-4.203731e-03
3.595654e+02	-3.022870e-02
3.616422e+02	-5.334496e-03
3.637311e+02	-1.545887e-02
3.658320e+02	-3.087464e-02
3.679450e+02	-3.665092e-02
3.700702e+02	-3.094076e-02
3.722077e+02	-1.064203e-02
3.743576e+02	-3.388844e-02
3.765199e+02	-3.275792e-02
3.786946e+02	-2.532619e-02
3.808820e+02	-8.828259e-03
3.830819e+02	-2.164314e-02
3.852946e+02	-3.189990e-02
3.875200e+02	9.049283e-05
3.897583e+02	-4.502446e-02
3.920096e+02	-1.263499e-02
3.942738e+02	-1.896031e-02
3.965511e+02	-2.974644e-02
3.988416e+02	-1.862837e-02
4.011452e+02	-3.380743e-02
4.034622e+02	-3.779854e-02
4.057926e+02	-3.134232e-02
4.081365e+02	-3.930175e-02
4.104938e+02	-2.216703e-02
4.128648e+02	-2.167838e-02
4.152495e+02	-4.314626e-02
4.176480e+02	-4.285085e-02
4.200603e+02	-3.157201e-02
4.224866e+02	-2.470692e-02
4.249268e+02	-2.800401e-02
4.273812e+02	-3.610499e-02
4.298497e+02	-4.579683e-02
4.323325e+02	-4.222751e-02
4.348297e+02	-4.254504e-02
4.373412e+02	-4.039225e-02
4.398673e+02	-3.635754e-02
4.424079e+02	-2.654862e-02
4.449633e+02	-3.750404e-02
4.475334e+02	-4.132406e-02
4.501183e+02	-3.541550e-02
4.527182e+02	-4.648382e-02
4.553330e+02	-4.482269e-02
4.579630e+02	-4.213546e-02
4.606082e+02	-3.445173e-02
4.632687e+02	-4.037703e-02
4.659445e+02	-3.642709e-02
4.686358e+02	-3.880547e-02
4.713426e+02	-5.304273e-02
4.740650e+02	-5.406906e-02
4.768032e+02	-4.262518e-02
4.795572e+02	-4.016546e-02
4.823271e+02	-3.687170e-02
4.851130e+02	-5.019071e-02
4.879150e+02	-5.240358e-02
4.907332e+02	-3.580916e-02
4.935676e+02	-4.725645e-02
4.964185e+02	-5.142176e-02
4.992858e+02	-4.924103e-02
5.021696e+02	-4.128744e-02
5.050701e+02	-5.368856e-02
5.079874e+02	-6.512537e-02
5.109215e+02	-5.361411e-02
5.138726e+02	-3.658610e-02
5.168407e+02	-3.799005e-02
5.198259e+02	-3.627313e-02
5.228284e+02	-5.101133e-02
5.258482e+02	-4.145179e-02
5.288855e+02	-6.445444e-02
5.319403e+02	-5.828616e-02
5.350128e+02	-6.129885e-02
5.381030e+02	-6.521682e-02
5.412111e+02	-5.794888e-02
5.443371e+02	-5.295294e-02
5.474812e+02	-5.532739e-02
5.506434e+02	-6.213218e-02
5.538239e+02	-4.884153e-02
5.570228e+02	-4.358816e-02
5.602401e+02	-5.083619e-02
5.634760e+02	-5.171728e-02
5.667306e+02	-6.203125e-02
5.700040e+02	-4.260958e-02
5.732964e+02	-4.697474e-02
5.766077e+02	-6.212213e-02
5.799382e+02	-8.358959e-02
5.832879e+02	-6.807024e-02
5.866569e+02	-6.395632e-02
5.900454e+02	-6.837639e-02
5.934535e+02	-7.359662e-02
5.968813e+02	-4.431188e-02
6.003288e+02	-5.907584e-02
6.037963e+02	-8.306549e-02
6.072838e+02	-6.535716e-02
6.107914e+02	-6.125705e-02
6.143194e+02	-6.552049e-02
6.178676e+02	-5.981617e-02
6.214364e+02	-7.300928e-02
6.250258e+02	-6.138363e-02
6.286359e+02	-8.685650e-02
6.322669e+02	-6.768481e-02
6.359189e+02	-6.709786e-02
6.395919e+02	-8.107594e-02
6.432862e+02	-7.371440e-02
6.470017e+02	-9.675247e-02
6.507388e+02	-6.557396e-02
6.544974e+02	-8.562089e-02
6.582778e+02	-8.530270e-02
6.620800e+02	-9.282432e-02
6.659041e+02	-8.306305e-02
6.697504e+02	-6.709284e-02
6.736188e+02	-8.090582e-02
6.775096e+02	-6.615394e-02
6.814229e+02	-8.363034e-02
6.853587e+02	-9.042108e-02
6.893173e+02	-9.340817e-02
6.932988e+02	-9.537881e-02
6.973033e+02	-7.715207e-02
7.013309e+02	-7.022518e-02
7.053817e+02	-8.351364e-02
7.094560e+02	-8.373334e-02
7.135538e+02	-9.644203e-02
7.176752e+02	-8.406136e-02
7.218205e+02	-1.056882e-01
7.259897e+02	-1.045464e-01
7.301830e+02	-9.357508e-02
7.344005e+02	-9.322499e-02
7.386424e+02	-1.038915e-01
7.429087e+02	-1.180300e-01
7.471998e+02	-9.824076e-02
7.515155e+02	-1.179650e-01
7.558563e+02	-1.183667e-01
7.602221e+02	-1.086214e-01
7.646131e+02	-1.000833e-01
7.690295e+02	-1.241617e-01
7.734713e+02	-9.584128e-02
7.779389e+02	-1.035371e-01
7.824322e+02	-9.691313e-02
7.869515e+02	-1.078248e-01
7.914969e+02	-1.132310e-01
7.960686e+02	-1.152662e-01
8.006666e+02	-1.154741e-01
8.052912e+02	-1.226858e-01
8.099426e+02	-1.158032e-01
8.146208e+02	-1.191425e-01
8.193260e+02	-1.075452e-01
8.240584e+02	-1.088101e-01
8.288181e+02	-1.228453e-01
8.336053e+02	-1.310382e-01
8.384202e+02	-1.313113e-01
8.432629e+02	-1.288088e-01
8.481335e+02	-1.250280e-01
8.530323e+02	-1.159342e-01
8.579594e+02	-1.311814e-01
8.629149e+02	-1.334741e-01
8.678991e+02	-1.218496e-01
8.729120e+02	-1.141803e-01
8.779539e+02	-1.376569e-01
8.830250e+02	-1.505132e-01
8.881253e+02	-1.470691e-01
8.932551e+02	-1.392228e-01
8.984145e+02	-1.470987e-01
9.036037e+02	-1.381473e-01
9.088229e+02	-1.496132e-01
9.140722e+02	-1.480180e-01
9.193518e+02	-1.443383e-01
9.246620e+02	-1.485057e-01
9.300028e+02	-1.490433e-01
9.353744e+02	-1.600638e-01
9.407771e+02	-1.672029e-01
9.462110e+02	-1.536409e-01
9.516763e+02	-1.618386e-01
9.571731e+02	-1.580563e-01
9.627017e+02	-1.663854e-01
9.682622e+02	-1.682077e-01
9.738549e+02	-1.833634e-01
9.794798e+02	-1.750893e-01
9.851373e+02	-1.725970e-01
9.908274e+02	-1.638401e-01
9.965504e+02	-1.837878e-01
1.002306e+03	-1.651264e-01
1.008096e+03	-1.934510e-01
1.013918e+03	-1.777306e-01
1.019775e+03	-1.809613e-01
1.025665e+03	-1.900553e-01
1.031589e+03	-1.911515e-01
1.037548e+03	-2.080860e-01
1.043540e+03	-1.716532e-01
1.049568e+03	-1.970900e-01
1.055630e+03	-2.159581e-01
1.061727e+03	-2.058281e-01
1.067860e+03	-2.007262e-01
1.074028e+03	-1.940049e-01
1.080231e+03	-2.302613e-01
1.086471e+03	-2.058626e-01
1.092746e+03	-2.181151e-01
1.099058e+03	-2.293853e-01
1.105406e+03	-2.261371e-01
1.111791e+03	-2.267893e-01
1.118212e+03	-2.280084e-01
1.124671e+03	-2.251740e-01
1.131167e+03	-2.317232e-01
1.137701e+03	-2.231515e-01
1.144272e+03	-2.257973e-01
1.150881e+03	-2.265338e-01
1.157529e+03	-2.402313e-01
1.164215e+03	-2.467112e-01
1.170939e+03	-2.397804e-01
1.177702e+03	-2.359474e-01
1.184505e+03	-2.466879e-01
1.191346e+03	-2.475596e-01
1.198227e+03	-2.503904e-01
1.205148e+03	-2.562165e-01
1.212109e+03	-2.399801e-01
1.219110e+03	-2.628080e-01
1.226152e+03	-2.667190e-01
1.233234e+03	-2.626322e-01
1.240357e+03	-2.906806e-01
1.247521e+03	-2.697362e-01
1.254727e+03	-2.916714e-01
1.261974e+03	-2.765101e-01
1.269263e+03	-2.674849e-01
1.276595e+03	-2.979750e-01
1.283968e+03	-2.863956e-01
1.291384e+03	-2.987124e-01
1.298843e+03	-2.947054e-01
1.306345e+03	-3.021653e-01
1.313891e+03	-3.159919e-01
1.321480e+03	-3.061324e-01
1.329113e+03	-3.240225e-01
1.336790e+03	-3.145432e-01
1.344511e+03	-3.002537e-01
1.352277e+03	-3.206805e-01
1.360087e+03	-3.149500e-01
1.367943e+03	-3.161738e-01
1.375844e+03	-3.473775e-01
1.383791e+03	-3.428009e-01
1.391784e+03	-3.330847e-01
1.399823e+03	-3.343559e-01
1.407908e+03	-3.484622e-01
1.416040e+03	-3.380228e-01
1.424219e+03	-3.710836e-01
1.432445e+03	-3.421059e-01
1.440719e+03	-3.643925e-01
1.449041e+03	-3.502371e-01
1.457410e+03	-3.647335e-01
1.465828e+03	-3.691726e-01
1.474295e+03	-3.741867e-01
1.482810e+03	-3.847478e-01
1.491375e+03	-3.938529e-01
1.499989e+03	-4.025748e-01
1.508653e+03	-3.848178e-01
1.517367e+03	-3.941337e-01
1.526131e+03	-3.890578e-01
1.534946e+03	-3.956070e-01
1.543812e+03	-4.380125e-01
1.552729e+03	-4.083805e-01
1.561697e+03	-4.201828e-01
1.570717e+03	-4.214412e-01
1.579790e+03	-4.265886e-01
1.588915e+03	-4.440300e-01
1.598092e+03	-4.419691e-01
1.607323e+03	-4.444063e-01
1.616606e+03	-4.462915e-01
1.625944e+03	-4.554647e-01
1.635335e+03	-4.588786e-01
1.644781e+03	-4.665628e-01
1.654281e+03	-4.801657e-01
1.663836e+03	-4.727758e-01
1.673446e+03	-4.854164e-01
1.683112e+03	-4.856766e-01
1.692834e+03	-4.862477e-01
1.702611e+03	-4.797998e-01
1.712446e+03	-4.845823e-01
1.722337e+03	-4.966682e-01
1.732285e+03	-5.019700e-01
1.742290e+03	-5.190869e-01
1.752354e+03	-5.218865e-01
1.762475e+03	-5.401527e-01
1.772655e+03	-5.388495e-01
1.782894e+03	-5.317270e-01
1.793192e+03	-5.539133e-01
1.803549e+03	-5.480110e-01
1.813967e+03	-5.731411e-01
1.824444e+03	-5.630286e-01
1.834982e+03	-5.645886e-01
1.845581e+03	-5.667009e-01
1.856241e+03	-6.002003e-01
1.866962e+03	-5.931409e-01
1.877746e+03	-6.205164e-01
1.888592e+03	-6.086623e-01
1.899500e+03	-6.082830e-01
1.910472e+03	-6.354429e-01
1.921506e+03	-6.274618e-01
1.932605e+03	-6.328478e-01
1.943768e+03	-6.528487e-01
1.954995e+03	-6.527216e-01
1.966287e+03	-6.370405e-01
1.977644e+03	-6.506866e-01
1.989067e+03	-6.651901e-01
2.000555e+03	-6.722498e-01
2.012110e+03	-6.628067e-01
2.023732e+03	-6.836546e-01
2.035421e+03	-6.946712e-01
2.047178e+03	-7.031175e-01
2.059002e+03	-6.990494e-01
2.070895e+03	-7.156644e-01
2.082856e+03	-7.357492e-01
2.094887e+03	-7.429164e-01
2.106987e+03	-7.345215e-01
2.119157e+03	-7.532662e-01
2.131397e+03	-7.623621e-01
2.143708e+03	-7.770644e-01
2.156090e+03	-7.547934e-01
2.168543e+03	-8.091863e-01
2.181069e+03	-7.609230e-01
2.193666e+03	-7.866478e-01
2.206337e+03	-8.050563e-01
2.219081e+03	-7.993564e-01
2.231898e+03	-8.148557e-01
2.244789e+03	-8.220449e-01
2.257755e+03	-8.330544e-01
2.270796e+03	-8.650592e-01
2.283912e+03	-8.619507e-01
2.297104e+03	-8.569653e-01
2.310372e+03	-8.727528e-01
2.323716e+03	-8.845956e-01
2.337138e+03	-9.079011e-01
2.350637e+03	-9.198812e-01
2.364214e+03	-8.953349e-01
2.377870e+03	-9.302504e-01
2.391604e+03	-9.230291e-01
2.405418e+03	-9.417660e-01
2.419312e+03	-9.750922e-01
2.433286e+03	-9.705422e-01
2.447340e+03	-9.719683e-01
2.461476e+03	-9.710820e-01
2.475693e+03	-9.796080e-01
2.489993e+03	-9.872912e-01
2.504375e+03	-1.016181e+00
2.518840e+03	-1.013191e+00
2.533389e+03	-1.042802e+00
2.548022e+03	-1.045573e+00
2.562739e+03	-1.066963e+00
2.577541e+03	-1.072018e+00
2.592429e+03	-1.076707e+00
2.607403e+03	-1.094152e+00
2.622463e+03	-1.100265e+00
2.637610e+03	-1.116082e+00
2.652845e+03	-1.118559e+00
2.668168e+03	-1.139716e+00
2.683579e+03	-1.114789e+00
2.699079e+03	-1.135035e+00
2.714669e+03	-1.157855e+00
2.730349e+03	-1.178039e+00
2.746119e+03	-1.194206e+00
2.761981e+03	-1.200071e+00
2.777934e+03	-1.204802e+00
2.793979e+03	-1.226437e+00
2.810117e+03	-1.251548e+00
2.826348e+03	-1.240877e+00
2.842673e+03	-1.266394e+00
2.859092e+03	-1.280396e+00
2.875606e+03	-1.307591e+00
2.892215e+03	-1.280482e+00
2.908921e+03	-1.317705e+00
2.925722e+03	-1.315334e+00
2.942621e+03	-1.353110e+00
2.959618e+03	-1.359148e+00
2.976712e+03	-1.375754e+00
2.993906e+03	-1.385320e+00
3.011198e+03	-1.404416e+00
3.028591e+03	-1.409203e+00
3.046084e+03	-1.425604e+00
3.063678e+03	-1.441500e+00
3.081374e+03	-1.433357e+00
3.099172e+03	-1.474827e+00
3.117072e+03	-1.483104e+00
3.135076e+03	-1.483882e+00
3.153184e+03	-1.514499e+00
3.171397e+03	-1.523592e+00
3.189715e+03	-1.531959e+00
3.208139e+03	-1.549709e+00
3.226669e+03	-1.551134e+00
3.245306e+03	-1.577715e+00
3.264051e+03	-1.596278e+00
3.282904e+03	-1.625431e+00
3.301866e+03	-1.626012e+00
3.320937e+03	-1.642385e+00
3.340119e+03	-1.657194e+00
3.359411e+03	-1.678866e+00
3.378815e+03	-1.705523e+00
3.398331e+03	-1.692613e+00
3.417959e+03	-1.735262e+00
3.437701e+03	-1.726109e+00
3.457557e+03	-1.767180e+00
3.477528e+03	-1.786603e+00
3.497614e+03	-1.784782e+00
3.517816e+03	-1.812463e+00
3.538135e+03	-1.828578e+00
3.558571e+03	-1.847819e+00
3.579125e+03	-1.864304e+00
3.599798e+03	-1.887363e+00
3.620590e+03	-1.888709e+00
3.641503e+03	-1.915306e+00
3.662536e+03	-1.928119e+00
3.683691e+03	-1.954440e+00
3.704967e+03	-1.983079e+00
3.726367e+03	-1.979496e+00
3.747890e+03	-1.992072e+00
3.769538e+03	-2.014084e+00
3.791311e+03	-2.042605e+00
3.813209e+03	-2.054304e+00
3.835234e+03	-2.093100e+00
3.857386e+03	-2.097775e+00
3.879667e+03	-2.121553e+00
3.902075e+03	-2.129532e+00
3.924614e+03	-2.159531e+00
3.947282e+03	-2.176116e+00
3.970081e+03	-2.195743e+00
3.993012e+03	-2.216015e+00
4.016076e+03	-2.256274e+00
4.039272e+03	-2.257816e+00
4.062603e+03	-2.275391e+00
4.086069e+03	-2.295064e+00
4.109670e+03	-2.310355e+00
4.133407e+03	-2.337680e+00
4.157281e+03	-2.375193e+00
4.181294e+03	-2.370961e+00
4.205445e+03	-2.386638e+00
4.229735e+03	-2.424735e+00
4.254166e+03	-2.450894e+00
4.278738e+03	-2.469185e+00
4.303451e+03	-2.490684e+00
4.328308e+03	-2.516990e+00
4.353308e+03	-2.537904e+00
4.378453e+03	-2.546529e+00
4.403742e+03	-2.574228e+00
4.429178e+03	-2.602676e+00
4.454761e+03	-2.622953e+00
4.480492e+03	-2.642068e+00
4.506371e+03	-2.667270e+00
4.532399e+03	-2.685709e+00
4.558578e+03	-2.701363e+00
4.584908e+03	-2.740959e+00
4.611391e+03	-2.750844e+00
4.638026e+03	-2.782988e+00
4.664815e+03	-2.811600e+00
4.691759e+03	-2.832971e+00
4.718858e+03	-2.852326e+00
4.746114e+03	-2.882468e+00
4.773527e+03	-2.909709e+00
4.801099e+03	-2.930802e+00
4.828830e+03	-2.944617e+00
4.856721e+03	-2.995110e+00
4.884773e+03	-3.021112e+00
4.912988e+03	-3.035069e+00
4.941365e+03	-3.022339e+00
4.969906e+03	-3.061421e+00
4.998612e+03	-3.102827e+00
5.027484e+03	-3.121908e+00
5.056522e+03	-3.158919e+00
5.085729e+03	-3.196324e+00
5.115104e+03	-3.197503e+00
5.144648e+03	-3.227812e+00
5.174363e+03	-3.263296e+00
5.204250e+03	-3.292735e+00
5.234310e+03	-3.296050e+00
5.264543e+03	-3.347100e+00
5.294951e+03	-3.354028e+00
5.325534e+03	-3.398182e+00
5.356294e+03	-3.429004e+00
5.387232e+03	-3.461754e+00
5.418348e+03	-3.482698e+00
5.449645e+03	-3.506296e+00
5.481122e+03	-3.530553e+00
5.512780e+03	-3.564759e+00
5.544622e+03	-3.565319e+00
5.576647e+03	-3.607266e+00
5.608858e+03	-3.647211e+00
5.641254e+03	-3.659343e+00
5.673838e+03	-3.690719e+00
5.706610e+03	-3.743842e+00
5.739571e+03	-3.746042e+00
5.772723e+03	-3.776787e+00
5.806066e+03	-3.803830e+00
5.839601e+03	-3.834079e+00
5.873331e+03	-3.866313e+00
5.907255e+03	-3.905691e+00
5.941375e+03	-3.928559e+00
5.975692e+03	-3.941453e+00
6.010207e+03	-3.975992e+00
6.044922e+03	-4.026763e+00
6.079837e+03	-4.049614e+00
6.114954e+03	-4.070458e+00
6.150274e+03	-4.100714e+00
6.185797e+03	-4.135604e+00
6.221526e+03	-4.176491e+00
6.257462e+03	-4.195920e+00
6.293605e+03	-4.221408e+00
6.329956e+03	-4.269208e+00
6.366518e+03	-4.285628e+00
6.403290e+03	-4.330226e+00
6.440276e+03	-4.371023e+00
6.477474e+03	-4.389965e+00
6.514888e+03	-4.418733e+00
6.552518e+03	-4.444043e+00
6.590365e+03	-4.483936e+00
6.628430e+03	-4.506641e+00
6.666716e+03	-4.556244e+00
6.705223e+03	-4.582424e+00
6.743952e+03	-4.620247e+00
6.782905e+03	-4.624498e+00
6.822082e+03	-4.691821e+00
6.861486e+03	-4.708919e+00
6.901118e+03	-4.746833e+00
6.940979e+03	-4.788209e+00
6.981069e+03	-4.800407e+00
7.021392e+03	-4.842694e+00
7.061947e+03	-4.876255e+00
7.102737e+03	-4.908695e+00
7.143762e+03	-4.939523e+00
7.185024e+03	-4.987905e+00
7.226524e+03	-5.007707e+00
7.268264e+03	-5.062060e+00
7.310246e+03	-5.076108e+00
7.352469e+03	-5.116144e+00
7.394937e+03	-5.153477e+00
7.437650e+03	-5.170222e+00
7.480609e+03	-5.210982e+00
7.523817e+03	-5.253109e+00
7.567274e+03	-5.280658e+00
7.610982e+03	-5.323068e+00
7.654943e+03	-5.377489e+00
7.699158e+03	-5.395239e+00
7.743628e+03	-5.423930e+00
7.788355e+03	-5.472742e+00
7.833340e+03	-5.505509e+00
7.878585e+03	-5.536442e+00
7.924091e+03	-5.575169e+00
7.969861e+03	-5.613120e+00
8.015894e+03	-5.662947e+00
8.062194e+03	-5.672265e+00
8.108761e+03	-5.719782e+00
8.155596e+03	-5.735994e+00
8.202703e+03	-5.795107e+00
8.250081e+03	-5.807500e+00
8.297733e+03	-5.867816e+00
8.345661e+03	-5.914093e+00
8.393865e+03	-5.940857e+00
8.442348e+03	-5.961015e+00
8.491110e+03	-6.023882e+00
8.540155e+03	-6.031071e+00
8.589482e+03	-6.069870e+00
8.639095e+03	-6.116555e+00
8.688994e+03	-6.157930e+00
8.739181e+03	-6.183846e+00
8.789658e+03	-6.228666e+00
8.840427e+03	-6.286038e+00
8.891489e+03	-6.310552e+00
8.942846e+03	-6.370920e+00
8.994499e+03	-6.385426e+00
9.046451e+03	-6.407073e+00
9.098703e+03	-6.460694e+00
9.151257e+03	-6.502281e+00
9.204114e+03	-6.535314e+00
9.257277e+03	-6.572017e+00
9.310746e+03	-6.610514e+00
9.364525e+03	-6.648227e+00
9.418614e+03	-6.706630e+00
9.473015e+03	-6.715863e+00
9.527731e+03	-6.776118e+00
9.582763e+03	-6.819866e+00
9.638113e+03	-6.834013e+00
9.693782e+03	-6.909055e+00
9.749773e+03	-6.914541e+00
9.806087e+03	-6.981685e+00
9.862727e+03	-7.007532e+00
9.919693e+03	-7.071174e+00
9.976989e+03	-7.084681e+00
1.003462e+04	-7.117178e+00
1.009258e+04	-7.166682e+00
1.015087e+04	-7.203277e+00
1.020950e+04	-7.258058e+00
1.026847e+04	-7.278032e+00
1.032778e+04	-7.326896e+00
1.038743e+04	-7.368487e+00
1.044743e+04	-7.406251e+00
1.050777e+04	-7.450401e+00
1.056847e+04	-7.491596e+00
1.062951e+04	-7.527403e+00
1.069091e+04	-7.564767e+00
1.075266e+04	-7.599978e+00
1.081476e+04	-7.637857e+00
1.087723e+04	-7.691121e+00
1.094006e+04	-7.733112e+00
1.100324e+04	-7.774562e+00
1.106680e+04	-7.812198e+00
1.113072e+04	-7.879493e+00
1.119501e+04	-7.928748e+00
1.125967e+04	-7.932032e+00
1.132471e+04	-7.985629e+00
1.139012e+04	-8.020719e+00
1.145591e+04	-8.058647e+00
1.152208e+04	-8.097378e+00
1.158863e+04	-8.147957e+00
1.165556e+04	-8.175436e+00
1.172289e+04	-8.230794e+00
1.179060e+04	-8.257853e+00
1.185870e+04	-8.307738e+00
1.192719e+04	-8.354842e+00
1.199608e+04	-8.396562e+00
1.206537e+04	-8.455998e+00
1.213506e+04	-8.478517e+00
1.220515e+04	-8.516599e+00
1.227565e+04	-8.579151e+00
1.234655e+04	-8.623627e+00
1.241787e+04	-8.637966e+00
1.248959e+04	-8.685054e+00
1.256173e+04	-8.725876e+00
1.263429e+04	-8.765580e+00
1.270726e+04	-8.823785e+00
1.278066e+04	-8.861391e+00
1.285448e+04	-8.901863e+00
1.292873e+04	-8.963661e+00
1.300340e+04	-8.995415e+00
1.307851e+04	-9.011880e+00
1.315405e+04	-9.064362e+00
1.323003e+04	-9.109031e+00
1.330644e+04	-9.154538e+00
1.338330e+04	-9.201608e+00
1.346060e+04	-9.235209e+00
1.353835e+04	-9.305412e+00
1.361655e+04	-9.329016e+00
1.369520e+04	-9.384437e+00
1.377430e+04	-9.403833e+00
1.385386e+04	-9.455540e+00
1.393388e+04	-9.491252e+00
1.401436e+04	-9.549376e+00
1.409531e+04	-9.619995e+00
1.417672e+04	-9.633792e+00
1.425861e+04	-9.694351e+00
1.434096e+04	-9.720021e+00
1.442379e+04	-9.770231e+00
1.450711e+04	-9.805391e+00
1.459090e+04	-9.861766e+00
1.467518e+04	-9.892407e+00
1.475994e+04	-9.937110e+00
1.484519e+04	-9.991572e+00
1.493094e+04	-1.003088e+01
1.501718e+04	-1.006062e+01
1.510392e+04	-1.013150e+01
1.519116e+04	-1.015942e+01
1.527890e+04	-1.021801e+01
1.536715e+04	-1.025150e+01
1.545591e+04	-1.028547e+01
1.554518e+04	-1.032452e+01
1.563497e+04	-1.038118e+01
1.572528e+04	-1.041174e+01
1.581611e+04	-1.048168e+01
1.590746e+04	-1.052386e+01
1.599934e+04	-1.055371e+01
1.609175e+04	-1.060566e+01
1.618470e+04	-1.064063e+01
1.627818e+04	-1.069314e+01
1.637220e+04	-1.074886e+01
1.646677e+04	-1.077945e+01
1.656188e+04	-1.081773e+01
1.665754e+04	-1.086771e+01
1.675375e+04	-1.090707e+01
1.685052e+04	-1.097314e+01
1.694785e+04	-1.099348e+01
1.704574e+04	-1.105978e+01
1.714419e+04	-1.108970e+01
1.724322e+04	-1.114220e+01
1.734281e+04	-1.118528e+01
1.744299e+04	-1.121343e+01
1.754374e+04	-1.125176e+01
1.764507e+04	-1.132326e+01
1.774698e+04	-1.136862e+01
1.784949e+04	-1.139032e+01
1.795259e+04	-1.145819e+01
1.805628e+04	-1.147456e+01
1.816057e+04	-1.153893e+01
1.826547e+04	-1.157891e+01
1.837097e+04	-1.163969e+01
1.847708e+04	-1.167067e+01
1.858380e+04	-1.170190e+01
1.869114e+04	-1.177168e+01
1.879910e+04	-1.178959e+01
1.890768e+04	-1.184461e+01
1.901689e+04	-1.189039e+01
1.912673e+04	-1.193981e+01
1.923721e+04	-1.196984e+01
1.934832e+04	-1.200820e+01
1.946008e+04	-1.207643e+01
1.957248e+04	-1.210866e+01
1.968553e+04	-1.214203e+01
1.979923e+04	-1.220550e+01
1.991359e+04	-1.225130e+01
2.002861e+04	-1.227650e+01
2.014430e+04	-1.233613e+01
2.026065e+04	-1.235981e+01
2.037767e+04	-1.242665e+01
2.049537e+04	-1.248376e+01
2.061375e+04	-1.253290e+01
2.073282e+04	-1.255349e+01
2.085257e+04	-1.260779e+01
2.097301e+04	-1.265296e+01
2.109415e+04	-1.269944e+01
2.121599e+04	-1.275367e+01
2.133853e+04	-1.277983e+01
2.146178e+04	-1.281786e+01
2.158575e+04	-1.287144e+01
2.171043e+04	-1.290548e+01
2.183582e+04	-1.296624e+01
2.196195e+04	-1.299435e+01
2.208880e+04	-1.305097e+01
2.221638e+04	-1.310514e+01
2.234470e+04	-1.314702e+01
2.247377e+04	-1.316934e+01
2.260357e+04	-1.323026e+01
2.273413e+04	-1.327538e+01
2.286544e+04	-1.330890e+01
2.299751e+04	-1.335626e+01
2.313034e+04	-1.341926e+01
2.326394e+04	-1.345251e+01
2.339832e+04	-1.350227e+01
2.353346e+04	-1.355051e+01
2.366939e+04	-1.358654e+01
2.380610e+04	-1.364437e+01
2.394361e+04	-1.366635e+01
2.408191e+04	-1.370095e+01
2.422100e+04	-1.378182e+01
2.436090e+04	-1.380073e+01
2.450161e+04	-1.386404e+01
2.464313e+04	-1.391729e+01
2.478547e+04	-1.394599e+01
2.492863e+04	-1.398688e+01
2.507261e+04	-1.403795e+01
2.521743e+04	-1.408436e+01
2.536309e+04	-1.410784e+01
2.550958e+04	-1.415980e+01
2.565692e+04	-1.421012e+01
2.580512e+04	-1.424105e+01
2.595417e+04	-1.429944e+01
2.610408e+04	-1.432306e+01
2.625485e+04	-1.437360e+01
2.640650e+04	-1.443119e+01
2.655902e+04	-1.447169e+01
2.671243e+04	-1.451021e+01
2.686672e+04	-1.458063e+01
2.702190e+04	-1.461401e+01
2.717798e+04	-1.464501e+01
2.733495e+04	-1.468112e+01
2.749284e+04	-1.470981e+01
2.765164e+04	-1.474619e+01
2.781135e+04	-1.482030e+01
2.797199e+04	-1.484944e+01
2.813355e+04	-1.490636e+01
2.829605e+04	-1.495171e+01
2.845949e+04	-1.500031e+01
2.862387e+04	-1.503494e+01
2.878920e+04	-1.506910e+01
2.895549e+04	-1.511521e+01
2.912273e+04	-1.517869e+01
2.929094e+04	-1.519671e+01
2.946013e+04	-1.524802e+01
2.963029e+04	-1.530018e+01
2.980143e+04	-1.534292e+01
2.997356e+04	-1.537049e+01
3.014669e+04	-1.543783e+01
3.032081e+04	-1.546701e+01
3.049595e+04	-1.551734e+01
3.067209e+04	-1.554795e+01
3.084925e+04	-1.559267e+01
3.102743e+04	-1.562275e+01
3.120665e+04	-1.567575e+01
3.138690e+04	-1.572648e+01
3.156819e+04	-1.574591e+01
3.175052e+04	-1.579314e+01
3.193391e+04	-1.584401e+01
3.211836e+04	-1.586749e+01
3.230388e+04	-1.593313e+01
3.249046e+04	-1.596172e+01
3.267812e+04	-1.601960e+01
3.286687e+04	-1.605313e+01
3.305671e+04	-1.611173e+01
3.324764e+04	-1.614196e+01
3.343968e+04	-1.618427e+01
3.363283e+04	-1.623814e+01
3.382709e+04	-1.627465e+01
3.402247e+04	-1.632097e+01
3.421899e+04	-1.635389e+01
3.441663e+04	-1.638444e+01
3.461542e+04	-1.644427e+01
3.481536e+04	-1.647306e+01
3.501645e+04	-1.652905e+01
3.521871e+04	-1.654310e+01
3.542213e+04	-1.660043e+01
3.562672e+04	-1.662245e+01
3.583250e+04	-1.668670e+01
3.603947e+04	-1.670962e+01
3.624763e+04	-1.677405e+01
3.645700e+04	-1.678345e+01
3.666757e+04	-1.682684e+01
3.687936e+04	-1.687091e+01
3.709238e+04	-1.691542e+01
3.730662e+04	-1.697971e+01
3.752210e+04	-1.701230e+01
3.773883e+04	-1.704373e+01
3.795680e+04	-1.707028e+01
3.817604e+04	-1.712922e+01
3.839654e+04	-1.713500e+01
3.861832e+04	-1.719738e+01
3.884138e+04	-1.723174e+01
3.906573e+04	-1.726794e+01
3.929137e+04	-1.730695e+01
3.951831e+04	-1.736209e+01
3.974657e+04	-1.739145e+01
3.997614e+04	-1.743165e+01
4.020704e+04	-1.747593e+01
4.043928e+04	-1.750009e+01
4.067285e+04	-1.753793e+01
4.090778e+04	-1.756322e+01
4.114406e+04	-1.761999e+01
4.138171e+04	-1.767107e+01
4.162073e+04	-1.771186e+01
4.186113e+04	-1.775153e+01
4.210291e+04	-1.777376e+01
4.234610e+04	-1.780870e+01
4.259069e+04	-1.787046e+01
4.283669e+04	-1.787065e+01
4.308411e+04	-1.794248e+01
4.333297e+04	-1.796111e+01
4.358325e+04	-1.799407e+01
4.383499e+04	-1.802368e+01
4.408818e+04	-1.807519e+01
4.434283e+04	-1.808226e+01
4.459895e+04	-1.812515e+01
4.485655e+04	-1.816737e+01
4.511564e+04	-1.821411e+01
4.537623e+04	-1.825352e+01
4.563832e+04	-1.827610e+01
4.590193e+04	-1.831436e+01
4.616705e+04	-1.835488e+01
4.643371e+04	-1.837921e+01
4.670191e+04	-1.843289e+01
4.697166e+04	-1.845269e+01
4.724297e+04	-1.848746e+01
4.751584e+04	-1.853616e+01
4.779029e+04	-1.856839e+01
4.806633e+04	-1.860718e+01
4.834395e+04	-1.863248e+01
4.862319e+04	-1.867847e+01
4.890403e+04	-1.871187e+01
4.918650e+04	-1.873193e+01
4.947060e+04	-1.877292e+01
4.975634e+04	-1.880605e+01
5.004373e+04	-1.882119e+01
5.033278e+04	-1.885092e+01
5.062350e+04	-1.890051e+01
5.091590e+04	-1.891886e+01
5.120999e+04	-1.894580e+01
5.150578e+04	-1.897786e+01
5.180327e+04	-1.902207e+01
5.210248e+04	-1.906746e+01
5.240343e+04	-1.907492e+01
5.270611e+04	-1.911136e+01
5.301053e+04	-1.915132e+01
5.331672e+04	-1.919832e+01
5.362468e+04	-1.919875e+01
5.393441e+04	-1.920812e+01
5.424593e+04	-1.929467e+01
5.455926e+04	-1.930704e+01
5.487439e+04	-1.931822e+01
5.519134e+04	-1.935992e+01
5.551012e+04	-1.937745e+01
5.583075e+04	-1.941688e+01
5.615322e+04	-1.943388e+01
5.647756e+04	-1.945057e+01
5.680377e+04	-1.949462e+01
5.713187e+04	-1.954396e+01
5.746186e+04	-1.955477e+01
5.779376e+04	-1.957496e+01
5.812757e+04	-1.960151e+01
5.846332e+04	-1.962795e+01
5.880100e+04	-1.964254e+01
5.914063e+04	-1.966854e+01
5.948222e+04	-1.968807e+01
5.982579e+04	-1.973461e+01
6.017134e+04	-1.973894e+01
6.051889e+04	-1.978418e+01
6.086844e+04	-1.979698e+01
6.122002e+04	-1.980489e+01
6.157362e+04	-1.985286e+01
6.192927e+04	-1.985580e+01
6.228697e+04	-1.990606e+01
6.264674e+04	-1.991529e+01
6.300858e+04	-1.991498e+01
6.337252e+04	-1.995620e+01
6.373855e+04	-1.999429e+01
6.410670e+04	-1.999136e+01
6.447698e+04	-2.002109e+01
6.484940e+04	-2.001676e+01
6.522397e+04	-2.004588e+01
6.560070e+04	-2.007566e+01
6.597960e+04	-2.009066e+01
6.636070e+04	-2.010642e+01
6.674400e+04	-2.011014e+01
6.712951e+04	-2.013573e+01
6.751724e+04	-2.017446e+01
6.790722e+04	-2.017928e+01
6.829945e+04	-2.019425e+01
6.869395e+04	-2.021155e+01
6.909072e+04	-2.022552e+01
6.948978e+04	-2.024777e+01
6.989115e+04	-2.025967e+01
7.029484e+04	-2.026951e+01
7.070086e+04	-2.026746e+01
7.110923e+04	-2.028046e+01
7.151995e+04	-2.029222e+01
7.193305e+04	-2.029888e+01
7.234853e+04	-2.033269e+01
7.276641e+04	-2.033046e+01
7.318671e+04	-2.033696e+01
7.360943e+04	-2.034762e+01
7.403460e+04	-2.036434e+01
7.446222e+04	-2.036642e+01
7.489231e+04	-2.037490e+01
7.532488e+04	-2.040298e+01
7.575996e+04	-2.038554e+01
7.619754e+04	-2.041636e+01
7.663766e+04	-2.041481e+01
7.708031e+04	-2.042436e+01
7.752553e+04	-2.042657e+01
7.797331e+04	-2.041056e+01
7.842368e+04	-2.043053e+01
7.887665e+04	-2.039648e+01
7.933224e+04	-2.041468e+01
7.979046e+04	-2.043127e+01
8.025133e+04	-2.043716e+01
8.071486e+04	-2.043549e+01
8.118106e+04	-2.042581e+01
8.164996e+04	-2.041084e+01
8.212157e+04	-2.040997e+01
8.259590e+04	-2.041617e+01
8.307297e+04	-2.040802e+01
8.355279e+04	-2.041960e+01
8.403539e+04	-2.038379e+01
8.452078e+04	-2.040435e+01
8.500897e+04	-2.039180e+01
8.549997e+04	-2.037847e+01
8.599382e+04	-2.037343e+01
8.649052e+04	-2.034924e+01
8.699008e+04	-2.036108e+01
8.749253e+04	-2.033997e+01
8.799789e+04	-2.035229e+01
8.850616e+04	-2.031502e+01
8.901737e+04	-2.029141e+01
8.953153e+04	-2.028135e+01
9.004866e+04	-2.026853e+01
9.056877e+04	-2.023865e+01
9.109190e+04	-2.023518e+01
9.161804e+04	-2.021133e+01
9.214722e+04	-2.018870e+01
9.267946e+04	-2.015368e+01
9.321477e+04	-2.013815e+01
9.375318e+04	-2.012831e+01
9.429469e+04	-2.008304e+01
9.483933e+04	-2.007734e+01
9.538712e+04	-2.002634e+01
9.593807e+04	-1.999626e+01
9.649221e+04	-1.996455e+01
9.704954e+04	-1.993546e+01
9.761010e+04	-1.989589e+01
9.817389e+04	-1.988148e+01
9.874094e+04	-1.983114e+01
9.931126e+04	-1.980753e+01
9.988488e+04	-1.975725e+01
1.004618e+05	-1.971353e+01
1.010421e+05	-1.966903e+01
1.016257e+05	-1.960740e+01
1.022127e+05	-1.957767e+01
1.028031e+05	-1.953787e+01
1.033968e+05	-1.948949e+01
1.039941e+05	-1.944009e+01
1.045947e+05	-1.939061e+01
1.051989e+05	-1.934165e+01
1.058065e+05	-1.927571e+01
1.064176e+05	-1.920051e+01
1.070323e+05	-1.914678e+01
1.076505e+05	-1.908926e+01
1.082723e+05	-1.898765e+01
1.088977e+05	-1.896394e+01
1.095266e+05	-1.886376e+01
1.101593e+05	-1.881939e+01
1.107955e+05	-1.875085e+01
1.114355e+05	-1.866080e+01
1.120791e+05	-1.858236e+01
1.127265e+05	-1.851989e+01
1.133776e+05	-1.841343e+01
1.140325e+05	-1.834489e+01
1.146911e+05	-1.822498e+01
1.153536e+05	-1.814555e+01
1.160198e+05	-1.804438e+01
1.166900e+05	-1.794581e+01
1.173640e+05	-1.785862e+01
1.180419e+05	-1.774423e+01
1.187237e+05	-1.762968e+01
1.194094e+05	-1.751092e+01
1.200991e+05	-1.740174e+01
1.207928e+05	-1.727771e+01
1.214905e+05	-1.715833e+01
1.221922e+05	-1.704319e+01
1.228980e+05	-1.689117e+01
1.236078e+05	-1.675435e+01
1.243218e+05	-1.661482e+01
1.250399e+05	-1.647140e+01
1.257621e+05	-1.632477e+01
1.264885e+05	-1.615201e+01
1.272191e+05	-1.598412e+01
1.279539e+05	-1.584050e+01
1.286930e+05	-1.564421e+01
1.294363e+05	-1.544418e+01
1.301839e+05	-1.529642e+01
1.309358e+05	-1.508271e+01
1.316921e+05	-1.488500e+01
1.324528e+05	-1.465874e+01
1.332178e+05	-1.442992e+01
1.339873e+05	-1.420573e+01
1.347612e+05	-1.397119e+01
1.355395e+05	-1.372653e+01
1.363224e+05	-1.347217e+01
1.371098e+05	-1.318312e+01
1.379018e+05	-1.292013e+01
1.386983e+05	-1.260166e+01
1.394994e+05	-1.229481e+01
1.403051e+05	-1.199074e+01
1.411155e+05	-1.163120e+01
1.419306e+05	-1.127129e+01
1.427504e+05	-1.086880e+01
1.435749e+05	-1.049630e+01
1.444042e+05	-1.007004e+01
1.452383e+05	-9.616958e+00
1.460772e+05	-9.145579e+00
1.469209e+05	-8.661371e+00
1.477695e+05	-8.121945e+00
1.486230e+05	-7.563659e+00
1.494814e+05	-6.950741e+00
1.503448e+05	-6.320953e+00
1.512132e+05	-5.647982e+00
1.520866e+05	-4.926760e+00
1.529651e+05	-4.168787e+00
1.538486e+05	-3.410738e+00
1.547372e+05	-2.578643e+00
1.556310e+05	-1.813931e+00
1.565299e+05	-1.095928e+00
1.574340e+05	-5.278365e-01
1.583433e+05	-1.829479e-01
1.592579e+05	-1.487212e-01
1.601778e+05	-4.059056e-01
1.611030e+05	-9.195194e-01
1.620335e+05	-1.643546e+00
1.629694e+05	-2.462962e+00
1.639107e+05	-3.321248e+00
1.648574e+05	-4.157020e+00
1.658097e+05	-4.985362e+00
1.667674e+05	-5.794220e+00
1.677306e+05	-6.527941e+00
1.686994e+05	-7.231217e+00
1.696738e+05	-7.900342e+00
1.706538e+05	-8.545454e+00
1.716395e+05	-9.148523e+00
1.726309e+05	-9.733228e+00
1.736280e+05	-1.023956e+01
1.746309e+05	-1.076095e+01
1.756395e+05	-1.125260e+01
1.766540e+05	-1.170407e+01
1.776744e+05	-1.213584e+01
1.787006e+05	-1.255105e+01
1.797328e+05	-1.293300e+01
1.807709e+05	-1.333458e+01
1.818150e+05	-1.368500e+01
1.828652e+05	-1.403685e+01
1.839214e+05	-1.437430e+01
1.849837e+05	-1.469304e+01
1.860522e+05	-1.499707e+01
1.871268e+05	-1.531147e+01
1.882077e+05	-1.557923e+01
1.892948e+05	-1.586570e+01
1.903881e+05	-1.611208e+01
1.914878e+05	-1.636993e+01
1.925938e+05	-1.663884e+01
1.937062e+05	-1.685482e+01
1.948251e+05	-1.708295e+01
1.959504e+05	-1.729931e+01
1.970822e+05	-1.750221e+01
1.982205e+05	-1.773145e+01
1.993654e+05	-1.791379e+01
2.005169e+05	-1.810118e+01
2.016751e+05	-1.827143e+01
2.028400e+05	-1.843050e+01
2.040116e+05	-1.859129e+01
2.051899e+05	-1.876621e+01
2.063751e+05	-1.893235e+01
2.075671e+05	-1.907746e+01
2.087660e+05	-1.922223e+01
2.099719e+05	-1.934801e+01
2.111846e+05	-1.946870e+01
2.124044e+05	-1.958171e+01
2.136313e+05	-1.971494e+01
2.148652e+05	-1.982956e+01
2.161063e+05	-1.992267e+01
2.173545e+05	-2.001999e+01
2.186099e+05	-2.014215e+01
2.198726e+05	-2.019193e+01
2.211426e+05	-2.029182e+01
2.224199e+05	-2.035431e+01
2.237046e+05	-2.043857e+01
2.249967e+05	-2.049156e+01
2.262962e+05	-2.055037e+01
2.276033e+05	-2.060495e+01
2.289179e+05	-2.064195e+01
2.302402e+05	-2.068338e+01
2.315700e+05	-2.072012e+01
2.329076e+05	-2.075602e+01
2.342528e+05	-2.076426e+01
2.356059e+05	-2.078270e+01
2.369667e+05	-2.078774e+01
2.383354e+05	-2.077575e+01
2.397120e+05	-2.079259e+01
2.410966e+05	-2.074923e+01
2.424892e+05	-2.074330e+01
2.438898e+05	-2.071065e+01
2.452985e+05	-2.067568e+01
2.467153e+05	-2.065907e+01
2.481403e+05	-2.058735e+01
2.495736e+05	-2.051945e+01
2.510151e+05	-2.047738e+01
2.524650e+05	-2.040279e+01
2.539232e+05	-2.031826e+01
2.553898e+05	-2.019569e+01
2.568650e+05	-2.010460e+01
2.583486e+05	-1.999553e+01
2.598408e+05	-1.988958e+01
2.613416e+05	-1.974952e+01
2.628511e+05	-1.959294e+01
2.643694e+05	-1.944998e+01
2.658963e+05	-1.927703e+01
2.674321e+05	-1.910815e+01
2.689768e+05	-1.892442e+01
2.705304e+05	-1.867408e+01
2.720930e+05	-1.846895e+01
2.736646e+05	-1.820353e+01
2.752453e+05	-1.796958e+01
2.768351e+05	-1.766489e+01
2.784341e+05	-1.737953e+01
2.800423e+05	-1.705776e+01
2.816598e+05	-1.670467e+01
2.832867e+05	-1.633002e+01
2.849229e+05	-1.591789e+01
2.865686e+05	-1.544636e+01
2.882238e+05	-1.498588e+01
2.898886e+05	-1.448629e+01
2.915630e+05	-1.390419e+01
2.932470e+05	-1.328250e+01
2.949408e+05	-1.261897e+01
2.966444e+05	-1.187946e+01
2.983578e+05	-1.103068e+01
3.000811e+05	-1.008355e+01
3.018143e+05	-9.039126e+00
3.035576e+05	-7.841116e+00
3.053109e+05	-6.464134e+00
3.070744e+05	-4.901717e+00
3.088481e+05	-3.140496e+00
3.106320e+05	-1.303502e+00
3.124261e+05	7.793901e-02
3.142307e+05	1.438386e-01
3.160457e+05	-1.163086e+00
3.178712e+05	-3.042539e+00
3.197072e+05	-4.892152e+00
3.215538e+05	-6.554946e+00
3.234111e+05	-8.029135e+00
3.252791e+05	-9.312089e+00
3.271579e+05	-1.043026e+01
3.290475e+05	-1.145935e+01
3.309481e+05	-1.237180e+01
3.328596e+05	-1.317820e+01
3.347822e+05	-1.392727e+01
3.367159e+05	-1.460786e+01
3.386608e+05	-1.522991e+01
3.406169e+05	-1.582216e+01
3.425842e+05	-1.632284e+01
3.445630e+05	-1.682813e+01
3.465532e+05	-1.726845e+01
3.485549e+05	-1.769482e+01
3.505681e+05	-1.807829e+01
3.525930e+05	-1.843907e+01
3.546295e+05	-1.877269e+01
3.566778e+05	-1.908807e+01
3.587380e+05	-1.936799e+01
3.608101e+05	-1.960649e+01
3.628941e+05	-1.985974e+01
3.649901e+05	-2.007342e+01
3.670983e+05	-2.024893e+01
3.692187e+05	-2.045462e+01
3.713513e+05	-2.058927e+01
3.734962e+05	-2.073172e+01
3.756535e+05	-2.087132e+01
3.778232e+05	-2.095889e+01
3.800055e+05	-2.103304e+01
3.822004e+05	-2.107056e+01
3.844080e+05	-2.113137e+01
3.866283e+05	-2.111390e+01
3.888615e+05	-2.114197e+01
3.911075e+05	-2.111185e+01
3.933665e+05	-2.107332e+01
3.956386e+05	-2.100797e+01
3.979238e+05	-2.091389e+01
4.002222e+05	-2.080503e+01
4.025338e+05	-2.065948e+01
4.048589e+05	-2.051764e+01
4.071973e+05	-2.029317e+01
4.095493e+05	-2.009391e+01
4.119148e+05	-1.982546e+01
4.142940e+05	-1.954963e+01
4.166870e+05	-1.921430e+01
4.190937e+05	-1.885444e+01
4.215144e+05	-1.845106e+01
4.239490e+05	-1.797212e+01
4.263978e+05	-1.743486e+01
4.288606e+05	-1.689032e+01
4.313377e+05	-1.620573e+01
4.338291e+05	-1.546618e+01
4.363349e+05	-1.462232e+01
4.388551e+05	-1.362843e+01
4.413899e+05	-1.249793e+01
4.439394e+05	-1.113589e+01
4.465035e+05	-9.557734e+00
4.490825e+05	-7.583651e+00
4.516764e+05	-5.165480e+00
4.542853e+05	-2.363739e+00
4.569092e+05	-3.181388e-01
4.595483e+05	-1.428051e+00
4.622026e+05	-4.284925e+00
4.648723e+05	-6.960482e+00
4.675574e+05	-9.148409e+00
4.702580e+05	-1.092906e+01
4.729742e+05	-1.242606e+01
4.757060e+05	-1.370776e+01
4.784537e+05	-1.479201e+01
4.812172e+05	-1.574632e+01
4.839967e+05	-1.656139e+01
4.867923e+05	-1.731548e+01
4.896040e+05	-1.795331e+01
4.924319e+05	-1.853636e+01
4.952762e+05	-1.903621e+01
4.981369e+05	-1.948000e+01
5.010141e+05	-1.985846e+01
5.039079e+05	-2.019508e+01
5.068185e+05	-2.044502e+01
5.097458e+05	-2.069477e+01
5.126901e+05	-2.089590e+01
5.156514e+05	-2.102177e+01
5.186298e+05	-2.110521e+01
5.216253e+05	-2.115002e+01
5.246382e+05	-2.113983e+01
5.276685e+05	-2.110920e+01
5.307163e+05	-2.097596e+01
5.337817e+05	-2.082780e+01
5.368648e+05	-2.061834e+01
5.399657e+05	-2.033650e+01
5.430845e+05	-2.000173e+01
5.462214e+05	-1.958130e+01
5.493763e+05	-1.907370e+01
5.525495e+05	-1.844971e+01
5.557410e+05	-1.774386e+01
5.589509e+05	-1.684136e+01
5.621794e+05	-1.580750e+01
5.654265e+05	-1.455996e+01
5.686924e+05	-1.300335e+01
5.719772e+05	-1.099025e+01
5.752809e+05	-8.332899e+00
5.786037e+05	-4.663655e+00
5.819457e+05	-4.908477e-01
5.853070e+05	-1.817524e+00
5.886877e+05	-6.265649e+00
5.920879e+05	-9.699552e+00
5.955078e+05	-1.223410e+01
5.989474e+05	-1.419240e+01
6.024069e+05	-1.577999e+01
6.058864e+05	-1.707483e+01
6.093860e+05	-1.817789e+01
6.129058e+05	-1.908546e+01
6.164459e+05	-1.986554e+01
6.200064e+05	-2.051598e+01
6.235876e+05	-2.105009e+01
6.271894e+05	-2.148025e+01
6.308120e+05	-2.180913e+01
6.344555e+05	-2.210142e+01
6.381201e+05	-2.226680e+01
6.418059e+05	-2.235350e+01
6.455129e+05	-2.235896e+01
6.492414e+05	-2.224849e+01
6.529914e+05	-2.206008e+01
6.567630e+05	-2.177502e+01
6.605565e+05	-2.133162e+01
6.643718e+05	-2.080775e+01
6.682092e+05	-2.008290e+01
6.720688e+05	-1.918773e+01
6.759506e+05	-1.805623e+01
6.798549e+05	-1.658079e+01
6.837817e+05	-1.467906e+01
6.877312e+05	-1.204485e+01
6.917035e+05	-8.172253e+00
6.956987e+05	-1.974247e+00
6.997171e+05	-2.143827e+00
7.037586e+05	-8.422074e+00
7.078235e+05	-1.242517e+01
7.119118e+05	-1.517350e+01
7.160238e+05	-1.719162e+01
7.201595e+05	-1.872846e+01
7.243191e+05	-1.995536e+01
7.285028e+05	-2.090396e+01
7.327106e+05	-2.164908e+01
7.369427e+05	-2.217544e+01
7.411992e+05	-2.252815e+01
7.454804e+05	-2.274514e+01
7.497862e+05	-2.275811e+01
7.541170e+05	-2.261052e+01
7.584727e+05	-2.227808e+01
7.628536e+05	-2.172394e+01
7.672598e+05	-2.091845e+01
7.716915e+05	-1.976846e+01
7.761488e+05	-1.818571e+01
7.806318e+05	-1.593918e+01
7.851407e+05	-1.259663e+01
7.896756e+05	-6.781870e+00
7.942367e+05	-6.830882e-01
7.988242e+05	-9.345315e+00
8.034382e+05	-1.433595e+01
8.080788e+05	-1.742163e+01
8.127463e+05	-1.957815e+01
8.174406e+05	-2.113976e+01
8.221621e+05	-2.225770e+01
8.269109e+05	-2.304816e+01
8.316871e+05	-2.353436e+01
8.364909e+05	-2.367693e+01
8.413225e+05	-2.354855e+01
8.461819e+05	-2.309450e+01
8.510694e+05	-2.221738e+01
8.559852e+05	-2.087900e+01
8.609293e+05	-1.877957e+01
8.659020e+05	-1.537250e+01
8.709034e+05	-8.957210e+00
8.759337e+05	-2.064990e+00
8.809931e+05	-1.280974e+01
8.860816e+05	-1.772598e+01
8.911996e+05	-2.069005e+01
8.963471e+05	-2.260043e+01
9.015244e+05	-2.383159e+01
9.067316e+05	-2.451600e+01
9.119688e+05	-2.468698e+01
9.172363e+05	-2.433337e+01
9.225342e+05	-2.332858e+01
9.278628e+05	-2.147670e+01
9.332221e+05	-1.815425e+01
9.386123e+05	-1.119964e+01
9.440337e+05	-5.195088e+00
9.494864e+05	-1.653686e+01
9.549706e+05	-2.121534e+01
9.604865e+05	-2.381576e+01
9.660342e+05	-2.527739e+01
9.716140e+05	-2.582336e+01
9.772260e+05	-2.548864e+01
9.828704e+05	-2.406940e+01
9.885474e+05	-2.096704e+01
9.942572e+05	-1.361865e+01
1.000000e+06	-9.452536e+00
