Frequency(Hz)	Magnitude(dB)
1.000000e+01	9.145340e-03
1.005776e+01	-7.124382e-03
1.011585e+01	1.085762e-02
1.017428e+01	-6.594889e-03
1.023305e+01	-1.156871e-02
1.029215e+01	-1.234675e-02
1.035160e+01	3.662057e-03
1.041139e+01	-1.145326e-02
1.047153e+01	1.297979e-02
1.053201e+01	-1.712693e-02
1.059284e+01	5.637553e-03
1.065403e+01	1.795836e-03
1.071556e+01	1.699154e-02
1.077746e+01	-5.938135e-03
1.083971e+01	-1.275657e-02
1.090232e+01	-4.006720e-03
1.096529e+01	1.734818e-02
1.102862e+01	-1.731303e-02
1.109232e+01	-6.527541e-03
1.115639e+01	-7.742574e-03
1.122083e+01	-7.214866e-03
1.128564e+01	-1.308690e-02
1.135083e+01	2.029056e-03
1.141639e+01	-3.928702e-03
1.148233e+01	-1.023783e-02
1.154865e+01	1.020736e-02
1.161536e+01	-1.137268e-02
1.168245e+01	-2.231818e-02
1.174992e+01	-3.367136e-03
1.181779e+01	-3.651043e-03
1.188605e+01	-8.889298e-03
1.195470e+01	2.315779e-03
1.202375e+01	2.524962e-03
1.209320e+01	1.192450e-02
1.216305e+01	2.923020e-03
1.223330e+01	-4.000787e-03
1.230396e+01	1.212254e-02
1.237503e+01	-8.594933e-03
1.244651e+01	8.061653e-04
1.251840e+01	-1.442415e-02
1.259070e+01	-8.542247e-03
1.266343e+01	2.616744e-02
1.273657e+01	-1.031244e-02
1.281014e+01	-2.062516e-02
1.288413e+01	1.286532e-02
1.295855e+01	1.173151e-02
1.303339e+01	8.216136e-03
1.310867e+01	-6.338499e-04
1.318439e+01	-8.593372e-03
1.326054e+01	5.258632e-03
1.333713e+01	-1.297317e-02
1.341417e+01	-1.914270e-02
1.349165e+01	-8.569779e-03
1.356958e+01	8.848168e-03
1.364795e+01	3.257486e-03
1.372678e+01	4.532892e-03
1.380607e+01	7.215470e-03
1.388581e+01	9.773005e-03
1.396602e+01	1.150009e-03
1.404668e+01	-1.385579e-02
1.412782e+01	-7.281358e-03
1.420942e+01	-1.210383e-02
1.429149e+01	-5.404226e-04
1.437404e+01	5.285879e-03
1.445706e+01	-3.880527e-03
1.454057e+01	4.962245e-03
1.462455e+01	5.485137e-03
1.470902e+01	1.281788e-02
1.479398e+01	1.487164e-02
1.487943e+01	5.921451e-03
1.496537e+01	-4.798431e-03
1.505181e+01	-2.168280e-03
1.513875e+01	3.355048e-03
1.522619e+01	1.609776e-02
1.531414e+01	4.359199e-04
1.540259e+01	7.263152e-03
1.549156e+01	-3.666442e-03
1.558103e+01	-3.643040e-03
1.567103e+01	3.533958e-03
1.576155e+01	2.366145e-03
1.585258e+01	5.797057e-03
1.594415e+01	3.303961e-03
1.603624e+01	5.588244e-03
1.612886e+01	-5.853320e-04
1.622202e+01	-3.249850e-03
1.631572e+01	-1.449381e-02
1.640996e+01	-2.772841e-03
1.650474e+01	-1.401534e-02
1.660008e+01	3.517654e-03
1.669596e+01	3.856064e-03
1.679239e+01	1.430338e-02
1.688938e+01	-1.991288e-02
1.698694e+01	-1.208773e-02
1.708505e+01	5.106183e-04
1.718373e+01	-9.454624e-03
1.728299e+01	1.415956e-03
1.738281e+01	1.542860e-03
1.748322e+01	1.095979e-02
1.758420e+01	-8.722597e-03
1.768576e+01	-3.790913e-03
1.778792e+01	-2.717132e-02
1.789066e+01	-4.458839e-03
1.799399e+01	2.251522e-03
1.809793e+01	-1.849648e-02
1.820246e+01	-1.147124e-02
1.830760e+01	-1.666289e-02
1.841334e+01	4.368607e-03
1.851969e+01	4.268311e-03
1.862666e+01	2.286456e-03
1.873425e+01	8.915419e-04
1.884246e+01	1.826167e-02
1.895129e+01	-3.781331e-03
1.906075e+01	6.106310e-04
1.917085e+01	7.134809e-03
1.928158e+01	-1.160294e-02
1.939295e+01	6.010715e-03
1.950496e+01	8.307339e-03
1.961762e+01	-1.766640e-02
1.973093e+01	1.256939e-02
1.984490e+01	7.932423e-03
1.995952e+01	-2.190325e-03
2.007480e+01	1.655577e-02
2.019076e+01	1.486178e-03
2.030738e+01	-8.257617e-05
2.042467e+01	-1.483508e-04
2.054264e+01	1.008561e-02
2.066130e+01	6.344498e-03
2.078064e+01	7.852297e-04
2.090066e+01	5.218809e-03
2.102139e+01	9.688790e-03
2.114280e+01	2.689852e-02
2.126492e+01	1.385189e-02
2.138775e+01	-6.789866e-03
2.151128e+01	1.756352e-02
2.163553e+01	5.154944e-03
2.176050e+01	-9.479512e-03
2.188619e+01	9.021035e-03
2.201260e+01	7.804195e-03
2.213974e+01	4.264037e-03
2.226762e+01	-1.838320e-02
2.239624e+01	-1.429363e-02
2.252560e+01	3.426427e-03
2.265571e+01	7.173535e-03
2.278656e+01	-3.029692e-03
2.291818e+01	8.470441e-03
2.305055e+01	-9.976122e-03
2.318369e+01	-6.754322e-03
2.331760e+01	-2.668979e-03
2.345228e+01	6.655743e-03
2.358774e+01	4.587322e-03
2.372398e+01	1.093971e-03
2.386101e+01	-4.416665e-05
2.399883e+01	7.765770e-03
2.413745e+01	1.681090e-02
2.427686e+01	1.082939e-04
2.441709e+01	-5.002673e-03
2.455812e+01	-6.293481e-03
2.469997e+01	-4.929688e-03
2.484263e+01	-1.211949e-02
2.498612e+01	7.099930e-03
2.513044e+01	1.047506e-02
2.527559e+01	4.336650e-03
2.542158e+01	2.800757e-04
2.556842e+01	-1.011109e-02
2.571610e+01	-8.757618e-03
2.586463e+01	1.241170e-03
2.601403e+01	-7.230264e-03
2.616428e+01	1.173086e-02
2.631541e+01	1.963254e-03
2.646740e+01	2.831675e-03
2.662028e+01	4.548848e-03
2.677404e+01	2.486126e-03
2.692868e+01	-2.126478e-03
2.708422e+01	-7.868660e-03
2.724066e+01	-8.715638e-03
2.739800e+01	-8.232521e-03
2.755625e+01	2.087216e-02
2.771541e+01	1.050584e-02
2.787550e+01	3.225046e-03
2.803650e+01	-2.006858e-03
2.819844e+01	2.051444e-03
2.836131e+01	-1.562067e-03
2.852513e+01	1.156630e-02
2.868989e+01	1.390065e-02
2.885560e+01	-4.676000e-03
2.902227e+01	3.603814e-03
2.918990e+01	-1.011054e-02
2.935850e+01	-9.864482e-03
2.952807e+01	1.178421e-02
2.969863e+01	-1.945652e-03
2.987016e+01	-6.517043e-03
3.004269e+01	1.415268e-02
3.021622e+01	-1.374161e-02
3.039075e+01	2.756998e-03
3.056628e+01	9.346273e-03
3.074283e+01	-3.732402e-03
3.092040e+01	1.234168e-02
3.109900e+01	1.084774e-02
3.127862e+01	-7.625137e-03
3.145929e+01	3.756490e-04
3.164099e+01	-4.003600e-03
3.182375e+01	-1.038126e-02
3.200756e+01	3.557982e-03
3.219244e+01	-2.947530e-04
3.237838e+01	-4.689792e-03
3.256540e+01	6.412410e-03
3.275349e+01	3.255146e-03
3.294268e+01	2.016647e-02
3.313295e+01	1.610788e-02
3.332433e+01	1.505728e-02
3.351681e+01	2.745162e-03
3.371040e+01	6.006458e-04
3.390511e+01	1.096272e-03
3.410094e+01	6.358139e-03
3.429791e+01	-3.957836e-03
3.449601e+01	1.427863e-02
3.469526e+01	-5.017629e-03
3.489566e+01	1.118078e-02
3.509721e+01	-3.824347e-03
3.529993e+01	-2.067598e-03
3.550382e+01	1.302219e-03
3.570889e+01	-6.264761e-03
3.591515e+01	9.937557e-03
3.612259e+01	2.012785e-04
3.633123e+01	-1.874521e-03
3.654108e+01	3.816174e-03
3.675214e+01	1.124898e-02
3.696442e+01	-6.349351e-03
3.717792e+01	2.106005e-02
3.739266e+01	-1.316812e-03
3.760864e+01	-6.125428e-03
3.782587e+01	1.439348e-03
3.804435e+01	-7.221900e-03
3.826409e+01	1.089225e-02
3.848510e+01	-3.742885e-03
3.870739e+01	3.772962e-04
3.893096e+01	-1.658252e-02
3.915583e+01	-1.803164e-02
3.938199e+01	7.681427e-03
3.960946e+01	-1.962641e-02
3.983824e+01	-4.029670e-03
4.006834e+01	-4.596143e-03
4.029978e+01	1.199953e-02
4.053255e+01	1.658828e-02
4.076666e+01	-1.414334e-02
4.100213e+01	-5.372551e-03
4.123896e+01	2.018830e-02
4.147715e+01	-8.397056e-04
4.171672e+01	-1.659022e-02
4.195767e+01	-4.116777e-03
4.220002e+01	1.419170e-03
4.244377e+01	-4.264474e-03
4.268892e+01	-1.207143e-02
4.293549e+01	3.723416e-03
4.318348e+01	1.562910e-03
4.343291e+01	1.023839e-02
4.368377e+01	1.202517e-02
4.393609e+01	9.517808e-03
4.418986e+01	2.718031e-03
4.444510e+01	1.342309e-02
4.470182e+01	-9.978363e-03
4.496001e+01	-6.752899e-03
4.521970e+01	-1.251529e-02
4.548089e+01	6.811203e-03
4.574358e+01	9.617734e-03
4.600779e+01	-2.604888e-02
4.627353e+01	-8.454665e-03
4.654081e+01	5.608063e-03
4.680963e+01	-3.749185e-04
4.708000e+01	-1.133810e-02
4.735193e+01	-4.147361e-03
4.762543e+01	5.942450e-03
4.790051e+01	-3.491684e-03
4.817719e+01	-7.197976e-03
4.845545e+01	-1.690297e-03
4.873533e+01	-3.975881e-04
4.901682e+01	1.713677e-02
4.929994e+01	8.816549e-03
4.958470e+01	5.342413e-03
4.987110e+01	1.032584e-02
5.015915e+01	-1.703031e-03
5.044887e+01	9.788801e-03
5.074026e+01	-1.202233e-02
5.103333e+01	-4.780169e-03
5.132810e+01	-2.024468e-02
5.162457e+01	7.318953e-03
5.192275e+01	2.885358e-02
5.222265e+01	6.584625e-03
5.252429e+01	-6.065860e-03
5.282767e+01	-5.978480e-03
5.313280e+01	2.971838e-03
5.343969e+01	-6.609348e-03
5.374836e+01	-1.283521e-02
5.405880e+01	9.802147e-03
5.437105e+01	-3.296378e-03
5.468509e+01	-4.571108e-03
5.500095e+01	3.251562e-03
5.531863e+01	1.041862e-02
5.563815e+01	-2.248524e-03
5.595951e+01	5.946077e-04
5.628273e+01	7.414208e-03
5.660782e+01	1.486967e-02
5.693479e+01	9.366523e-03
5.726364e+01	9.714013e-03
5.759439e+01	2.243817e-02
5.792705e+01	-1.944557e-02
5.826164e+01	-4.365411e-04
5.859815e+01	-6.531960e-03
5.893662e+01	9.621469e-03
5.927703e+01	-6.990217e-03
5.961941e+01	-4.188498e-03
5.996377e+01	-8.884607e-03
6.031012e+01	-3.751943e-03
6.065847e+01	1.605213e-02
6.100883e+01	4.028202e-03
6.136121e+01	1.587085e-02
6.171563e+01	-1.354835e-02
6.207210e+01	-6.099395e-03
6.243063e+01	1.564037e-02
6.279122e+01	-1.170057e-02
6.315390e+01	1.195022e-02
6.351868e+01	-1.731260e-03
6.388556e+01	-1.057529e-02
6.425456e+01	-7.438059e-03
6.462569e+01	2.617252e-03
6.499897e+01	8.111313e-03
6.537440e+01	-8.317562e-03
6.575200e+01	-4.137778e-04
6.613178e+01	-7.119808e-03
6.651375e+01	1.478518e-02
6.689793e+01	-3.193694e-03
6.728433e+01	2.413682e-03
6.767297e+01	-1.140984e-02
6.806384e+01	-3.360404e-03
6.845698e+01	-2.423434e-02
6.885238e+01	-5.403347e-03
6.925007e+01	-1.152900e-02
6.965005e+01	-4.449493e-03
7.005235e+01	-1.287654e-03
7.045697e+01	1.340112e-02
7.086393e+01	-6.568147e-03
7.127323e+01	9.188370e-03
7.168490e+01	6.235039e-03
7.209895e+01	-8.111498e-04
7.251539e+01	-4.263225e-03
7.293424e+01	-3.630814e-03
7.335551e+01	2.874502e-03
7.377920e+01	6.511814e-04
7.420535e+01	-1.912871e-02
7.463396e+01	-3.225162e-02
7.506504e+01	-8.006522e-03
7.549861e+01	-1.865846e-02
7.593469e+01	-3.084756e-03
7.637328e+01	1.421117e-02
7.681441e+01	-1.202109e-02
7.725809e+01	1.037188e-03
7.770433e+01	8.030116e-03
7.815315e+01	-8.192140e-03
7.860456e+01	-6.525201e-03
7.905857e+01	-2.293291e-02
7.951521e+01	1.249958e-02
7.997449e+01	1.171413e-02
8.043642e+01	-3.308555e-03
8.090102e+01	-1.331705e-02
8.136830e+01	-6.397609e-03
8.183828e+01	7.921484e-03
8.231097e+01	-5.525539e-03
8.278640e+01	1.934822e-02
8.326457e+01	1.012096e-02
8.374550e+01	3.905245e-03
8.422921e+01	-1.720781e-02
8.471572e+01	-7.443974e-03
8.520503e+01	1.369363e-02
8.569717e+01	-5.440372e-03
8.619215e+01	5.544388e-03
8.669000e+01	-6.264047e-03
8.719071e+01	-1.785583e-02
8.769432e+01	-8.376614e-03
8.820084e+01	-1.374155e-02
8.871029e+01	8.901758e-03
8.922267e+01	-1.265898e-02
8.973802e+01	-9.863801e-03
9.025634e+01	-9.876985e-03
9.077766e+01	4.135984e-03
9.130199e+01	9.813251e-03
9.182935e+01	1.247183e-04
9.235975e+01	-1.220965e-03
9.289321e+01	-6.514530e-03
9.342976e+01	5.623440e-03
9.396941e+01	-6.217401e-03
9.451217e+01	6.090066e-03
9.505807e+01	-9.417075e-04
9.560712e+01	-7.933541e-03
9.615934e+01	-9.394229e-03
9.671476e+01	1.342409e-02
9.727338e+01	9.101564e-03
9.783522e+01	-5.244632e-03
9.840032e+01	1.321899e-02
9.896867e+01	1.011917e-02
9.954031e+01	7.341877e-03
1.001153e+02	-2.883250e-02
1.006935e+02	-8.177829e-03
1.012751e+02	-9.477714e-04
1.018601e+02	-4.502660e-03
1.024484e+02	-2.026485e-02
1.030402e+02	-2.714577e-03
1.036353e+02	-7.224083e-03
1.042339e+02	-1.534642e-02
1.048360e+02	-2.044590e-03
1.054415e+02	-1.098448e-02
1.060505e+02	1.454644e-02
1.066631e+02	4.779055e-03
1.072791e+02	3.825137e-03
1.078988e+02	6.686026e-03
1.085220e+02	3.291836e-04
1.091488e+02	-7.045501e-03
1.097793e+02	-1.519774e-02
1.104133e+02	-6.183692e-03
1.110511e+02	2.783227e-03
1.116925e+02	-2.155265e-04
1.123376e+02	-6.750611e-03
1.129865e+02	1.874811e-02
1.136391e+02	5.292228e-03
1.142955e+02	-1.240908e-02
1.149556e+02	-2.114152e-03
1.156196e+02	-2.277044e-02
1.162874e+02	1.008895e-03
1.169591e+02	-8.468202e-03
1.176347e+02	3.449475e-03
1.183141e+02	1.280309e-02
1.189975e+02	6.318173e-03
1.196848e+02	1.437074e-02
1.203761e+02	7.035154e-03
1.210714e+02	-5.389993e-03
1.217707e+02	4.323925e-03
1.224740e+02	1.460274e-03
1.231814e+02	-1.424611e-02
1.238929e+02	-7.349708e-03
1.246085e+02	-4.059168e-03
1.253283e+02	4.271111e-03
1.260522e+02	-8.189791e-03
1.267802e+02	2.278689e-03
1.275125e+02	6.956898e-03
1.282490e+02	1.331787e-03
1.289898e+02	1.940975e-03
1.297348e+02	5.307266e-04
1.304842e+02	-7.591176e-03
1.312378e+02	-5.057884e-03
1.319959e+02	-4.200898e-03
1.327583e+02	5.079965e-03
1.335251e+02	-7.710356e-03
1.342963e+02	-1.096116e-02
1.350720e+02	2.494693e-03
1.358522e+02	6.146827e-03
1.366368e+02	-5.157059e-03
1.374260e+02	5.950513e-04
1.382198e+02	-1.208149e-02
1.390182e+02	-1.209563e-02
1.398211e+02	-1.173111e-02
1.406287e+02	-3.833788e-03
1.414410e+02	2.046025e-02
1.422579e+02	-9.148266e-04
1.430796e+02	-8.093931e-03
1.439060e+02	1.147837e-03
1.447372e+02	-1.664906e-02
1.455732e+02	-5.857234e-03
1.464141e+02	-2.355564e-02
1.472597e+02	-1.605844e-02
1.481103e+02	-4.813034e-03
1.489658e+02	-3.616748e-03
1.498262e+02	6.872721e-03
1.506916e+02	1.611529e-02
1.515620e+02	-7.643405e-03
1.524374e+02	-2.265851e-02
1.533179e+02	-3.044235e-03
1.542034e+02	-5.217603e-03
1.550941e+02	-1.185619e-02
1.559899e+02	4.911529e-03
1.568909e+02	8.148481e-03
1.577971e+02	-2.325976e-03
1.587085e+02	-2.170107e-03
1.596252e+02	-5.544513e-03
1.605472e+02	-1.404637e-02
1.614745e+02	6.707605e-03
1.624072e+02	-2.212662e-02
1.633453e+02	6.180683e-03
1.642887e+02	-3.816956e-03
1.652377e+02	6.080929e-03
1.661921e+02	-1.923865e-02
1.671520e+02	-7.580305e-03
1.681175e+02	-1.171488e-02
1.690885e+02	1.216114e-03
1.700651e+02	-6.219107e-03
1.710474e+02	-3.185863e-03
1.720354e+02	-1.042836e-02
1.730291e+02	1.914286e-02
1.740285e+02	5.201748e-03
1.750337e+02	-1.828830e-02
1.760446e+02	-2.140105e-03
1.770615e+02	-6.464955e-03
1.780842e+02	-4.469075e-03
1.791128e+02	1.539799e-03
1.801473e+02	4.354037e-03
1.811878e+02	-9.555301e-03
1.822344e+02	1.774654e-03
1.832870e+02	4.371608e-03
1.843456e+02	-1.596462e-02
1.854104e+02	-1.759118e-02
1.864813e+02	-1.018795e-02
1.875584e+02	-4.629361e-03
1.886418e+02	4.756430e-03
1.897313e+02	2.513491e-03
1.908272e+02	-8.007354e-03
1.919294e+02	-8.578890e-03
1.930380e+02	-7.675607e-03
1.941530e+02	4.115317e-03
1.952744e+02	1.224925e-02
1.964023e+02	5.315693e-03
1.975367e+02	-4.283249e-03
1.986777e+02	-7.006028e-03
1.998252e+02	-1.252054e-02
2.009794e+02	-1.387735e-02
2.021403e+02	-2.085876e-02
2.033078e+02	-1.109632e-02
2.044821e+02	-3.210382e-02
2.056632e+02	-1.263815e-02
2.068511e+02	-3.059983e-03
2.080459e+02	-1.996333e-02
2.092475e+02	7.356923e-03
2.104561e+02	7.385691e-04
2.116717e+02	-1.464164e-02
2.128943e+02	-1.681233e-02
2.141240e+02	6.213212e-03
2.153608e+02	-2.842024e-02
2.166047e+02	-1.448650e-02
2.178558e+02	-9.090657e-03
2.191141e+02	-1.081002e-02
2.203797e+02	1.238916e-02
2.216526e+02	-9.781016e-03
2.229329e+02	-1.536107e-02
2.242205e+02	3.878513e-04
2.255156e+02	-3.032565e-02
2.268182e+02	-6.704557e-03
2.281283e+02	-2.282271e-02
2.294459e+02	-2.115945e-02
2.307712e+02	-1.031665e-02
2.321041e+02	-1.942433e-02
2.334447e+02	-1.622255e-02
2.347931e+02	-4.523556e-03
2.361493e+02	-6.366740e-03
2.375133e+02	-1.015745e-03
2.388851e+02	-1.537508e-02
2.402649e+02	4.889295e-04
2.416527e+02	-3.552670e-04
2.430484e+02	-1.063165e-02
2.444523e+02	-2.373457e-02
2.458642e+02	-7.674121e-03
2.472843e+02	-2.133382e-02
2.487126e+02	-4.449777e-03
2.501492e+02	-2.023066e-03
2.515940e+02	-1.246390e-02
2.530472e+02	-1.286723e-02
2.545088e+02	4.961244e-03
2.559789e+02	-4.433803e-03
2.574574e+02	-1.863416e-02
2.589444e+02	-2.024279e-02
2.604401e+02	-1.024963e-02
2.619444e+02	-9.125576e-03
2.634574e+02	-1.204906e-02
2.649791e+02	-8.649132e-04
2.665096e+02	-1.235264e-02
2.680489e+02	-2.710053e-02
2.695972e+02	-1.577348e-03
2.711544e+02	5.180275e-04
2.727205e+02	-1.111288e-02
2.742958e+02	4.220771e-03
2.758801e+02	-1.519592e-02
2.774736e+02	-5.486701e-03
2.790762e+02	-2.401398e-03
2.806882e+02	-3.557782e-02
2.823094e+02	-1.908809e-02
2.839400e+02	-1.559134e-02
2.855800e+02	-1.864792e-02
2.872295e+02	-2.594367e-02
2.888886e+02	-3.002933e-03
2.905572e+02	1.034139e-03
2.922354e+02	-1.488847e-02
2.939234e+02	-1.095403e-02
2.956211e+02	-3.175165e-02
2.973286e+02	-9.518263e-03
2.990459e+02	-1.954999e-02
3.007732e+02	-2.417952e-02
3.025104e+02	-7.753780e-03
3.042577e+02	-1.664935e-02
3.060151e+02	-4.322963e-03
3.077826e+02	-1.147989e-02
3.095604e+02	-1.504205e-02
3.113484e+02	2.492523e-03
3.131467e+02	-1.719891e-03
3.149554e+02	-3.143042e-02
3.167746e+02	-9.961344e-03
3.186043e+02	-1.934786e-02
3.204445e+02	-1.927279e-02
3.222954e+02	-1.831955e-02
3.241570e+02	-1.570582e-02
3.260293e+02	-2.099144e-02
3.279124e+02	-1.187677e-02
3.298064e+02	-2.150675e-02
3.317114e+02	-3.362889e-02
3.336273e+02	-7.708118e-03
3.355544e+02	-1.802985e-02
3.374925e+02	-1.625701e-02
3.394418e+02	-1.897674e-02
3.414024e+02	-2.211023e-02
3.433744e+02	-2.300449e-02
3.453577e+02	-3.603462e-02
3.473525e+02	-4.129887e-02
3.493588e+02	-2.104886e-02
3.513766e+02	-1.089801e-02
3.534062e+02	-1.637981e-02
3.554474e+02	-3.535011e-02
3.575005e+02	-7.740943e-03
3.595654e+02	-2.707877e-02
3.616422e+02	-1.906718e-02
3.637311e+02	-3.550062e-02
3.658320e+02	-1.592365e-02
3.679450e+02	2.670054e-03
3.700702e+02	-4.417817e-02
3.722077e+02	-2.427582e-02
3.743576e+02	-1.978635e-02
3.765199e+02	-3.030056e-02
3.786946e+02	-2.641573e-02
3.808820e+02	-3.333787e-02
3.830819e+02	-9.850066e-03
3.852946e+02	-9.005838e-03
3.875200e+02	-5.054992e-02
3.897583e+02	-2.731975e-02
3.920096e+02	-3.179538e-02
3.942738e+02	-2.414709e-02
3.965511e+02	-2.982844e-02
3.988416e+02	-1.431127e-02
4.011452e+02	-2.226753e-02
4.034622e+02	-2.869888e-02
4.057926e+02	-3.911542e-02
4.081365e+02	-4.432226e-05
4.104938e+02	-2.830267e-02
4.128648e+02	-3.199589e-02
4.152495e+02	-2.053454e-02
4.176480e+02	-3.164589e-02
4.200603e+02	-3.904929e-02
4.224866e+02	-2.249174e-02
4.249268e+02	-2.889119e-02
4.273812e+02	-4.054198e-02
4.298497e+02	-4.132193e-02
4.323325e+02	-2.976107e-02
4.348297e+02	-3.547268e-02
4.373412e+02	-3.985660e-02
4.398673e+02	-9.325013e-03
4.424079e+02	-3.997059e-02
4.449633e+02	-4.634680e-02
4.475334e+02	-1.674747e-02
4.501183e+02	-2.564646e-02
4.527182e+02	-2.759232e-02
4.553330e+02	-2.736588e-02
4.579630e+02	-4.491301e-02
4.606082e+02	-4.059950e-02
4.632687e+02	-4.268741e-02
4.659445e+02	-4.235798e-02
4.686358e+02	-5.609160e-02
4.713426e+02	-3.696099e-02
4.740650e+02	-3.934288e-02
4.768032e+02	-4.082632e-02
4.795572e+02	-3.458470e-02
4.823271e+02	-3.945251e-02
4.851130e+02	-2.541520e-02
4.879150e+02	-2.594933e-02
4.907332e+02	-3.703837e-02
4.935676e+02	-4.162647e-02
4.964185e+02	-3.733680e-02
4.992858e+02	-4.750602e-02
5.021696e+02	-4.321638e-02
5.050701e+02	-3.675615e-02
5.079874e+02	-4.307599e-02
5.109215e+02	-4.547680e-02
5.138726e+02	-4.725608e-02
5.168407e+02	-4.128879e-02
5.198259e+02	-4.874403e-02
5.228284e+02	-5.619131e-02
5.258482e+02	-4.927505e-02
5.288855e+02	-6.990404e-02
5.319403e+02	-5.263507e-02
5.350128e+02	-3.221255e-02
5.381030e+02	-4.171362e-02
5.412111e+02	-4.410204e-02
5.443371e+02	-6.040659e-02
5.474812e+02	-6.509788e-02
5.506434e+02	-6.527206e-02
5.538239e+02	-4.257099e-02
5.570228e+02	-3.901684e-02
5.602401e+02	-6.158184e-02
5.634760e+02	-5.260062e-02
5.667306e+02	-4.799576e-02
5.700040e+02	-5.065708e-02
5.732964e+02	-6.235004e-02
5.766077e+02	-6.191161e-02
5.799382e+02	-6.660137e-02
5.832879e+02	-5.217314e-02
5.866569e+02	-7.099807e-02
5.900454e+02	-5.748381e-02
5.934535e+02	-7.293622e-02
5.968813e+02	-6.399829e-02
6.003288e+02	-5.435679e-02
6.037963e+02	-7.306824e-02
6.072838e+02	-8.955946e-02
6.107914e+02	-6.028673e-02
6.143194e+02	-5.981088e-02
6.178676e+02	-5.989151e-02
6.214364e+02	-4.961855e-02
6.250258e+02	-5.956087e-02
6.286359e+02	-7.523361e-02
6.322669e+02	-7.401689e-02
6.359189e+02	-6.315223e-02
6.395919e+02	-8.669598e-02
6.432862e+02	-7.449097e-02
6.470017e+02	-8.772856e-02
6.507388e+02	-7.788984e-02
6.544974e+02	-6.136918e-02
6.582778e+02	-6.238598e-02
6.620800e+02	-7.871269e-02
6.659041e+02	-8.652200e-02
6.697504e+02	-7.497763e-02
6.736188e+02	-8.334080e-02
6.775096e+02	-9.247988e-02
6.814229e+02	-9.229265e-02
6.853587e+02	-8.294933e-02
6.893173e+02	-8.221851e-02
6.932988e+02	-8.058780e-02
6.973033e+02	-8.761736e-02
7.013309e+02	-1.070086e-01
7.053817e+02	-7.115674e-02
7.094560e+02	-7.759832e-02
7.135538e+02	-8.591357e-02
7.176752e+02	-1.024438e-01
7.218205e+02	-7.846042e-02
7.259897e+02	-8.621131e-02
7.301830e+02	-8.469828e-02
7.344005e+02	-9.339536e-02
7.386424e+02	-1.044477e-01
7.429087e+02	-9.233771e-02
7.471998e+02	-9.914879e-02
7.515155e+02	-1.102729e-01
7.558563e+02	-1.034961e-01
7.602221e+02	-1.147393e-01
7.646131e+02	-1.217411e-01
7.690295e+02	-9.024165e-02
7.734713e+02	-9.139686e-02
7.779389e+02	-9.400199e-02
7.824322e+02	-9.223001e-02
7.869515e+02	-1.162091e-01
7.914969e+02	-1.256327e-01
7.960686e+02	-9.469430e-02
8.006666e+02	-8.363185e-02
8.052912e+02	-1.021873e-01
8.099426e+02	-9.518391e-02
8.146208e+02	-1.073963e-01
8.193260e+02	-1.083859e-01
8.240584e+02	-1.016720e-01
8.288181e+02	-1.221074e-01
8.336053e+02	-1.436217e-01
8.384202e+02	-1.290921e-01
8.432629e+02	-1.205299e-01
8.481335e+02	-1.393906e-01
8.530323e+02	-1.178759e-01
8.579594e+02	-1.126394e-01
8.629149e+02	-1.254848e-01
8.678991e+02	-1.246330e-01
8.729120e+02	-1.245869e-01
8.779539e+02	-1.207053e-01
8.830250e+02	-1.265243e-01
8.881253e+02	-1.310216e-01
8.932551e+02	-1.399164e-01
8.984145e+02	-1.464484e-01
9.036037e+02	-1.350621e-01
9.088229e+02	-1.442258e-01
9.140722e+02	-1.251654e-01
9.193518e+02	-1.391745e-01
9.246620e+02	-1.459305e-01
9.300028e+02	-1.540970e-01
9.353744e+02	-1.399850e-01
9.407771e+02	-1.370466e-01
9.462110e+02	-1.422143e-01
9.516763e+02	-1.465411e-01
9.571731e+02	-1.490317e-01
9.627017e+02	-1.377641e-01
9.682622e+02	-1.657365e-01
9.738549e+02	-1.497958e-01
9.794798e+02	-1.701132e-01
9.851373e+02	-1.690161e-01
9.908274e+02	-1.545941e-01
9.965504e+02	-1.678731e-01
1.002306e+03	-1.830624e-01
1.008096e+03	-1.881622e-01
1.013918e+03	-1.774178e-01
1.019775e+03	-1.801332e-01
1.025665e+03	-1.677392e-01
1.031589e+03	-1.672358e-01
1.037548e+03	-1.575200e-01
1.043540e+03	-1.893834e-01
1.049568e+03	-1.911190e-01
1.055630e+03	-1.913716e-01
1.061727e+03	-2.058691e-01
1.067860e+03	-1.836883e-01
1.074028e+03	-1.877166e-01
1.080231e+03	-1.886170e-01
1.086471e+03	-1.883743e-01
1.092746e+03	-1.914378e-01
1.099058e+03	-1.890881e-01
1.105406e+03	-2.242740e-01
1.111791e+03	-1.948225e-01
1.118212e+03	-2.364990e-01
1.124671e+03	-2.193912e-01
1.131167e+03	-2.113594e-01
1.137701e+03	-2.134094e-01
1.144272e+03	-2.365169e-01
1.150881e+03	-2.217583e-01
1.157529e+03	-2.166671e-01
1.164215e+03	-2.241394e-01
1.170939e+03	-2.372392e-01
1.177702e+03	-2.365407e-01
1.184505e+03	-2.450906e-01
1.191346e+03	-2.236419e-01
1.198227e+03	-2.282808e-01
1.205148e+03	-2.449217e-01
1.212109e+03	-2.530739e-01
1.219110e+03	-2.405965e-01
1.226152e+03	-2.616103e-01
1.233234e+03	-2.479111e-01
1.240357e+03	-2.376848e-01
1.247521e+03	-2.764305e-01
1.254727e+03	-2.735965e-01
1.261974e+03	-2.863848e-01
1.269263e+03	-2.906330e-01
1.276595e+03	-2.706052e-01
1.283968e+03	-2.912080e-01
1.291384e+03	-2.868407e-01
1.298843e+03	-2.909267e-01
1.306345e+03	-2.919108e-01
1.313891e+03	-2.817205e-01
1.321480e+03	-3.029328e-01
1.329113e+03	-2.998119e-01
1.336790e+03	-3.007226e-01
1.344511e+03	-2.931186e-01
1.352277e+03	-3.043340e-01
1.360087e+03	-3.082167e-01
1.367943e+03	-3.270796e-01
1.375844e+03	-3.316651e-01
1.383791e+03	-3.235960e-01
1.391784e+03	-3.200407e-01
1.399823e+03	-3.394027e-01
1.407908e+03	-3.248856e-01
1.416040e+03	-3.289783e-01
1.424219e+03	-3.286059e-01
1.432445e+03	-3.543356e-01
1.440719e+03	-3.536228e-01
1.449041e+03	-3.413898e-01
1.457410e+03	-3.408968e-01
1.465828e+03	-3.570401e-01
1.474295e+03	-3.444690e-01
1.482810e+03	-3.795573e-01
1.491375e+03	-3.899256e-01
1.499989e+03	-3.647409e-01
1.508653e+03	-3.696490e-01
1.517367e+03	-3.777938e-01
1.526131e+03	-3.821848e-01
1.534946e+03	-3.877954e-01
1.543812e+03	-3.926556e-01
1.552729e+03	-4.049509e-01
1.561697e+03	-3.947254e-01
1.570717e+03	-4.093702e-01
1.579790e+03	-4.086165e-01
1.588915e+03	-4.215882e-01
1.598092e+03	-4.045177e-01
1.607323e+03	-4.385439e-01
1.616606e+03	-4.340542e-01
1.625944e+03	-4.407007e-01
1.635335e+03	-4.504514e-01
1.644781e+03	-4.549871e-01
1.654281e+03	-4.449521e-01
1.663836e+03	-4.690688e-01
1.673446e+03	-4.670894e-01
1.683112e+03	-4.635736e-01
1.692834e+03	-4.555377e-01
1.702611e+03	-4.756891e-01
1.712446e+03	-4.595868e-01
1.722337e+03	-5.054379e-01
1.732285e+03	-5.141665e-01
1.742290e+03	-4.957433e-01
1.752354e+03	-5.100071e-01
1.762475e+03	-5.234547e-01
1.772655e+03	-5.147773e-01
1.782894e+03	-5.200544e-01
1.793192e+03	-5.150906e-01
1.803549e+03	-5.321685e-01
1.813967e+03	-5.380597e-01
1.824444e+03	-5.241293e-01
1.834982e+03	-5.282626e-01
1.845581e+03	-5.459822e-01
1.856241e+03	-5.430479e-01
1.866962e+03	-5.851415e-01
1.877746e+03	-5.635883e-01
1.888592e+03	-5.785853e-01
1.899500e+03	-5.839889e-01
1.910472e+03	-5.855715e-01
1.921506e+03	-5.819190e-01
1.932605e+03	-5.739351e-01
1.943768e+03	-6.183163e-01
1.954995e+03	-6.054625e-01
1.966287e+03	-6.229033e-01
1.977644e+03	-6.436615e-01
1.989067e+03	-6.160684e-01
2.000555e+03	-6.444276e-01
2.012110e+03	-6.579307e-01
2.023732e+03	-6.641788e-01
2.035421e+03	-6.732195e-01
2.047178e+03	-6.837203e-01
2.059002e+03	-6.652464e-01
2.070895e+03	-6.923488e-01
2.082856e+03	-6.982495e-01
2.094887e+03	-7.121475e-01
2.106987e+03	-7.067829e-01
2.119157e+03	-7.192728e-01
2.131397e+03	-7.389273e-01
2.143708e+03	-7.397869e-01
2.156090e+03	-7.469751e-01
2.168543e+03	-7.402162e-01
2.181069e+03	-7.538659e-01
2.193666e+03	-7.706651e-01
2.206337e+03	-7.570281e-01
2.219081e+03	-7.932096e-01
2.231898e+03	-7.923631e-01
2.244789e+03	-7.823463e-01
2.257755e+03	-8.189926e-01
2.270796e+03	-8.235342e-01
2.283912e+03	-8.130634e-01
2.297104e+03	-8.368647e-01
2.310372e+03	-8.435675e-01
2.323716e+03	-8.489470e-01
2.337138e+03	-8.679277e-01
2.350637e+03	-8.672349e-01
2.364214e+03	-8.611771e-01
2.377870e+03	-8.982662e-01
2.391604e+03	-9.170664e-01
2.405418e+03	-8.722873e-01
2.419312e+03	-9.194108e-01
2.433286e+03	-9.407968e-01
2.447340e+03	-9.473166e-01
2.461476e+03	-9.389115e-01
2.475693e+03	-9.359829e-01
2.489993e+03	-9.614281e-01
2.504375e+03	-9.638240e-01
2.518840e+03	-9.860926e-01
2.533389e+03	-9.876820e-01
2.548022e+03	-1.013812e+00
2.562739e+03	-1.019365e+00
2.577541e+03	-1.032285e+00
2.592429e+03	-1.032282e+00
2.607403e+03	-1.047356e+00
2.622463e+03	-1.043077e+00
2.637610e+03	-1.062665e+00
2.652845e+03	-1.085624e+00
2.668168e+03	-1.083927e+00
2.683579e+03	-1.103899e+00
2.699079e+03	-1.101173e+00
2.714669e+03	-1.093723e+00
2.730349e+03	-1.133389e+00
2.746119e+03	-1.142454e+00
2.761981e+03	-1.165890e+00
2.777934e+03	-1.182991e+00
2.793979e+03	-1.174466e+00
2.810117e+03	-1.185749e+00
2.826348e+03	-1.207878e+00
2.842673e+03	-1.220084e+00
2.859092e+03	-1.220035e+00
2.875606e+03	-1.234879e+00
2.892215e+03	-1.250519e+00
2.908921e+03	-1.268449e+00
2.925722e+03	-1.268948e+00
2.942621e+03	-1.292815e+00
2.959618e+03	-1.303752e+00
2.976712e+03	-1.307066e+00
2.993906e+03	-1.334946e+00
3.011198e+03	-1.349321e+00
3.028591e+03	-1.346095e+00
3.046084e+03	-1.362332e+00
3.063678e+03	-1.379897e+00
3.081374e+03	-1.387720e+00
3.099172e+03	-1.414281e+00
3.117072e+03	-1.427941e+00
3.135076e+03	-1.422566e+00
3.153184e+03	-1.458807e+00
3.171397e+03	-1.479218e+00
3.189715e+03	-1.484032e+00
3.208139e+03	-1.494983e+00
3.226669e+03	-1.500317e+00
3.245306e+03	-1.519058e+00
3.264051e+03	-1.557317e+00
3.282904e+03	-1.549838e+00
3.301866e+03	-1.574709e+00
3.320937e+03	-1.586856e+00
3.340119e+03	-1.600519e+00
3.359411e+03	-1.621828e+00
3.378815e+03	-1.639097e+00
3.398331e+03	-1.640778e+00
3.417959e+03	-1.662530e+00
3.437701e+03	-1.689403e+00
3.457557e+03	-1.696450e+00
3.477528e+03	-1.716943e+00
3.497614e+03	-1.730725e+00
3.517816e+03	-1.743717e+00
3.538135e+03	-1.761470e+00
3.558571e+03	-1.769577e+00
3.579125e+03	-1.799397e+00
3.599798e+03	-1.810242e+00
3.620590e+03	-1.844291e+00
3.641503e+03	-1.858037e+00
3.662536e+03	-1.860643e+00
3.683691e+03	-1.860760e+00
3.704967e+03	-1.900995e+00
3.726367e+03	-1.910645e+00
3.747890e+03	-1.937834e+00
3.769538e+03	-1.943628e+00
3.791311e+03	-1.957945e+00
3.813209e+03	-1.980321e+00
3.835234e+03	-1.987446e+00
3.857386e+03	-2.015769e+00
3.879667e+03	-2.051471e+00
3.902075e+03	-2.065372e+00
3.924614e+03	-2.055867e+00
3.947282e+03	-2.102902e+00
3.970081e+03	-2.110843e+00
3.993012e+03	-2.147275e+00
4.016076e+03	-2.153749e+00
4.039272e+03	-2.168724e+00
4.062603e+03	-2.203151e+00
4.086069e+03	-2.198327e+00
4.109670e+03	-2.225783e+00
4.133407e+03	-2.265390e+00
4.157281e+03	-2.276859e+00
4.181294e+03	-2.310369e+00
4.205445e+03	-2.307467e+00
4.229735e+03	-2.338088e+00
4.254166e+03	-2.377355e+00
4.278738e+03	-2.397043e+00
4.303451e+03	-2.386181e+00
4.328308e+03	-2.417475e+00
4.353308e+03	-2.449997e+00
4.378453e+03	-2.473643e+00
4.403742e+03	-2.501151e+00
4.429178e+03	-2.517052e+00
4.454761e+03	-2.556122e+00
4.480492e+03	-2.564548e+00
4.506371e+03	-2.588380e+00
4.532399e+03	-2.590756e+00
4.558578e+03	-2.618134e+00
4.584908e+03	-2.651662e+00
4.611391e+03	-2.664385e+00
4.638026e+03	-2.701355e+00
4.664815e+03	-2.721316e+00
4.691759e+03	-2.753412e+00
4.718858e+03	-2.777889e+00
4.746114e+03	-2.786155e+00
4.773527e+03	-2.813370e+00
4.801099e+03	-2.835713e+00
4.828830e+03	-2.849833e+00
4.856721e+03	-2.897709e+00
4.884773e+03	-2.907310e+00
4.912988e+03	-2.927510e+00
4.941365e+03	-2.949497e+00
4.969906e+03	-2.994930e+00
4.998612e+03	-2.989962e+00
5.027484e+03	-3.003030e+00
5.056522e+03	-3.035425e+00
5.085729e+03	-3.080472e+00
5.115104e+03	-3.086647e+00
5.144648e+03	-3.131677e+00
5.174363e+03	-3.153073e+00
5.204250e+03	-3.173121e+00
5.234310e+03	-3.212288e+00
5.264543e+03	-3.223945e+00
5.294951e+03	-3.281689e+00
5.325534e+03	-3.273046e+00
5.356294e+03	-3.321174e+00
5.387232e+03	-3.338876e+00
5.418348e+03	-3.358446e+00
5.449645e+03	-3.417670e+00
5.481122e+03	-3.412167e+00
5.512780e+03	-3.440885e+00
5.544622e+03	-3.470329e+00
5.576647e+03	-3.495384e+00
5.608858e+03	-3.520272e+00
5.641254e+03	-3.572874e+00
5.673838e+03	-3.584917e+00
5.706610e+03	-3.609150e+00
5.739571e+03	-3.631955e+00
5.772723e+03	-3.659389e+00
5.806066e+03	-3.701553e+00
5.839601e+03	-3.703471e+00
5.873331e+03	-3.754380e+00
5.907255e+03	-3.785178e+00
5.941375e+03	-3.803635e+00
5.975692e+03	-3.834022e+00
6.010207e+03	-3.864573e+00
6.044922e+03	-3.900668e+00
6.079837e+03	-3.925951e+00
6.114954e+03	-3.945736e+00
6.150274e+03	-3.995981e+00
6.185797e+03	-4.031821e+00
6.221526e+03	-4.056316e+00
6.257462e+03	-4.076936e+00
6.293605e+03	-4.111814e+00
6.329956e+03	-4.165288e+00
6.366518e+03	-4.173576e+00
6.403290e+03	-4.194473e+00
6.440276e+03	-4.240980e+00
6.477474e+03	-4.250556e+00
6.514888e+03	-4.297733e+00
6.552518e+03	-4.327778e+00
6.590365e+03	-4.340294e+00
6.628430e+03	-4.383865e+00
6.666716e+03	-4.425911e+00
6.705223e+03	-4.458661e+00
6.743952e+03	-4.474474e+00
6.782905e+03	-4.526631e+00
6.822082e+03	-4.547198e+00
6.861486e+03	-4.583779e+00
6.901118e+03	-4.608152e+00
6.940979e+03	-4.637225e+00
6.981069e+03	-4.671174e+00
7.021392e+03	-4.715620e+00
7.061947e+03	-4.738558e+00
7.102737e+03	-4.791367e+00
7.143762e+03	-4.821130e+00
7.185024e+03	-4.864674e+00
7.226524e+03	-4.875303e+00
7.268264e+03	-4.913145e+00
7.310246e+03	-4.935061e+00
7.352469e+03	-4.978663e+00
7.394937e+03	-5.012282e+00
7.437650e+03	-5.062561e+00
7.480609e+03	-5.085975e+00
7.523817e+03	-5.129492e+00
7.567274e+03	-5.146096e+00
7.610982e+03	-5.181554e+00
7.654943e+03	-5.205572e+00
7.699158e+03	-5.254676e+00
7.743628e+03	-5.281520e+00
7.788355e+03	-5.327934e+00
7.833340e+03	-5.335618e+00
7.878585e+03	-5.397914e+00
7.924091e+03	-5.427052e+00
7.969861e+03	-5.473430e+00
8.015894e+03	-5.503981e+00
8.062194e+03	-5.530843e+00
8.108761e+03	-5.575268e+00
8.155596e+03	-5.603847e+00
8.202703e+03	-5.643050e+00
8.250081e+03	-5.693709e+00
8.297733e+03	-5.734934e+00
8.345661e+03	-5.770051e+00
8.393865e+03	-5.798607e+00
8.442348e+03	-5.812146e+00
8.491110e+03	-5.848313e+00
8.540155e+03	-5.878879e+00
8.589482e+03	-5.931667e+00
8.639095e+03	-5.982088e+00
8.688994e+03	-6.024771e+00
8.739181e+03	-6.048087e+00
8.789658e+03	-6.095173e+00
8.840427e+03	-6.109831e+00
8.891489e+03	-6.167831e+00
8.942846e+03	-6.208929e+00
8.994499e+03	-6.265563e+00
9.046451e+03	-6.286275e+00
9.098703e+03	-6.318406e+00
9.151257e+03	-6.355678e+00
9.204114e+03	-6.389503e+00
9.257277e+03	-6.450244e+00
9.310746e+03	-6.467587e+00
9.364525e+03	-6.496493e+00
9.418614e+03	-6.537273e+00
9.473015e+03	-6.580034e+00
9.527731e+03	-6.614785e+00
9.582763e+03	-6.653980e+00
9.638113e+03	-6.689039e+00
9.693782e+03	-6.739007e+00
9.749773e+03	-6.777216e+00
9.806087e+03	-6.809555e+00
9.862727e+03	-6.866355e+00
9.919693e+03	-6.902426e+00
9.976989e+03	-6.937145e+00
1.003462e+04	-6.989802e+00
1.009258e+04	-7.008914e+00
1.015087e+04	-7.044652e+00
1.020950e+04	-7.101676e+00
1.026847e+04	-7.121225e+00
1.032778e+04	-7.175595e+00
1.038743e+04	-7.210154e+00
1.044743e+04	-7.281369e+00
1.050777e+04	-7.297335e+00
1.056847e+04	-7.313177e+00
1.062951e+04	-7.365600e+00
1.069091e+04	-7.408023e+00
1.075266e+04	-7.458583e+00
1.081476e+04	-7.508094e+00
1.087723e+04	-7.547627e+00
1.094006e+04	-7.580945e+00
1.100324e+04	-7.614020e+00
1.106680e+04	-7.657899e+00
1.113072e+04	-7.712906e+00
1.119501e+04	-7.744089e+00
1.125967e+04	-7.789949e+00
1.132471e+04	-7.809347e+00
1.139012e+04	-7.880885e+00
1.145591e+04	-7.898819e+00
1.152208e+04	-7.952539e+00
1.158863e+04	-8.001044e+00
1.165556e+04	-8.034936e+00
1.172289e+04	-8.062910e+00
1.179060e+04	-8.100160e+00
1.185870e+04	-8.140169e+00
1.192719e+04	-8.179043e+00
1.199608e+04	-8.222155e+00
1.206537e+04	-8.271571e+00
1.213506e+04	-8.322501e+00
1.220515e+04	-8.356031e+00
1.227565e+04	-8.401532e+00
1.234655e+04	-8.453223e+00
1.241787e+04	-8.485794e+00
1.248959e+04	-8.516298e+00
1.256173e+04	-8.582330e+00
1.263429e+04	-8.610428e+00
1.270726e+04	-8.642536e+00
1.278066e+04	-8.680864e+00
1.285448e+04	-8.735964e+00
1.292873e+04	-8.784717e+00
1.300340e+04	-8.826181e+00
1.307851e+04	-8.891261e+00
1.315405e+04	-8.908890e+00
1.323003e+04	-8.949664e+00
1.330644e+04	-9.004562e+00
1.338330e+04	-9.055267e+00
1.346060e+04	-9.080351e+00
1.353835e+04	-9.123272e+00
1.361655e+04	-9.179682e+00
1.369520e+04	-9.192791e+00
1.377430e+04	-9.268673e+00
1.385386e+04	-9.311517e+00
1.393388e+04	-9.336493e+00
1.401436e+04	-9.372662e+00
1.409531e+04	-9.411071e+00
1.417672e+04	-9.482716e+00
1.425861e+04	-9.527056e+00
1.434096e+04	-9.556408e+00
1.442379e+04	-9.599653e+00
1.450711e+04	-9.646271e+00
1.459090e+04	-9.693545e+00
1.467518e+04	-9.730939e+00
1.475994e+04	-9.785592e+00
1.484519e+04	-9.823474e+00
1.493094e+04	-9.862128e+00
1.501718e+04	-9.908973e+00
1.510392e+04	-9.969679e+00
1.519116e+04	-9.990497e+00
1.527890e+04	-1.005391e+01
1.536715e+04	-1.007063e+01
1.545591e+04	-1.012934e+01
1.554518e+04	-1.016577e+01
1.563497e+04	-1.021235e+01
1.572528e+04	-1.026345e+01
1.581611e+04	-1.030948e+01
1.590746e+04	-1.034595e+01
1.599934e+04	-1.039462e+01
1.609175e+04	-1.044100e+01
1.618470e+04	-1.047493e+01
1.627818e+04	-1.052517e+01
1.637220e+04	-1.057531e+01
1.646677e+04	-1.060610e+01
1.656188e+04	-1.065976e+01
1.665754e+04	-1.069482e+01
1.675375e+04	-1.074114e+01
1.685052e+04	-1.079700e+01
1.694785e+04	-1.081837e+01
1.704574e+04	-1.089811e+01
1.714419e+04	-1.090293e+01
1.724322e+04	-1.098135e+01
1.734281e+04	-1.102245e+01
1.744299e+04	-1.107252e+01
1.754374e+04	-1.110162e+01
1.764507e+04	-1.113117e+01
1.774698e+04	-1.120445e+01
1.784949e+04	-1.124258e+01
1.795259e+04	-1.127296e+01
1.805628e+04	-1.133761e+01
1.816057e+04	-1.137753e+01
1.826547e+04	-1.141474e+01
1.837097e+04	-1.144636e+01
1.847708e+04	-1.149396e+01
1.858380e+04	-1.156711e+01
1.869114e+04	-1.158252e+01
1.879910e+04	-1.165226e+01
1.890768e+04	-1.167154e+01
1.901689e+04	-1.172518e+01
1.912673e+04	-1.177424e+01
1.923721e+04	-1.181985e+01
1.934832e+04	-1.185150e+01
1.946008e+04	-1.189969e+01
1.957248e+04	-1.195257e+01
1.968553e+04	-1.201143e+01
1.979923e+04	-1.203660e+01
1.991359e+04	-1.210128e+01
2.002861e+04	-1.211564e+01
2.014430e+04	-1.217604e+01
2.026065e+04	-1.222648e+01
2.037767e+04	-1.225533e+01
2.049537e+04	-1.229357e+01
2.061375e+04	-1.236099e+01
2.073282e+04	-1.241360e+01
2.085257e+04	-1.243481e+01
2.097301e+04	-1.247580e+01
2.109415e+04	-1.252744e+01
2.121599e+04	-1.257367e+01
2.133853e+04	-1.263420e+01
2.146178e+04	-1.267223e+01
2.158575e+04	-1.272284e+01
2.171043e+04	-1.275474e+01
2.183582e+04	-1.280547e+01
2.196195e+04	-1.285841e+01
2.208880e+04	-1.289674e+01
2.221638e+04	-1.294053e+01
2.234470e+04	-1.298066e+01
2.247377e+04	-1.302840e+01
2.260357e+04	-1.304355e+01
2.273413e+04	-1.312682e+01
2.286544e+04	-1.317282e+01
2.299751e+04	-1.321456e+01
2.313034e+04	-1.324682e+01
2.326394e+04	-1.328932e+01
2.339832e+04	-1.333219e+01
2.353346e+04	-1.337600e+01
2.366939e+04	-1.344046e+01
2.380610e+04	-1.348997e+01
2.394361e+04	-1.351634e+01
2.408191e+04	-1.357275e+01
2.422100e+04	-1.360284e+01
2.436090e+04	-1.366616e+01
2.450161e+04	-1.370401e+01
2.464313e+04	-1.375452e+01
2.478547e+04	-1.377686e+01
2.492863e+04	-1.382537e+01
2.507261e+04	-1.386757e+01
2.521743e+04	-1.393809e+01
2.536309e+04	-1.396003e+01
2.550958e+04	-1.399150e+01
2.565692e+04	-1.405722e+01
2.580512e+04	-1.408962e+01
2.595417e+04	-1.414375e+01
2.610408e+04	-1.418795e+01
2.625485e+04	-1.424628e+01
2.640650e+04	-1.426780e+01
2.655902e+04	-1.430540e+01
2.671243e+04	-1.436639e+01
2.686672e+04	-1.441813e+01
2.702190e+04	-1.443741e+01
2.717798e+04	-1.449848e+01
2.733495e+04	-1.453719e+01
2.749284e+04	-1.457023e+01
2.765164e+04	-1.464217e+01
2.781135e+04	-1.467064e+01
2.797199e+04	-1.471132e+01
2.813355e+04	-1.475878e+01
2.829605e+04	-1.480512e+01
2.845949e+04	-1.485615e+01
2.862387e+04	-1.488017e+01
2.878920e+04	-1.495238e+01
2.895549e+04	-1.496940e+01
2.912273e+04	-1.501658e+01
2.929094e+04	-1.506832e+01
2.946013e+04	-1.509973e+01
2.963029e+04	-1.516038e+01
2.980143e+04	-1.520758e+01
2.997356e+04	-1.524294e+01
3.014669e+04	-1.529798e+01
3.032081e+04	-1.531918e+01
3.049595e+04	-1.535634e+01
3.067209e+04	-1.540654e+01
3.084925e+04	-1.546684e+01
3.102743e+04	-1.548405e+01
3.120665e+04	-1.554334e+01
3.138690e+04	-1.558114e+01
3.156819e+04	-1.562913e+01
3.175052e+04	-1.565496e+01
3.193391e+04	-1.569471e+01
3.211836e+04	-1.576422e+01
3.230388e+04	-1.580659e+01
3.249046e+04	-1.583222e+01
3.267812e+04	-1.589433e+01
3.286687e+04	-1.593690e+01
3.305671e+04	-1.596839e+01
3.324764e+04	-1.602486e+01
3.343968e+04	-1.604405e+01
3.363283e+04	-1.611180e+01
3.382709e+04	-1.614268e+01
3.402247e+04	-1.617558e+01
3.421899e+04	-1.622137e+01
3.441663e+04	-1.626255e+01
3.461542e+04	-1.631244e+01
3.481536e+04	-1.634012e+01
3.501645e+04	-1.639950e+01
3.521871e+04	-1.643784e+01
3.542213e+04	-1.646859e+01
3.562672e+04	-1.651220e+01
3.583250e+04	-1.654230e+01
3.603947e+04	-1.661498e+01
3.624763e+04	-1.664067e+01
3.645700e+04	-1.667353e+01
3.666757e+04	-1.671298e+01
3.687936e+04	-1.677094e+01
3.709238e+04	-1.679001e+01
3.730662e+04	-1.685359e+01
3.752210e+04	-1.687446e+01
3.773883e+04	-1.692666e+01
3.795680e+04	-1.696598e+01
3.817604e+04	-1.702551e+01
3.839654e+04	-1.705038e+01
3.861832e+04	-1.710180e+01
3.884138e+04	-1.712425e+01
3.906573e+04	-1.719000e+01
3.929137e+04	-1.722489e+01
3.951831e+04	-1.724672e+01
3.974657e+04	-1.730051e+01
3.997614e+04	-1.733461e+01
4.020704e+04	-1.736915e+01
4.043928e+04	-1.741055e+01
4.067285e+04	-1.746164e+01
4.090778e+04	-1.751843e+01
4.114406e+04	-1.751817e+01
4.138171e+04	-1.758241e+01
4.162073e+04	-1.760963e+01
4.186113e+04	-1.764300e+01
4.210291e+04	-1.768599e+01
4.234610e+04	-1.774027e+01
4.259069e+04	-1.775559e+01
4.283669e+04	-1.779892e+01
4.308411e+04	-1.783123e+01
4.333297e+04	-1.789200e+01
4.358325e+04	-1.792555e+01
4.383499e+04	-1.796227e+01
4.408818e+04	-1.799618e+01
4.434283e+04	-1.804466e+01
4.459895e+04	-1.807833e+01
4.485655e+04	-1.810645e+01
4.511564e+04	-1.815797e+01
4.537623e+04	-1.817666e+01
4.563832e+04	-1.822386e+01
4.590193e+04	-1.825481e+01
4.616705e+04	-1.828065e+01
4.643371e+04	-1.831634e+01
4.670191e+04	-1.838501e+01
4.697166e+04	-1.839997e+01
4.724297e+04	-1.845316e+01
4.751584e+04	-1.847707e+01
4.779029e+04	-1.852084e+01
4.806633e+04	-1.854369e+01
4.834395e+04	-1.859072e+01
4.862319e+04	-1.861221e+01
4.890403e+04	-1.865894e+01
4.918650e+04	-1.869542e+01
4.947060e+04	-1.875505e+01
4.975634e+04	-1.875497e+01
5.004373e+04	-1.878053e+01
5.033278e+04	-1.881819e+01
5.062350e+04	-1.886174e+01
5.091590e+04	-1.888658e+01
5.120999e+04	-1.893657e+01
5.150578e+04	-1.894775e+01
5.180327e+04	-1.900235e+01
5.210248e+04	-1.901624e+01
5.240343e+04	-1.904071e+01
5.270611e+04	-1.909509e+01
5.301053e+04	-1.912246e+01
5.331672e+04	-1.915789e+01
5.362468e+04	-1.918853e+01
5.393441e+04	-1.922706e+01
5.424593e+04	-1.925210e+01
5.455926e+04	-1.929250e+01
5.487439e+04	-1.931074e+01
5.519134e+04	-1.934175e+01
5.551012e+04	-1.937950e+01
5.583075e+04	-1.942897e+01
5.615322e+04	-1.944269e+01
5.647756e+04	-1.946725e+01
5.680377e+04	-1.951817e+01
5.713187e+04	-1.952618e+01
5.746186e+04	-1.958702e+01
5.779376e+04	-1.958772e+01
5.812757e+04	-1.960466e+01
5.846332e+04	-1.964566e+01
5.880100e+04	-1.968288e+01
5.914063e+04	-1.970297e+01
5.948222e+04	-1.971621e+01
5.982579e+04	-1.975560e+01
6.017134e+04	-1.978242e+01
6.051889e+04	-1.980746e+01
6.086844e+04	-1.983428e+01
6.122002e+04	-1.985740e+01
6.157362e+04	-1.989634e+01
6.192927e+04	-1.990573e+01
6.228697e+04	-1.994944e+01
6.264674e+04	-1.996980e+01
6.300858e+04	-1.999587e+01
6.337252e+04	-2.001949e+01
6.373855e+04	-2.003804e+01
6.410670e+04	-2.007681e+01
6.447698e+04	-2.008703e+01
6.484940e+04	-2.012179e+01
6.522397e+04	-2.013005e+01
6.560070e+04	-2.016121e+01
6.597960e+04	-2.019912e+01
6.636070e+04	-2.020981e+01
6.674400e+04	-2.023338e+01
6.712951e+04	-2.025199e+01
6.751724e+04	-2.027454e+01
6.790722e+04	-2.029183e+01
6.829945e+04	-2.032248e+01
6.869395e+04	-2.033563e+01
6.909072e+04	-2.033117e+01
6.948978e+04	-2.037415e+01
6.989115e+04	-2.038520e+01
7.029484e+04	-2.039284e+01
7.070086e+04	-2.039520e+01
7.110923e+04	-2.043183e+01
7.151995e+04	-2.047019e+01
7.193305e+04	-2.047512e+01
7.234853e+04	-2.049249e+01
7.276641e+04	-2.051676e+01
7.318671e+04	-2.052468e+01
7.360943e+04	-2.052530e+01
7.403460e+04	-2.055410e+01
7.446222e+04	-2.056838e+01
7.489231e+04	-2.057972e+01
7.532488e+04	-2.058452e+01
7.575996e+04	-2.060651e+01
7.619754e+04	-2.060840e+01
7.663766e+04	-2.063827e+01
7.708031e+04	-2.064216e+01
7.752553e+04	-2.065163e+01
7.797331e+04	-2.065845e+01
7.842368e+04	-2.068109e+01
7.887665e+04	-2.068033e+01
7.933224e+04	-2.069215e+01
7.979046e+04	-2.065976e+01
8.025133e+04	-2.069518e+01
8.071486e+04	-2.070548e+01
8.118106e+04	-2.069624e+01
8.164996e+04	-2.069601e+01
8.212157e+04	-2.071817e+01
8.259590e+04	-2.071331e+01
8.307297e+04	-2.072130e+01
8.355279e+04	-2.072466e+01
8.403539e+04	-2.073670e+01
8.452078e+04	-2.072532e+01
8.500897e+04	-2.071980e+01
8.549997e+04	-2.071143e+01
8.599382e+04	-2.071876e+01
8.649052e+04	-2.070677e+01
8.699008e+04	-2.071827e+01
8.749253e+04	-2.072165e+01
8.799789e+04	-2.071102e+01
8.850616e+04	-2.070584e+01
8.901737e+04	-2.071186e+01
8.953153e+04	-2.069384e+01
9.004866e+04	-2.067304e+01
9.056877e+04	-2.068411e+01
9.109190e+04	-2.066532e+01
9.161804e+04	-2.066651e+01
9.214722e+04	-2.062562e+01
9.267946e+04	-2.062378e+01
9.321477e+04	-2.063236e+01
9.375318e+04	-2.060326e+01
9.429469e+04	-2.059461e+01
9.483933e+04	-2.058694e+01
9.538712e+04	-2.056166e+01
9.593807e+04	-2.055398e+01
9.649221e+04	-2.050959e+01
9.704954e+04	-2.049503e+01
9.761010e+04	-2.046298e+01
9.817389e+04	-2.046430e+01
9.874094e+04	-2.042218e+01
9.931126e+04	-2.040478e+01
9.988488e+04	-2.038118e+01
1.004618e+05	-2.034842e+01
1.010421e+05	-2.031619e+01
1.016257e+05	-2.028335e+01
1.022127e+05	-2.026773e+01
1.028031e+05	-2.024713e+01
1.033968e+05	-2.021582e+01
1.039941e+05	-2.016084e+01
1.045947e+05	-2.013580e+01
1.051989e+05	-2.009214e+01
1.058065e+05	-2.004749e+01
1.064176e+05	-2.001576e+01
1.070323e+05	-1.997591e+01
1.076505e+05	-1.991745e+01
1.082723e+05	-1.987174e+01
1.088977e+05	-1.982868e+01
1.095266e+05	-1.978310e+01
1.101593e+05	-1.972812e+01
1.107955e+05	-1.967640e+01
1.114355e+05	-1.962479e+01
1.120791e+05	-1.954421e+01
1.127265e+05	-1.948944e+01
1.133776e+05	-1.944777e+01
1.140325e+05	-1.938485e+01
1.146911e+05	-1.932219e+01
1.153536e+05	-1.925923e+01
1.160198e+05	-1.916063e+01
1.166900e+05	-1.911631e+01
1.173640e+05	-1.902281e+01
1.180419e+05	-1.895452e+01
1.187237e+05	-1.886764e+01
1.194094e+05	-1.881554e+01
1.200991e+05	-1.871827e+01
1.207928e+05	-1.860885e+01
1.214905e+05	-1.853112e+01
1.221922e+05	-1.842761e+01
1.228980e+05	-1.834909e+01
1.236078e+05	-1.827926e+01
1.243218e+05	-1.813301e+01
1.250399e+05	-1.804386e+01
1.257621e+05	-1.791497e+01
1.264885e+05	-1.781712e+01
1.272191e+05	-1.770227e+01
1.279539e+05	-1.757589e+01
1.286930e+05	-1.745137e+01
1.294363e+05	-1.732579e+01
1.301839e+05	-1.715970e+01
1.309358e+05	-1.704876e+01
1.316921e+05	-1.690522e+01
1.324528e+05	-1.675797e+01
1.332178e+05	-1.660374e+01
1.339873e+05	-1.646320e+01
1.347612e+05	-1.630062e+01
1.355395e+05	-1.612046e+01
1.363224e+05	-1.593695e+01
1.371098e+05	-1.574619e+01
1.379018e+05	-1.556938e+01
1.386983e+05	-1.537169e+01
1.394994e+05	-1.517982e+01
1.403051e+05	-1.496931e+01
1.411155e+05	-1.475072e+01
1.419306e+05	-1.451711e+01
1.427504e+05	-1.426793e+01
1.435749e+05	-1.402674e+01
1.444042e+05	-1.376290e+01
1.452383e+05	-1.349432e+01
1.460772e+05	-1.320858e+01
1.469209e+05	-1.290586e+01
1.477695e+05	-1.260664e+01
1.486230e+05	-1.225128e+01
1.494814e+05	-1.192980e+01
1.503448e+05	-1.157879e+01
1.512132e+05	-1.119190e+01
1.520866e+05	-1.078473e+01
1.529651e+05	-1.039268e+01
1.538486e+05	-9.918826e+00
1.547372e+05	-9.450575e+00
1.556310e+05	-8.954110e+00
1.565299e+05	-8.434649e+00
1.574340e+05	-7.870566e+00
1.583433e+05	-7.253099e+00
1.592579e+05	-6.606102e+00
1.601778e+05	-5.931697e+00
1.611030e+05	-5.187325e+00
1.620335e+05	-4.429447e+00
1.629694e+05	-3.613487e+00
1.639107e+05	-2.777732e+00
1.648574e+05	-1.960217e+00
1.658097e+05	-1.187035e+00
1.667674e+05	-5.485417e-01
1.677306e+05	-1.072596e-01
1.686994e+05	-4.139634e-03
1.696738e+05	-2.427024e-01
1.706538e+05	-7.681665e-01
1.716395e+05	-1.481504e+00
1.726309e+05	-2.357017e+00
1.736280e+05	-3.242782e+00
1.746309e+05	-4.119880e+00
1.756395e+05	-4.957467e+00
1.766540e+05	-5.792458e+00
1.776744e+05	-6.567455e+00
1.787006e+05	-7.295051e+00
1.797328e+05	-7.980208e+00
1.807709e+05	-8.632500e+00
1.818150e+05	-9.216115e+00
1.828652e+05	-9.804410e+00
1.839214e+05	-1.036045e+01
1.849837e+05	-1.086322e+01
1.860522e+05	-1.134643e+01
1.871268e+05	-1.182912e+01
1.882077e+05	-1.225454e+01
1.892948e+05	-1.268417e+01
1.903881e+05	-1.308729e+01
1.914878e+05	-1.346462e+01
1.925938e+05	-1.383014e+01
1.937062e+05	-1.416291e+01
1.948251e+05	-1.450182e+01
1.959504e+05	-1.483350e+01
1.970822e+05	-1.515417e+01
1.982205e+05	-1.544235e+01
1.993654e+05	-1.574222e+01
2.005169e+05	-1.600062e+01
2.016751e+05	-1.626802e+01
2.028400e+05	-1.655565e+01
2.040116e+05	-1.677577e+01
2.051899e+05	-1.700050e+01
2.063751e+05	-1.724218e+01
2.075671e+05	-1.747136e+01
2.087660e+05	-1.766192e+01
2.099719e+05	-1.786407e+01
2.111846e+05	-1.805892e+01
2.124044e+05	-1.825178e+01
2.136313e+05	-1.842876e+01
2.148652e+05	-1.859680e+01
2.161063e+05	-1.876486e+01
2.173545e+05	-1.894089e+01
2.186099e+05	-1.909167e+01
2.198726e+05	-1.922651e+01
2.211426e+05	-1.935712e+01
2.224199e+05	-1.951646e+01
2.237046e+05	-1.962555e+01
2.249967e+05	-1.976620e+01
2.262962e+05	-1.986130e+01
2.276033e+05	-1.995921e+01
2.289179e+05	-2.007973e+01
2.302402e+05	-2.016570e+01
2.315700e+05	-2.026245e+01
2.329076e+05	-2.032806e+01
2.342528e+05	-2.043349e+01
2.356059e+05	-2.051175e+01
2.369667e+05	-2.057703e+01
2.383354e+05	-2.061400e+01
2.397120e+05	-2.068859e+01
2.410966e+05	-2.073209e+01
2.424892e+05	-2.076849e+01
2.438898e+05	-2.080315e+01
2.452985e+05	-2.084102e+01
2.467153e+05	-2.086218e+01
2.481403e+05	-2.087672e+01
2.495736e+05	-2.090604e+01
2.510151e+05	-2.089859e+01
2.524650e+05	-2.089050e+01
2.539232e+05	-2.087378e+01
2.553898e+05	-2.087181e+01
2.568650e+05	-2.083931e+01
2.583486e+05	-2.081776e+01
2.598408e+05	-2.076827e+01
2.613416e+05	-2.072693e+01
2.628511e+05	-2.069641e+01
2.643694e+05	-2.061484e+01
2.658963e+05	-2.053235e+01
2.674321e+05	-2.048165e+01
2.689768e+05	-2.037051e+01
2.705304e+05	-2.029101e+01
2.720930e+05	-2.015051e+01
2.736646e+05	-2.005893e+01
2.752453e+05	-1.991234e+01
2.768351e+05	-1.977724e+01
2.784341e+05	-1.963750e+01
2.800423e+05	-1.945407e+01
2.816598e+05	-1.926446e+01
2.832867e+05	-1.908270e+01
2.849229e+05	-1.889306e+01
2.865686e+05	-1.868380e+01
2.882238e+05	-1.843238e+01
2.898886e+05	-1.819092e+01
2.915630e+05	-1.792638e+01
2.932470e+05	-1.761521e+01
2.949408e+05	-1.730098e+01
2.966444e+05	-1.695661e+01
2.983578e+05	-1.660099e+01
3.000811e+05	-1.621608e+01
3.018143e+05	-1.578880e+01
3.035576e+05	-1.533788e+01
3.053109e+05	-1.482207e+01
3.070744e+05	-1.428563e+01
3.088481e+05	-1.368926e+01
3.106320e+05	-1.304175e+01
3.124261e+05	-1.231906e+01
3.142307e+05	-1.151343e+01
3.160457e+05	-1.062921e+01
3.178712e+05	-9.640421e+00
3.197072e+05	-8.509241e+00
3.215538e+05	-7.215982e+00
3.234111e+05	-5.739685e+00
3.252791e+05	-4.058864e+00
3.271579e+05	-2.257724e+00
3.290475e+05	-6.568426e-01
3.309481e+05	-2.192116e-02
3.328596e+05	-7.934517e-01
3.347822e+05	-2.480794e+00
3.367159e+05	-4.356270e+00
3.386608e+05	-6.082001e+00
3.406169e+05	-7.594385e+00
3.425842e+05	-8.939112e+00
3.445630e+05	-1.013305e+01
3.465532e+05	-1.117990e+01
3.485549e+05	-1.211590e+01
3.505681e+05	-1.296650e+01
3.525930e+05	-1.374693e+01
3.546295e+05	-1.445658e+01
3.566778e+05	-1.510332e+01
3.587380e+05	-1.567913e+01
3.608101e+05	-1.623559e+01
3.628941e+05	-1.673954e+01
3.649901e+05	-1.721221e+01
3.670983e+05	-1.763207e+01
3.692187e+05	-1.803066e+01
3.713513e+05	-1.841092e+01
3.734962e+05	-1.874129e+01
3.756535e+05	-1.907394e+01
3.778232e+05	-1.933860e+01
3.800055e+05	-1.961759e+01
3.822004e+05	-1.985843e+01
3.844080e+05	-2.009655e+01
3.866283e+05	-2.030083e+01
3.888615e+05	-2.048291e+01
3.911075e+05	-2.063192e+01
3.933665e+05	-2.075368e+01
3.956386e+05	-2.089301e+01
3.979238e+05	-2.100729e+01
4.002222e+05	-2.108000e+01
4.025338e+05	-2.113346e+01
4.048589e+05	-2.117584e+01
4.071973e+05	-2.119838e+01
4.095493e+05	-2.120992e+01
4.119148e+05	-2.119220e+01
4.142940e+05	-2.114122e+01
4.166870e+05	-2.109942e+01
4.190937e+05	-2.098222e+01
4.215144e+05	-2.088471e+01
4.239490e+05	-2.074624e+01
4.263978e+05	-2.059863e+01
4.288606e+05	-2.040585e+01
4.313377e+05	-2.018763e+01
4.338291e+05	-1.992772e+01
4.363349e+05	-1.965686e+01
4.388551e+05	-1.933770e+01
4.413899e+05	-1.897444e+01
4.439394e+05	-1.855275e+01
4.465035e+05	-1.808645e+01
4.490825e+05	-1.756595e+01
4.516764e+05	-1.699075e+01
4.542853e+05	-1.632920e+01
4.569092e+05	-1.558942e+01
4.595483e+05	-1.474858e+01
4.622026e+05	-1.373683e+01
4.648723e+05	-1.258111e+01
4.675574e+05	-1.124644e+01
4.702580e+05	-9.624756e+00
4.729742e+05	-7.617298e+00
4.757060e+05	-5.131442e+00
4.784537e+05	-2.170350e+00
4.812172e+05	-4.875130e-02
4.839967e+05	-1.432531e+00
4.867923e+05	-4.471864e+00
4.896040e+05	-7.196585e+00
4.924319e+05	-9.415352e+00
4.952762e+05	-1.122033e+01
4.981369e+05	-1.272909e+01
5.010141e+05	-1.401368e+01
5.039079e+05	-1.511161e+01
5.068185e+05	-1.606084e+01
5.097458e+05	-1.691306e+01
5.126901e+05	-1.763610e+01
5.156514e+05	-1.829573e+01
5.186298e+05	-1.887980e+01
5.216253e+05	-1.938178e+01
5.246382e+05	-1.986889e+01
5.276685e+05	-2.026448e+01
5.307163e+05	-2.060571e+01
5.337817e+05	-2.088527e+01
5.368648e+05	-2.115205e+01
5.399657e+05	-2.134306e+01
5.430845e+05	-2.150434e+01
5.462214e+05	-2.160926e+01
5.493763e+05	-2.168873e+01
5.525495e+05	-2.171684e+01
5.557410e+05	-2.167545e+01
5.589509e+05	-2.162431e+01
5.621794e+05	-2.148551e+01
5.654265e+05	-2.131128e+01
5.686924e+05	-2.107147e+01
5.719772e+05	-2.078597e+01
5.752809e+05	-2.040586e+01
5.786037e+05	-1.998408e+01
5.819457e+05	-1.945040e+01
5.853070e+05	-1.880023e+01
5.886877e+05	-1.808911e+01
5.920879e+05	-1.720203e+01
5.955078e+05	-1.614620e+01
5.989474e+05	-1.488217e+01
6.024069e+05	-1.326972e+01
6.058864e+05	-1.124012e+01
6.093860e+05	-8.564337e+00
6.129058e+05	-4.843012e+00
6.164459e+05	-4.646363e-01
6.200064e+05	-1.969288e+00
6.235876e+05	-6.519240e+00
6.271894e+05	-9.940467e+00
6.308120e+05	-1.245744e+01
6.344555e+05	-1.443412e+01
6.381201e+05	-1.598423e+01
6.418059e+05	-1.728601e+01
6.455129e+05	-1.834670e+01
6.492414e+05	-1.924450e+01
6.529914e+05	-1.999566e+01
6.567630e+05	-2.062776e+01
6.605565e+05	-2.113839e+01
6.643718e+05	-2.158332e+01
6.682092e+05	-2.190477e+01
6.720688e+05	-2.213495e+01
6.759506e+05	-2.229465e+01
6.798549e+05	-2.233376e+01
6.837817e+05	-2.231316e+01
6.877312e+05	-2.217473e+01
6.917035e+05	-2.195402e+01
6.956987e+05	-2.159210e+01
6.997171e+05	-2.113392e+01
7.037586e+05	-2.051272e+01
7.078235e+05	-1.971685e+01
7.119118e+05	-1.872322e+01
7.160238e+05	-1.746812e+01
7.201595e+05	-1.579926e+01
7.243191e+05	-1.362718e+01
7.285028e+05	-1.048047e+01
7.327106e+05	-5.607325e+00
7.369427e+05	-5.211411e-03
7.411992e+05	-5.658452e+00
7.454804e+05	-1.073681e+01
7.497862e+05	-1.401328e+01
7.541170e+05	-1.637393e+01
7.584727e+05	-1.812660e+01
7.628536e+05	-1.954220e+01
7.672598e+05	-2.063162e+01
7.716915e+05	-2.148970e+01
7.761488e+05	-2.214198e+01
7.806318e+05	-2.262698e+01
7.851407e+05	-2.292987e+01
7.896756e+05	-2.306428e+01
7.942367e+05	-2.304896e+01
7.988242e+05	-2.284016e+01
8.034382e+05	-2.243692e+01
8.080788e+05	-2.180636e+01
8.127463e+05	-2.092969e+01
8.174406e+05	-1.967712e+01
8.221621e+05	-1.798933e+01
8.269109e+05	-1.553795e+01
8.316871e+05	-1.178542e+01
8.364909e+05	-4.962826e+00
8.413225e+05	-2.702796e+00
8.461819e+05	-1.090269e+01
8.510694e+05	-1.532543e+01
8.559852e+05	-1.818207e+01
8.609293e+05	-2.019850e+01
8.659020e+05	-2.164398e+01
8.709034e+05	-2.269431e+01
8.759337e+05	-2.339729e+01
8.809931e+05	-2.379949e+01
8.860816e+05	-2.392273e+01
8.911996e+05	-2.373650e+01
8.963471e+05	-2.322676e+01
9.015244e+05	-2.229706e+01
9.067316e+05	-2.083941e+01
9.119688e+05	-1.859905e+01
9.172363e+05	-1.493455e+01
9.225342e+05	-7.673026e+00
9.278628e+05	-4.247202e+00
9.332221e+05	-1.391172e+01
9.386123e+05	-1.846158e+01
9.440337e+05	-2.123788e+01
9.494864e+05	-2.303646e+01
9.549706e+05	-2.422927e+01
9.604865e+05	-2.483983e+01
9.660342e+05	-2.498149e+01
9.716140e+05	-2.458566e+01
9.772260e+05	-2.354563e+01
9.828704e+05	-2.166348e+01
9.885474e+05	-1.827627e+01
9.942572e+05	-1.119423e+01
1.000000e+06	-5.691718e+00
