Frequency(Hz)	Magnitude(dB)
1.000000e+01	-1.610461e-04
1.005776e+01	-1.134878e-05
1.011585e+01	-1.802127e-05
1.017428e+01	3.612630e-05
1.023305e+01	-1.658467e-04
1.029215e+01	9.622379e-05
1.035160e+01	1.265430e-05
1.041139e+01	4.451198e-05
1.047153e+01	1.169663e-04
1.053201e+01	1.310123e-04
1.059284e+01	-2.676871e-04
1.065403e+01	-7.883909e-05
1.071556e+01	-1.269983e-04
1.077746e+01	-1.198561e-05
1.083971e+01	-1.209738e-05
1.090232e+01	-1.422798e-04
1.096529e+01	6.204743e-05
1.102862e+01	8.990821e-05
1.109232e+01	-6.668075e-05
1.115639e+01	-1.334272e-04
1.122083e+01	-1.613273e-05
1.128564e+01	-8.182852e-05
1.135083e+01	2.795032e-05
1.141639e+01	2.299099e-05
1.148233e+01	8.627054e-06
1.154865e+01	1.119764e-05
1.161536e+01	1.042928e-04
1.168245e+01	-9.663816e-05
1.174992e+01	-1.119184e-04
1.181779e+01	-6.113200e-05
1.188605e+01	-9.182887e-05
1.195470e+01	-1.125225e-04
1.202375e+01	-1.772676e-05
1.209320e+01	-2.049805e-05
1.216305e+01	-3.618018e-05
1.223330e+01	-1.049857e-04
1.230396e+01	2.696416e-05
1.237503e+01	-3.180432e-05
1.244651e+01	-1.916163e-04
1.251840e+01	-4.780930e-05
1.259070e+01	6.743636e-05
1.266343e+01	7.631760e-05
1.273657e+01	1.970323e-05
1.281014e+01	1.147276e-05
1.288413e+01	-9.715670e-05
1.295855e+01	-6.841149e-05
1.303339e+01	-1.438211e-04
1.310867e+01	-1.944470e-05
1.318439e+01	-1.281074e-04
1.326054e+01	-4.243303e-05
1.333713e+01	-9.624919e-05
1.341417e+01	-1.197270e-05
1.349165e+01	1.834071e-05
1.356958e+01	-2.426938e-05
1.364795e+01	-3.307747e-05
1.372678e+01	6.988528e-05
1.380607e+01	-4.283298e-05
1.388581e+01	-1.292463e-04
1.396602e+01	-1.211263e-04
1.404668e+01	-1.277154e-05
1.412782e+01	-1.132387e-04
1.420942e+01	-5.731330e-05
1.429149e+01	4.382064e-05
1.437404e+01	-2.997712e-04
1.445706e+01	1.351493e-05
1.454057e+01	-3.703294e-06
1.462455e+01	-1.767456e-04
1.470902e+01	-8.059744e-05
1.479398e+01	-1.376215e-04
1.487943e+01	-1.276672e-04
1.496537e+01	-1.340125e-04
1.505181e+01	5.788998e-05
1.513875e+01	-1.817861e-05
1.522619e+01	-2.466591e-04
1.531414e+01	-1.561953e-04
1.540259e+01	-6.834484e-06
1.549156e+01	-2.286290e-05
1.558103e+01	-2.487463e-04
1.567103e+01	-1.224160e-04
1.576155e+01	-7.210843e-05
1.585258e+01	-5.772216e-05
1.594415e+01	1.833813e-04
1.603624e+01	-1.842124e-04
1.612886e+01	7.332395e-05
1.622202e+01	-1.527133e-04
1.631572e+01	4.349249e-05
1.640996e+01	9.647673e-05
1.650474e+01	-3.860116e-05
1.660008e+01	-3.935209e-06
1.669596e+01	-8.958337e-05
1.679239e+01	-9.969386e-05
1.688938e+01	-2.765485e-05
1.698694e+01	-2.725843e-05
1.708505e+01	1.838125e-05
1.718373e+01	-2.093618e-04
1.728299e+01	-1.546491e-04
1.738281e+01	-1.558790e-04
1.748322e+01	-1.351569e-04
1.758420e+01	-1.200179e-04
1.768576e+01	8.326979e-05
1.778792e+01	-4.912788e-05
1.789066e+01	1.262589e-04
1.799399e+01	2.400916e-05
1.809793e+01	-3.044222e-05
1.820246e+01	1.164745e-05
1.830760e+01	5.847094e-05
1.841334e+01	5.271835e-06
1.851969e+01	9.484052e-05
1.862666e+01	-1.010516e-04
1.873425e+01	-3.947194e-05
1.884246e+01	4.757654e-05
1.895129e+01	-9.279532e-05
1.906075e+01	-9.089730e-05
1.917085e+01	-1.915182e-05
1.928158e+01	-1.239204e-04
1.939295e+01	3.776425e-05
1.950496e+01	-1.147311e-04
1.961762e+01	-8.514798e-05
1.973093e+01	6.810503e-05
1.984490e+01	-1.219263e-04
1.995952e+01	-1.597803e-05
2.007480e+01	-1.024210e-04
2.019076e+01	2.490596e-06
2.030738e+01	-8.592679e-05
2.042467e+01	-7.158066e-05
2.054264e+01	-1.967121e-04
2.066130e+01	-1.581327e-04
2.078064e+01	-1.059751e-04
2.090066e+01	-3.039116e-04
2.102139e+01	-1.073213e-04
2.114280e+01	-1.075844e-04
2.126492e+01	1.005471e-04
2.138775e+01	-1.265402e-04
2.151128e+01	2.298491e-05
2.163553e+01	8.330379e-05
2.176050e+01	7.540972e-05
2.188619e+01	-1.830231e-04
2.201260e+01	-3.969786e-05
2.213974e+01	-1.501754e-04
2.226762e+01	-4.321431e-05
2.239624e+01	2.737288e-06
2.252560e+01	-2.925773e-04
2.265571e+01	7.637451e-06
2.278656e+01	-2.599932e-04
2.291818e+01	-5.437467e-05
2.305055e+01	-1.284717e-04
2.318369e+01	-4.123232e-05
2.331760e+01	-6.815352e-05
2.345228e+01	1.101693e-04
2.358774e+01	-1.896611e-04
2.372398e+01	-2.579270e-04
2.386101e+01	3.973094e-05
2.399883e+01	9.152419e-05
2.413745e+01	-5.430737e-05
2.427686e+01	-1.296925e-04
2.441709e+01	-5.840571e-05
2.455812e+01	-1.430498e-04
2.469997e+01	2.027257e-05
2.484263e+01	-1.922520e-04
2.498612e+01	-5.827429e-05
2.513044e+01	-1.911532e-05
2.527559e+01	-1.167295e-04
2.542158e+01	-1.675475e-04
2.556842e+01	-9.184256e-05
2.571610e+01	-8.895839e-05
2.586463e+01	-2.513880e-04
2.601403e+01	-6.082915e-05
2.616428e+01	-2.313466e-04
2.631541e+01	-1.532024e-04
2.646740e+01	-8.170894e-05
2.662028e+01	-1.678286e-04
2.677404e+01	-1.815810e-04
2.692868e+01	2.115262e-07
2.708422e+01	-6.278780e-05
2.724066e+01	-1.936273e-04
2.739800e+01	-1.657781e-04
2.755625e+01	-1.461262e-04
2.771541e+01	-1.081961e-04
2.787550e+01	-7.351700e-05
2.803650e+01	-1.340368e-04
2.819844e+01	-1.025343e-04
2.836131e+01	-1.256418e-04
2.852513e+01	-5.955631e-05
2.868989e+01	-1.473491e-04
2.885560e+01	-1.053134e-04
2.902227e+01	-2.036312e-04
2.918990e+01	-2.829470e-04
2.935850e+01	-1.426704e-04
2.952807e+01	-3.066366e-04
2.969863e+01	-8.494111e-05
2.987016e+01	-3.204920e-04
3.004269e+01	-1.801595e-04
3.021622e+01	-1.509819e-04
3.039075e+01	-2.455338e-04
3.056628e+01	-8.757849e-05
3.074283e+01	-1.539310e-04
3.092040e+01	-8.947052e-05
3.109900e+01	-1.375995e-04
3.127862e+01	-1.132598e-04
3.145929e+01	-8.498576e-05
3.164099e+01	-1.032780e-05
3.182375e+01	-2.776228e-04
3.200756e+01	-2.984841e-04
3.219244e+01	-1.493678e-04
3.237838e+01	-7.901307e-05
3.256540e+01	-1.393465e-04
3.275349e+01	-1.970723e-04
3.294268e+01	-7.127976e-06
3.313295e+01	-1.947219e-04
3.332433e+01	-1.283218e-04
3.351681e+01	-1.627008e-04
3.371040e+01	-1.953564e-04
3.390511e+01	-2.009517e-04
3.410094e+01	-1.561956e-05
3.429791e+01	-8.692961e-05
3.449601e+01	-1.879479e-05
3.469526e+01	-1.507759e-04
3.489566e+01	-1.822208e-04
3.509721e+01	-2.851914e-04
3.529993e+01	-3.470373e-04
3.550382e+01	-1.912761e-04
3.570889e+01	-3.695246e-04
3.591515e+01	-1.683107e-04
3.612259e+01	-1.972598e-04
3.633123e+01	-3.430261e-04
3.654108e+01	-2.297388e-04
3.675214e+01	-3.173935e-04
3.696442e+01	-9.820252e-05
3.717792e+01	-2.102189e-04
3.739266e+01	-2.317019e-04
3.760864e+01	-2.745824e-04
3.782587e+01	-4.360845e-04
3.804435e+01	-2.881124e-04
3.826409e+01	-1.766767e-04
3.848510e+01	-2.844203e-04
3.870739e+01	-2.754564e-04
3.893096e+01	-1.108791e-04
3.915583e+01	-3.526027e-04
3.938199e+01	-2.401433e-04
3.960946e+01	-1.524421e-04
3.983824e+01	-2.493105e-04
4.006834e+01	-1.226772e-04
4.029978e+01	-2.798142e-04
4.053255e+01	-5.438790e-04
4.076666e+01	-2.511832e-04
4.100213e+01	-2.859774e-04
4.123896e+01	-3.005780e-04
4.147715e+01	-2.376245e-04
4.171672e+01	-1.802505e-04
4.195767e+01	-2.515631e-04
4.220002e+01	-3.239595e-04
4.244377e+01	-5.304067e-04
4.268892e+01	-3.553012e-04
4.293549e+01	-2.179832e-04
4.318348e+01	-3.677599e-04
4.343291e+01	-3.438528e-04
4.368377e+01	-3.018393e-04
4.393609e+01	-4.954224e-04
4.418986e+01	-2.562353e-04
4.444510e+01	-2.931449e-04
4.470182e+01	-3.624657e-04
4.496001e+01	-4.759562e-04
4.521970e+01	-3.034349e-04
4.548089e+01	-3.608302e-04
4.574358e+01	-2.544824e-04
4.600779e+01	-2.107627e-04
4.627353e+01	-3.506032e-04
4.654081e+01	-3.366895e-04
4.680963e+01	-2.814019e-04
4.708000e+01	-5.197994e-04
4.735193e+01	-3.265889e-04
4.762543e+01	-5.272232e-04
4.790051e+01	-5.189979e-04
4.817719e+01	-3.834722e-04
4.845545e+01	-2.643086e-04
4.873533e+01	-3.189371e-04
4.901682e+01	-3.084879e-04
4.929994e+01	-4.328869e-04
4.958470e+01	-3.780245e-04
4.987110e+01	-3.955144e-04
5.015915e+01	-3.877387e-04
5.044887e+01	-3.634882e-04
5.074026e+01	-5.263244e-04
5.103333e+01	-3.295725e-04
5.132810e+01	-4.481247e-04
5.162457e+01	-5.926967e-04
5.192275e+01	-3.462185e-04
5.222265e+01	-3.995913e-04
5.252429e+01	-4.023669e-04
5.282767e+01	-4.013723e-04
5.313280e+01	-5.110717e-04
5.343969e+01	-4.432474e-04
5.374836e+01	-4.289424e-04
5.405880e+01	-5.105297e-04
5.437105e+01	-4.323787e-04
5.468509e+01	-5.828545e-04
5.500095e+01	-3.725190e-04
5.531863e+01	-5.848975e-04
5.563815e+01	-5.459581e-04
5.595951e+01	-5.588675e-04
5.628273e+01	-5.859134e-04
5.660782e+01	-6.794913e-04
5.693479e+01	-5.736094e-04
5.726364e+01	-4.463936e-04
5.759439e+01	-5.734995e-04
5.792705e+01	-6.197604e-04
5.826164e+01	-6.022248e-04
5.859815e+01	-5.088040e-04
5.893662e+01	-6.907823e-04
5.927703e+01	-3.626476e-04
5.961941e+01	-6.032280e-04
5.996377e+01	-5.183697e-04
6.031012e+01	-7.518376e-04
6.065847e+01	-6.533773e-04
6.100883e+01	-7.436222e-04
6.136121e+01	-6.512033e-04
6.171563e+01	-7.469661e-04
6.207210e+01	-6.030904e-04
6.243063e+01	-7.580676e-04
6.279122e+01	-6.894615e-04
6.315390e+01	-5.907409e-04
6.351868e+01	-6.630492e-04
6.388556e+01	-7.132282e-04
6.425456e+01	-7.336199e-04
6.462569e+01	-7.562309e-04
6.499897e+01	-7.122568e-04
6.537440e+01	-7.829879e-04
6.575200e+01	-6.748525e-04
6.613178e+01	-7.349512e-04
6.651375e+01	-5.947368e-04
6.689793e+01	-7.093392e-04
6.728433e+01	-9.147661e-04
6.767297e+01	-5.027359e-04
6.806384e+01	-6.955626e-04
6.845698e+01	-9.435183e-04
6.885238e+01	-8.914126e-04
6.925007e+01	-8.321334e-04
6.965005e+01	-6.963222e-04
7.005235e+01	-6.784141e-04
7.045697e+01	-9.039882e-04
7.086393e+01	-6.938042e-04
7.127323e+01	-8.453223e-04
7.168490e+01	-9.462811e-04
7.209895e+01	-8.283221e-04
7.251539e+01	-9.444376e-04
7.293424e+01	-1.003483e-03
7.335551e+01	-9.869663e-04
7.377920e+01	-8.264384e-04
7.420535e+01	-9.551764e-04
7.463396e+01	-9.808973e-04
7.506504e+01	-7.683988e-04
7.549861e+01	-1.020000e-03
7.593469e+01	-9.983458e-04
7.637328e+01	-1.053556e-03
7.681441e+01	-1.059584e-03
7.725809e+01	-1.000006e-03
7.770433e+01	-9.473317e-04
7.815315e+01	-1.048809e-03
7.860456e+01	-9.293575e-04
7.905857e+01	-1.036118e-03
7.951521e+01	-9.923771e-04
7.997449e+01	-1.005438e-03
8.043642e+01	-1.193192e-03
8.090102e+01	-1.181262e-03
8.136830e+01	-1.152242e-03
8.183828e+01	-1.096210e-03
8.231097e+01	-1.110177e-03
8.278640e+01	-1.214253e-03
8.326457e+01	-1.138666e-03
8.374550e+01	-1.057173e-03
8.422921e+01	-1.297909e-03
8.471572e+01	-1.156421e-03
8.520503e+01	-1.210203e-03
8.569717e+01	-1.193646e-03
8.619215e+01	-1.247967e-03
8.669000e+01	-1.320665e-03
8.719071e+01	-1.235285e-03
8.769432e+01	-1.342612e-03
8.820084e+01	-1.281602e-03
8.871029e+01	-1.403664e-03
8.922267e+01	-1.250834e-03
8.973802e+01	-1.262659e-03
9.025634e+01	-1.348296e-03
9.077766e+01	-1.401192e-03
9.130199e+01	-1.392396e-03
9.182935e+01	-1.422199e-03
9.235975e+01	-1.437640e-03
9.289321e+01	-1.575067e-03
9.342976e+01	-1.646976e-03
9.396941e+01	-1.344360e-03
9.451217e+01	-1.507154e-03
9.505807e+01	-1.483632e-03
9.560712e+01	-1.588751e-03
9.615934e+01	-1.698305e-03
9.671476e+01	-1.466278e-03
9.727338e+01	-1.626048e-03
9.783522e+01	-1.722706e-03
9.840032e+01	-1.674101e-03
9.896867e+01	-1.672535e-03
9.954031e+01	-1.570705e-03
1.001153e+02	-1.644323e-03
1.006935e+02	-1.742357e-03
1.012751e+02	-1.610925e-03
1.018601e+02	-1.741838e-03
1.024484e+02	-1.655188e-03
1.030402e+02	-1.735019e-03
1.036353e+02	-1.873970e-03
1.042339e+02	-1.878716e-03
1.048360e+02	-1.873117e-03
1.054415e+02	-1.887040e-03
1.060505e+02	-1.938415e-03
1.066631e+02	-1.823884e-03
1.072791e+02	-1.964341e-03
1.078988e+02	-1.895419e-03
1.085220e+02	-1.897924e-03
1.091488e+02	-1.851922e-03
1.097793e+02	-2.011868e-03
1.104133e+02	-2.216584e-03
1.110511e+02	-2.163841e-03
1.116925e+02	-2.056300e-03
1.123376e+02	-2.041707e-03
1.129865e+02	-2.116654e-03
1.136391e+02	-2.246731e-03
1.142955e+02	-2.204292e-03
1.149556e+02	-2.307466e-03
1.156196e+02	-2.349047e-03
1.162874e+02	-2.226541e-03
1.169591e+02	-2.288261e-03
1.176347e+02	-2.200969e-03
1.183141e+02	-2.246158e-03
1.189975e+02	-2.393310e-03
1.196848e+02	-2.364784e-03
1.203761e+02	-2.552944e-03
1.210714e+02	-2.311451e-03
1.217707e+02	-2.428461e-03
1.224740e+02	-2.504345e-03
1.231814e+02	-2.539307e-03
1.238929e+02	-2.474564e-03
1.246085e+02	-2.715605e-03
1.253283e+02	-2.549862e-03
1.260522e+02	-2.617584e-03
1.267802e+02	-2.688371e-03
1.275125e+02	-2.658847e-03
1.282490e+02	-2.674989e-03
1.289898e+02	-2.747666e-03
1.297348e+02	-2.865896e-03
1.304842e+02	-2.848480e-03
1.312378e+02	-2.827174e-03
1.319959e+02	-2.821090e-03
1.327583e+02	-2.842781e-03
1.335251e+02	-3.044452e-03
1.342963e+02	-3.023017e-03
1.350720e+02	-3.006129e-03
1.358522e+02	-2.987743e-03
1.366368e+02	-3.222247e-03
1.374260e+02	-3.181266e-03
1.382198e+02	-3.245846e-03
1.390182e+02	-3.350773e-03
1.398211e+02	-3.236542e-03
1.406287e+02	-3.321829e-03
1.414410e+02	-3.283573e-03
1.422579e+02	-3.242002e-03
1.430796e+02	-3.371190e-03
1.439060e+02	-3.499484e-03
1.447372e+02	-3.531614e-03
1.455732e+02	-3.600335e-03
1.464141e+02	-3.579712e-03
1.472597e+02	-3.639498e-03
1.481103e+02	-3.766354e-03
1.489658e+02	-3.711189e-03
1.498262e+02	-3.861801e-03
1.506916e+02	-3.766262e-03
1.515620e+02	-3.860725e-03
1.524374e+02	-3.934273e-03
1.533179e+02	-3.945105e-03
1.542034e+02	-4.082139e-03
1.550941e+02	-4.183274e-03
1.559899e+02	-4.113135e-03
1.568909e+02	-4.068710e-03
1.577971e+02	-4.294999e-03
1.587085e+02	-4.150503e-03
1.596252e+02	-4.307814e-03
1.605472e+02	-4.289208e-03
1.614745e+02	-4.447736e-03
1.624072e+02	-4.351468e-03
1.633453e+02	-4.327826e-03
1.642887e+02	-4.558531e-03
1.652377e+02	-4.541440e-03
1.661921e+02	-4.625519e-03
1.671520e+02	-4.781563e-03
1.681175e+02	-4.976755e-03
1.690885e+02	-4.824704e-03
1.700651e+02	-4.939473e-03
1.710474e+02	-4.845140e-03
1.720354e+02	-4.941120e-03
1.730291e+02	-4.941507e-03
1.740285e+02	-5.188457e-03
1.750337e+02	-5.111928e-03
1.760446e+02	-5.254910e-03
1.770615e+02	-5.189351e-03
1.780842e+02	-5.219121e-03
1.791128e+02	-5.484463e-03
1.801473e+02	-5.323950e-03
1.811878e+02	-5.550596e-03
1.822344e+02	-5.463288e-03
1.832870e+02	-5.633755e-03
1.843456e+02	-5.648076e-03
1.854104e+02	-5.821283e-03
1.864813e+02	-5.893814e-03
1.875584e+02	-5.915986e-03
1.886418e+02	-5.958233e-03
1.897313e+02	-5.975538e-03
1.908272e+02	-5.992998e-03
1.919294e+02	-6.176700e-03
1.930380e+02	-6.223897e-03
1.941530e+02	-6.313820e-03
1.952744e+02	-6.348214e-03
1.964023e+02	-6.423116e-03
1.975367e+02	-6.443565e-03
1.986777e+02	-6.706665e-03
1.998252e+02	-6.791756e-03
2.009794e+02	-6.906786e-03
2.021403e+02	-6.943759e-03
2.033078e+02	-6.879418e-03
2.044821e+02	-7.037065e-03
2.056632e+02	-7.120042e-03
2.068511e+02	-7.236090e-03
2.080459e+02	-7.274149e-03
2.092475e+02	-7.520487e-03
2.104561e+02	-7.331171e-03
2.116717e+02	-7.494727e-03
2.128943e+02	-7.648082e-03
2.141240e+02	-7.687655e-03
2.153608e+02	-7.751252e-03
2.166047e+02	-7.775397e-03
2.178558e+02	-8.029953e-03
2.191141e+02	-7.975034e-03
2.203797e+02	-8.116391e-03
2.216526e+02	-8.245412e-03
2.229329e+02	-8.344265e-03
2.242205e+02	-8.470137e-03
2.255156e+02	-8.565314e-03
2.268182e+02	-8.565844e-03
2.281283e+02	-8.821437e-03
2.294459e+02	-8.994365e-03
2.307712e+02	-9.013294e-03
2.321041e+02	-9.002405e-03
2.334447e+02	-9.192066e-03
2.347931e+02	-9.389199e-03
2.361493e+02	-9.459714e-03
2.375133e+02	-9.548477e-03
2.388851e+02	-9.493499e-03
2.402649e+02	-9.684988e-03
2.416527e+02	-9.694229e-03
2.430484e+02	-9.934951e-03
2.444523e+02	-9.935442e-03
2.458642e+02	-1.015320e-02
2.472843e+02	-1.026023e-02
2.487126e+02	-1.030799e-02
2.501492e+02	-1.045958e-02
2.515940e+02	-1.070463e-02
2.530472e+02	-1.072249e-02
2.545088e+02	-1.076903e-02
2.559789e+02	-1.090306e-02
2.574574e+02	-1.113295e-02
2.589444e+02	-1.134435e-02
2.604401e+02	-1.125429e-02
2.619444e+02	-1.147948e-02
2.634574e+02	-1.171104e-02
2.649791e+02	-1.186512e-02
2.665096e+02	-1.185608e-02
2.680489e+02	-1.189700e-02
2.695972e+02	-1.226103e-02
2.711544e+02	-1.231440e-02
2.727205e+02	-1.258976e-02
2.742958e+02	-1.256938e-02
2.758801e+02	-1.279803e-02
2.774736e+02	-1.277989e-02
2.790762e+02	-1.286487e-02
2.806882e+02	-1.317577e-02
2.823094e+02	-1.329789e-02
2.839400e+02	-1.343541e-02
2.855800e+02	-1.368210e-02
2.872295e+02	-1.380404e-02
2.888886e+02	-1.397360e-02
2.905572e+02	-1.413630e-02
2.922354e+02	-1.425225e-02
2.939234e+02	-1.443333e-02
2.956211e+02	-1.457961e-02
2.973286e+02	-1.485001e-02
2.990459e+02	-1.503846e-02
3.007732e+02	-1.514639e-02
3.025104e+02	-1.514179e-02
3.042577e+02	-1.570200e-02
3.060151e+02	-1.567614e-02
3.077826e+02	-1.582563e-02
3.095604e+02	-1.607541e-02
3.113484e+02	-1.616731e-02
3.131467e+02	-1.661827e-02
3.149554e+02	-1.650141e-02
3.167746e+02	-1.694722e-02
3.186043e+02	-1.701668e-02
3.204445e+02	-1.713691e-02
3.222954e+02	-1.743404e-02
3.241570e+02	-1.756289e-02
3.260293e+02	-1.784772e-02
3.279124e+02	-1.817559e-02
3.298064e+02	-1.820599e-02
3.317114e+02	-1.840343e-02
3.336273e+02	-1.858000e-02
3.355544e+02	-1.880918e-02
3.374925e+02	-1.921766e-02
3.394418e+02	-1.921771e-02
3.414024e+02	-1.959877e-02
3.433744e+02	-1.973475e-02
3.453577e+02	-1.994554e-02
3.473525e+02	-2.003703e-02
3.493588e+02	-2.055334e-02
3.513766e+02	-2.064708e-02
3.534062e+02	-2.074540e-02
3.554474e+02	-2.108932e-02
3.575005e+02	-2.132505e-02
3.595654e+02	-2.149124e-02
3.616422e+02	-2.180905e-02
3.637311e+02	-2.216116e-02
3.658320e+02	-2.232370e-02
3.679450e+02	-2.281329e-02
3.700702e+02	-2.301176e-02
3.722077e+02	-2.311870e-02
3.743576e+02	-2.339864e-02
3.765199e+02	-2.380235e-02
3.786946e+02	-2.396107e-02
3.808820e+02	-2.430465e-02
3.830819e+02	-2.462132e-02
3.852946e+02	-2.484503e-02
3.875200e+02	-2.503009e-02
3.897583e+02	-2.537311e-02
3.920096e+02	-2.578243e-02
3.942738e+02	-2.605817e-02
3.965511e+02	-2.625393e-02
3.988416e+02	-2.643167e-02
4.011452e+02	-2.702450e-02
4.034622e+02	-2.720983e-02
4.057926e+02	-2.767923e-02
4.081365e+02	-2.790985e-02
4.104938e+02	-2.816003e-02
4.128648e+02	-2.857585e-02
4.152495e+02	-2.880311e-02
4.176480e+02	-2.916460e-02
4.200603e+02	-2.956722e-02
4.224866e+02	-2.976280e-02
4.249268e+02	-3.011420e-02
4.273812e+02	-3.060885e-02
4.298497e+02	-3.083867e-02
4.323325e+02	-3.125648e-02
4.348297e+02	-3.163497e-02
4.373412e+02	-3.208394e-02
4.398673e+02	-3.233585e-02
4.424079e+02	-3.277847e-02
4.449633e+02	-3.308335e-02
4.475334e+02	-3.350014e-02
4.501183e+02	-3.396092e-02
4.527182e+02	-3.435479e-02
4.553330e+02	-3.470374e-02
4.579630e+02	-3.508130e-02
4.606082e+02	-3.536132e-02
4.632687e+02	-3.586443e-02
4.659445e+02	-3.640218e-02
4.686358e+02	-3.671829e-02
4.713426e+02	-3.704770e-02
4.740650e+02	-3.742342e-02
4.768032e+02	-3.786231e-02
4.795572e+02	-3.830904e-02
4.823271e+02	-3.878480e-02
4.851130e+02	-3.927099e-02
4.879150e+02	-3.982901e-02
4.907332e+02	-4.015500e-02
4.935676e+02	-4.062584e-02
4.964185e+02	-4.110369e-02
4.992858e+02	-4.147903e-02
5.021696e+02	-4.201604e-02
5.050701e+02	-4.250689e-02
5.079874e+02	-4.296930e-02
5.109215e+02	-4.351941e-02
5.138726e+02	-4.400123e-02
5.168407e+02	-4.450843e-02
5.198259e+02	-4.514974e-02
5.228284e+02	-4.556129e-02
5.258482e+02	-4.608005e-02
5.288855e+02	-4.651621e-02
5.319403e+02	-4.707945e-02
5.350128e+02	-4.765333e-02
5.381030e+02	-4.828484e-02
5.412111e+02	-4.881977e-02
5.443371e+02	-4.923068e-02
5.474812e+02	-4.990200e-02
5.506434e+02	-5.047215e-02
5.538239e+02	-5.121750e-02
5.570228e+02	-5.176341e-02
5.602401e+02	-5.233598e-02
5.634760e+02	-5.288465e-02
5.667306e+02	-5.343052e-02
5.700040e+02	-5.417487e-02
5.732964e+02	-5.471551e-02
5.766077e+02	-5.546189e-02
5.799382e+02	-5.590239e-02
5.832879e+02	-5.663586e-02
5.866569e+02	-5.742100e-02
5.900454e+02	-5.805857e-02
5.934535e+02	-5.871336e-02
5.968813e+02	-5.937669e-02
6.003288e+02	-6.018504e-02
6.037963e+02	-6.064482e-02
6.072838e+02	-6.154871e-02
6.107914e+02	-6.226813e-02
6.143194e+02	-6.282143e-02
6.178676e+02	-6.365114e-02
6.214364e+02	-6.413922e-02
6.250258e+02	-6.500133e-02
6.286359e+02	-6.593543e-02
6.322669e+02	-6.656963e-02
6.359189e+02	-6.707304e-02
6.395919e+02	-6.808931e-02
6.432862e+02	-6.882027e-02
6.470017e+02	-6.957112e-02
6.507388e+02	-7.041975e-02
6.544974e+02	-7.121054e-02
6.582778e+02	-7.218996e-02
6.620800e+02	-7.287124e-02
6.659041e+02	-7.373314e-02
6.697504e+02	-7.464077e-02
6.736188e+02	-7.548206e-02
6.775096e+02	-7.627400e-02
6.814229e+02	-7.706220e-02
6.853587e+02	-7.816617e-02
6.893173e+02	-7.899251e-02
6.932988e+02	-7.998152e-02
6.973033e+02	-8.102999e-02
7.013309e+02	-8.169725e-02
7.053817e+02	-8.279531e-02
7.094560e+02	-8.355125e-02
7.135538e+02	-8.448836e-02
7.176752e+02	-8.553258e-02
7.218205e+02	-8.637907e-02
7.259897e+02	-8.753606e-02
7.301830e+02	-8.856105e-02
7.344005e+02	-8.941987e-02
7.386424e+02	-9.044959e-02
7.429087e+02	-9.171490e-02
7.471998e+02	-9.248789e-02
7.515155e+02	-9.374960e-02
7.558563e+02	-9.468478e-02
7.602221e+02	-9.582600e-02
7.646131e+02	-9.699152e-02
7.690295e+02	-9.805572e-02
7.734713e+02	-9.924679e-02
7.779389e+02	-1.002568e-01
7.824322e+02	-1.014283e-01
7.869515e+02	-1.026354e-01
7.914969e+02	-1.038530e-01
7.960686e+02	-1.050840e-01
8.006666e+02	-1.060801e-01
8.052912e+02	-1.074147e-01
8.099426e+02	-1.085135e-01
8.146208e+02	-1.098532e-01
8.193260e+02	-1.109970e-01
8.240584e+02	-1.125316e-01
8.288181e+02	-1.137652e-01
8.336053e+02	-1.149777e-01
8.384202e+02	-1.162586e-01
8.432629e+02	-1.177534e-01
8.481335e+02	-1.191534e-01
8.530323e+02	-1.204148e-01
8.579594e+02	-1.218437e-01
8.629149e+02	-1.231292e-01
8.678991e+02	-1.245237e-01
8.729120e+02	-1.257926e-01
8.779539e+02	-1.274001e-01
8.830250e+02	-1.287322e-01
8.881253e+02	-1.303024e-01
8.932551e+02	-1.320289e-01
8.984145e+02	-1.331598e-01
9.036037e+02	-1.347262e-01
9.088229e+02	-1.364189e-01
9.140722e+02	-1.379706e-01
9.193518e+02	-1.395275e-01
9.246620e+02	-1.411277e-01
9.300028e+02	-1.428136e-01
9.353744e+02	-1.444197e-01
9.407771e+02	-1.459756e-01
9.462110e+02	-1.476578e-01
9.516763e+02	-1.493974e-01
9.571731e+02	-1.508903e-01
9.627017e+02	-1.527368e-01
9.682622e+02	-1.544130e-01
9.738549e+02	-1.563039e-01
9.794798e+02	-1.579173e-01
9.851373e+02	-1.597762e-01
9.908274e+02	-1.616474e-01
9.965504e+02	-1.633913e-01
1.002306e+03	-1.652945e-01
1.008096e+03	-1.671508e-01
1.013918e+03	-1.690563e-01
1.019775e+03	-1.709509e-01
1.025665e+03	-1.729644e-01
1.031589e+03	-1.748462e-01
1.037548e+03	-1.770443e-01
1.043540e+03	-1.788267e-01
1.049568e+03	-1.809637e-01
1.055630e+03	-1.827830e-01
1.061727e+03	-1.851000e-01
1.067860e+03	-1.870883e-01
1.074028e+03	-1.892143e-01
1.080231e+03	-1.913841e-01
1.086471e+03	-1.935566e-01
1.092746e+03	-1.956161e-01
1.099058e+03	-1.981753e-01
1.105406e+03	-2.001573e-01
1.111791e+03	-2.024214e-01
1.118212e+03	-2.047621e-01
1.124671e+03	-2.071583e-01
1.131167e+03	-2.095146e-01
1.137701e+03	-2.118276e-01
1.144272e+03	-2.142162e-01
1.150881e+03	-2.166012e-01
1.157529e+03	-2.190652e-01
1.164215e+03	-2.216344e-01
1.170939e+03	-2.240484e-01
1.177702e+03	-2.265348e-01
1.184505e+03	-2.289973e-01
1.191346e+03	-2.318272e-01
1.198227e+03	-2.342900e-01
1.205148e+03	-2.368455e-01
1.212109e+03	-2.396968e-01
1.219110e+03	-2.423285e-01
1.226152e+03	-2.450322e-01
1.233234e+03	-2.476701e-01
1.240357e+03	-2.506730e-01
1.247521e+03	-2.536013e-01
1.254727e+03	-2.561481e-01
1.261974e+03	-2.593443e-01
1.269263e+03	-2.621480e-01
1.276595e+03	-2.650226e-01
1.283968e+03	-2.679509e-01
1.291384e+03	-2.709732e-01
1.298843e+03	-2.741485e-01
1.306345e+03	-2.771299e-01
1.313891e+03	-2.803799e-01
1.321480e+03	-2.832824e-01
1.329113e+03	-2.865937e-01
1.336790e+03	-2.896989e-01
1.344511e+03	-2.932213e-01
1.352277e+03	-2.964338e-01
1.360087e+03	-2.996717e-01
1.367943e+03	-3.028796e-01
1.375844e+03	-3.064295e-01
1.383791e+03	-3.097651e-01
1.391784e+03	-3.133964e-01
1.399823e+03	-3.169074e-01
1.407908e+03	-3.203123e-01
1.416040e+03	-3.238236e-01
1.424219e+03	-3.274371e-01
1.432445e+03	-3.310136e-01
1.440719e+03	-3.348888e-01
1.449041e+03	-3.385371e-01
1.457410e+03	-3.423198e-01
1.465828e+03	-3.461283e-01
1.474295e+03	-3.498562e-01
1.482810e+03	-3.539698e-01
1.491375e+03	-3.578241e-01
1.499989e+03	-3.616997e-01
1.508653e+03	-3.658098e-01
1.517367e+03	-3.699589e-01
1.526131e+03	-3.738901e-01
1.534946e+03	-3.782908e-01
1.543812e+03	-3.823716e-01
1.552729e+03	-3.865569e-01
1.561697e+03	-3.907842e-01
1.570717e+03	-3.951936e-01
1.579790e+03	-3.994118e-01
1.588915e+03	-4.039709e-01
1.598092e+03	-4.083472e-01
1.607323e+03	-4.130181e-01
1.616606e+03	-4.174175e-01
1.625944e+03	-4.220217e-01
1.635335e+03	-4.267127e-01
1.644781e+03	-4.314411e-01
1.654281e+03	-4.361109e-01
1.663836e+03	-4.410019e-01
1.673446e+03	-4.457915e-01
1.683112e+03	-4.507602e-01
1.692834e+03	-4.557763e-01
1.702611e+03	-4.607330e-01
1.712446e+03	-4.657170e-01
1.722337e+03	-4.710408e-01
1.732285e+03	-4.761128e-01
1.742290e+03	-4.812944e-01
1.752354e+03	-4.864303e-01
1.762475e+03	-4.919674e-01
1.772655e+03	-4.971489e-01
1.782894e+03	-5.027680e-01
1.793192e+03	-5.082216e-01
1.803549e+03	-5.137725e-01
1.813967e+03	-5.193768e-01
1.824444e+03	-5.250942e-01
1.834982e+03	-5.308228e-01
1.845581e+03	-5.364812e-01
1.856241e+03	-5.423384e-01
1.866962e+03	-5.481635e-01
1.877746e+03	-5.541198e-01
1.888592e+03	-5.602422e-01
1.899500e+03	-5.662663e-01
1.910472e+03	-5.724664e-01
1.921506e+03	-5.785957e-01
1.932605e+03	-5.849395e-01
1.943768e+03	-5.914144e-01
1.954995e+03	-5.975956e-01
1.966287e+03	-6.041892e-01
1.977644e+03	-6.106976e-01
1.989067e+03	-6.171428e-01
2.000555e+03	-6.240176e-01
2.012110e+03	-6.305140e-01
2.023732e+03	-6.375373e-01
2.035421e+03	-6.441808e-01
2.047178e+03	-6.511887e-01
2.059002e+03	-6.581947e-01
2.070895e+03	-6.654461e-01
2.082856e+03	-6.724321e-01
2.094887e+03	-6.797140e-01
2.106987e+03	-6.870902e-01
2.119157e+03	-6.942717e-01
2.131397e+03	-7.017320e-01
2.143708e+03	-7.091236e-01
2.156090e+03	-7.168642e-01
2.168543e+03	-7.244678e-01
2.181069e+03	-7.321160e-01
2.193666e+03	-7.401010e-01
2.206337e+03	-7.476300e-01
2.219081e+03	-7.557539e-01
2.231898e+03	-7.638890e-01
2.244789e+03	-7.719054e-01
2.257755e+03	-7.799963e-01
2.270796e+03	-7.882110e-01
2.283912e+03	-7.966883e-01
2.297104e+03	-8.051027e-01
2.310372e+03	-8.137480e-01
2.323716e+03	-8.222294e-01
2.337138e+03	-8.308659e-01
2.350637e+03	-8.396085e-01
2.364214e+03	-8.483308e-01
2.377870e+03	-8.574211e-01
2.391604e+03	-8.663213e-01
2.405418e+03	-8.754340e-01
2.419312e+03	-8.846078e-01
2.433286e+03	-8.939405e-01
2.447340e+03	-9.031818e-01
2.461476e+03	-9.126916e-01
2.475693e+03	-9.221718e-01
2.489993e+03	-9.317289e-01
2.504375e+03	-9.414012e-01
2.518840e+03	-9.508669e-01
2.533389e+03	-9.609764e-01
2.548022e+03	-9.710757e-01
2.562739e+03	-9.811297e-01
2.577541e+03	-9.911888e-01
2.592429e+03	-1.001560e+00
2.607403e+03	-1.011920e+00
2.622463e+03	-1.022287e+00
2.637610e+03	-1.032838e+00
2.652845e+03	-1.043416e+00
2.668168e+03	-1.053996e+00
2.683579e+03	-1.065125e+00
2.699079e+03	-1.075947e+00
2.714669e+03	-1.086911e+00
2.730349e+03	-1.098070e+00
2.746119e+03	-1.109166e+00
2.761981e+03	-1.120709e+00
2.777934e+03	-1.131944e+00
2.793979e+03	-1.143617e+00
2.810117e+03	-1.155230e+00
2.826348e+03	-1.166958e+00
2.842673e+03	-1.178844e+00
2.859092e+03	-1.190572e+00
2.875606e+03	-1.202670e+00
2.892215e+03	-1.214890e+00
2.908921e+03	-1.227043e+00
2.925722e+03	-1.239587e+00
2.942621e+03	-1.252195e+00
2.959618e+03	-1.264416e+00
2.976712e+03	-1.277152e+00
2.993906e+03	-1.290100e+00
3.011198e+03	-1.302897e+00
3.028591e+03	-1.315791e+00
3.046084e+03	-1.329002e+00
3.063678e+03	-1.342295e+00
3.081374e+03	-1.355524e+00
3.099172e+03	-1.369059e+00
3.117072e+03	-1.382530e+00
3.135076e+03	-1.396422e+00
3.153184e+03	-1.410064e+00
3.171397e+03	-1.424007e+00
3.189715e+03	-1.438096e+00
3.208139e+03	-1.452164e+00
3.226669e+03	-1.466514e+00
3.245306e+03	-1.480719e+00
3.264051e+03	-1.495259e+00
3.282904e+03	-1.509868e+00
3.301866e+03	-1.524603e+00
3.320937e+03	-1.539404e+00
3.340119e+03	-1.554396e+00
3.359411e+03	-1.569630e+00
3.378815e+03	-1.584746e+00
3.398331e+03	-1.600248e+00
3.417959e+03	-1.615489e+00
3.437701e+03	-1.631193e+00
3.457557e+03	-1.646909e+00
3.477528e+03	-1.662783e+00
3.497614e+03	-1.678611e+00
3.517816e+03	-1.694913e+00
3.538135e+03	-1.711044e+00
3.558571e+03	-1.727361e+00
3.579125e+03	-1.743663e+00
3.599798e+03	-1.760387e+00
3.620590e+03	-1.776973e+00
3.641503e+03	-1.794000e+00
3.662536e+03	-1.810892e+00
3.683691e+03	-1.827991e+00
3.704967e+03	-1.845297e+00
3.726367e+03	-1.862471e+00
3.747890e+03	-1.880032e+00
3.769538e+03	-1.897640e+00
3.791311e+03	-1.915506e+00
3.813209e+03	-1.933150e+00
3.835234e+03	-1.951256e+00
3.857386e+03	-1.969141e+00
3.879667e+03	-1.987808e+00
3.902075e+03	-2.005975e+00
3.924614e+03	-2.024663e+00
3.947282e+03	-2.043149e+00
3.970081e+03	-2.062296e+00
3.993012e+03	-2.081277e+00
4.016076e+03	-2.100015e+00
4.039272e+03	-2.119451e+00
4.062603e+03	-2.138812e+00
4.086069e+03	-2.158368e+00
4.109670e+03	-2.177540e+00
4.133407e+03	-2.197601e+00
4.157281e+03	-2.217450e+00
4.181294e+03	-2.237611e+00
4.205445e+03	-2.257636e+00
4.229735e+03	-2.277852e+00
4.254166e+03	-2.298435e+00
4.278738e+03	-2.319061e+00
4.303451e+03	-2.339961e+00
4.328308e+03	-2.360710e+00
4.353308e+03	-2.381606e+00
4.378453e+03	-2.402702e+00
4.403742e+03	-2.424013e+00
4.429178e+03	-2.445386e+00
4.454761e+03	-2.467025e+00
4.480492e+03	-2.488719e+00
4.506371e+03	-2.510321e+00
4.532399e+03	-2.532499e+00
4.558578e+03	-2.554755e+00
4.584908e+03	-2.577025e+00
4.611391e+03	-2.599389e+00
4.638026e+03	-2.621856e+00
4.664815e+03	-2.644795e+00
4.691759e+03	-2.667513e+00
4.718858e+03	-2.690330e+00
4.746114e+03	-2.713537e+00
4.773527e+03	-2.736855e+00
4.801099e+03	-2.760091e+00
4.828830e+03	-2.783604e+00
4.856721e+03	-2.807632e+00
4.884773e+03	-2.831138e+00
4.912988e+03	-2.854943e+00
4.941365e+03	-2.879227e+00
4.969906e+03	-2.903471e+00
4.998612e+03	-2.928286e+00
5.027484e+03	-2.952622e+00
5.056522e+03	-2.977264e+00
5.085729e+03	-3.002201e+00
5.115104e+03	-3.026979e+00
5.144648e+03	-3.052017e+00
5.174363e+03	-3.077414e+00
5.204250e+03	-3.102723e+00
5.234310e+03	-3.128263e+00
5.264543e+03	-3.153840e+00
5.294951e+03	-3.179660e+00
5.325534e+03	-3.205840e+00
5.356294e+03	-3.231886e+00
5.387232e+03	-3.258135e+00
5.418348e+03	-3.284456e+00
5.449645e+03	-3.311112e+00
5.481122e+03	-3.337441e+00
5.512780e+03	-3.364607e+00
5.544622e+03	-3.391543e+00
5.576647e+03	-3.418191e+00
5.608858e+03	-3.445871e+00
5.641254e+03	-3.473071e+00
5.673838e+03	-3.500626e+00
5.706610e+03	-3.528377e+00
5.739571e+03	-3.556069e+00
5.772723e+03	-3.584202e+00
5.806066e+03	-3.612187e+00
5.839601e+03	-3.640448e+00
5.873331e+03	-3.668903e+00
5.907255e+03	-3.697259e+00
5.941375e+03	-3.725636e+00
5.975692e+03	-3.754499e+00
6.010207e+03	-3.783630e+00
6.044922e+03	-3.812462e+00
6.079837e+03	-3.841835e+00
6.114954e+03	-3.871162e+00
6.150274e+03	-3.900771e+00
6.185797e+03	-3.930227e+00
6.221526e+03	-3.959741e+00
6.257462e+03	-3.989725e+00
6.293605e+03	-4.019771e+00
6.329956e+03	-4.049885e+00
6.366518e+03	-4.080054e+00
6.403290e+03	-4.110495e+00
6.440276e+03	-4.141218e+00
6.477474e+03	-4.171787e+00
6.514888e+03	-4.202732e+00
6.552518e+03	-4.233439e+00
6.590365e+03	-4.264679e+00
6.628430e+03	-4.295922e+00
6.666716e+03	-4.327002e+00
6.705223e+03	-4.358392e+00
6.743952e+03	-4.390105e+00
6.782905e+03	-4.422081e+00
6.822082e+03	-4.454003e+00
6.861486e+03	-4.485790e+00
6.901118e+03	-4.518099e+00
6.940979e+03	-4.550368e+00
6.981069e+03	-4.582411e+00
7.021392e+03	-4.614872e+00
7.061947e+03	-4.647391e+00
7.102737e+03	-4.680360e+00
7.143762e+03	-4.713088e+00
7.185024e+03	-4.746353e+00
7.226524e+03	-4.779516e+00
7.268264e+03	-4.812619e+00
7.310246e+03	-4.845951e+00
7.352469e+03	-4.879672e+00
7.394937e+03	-4.913134e+00
7.437650e+03	-4.947117e+00
7.480609e+03	-4.980770e+00
7.523817e+03	-5.014491e+00
7.567274e+03	-5.048863e+00
7.610982e+03	-5.083063e+00
7.654943e+03	-5.117931e+00
7.699158e+03	-5.151711e+00
7.743628e+03	-5.186440e+00
7.788355e+03	-5.221365e+00
7.833340e+03	-5.256460e+00
7.878585e+03	-5.290920e+00
7.924091e+03	-5.326136e+00
7.969861e+03	-5.361025e+00
8.015894e+03	-5.396332e+00
8.062194e+03	-5.431868e+00
8.108761e+03	-5.467287e+00
8.155596e+03	-5.503394e+00
8.202703e+03	-5.538812e+00
8.250081e+03	-5.574738e+00
8.297733e+03	-5.610804e+00
8.345661e+03	-5.646771e+00
8.393865e+03	-5.682244e+00
8.442348e+03	-5.718942e+00
8.491110e+03	-5.755244e+00
8.540155e+03	-5.792133e+00
8.589482e+03	-5.828652e+00
8.639095e+03	-5.865308e+00
8.688994e+03	-5.902529e+00
8.739181e+03	-5.939236e+00
8.789658e+03	-5.976293e+00
8.840427e+03	-6.013102e+00
8.891489e+03	-6.050453e+00
8.942846e+03	-6.087523e+00
8.994499e+03	-6.124951e+00
9.046451e+03	-6.162860e+00
9.098703e+03	-6.200175e+00
9.151257e+03	-6.238137e+00
9.204114e+03	-6.276266e+00
9.257277e+03	-6.313941e+00
9.310746e+03	-6.352192e+00
9.364525e+03	-6.389687e+00
9.418614e+03	-6.428448e+00
9.473015e+03	-6.466345e+00
9.527731e+03	-6.505031e+00
9.582763e+03	-6.543241e+00
9.638113e+03	-6.581633e+00
9.693782e+03	-6.620708e+00
9.749773e+03	-6.659485e+00
9.806087e+03	-6.698732e+00
9.862727e+03	-6.737312e+00
9.919693e+03	-6.776311e+00
9.976989e+03	-6.815626e+00
1.003462e+04	-6.855071e+00
1.009258e+04	-6.894305e+00
1.015087e+04	-6.933507e+00
1.020950e+04	-6.972960e+00
1.026847e+04	-7.012493e+00
1.032778e+04	-7.052027e+00
1.038743e+04	-7.091798e+00
1.044743e+04	-7.131686e+00
1.050777e+04	-7.171524e+00
1.056847e+04	-7.211679e+00
1.062951e+04	-7.251275e+00
1.069091e+04	-7.291537e+00
1.075266e+04	-7.332151e+00
1.081476e+04	-7.372194e+00
1.087723e+04	-7.412557e+00
1.094006e+04	-7.453294e+00
1.100324e+04	-7.494172e+00
1.106680e+04	-7.534402e+00
1.113072e+04	-7.574854e+00
1.119501e+04	-7.615737e+00
1.125967e+04	-7.656800e+00
1.132471e+04	-7.697265e+00
1.139012e+04	-7.738579e+00
1.145591e+04	-7.779656e+00
1.152208e+04	-7.820645e+00
1.158863e+04	-7.861397e+00
1.165556e+04	-7.903383e+00
1.172289e+04	-7.944594e+00
1.179060e+04	-7.985943e+00
1.185870e+04	-8.026848e+00
1.192719e+04	-8.069346e+00
1.199608e+04	-8.110540e+00
1.206537e+04	-8.152059e+00
1.213506e+04	-8.193930e+00
1.220515e+04	-8.235343e+00
1.227565e+04	-8.277515e+00
1.234655e+04	-8.319227e+00
1.241787e+04	-8.361610e+00
1.248959e+04	-8.403166e+00
1.256173e+04	-8.445081e+00
1.263429e+04	-8.487607e+00
1.270726e+04	-8.529729e+00
1.278066e+04	-8.571836e+00
1.285448e+04	-8.614547e+00
1.292873e+04	-8.657064e+00
1.300340e+04	-8.699230e+00
1.307851e+04	-8.741963e+00
1.315405e+04	-8.784228e+00
1.323003e+04	-8.827522e+00
1.330644e+04	-8.869350e+00
1.338330e+04	-8.912006e+00
1.346060e+04	-8.955256e+00
1.353835e+04	-8.997734e+00
1.361655e+04	-9.040780e+00
1.369520e+04	-9.083636e+00
1.377430e+04	-9.126961e+00
1.385386e+04	-9.169700e+00
1.393388e+04	-9.212789e+00
1.401436e+04	-9.255963e+00
1.409531e+04	-9.298908e+00
1.417672e+04	-9.342706e+00
1.425861e+04	-9.385630e+00
1.434096e+04	-9.428838e+00
1.442379e+04	-9.472594e+00
1.450711e+04	-9.515432e+00
1.459090e+04	-9.558745e+00
1.467518e+04	-9.602589e+00
1.475994e+04	-9.646144e+00
1.484519e+04	-9.689102e+00
1.493094e+04	-9.733234e+00
1.501718e+04	-9.776780e+00
1.510392e+04	-9.820225e+00
1.519116e+04	-9.864193e+00
1.527890e+04	-9.907398e+00
1.536715e+04	-9.951547e+00
1.545591e+04	-9.995624e+00
1.554518e+04	-1.003926e+01
1.563497e+04	-1.008318e+01
1.572528e+04	-1.012704e+01
1.581611e+04	-1.017139e+01
1.590746e+04	-1.021476e+01
1.599934e+04	-1.025858e+01
1.609175e+04	-1.030292e+01
1.618470e+04	-1.034729e+01
1.627818e+04	-1.039089e+01
1.637220e+04	-1.043531e+01
1.646677e+04	-1.048011e+01
1.656188e+04	-1.052399e+01
1.665754e+04	-1.056763e+01
1.675375e+04	-1.061187e+01
1.685052e+04	-1.065654e+01
1.694785e+04	-1.070099e+01
1.704574e+04	-1.074484e+01
1.714419e+04	-1.078935e+01
1.724322e+04	-1.083366e+01
1.734281e+04	-1.087811e+01
1.744299e+04	-1.092243e+01
1.754374e+04	-1.096716e+01
1.764507e+04	-1.101142e+01
1.774698e+04	-1.105659e+01
1.784949e+04	-1.110037e+01
1.795259e+04	-1.114482e+01
1.805628e+04	-1.118969e+01
1.816057e+04	-1.123432e+01
1.826547e+04	-1.127869e+01
1.837097e+04	-1.132376e+01
1.847708e+04	-1.136781e+01
1.858380e+04	-1.141306e+01
1.869114e+04	-1.145685e+01
1.879910e+04	-1.150166e+01
1.890768e+04	-1.154652e+01
1.901689e+04	-1.159117e+01
1.912673e+04	-1.163591e+01
1.923721e+04	-1.168104e+01
1.934832e+04	-1.172526e+01
1.946008e+04	-1.177044e+01
1.957248e+04	-1.181513e+01
1.968553e+04	-1.185897e+01
1.979923e+04	-1.190395e+01
1.991359e+04	-1.194895e+01
2.002861e+04	-1.199404e+01
2.014430e+04	-1.203870e+01
2.026065e+04	-1.208363e+01
2.037767e+04	-1.212844e+01
2.049537e+04	-1.217311e+01
2.061375e+04	-1.221727e+01
2.073282e+04	-1.226233e+01
2.085257e+04	-1.230755e+01
2.097301e+04	-1.235215e+01
2.109415e+04	-1.239715e+01
2.121599e+04	-1.244274e+01
2.133853e+04	-1.248749e+01
2.146178e+04	-1.253155e+01
2.158575e+04	-1.257649e+01
2.171043e+04	-1.262114e+01
2.183582e+04	-1.266570e+01
2.196195e+04	-1.271019e+01
2.208880e+04	-1.275498e+01
2.221638e+04	-1.280015e+01
2.234470e+04	-1.284524e+01
2.247377e+04	-1.289008e+01
2.260357e+04	-1.293460e+01
2.273413e+04	-1.297911e+01
2.286544e+04	-1.302459e+01
2.299751e+04	-1.306882e+01
2.313034e+04	-1.311449e+01
2.326394e+04	-1.315868e+01
2.339832e+04	-1.320313e+01
2.353346e+04	-1.324823e+01
2.366939e+04	-1.329373e+01
2.380610e+04	-1.333710e+01
2.394361e+04	-1.338190e+01
2.408191e+04	-1.342692e+01
2.422100e+04	-1.347175e+01
2.436090e+04	-1.351604e+01
2.450161e+04	-1.356038e+01
2.464313e+04	-1.360546e+01
2.478547e+04	-1.365068e+01
2.492863e+04	-1.369347e+01
2.507261e+04	-1.373901e+01
2.521743e+04	-1.378397e+01
2.536309e+04	-1.382846e+01
2.550958e+04	-1.387238e+01
2.565692e+04	-1.391616e+01
2.580512e+04	-1.396043e+01
2.595417e+04	-1.400541e+01
2.610408e+04	-1.405065e+01
2.625485e+04	-1.409462e+01
2.640650e+04	-1.413904e+01
2.655902e+04	-1.418315e+01
2.671243e+04	-1.422652e+01
2.686672e+04	-1.427220e+01
2.702190e+04	-1.431637e+01
2.717798e+04	-1.436007e+01
2.733495e+04	-1.440423e+01
2.749284e+04	-1.444870e+01
2.765164e+04	-1.449342e+01
2.781135e+04	-1.453704e+01
2.797199e+04	-1.458095e+01
2.813355e+04	-1.462532e+01
2.829605e+04	-1.466898e+01
2.845949e+04	-1.471333e+01
2.862387e+04	-1.475703e+01
2.878920e+04	-1.480038e+01
2.895549e+04	-1.484537e+01
2.912273e+04	-1.488884e+01
2.929094e+04	-1.493165e+01
2.946013e+04	-1.497605e+01
2.963029e+04	-1.501976e+01
2.980143e+04	-1.506223e+01
2.997356e+04	-1.510632e+01
3.014669e+04	-1.515036e+01
3.032081e+04	-1.519434e+01
3.049595e+04	-1.523696e+01
3.067209e+04	-1.528060e+01
3.084925e+04	-1.532400e+01
3.102743e+04	-1.536836e+01
3.120665e+04	-1.541214e+01
3.138690e+04	-1.545376e+01
3.156819e+04	-1.549673e+01
3.175052e+04	-1.554034e+01
3.193391e+04	-1.558292e+01
3.211836e+04	-1.562646e+01
3.230388e+04	-1.566879e+01
3.249046e+04	-1.571234e+01
3.267812e+04	-1.575539e+01
3.286687e+04	-1.579763e+01
3.305671e+04	-1.584075e+01
3.324764e+04	-1.588273e+01
3.343968e+04	-1.592578e+01
3.363283e+04	-1.596747e+01
3.382709e+04	-1.601003e+01
3.402247e+04	-1.605334e+01
3.421899e+04	-1.609545e+01
3.441663e+04	-1.613705e+01
3.461542e+04	-1.618096e+01
3.481536e+04	-1.622183e+01
3.501645e+04	-1.626468e+01
3.521871e+04	-1.630649e+01
3.542213e+04	-1.634834e+01
3.562672e+04	-1.638876e+01
3.583250e+04	-1.643190e+01
3.603947e+04	-1.647317e+01
3.624763e+04	-1.651560e+01
3.645700e+04	-1.655681e+01
3.666757e+04	-1.659879e+01
3.687936e+04	-1.663957e+01
3.709238e+04	-1.667984e+01
3.730662e+04	-1.672156e+01
3.752210e+04	-1.676280e+01
3.773883e+04	-1.680434e+01
3.795680e+04	-1.684502e+01
3.817604e+04	-1.688588e+01
3.839654e+04	-1.692699e+01
3.861832e+04	-1.696819e+01
3.884138e+04	-1.700808e+01
3.906573e+04	-1.704902e+01
3.929137e+04	-1.709017e+01
3.951831e+04	-1.713001e+01
3.974657e+04	-1.716955e+01
3.997614e+04	-1.721005e+01
4.020704e+04	-1.725008e+01
4.043928e+04	-1.728892e+01
4.067285e+04	-1.733032e+01
4.090778e+04	-1.736801e+01
4.114406e+04	-1.740802e+01
4.138171e+04	-1.744783e+01
4.162073e+04	-1.748775e+01
4.186113e+04	-1.752662e+01
4.210291e+04	-1.756541e+01
4.234610e+04	-1.760573e+01
4.259069e+04	-1.764410e+01
4.283669e+04	-1.768293e+01
4.308411e+04	-1.772188e+01
4.333297e+04	-1.775933e+01
4.358325e+04	-1.779938e+01
4.383499e+04	-1.783608e+01
4.408818e+04	-1.787564e+01
4.434283e+04	-1.791318e+01
4.459895e+04	-1.795223e+01
4.485655e+04	-1.798906e+01
4.511564e+04	-1.802732e+01
4.537623e+04	-1.806385e+01
4.563832e+04	-1.810151e+01
4.590193e+04	-1.813858e+01
4.616705e+04	-1.817592e+01
4.643371e+04	-1.821294e+01
4.670191e+04	-1.824846e+01
4.697166e+04	-1.828600e+01
4.724297e+04	-1.832274e+01
4.751584e+04	-1.835955e+01
4.779029e+04	-1.839521e+01
4.806633e+04	-1.843318e+01
4.834395e+04	-1.846740e+01
4.862319e+04	-1.850367e+01
4.890403e+04	-1.853960e+01
4.918650e+04	-1.857360e+01
4.947060e+04	-1.860852e+01
4.975634e+04	-1.864392e+01
5.004373e+04	-1.867971e+01
5.033278e+04	-1.871513e+01
5.062350e+04	-1.874822e+01
5.091590e+04	-1.878332e+01
5.120999e+04	-1.881788e+01
5.150578e+04	-1.885139e+01
5.180327e+04	-1.888450e+01
5.210248e+04	-1.891780e+01
5.240343e+04	-1.895144e+01
5.270611e+04	-1.898643e+01
5.301053e+04	-1.901833e+01
5.331672e+04	-1.905098e+01
5.362468e+04	-1.908216e+01
5.393441e+04	-1.911699e+01
5.424593e+04	-1.914752e+01
5.455926e+04	-1.918133e+01
5.487439e+04	-1.921221e+01
5.519134e+04	-1.924310e+01
5.551012e+04	-1.927555e+01
5.583075e+04	-1.930747e+01
5.615322e+04	-1.933799e+01
5.647756e+04	-1.936721e+01
5.680377e+04	-1.939719e+01
5.713187e+04	-1.942917e+01
5.746186e+04	-1.945796e+01
5.779376e+04	-1.948714e+01
5.812757e+04	-1.951838e+01
5.846332e+04	-1.954753e+01
5.880100e+04	-1.957608e+01
5.914063e+04	-1.960318e+01
5.948222e+04	-1.963229e+01
5.982579e+04	-1.966077e+01
6.017134e+04	-1.968847e+01
6.051889e+04	-1.971651e+01
6.086844e+04	-1.974408e+01
6.122002e+04	-1.977228e+01
6.157362e+04	-1.979870e+01
6.192927e+04	-1.982520e+01
6.228697e+04	-1.985142e+01
6.264674e+04	-1.987730e+01
6.300858e+04	-1.990217e+01
6.337252e+04	-1.992749e+01
6.373855e+04	-1.995285e+01
6.410670e+04	-1.997695e+01
6.447698e+04	-2.000219e+01
6.484940e+04	-2.002435e+01
6.522397e+04	-2.004903e+01
6.560070e+04	-2.007309e+01
6.597960e+04	-2.009497e+01
6.636070e+04	-2.011796e+01
6.674400e+04	-2.014028e+01
6.712951e+04	-2.016209e+01
6.751724e+04	-2.018265e+01
6.790722e+04	-2.020603e+01
6.829945e+04	-2.022730e+01
6.869395e+04	-2.024688e+01
6.909072e+04	-2.026874e+01
6.948978e+04	-2.028837e+01
6.989115e+04	-2.030733e+01
7.029484e+04	-2.032498e+01
7.070086e+04	-2.034475e+01
7.110923e+04	-2.036173e+01
7.151995e+04	-2.037964e+01
7.193305e+04	-2.039693e+01
7.234853e+04	-2.041353e+01
7.276641e+04	-2.043146e+01
7.318671e+04	-2.044642e+01
7.360943e+04	-2.046086e+01
7.403460e+04	-2.047753e+01
7.446222e+04	-2.049140e+01
7.489231e+04	-2.050617e+01
7.532488e+04	-2.051846e+01
7.575996e+04	-2.053136e+01
7.619754e+04	-2.054637e+01
7.663766e+04	-2.055924e+01
7.708031e+04	-2.056885e+01
7.752553e+04	-2.057977e+01
7.797331e+04	-2.058943e+01
7.842368e+04	-2.060101e+01
7.887665e+04	-2.061099e+01
7.933224e+04	-2.061975e+01
7.979046e+04	-2.062711e+01
8.025133e+04	-2.063403e+01
8.071486e+04	-2.064270e+01
8.118106e+04	-2.065119e+01
8.164996e+04	-2.065481e+01
8.212157e+04	-2.066207e+01
8.259590e+04	-2.066762e+01
8.307297e+04	-2.067086e+01
8.355279e+04	-2.067322e+01
8.403539e+04	-2.067536e+01
8.452078e+04	-2.067885e+01
8.500897e+04	-2.068081e+01
8.549997e+04	-2.068134e+01
8.599382e+04	-2.068058e+01
8.649052e+04	-2.068112e+01
8.699008e+04	-2.067909e+01
8.749253e+04	-2.067827e+01
8.799789e+04	-2.067336e+01
8.850616e+04	-2.067106e+01
8.901737e+04	-2.066756e+01
8.953153e+04	-2.066108e+01
9.004866e+04	-2.065784e+01
9.056877e+04	-2.064860e+01
9.109190e+04	-2.064149e+01
9.161804e+04	-2.063499e+01
9.214722e+04	-2.062367e+01
9.267946e+04	-2.061347e+01
9.321477e+04	-2.060372e+01
9.375318e+04	-2.059091e+01
9.429469e+04	-2.057703e+01
9.483933e+04	-2.056511e+01
9.538712e+04	-2.054779e+01
9.593807e+04	-2.053367e+01
9.649221e+04	-2.051609e+01
9.704954e+04	-2.049844e+01
9.761010e+04	-2.048011e+01
9.817389e+04	-2.045878e+01
9.874094e+04	-2.043824e+01
9.931126e+04	-2.041484e+01
9.988488e+04	-2.039242e+01
1.004618e+05	-2.036696e+01
1.010421e+05	-2.034014e+01
1.016257e+05	-2.031472e+01
1.022127e+05	-2.028733e+01
1.028031e+05	-2.025659e+01
1.033968e+05	-2.022559e+01
1.039941e+05	-2.019404e+01
1.045947e+05	-2.016087e+01
1.051989e+05	-2.012550e+01
1.058065e+05	-2.008980e+01
1.064176e+05	-2.005169e+01
1.070323e+05	-2.001302e+01
1.076505e+05	-1.997099e+01
1.082723e+05	-1.992942e+01
1.088977e+05	-1.988668e+01
1.095266e+05	-1.984103e+01
1.101593e+05	-1.979271e+01
1.107955e+05	-1.974439e+01
1.114355e+05	-1.969535e+01
1.120791e+05	-1.964379e+01
1.127265e+05	-1.958723e+01
1.133776e+05	-1.953119e+01
1.140325e+05	-1.947262e+01
1.146911e+05	-1.941160e+01
1.153536e+05	-1.935082e+01
1.160198e+05	-1.928691e+01
1.166900e+05	-1.921984e+01
1.173640e+05	-1.915107e+01
1.180419e+05	-1.907951e+01
1.187237e+05	-1.900649e+01
1.194094e+05	-1.893205e+01
1.200991e+05	-1.885344e+01
1.207928e+05	-1.877145e+01
1.214905e+05	-1.868980e+01
1.221922e+05	-1.860234e+01
1.228980e+05	-1.851299e+01
1.236078e+05	-1.842185e+01
1.243218e+05	-1.832715e+01
1.250399e+05	-1.822948e+01
1.257621e+05	-1.812722e+01
1.264885e+05	-1.802351e+01
1.272191e+05	-1.791517e+01
1.279539e+05	-1.780504e+01
1.286930e+05	-1.768995e+01
1.294363e+05	-1.757032e+01
1.301839e+05	-1.744793e+01
1.309358e+05	-1.732273e+01
1.316921e+05	-1.719099e+01
1.324528e+05	-1.705637e+01
1.332178e+05	-1.691601e+01
1.339873e+05	-1.677162e+01
1.347612e+05	-1.662181e+01
1.355395e+05	-1.646682e+01
1.363224e+05	-1.630764e+01
1.371098e+05	-1.614120e+01
1.379018e+05	-1.597079e+01
1.386983e+05	-1.579358e+01
1.394994e+05	-1.560950e+01
1.403051e+05	-1.541946e+01
1.411155e+05	-1.522243e+01
1.419306e+05	-1.501726e+01
1.427504e+05	-1.480468e+01
1.435749e+05	-1.458412e+01
1.444042e+05	-1.435513e+01
1.452383e+05	-1.411685e+01
1.460772e+05	-1.386969e+01
1.469209e+05	-1.361259e+01
1.477695e+05	-1.334388e+01
1.486230e+05	-1.306673e+01
1.494814e+05	-1.277603e+01
1.503448e+05	-1.247280e+01
1.512132e+05	-1.215689e+01
1.520866e+05	-1.182766e+01
1.529651e+05	-1.148467e+01
1.538486e+05	-1.112599e+01
1.547372e+05	-1.075136e+01
1.556310e+05	-1.035993e+01
1.565299e+05	-9.952506e+00
1.574340e+05	-9.527340e+00
1.583433e+05	-9.084818e+00
1.592579e+05	-8.625321e+00
1.601778e+05	-8.150235e+00
1.611030e+05	-7.661514e+00
1.620335e+05	-7.161934e+00
1.629694e+05	-6.658132e+00
1.639107e+05	-6.158387e+00
1.648574e+05	-5.672744e+00
1.658097e+05	-5.218478e+00
1.667674e+05	-4.813934e+00
1.677306e+05	-4.482705e+00
1.686994e+05	-4.247793e+00
1.696738e+05	-4.129998e+00
1.706538e+05	-4.141053e+00
1.716395e+05	-4.282883e+00
1.726309e+05	-4.545228e+00
1.736280e+05	-4.909205e+00
1.746309e+05	-5.351725e+00
1.756395e+05	-5.849918e+00
1.766540e+05	-6.382988e+00
1.776744e+05	-6.934307e+00
1.787006e+05	-7.490960e+00
1.797328e+05	-8.044755e+00
1.807709e+05	-8.589188e+00
1.818150e+05	-9.119710e+00
1.828652e+05	-9.634949e+00
1.839214e+05	-1.013260e+01
1.849837e+05	-1.061287e+01
1.860522e+05	-1.107505e+01
1.871268e+05	-1.151927e+01
1.882077e+05	-1.194740e+01
1.892948e+05	-1.235848e+01
1.903881e+05	-1.275346e+01
1.914878e+05	-1.313319e+01
1.925938e+05	-1.349905e+01
1.937062e+05	-1.385094e+01
1.948251e+05	-1.418929e+01
1.959504e+05	-1.451409e+01
1.970822e+05	-1.482820e+01
1.982205e+05	-1.512961e+01
1.993654e+05	-1.542124e+01
2.005169e+05	-1.570037e+01
2.016751e+05	-1.597195e+01
2.028400e+05	-1.623193e+01
2.040116e+05	-1.648350e+01
2.051899e+05	-1.672573e+01
2.063751e+05	-1.695909e+01
2.075671e+05	-1.718557e+01
2.087660e+05	-1.740108e+01
2.099719e+05	-1.761144e+01
2.111846e+05	-1.781290e+01
2.124044e+05	-1.800645e+01
2.136313e+05	-1.819475e+01
2.148652e+05	-1.837435e+01
2.161063e+05	-1.854745e+01
2.173545e+05	-1.871524e+01
2.186099e+05	-1.887412e+01
2.198726e+05	-1.902644e+01
2.211426e+05	-1.917284e+01
2.224199e+05	-1.931662e+01
2.237046e+05	-1.945173e+01
2.249967e+05	-1.958141e+01
2.262962e+05	-1.970435e+01
2.276033e+05	-1.981914e+01
2.289179e+05	-1.993201e+01
2.302402e+05	-2.003666e+01
2.315700e+05	-2.013653e+01
2.329076e+05	-2.022805e+01
2.342528e+05	-2.031654e+01
2.356059e+05	-2.039814e+01
2.369667e+05	-2.047401e+01
2.383354e+05	-2.054510e+01
2.397120e+05	-2.060941e+01
2.410966e+05	-2.066853e+01
2.424892e+05	-2.072210e+01
2.438898e+05	-2.076734e+01
2.452985e+05	-2.080757e+01
2.467153e+05	-2.084270e+01
2.481403e+05	-2.087040e+01
2.495736e+05	-2.089522e+01
2.510151e+05	-2.091238e+01
2.524650e+05	-2.092082e+01
2.539232e+05	-2.092374e+01
2.553898e+05	-2.092115e+01
2.568650e+05	-2.091111e+01
2.583486e+05	-2.089524e+01
2.598408e+05	-2.087026e+01
2.613416e+05	-2.083804e+01
2.628511e+05	-2.080034e+01
2.643694e+05	-2.075683e+01
2.658963e+05	-2.070185e+01
2.674321e+05	-2.064003e+01
2.689768e+05	-2.057071e+01
2.705304e+05	-2.049065e+01
2.720930e+05	-2.040401e+01
2.736646e+05	-2.030710e+01
2.752453e+05	-2.020090e+01
2.768351e+05	-2.008515e+01
2.784341e+05	-1.995889e+01
2.800423e+05	-1.982281e+01
2.816598e+05	-1.967199e+01
2.832867e+05	-1.951302e+01
2.849229e+05	-1.934121e+01
2.865686e+05	-1.915550e+01
2.882238e+05	-1.895451e+01
2.898886e+05	-1.874165e+01
2.915630e+05	-1.851294e+01
2.932470e+05	-1.827023e+01
2.949408e+05	-1.800553e+01
2.966444e+05	-1.772445e+01
2.983578e+05	-1.742404e+01
3.000811e+05	-1.710124e+01
3.018143e+05	-1.675763e+01
3.035576e+05	-1.638838e+01
3.053109e+05	-1.599442e+01
3.070744e+05	-1.557017e+01
3.088481e+05	-1.511871e+01
3.106320e+05	-1.463130e+01
3.124261e+05	-1.410963e+01
3.142307e+05	-1.355014e+01
3.160457e+05	-1.295182e+01
3.178712e+05	-1.231249e+01
3.197072e+05	-1.163375e+01
3.215538e+05	-1.091832e+01
3.234111e+05	-1.017648e+01
3.252791e+05	-9.427130e+00
3.271579e+05	-8.701843e+00
3.290475e+05	-8.054026e+00
3.309481e+05	-7.553942e+00
3.328596e+05	-7.277942e+00
3.347822e+05	-7.281815e+00
3.367159e+05	-7.569645e+00
3.386608e+05	-8.096863e+00
3.406169e+05	-8.786794e+00
3.425842e+05	-9.566772e+00
3.445630e+05	-1.037962e+01
3.465532e+05	-1.118871e+01
3.485549e+05	-1.197316e+01
3.505681e+05	-1.272192e+01
3.525930e+05	-1.343010e+01
3.546295e+05	-1.409574e+01
3.566778e+05	-1.471849e+01
3.587380e+05	-1.530291e+01
3.608101e+05	-1.585023e+01
3.628941e+05	-1.636015e+01
3.649901e+05	-1.683846e+01
3.670983e+05	-1.728406e+01
3.692187e+05	-1.770067e+01
3.713513e+05	-1.808998e+01
3.734962e+05	-1.845227e+01
3.756535e+05	-1.878842e+01
3.778232e+05	-1.910210e+01
3.800055e+05	-1.939137e+01
3.822004e+05	-1.966001e+01
3.844080e+05	-1.990625e+01
3.866283e+05	-2.013440e+01
3.888615e+05	-2.034106e+01
3.911075e+05	-2.052804e+01
3.933665e+05	-2.069522e+01
3.956386e+05	-2.084656e+01
3.979238e+05	-2.097574e+01
4.002222e+05	-2.108777e+01
4.025338e+05	-2.118248e+01
4.048589e+05	-2.125609e+01
4.071973e+05	-2.131059e+01
4.095493e+05	-2.134808e+01
4.119148e+05	-2.136591e+01
4.142940e+05	-2.136390e+01
4.166870e+05	-2.134112e+01
4.190937e+05	-2.129814e+01
4.215144e+05	-2.123476e+01
4.239490e+05	-2.115000e+01
4.263978e+05	-2.104193e+01
4.288606e+05	-2.091097e+01
4.313377e+05	-2.075365e+01
4.338291e+05	-2.057055e+01
4.363349e+05	-2.035762e+01
4.388551e+05	-2.012110e+01
4.413899e+05	-1.984764e+01
4.439394e+05	-1.954199e+01
4.465035e+05	-1.920112e+01
4.490825e+05	-1.882224e+01
4.516764e+05	-1.839910e+01
4.542853e+05	-1.793110e+01
4.569092e+05	-1.741420e+01
4.595483e+05	-1.684291e+01
4.622026e+05	-1.621353e+01
4.648723e+05	-1.552103e+01
4.675574e+05	-1.476681e+01
4.702580e+05	-1.395073e+01
4.729742e+05	-1.308605e+01
4.757060e+05	-1.219854e+01
4.784537e+05	-1.134465e+01
4.812172e+05	-1.062331e+01
4.839967e+05	-1.016372e+01
4.867923e+05	-1.008733e+01
4.896040e+05	-1.042598e+01
4.924319e+05	-1.110197e+01
4.952762e+05	-1.198064e+01
4.981369e+05	-1.294293e+01
5.010141e+05	-1.390980e+01
5.039079e+05	-1.483701e+01
5.068185e+05	-1.570564e+01
5.097458e+05	-1.650755e+01
5.126901e+05	-1.724359e+01
5.156514e+05	-1.791216e+01
5.186298e+05	-1.851927e+01
5.216253e+05	-1.907082e+01
5.246382e+05	-1.956749e+01
5.276685e+05	-2.001038e+01
5.307163e+05	-2.040389e+01
5.337817e+05	-2.075292e+01
5.368648e+05	-2.105878e+01
5.399657e+05	-2.131820e+01
5.430845e+05	-2.153624e+01
5.462214e+05	-2.171369e+01
5.493763e+05	-2.184750e+01
5.525495e+05	-2.194382e+01
5.557410e+05	-2.199534e+01
5.589509e+05	-2.200334e+01
5.621794e+05	-2.197083e+01
5.654265e+05	-2.189236e+01
5.686924e+05	-2.177079e+01
5.719772e+05	-2.159659e+01
5.752809e+05	-2.137294e+01
5.786037e+05	-2.109436e+01
5.819457e+05	-2.075599e+01
5.853070e+05	-2.035552e+01
5.886877e+05	-1.988654e+01
5.920879e+05	-1.934228e+01
5.955078e+05	-1.871954e+01
5.989474e+05	-1.801067e+01
6.024069e+05	-1.721380e+01
6.058864e+05	-1.633341e+01
6.093860e+05	-1.539257e+01
6.129058e+05	-1.444205e+01
6.164459e+05	-1.359013e+01
6.200064e+05	-1.300609e+01
6.235876e+05	-1.287392e+01
6.271894e+05	-1.325669e+01
6.308120e+05	-1.404827e+01
6.344555e+05	-1.505969e+01
6.381201e+05	-1.613197e+01
6.418059e+05	-1.717251e+01
6.455129e+05	-1.813703e+01
6.492414e+05	-1.900793e+01
6.529914e+05	-1.978326e+01
6.567630e+05	-2.046289e+01
6.605565e+05	-2.105338e+01
6.643718e+05	-2.155833e+01
6.682092e+05	-2.197733e+01
6.720688e+05	-2.231573e+01
6.759506e+05	-2.257831e+01
6.798549e+05	-2.276323e+01
6.837817e+05	-2.286916e+01
6.877312e+05	-2.289672e+01
6.917035e+05	-2.284705e+01
6.956987e+05	-2.270832e+01
6.997171e+05	-2.248827e+01
7.037586e+05	-2.217281e+01
7.078235e+05	-2.175882e+01
7.119118e+05	-2.123881e+01
7.160238e+05	-2.060782e+01
7.201595e+05	-1.985781e+01
7.243191e+05	-1.899715e+01
7.285028e+05	-1.804991e+01
7.327106e+05	-1.708824e+01
7.369427e+05	-1.625603e+01
7.411992e+05	-1.578170e+01
7.454804e+05	-1.586654e+01
7.497862e+05	-1.650603e+01
7.541170e+05	-1.750499e+01
7.584727e+05	-1.862581e+01
7.628536e+05	-1.972660e+01
7.672598e+05	-2.072754e+01
7.716915e+05	-2.160073e+01
7.761488e+05	-2.234002e+01
7.806318e+05	-2.294382e+01
7.851407e+05	-2.341255e+01
7.896756e+05	-2.375698e+01
7.942367e+05	-2.396461e+01
7.988242e+05	-2.404413e+01
8.034382e+05	-2.398893e+01
8.080788e+05	-2.379633e+01
8.127463e+05	-2.346110e+01
8.174406e+05	-2.297288e+01
8.221621e+05	-2.232744e+01
8.269109e+05	-2.154035e+01
8.316871e+05	-2.064323e+01
8.364909e+05	-1.973816e+01
8.413225e+05	-1.902388e+01
8.461819e+05	-1.877593e+01
8.510694e+05	-1.915940e+01
8.559852e+05	-2.004736e+01
8.609293e+05	-2.116620e+01
8.659020e+05	-2.228497e+01
8.709034e+05	-2.328771e+01
8.759337e+05	-2.411904e+01
8.809931e+05	-2.475508e+01
8.860816e+05	-2.520311e+01
8.911996e+05	-2.545132e+01
8.963471e+05	-2.549572e+01
9.015244e+05	-2.533344e+01
9.067316e+05	-2.496192e+01
9.119688e+05	-2.439340e+01
9.172363e+05	-2.365928e+01
9.225342e+05	-2.286295e+01
9.278628e+05	-2.221444e+01
9.332221e+05	-2.202162e+01
9.386123e+05	-2.246682e+01
9.440337e+05	-2.340795e+01
9.494864e+05	-2.452648e+01
9.549706e+05	-2.557772e+01
9.604865e+05	-2.643465e+01
9.660342e+05	-2.703973e+01
9.716140e+05	-2.737188e+01
9.772260e+05	-2.742512e+01
9.828704e+05	-2.720457e+01
9.885474e+05	-2.675245e+01
9.942572e+05	-2.615531e+01
1.000000e+06	-2.565769e+01
