Frequency(Hz)	Magnitude(dB)
1.000000e+01	-8.671806e-03
1.005776e+01	5.687273e-03
1.011585e+01	-8.551028e-03
1.017428e+01	-5.123300e-04
1.023305e+01	-8.520695e-04
1.029215e+01	1.404218e-02
1.035160e+01	-1.038975e-02
1.041139e+01	2.298499e-03
1.047153e+01	1.382311e-03
1.053201e+01	-3.171221e-03
1.059284e+01	1.453776e-03
1.065403e+01	-3.192400e-03
1.071556e+01	-1.349722e-02
1.077746e+01	-8.410175e-03
1.083971e+01	5.072163e-03
1.090232e+01	-1.572162e-02
1.096529e+01	6.914705e-03
1.102862e+01	1.079396e-02
1.109232e+01	2.423284e-04
1.115639e+01	-7.294140e-03
1.122083e+01	-1.314572e-02
1.128564e+01	4.789034e-03
1.135083e+01	-9.496127e-03
1.141639e+01	-2.204601e-03
1.148233e+01	2.071514e-03
1.154865e+01	1.227378e-02
1.161536e+01	8.595939e-03
1.168245e+01	4.568233e-04
1.174992e+01	-8.642691e-03
1.181779e+01	2.570354e-03
1.188605e+01	-6.021212e-03
1.195470e+01	1.061177e-02
1.202375e+01	1.280798e-02
1.209320e+01	-5.217184e-03
1.216305e+01	1.164858e-02
1.223330e+01	-8.957680e-04
1.230396e+01	-1.431311e-02
1.237503e+01	1.144010e-02
1.244651e+01	1.466293e-02
1.251840e+01	1.925811e-02
1.259070e+01	-6.221132e-03
1.266343e+01	-7.060352e-03
1.273657e+01	1.277937e-02
1.281014e+01	5.727571e-03
1.288413e+01	-7.297119e-03
1.295855e+01	-7.209279e-03
1.303339e+01	5.504011e-03
1.310867e+01	5.619012e-03
1.318439e+01	-3.741142e-03
1.326054e+01	-6.782702e-03
1.333713e+01	9.649528e-03
1.341417e+01	-9.753818e-03
1.349165e+01	-1.825535e-03
1.356958e+01	2.939619e-02
1.364795e+01	6.356876e-03
1.372678e+01	2.744583e-04
1.380607e+01	-1.263207e-02
1.388581e+01	-1.250835e-02
1.396602e+01	-1.035308e-02
1.404668e+01	6.446198e-03
1.412782e+01	-1.051974e-03
1.420942e+01	1.698206e-03
1.429149e+01	6.170353e-03
1.437404e+01	2.782910e-04
1.445706e+01	-3.375725e-04
1.454057e+01	-1.111478e-03
1.462455e+01	-1.530778e-03
1.470902e+01	1.555441e-02
1.479398e+01	-3.886470e-03
1.487943e+01	-1.941103e-02
1.496537e+01	-8.168729e-03
1.505181e+01	3.739258e-03
1.513875e+01	-7.591884e-03
1.522619e+01	2.793076e-03
1.531414e+01	4.938954e-03
1.540259e+01	-4.532333e-03
1.549156e+01	9.115827e-03
1.558103e+01	1.219960e-02
1.567103e+01	-2.673757e-03
1.576155e+01	3.539833e-03
1.585258e+01	5.982734e-04
1.594415e+01	7.775914e-03
1.603624e+01	6.784887e-05
1.612886e+01	-1.298506e-02
1.622202e+01	7.244123e-03
1.631572e+01	-5.423141e-03
1.640996e+01	-1.744703e-02
1.650474e+01	-1.343701e-02
1.660008e+01	4.162940e-04
1.669596e+01	-4.657600e-03
1.679239e+01	-1.870191e-03
1.688938e+01	-3.364003e-03
1.698694e+01	1.838260e-03
1.708505e+01	1.707527e-03
1.718373e+01	-2.981893e-04
1.728299e+01	-2.308643e-03
1.738281e+01	-9.632447e-03
1.748322e+01	1.529293e-02
1.758420e+01	1.634405e-02
1.768576e+01	1.973555e-03
1.778792e+01	-2.061268e-02
1.789066e+01	-8.681112e-04
1.799399e+01	4.678002e-03
1.809793e+01	-3.421116e-03
1.820246e+01	-1.504505e-03
1.830760e+01	-8.241637e-03
1.841334e+01	-8.299959e-04
1.851969e+01	-1.643164e-03
1.862666e+01	8.278451e-03
1.873425e+01	-6.319033e-03
1.884246e+01	-2.820184e-03
1.895129e+01	-2.804630e-03
1.906075e+01	9.956464e-03
1.917085e+01	1.976276e-02
1.928158e+01	3.535676e-03
1.939295e+01	-9.302856e-03
1.950496e+01	-2.255673e-03
1.961762e+01	5.948744e-03
1.973093e+01	6.814450e-03
1.984490e+01	2.877632e-03
1.995952e+01	-1.243676e-02
2.007480e+01	-1.685431e-02
2.019076e+01	9.112366e-03
2.030738e+01	-1.561070e-02
2.042467e+01	8.620280e-04
2.054264e+01	2.604666e-03
2.066130e+01	-3.377216e-03
2.078064e+01	-1.324485e-02
2.090066e+01	-1.432095e-02
2.102139e+01	-1.452432e-02
2.114280e+01	1.796788e-02
2.126492e+01	8.016617e-03
2.138775e+01	5.786415e-03
2.151128e+01	4.788638e-03
2.163553e+01	-1.252258e-02
2.176050e+01	1.671912e-02
2.188619e+01	-9.213225e-03
2.201260e+01	9.621947e-03
2.213974e+01	-4.701929e-03
2.226762e+01	4.286606e-03
2.239624e+01	3.897019e-03
2.252560e+01	4.109748e-03
2.265571e+01	9.109295e-03
2.278656e+01	-1.635332e-02
2.291818e+01	1.286627e-03
2.305055e+01	1.398527e-03
2.318369e+01	-5.811271e-03
2.331760e+01	-2.024505e-03
2.345228e+01	1.154369e-02
2.358774e+01	-1.495533e-03
2.372398e+01	-3.184775e-03
2.386101e+01	9.293608e-03
2.399883e+01	-2.852158e-03
2.413745e+01	1.137528e-02
2.427686e+01	4.845549e-03
2.441709e+01	-8.545465e-03
2.455812e+01	-2.164934e-03
2.469997e+01	-1.646337e-02
2.484263e+01	6.330900e-03
2.498612e+01	-1.567377e-03
2.513044e+01	1.376664e-02
2.527559e+01	1.026467e-02
2.542158e+01	-1.533088e-02
2.556842e+01	2.017260e-02
2.571610e+01	-9.457023e-03
2.586463e+01	1.394277e-03
2.601403e+01	1.930232e-03
2.616428e+01	-9.526540e-03
2.631541e+01	-2.343445e-02
2.646740e+01	-6.104486e-03
2.662028e+01	-5.013599e-04
2.677404e+01	3.606264e-03
2.692868e+01	-1.387169e-02
2.708422e+01	1.044643e-03
2.724066e+01	-1.764937e-02
2.739800e+01	8.208782e-03
2.755625e+01	5.293245e-03
2.771541e+01	-1.531223e-02
2.787550e+01	1.393750e-02
2.803650e+01	2.687934e-03
2.819844e+01	-6.577617e-03
2.836131e+01	8.688114e-03
2.852513e+01	-3.859689e-03
2.868989e+01	-2.611087e-03
2.885560e+01	-7.261819e-03
2.902227e+01	-5.542182e-03
2.918990e+01	-5.122178e-03
2.935850e+01	8.029661e-03
2.952807e+01	-1.362338e-02
2.969863e+01	8.741974e-03
2.987016e+01	-1.196292e-02
3.004269e+01	-3.415563e-03
3.021622e+01	-2.260367e-02
3.039075e+01	-1.901679e-02
3.056628e+01	-5.372116e-03
3.074283e+01	1.398940e-03
3.092040e+01	-2.647363e-03
3.109900e+01	-1.069372e-02
3.127862e+01	8.272512e-04
3.145929e+01	5.372782e-03
3.164099e+01	9.701722e-03
3.182375e+01	6.723034e-03
3.200756e+01	3.855014e-03
3.219244e+01	1.667926e-03
3.237838e+01	1.706018e-02
3.256540e+01	-3.852544e-03
3.275349e+01	-3.845871e-03
3.294268e+01	4.643786e-03
3.313295e+01	-1.049138e-02
3.332433e+01	7.875257e-03
3.351681e+01	7.586521e-03
3.371040e+01	2.503674e-02
3.390511e+01	-3.277466e-03
3.410094e+01	3.526271e-03
3.429791e+01	1.713782e-02
3.449601e+01	1.342850e-02
3.469526e+01	-2.092116e-03
3.489566e+01	3.052666e-03
3.509721e+01	-3.981118e-03
3.529993e+01	1.308859e-03
3.550382e+01	1.197938e-02
3.570889e+01	9.316495e-03
3.591515e+01	-6.474416e-03
3.612259e+01	1.493535e-02
3.633123e+01	-2.738708e-03
3.654108e+01	9.522622e-03
3.675214e+01	-1.011925e-03
3.696442e+01	-7.295200e-03
3.717792e+01	-2.979489e-03
3.739266e+01	1.896163e-02
3.760864e+01	-5.778113e-03
3.782587e+01	-9.620651e-03
3.804435e+01	6.700776e-03
3.826409e+01	-6.368411e-03
3.848510e+01	-1.165261e-02
3.870739e+01	1.382319e-02
3.893096e+01	5.607120e-03
3.915583e+01	3.972159e-03
3.938199e+01	-2.833325e-03
3.960946e+01	5.667018e-03
3.983824e+01	-5.623647e-03
4.006834e+01	5.607833e-03
4.029978e+01	-1.087766e-02
4.053255e+01	-6.181673e-03
4.076666e+01	1.640141e-02
4.100213e+01	2.634430e-02
4.123896e+01	-1.643396e-02
4.147715e+01	-1.880760e-02
4.171672e+01	7.326014e-03
4.195767e+01	1.645682e-02
4.220002e+01	-2.908129e-03
4.244377e+01	1.089636e-02
4.268892e+01	-1.585709e-03
4.293549e+01	-4.948301e-03
4.318348e+01	1.421360e-02
4.343291e+01	1.415897e-02
4.368377e+01	-1.505459e-02
4.393609e+01	8.498675e-03
4.418986e+01	-1.383020e-02
4.444510e+01	-6.726124e-03
4.470182e+01	7.065567e-04
4.496001e+01	5.777719e-04
4.521970e+01	7.857571e-03
4.548089e+01	-4.162277e-03
4.574358e+01	1.903268e-02
4.600779e+01	-1.199302e-02
4.627353e+01	1.207475e-02
4.654081e+01	8.708069e-03
4.680963e+01	1.166332e-02
4.708000e+01	9.171249e-03
4.735193e+01	-1.262717e-02
4.762543e+01	1.091991e-02
4.790051e+01	4.714252e-03
4.817719e+01	2.465365e-02
4.845545e+01	2.846656e-03
4.873533e+01	-2.754386e-03
4.901682e+01	-3.638126e-03
4.929994e+01	-4.942180e-03
4.958470e+01	1.507964e-03
4.987110e+01	9.047645e-03
5.015915e+01	6.760067e-03
5.044887e+01	4.352805e-03
5.074026e+01	-6.174969e-03
5.103333e+01	-1.485586e-02
5.132810e+01	-1.360820e-02
5.162457e+01	1.084526e-03
5.192275e+01	-1.046958e-02
5.222265e+01	5.438447e-04
5.252429e+01	8.715603e-03
5.282767e+01	-4.791102e-03
5.313280e+01	-3.430591e-03
5.343969e+01	1.129499e-02
5.374836e+01	6.368211e-03
5.405880e+01	-2.957629e-03
5.437105e+01	1.790446e-02
5.468509e+01	-9.718999e-03
5.500095e+01	-3.379350e-03
5.531863e+01	1.915329e-02
5.563815e+01	-7.046893e-03
5.595951e+01	-1.161201e-02
5.628273e+01	4.095343e-03
5.660782e+01	-4.523060e-03
5.693479e+01	-3.300114e-03
5.726364e+01	4.871218e-04
5.759439e+01	1.604790e-02
5.792705e+01	3.148878e-02
5.826164e+01	-3.882420e-03
5.859815e+01	7.740541e-03
5.893662e+01	-2.599188e-02
5.927703e+01	1.982023e-03
5.961941e+01	5.244798e-03
5.996377e+01	-2.872273e-03
6.031012e+01	-1.668914e-02
6.065847e+01	2.219742e-02
6.100883e+01	4.714601e-03
6.136121e+01	-1.118950e-02
6.171563e+01	-2.033919e-02
6.207210e+01	-1.475255e-03
6.243063e+01	8.224695e-03
6.279122e+01	-1.086903e-02
6.315390e+01	1.887809e-02
6.351868e+01	-2.113393e-03
6.388556e+01	1.296558e-02
6.425456e+01	-2.975287e-03
6.462569e+01	5.078620e-03
6.499897e+01	-1.558738e-02
6.537440e+01	3.834593e-03
6.575200e+01	-4.578370e-03
6.613178e+01	-2.705051e-03
6.651375e+01	2.704779e-03
6.689793e+01	-2.023354e-02
6.728433e+01	-6.871264e-03
6.767297e+01	7.013785e-03
6.806384e+01	2.963676e-03
6.845698e+01	7.074282e-03
6.885238e+01	-1.147203e-02
6.925007e+01	1.990176e-02
6.965005e+01	-1.232206e-03
7.005235e+01	-5.531781e-03
7.045697e+01	1.537573e-02
7.086393e+01	-1.325946e-02
7.127323e+01	-1.025552e-02
7.168490e+01	2.188844e-03
7.209895e+01	-1.931240e-02
7.251539e+01	8.970065e-03
7.293424e+01	2.391698e-03
7.335551e+01	6.720517e-03
7.377920e+01	-2.210427e-03
7.420535e+01	-8.635039e-03
7.463396e+01	1.221079e-03
7.506504e+01	-1.726110e-02
7.549861e+01	-1.620937e-02
7.593469e+01	-1.127254e-04
7.637328e+01	-1.023544e-02
7.681441e+01	3.690787e-03
7.725809e+01	-1.053070e-02
7.770433e+01	6.478006e-03
7.815315e+01	1.293704e-02
7.860456e+01	-1.156197e-02
7.905857e+01	-3.872619e-03
7.951521e+01	-3.857317e-03
7.997449e+01	-9.307354e-03
8.043642e+01	7.715324e-03
8.090102e+01	-2.858351e-03
8.136830e+01	-3.116434e-03
8.183828e+01	-6.612684e-03
8.231097e+01	1.661441e-02
8.278640e+01	-1.502951e-02
8.326457e+01	-1.210188e-02
8.374550e+01	-2.367796e-03
8.422921e+01	-8.055605e-03
8.471572e+01	8.208165e-03
8.520503e+01	-1.383766e-03
8.569717e+01	-6.689997e-03
8.619215e+01	1.626821e-02
8.669000e+01	-3.213613e-03
8.719071e+01	1.931690e-03
8.769432e+01	6.899375e-03
8.820084e+01	-3.748203e-03
8.871029e+01	7.775132e-03
8.922267e+01	9.863350e-03
8.973802e+01	-4.792578e-03
9.025634e+01	7.042314e-04
9.077766e+01	-1.426177e-02
9.130199e+01	-4.802277e-03
9.182935e+01	8.311242e-03
9.235975e+01	1.266509e-02
9.289321e+01	8.886620e-03
9.342976e+01	-1.994790e-02
9.396941e+01	-3.953033e-03
9.451217e+01	-2.378298e-03
9.505807e+01	3.951987e-03
9.560712e+01	9.538634e-04
9.615934e+01	-3.731149e-03
9.671476e+01	-5.953502e-03
9.727338e+01	-1.576437e-03
9.783522e+01	1.064768e-03
9.840032e+01	-5.084149e-03
9.896867e+01	1.874541e-02
9.954031e+01	-1.093667e-02
1.001153e+02	-5.370156e-03
1.006935e+02	6.635685e-03
1.012751e+02	1.342123e-02
1.018601e+02	4.916048e-04
1.024484e+02	6.318702e-03
1.030402e+02	-5.965099e-03
1.036353e+02	6.306821e-03
1.042339e+02	-3.650064e-03
1.048360e+02	1.161080e-02
1.054415e+02	-2.295949e-03
1.060505e+02	8.098357e-03
1.066631e+02	1.182902e-02
1.072791e+02	1.798333e-03
1.078988e+02	-7.518749e-03
1.085220e+02	-8.656383e-03
1.091488e+02	2.316577e-04
1.097793e+02	-4.668742e-03
1.104133e+02	-1.601284e-02
1.110511e+02	4.137061e-03
1.116925e+02	6.274831e-04
1.123376e+02	1.497274e-02
1.129865e+02	-1.247041e-02
1.136391e+02	1.625476e-02
1.142955e+02	-8.661424e-03
1.149556e+02	-1.660212e-04
1.156196e+02	2.070490e-02
1.162874e+02	-8.791802e-03
1.169591e+02	1.180193e-02
1.176347e+02	7.421685e-03
1.183141e+02	5.843983e-03
1.189975e+02	-6.542191e-03
1.196848e+02	4.572981e-03
1.203761e+02	-3.914687e-03
1.210714e+02	6.345496e-03
1.217707e+02	8.802555e-03
1.224740e+02	-5.861228e-03
1.231814e+02	-2.143513e-03
1.238929e+02	-5.009808e-03
1.246085e+02	-1.988560e-03
1.253283e+02	3.952384e-03
1.260522e+02	1.014872e-02
1.267802e+02	-7.785820e-03
1.275125e+02	-7.791019e-03
1.282490e+02	-1.745394e-02
1.289898e+02	3.378081e-03
1.297348e+02	-2.229128e-03
1.304842e+02	4.591470e-03
1.312378e+02	6.455857e-03
1.319959e+02	1.578277e-02
1.327583e+02	6.077514e-04
1.335251e+02	2.255595e-02
1.342963e+02	1.980818e-03
1.350720e+02	-3.161552e-03
1.358522e+02	8.714911e-03
1.366368e+02	5.573045e-03
1.374260e+02	-2.463985e-03
1.382198e+02	2.320019e-03
1.390182e+02	-6.697115e-03
1.398211e+02	-2.132787e-02
1.406287e+02	-2.965375e-03
1.414410e+02	-1.959341e-03
1.422579e+02	-2.175099e-03
1.430796e+02	-7.600844e-03
1.439060e+02	2.618248e-03
1.447372e+02	-1.390966e-02
1.455732e+02	-9.213922e-03
1.464141e+02	-1.462842e-02
1.472597e+02	-9.715117e-04
1.481103e+02	-1.570284e-02
1.489658e+02	8.751910e-03
1.498262e+02	5.590816e-03
1.506916e+02	-2.759950e-03
1.515620e+02	-3.060769e-03
1.524374e+02	1.337160e-02
1.533179e+02	2.880992e-03
1.542034e+02	7.389254e-03
1.550941e+02	-4.529216e-03
1.559899e+02	-1.357814e-02
1.568909e+02	3.868714e-03
1.577971e+02	-5.067781e-03
1.587085e+02	-1.427393e-02
1.596252e+02	-1.231513e-03
1.605472e+02	5.112355e-03
1.614745e+02	-6.781821e-03
1.624072e+02	1.125703e-02
1.633453e+02	8.600294e-03
1.642887e+02	-2.095383e-02
1.652377e+02	4.965009e-03
1.661921e+02	3.665638e-03
1.671520e+02	4.234291e-03
1.681175e+02	-3.357821e-03
1.690885e+02	-1.735749e-03
1.700651e+02	1.034067e-02
1.710474e+02	1.468013e-02
1.720354e+02	1.270407e-02
1.730291e+02	-2.046565e-02
1.740285e+02	-1.455523e-02
1.750337e+02	-7.470322e-04
1.760446e+02	-1.530132e-02
1.770615e+02	-4.047392e-03
1.780842e+02	-8.212106e-03
1.791128e+02	-3.374966e-04
1.801473e+02	-1.713234e-02
1.811878e+02	-9.405263e-03
1.822344e+02	-3.521814e-04
1.832870e+02	-9.883962e-03
1.843456e+02	-1.595959e-02
1.854104e+02	-1.156205e-02
1.864813e+02	-1.805495e-02
1.875584e+02	-1.059863e-02
1.886418e+02	-7.047470e-03
1.897313e+02	-3.582265e-03
1.908272e+02	-6.954842e-03
1.919294e+02	-2.438441e-03
1.930380e+02	-1.237437e-02
1.941530e+02	1.999175e-03
1.952744e+02	-4.984084e-03
1.964023e+02	-1.215018e-02
1.975367e+02	-1.827068e-02
1.986777e+02	-6.988162e-03
1.998252e+02	-1.786240e-02
2.009794e+02	1.496390e-03
2.021403e+02	-2.323106e-04
2.033078e+02	-2.558507e-02
2.044821e+02	-5.027381e-03
2.056632e+02	9.207419e-04
2.068511e+02	-6.283654e-03
2.080459e+02	1.217635e-02
2.092475e+02	-7.565112e-03
2.104561e+02	-9.111560e-03
2.116717e+02	6.284771e-03
2.128943e+02	-9.731696e-03
2.141240e+02	-1.689787e-02
2.153608e+02	-1.132635e-02
2.166047e+02	-6.882139e-03
2.178558e+02	-2.788053e-02
2.191141e+02	-1.523519e-02
2.203797e+02	2.922666e-03
2.216526e+02	-8.425664e-03
2.229329e+02	-1.588178e-02
2.242205e+02	-3.557847e-03
2.255156e+02	-9.399374e-03
2.268182e+02	-1.264994e-02
2.281283e+02	-1.346551e-03
2.294459e+02	-3.957199e-03
2.307712e+02	-5.407287e-03
2.321041e+02	-7.802673e-03
2.334447e+02	3.866283e-03
2.347931e+02	-1.181969e-02
2.361493e+02	8.488760e-03
2.375133e+02	-2.056719e-02
2.388851e+02	-5.886277e-03
2.402649e+02	-1.665641e-02
2.416527e+02	-2.751236e-03
2.430484e+02	4.579640e-03
2.444523e+02	-2.848008e-02
2.458642e+02	-9.947187e-03
2.472843e+02	-1.270268e-02
2.487126e+02	-1.404247e-02
2.501492e+02	-1.277802e-02
2.515940e+02	-2.412738e-03
2.530472e+02	-1.722516e-02
2.545088e+02	-1.996069e-02
2.559789e+02	-1.836684e-02
2.574574e+02	-1.184607e-02
2.589444e+02	-1.571648e-02
2.604401e+02	-1.901920e-02
2.619444e+02	-4.874839e-03
2.634574e+02	-1.085374e-02
2.649791e+02	7.374283e-03
2.665096e+02	-8.179477e-03
2.680489e+02	-1.435010e-02
2.695972e+02	-1.541307e-03
2.711544e+02	-2.212433e-02
2.727205e+02	-2.525377e-02
2.742958e+02	-1.515561e-02
2.758801e+02	1.195974e-02
2.774736e+02	-3.165029e-03
2.790762e+02	-9.066279e-03
2.806882e+02	-1.815523e-02
2.823094e+02	-3.246266e-02
2.839400e+02	-3.114977e-02
2.855800e+02	-1.242602e-02
2.872295e+02	-1.778396e-02
2.888886e+02	-1.660383e-02
2.905572e+02	-1.282426e-02
2.922354e+02	-1.803423e-02
2.939234e+02	-9.546577e-03
2.956211e+02	-8.739609e-03
2.973286e+02	-5.854718e-03
2.990459e+02	-6.534669e-03
3.007732e+02	8.430197e-04
3.025104e+02	-2.946885e-02
3.042577e+02	-2.401931e-02
3.060151e+02	-1.560707e-02
3.077826e+02	-1.736526e-02
3.095604e+02	-2.317087e-02
3.113484e+02	-3.359363e-03
3.131467e+02	-1.618282e-02
3.149554e+02	-1.561958e-02
3.167746e+02	-1.612138e-02
3.186043e+02	-4.449771e-02
3.204445e+02	7.939735e-03
3.222954e+02	-1.271566e-02
3.241570e+02	-1.066027e-02
3.260293e+02	-2.906852e-02
3.279124e+02	-3.738857e-02
3.298064e+02	-2.369339e-02
3.317114e+02	-1.537377e-02
3.336273e+02	-3.596043e-02
3.355544e+02	-2.453023e-02
3.374925e+02	-3.949941e-02
3.394418e+02	-1.521244e-02
3.414024e+02	-1.622905e-02
3.433744e+02	-1.143397e-02
3.453577e+02	-1.144068e-02
3.473525e+02	-2.298748e-02
3.493588e+02	-4.659499e-03
3.513766e+02	-1.033860e-02
3.534062e+02	-8.451989e-03
3.554474e+02	-2.238209e-02
3.575005e+02	-1.410207e-02
3.595654e+02	-2.211350e-02
3.616422e+02	-1.799014e-02
3.637311e+02	-1.857973e-02
3.658320e+02	-1.830817e-02
3.679450e+02	-1.192536e-02
3.700702e+02	-3.617773e-02
3.722077e+02	-2.211370e-02
3.743576e+02	-1.277452e-02
3.765199e+02	-3.322763e-02
3.786946e+02	4.854572e-03
3.808820e+02	-2.518806e-02
3.830819e+02	-4.866119e-02
3.852946e+02	-2.863972e-02
3.875200e+02	-2.145217e-02
3.897583e+02	-6.576216e-03
3.920096e+02	-2.520970e-02
3.942738e+02	-3.002924e-02
3.965511e+02	-1.888178e-02
3.988416e+02	-2.201789e-02
4.011452e+02	-2.045418e-02
4.034622e+02	-2.814698e-02
4.057926e+02	-2.611312e-02
4.081365e+02	-2.595301e-02
4.104938e+02	-2.591339e-02
4.128648e+02	-2.666673e-02
4.152495e+02	-2.141431e-02
4.176480e+02	-3.352151e-02
4.200603e+02	-3.549064e-02
4.224866e+02	-2.474749e-02
4.249268e+02	-9.614495e-03
4.273812e+02	-3.666368e-02
4.298497e+02	-1.527860e-02
4.323325e+02	-2.251586e-02
4.348297e+02	-2.966420e-02
4.373412e+02	-3.641847e-02
4.398673e+02	-1.610900e-02
4.424079e+02	-2.023359e-02
4.449633e+02	-1.514990e-02
4.475334e+02	-2.874681e-02
4.501183e+02	-3.286294e-02
4.527182e+02	-2.913634e-02
4.553330e+02	-3.352514e-02
4.579630e+02	-3.380472e-02
4.606082e+02	-3.752338e-02
4.632687e+02	-3.865254e-02
4.659445e+02	-3.029317e-02
4.686358e+02	-4.077395e-02
4.713426e+02	-1.094743e-02
4.740650e+02	-3.989158e-02
4.768032e+02	-4.216601e-02
4.795572e+02	-4.439073e-02
4.823271e+02	-3.107472e-02
4.851130e+02	-2.703209e-02
4.879150e+02	-4.909497e-02
4.907332e+02	-3.618075e-02
4.935676e+02	-2.734063e-02
4.964185e+02	-4.202588e-02
4.992858e+02	-4.245516e-02
5.021696e+02	-5.238226e-02
5.050701e+02	-2.820555e-02
5.079874e+02	-2.509013e-02
5.109215e+02	-4.186353e-02
5.138726e+02	-4.886941e-02
5.168407e+02	-5.869552e-02
5.198259e+02	-4.217215e-02
5.228284e+02	-4.150348e-02
5.258482e+02	-3.602704e-02
5.288855e+02	-4.743480e-02
5.319403e+02	-4.384321e-02
5.350128e+02	-5.489378e-02
5.381030e+02	-3.610000e-02
5.412111e+02	-5.238454e-02
5.443371e+02	-4.785187e-02
5.474812e+02	-4.753617e-02
5.506434e+02	-4.037278e-02
5.538239e+02	-6.287885e-02
5.570228e+02	-6.965740e-02
5.602401e+02	-4.093027e-02
5.634760e+02	-4.527877e-02
5.667306e+02	-6.082117e-02
5.700040e+02	-6.456327e-02
5.732964e+02	-5.199103e-02
5.766077e+02	-5.426198e-02
5.799382e+02	-5.366804e-02
5.832879e+02	-6.983570e-02
5.866569e+02	-4.519726e-02
5.900454e+02	-6.258002e-02
5.934535e+02	-5.916432e-02
5.968813e+02	-5.761821e-02
6.003288e+02	-5.427360e-02
6.037963e+02	-4.959352e-02
6.072838e+02	-4.321292e-02
6.107914e+02	-6.834703e-02
6.143194e+02	-3.857519e-02
6.178676e+02	-5.721228e-02
6.214364e+02	-7.036956e-02
6.250258e+02	-5.941911e-02
6.286359e+02	-7.672458e-02
6.322669e+02	-6.706471e-02
6.359189e+02	-7.154239e-02
6.395919e+02	-5.921041e-02
6.432862e+02	-6.982820e-02
6.470017e+02	-8.187253e-02
6.507388e+02	-6.137165e-02
6.544974e+02	-5.968653e-02
6.582778e+02	-6.773440e-02
6.620800e+02	-6.500108e-02
6.659041e+02	-6.859966e-02
6.697504e+02	-7.421637e-02
6.736188e+02	-7.699126e-02
6.775096e+02	-7.263932e-02
6.814229e+02	-8.940101e-02
6.853587e+02	-5.997861e-02
6.893173e+02	-6.913410e-02
6.932988e+02	-7.912649e-02
6.973033e+02	-7.881271e-02
7.013309e+02	-8.265360e-02
7.053817e+02	-6.097874e-02
7.094560e+02	-7.626909e-02
7.135538e+02	-7.955505e-02
7.176752e+02	-7.833763e-02
7.218205e+02	-9.807061e-02
7.259897e+02	-7.806528e-02
7.301830e+02	-6.694207e-02
7.344005e+02	-9.736984e-02
7.386424e+02	-8.050569e-02
7.429087e+02	-7.507270e-02
7.471998e+02	-8.394254e-02
7.515155e+02	-8.892206e-02
7.558563e+02	-9.177259e-02
7.602221e+02	-9.364923e-02
7.646131e+02	-9.937062e-02
7.690295e+02	-9.980565e-02
7.734713e+02	-9.514223e-02
7.779389e+02	-8.686052e-02
7.824322e+02	-1.001981e-01
7.869515e+02	-1.061459e-01
7.914969e+02	-9.323702e-02
7.960686e+02	-9.064646e-02
8.006666e+02	-1.028702e-01
8.052912e+02	-1.009352e-01
8.099426e+02	-9.479842e-02
8.146208e+02	-1.000249e-01
8.193260e+02	-1.104656e-01
8.240584e+02	-1.013363e-01
8.288181e+02	-1.120673e-01
8.336053e+02	-1.018214e-01
8.384202e+02	-1.196981e-01
8.432629e+02	-1.047550e-01
8.481335e+02	-1.372184e-01
8.530323e+02	-1.277274e-01
8.579594e+02	-1.211609e-01
8.629149e+02	-1.229489e-01
8.678991e+02	-1.304602e-01
8.729120e+02	-1.144946e-01
8.779539e+02	-1.320856e-01
8.830250e+02	-1.409340e-01
8.881253e+02	-1.302114e-01
8.932551e+02	-1.296865e-01
8.984145e+02	-1.304474e-01
9.036037e+02	-1.194323e-01
9.088229e+02	-1.245802e-01
9.140722e+02	-1.290374e-01
9.193518e+02	-1.223024e-01
9.246620e+02	-1.328591e-01
9.300028e+02	-1.199486e-01
9.353744e+02	-1.400335e-01
9.407771e+02	-1.373436e-01
9.462110e+02	-1.520925e-01
9.516763e+02	-1.507371e-01
9.571731e+02	-1.494046e-01
9.627017e+02	-1.495206e-01
9.682622e+02	-1.479496e-01
9.738549e+02	-1.628264e-01
9.794798e+02	-1.440614e-01
9.851373e+02	-1.780391e-01
9.908274e+02	-1.426205e-01
9.965504e+02	-1.553891e-01
1.002306e+03	-1.470716e-01
1.008096e+03	-1.592985e-01
1.013918e+03	-1.522631e-01
1.019775e+03	-1.529599e-01
1.025665e+03	-1.698018e-01
1.031589e+03	-1.696036e-01
1.037548e+03	-1.664743e-01
1.043540e+03	-1.663606e-01
1.049568e+03	-1.723163e-01
1.055630e+03	-1.708705e-01
1.061727e+03	-1.839677e-01
1.067860e+03	-1.664351e-01
1.074028e+03	-1.823153e-01
1.080231e+03	-1.931800e-01
1.086471e+03	-2.012368e-01
1.092746e+03	-1.825942e-01
1.099058e+03	-1.935888e-01
1.105406e+03	-2.005518e-01
1.111791e+03	-1.912446e-01
1.118212e+03	-2.106518e-01
1.124671e+03	-1.942109e-01
1.131167e+03	-2.108845e-01
1.137701e+03	-1.899501e-01
1.144272e+03	-2.086140e-01
1.150881e+03	-2.134915e-01
1.157529e+03	-2.003766e-01
1.164215e+03	-2.111795e-01
1.170939e+03	-2.149444e-01
1.177702e+03	-2.152446e-01
1.184505e+03	-2.003599e-01
1.191346e+03	-2.212322e-01
1.198227e+03	-2.322354e-01
1.205148e+03	-2.140624e-01
1.212109e+03	-2.500709e-01
1.219110e+03	-2.200149e-01
1.226152e+03	-2.301181e-01
1.233234e+03	-2.208552e-01
1.240357e+03	-2.351078e-01
1.247521e+03	-2.311586e-01
1.254727e+03	-2.555388e-01
1.261974e+03	-2.570500e-01
1.269263e+03	-2.335778e-01
1.276595e+03	-2.430403e-01
1.283968e+03	-2.507757e-01
1.291384e+03	-2.446097e-01
1.298843e+03	-2.522070e-01
1.306345e+03	-2.568714e-01
1.313891e+03	-2.652352e-01
1.321480e+03	-2.625050e-01
1.329113e+03	-2.776324e-01
1.336790e+03	-2.733210e-01
1.344511e+03	-2.880813e-01
1.352277e+03	-2.857178e-01
1.360087e+03	-2.792242e-01
1.367943e+03	-2.916613e-01
1.375844e+03	-3.156693e-01
1.383791e+03	-2.873612e-01
1.391784e+03	-2.874301e-01
1.399823e+03	-3.149343e-01
1.407908e+03	-3.017943e-01
1.416040e+03	-2.898035e-01
1.424219e+03	-3.200803e-01
1.432445e+03	-2.976183e-01
1.440719e+03	-3.300591e-01
1.449041e+03	-3.143360e-01
1.457410e+03	-3.230508e-01
1.465828e+03	-3.271055e-01
1.474295e+03	-3.228834e-01
1.482810e+03	-3.365411e-01
1.491375e+03	-3.288277e-01
1.499989e+03	-3.448354e-01
1.508653e+03	-3.601020e-01
1.517367e+03	-3.439850e-01
1.526131e+03	-3.539574e-01
1.534946e+03	-3.660438e-01
1.543812e+03	-3.716277e-01
1.552729e+03	-3.759271e-01
1.561697e+03	-3.784695e-01
1.570717e+03	-3.840951e-01
1.579790e+03	-3.731609e-01
1.588915e+03	-3.855061e-01
1.598092e+03	-3.914531e-01
1.607323e+03	-3.846340e-01
1.616606e+03	-3.890868e-01
1.625944e+03	-4.121080e-01
1.635335e+03	-3.858638e-01
1.644781e+03	-4.193657e-01
1.654281e+03	-4.271470e-01
1.663836e+03	-4.139836e-01
1.673446e+03	-4.302180e-01
1.683112e+03	-4.362187e-01
1.692834e+03	-4.266685e-01
1.702611e+03	-4.413204e-01
1.712446e+03	-4.298383e-01
1.722337e+03	-4.414689e-01
1.732285e+03	-4.342246e-01
1.742290e+03	-4.609628e-01
1.752354e+03	-4.612522e-01
1.762475e+03	-4.764642e-01
1.772655e+03	-4.676177e-01
1.782894e+03	-4.780068e-01
1.793192e+03	-4.834901e-01
1.803549e+03	-4.904545e-01
1.813967e+03	-4.869006e-01
1.824444e+03	-4.918751e-01
1.834982e+03	-5.054410e-01
1.845581e+03	-5.074011e-01
1.856241e+03	-5.271762e-01
1.866962e+03	-5.137804e-01
1.877746e+03	-5.177107e-01
1.888592e+03	-5.399078e-01
1.899500e+03	-5.411728e-01
1.910472e+03	-5.561832e-01
1.921506e+03	-5.488294e-01
1.932605e+03	-5.554084e-01
1.943768e+03	-5.609981e-01
1.954995e+03	-5.635023e-01
1.966287e+03	-5.732274e-01
1.977644e+03	-5.739836e-01
1.989067e+03	-5.858430e-01
2.000555e+03	-5.952062e-01
2.012110e+03	-6.054511e-01
2.023732e+03	-6.109405e-01
2.035421e+03	-6.135877e-01
2.047178e+03	-6.171287e-01
2.059002e+03	-6.428983e-01
2.070895e+03	-6.265607e-01
2.082856e+03	-6.380828e-01
2.094887e+03	-6.526209e-01
2.106987e+03	-6.639967e-01
2.119157e+03	-6.723535e-01
2.131397e+03	-6.655025e-01
2.143708e+03	-6.809679e-01
2.156090e+03	-6.979338e-01
2.168543e+03	-7.043301e-01
2.181069e+03	-6.999248e-01
2.193666e+03	-7.065174e-01
2.206337e+03	-7.165114e-01
2.219081e+03	-7.084137e-01
2.231898e+03	-7.348458e-01
2.244789e+03	-7.261699e-01
2.257755e+03	-7.337918e-01
2.270796e+03	-7.487808e-01
2.283912e+03	-7.643723e-01
2.297104e+03	-7.603272e-01
2.310372e+03	-7.668469e-01
2.323716e+03	-7.867142e-01
2.337138e+03	-7.623945e-01
2.350637e+03	-7.986206e-01
2.364214e+03	-8.134503e-01
2.377870e+03	-8.237590e-01
2.391604e+03	-8.064740e-01
2.405418e+03	-8.244324e-01
2.419312e+03	-8.508428e-01
2.433286e+03	-8.341129e-01
2.447340e+03	-8.666364e-01
2.461476e+03	-8.886495e-01
2.475693e+03	-8.884402e-01
2.489993e+03	-8.958753e-01
2.504375e+03	-8.867003e-01
2.518840e+03	-9.090250e-01
2.533389e+03	-9.138259e-01
2.548022e+03	-9.408629e-01
2.562739e+03	-9.351703e-01
2.577541e+03	-9.538307e-01
2.592429e+03	-9.656403e-01
2.607403e+03	-9.781022e-01
2.622463e+03	-9.566475e-01
2.637610e+03	-9.841872e-01
2.652845e+03	-1.008798e+00
2.668168e+03	-1.013796e+00
2.683579e+03	-1.011553e+00
2.699079e+03	-1.032861e+00
2.714669e+03	-1.045475e+00
2.730349e+03	-1.053922e+00
2.746119e+03	-1.067697e+00
2.761981e+03	-1.077138e+00
2.777934e+03	-1.066914e+00
2.793979e+03	-1.062867e+00
2.810117e+03	-1.104424e+00
2.826348e+03	-1.120780e+00
2.842673e+03	-1.106974e+00
2.859092e+03	-1.131850e+00
2.875606e+03	-1.170852e+00
2.892215e+03	-1.163626e+00
2.908921e+03	-1.171659e+00
2.925722e+03	-1.190636e+00
2.942621e+03	-1.196907e+00
2.959618e+03	-1.213269e+00
2.976712e+03	-1.233767e+00
2.993906e+03	-1.231214e+00
3.011198e+03	-1.255681e+00
3.028591e+03	-1.236968e+00
3.046084e+03	-1.278443e+00
3.063678e+03	-1.259039e+00
3.081374e+03	-1.283651e+00
3.099172e+03	-1.300828e+00
3.117072e+03	-1.327771e+00
3.135076e+03	-1.337528e+00
3.153184e+03	-1.340018e+00
3.171397e+03	-1.373136e+00
3.189715e+03	-1.379514e+00
3.208139e+03	-1.392237e+00
3.226669e+03	-1.405346e+00
3.245306e+03	-1.412112e+00
3.264051e+03	-1.435701e+00
3.282904e+03	-1.441147e+00
3.301866e+03	-1.445343e+00
3.320937e+03	-1.465098e+00
3.340119e+03	-1.486907e+00
3.359411e+03	-1.497667e+00
3.378815e+03	-1.521526e+00
3.398331e+03	-1.552133e+00
3.417959e+03	-1.545808e+00
3.437701e+03	-1.549596e+00
3.457557e+03	-1.585498e+00
3.477528e+03	-1.599765e+00
3.497614e+03	-1.605929e+00
3.517816e+03	-1.627111e+00
3.538135e+03	-1.636697e+00
3.558571e+03	-1.653233e+00
3.579125e+03	-1.667926e+00
3.599798e+03	-1.699616e+00
3.620590e+03	-1.705285e+00
3.641503e+03	-1.725282e+00
3.662536e+03	-1.726311e+00
3.683691e+03	-1.769364e+00
3.704967e+03	-1.758432e+00
3.726367e+03	-1.784418e+00
3.747890e+03	-1.800914e+00
3.769538e+03	-1.826763e+00
3.791311e+03	-1.829211e+00
3.813209e+03	-1.828884e+00
3.835234e+03	-1.865647e+00
3.857386e+03	-1.893337e+00
3.879667e+03	-1.895098e+00
3.902075e+03	-1.932287e+00
3.924614e+03	-1.933479e+00
3.947282e+03	-1.962635e+00
3.970081e+03	-1.976801e+00
3.993012e+03	-2.012059e+00
4.016076e+03	-2.026880e+00
4.039272e+03	-2.028020e+00
4.062603e+03	-2.054610e+00
4.086069e+03	-2.082141e+00
4.109670e+03	-2.074410e+00
4.133407e+03	-2.099844e+00
4.157281e+03	-2.132453e+00
4.181294e+03	-2.163938e+00
4.205445e+03	-2.175451e+00
4.229735e+03	-2.177804e+00
4.254166e+03	-2.204647e+00
4.278738e+03	-2.208283e+00
4.303451e+03	-2.238263e+00
4.328308e+03	-2.288243e+00
4.353308e+03	-2.280362e+00
4.378453e+03	-2.301055e+00
4.403742e+03	-2.341898e+00
4.429178e+03	-2.361511e+00
4.454761e+03	-2.368527e+00
4.480492e+03	-2.408289e+00
4.506371e+03	-2.402239e+00
4.532399e+03	-2.432598e+00
4.558578e+03	-2.460227e+00
4.584908e+03	-2.474891e+00
4.611391e+03	-2.486159e+00
4.638026e+03	-2.511579e+00
4.664815e+03	-2.546204e+00
4.691759e+03	-2.554539e+00
4.718858e+03	-2.580782e+00
4.746114e+03	-2.606456e+00
4.773527e+03	-2.638886e+00
4.801099e+03	-2.650607e+00
4.828830e+03	-2.676456e+00
4.856721e+03	-2.683186e+00
4.884773e+03	-2.736197e+00
4.912988e+03	-2.746199e+00
4.941365e+03	-2.769845e+00
4.969906e+03	-2.806038e+00
4.998612e+03	-2.826036e+00
5.027484e+03	-2.827243e+00
5.056522e+03	-2.853896e+00
5.085729e+03	-2.892802e+00
5.115104e+03	-2.911683e+00
5.144648e+03	-2.922859e+00
5.174363e+03	-2.948781e+00
5.204250e+03	-2.999018e+00
5.234310e+03	-2.993253e+00
5.264543e+03	-3.038998e+00
5.294951e+03	-3.047841e+00
5.325534e+03	-3.086593e+00
5.356294e+03	-3.107412e+00
5.387232e+03	-3.135775e+00
5.418348e+03	-3.178668e+00
5.449645e+03	-3.190845e+00
5.481122e+03	-3.221134e+00
5.512780e+03	-3.239448e+00
5.544622e+03	-3.271307e+00
5.576647e+03	-3.291600e+00
5.608858e+03	-3.311593e+00
5.641254e+03	-3.346896e+00
5.673838e+03	-3.368715e+00
5.706610e+03	-3.412686e+00
5.739571e+03	-3.443635e+00
5.772723e+03	-3.454956e+00
5.806066e+03	-3.480283e+00
5.839601e+03	-3.519795e+00
5.873331e+03	-3.531344e+00
5.907255e+03	-3.566758e+00
5.941375e+03	-3.588755e+00
5.975692e+03	-3.624636e+00
6.010207e+03	-3.645517e+00
6.044922e+03	-3.686620e+00
6.079837e+03	-3.693918e+00
6.114954e+03	-3.720176e+00
6.150274e+03	-3.762698e+00
6.185797e+03	-3.806119e+00
6.221526e+03	-3.823331e+00
6.257462e+03	-3.859630e+00
6.293605e+03	-3.868125e+00
6.329956e+03	-3.915134e+00
6.366518e+03	-3.941827e+00
6.403290e+03	-3.973777e+00
6.440276e+03	-3.998715e+00
6.477474e+03	-4.051968e+00
6.514888e+03	-4.074129e+00
6.552518e+03	-4.100657e+00
6.590365e+03	-4.106204e+00
6.628430e+03	-4.156820e+00
6.666716e+03	-4.173568e+00
6.705223e+03	-4.237789e+00
6.743952e+03	-4.252802e+00
6.782905e+03	-4.273584e+00
6.822082e+03	-4.310116e+00
6.861486e+03	-4.327862e+00
6.901118e+03	-4.375549e+00
6.940979e+03	-4.390687e+00
6.981069e+03	-4.439075e+00
7.021392e+03	-4.449783e+00
7.061947e+03	-4.496355e+00
7.102737e+03	-4.531574e+00
7.143762e+03	-4.567676e+00
7.185024e+03	-4.590486e+00
7.226524e+03	-4.637418e+00
7.268264e+03	-4.667783e+00
7.310246e+03	-4.695996e+00
7.352469e+03	-4.740400e+00
7.394937e+03	-4.753147e+00
7.437650e+03	-4.789913e+00
7.480609e+03	-4.843715e+00
7.523817e+03	-4.854470e+00
7.567274e+03	-4.908036e+00
7.610982e+03	-4.937084e+00
7.654943e+03	-4.969707e+00
7.699158e+03	-4.989189e+00
7.743628e+03	-5.027134e+00
7.788355e+03	-5.074331e+00
7.833340e+03	-5.111026e+00
7.878585e+03	-5.136131e+00
7.924091e+03	-5.180883e+00
7.969861e+03	-5.194980e+00
8.015894e+03	-5.231897e+00
8.062194e+03	-5.265273e+00
8.108761e+03	-5.294019e+00
8.155596e+03	-5.355110e+00
8.202703e+03	-5.370137e+00
8.250081e+03	-5.405328e+00
8.297733e+03	-5.425062e+00
8.345661e+03	-5.471416e+00
8.393865e+03	-5.521654e+00
8.442348e+03	-5.542121e+00
8.491110e+03	-5.587640e+00
8.540155e+03	-5.625219e+00
8.589482e+03	-5.665295e+00
8.639095e+03	-5.714237e+00
8.688994e+03	-5.719061e+00
8.739181e+03	-5.769215e+00
8.789658e+03	-5.798823e+00
8.840427e+03	-5.843390e+00
8.891489e+03	-5.878685e+00
8.942846e+03	-5.914741e+00
8.994499e+03	-5.950429e+00
9.046451e+03	-5.975496e+00
9.098703e+03	-6.015993e+00
9.151257e+03	-6.063768e+00
9.204114e+03	-6.125870e+00
9.257277e+03	-6.145994e+00
9.310746e+03	-6.169811e+00
9.364525e+03	-6.230672e+00
9.418614e+03	-6.238407e+00
9.473015e+03	-6.299059e+00
9.527731e+03	-6.348034e+00
9.582763e+03	-6.365230e+00
9.638113e+03	-6.415321e+00
9.693782e+03	-6.436868e+00
9.749773e+03	-6.468495e+00
9.806087e+03	-6.513393e+00
9.862727e+03	-6.548807e+00
9.919693e+03	-6.590841e+00
9.976989e+03	-6.643682e+00
1.003462e+04	-6.663903e+00
1.009258e+04	-6.718932e+00
1.015087e+04	-6.746514e+00
1.020950e+04	-6.802312e+00
1.026847e+04	-6.831284e+00
1.032778e+04	-6.865198e+00
1.038743e+04	-6.911703e+00
1.044743e+04	-6.938793e+00
1.050777e+04	-6.984057e+00
1.056847e+04	-7.033852e+00
1.062951e+04	-7.066240e+00
1.069091e+04	-7.100642e+00
1.075266e+04	-7.152342e+00
1.081476e+04	-7.176207e+00
1.087723e+04	-7.212421e+00
1.094006e+04	-7.263810e+00
1.100324e+04	-7.302357e+00
1.106680e+04	-7.354062e+00
1.113072e+04	-7.379689e+00
1.119501e+04	-7.419843e+00
1.125967e+04	-7.470319e+00
1.132471e+04	-7.512500e+00
1.139012e+04	-7.550999e+00
1.145591e+04	-7.567598e+00
1.152208e+04	-7.630624e+00
1.158863e+04	-7.667159e+00
1.165556e+04	-7.707370e+00
1.172289e+04	-7.749855e+00
1.179060e+04	-7.787453e+00
1.185870e+04	-7.837654e+00
1.192719e+04	-7.884389e+00
1.199608e+04	-7.910276e+00
1.206537e+04	-7.972735e+00
1.213506e+04	-7.996526e+00
1.220515e+04	-8.039158e+00
1.227565e+04	-8.072726e+00
1.234655e+04	-8.110809e+00
1.241787e+04	-8.174149e+00
1.248959e+04	-8.220368e+00
1.256173e+04	-8.251513e+00
1.263429e+04	-8.270965e+00
1.270726e+04	-8.320315e+00
1.278066e+04	-8.363997e+00
1.285448e+04	-8.417285e+00
1.292873e+04	-8.455544e+00
1.300340e+04	-8.485633e+00
1.307851e+04	-8.529435e+00
1.315405e+04	-8.582526e+00
1.323003e+04	-8.632491e+00
1.330644e+04	-8.668314e+00
1.338330e+04	-8.695578e+00
1.346060e+04	-8.735739e+00
1.353835e+04	-8.791397e+00
1.361655e+04	-8.832084e+00
1.369520e+04	-8.881449e+00
1.377430e+04	-8.919652e+00
1.385386e+04	-8.972318e+00
1.393388e+04	-9.005437e+00
1.401436e+04	-9.014161e+00
1.409531e+04	-9.083366e+00
1.417672e+04	-9.119808e+00
1.425861e+04	-9.182123e+00
1.434096e+04	-9.232775e+00
1.442379e+04	-9.267469e+00
1.450711e+04	-9.303862e+00
1.459090e+04	-9.359141e+00
1.467518e+04	-9.383109e+00
1.475994e+04	-9.449937e+00
1.484519e+04	-9.471606e+00
1.493094e+04	-9.522498e+00
1.501718e+04	-9.558952e+00
1.510392e+04	-9.597756e+00
1.519116e+04	-9.656265e+00
1.527890e+04	-9.703528e+00
1.536715e+04	-9.746508e+00
1.545591e+04	-9.760293e+00
1.554518e+04	-9.830825e+00
1.563497e+04	-9.862430e+00
1.572528e+04	-9.922105e+00
1.581611e+04	-9.963616e+00
1.590746e+04	-1.001874e+01
1.599934e+04	-1.005859e+01
1.609175e+04	-1.009170e+01
1.618470e+04	-1.011679e+01
1.627818e+04	-1.015051e+01
1.637220e+04	-1.020873e+01
1.646677e+04	-1.026966e+01
1.656188e+04	-1.029648e+01
1.665754e+04	-1.034440e+01
1.675375e+04	-1.036898e+01
1.685052e+04	-1.044463e+01
1.694785e+04	-1.047818e+01
1.704574e+04	-1.053598e+01
1.714419e+04	-1.056831e+01
1.724322e+04	-1.062177e+01
1.734281e+04	-1.066588e+01
1.744299e+04	-1.072100e+01
1.754374e+04	-1.074638e+01
1.764507e+04	-1.078072e+01
1.774698e+04	-1.081989e+01
1.784949e+04	-1.087887e+01
1.795259e+04	-1.092413e+01
1.805628e+04	-1.095765e+01
1.816057e+04	-1.098497e+01
1.826547e+04	-1.106908e+01
1.837097e+04	-1.108915e+01
1.847708e+04	-1.116367e+01
1.858380e+04	-1.118203e+01
1.869114e+04	-1.122760e+01
1.879910e+04	-1.127349e+01
1.890768e+04	-1.131661e+01
1.901689e+04	-1.136763e+01
1.912673e+04	-1.142483e+01
1.923721e+04	-1.144425e+01
1.934832e+04	-1.149575e+01
1.946008e+04	-1.153562e+01
1.957248e+04	-1.158800e+01
1.968553e+04	-1.161837e+01
1.979923e+04	-1.168214e+01
1.991359e+04	-1.172492e+01
2.002861e+04	-1.176539e+01
2.014430e+04	-1.179457e+01
2.026065e+04	-1.185608e+01
2.037767e+04	-1.188767e+01
2.049537e+04	-1.192583e+01
2.061375e+04	-1.198789e+01
2.073282e+04	-1.202869e+01
2.085257e+04	-1.207575e+01
2.097301e+04	-1.211058e+01
2.109415e+04	-1.215653e+01
2.121599e+04	-1.221044e+01
2.133853e+04	-1.224645e+01
2.146178e+04	-1.229530e+01
2.158575e+04	-1.234074e+01
2.171043e+04	-1.237299e+01
2.183582e+04	-1.243195e+01
2.196195e+04	-1.246614e+01
2.208880e+04	-1.252921e+01
2.221638e+04	-1.256269e+01
2.234470e+04	-1.260457e+01
2.247377e+04	-1.263966e+01
2.260357e+04	-1.268968e+01
2.273413e+04	-1.273282e+01
2.286544e+04	-1.279313e+01
2.299751e+04	-1.281432e+01
2.313034e+04	-1.286152e+01
2.326394e+04	-1.291861e+01
2.339832e+04	-1.297014e+01
2.353346e+04	-1.301376e+01
2.366939e+04	-1.304416e+01
2.380610e+04	-1.310828e+01
2.394361e+04	-1.313390e+01
2.408191e+04	-1.318491e+01
2.422100e+04	-1.322376e+01
2.436090e+04	-1.328055e+01
2.450161e+04	-1.331882e+01
2.464313e+04	-1.336068e+01
2.478547e+04	-1.340562e+01
2.492863e+04	-1.344796e+01
2.507261e+04	-1.349563e+01
2.521743e+04	-1.353857e+01
2.536309e+04	-1.358472e+01
2.550958e+04	-1.361813e+01
2.565692e+04	-1.365354e+01
2.580512e+04	-1.371947e+01
2.595417e+04	-1.373961e+01
2.610408e+04	-1.379552e+01
2.625485e+04	-1.386437e+01
2.640650e+04	-1.389232e+01
2.655902e+04	-1.393750e+01
2.671243e+04	-1.397413e+01
2.686672e+04	-1.402342e+01
2.702190e+04	-1.405557e+01
2.717798e+04	-1.411645e+01
2.733495e+04	-1.414386e+01
2.749284e+04	-1.419312e+01
2.765164e+04	-1.423126e+01
2.781135e+04	-1.428204e+01
2.797199e+04	-1.433993e+01
2.813355e+04	-1.438956e+01
2.829605e+04	-1.441395e+01
2.845949e+04	-1.446023e+01
2.862387e+04	-1.451296e+01
2.878920e+04	-1.452520e+01
2.895549e+04	-1.459970e+01
2.912273e+04	-1.462505e+01
2.929094e+04	-1.468117e+01
2.946013e+04	-1.471783e+01
2.963029e+04	-1.476091e+01
2.980143e+04	-1.481833e+01
2.997356e+04	-1.484407e+01
3.014669e+04	-1.489438e+01
3.032081e+04	-1.492448e+01
3.049595e+04	-1.496432e+01
3.067209e+04	-1.500548e+01
3.084925e+04	-1.506664e+01
3.102743e+04	-1.511073e+01
3.120665e+04	-1.514646e+01
3.138690e+04	-1.519404e+01
3.156819e+04	-1.520860e+01
3.175052e+04	-1.526339e+01
3.193391e+04	-1.532793e+01
3.211836e+04	-1.536112e+01
3.230388e+04	-1.540993e+01
3.249046e+04	-1.544386e+01
3.267812e+04	-1.548163e+01
3.286687e+04	-1.553744e+01
3.305671e+04	-1.556433e+01
3.324764e+04	-1.559180e+01
3.343968e+04	-1.566299e+01
3.363283e+04	-1.570548e+01
3.382709e+04	-1.572675e+01
3.402247e+04	-1.579592e+01
3.421899e+04	-1.580999e+01
3.441663e+04	-1.585868e+01
3.461542e+04	-1.591234e+01
3.481536e+04	-1.593175e+01
3.501645e+04	-1.598440e+01
3.521871e+04	-1.603014e+01
3.542213e+04	-1.605324e+01
3.562672e+04	-1.612967e+01
3.583250e+04	-1.615389e+01
3.603947e+04	-1.621628e+01
3.624763e+04	-1.624296e+01
3.645700e+04	-1.627251e+01
3.666757e+04	-1.631050e+01
3.687936e+04	-1.634157e+01
3.709238e+04	-1.639458e+01
3.730662e+04	-1.643429e+01
3.752210e+04	-1.648008e+01
3.773883e+04	-1.652193e+01
3.795680e+04	-1.656147e+01
3.817604e+04	-1.661324e+01
3.839654e+04	-1.662964e+01
3.861832e+04	-1.668787e+01
3.884138e+04	-1.673045e+01
3.906573e+04	-1.674792e+01
3.929137e+04	-1.679473e+01
3.951831e+04	-1.684772e+01
3.974657e+04	-1.686707e+01
3.997614e+04	-1.691173e+01
4.020704e+04	-1.695157e+01
4.043928e+04	-1.698487e+01
4.067285e+04	-1.702158e+01
4.090778e+04	-1.706616e+01
4.114406e+04	-1.709970e+01
4.138171e+04	-1.715312e+01
4.162073e+04	-1.718118e+01
4.186113e+04	-1.721907e+01
4.210291e+04	-1.725121e+01
4.234610e+04	-1.729773e+01
4.259069e+04	-1.734152e+01
4.283669e+04	-1.736246e+01
4.308411e+04	-1.740727e+01
4.333297e+04	-1.744868e+01
4.358325e+04	-1.748702e+01
4.383499e+04	-1.752648e+01
4.408818e+04	-1.755454e+01
4.434283e+04	-1.760859e+01
4.459895e+04	-1.763453e+01
4.485655e+04	-1.766282e+01
4.511564e+04	-1.769636e+01
4.537623e+04	-1.773627e+01
4.563832e+04	-1.778876e+01
4.590193e+04	-1.782438e+01
4.616705e+04	-1.784253e+01
4.643371e+04	-1.789774e+01
4.670191e+04	-1.791864e+01
4.697166e+04	-1.796703e+01
4.724297e+04	-1.801982e+01
4.751584e+04	-1.802165e+01
4.779029e+04	-1.806049e+01
4.806633e+04	-1.809913e+01
4.834395e+04	-1.812341e+01
4.862319e+04	-1.818329e+01
4.890403e+04	-1.819569e+01
4.918650e+04	-1.823429e+01
4.947060e+04	-1.830242e+01
4.975634e+04	-1.829734e+01
5.004373e+04	-1.832124e+01
5.033278e+04	-1.836942e+01
5.062350e+04	-1.840721e+01
5.091590e+04	-1.844039e+01
5.120999e+04	-1.846327e+01
5.150578e+04	-1.850609e+01
5.180327e+04	-1.852250e+01
5.210248e+04	-1.855298e+01
5.240343e+04	-1.860706e+01
5.270611e+04	-1.861694e+01
5.301053e+04	-1.866058e+01
5.331672e+04	-1.870115e+01
5.362468e+04	-1.870507e+01
5.393441e+04	-1.876081e+01
5.424593e+04	-1.879101e+01
5.455926e+04	-1.883494e+01
5.487439e+04	-1.886728e+01
5.519134e+04	-1.888065e+01
5.551012e+04	-1.889673e+01
5.583075e+04	-1.893565e+01
5.615322e+04	-1.898162e+01
5.647756e+04	-1.899352e+01
5.680377e+04	-1.901786e+01
5.713187e+04	-1.904031e+01
5.746186e+04	-1.906351e+01
5.779376e+04	-1.908706e+01
5.812757e+04	-1.912981e+01
5.846332e+04	-1.916021e+01
5.880100e+04	-1.919997e+01
5.914063e+04	-1.922681e+01
5.948222e+04	-1.923951e+01
5.982579e+04	-1.928511e+01
6.017134e+04	-1.929868e+01
6.051889e+04	-1.931035e+01
6.086844e+04	-1.934388e+01
6.122002e+04	-1.936099e+01
6.157362e+04	-1.938970e+01
6.192927e+04	-1.943663e+01
6.228697e+04	-1.945122e+01
6.264674e+04	-1.946387e+01
6.300858e+04	-1.949022e+01
6.337252e+04	-1.950501e+01
6.373855e+04	-1.953541e+01
6.410670e+04	-1.955161e+01
6.447698e+04	-1.958803e+01
6.484940e+04	-1.961720e+01
6.522397e+04	-1.961495e+01
6.560070e+04	-1.963074e+01
6.597960e+04	-1.965432e+01
6.636070e+04	-1.966039e+01
6.674400e+04	-1.969824e+01
6.712951e+04	-1.971919e+01
6.751724e+04	-1.975209e+01
6.790722e+04	-1.976341e+01
6.829945e+04	-1.978415e+01
6.869395e+04	-1.978787e+01
6.909072e+04	-1.980694e+01
6.948978e+04	-1.981084e+01
6.989115e+04	-1.983391e+01
7.029484e+04	-1.987165e+01
7.070086e+04	-1.988239e+01
7.110923e+04	-1.990084e+01
7.151995e+04	-1.988477e+01
7.193305e+04	-1.992383e+01
7.234853e+04	-1.992687e+01
7.276641e+04	-1.995183e+01
7.318671e+04	-1.995756e+01
7.360943e+04	-1.997841e+01
7.403460e+04	-1.997064e+01
7.446222e+04	-1.999582e+01
7.489231e+04	-2.001027e+01
7.532488e+04	-2.001194e+01
7.575996e+04	-2.003798e+01
7.619754e+04	-2.003465e+01
7.663766e+04	-2.003873e+01
7.708031e+04	-2.004250e+01
7.752553e+04	-2.005420e+01
7.797331e+04	-2.005519e+01
7.842368e+04	-2.008097e+01
7.887665e+04	-2.009159e+01
7.933224e+04	-2.007878e+01
7.979046e+04	-2.007906e+01
8.025133e+04	-2.007481e+01
8.071486e+04	-2.008337e+01
8.118106e+04	-2.007565e+01
8.164996e+04	-2.009033e+01
8.212157e+04	-2.008576e+01
8.259590e+04	-2.009308e+01
8.307297e+04	-2.007344e+01
8.355279e+04	-2.007265e+01
8.403539e+04	-2.009651e+01
8.452078e+04	-2.008493e+01
8.500897e+04	-2.006892e+01
8.549997e+04	-2.008381e+01
8.599382e+04	-2.006287e+01
8.649052e+04	-2.003956e+01
8.699008e+04	-2.004565e+01
8.749253e+04	-2.004323e+01
8.799789e+04	-2.003003e+01
8.850616e+04	-2.001215e+01
8.901737e+04	-2.000927e+01
8.953153e+04	-2.001107e+01
9.004866e+04	-2.000829e+01
9.056877e+04	-1.998238e+01
9.109190e+04	-1.995567e+01
9.161804e+04	-1.995568e+01
9.214722e+04	-1.993673e+01
9.267946e+04	-1.994209e+01
9.321477e+04	-1.990902e+01
9.375318e+04	-1.988618e+01
9.429469e+04	-1.984912e+01
9.483933e+04	-1.983971e+01
9.538712e+04	-1.981553e+01
9.593807e+04	-1.979270e+01
9.649221e+04	-1.976722e+01
9.704954e+04	-1.975319e+01
9.761010e+04	-1.972147e+01
9.817389e+04	-1.968609e+01
9.874094e+04	-1.965041e+01
9.931126e+04	-1.962524e+01
9.988488e+04	-1.959645e+01
1.004618e+05	-1.954665e+01
1.010421e+05	-1.953577e+01
1.016257e+05	-1.947946e+01
1.022127e+05	-1.945495e+01
1.028031e+05	-1.941078e+01
1.033968e+05	-1.937480e+01
1.039941e+05	-1.932031e+01
1.045947e+05	-1.929105e+01
1.051989e+05	-1.919915e+01
1.058065e+05	-1.919355e+01
1.064176e+05	-1.912770e+01
1.070323e+05	-1.909631e+01
1.076505e+05	-1.903042e+01
1.082723e+05	-1.897871e+01
1.088977e+05	-1.894240e+01
1.095266e+05	-1.885916e+01
1.101593e+05	-1.881647e+01
1.107955e+05	-1.874637e+01
1.114355e+05	-1.865657e+01
1.120791e+05	-1.862051e+01
1.127265e+05	-1.854844e+01
1.133776e+05	-1.848314e+01
1.140325e+05	-1.840855e+01
1.146911e+05	-1.832407e+01
1.153536e+05	-1.824674e+01
1.160198e+05	-1.815391e+01
1.166900e+05	-1.808270e+01
1.173640e+05	-1.801261e+01
1.180419e+05	-1.790845e+01
1.187237e+05	-1.781014e+01
1.194094e+05	-1.773651e+01
1.200991e+05	-1.762067e+01
1.207928e+05	-1.751956e+01
1.214905e+05	-1.739308e+01
1.221922e+05	-1.729799e+01
1.228980e+05	-1.719538e+01
1.236078e+05	-1.707051e+01
1.243218e+05	-1.695232e+01
1.250399e+05	-1.684292e+01
1.257621e+05	-1.669745e+01
1.264885e+05	-1.656110e+01
1.272191e+05	-1.642940e+01
1.279539e+05	-1.627408e+01
1.286930e+05	-1.614362e+01
1.294363e+05	-1.599740e+01
1.301839e+05	-1.582443e+01
1.309358e+05	-1.565277e+01
1.316921e+05	-1.552466e+01
1.324528e+05	-1.533356e+01
1.332178e+05	-1.514245e+01
1.339873e+05	-1.494821e+01
1.347612e+05	-1.477027e+01
1.355395e+05	-1.455548e+01
1.363224e+05	-1.435760e+01
1.371098e+05	-1.413949e+01
1.379018e+05	-1.390436e+01
1.386983e+05	-1.366983e+01
1.394994e+05	-1.343913e+01
1.403051e+05	-1.317035e+01
1.411155e+05	-1.288967e+01
1.419306e+05	-1.262857e+01
1.427504e+05	-1.233319e+01
1.435749e+05	-1.203496e+01
1.444042e+05	-1.171434e+01
1.452383e+05	-1.138897e+01
1.460772e+05	-1.104252e+01
1.469209e+05	-1.066181e+01
1.477695e+05	-1.028729e+01
1.486230e+05	-9.877400e+00
1.494814e+05	-9.455845e+00
1.503448e+05	-8.991310e+00
1.512132e+05	-8.524474e+00
1.520866e+05	-7.994860e+00
1.529651e+05	-7.460318e+00
1.538486e+05	-6.892484e+00
1.547372e+05	-6.296865e+00
1.556310e+05	-5.672262e+00
1.565299e+05	-4.992496e+00
1.574340e+05	-4.269871e+00
1.583433e+05	-3.545179e+00
1.592579e+05	-2.785156e+00
1.601778e+05	-2.058327e+00
1.611030e+05	-1.369678e+00
1.620335e+05	-7.986374e-01
1.629694e+05	-3.932584e-01
1.639107e+05	-2.296734e-01
1.648574e+05	-3.423326e-01
1.658097e+05	-7.117060e-01
1.667674e+05	-1.274115e+00
1.677306e+05	-1.968700e+00
1.686994e+05	-2.741783e+00
1.696738e+05	-3.527703e+00
1.706538e+05	-4.326416e+00
1.716395e+05	-5.104804e+00
1.726309e+05	-5.847581e+00
1.736280e+05	-6.530012e+00
1.746309e+05	-7.203661e+00
1.756395e+05	-7.811223e+00
1.766540e+05	-8.414743e+00
1.776744e+05	-8.990982e+00
1.787006e+05	-9.507711e+00
1.797328e+05	-1.005285e+01
1.807709e+05	-1.051700e+01
1.818150e+05	-1.097723e+01
1.828652e+05	-1.140990e+01
1.839214e+05	-1.184306e+01
1.849837e+05	-1.225820e+01
1.860522e+05	-1.260922e+01
1.871268e+05	-1.299451e+01
1.882077e+05	-1.334057e+01
1.892948e+05	-1.365323e+01
1.903881e+05	-1.399150e+01
1.914878e+05	-1.430030e+01
1.925938e+05	-1.458842e+01
1.937062e+05	-1.487422e+01
1.948251e+05	-1.514313e+01
1.959504e+05	-1.539245e+01
1.970822e+05	-1.565992e+01
1.982205e+05	-1.590465e+01
1.993654e+05	-1.613640e+01
2.005169e+05	-1.637519e+01
2.016751e+05	-1.657080e+01
2.028400e+05	-1.678687e+01
2.040116e+05	-1.699974e+01
2.051899e+05	-1.717629e+01
2.063751e+05	-1.736695e+01
2.075671e+05	-1.755544e+01
2.087660e+05	-1.771336e+01
2.099719e+05	-1.785394e+01
2.111846e+05	-1.803720e+01
2.124044e+05	-1.818979e+01
2.136313e+05	-1.831891e+01
2.148652e+05	-1.844516e+01
2.161063e+05	-1.859892e+01
2.173545e+05	-1.872791e+01
2.186099e+05	-1.883164e+01
2.198726e+05	-1.895226e+01
2.211426e+05	-1.903909e+01
2.224199e+05	-1.914916e+01
2.237046e+05	-1.923728e+01
2.249967e+05	-1.932543e+01
2.262962e+05	-1.940499e+01
2.276033e+05	-1.946841e+01
2.289179e+05	-1.955875e+01
2.302402e+05	-1.961810e+01
2.315700e+05	-1.965648e+01
2.329076e+05	-1.972222e+01
2.342528e+05	-1.976101e+01
2.356059e+05	-1.978050e+01
2.369667e+05	-1.983167e+01
2.383354e+05	-1.984116e+01
2.397120e+05	-1.987140e+01
2.410966e+05	-1.987770e+01
2.424892e+05	-1.989491e+01
2.438898e+05	-1.987404e+01
2.452985e+05	-1.987739e+01
2.467153e+05	-1.984313e+01
2.481403e+05	-1.983512e+01
2.495736e+05	-1.981384e+01
2.510151e+05	-1.974740e+01
2.524650e+05	-1.972048e+01
2.539232e+05	-1.967699e+01
2.553898e+05	-1.959316e+01
2.568650e+05	-1.953613e+01
2.583486e+05	-1.945468e+01
2.598408e+05	-1.937390e+01
2.613416e+05	-1.927313e+01
2.628511e+05	-1.916887e+01
2.643694e+05	-1.903244e+01
2.658963e+05	-1.891074e+01
2.674321e+05	-1.875337e+01
2.689768e+05	-1.863427e+01
2.705304e+05	-1.844458e+01
2.720930e+05	-1.826142e+01
2.736646e+05	-1.808697e+01
2.752453e+05	-1.784709e+01
2.768351e+05	-1.764024e+01
2.784341e+05	-1.740465e+01
2.800423e+05	-1.713848e+01
2.816598e+05	-1.688526e+01
2.832867e+05	-1.655677e+01
2.849229e+05	-1.625560e+01
2.865686e+05	-1.589608e+01
2.882238e+05	-1.553951e+01
2.898886e+05	-1.513898e+01
2.915630e+05	-1.469761e+01
2.932470e+05	-1.422857e+01
2.949408e+05	-1.374248e+01
2.966444e+05	-1.318551e+01
2.983578e+05	-1.256849e+01
3.000811e+05	-1.191181e+01
3.018143e+05	-1.121281e+01
3.035576e+05	-1.038694e+01
3.053109e+05	-9.527018e+00
3.070744e+05	-8.527748e+00
3.088481e+05	-7.407722e+00
3.106320e+05	-6.168539e+00
3.124261e+05	-4.775381e+00
3.142307e+05	-3.328918e+00
3.160457e+05	-1.857279e+00
3.178712e+05	-8.300439e-01
3.197072e+05	-6.218686e-01
3.215538e+05	-1.476189e+00
3.234111e+05	-2.876642e+00
3.252791e+05	-4.439641e+00
3.271579e+05	-5.945272e+00
3.290475e+05	-7.308689e+00
3.309481e+05	-8.509964e+00
3.328596e+05	-9.606025e+00
3.347822e+05	-1.060331e+01
3.367159e+05	-1.148065e+01
3.386608e+05	-1.227175e+01
3.406169e+05	-1.300995e+01
3.425842e+05	-1.368250e+01
3.445630e+05	-1.429315e+01
3.465532e+05	-1.485822e+01
3.485549e+05	-1.538813e+01
3.505681e+05	-1.589243e+01
3.525930e+05	-1.633021e+01
3.546295e+05	-1.672528e+01
3.566778e+05	-1.713301e+01
3.587380e+05	-1.746336e+01
3.608101e+05	-1.780185e+01
3.628941e+05	-1.811399e+01
3.649901e+05	-1.840126e+01
3.670983e+05	-1.862516e+01
3.692187e+05	-1.889003e+01
3.713513e+05	-1.909974e+01
3.734962e+05	-1.926376e+01
3.756535e+05	-1.943487e+01
3.778232e+05	-1.959340e+01
3.800055e+05	-1.972607e+01
3.822004e+05	-1.984130e+01
3.844080e+05	-1.991394e+01
3.866283e+05	-1.998534e+01
3.888615e+05	-2.001834e+01
3.911075e+05	-2.005340e+01
3.933665e+05	-2.006949e+01
3.956386e+05	-2.006363e+01
3.979238e+05	-2.001946e+01
4.002222e+05	-1.995166e+01
4.025338e+05	-1.988883e+01
4.048589e+05	-1.978278e+01
4.071973e+05	-1.964496e+01
4.095493e+05	-1.949259e+01
4.119148e+05	-1.929058e+01
4.142940e+05	-1.908521e+01
4.166870e+05	-1.883624e+01
4.190937e+05	-1.854533e+01
4.215144e+05	-1.822440e+01
4.239490e+05	-1.786104e+01
4.263978e+05	-1.743344e+01
4.288606e+05	-1.700145e+01
4.313377e+05	-1.646744e+01
4.338291e+05	-1.588780e+01
4.363349e+05	-1.521041e+01
4.388551e+05	-1.447431e+01
4.413899e+05	-1.359496e+01
4.439394e+05	-1.263716e+01
4.465035e+05	-1.145413e+01
4.490825e+05	-1.011175e+01
4.516764e+05	-8.472544e+00
4.542853e+05	-6.533934e+00
4.569092e+05	-4.160127e+00
4.595483e+05	-1.656817e+00
4.622026e+05	-4.128825e-01
4.648723e+05	-1.922248e+00
4.675574e+05	-4.552120e+00
4.702580e+05	-6.961686e+00
4.729742e+05	-9.010674e+00
4.757060e+05	-1.072332e+01
4.784537e+05	-1.215424e+01
4.812172e+05	-1.337349e+01
4.839967e+05	-1.444420e+01
4.867923e+05	-1.536911e+01
4.896040e+05	-1.617794e+01
4.924319e+05	-1.691903e+01
4.952762e+05	-1.753596e+01
4.981369e+05	-1.812247e+01
5.010141e+05	-1.864897e+01
5.039079e+05	-1.909532e+01
5.068185e+05	-1.947111e+01
5.097458e+05	-1.985023e+01
5.126901e+05	-2.012655e+01
5.156514e+05	-2.039018e+01
5.186298e+05	-2.055062e+01
5.216253e+05	-2.074227e+01
5.246382e+05	-2.085882e+01
5.276685e+05	-2.092801e+01
5.307163e+05	-2.095655e+01
5.337817e+05	-2.093375e+01
5.368648e+05	-2.087111e+01
5.399657e+05	-2.073719e+01
5.430845e+05	-2.055682e+01
5.462214e+05	-2.033242e+01
5.493763e+05	-2.005172e+01
5.525495e+05	-1.968961e+01
5.557410e+05	-1.925642e+01
5.589509e+05	-1.873220e+01
5.621794e+05	-1.809016e+01
5.654265e+05	-1.736113e+01
5.686924e+05	-1.649827e+01
5.719772e+05	-1.544638e+01
5.752809e+05	-1.417597e+01
5.786037e+05	-1.257335e+01
5.819457e+05	-1.058457e+01
5.853070e+05	-7.902238e+00
5.886877e+05	-4.254789e+00
5.920879e+05	-2.692995e-01
5.955078e+05	-1.766439e+00
5.989474e+05	-6.113483e+00
6.024069e+05	-9.455649e+00
6.058864e+05	-1.195314e+01
6.093860e+05	-1.388555e+01
6.129058e+05	-1.547233e+01
6.164459e+05	-1.675214e+01
6.200064e+05	-1.783051e+01
6.235876e+05	-1.872523e+01
6.271894e+05	-1.949886e+01
6.308120e+05	-2.015809e+01
6.344555e+05	-2.070809e+01
6.381201e+05	-2.115540e+01
6.418059e+05	-2.147326e+01
6.455129e+05	-2.176935e+01
6.492414e+05	-2.190378e+01
6.529914e+05	-2.200618e+01
6.567630e+05	-2.200808e+01
6.605565e+05	-2.189085e+01
6.643718e+05	-2.171313e+01
6.682092e+05	-2.141598e+01
6.720688e+05	-2.099921e+01
6.759506e+05	-2.046265e+01
6.798549e+05	-1.975520e+01
6.837817e+05	-1.884882e+01
6.877312e+05	-1.771516e+01
6.917035e+05	-1.629187e+01
6.956987e+05	-1.439754e+01
6.997171e+05	-1.180229e+01
7.037586e+05	-7.950555e+00
7.078235e+05	-1.886564e+00
7.119118e+05	-1.781103e+00
7.160238e+05	-8.062654e+00
7.201595e+05	-1.209758e+01
7.243191e+05	-1.483498e+01
7.285028e+05	-1.689656e+01
7.327106e+05	-1.845734e+01
7.369427e+05	-1.971021e+01
7.411992e+05	-2.066601e+01
7.454804e+05	-2.143248e+01
7.497862e+05	-2.199913e+01
7.541170e+05	-2.238036e+01
7.584727e+05	-2.263423e+01
7.628536e+05	-2.269918e+01
7.672598e+05	-2.260765e+01
7.716915e+05	-2.231211e+01
7.761488e+05	-2.182763e+01
7.806318e+05	-2.108783e+01
7.851407e+05	-2.008340e+01
7.896756e+05	-1.869131e+01
7.942367e+05	-1.676087e+01
7.988242e+05	-1.397520e+01
8.034382e+05	-9.444895e+00
8.080788e+05	-1.193985e+00
8.127463e+05	-5.828062e+00
8.174406e+05	-1.224859e+01
8.221621e+05	-1.597498e+01
8.269109e+05	-1.844559e+01
8.316871e+05	-2.020283e+01
8.364909e+05	-2.151083e+01
8.413225e+05	-2.242996e+01
8.461819e+05	-2.300909e+01
8.510694e+05	-2.329914e+01
8.559852e+05	-2.327449e+01
8.609293e+05	-2.295940e+01
8.659020e+05	-2.225251e+01
8.709034e+05	-2.111325e+01
8.759337e+05	-1.937269e+01
8.809931e+05	-1.661175e+01
8.860816e+05	-1.187127e+01
8.911996e+05	-1.385813e+00
8.963471e+05	-9.136810e+00
9.015244e+05	-1.563651e+01
9.067316e+05	-1.922608e+01
9.119688e+05	-2.150286e+01
9.172363e+05	-2.300185e+01
9.225342e+05	-2.388972e+01
9.278628e+05	-2.427379e+01
9.332221e+05	-2.418012e+01
9.386123e+05	-2.345008e+01
9.440337e+05	-2.200212e+01
9.494864e+05	-1.947571e+01
9.549706e+05	-1.470573e+01
9.604865e+05	-1.880958e+00
9.660342e+05	-1.252567e+01
9.716140e+05	-1.901039e+01
9.772260e+05	-2.237450e+01
9.828704e+05	-2.430615e+01
9.885474e+05	-2.525691e+01
9.942572e+05	-2.538375e+01
1.000000e+06	-2.456324e+01
