Frequency(Hz)	Magnitude(dB)
1.000000e+01	-2.126320e+00
1.005776e+01	-2.145882e+00
1.011585e+01	-2.165451e+00
1.017428e+01	-2.185230e+00
1.023305e+01	-2.204957e+00
1.029215e+01	-2.225133e+00
1.035160e+01	-2.245168e+00
1.041139e+01	-2.265491e+00
1.047153e+01	-2.285706e+00
1.053201e+01	-2.306167e+00
1.059284e+01	-2.327035e+00
1.065403e+01	-2.348006e+00
1.071556e+01	-2.368744e+00
1.077746e+01	-2.389825e+00
1.083971e+01	-2.411192e+00
1.090232e+01	-2.432509e+00
1.096529e+01	-2.454070e+00
1.102862e+01	-2.475670e+00
1.109232e+01	-2.497486e+00
1.115639e+01	-2.519505e+00
1.122083e+01	-2.541470e+00
1.128564e+01	-2.563834e+00
1.135083e+01	-2.586265e+00
1.141639e+01	-2.608693e+00
1.148233e+01	-2.631283e+00
1.154865e+01	-2.654178e+00
1.161536e+01	-2.676960e+00
1.168245e+01	-2.700179e+00
1.174992e+01	-2.723302e+00
1.181779e+01	-2.746780e+00
1.188605e+01	-2.770464e+00
1.195470e+01	-2.793969e+00
1.202375e+01	-2.817783e+00
1.209320e+01	-2.841772e+00
1.216305e+01	-2.865776e+00
1.223330e+01	-2.890242e+00
1.230396e+01	-2.914644e+00
1.237503e+01	-2.938838e+00
1.244651e+01	-2.963622e+00
1.251840e+01	-2.988515e+00
1.259070e+01	-3.013478e+00
1.266343e+01	-3.038500e+00
1.273657e+01	-3.064015e+00
1.281014e+01	-3.089184e+00
1.288413e+01	-3.114728e+00
1.295855e+01	-3.140467e+00
1.303339e+01	-3.166375e+00
1.310867e+01	-3.192216e+00
1.318439e+01	-3.218323e+00
1.326054e+01	-3.244603e+00
1.333713e+01	-3.271102e+00
1.341417e+01	-3.297450e+00
1.349165e+01	-3.324248e+00
1.356958e+01	-3.351071e+00
1.364795e+01	-3.377825e+00
1.372678e+01	-3.404920e+00
1.380607e+01	-3.432169e+00
1.388581e+01	-3.459802e+00
1.396602e+01	-3.487427e+00
1.404668e+01	-3.514986e+00
1.412782e+01	-3.542745e+00
1.420942e+01	-3.570624e+00
1.429149e+01	-3.598856e+00
1.437404e+01	-3.627214e+00
1.445706e+01	-3.655646e+00
1.454057e+01	-3.684159e+00
1.462455e+01	-3.712840e+00
1.470902e+01	-3.741622e+00
1.479398e+01	-3.770411e+00
1.487943e+01	-3.799685e+00
1.496537e+01	-3.828692e+00
1.505181e+01	-3.858079e+00
1.513875e+01	-3.887666e+00
1.522619e+01	-3.917449e+00
1.531414e+01	-3.947205e+00
1.540259e+01	-3.977364e+00
1.549156e+01	-4.007206e+00
1.558103e+01	-4.037354e+00
1.567103e+01	-4.067594e+00
1.576155e+01	-4.098336e+00
1.585258e+01	-4.128992e+00
1.594415e+01	-4.159704e+00
1.603624e+01	-4.190570e+00
1.612886e+01	-4.221712e+00
1.622202e+01	-4.252892e+00
1.631572e+01	-4.284057e+00
1.640996e+01	-4.315621e+00
1.650474e+01	-4.347206e+00
1.660008e+01	-4.378666e+00
1.669596e+01	-4.410640e+00
1.679239e+01	-4.442597e+00
1.688938e+01	-4.474546e+00
1.698694e+01	-4.506944e+00
1.708505e+01	-4.539070e+00
1.718373e+01	-4.571952e+00
1.728299e+01	-4.604320e+00
1.738281e+01	-4.637391e+00
1.748322e+01	-4.669989e+00
1.758420e+01	-4.702991e+00
1.768576e+01	-4.736345e+00
1.778792e+01	-4.769698e+00
1.789066e+01	-4.802666e+00
1.799399e+01	-4.836504e+00
1.809793e+01	-4.870012e+00
1.820246e+01	-4.903993e+00
1.830760e+01	-4.937851e+00
1.841334e+01	-4.972015e+00
1.851969e+01	-5.006105e+00
1.862666e+01	-5.040739e+00
1.873425e+01	-5.074937e+00
1.884246e+01	-5.109225e+00
1.895129e+01	-5.144082e+00
1.906075e+01	-5.178614e+00
1.917085e+01	-5.213741e+00
1.928158e+01	-5.248725e+00
1.939295e+01	-5.283883e+00
1.950496e+01	-5.319415e+00
1.961762e+01	-5.354300e+00
1.973093e+01	-5.389897e+00
1.984490e+01	-5.425598e+00
1.995952e+01	-5.461532e+00
2.007480e+01	-5.497264e+00
2.019076e+01	-5.533460e+00
2.030738e+01	-5.569097e+00
2.042467e+01	-5.605625e+00
2.054264e+01	-5.642253e+00
2.066130e+01	-5.678334e+00
2.078064e+01	-5.714544e+00
2.090066e+01	-5.751172e+00
2.102139e+01	-5.788354e+00
2.114280e+01	-5.825545e+00
2.126492e+01	-5.862109e+00
2.138775e+01	-5.898925e+00
2.151128e+01	-5.936427e+00
2.163553e+01	-5.973835e+00
2.176050e+01	-6.011078e+00
2.188619e+01	-6.048705e+00
2.201260e+01	-6.086802e+00
2.213974e+01	-6.124138e+00
2.226762e+01	-6.161932e+00
2.239624e+01	-6.200046e+00
2.252560e+01	-6.238209e+00
2.265571e+01	-6.276605e+00
2.278656e+01	-6.314781e+00
2.291818e+01	-6.353032e+00
2.305055e+01	-6.391357e+00
2.318369e+01	-6.430131e+00
2.331760e+01	-6.469031e+00
2.345228e+01	-6.507729e+00
2.358774e+01	-6.546623e+00
2.372398e+01	-6.585351e+00
2.386101e+01	-6.624603e+00
2.399883e+01	-6.663560e+00
2.413745e+01	-6.703121e+00
2.427686e+01	-6.742171e+00
2.441709e+01	-6.781670e+00
2.455812e+01	-6.821612e+00
2.469997e+01	-6.861150e+00
2.484263e+01	-6.900667e+00
2.498612e+01	-6.940688e+00
2.513044e+01	-6.980615e+00
2.527559e+01	-7.020733e+00
2.542158e+01	-7.061046e+00
2.556842e+01	-7.101065e+00
2.571610e+01	-7.141512e+00
2.586463e+01	-7.182247e+00
2.601403e+01	-7.222521e+00
2.616428e+01	-7.262760e+00
2.631541e+01	-7.303585e+00
2.646740e+01	-7.344381e+00
2.662028e+01	-7.384913e+00
2.677404e+01	-7.426376e+00
2.692868e+01	-7.466609e+00
2.708422e+01	-7.508337e+00
2.724066e+01	-7.549580e+00
2.739800e+01	-7.590293e+00
2.755625e+01	-7.632080e+00
2.771541e+01	-7.673508e+00
2.787550e+01	-7.715083e+00
2.803650e+01	-7.756973e+00
2.819844e+01	-7.798747e+00
2.836131e+01	-7.839976e+00
2.852513e+01	-7.881642e+00
2.868989e+01	-7.923773e+00
2.885560e+01	-7.966026e+00
2.902227e+01	-8.008258e+00
2.918990e+01	-8.050190e+00
2.935850e+01	-8.092227e+00
2.952807e+01	-8.134534e+00
2.969863e+01	-8.177015e+00
2.987016e+01	-8.219426e+00
3.004269e+01	-8.261847e+00
3.021622e+01	-8.304755e+00
3.039075e+01	-8.347266e+00
3.056628e+01	-8.389795e+00
3.074283e+01	-8.433026e+00
3.092040e+01	-8.476246e+00
3.109900e+01	-8.519076e+00
3.127862e+01	-8.561620e+00
3.145929e+01	-8.604730e+00
3.164099e+01	-8.647885e+00
3.182375e+01	-8.690879e+00
3.200756e+01	-8.734175e+00
3.219244e+01	-8.777756e+00
3.237838e+01	-8.821104e+00
3.256540e+01	-8.864610e+00
3.275349e+01	-8.908812e+00
3.294268e+01	-8.951714e+00
3.313295e+01	-8.995941e+00
3.332433e+01	-9.039479e+00
3.351681e+01	-9.083608e+00
3.371040e+01	-9.126989e+00
3.390511e+01	-9.170949e+00
3.410094e+01	-9.214874e+00
3.429791e+01	-9.258514e+00
3.449601e+01	-9.303370e+00
3.469526e+01	-9.347460e+00
3.489566e+01	-9.391468e+00
3.509721e+01	-9.436116e+00
3.529993e+01	-9.480226e+00
3.550382e+01	-9.524763e+00
3.570889e+01	-9.569376e+00
3.591515e+01	-9.613511e+00
3.612259e+01	-9.658414e+00
3.633123e+01	-9.703131e+00
3.654108e+01	-9.747889e+00
3.675214e+01	-9.792312e+00
3.696442e+01	-9.837319e+00
3.717792e+01	-9.882371e+00
3.739266e+01	-9.927237e+00
3.760864e+01	-9.972136e+00
3.782587e+01	-1.001635e+01
3.804435e+01	-1.006199e+01
3.826409e+01	-1.010705e+01
3.848510e+01	-1.015186e+01
3.870739e+01	-1.019764e+01
3.893096e+01	-1.024266e+01
3.915583e+01	-1.028783e+01
3.938199e+01	-1.033350e+01
3.960946e+01	-1.037911e+01
3.983824e+01	-1.042461e+01
4.006834e+01	-1.046974e+01
4.029978e+01	-1.051491e+01
4.053255e+01	-1.056122e+01
4.076666e+01	-1.060610e+01
4.100213e+01	-1.065260e+01
4.123896e+01	-1.069813e+01
4.147715e+01	-1.074398e+01
4.171672e+01	-1.078943e+01
4.195767e+01	-1.083629e+01
4.220002e+01	-1.088150e+01
4.244377e+01	-1.092782e+01
4.268892e+01	-1.097337e+01
4.293549e+01	-1.101969e+01
4.318348e+01	-1.106573e+01
4.343291e+01	-1.111200e+01
4.368377e+01	-1.115737e+01
4.393609e+01	-1.120427e+01
4.418986e+01	-1.125034e+01
4.444510e+01	-1.129666e+01
4.470182e+01	-1.134347e+01
4.496001e+01	-1.138942e+01
4.521970e+01	-1.143579e+01
4.548089e+01	-1.148221e+01
4.574358e+01	-1.152849e+01
4.600779e+01	-1.157500e+01
4.627353e+01	-1.162217e+01
4.654081e+01	-1.166862e+01
4.680963e+01	-1.171476e+01
4.708000e+01	-1.176150e+01
4.735193e+01	-1.180864e+01
4.762543e+01	-1.185495e+01
4.790051e+01	-1.190182e+01
4.817719e+01	-1.194898e+01
4.845545e+01	-1.199535e+01
4.873533e+01	-1.204282e+01
4.901682e+01	-1.208937e+01
4.929994e+01	-1.213672e+01
4.958470e+01	-1.218346e+01
4.987110e+01	-1.223070e+01
5.015915e+01	-1.227799e+01
5.044887e+01	-1.232478e+01
5.074026e+01	-1.237119e+01
5.103333e+01	-1.241878e+01
5.132810e+01	-1.246645e+01
5.162457e+01	-1.251270e+01
5.192275e+01	-1.256027e+01
5.222265e+01	-1.260756e+01
5.252429e+01	-1.265487e+01
5.282767e+01	-1.270182e+01
5.313280e+01	-1.274997e+01
5.343969e+01	-1.279711e+01
5.374836e+01	-1.284441e+01
5.405880e+01	-1.289156e+01
5.437105e+01	-1.293920e+01
5.468509e+01	-1.298661e+01
5.500095e+01	-1.303484e+01
5.531863e+01	-1.308136e+01
5.563815e+01	-1.312945e+01
5.595951e+01	-1.317725e+01
5.628273e+01	-1.322411e+01
5.660782e+01	-1.327161e+01
5.693479e+01	-1.331997e+01
5.726364e+01	-1.336864e+01
5.759439e+01	-1.341509e+01
5.792705e+01	-1.346251e+01
5.826164e+01	-1.351101e+01
5.859815e+01	-1.355907e+01
5.893662e+01	-1.360719e+01
5.927703e+01	-1.365415e+01
5.961941e+01	-1.370221e+01
5.996377e+01	-1.375112e+01
6.031012e+01	-1.379825e+01
6.065847e+01	-1.384628e+01
6.100883e+01	-1.389396e+01
6.136121e+01	-1.394159e+01
6.171563e+01	-1.398971e+01
6.207210e+01	-1.403825e+01
6.243063e+01	-1.408663e+01
6.279122e+01	-1.413458e+01
6.315390e+01	-1.418308e+01
6.351868e+01	-1.423096e+01
6.388556e+01	-1.427903e+01
6.425456e+01	-1.432760e+01
6.462569e+01	-1.437578e+01
6.499897e+01	-1.442328e+01
6.537440e+01	-1.447105e+01
6.575200e+01	-1.452049e+01
6.613178e+01	-1.456738e+01
6.651375e+01	-1.461737e+01
6.689793e+01	-1.466535e+01
6.728433e+01	-1.471305e+01
6.767297e+01	-1.476108e+01
6.806384e+01	-1.480964e+01
6.845698e+01	-1.485860e+01
6.885238e+01	-1.490607e+01
6.925007e+01	-1.495535e+01
6.965005e+01	-1.500314e+01
7.005235e+01	-1.505178e+01
7.045697e+01	-1.510031e+01
7.086393e+01	-1.514881e+01
7.127323e+01	-1.519683e+01
7.168490e+01	-1.524658e+01
7.209895e+01	-1.529430e+01
7.251539e+01	-1.534313e+01
7.293424e+01	-1.539073e+01
7.335551e+01	-1.544036e+01
7.377920e+01	-1.548843e+01
7.420535e+01	-1.553657e+01
7.463396e+01	-1.558550e+01
7.506504e+01	-1.563498e+01
7.549861e+01	-1.568349e+01
7.593469e+01	-1.573197e+01
7.637328e+01	-1.578043e+01
7.681441e+01	-1.582878e+01
7.725809e+01	-1.587783e+01
7.770433e+01	-1.592700e+01
7.815315e+01	-1.597551e+01
7.860456e+01	-1.602461e+01
7.905857e+01	-1.607382e+01
7.951521e+01	-1.612207e+01
7.997449e+01	-1.617084e+01
8.043642e+01	-1.621971e+01
8.090102e+01	-1.626851e+01
8.136830e+01	-1.631729e+01
8.183828e+01	-1.636629e+01
8.231097e+01	-1.641531e+01
8.278640e+01	-1.646375e+01
8.326457e+01	-1.651283e+01
8.374550e+01	-1.656163e+01
8.422921e+01	-1.661089e+01
8.471572e+01	-1.665981e+01
8.520503e+01	-1.670704e+01
8.569717e+01	-1.675819e+01
8.619215e+01	-1.680557e+01
8.669000e+01	-1.685613e+01
8.719071e+01	-1.690416e+01
8.769432e+01	-1.695296e+01
8.820084e+01	-1.700332e+01
8.871029e+01	-1.705116e+01
8.922267e+01	-1.710021e+01
8.973802e+01	-1.714973e+01
9.025634e+01	-1.719964e+01
9.077766e+01	-1.724771e+01
9.130199e+01	-1.729644e+01
9.182935e+01	-1.734701e+01
9.235975e+01	-1.739593e+01
9.289321e+01	-1.744424e+01
9.342976e+01	-1.749342e+01
9.396941e+01	-1.754248e+01
9.451217e+01	-1.759286e+01
9.505807e+01	-1.764008e+01
9.560712e+01	-1.769086e+01
9.615934e+01	-1.774128e+01
9.671476e+01	-1.778930e+01
9.727338e+01	-1.783885e+01
9.783522e+01	-1.788665e+01
9.840032e+01	-1.793637e+01
9.896867e+01	-1.798501e+01
9.954031e+01	-1.803503e+01
1.001153e+02	-1.808464e+01
1.006935e+02	-1.813306e+01
1.012751e+02	-1.818111e+01
1.018601e+02	-1.823088e+01
1.024484e+02	-1.827963e+01
1.030402e+02	-1.832965e+01
1.036353e+02	-1.837999e+01
1.042339e+02	-1.843001e+01
1.048360e+02	-1.847846e+01
1.054415e+02	-1.852636e+01
1.060505e+02	-1.857628e+01
1.066631e+02	-1.862645e+01
1.072791e+02	-1.867535e+01
1.078988e+02	-1.872631e+01
1.085220e+02	-1.877471e+01
1.091488e+02	-1.882395e+01
1.097793e+02	-1.887182e+01
1.104133e+02	-1.892258e+01
1.110511e+02	-1.897013e+01
1.116925e+02	-1.902142e+01
1.123376e+02	-1.906895e+01
1.129865e+02	-1.911983e+01
1.136391e+02	-1.916911e+01
1.142955e+02	-1.921785e+01
1.149556e+02	-1.926946e+01
1.156196e+02	-1.931894e+01
1.162874e+02	-1.936847e+01
1.169591e+02	-1.941726e+01
1.176347e+02	-1.946658e+01
1.183141e+02	-1.951492e+01
1.189975e+02	-1.956602e+01
1.196848e+02	-1.961594e+01
1.203761e+02	-1.966321e+01
1.210714e+02	-1.971379e+01
1.217707e+02	-1.976296e+01
1.224740e+02	-1.981329e+01
1.231814e+02	-1.986027e+01
1.238929e+02	-1.991162e+01
1.246085e+02	-1.996186e+01
1.253283e+02	-2.001298e+01
1.260522e+02	-2.006072e+01
1.267802e+02	-2.010897e+01
1.275125e+02	-2.015955e+01
1.282490e+02	-2.020950e+01
1.289898e+02	-2.025905e+01
1.297348e+02	-2.030726e+01
1.304842e+02	-2.035920e+01
1.312378e+02	-2.040783e+01
1.319959e+02	-2.045714e+01
1.327583e+02	-2.050729e+01
1.335251e+02	-2.055500e+01
1.342963e+02	-2.060463e+01
1.350720e+02	-2.065450e+01
1.358522e+02	-2.070407e+01
1.366368e+02	-2.075434e+01
1.374260e+02	-2.080470e+01
1.382198e+02	-2.085245e+01
1.390182e+02	-2.090280e+01
1.398211e+02	-2.095197e+01
1.406287e+02	-2.100134e+01
1.414410e+02	-2.105194e+01
1.422579e+02	-2.110216e+01
1.430796e+02	-2.115289e+01
1.439060e+02	-2.120062e+01
1.447372e+02	-2.125199e+01
1.455732e+02	-2.129873e+01
1.464141e+02	-2.134972e+01
1.472597e+02	-2.140053e+01
1.481103e+02	-2.144844e+01
1.489658e+02	-2.149954e+01
1.498262e+02	-2.154934e+01
1.506916e+02	-2.159869e+01
1.515620e+02	-2.164766e+01
1.524374e+02	-2.169966e+01
1.533179e+02	-2.174811e+01
1.542034e+02	-2.179889e+01
1.550941e+02	-2.184661e+01
1.559899e+02	-2.189738e+01
1.568909e+02	-2.194758e+01
1.577971e+02	-2.199726e+01
1.587085e+02	-2.204619e+01
1.596252e+02	-2.209403e+01
1.605472e+02	-2.214442e+01
1.614745e+02	-2.219742e+01
1.624072e+02	-2.224598e+01
1.633453e+02	-2.229804e+01
1.642887e+02	-2.234457e+01
1.652377e+02	-2.239335e+01
1.661921e+02	-2.244539e+01
1.671520e+02	-2.249327e+01
1.681175e+02	-2.254264e+01
1.690885e+02	-2.259095e+01
1.700651e+02	-2.264200e+01
1.710474e+02	-2.269630e+01
1.720354e+02	-2.274278e+01
1.730291e+02	-2.279196e+01
1.740285e+02	-2.284162e+01
1.750337e+02	-2.289316e+01
1.760446e+02	-2.293964e+01
1.770615e+02	-2.299093e+01
1.780842e+02	-2.304103e+01
1.791128e+02	-2.309329e+01
1.801473e+02	-2.314066e+01
1.811878e+02	-2.319257e+01
1.822344e+02	-2.324023e+01
1.832870e+02	-2.329037e+01
1.843456e+02	-2.334134e+01
1.854104e+02	-2.338976e+01
1.864813e+02	-2.344302e+01
1.875584e+02	-2.348856e+01
1.886418e+02	-2.354153e+01
1.897313e+02	-2.359004e+01
1.908272e+02	-2.363978e+01
1.919294e+02	-2.368938e+01
1.930380e+02	-2.373794e+01
1.941530e+02	-2.378872e+01
1.952744e+02	-2.383530e+01
1.964023e+02	-2.389020e+01
1.975367e+02	-2.393703e+01
1.986777e+02	-2.398740e+01
1.998252e+02	-2.403969e+01
2.009794e+02	-2.408743e+01
2.021403e+02	-2.413769e+01
2.033078e+02	-2.418781e+01
2.044821e+02	-2.423593e+01
2.056632e+02	-2.428679e+01
2.068511e+02	-2.433656e+01
2.080459e+02	-2.438502e+01
2.092475e+02	-2.443538e+01
2.104561e+02	-2.448762e+01
2.116717e+02	-2.453781e+01
2.128943e+02	-2.458839e+01
2.141240e+02	-2.463805e+01
2.153608e+02	-2.468290e+01
2.166047e+02	-2.473754e+01
2.178558e+02	-2.478534e+01
2.191141e+02	-2.483560e+01
2.203797e+02	-2.488443e+01
2.216526e+02	-2.493678e+01
2.229329e+02	-2.498388e+01
2.242205e+02	-2.503500e+01
2.255156e+02	-2.508518e+01
2.268182e+02	-2.513713e+01
2.281283e+02	-2.518528e+01
2.294459e+02	-2.523798e+01
2.307712e+02	-2.528129e+01
2.321041e+02	-2.533507e+01
2.334447e+02	-2.538293e+01
2.347931e+02	-2.543578e+01
2.361493e+02	-2.548641e+01
2.375133e+02	-2.553446e+01
2.388851e+02	-2.558511e+01
2.402649e+02	-2.563389e+01
2.416527e+02	-2.568109e+01
2.430484e+02	-2.573559e+01
2.444523e+02	-2.578497e+01
2.458642e+02	-2.583526e+01
2.472843e+02	-2.588440e+01
2.487126e+02	-2.593671e+01
2.501492e+02	-2.598445e+01
2.515940e+02	-2.603347e+01
2.530472e+02	-2.608121e+01
2.545088e+02	-2.613475e+01
2.559789e+02	-2.618330e+01
2.574574e+02	-2.623501e+01
2.589444e+02	-2.628405e+01
2.604401e+02	-2.633114e+01
2.619444e+02	-2.638489e+01
2.634574e+02	-2.643226e+01
2.649791e+02	-2.648630e+01
2.665096e+02	-2.653543e+01
2.680489e+02	-2.658558e+01
2.695972e+02	-2.663195e+01
2.711544e+02	-2.668610e+01
2.727205e+02	-2.673604e+01
2.742958e+02	-2.678518e+01
2.758801e+02	-2.683009e+01
2.774736e+02	-2.688332e+01
2.790762e+02	-2.693177e+01
2.806882e+02	-2.698231e+01
2.823094e+02	-2.703555e+01
2.839400e+02	-2.708662e+01
2.855800e+02	-2.713259e+01
2.872295e+02	-2.718294e+01
2.888886e+02	-2.723248e+01
2.905572e+02	-2.728233e+01
2.922354e+02	-2.733653e+01
2.939234e+02	-2.738339e+01
2.956211e+02	-2.743432e+01
2.973286e+02	-2.748722e+01
2.990459e+02	-2.753074e+01
3.007732e+02	-2.758000e+01
3.025104e+02	-2.763191e+01
3.042577e+02	-2.768085e+01
3.060151e+02	-2.773480e+01
3.077826e+02	-2.778449e+01
3.095604e+02	-2.783472e+01
3.113484e+02	-2.788304e+01
3.131467e+02	-2.793312e+01
3.149554e+02	-2.798569e+01
3.167746e+02	-2.803360e+01
3.186043e+02	-2.808240e+01
3.204445e+02	-2.813866e+01
3.222954e+02	-2.818396e+01
3.241570e+02	-2.823384e+01
3.260293e+02	-2.827880e+01
3.279124e+02	-2.833397e+01
3.298064e+02	-2.838328e+01
3.317114e+02	-2.843291e+01
3.336273e+02	-2.848580e+01
3.355544e+02	-2.853158e+01
3.374925e+02	-2.858546e+01
3.394418e+02	-2.863243e+01
3.414024e+02	-2.868825e+01
3.433744e+02	-2.872658e+01
3.453577e+02	-2.878272e+01
3.473525e+02	-2.883635e+01
3.493588e+02	-2.888308e+01
3.513766e+02	-2.893511e+01
3.534062e+02	-2.898196e+01
3.554474e+02	-2.903446e+01
3.575005e+02	-2.908354e+01
3.595654e+02	-2.913328e+01
3.616422e+02	-2.918165e+01
3.637311e+02	-2.923495e+01
3.658320e+02	-2.928399e+01
3.679450e+02	-2.933825e+01
3.700702e+02	-2.938397e+01
3.722077e+02	-2.943407e+01
3.743576e+02	-2.948171e+01
3.765199e+02	-2.953708e+01
3.786946e+02	-2.958741e+01
3.808820e+02	-2.963506e+01
3.830819e+02	-2.968575e+01
3.852946e+02	-2.973608e+01
3.875200e+02	-2.978247e+01
3.897583e+02	-2.983261e+01
3.920096e+02	-2.988495e+01
3.942738e+02	-2.993298e+01
3.965511e+02	-2.998744e+01
3.988416e+02	-3.003500e+01
4.011452e+02	-3.009066e+01
4.034622e+02	-3.013499e+01
4.057926e+02	-3.018207e+01
4.081365e+02	-3.023808e+01
4.104938e+02	-3.028308e+01
4.128648e+02	-3.033450e+01
4.152495e+02	-3.039176e+01
4.176480e+02	-3.043299e+01
4.200603e+02	-3.048369e+01
4.224866e+02	-3.053403e+01
4.249268e+02	-3.057990e+01
4.273812e+02	-3.063222e+01
4.298497e+02	-3.068728e+01
4.323325e+02	-3.073843e+01
4.348297e+02	-3.078756e+01
4.373412e+02	-3.083459e+01
4.398673e+02	-3.088966e+01
4.424079e+02	-3.093599e+01
4.449633e+02	-3.098903e+01
4.475334e+02	-3.103867e+01
4.501183e+02	-3.109152e+01
4.527182e+02	-3.114101e+01
4.553330e+02	-3.118544e+01
4.579630e+02	-3.123390e+01
4.606082e+02	-3.129124e+01
4.632687e+02	-3.134341e+01
4.659445e+02	-3.138839e+01
4.686358e+02	-3.143262e+01
4.713426e+02	-3.149201e+01
4.740650e+02	-3.154593e+01
4.768032e+02	-3.159165e+01
4.795572e+02	-3.164452e+01
4.823271e+02	-3.169341e+01
4.851130e+02	-3.173909e+01
4.879150e+02	-3.179376e+01
4.907332e+02	-3.183861e+01
4.935676e+02	-3.188737e+01
4.964185e+02	-3.194094e+01
4.992858e+02	-3.199143e+01
5.021696e+02	-3.203729e+01
5.050701e+02	-3.209386e+01
5.079874e+02	-3.213825e+01
5.109215e+02	-3.219397e+01
5.138726e+02	-3.223959e+01
5.168407e+02	-3.229055e+01
5.198259e+02	-3.234522e+01
5.228284e+02	-3.239177e+01
5.258482e+02	-3.243743e+01
5.288855e+02	-3.249501e+01
5.319403e+02	-3.254850e+01
5.350128e+02	-3.259660e+01
5.381030e+02	-3.264152e+01
5.412111e+02	-3.269974e+01
5.443371e+02	-3.274358e+01
5.474812e+02	-3.279632e+01
5.506434e+02	-3.284412e+01
5.538239e+02	-3.289778e+01
5.570228e+02	-3.294601e+01
5.602401e+02	-3.299440e+01
5.634760e+02	-3.304668e+01
5.667306e+02	-3.310022e+01
5.700040e+02	-3.315124e+01
5.732964e+02	-3.318615e+01
5.766077e+02	-3.324688e+01
5.799382e+02	-3.330178e+01
5.832879e+02	-3.334755e+01
5.866569e+02	-3.339933e+01
5.900454e+02	-3.344705e+01
5.934535e+02	-3.349897e+01
5.968813e+02	-3.354909e+01
6.003288e+02	-3.359777e+01
6.037963e+02	-3.364287e+01
6.072838e+02	-3.369050e+01
6.107914e+02	-3.375797e+01
6.143194e+02	-3.380048e+01
6.178676e+02	-3.385032e+01
6.214364e+02	-3.389896e+01
6.250258e+02	-3.395177e+01
6.286359e+02	-3.399785e+01
6.322669e+02	-3.405065e+01
6.359189e+02	-3.409929e+01
6.395919e+02	-3.415149e+01
6.432862e+02	-3.420257e+01
6.470017e+02	-3.425295e+01
6.507388e+02	-3.430433e+01
6.544974e+02	-3.435143e+01
6.582778e+02	-3.440224e+01
6.620800e+02	-3.445179e+01
6.659041e+02	-3.450097e+01
6.697504e+02	-3.455485e+01
6.736188e+02	-3.460599e+01
6.775096e+02	-3.466453e+01
6.814229e+02	-3.470004e+01
6.853587e+02	-3.476134e+01
6.893173e+02	-3.480384e+01
6.932988e+02	-3.484676e+01
6.973033e+02	-3.490325e+01
7.013309e+02	-3.496232e+01
7.053817e+02	-3.500638e+01
7.094560e+02	-3.504984e+01
7.135538e+02	-3.510368e+01
7.176752e+02	-3.515976e+01
7.218205e+02	-3.521487e+01
7.259897e+02	-3.525278e+01
7.301830e+02	-3.530727e+01
7.344005e+02	-3.536121e+01
7.386424e+02	-3.541610e+01
7.429087e+02	-3.546943e+01
7.471998e+02	-3.551841e+01
7.515155e+02	-3.556437e+01
7.558563e+02	-3.561251e+01
7.602221e+02	-3.566118e+01
7.646131e+02	-3.571785e+01
7.690295e+02	-3.576230e+01
7.734713e+02	-3.581315e+01
7.779389e+02	-3.586747e+01
7.824322e+02	-3.590721e+01
7.869515e+02	-3.596920e+01
7.914969e+02	-3.603440e+01
7.960686e+02	-3.607956e+01
8.006666e+02	-3.612647e+01
8.052912e+02	-3.616865e+01
8.099426e+02	-3.620925e+01
8.146208e+02	-3.627518e+01
8.193260e+02	-3.631940e+01
8.240584e+02	-3.637030e+01
8.288181e+02	-3.641486e+01
8.336053e+02	-3.646807e+01
8.384202e+02	-3.652060e+01
8.432629e+02	-3.657088e+01
8.481335e+02	-3.662026e+01
8.530323e+02	-3.666109e+01
8.579594e+02	-3.672109e+01
8.629149e+02	-3.676750e+01
8.678991e+02	-3.682350e+01
8.729120e+02	-3.688288e+01
8.779539e+02	-3.692139e+01
8.830250e+02	-3.697452e+01
8.881253e+02	-3.702870e+01
8.932551e+02	-3.708085e+01
8.984145e+02	-3.711999e+01
9.036037e+02	-3.717753e+01
9.088229e+02	-3.723689e+01
9.140722e+02	-3.727751e+01
9.193518e+02	-3.732626e+01
9.246620e+02	-3.737792e+01
9.300028e+02	-3.743581e+01
9.353744e+02	-3.747522e+01
9.407771e+02	-3.753764e+01
9.462110e+02	-3.758669e+01
9.516763e+02	-3.763134e+01
9.571731e+02	-3.768391e+01
9.627017e+02	-3.774117e+01
9.682622e+02	-3.779992e+01
9.738549e+02	-3.785213e+01
9.794798e+02	-3.789382e+01
9.851373e+02	-3.794329e+01
9.908274e+02	-3.798607e+01
9.965504e+02	-3.804292e+01
1.002306e+03	-3.809787e+01
1.008096e+03	-3.814529e+01
1.013918e+03	-3.819020e+01
1.019775e+03	-3.824260e+01
1.025665e+03	-3.830015e+01
1.031589e+03	-3.834737e+01
1.037548e+03	-3.839549e+01
1.043540e+03	-3.844913e+01
1.049568e+03	-3.849336e+01
1.055630e+03	-3.855020e+01
1.061727e+03	-3.859442e+01
1.067860e+03	-3.864894e+01
1.074028e+03	-3.869864e+01
1.080231e+03	-3.875898e+01
1.086471e+03	-3.881665e+01
1.092746e+03	-3.885706e+01
1.099058e+03	-3.891117e+01
1.105406e+03	-3.896631e+01
1.111791e+03	-3.900745e+01
1.118212e+03	-3.906408e+01
1.124671e+03	-3.910260e+01
1.131167e+03	-3.916640e+01
1.137701e+03	-3.921031e+01
1.144272e+03	-3.926807e+01
1.150881e+03	-3.931163e+01
1.157529e+03	-3.937367e+01
1.164215e+03	-3.941387e+01
1.170939e+03	-3.946958e+01
1.177702e+03	-3.951341e+01
1.184505e+03	-3.958032e+01
1.191346e+03	-3.962414e+01
1.198227e+03	-3.965301e+01
1.205148e+03	-3.972422e+01
1.212109e+03	-3.977262e+01
1.219110e+03	-3.981699e+01
1.226152e+03	-3.987735e+01
1.233234e+03	-3.993812e+01
1.240357e+03	-3.996684e+01
1.247521e+03	-4.001429e+01
1.254727e+03	-4.006481e+01
1.261974e+03	-4.013364e+01
1.269263e+03	-4.018463e+01
1.276595e+03	-4.023731e+01
1.283968e+03	-4.029234e+01
1.291384e+03	-4.033680e+01
1.298843e+03	-4.037530e+01
1.306345e+03	-4.044655e+01
1.313891e+03	-4.049338e+01
1.321480e+03	-4.054468e+01
1.329113e+03	-4.059481e+01
1.336790e+03	-4.062870e+01
1.344511e+03	-4.070023e+01
1.352277e+03	-4.072454e+01
1.360087e+03	-4.080176e+01
1.367943e+03	-4.085547e+01
1.375844e+03	-4.089150e+01
1.383791e+03	-4.095758e+01
1.391784e+03	-4.099062e+01
1.399823e+03	-4.104369e+01
1.407908e+03	-4.109194e+01
1.416040e+03	-4.117251e+01
1.424219e+03	-4.121029e+01
1.432445e+03	-4.125571e+01
1.440719e+03	-4.131700e+01
1.449041e+03	-4.136977e+01
1.457410e+03	-4.140671e+01
1.465828e+03	-4.147194e+01
1.474295e+03	-4.151405e+01
1.482810e+03	-4.157001e+01
1.491375e+03	-4.160762e+01
1.499989e+03	-4.167539e+01
1.508653e+03	-4.170950e+01
1.517367e+03	-4.177292e+01
1.526131e+03	-4.182425e+01
1.534946e+03	-4.190027e+01
1.543812e+03	-4.192783e+01
1.552729e+03	-4.198565e+01
1.561697e+03	-4.203844e+01
1.570717e+03	-4.208823e+01
1.579790e+03	-4.213813e+01
1.588915e+03	-4.218772e+01
1.598092e+03	-4.224398e+01
1.607323e+03	-4.231364e+01
1.616606e+03	-4.235211e+01
1.625944e+03	-4.242266e+01
1.635335e+03	-4.242782e+01
1.644781e+03	-4.250679e+01
1.654281e+03	-4.254707e+01
1.663836e+03	-4.261568e+01
1.673446e+03	-4.265295e+01
1.683112e+03	-4.272438e+01
1.692834e+03	-4.277040e+01
1.702611e+03	-4.282334e+01
1.712446e+03	-4.286876e+01
1.722337e+03	-4.292111e+01
1.732285e+03	-4.295694e+01
1.742290e+03	-4.303057e+01
1.752354e+03	-4.306222e+01
1.762475e+03	-4.311404e+01
1.772655e+03	-4.316422e+01
1.782894e+03	-4.323844e+01
1.793192e+03	-4.328560e+01
1.803549e+03	-4.334498e+01
1.813967e+03	-4.339103e+01
1.824444e+03	-4.344989e+01
1.834982e+03	-4.349624e+01
1.845581e+03	-4.356879e+01
1.856241e+03	-4.360347e+01
1.866962e+03	-4.363710e+01
1.877746e+03	-4.371460e+01
1.888592e+03	-4.374613e+01
1.899500e+03	-4.377268e+01
1.910472e+03	-4.386972e+01
1.921506e+03	-4.390665e+01
1.932605e+03	-4.400556e+01
1.943768e+03	-4.401277e+01
1.954995e+03	-4.408549e+01
1.966287e+03	-4.414366e+01
1.977644e+03	-4.417451e+01
1.989067e+03	-4.423643e+01
2.000555e+03	-4.431137e+01
2.012110e+03	-4.432437e+01
2.023732e+03	-4.436554e+01
2.035421e+03	-4.444920e+01
2.047178e+03	-4.447931e+01
2.059002e+03	-4.457554e+01
2.070895e+03	-4.460258e+01
2.082856e+03	-4.470040e+01
2.094887e+03	-4.472286e+01
2.106987e+03	-4.477757e+01
2.119157e+03	-4.478847e+01
2.131397e+03	-4.488509e+01
2.143708e+03	-4.491595e+01
2.156090e+03	-4.497231e+01
2.168543e+03	-4.502963e+01
2.181069e+03	-4.509656e+01
2.193666e+03	-4.514579e+01
2.206337e+03	-4.519633e+01
2.219081e+03	-4.523711e+01
2.231898e+03	-4.531071e+01
2.244789e+03	-4.533318e+01
2.257755e+03	-4.539782e+01
2.270796e+03	-4.549767e+01
2.283912e+03	-4.553582e+01
2.297104e+03	-4.557741e+01
2.310372e+03	-4.563256e+01
2.323716e+03	-4.571039e+01
2.337138e+03	-4.574560e+01
2.350637e+03	-4.580068e+01
2.364214e+03	-4.581048e+01
2.377870e+03	-4.591270e+01
2.391604e+03	-4.595549e+01
2.405418e+03	-4.600248e+01
2.419312e+03	-4.604208e+01
2.433286e+03	-4.609254e+01
2.447340e+03	-4.616221e+01
2.461476e+03	-4.621993e+01
2.475693e+03	-4.628105e+01
2.489993e+03	-4.631934e+01
2.504375e+03	-4.639026e+01
2.518840e+03	-4.644152e+01
2.533389e+03	-4.648737e+01
2.548022e+03	-4.657653e+01
2.562739e+03	-4.656524e+01
2.577541e+03	-4.664858e+01
2.592429e+03	-4.668516e+01
2.607403e+03	-4.679855e+01
2.622463e+03	-4.681178e+01
2.637610e+03	-4.683679e+01
2.652845e+03	-4.692989e+01
2.668168e+03	-4.698716e+01
2.683579e+03	-4.704719e+01
2.699079e+03	-4.710143e+01
2.714669e+03	-4.717168e+01
2.730349e+03	-4.724150e+01
2.746119e+03	-4.725035e+01
2.761981e+03	-4.732337e+01
2.777934e+03	-4.735535e+01
2.793979e+03	-4.746800e+01
2.810117e+03	-4.752821e+01
2.826348e+03	-4.755680e+01
2.842673e+03	-4.760534e+01
2.859092e+03	-4.766625e+01
2.875606e+03	-4.774614e+01
2.892215e+03	-4.780058e+01
2.908921e+03	-4.781881e+01
2.925722e+03	-4.790480e+01
2.942621e+03	-4.791764e+01
2.959618e+03	-4.803913e+01
2.976712e+03	-4.802900e+01
2.993906e+03	-4.809682e+01
3.011198e+03	-4.816043e+01
3.028591e+03	-4.823150e+01
3.046084e+03	-4.830673e+01
3.063678e+03	-4.834276e+01
3.081374e+03	-4.840901e+01
3.099172e+03	-4.847857e+01
3.117072e+03	-4.853409e+01
3.135076e+03	-4.857198e+01
3.153184e+03	-4.869257e+01
3.171397e+03	-4.870111e+01
3.189715e+03	-4.872773e+01
3.208139e+03	-4.878262e+01
3.226669e+03	-4.884658e+01
3.245306e+03	-4.893014e+01
3.264051e+03	-4.899557e+01
3.282904e+03	-4.905202e+01
3.301866e+03	-4.910715e+01
3.320937e+03	-4.918419e+01
3.340119e+03	-4.920516e+01
3.359411e+03	-4.925415e+01
3.378815e+03	-4.937362e+01
3.398331e+03	-4.936528e+01
3.417959e+03	-4.945815e+01
3.437701e+03	-4.951307e+01
3.457557e+03	-4.954735e+01
3.477528e+03	-4.963681e+01
3.497614e+03	-4.969755e+01
3.517816e+03	-4.976589e+01
3.538135e+03	-4.980783e+01
3.558571e+03	-4.991237e+01
3.579125e+03	-4.995992e+01
3.599798e+03	-5.001467e+01
3.620590e+03	-5.005436e+01
3.641503e+03	-5.018574e+01
3.662536e+03	-5.018725e+01
3.683691e+03	-5.021431e+01
3.704967e+03	-5.035919e+01
3.726367e+03	-5.035338e+01
3.747890e+03	-5.042068e+01
3.769538e+03	-5.048347e+01
3.791311e+03	-5.053608e+01
3.813209e+03	-5.062934e+01
3.835234e+03	-5.067099e+01
3.857386e+03	-5.067181e+01
3.879667e+03	-5.080348e+01
3.902075e+03	-5.084326e+01
3.924614e+03	-5.085774e+01
3.947282e+03	-5.098902e+01
3.970081e+03	-5.100009e+01
3.993012e+03	-5.103984e+01
4.016076e+03	-5.117185e+01
4.039272e+03	-5.124457e+01
4.062603e+03	-5.130699e+01
4.086069e+03	-5.133298e+01
4.109670e+03	-5.144093e+01
4.133407e+03	-5.143312e+01
4.157281e+03	-5.159632e+01
4.181294e+03	-5.164413e+01
4.205445e+03	-5.161316e+01
4.229735e+03	-5.181044e+01
4.254166e+03	-5.185374e+01
4.278738e+03	-5.186100e+01
4.303451e+03	-5.195074e+01
4.328308e+03	-5.200655e+01
4.353308e+03	-5.207549e+01
4.378453e+03	-5.216206e+01
4.403742e+03	-5.218539e+01
4.429178e+03	-5.228802e+01
4.454761e+03	-5.232814e+01
4.480492e+03	-5.243224e+01
4.506371e+03	-5.249507e+01
4.532399e+03	-5.257537e+01
4.558578e+03	-5.263587e+01
4.584908e+03	-5.262260e+01
4.611391e+03	-5.274010e+01
4.638026e+03	-5.279543e+01
4.664815e+03	-5.289403e+01
4.691759e+03	-5.295936e+01
4.718858e+03	-5.301037e+01
4.746114e+03	-5.316765e+01
4.773527e+03	-5.319185e+01
4.801099e+03	-5.325094e+01
4.828830e+03	-5.325854e+01
4.856721e+03	-5.334288e+01
4.884773e+03	-5.338741e+01
4.912988e+03	-5.354348e+01
4.941365e+03	-5.365374e+01
4.969906e+03	-5.363555e+01
4.998612e+03	-5.373973e+01
5.027484e+03	-5.375371e+01
5.056522e+03	-5.389871e+01
5.085729e+03	-5.397907e+01
5.115104e+03	-5.402845e+01
5.144648e+03	-5.418256e+01
5.174363e+03	-5.413119e+01
5.204250e+03	-5.419449e+01
5.234310e+03	-5.430551e+01
5.264543e+03	-5.429872e+01
5.294951e+03	-5.446135e+01
5.325534e+03	-5.455440e+01
5.356294e+03	-5.459421e+01
5.387232e+03	-5.469714e+01
5.418348e+03	-5.483010e+01
5.449645e+03	-5.492003e+01
5.481122e+03	-5.488152e+01
5.512780e+03	-5.499395e+01
5.544622e+03	-5.512266e+01
5.576647e+03	-5.511817e+01
5.608858e+03	-5.521910e+01
5.641254e+03	-5.537141e+01
5.673838e+03	-5.541197e+01
5.706610e+03	-5.545602e+01
5.739571e+03	-5.555042e+01
5.772723e+03	-5.566078e+01
5.806066e+03	-5.571628e+01
5.839601e+03	-5.579890e+01
5.873331e+03	-5.594247e+01
5.907255e+03	-5.601371e+01
5.941375e+03	-5.608691e+01
5.975692e+03	-5.612773e+01
6.010207e+03	-5.615286e+01
6.044922e+03	-5.625744e+01
6.079837e+03	-5.637300e+01
6.114954e+03	-5.648270e+01
6.150274e+03	-5.666152e+01
6.185797e+03	-5.665156e+01
6.221526e+03	-5.676896e+01
6.257462e+03	-5.686687e+01
6.293605e+03	-5.689714e+01
6.329956e+03	-5.708040e+01
6.366518e+03	-5.705019e+01
6.403290e+03	-5.717704e+01
6.440276e+03	-5.729380e+01
6.477474e+03	-5.730429e+01
6.514888e+03	-5.744453e+01
6.552518e+03	-5.751214e+01
6.590365e+03	-5.774976e+01
6.628430e+03	-5.772640e+01
6.666716e+03	-5.776720e+01
6.705223e+03	-5.774865e+01
6.743952e+03	-5.809392e+01
6.782905e+03	-5.814815e+01
6.822082e+03	-5.813991e+01
6.861486e+03	-5.833316e+01
6.901118e+03	-5.842508e+01
6.940979e+03	-5.857755e+01
6.981069e+03	-5.861161e+01
7.021392e+03	-5.872063e+01
7.061947e+03	-5.881799e+01
7.102737e+03	-5.894333e+01
7.143762e+03	-5.903064e+01
7.185024e+03	-5.908415e+01
7.226524e+03	-5.926214e+01
7.268264e+03	-5.926858e+01
7.310246e+03	-5.934553e+01
7.352469e+03	-5.945594e+01
7.394937e+03	-5.961346e+01
7.437650e+03	-5.982528e+01
7.480609e+03	-5.996126e+01
7.523817e+03	-5.990359e+01
7.567274e+03	-6.010254e+01
7.610982e+03	-6.023865e+01
7.654943e+03	-6.014588e+01
7.699158e+03	-6.042956e+01
7.743628e+03	-6.052096e+01
7.788355e+03	-6.066931e+01
7.833340e+03	-6.093455e+01
7.878585e+03	-6.073132e+01
7.924091e+03	-6.103172e+01
7.969861e+03	-6.109519e+01
8.015894e+03	-6.131017e+01
8.062194e+03	-6.143823e+01
8.108761e+03	-6.152028e+01
8.155596e+03	-6.167830e+01
8.202703e+03	-6.158697e+01
8.250081e+03	-6.174928e+01
8.297733e+03	-6.174043e+01
8.345661e+03	-6.220238e+01
8.393865e+03	-6.205279e+01
8.442348e+03	-6.217893e+01
8.491110e+03	-6.259677e+01
8.540155e+03	-6.259069e+01
8.589482e+03	-6.268056e+01
8.639095e+03	-6.234506e+01
8.688994e+03	-6.260972e+01
8.739181e+03	-6.283101e+01
8.789658e+03	-6.286724e+01
8.840427e+03	-6.313636e+01
8.891489e+03	-6.282507e+01
8.942846e+03	-6.334955e+01
8.994499e+03	-6.333905e+01
9.046451e+03	-6.304379e+01
9.098703e+03	-6.304252e+01
9.151257e+03	-6.317029e+01
9.204114e+03	-6.323783e+01
9.257277e+03	-6.322078e+01
9.310746e+03	-6.314756e+01
9.364525e+03	-6.328217e+01
9.418614e+03	-6.263051e+01
9.473015e+03	-6.250189e+01
9.527731e+03	-6.212072e+01
9.582763e+03	-6.190881e+01
9.638113e+03	-6.159179e+01
9.693782e+03	-6.083670e+01
9.749773e+03	-6.065180e+01
9.806087e+03	-6.074393e+01
9.862727e+03	-6.203516e+01
9.919693e+03	-6.385355e+01
9.976989e+03	-6.636034e+01
1.003462e+04	-6.908587e+01
1.009258e+04	-7.241872e+01
1.015087e+04	-7.565947e+01
1.020950e+04	-7.902301e+01
1.026847e+04	-8.215753e+01
1.032778e+04	-9.147644e+01
1.038743e+04	-9.622575e+01
1.044743e+04	-1.011598e+02
1.050777e+04	-9.455079e+01
1.056847e+04	-9.720911e+01
1.062951e+04	-1.084513e+02
1.069091e+04	-1.019191e+02
1.075266e+04	-8.884215e+01
1.081476e+04	-8.966096e+01
1.087723e+04	-8.861133e+01
1.094006e+04	-9.553418e+01
1.100324e+04	-8.527955e+01
1.106680e+04	-8.397539e+01
1.113072e+04	-8.696345e+01
1.119501e+04	-8.707018e+01
1.125967e+04	-8.730068e+01
1.132471e+04	-8.269207e+01
1.139012e+04	-8.053530e+01
1.145591e+04	-8.055521e+01
1.152208e+04	-7.922502e+01
1.158863e+04	-7.945798e+01
1.165556e+04	-7.951974e+01
1.172289e+04	-7.720004e+01
1.179060e+04	-7.761785e+01
1.185870e+04	-7.644830e+01
1.192719e+04	-7.578560e+01
1.199608e+04	-7.572722e+01
1.206537e+04	-7.508914e+01
1.213506e+04	-7.477044e+01
1.220515e+04	-7.382747e+01
1.227565e+04	-7.304522e+01
1.234655e+04	-7.254290e+01
1.241787e+04	-7.246704e+01
1.248959e+04	-7.329471e+01
1.256173e+04	-7.228816e+01
1.263429e+04	-7.105370e+01
1.270726e+04	-7.075159e+01
1.278066e+04	-7.082742e+01
1.285448e+04	-6.984334e+01
1.292873e+04	-7.010671e+01
1.300340e+04	-6.997226e+01
1.307851e+04	-6.957441e+01
1.315405e+04	-6.900488e+01
1.323003e+04	-6.862392e+01
1.330644e+04	-6.806520e+01
1.338330e+04	-6.828151e+01
1.346060e+04	-6.792061e+01
1.353835e+04	-6.758326e+01
1.361655e+04	-6.709974e+01
1.369520e+04	-6.701803e+01
1.377430e+04	-6.700952e+01
1.385386e+04	-6.720955e+01
1.393388e+04	-6.684087e+01
1.401436e+04	-6.608664e+01
1.409531e+04	-6.622643e+01
1.417672e+04	-6.565570e+01
1.425861e+04	-6.559262e+01
1.434096e+04	-6.538726e+01
1.442379e+04	-6.530428e+01
1.450711e+04	-6.511622e+01
1.459090e+04	-6.481006e+01
1.467518e+04	-6.474558e+01
1.475994e+04	-6.487124e+01
1.484519e+04	-6.457659e+01
1.493094e+04	-6.398759e+01
1.501718e+04	-6.421176e+01
1.510392e+04	-6.387334e+01
1.519116e+04	-6.370437e+01
1.527890e+04	-6.339964e+01
1.536715e+04	-6.326412e+01
1.545591e+04	-6.328509e+01
1.554518e+04	-6.285971e+01
1.563497e+04	-6.297287e+01
1.572528e+04	-6.256296e+01
1.581611e+04	-6.242726e+01
1.590746e+04	-6.239844e+01
1.599934e+04	-6.214119e+01
1.609175e+04	-6.194798e+01
1.618470e+04	-6.211412e+01
1.627818e+04	-6.177422e+01
1.637220e+04	-6.168658e+01
1.646677e+04	-6.136075e+01
1.656188e+04	-6.147614e+01
1.665754e+04	-6.137391e+01
1.675375e+04	-6.106255e+01
1.685052e+04	-6.092008e+01
1.694785e+04	-6.099053e+01
1.704574e+04	-6.048995e+01
1.714419e+04	-6.068516e+01
1.724322e+04	-6.049767e+01
1.734281e+04	-6.042824e+01
1.744299e+04	-6.014846e+01
1.754374e+04	-6.018821e+01
1.764507e+04	-5.999475e+01
1.774698e+04	-5.985247e+01
1.784949e+04	-5.977850e+01
1.795259e+04	-5.956126e+01
1.805628e+04	-5.953367e+01
1.816057e+04	-5.937404e+01
1.826547e+04	-5.931622e+01
1.837097e+04	-5.914786e+01
1.847708e+04	-5.918075e+01
1.858380e+04	-5.897184e+01
1.869114e+04	-5.880942e+01
1.879910e+04	-5.879664e+01
1.890768e+04	-5.859996e+01
1.901689e+04	-5.849554e+01
1.912673e+04	-5.850428e+01
1.923721e+04	-5.846224e+01
1.934832e+04	-5.817302e+01
1.946008e+04	-5.811131e+01
1.957248e+04	-5.797403e+01
1.968553e+04	-5.800456e+01
1.979923e+04	-5.790454e+01
1.991359e+04	-5.777468e+01
2.002861e+04	-5.769214e+01
2.014430e+04	-5.752091e+01
2.026065e+04	-5.750414e+01
2.037767e+04	-5.740646e+01
2.049537e+04	-5.727949e+01
2.061375e+04	-5.721158e+01
2.073282e+04	-5.724056e+01
2.085257e+04	-5.694935e+01
2.097301e+04	-5.687081e+01
2.109415e+04	-5.685888e+01
2.121599e+04	-5.677992e+01
2.133853e+04	-5.658512e+01
2.146178e+04	-5.651067e+01
2.158575e+04	-5.651074e+01
2.171043e+04	-5.634523e+01
2.183582e+04	-5.627402e+01
2.196195e+04	-5.623465e+01
2.208880e+04	-5.617804e+01
2.221638e+04	-5.599022e+01
2.234470e+04	-5.592272e+01
2.247377e+04	-5.581697e+01
2.260357e+04	-5.583170e+01
2.273413e+04	-5.570979e+01
2.286544e+04	-5.568077e+01
2.299751e+04	-5.561165e+01
2.313034e+04	-5.545584e+01
2.326394e+04	-5.539463e+01
2.339832e+04	-5.528685e+01
2.353346e+04	-5.521132e+01
2.366939e+04	-5.518262e+01
2.380610e+04	-5.512662e+01
2.394361e+04	-5.494734e+01
2.408191e+04	-5.477697e+01
2.422100e+04	-5.487884e+01
2.436090e+04	-5.470593e+01
2.450161e+04	-5.471074e+01
2.464313e+04	-5.455988e+01
2.478547e+04	-5.447497e+01
2.492863e+04	-5.445402e+01
2.507261e+04	-5.437701e+01
2.521743e+04	-5.428100e+01
2.536309e+04	-5.417056e+01
2.550958e+04	-5.407170e+01
2.565692e+04	-5.406981e+01
2.580512e+04	-5.405411e+01
2.595417e+04	-5.401625e+01
2.610408e+04	-5.380941e+01
2.625485e+04	-5.378344e+01
2.640650e+04	-5.371870e+01
2.655902e+04	-5.369294e+01
2.671243e+04	-5.361677e+01
2.686672e+04	-5.348475e+01
2.702190e+04	-5.344020e+01
2.717798e+04	-5.338202e+01
2.733495e+04	-5.329925e+01
2.749284e+04	-5.323730e+01
2.765164e+04	-5.315982e+01
2.781135e+04	-5.305878e+01
2.797199e+04	-5.299458e+01
2.813355e+04	-5.292986e+01
2.829605e+04	-5.291665e+01
2.845949e+04	-5.280329e+01
2.862387e+04	-5.274599e+01
2.878920e+04	-5.261168e+01
2.895549e+04	-5.252203e+01
2.912273e+04	-5.247140e+01
2.929094e+04	-5.243951e+01
2.946013e+04	-5.237355e+01
2.963029e+04	-5.240779e+01
2.980143e+04	-5.225655e+01
2.997356e+04	-5.218897e+01
3.014669e+04	-5.215333e+01
3.032081e+04	-5.209795e+01
3.049595e+04	-5.201253e+01
3.067209e+04	-5.189107e+01
3.084925e+04	-5.187754e+01
3.102743e+04	-5.178877e+01
3.120665e+04	-5.169065e+01
3.138690e+04	-5.164453e+01
3.156819e+04	-5.155915e+01
3.175052e+04	-5.148889e+01
3.193391e+04	-5.144185e+01
3.211836e+04	-5.135637e+01
3.230388e+04	-5.137657e+01
3.249046e+04	-5.123300e+01
3.267812e+04	-5.121704e+01
3.286687e+04	-5.117680e+01
3.305671e+04	-5.104921e+01
3.324764e+04	-5.099791e+01
3.343968e+04	-5.099535e+01
3.363283e+04	-5.091553e+01
3.382709e+04	-5.084450e+01
3.402247e+04	-5.076984e+01
3.421899e+04	-5.070695e+01
3.441663e+04	-5.062979e+01
3.461542e+04	-5.053797e+01
3.481536e+04	-5.052182e+01
3.501645e+04	-5.045239e+01
3.521871e+04	-5.035940e+01
3.542213e+04	-5.034213e+01
3.562672e+04	-5.027947e+01
3.583250e+04	-5.018480e+01
3.603947e+04	-5.012013e+01
3.624763e+04	-5.003181e+01
3.645700e+04	-5.004644e+01
3.666757e+04	-4.995771e+01
3.687936e+04	-4.986956e+01
3.709238e+04	-4.982960e+01
3.730662e+04	-4.977585e+01
3.752210e+04	-4.972805e+01
3.773883e+04	-4.965325e+01
3.795680e+04	-4.964079e+01
3.817604e+04	-4.953378e+01
3.839654e+04	-4.950044e+01
3.861832e+04	-4.941769e+01
3.884138e+04	-4.941918e+01
3.906573e+04	-4.928087e+01
3.929137e+04	-4.922921e+01
3.951831e+04	-4.917078e+01
3.974657e+04	-4.919803e+01
3.997614e+04	-4.909988e+01
4.020704e+04	-4.903662e+01
4.043928e+04	-4.893778e+01
4.067285e+04	-4.883377e+01
4.090778e+04	-4.884142e+01
4.114406e+04	-4.876480e+01
4.138171e+04	-4.870350e+01
4.162073e+04	-4.865630e+01
4.186113e+04	-4.861660e+01
4.210291e+04	-4.860077e+01
4.234610e+04	-4.851377e+01
4.259069e+04	-4.843045e+01
4.283669e+04	-4.837813e+01
4.308411e+04	-4.830060e+01
4.333297e+04	-4.826828e+01
4.358325e+04	-4.821159e+01
4.383499e+04	-4.814535e+01
4.408818e+04	-4.810887e+01
4.434283e+04	-4.802679e+01
4.459895e+04	-4.796608e+01
4.485655e+04	-4.790100e+01
4.511564e+04	-4.786059e+01
4.537623e+04	-4.779110e+01
4.563832e+04	-4.775784e+01
4.590193e+04	-4.768697e+01
4.616705e+04	-4.764348e+01
4.643371e+04	-4.754780e+01
4.670191e+04	-4.753725e+01
4.697166e+04	-4.746111e+01
4.724297e+04	-4.740306e+01
4.751584e+04	-4.733622e+01
4.779029e+04	-4.728062e+01
4.806633e+04	-4.721614e+01
4.834395e+04	-4.719219e+01
4.862319e+04	-4.713405e+01
4.890403e+04	-4.707658e+01
4.918650e+04	-4.705660e+01
4.947060e+04	-4.694756e+01
4.975634e+04	-4.689320e+01
5.004373e+04	-4.692068e+01
5.033278e+04	-4.679864e+01
5.062350e+04	-4.669063e+01
5.091590e+04	-4.669388e+01
5.120999e+04	-4.660297e+01
5.150578e+04	-4.659155e+01
5.180327e+04	-4.651892e+01
5.210248e+04	-4.649448e+01
5.240343e+04	-4.644663e+01
5.270611e+04	-4.636772e+01
5.301053e+04	-4.630734e+01
5.331672e+04	-4.623416e+01
5.362468e+04	-4.618457e+01
5.393441e+04	-4.612828e+01
5.424593e+04	-4.608242e+01
5.455926e+04	-4.602915e+01
5.487439e+04	-4.598001e+01
5.519134e+04	-4.592628e+01
5.551012e+04	-4.584103e+01
5.583075e+04	-4.578586e+01
5.615322e+04	-4.577164e+01
5.647756e+04	-4.571078e+01
5.680377e+04	-4.567605e+01
5.713187e+04	-4.559966e+01
5.746186e+04	-4.551784e+01
5.779376e+04	-4.545775e+01
5.812757e+04	-4.543832e+01
5.846332e+04	-4.534787e+01
5.880100e+04	-4.533490e+01
5.914063e+04	-4.527898e+01
5.948222e+04	-4.521223e+01
5.982579e+04	-4.515898e+01
6.017134e+04	-4.512660e+01
6.051889e+04	-4.503478e+01
6.086844e+04	-4.497393e+01
6.122002e+04	-4.493877e+01
6.157362e+04	-4.487773e+01
6.192927e+04	-4.484922e+01
6.228697e+04	-4.478565e+01
6.264674e+04	-4.473629e+01
6.300858e+04	-4.467000e+01
6.337252e+04	-4.463144e+01
6.373855e+04	-4.455729e+01
6.410670e+04	-4.450862e+01
6.447698e+04	-4.446856e+01
6.484940e+04	-4.441072e+01
6.522397e+04	-4.436931e+01
6.560070e+04	-4.431980e+01
6.597960e+04	-4.426473e+01
6.636070e+04	-4.419172e+01
6.674400e+04	-4.413793e+01
6.712951e+04	-4.410323e+01
6.751724e+04	-4.404885e+01
6.790722e+04	-4.400761e+01
6.829945e+04	-4.394575e+01
6.869395e+04	-4.387470e+01
6.909072e+04	-4.384251e+01
6.948978e+04	-4.379924e+01
6.989115e+04	-4.371254e+01
7.029484e+04	-4.368661e+01
7.070086e+04	-4.360040e+01
7.110923e+04	-4.357454e+01
7.151995e+04	-4.349703e+01
7.193305e+04	-4.346452e+01
7.234853e+04	-4.341520e+01
7.276641e+04	-4.335577e+01
7.318671e+04	-4.330614e+01
7.360943e+04	-4.325675e+01
7.403460e+04	-4.316912e+01
7.446222e+04	-4.315095e+01
7.489231e+04	-4.312362e+01
7.532488e+04	-4.303680e+01
7.575996e+04	-4.300220e+01
7.619754e+04	-4.292267e+01
7.663766e+04	-4.289804e+01
7.708031e+04	-4.281237e+01
7.752553e+04	-4.280317e+01
7.797331e+04	-4.270826e+01
7.842368e+04	-4.266361e+01
7.887665e+04	-4.260113e+01
7.933224e+04	-4.257711e+01
7.979046e+04	-4.250269e+01
8.025133e+04	-4.244181e+01
8.071486e+04	-4.238473e+01
8.118106e+04	-4.241171e+01
8.164996e+04	-4.231640e+01
8.212157e+04	-4.226361e+01
8.259590e+04	-4.220667e+01
8.307297e+04	-4.213372e+01
8.355279e+04	-4.207343e+01
8.403539e+04	-4.206141e+01
8.452078e+04	-4.201480e+01
8.500897e+04	-4.194290e+01
8.549997e+04	-4.189579e+01
8.599382e+04	-4.183609e+01
8.649052e+04	-4.178770e+01
8.699008e+04	-4.174983e+01
8.749253e+04	-4.168622e+01
8.799789e+04	-4.165043e+01
8.850616e+04	-4.157985e+01
8.901737e+04	-4.154351e+01
8.953153e+04	-4.147672e+01
9.004866e+04	-4.142286e+01
9.056877e+04	-4.140168e+01
9.109190e+04	-4.133249e+01
9.161804e+04	-4.127347e+01
9.214722e+04	-4.121873e+01
9.267946e+04	-4.117112e+01
9.321477e+04	-4.113156e+01
9.375318e+04	-4.106416e+01
9.429469e+04	-4.101407e+01
9.483933e+04	-4.096801e+01
9.538712e+04	-4.090657e+01
9.593807e+04	-4.084610e+01
9.649221e+04	-4.081336e+01
9.704954e+04	-4.075861e+01
9.761010e+04	-4.070528e+01
9.817389e+04	-4.066421e+01
9.874094e+04	-4.062314e+01
9.931126e+04	-4.054708e+01
9.988488e+04	-4.049324e+01
1.004618e+05	-4.044931e+01
1.010421e+05	-4.038706e+01
1.016257e+05	-4.035079e+01
1.022127e+05	-4.027482e+01
1.028031e+05	-4.025338e+01
1.033968e+05	-4.019243e+01
1.039941e+05	-4.014465e+01
1.045947e+05	-4.008257e+01
1.051989e+05	-4.003894e+01
1.058065e+05	-3.999038e+01
1.064176e+05	-3.995072e+01
1.070323e+05	-3.988738e+01
1.076505e+05	-3.983922e+01
1.082723e+05	-3.977987e+01
1.088977e+05	-3.973408e+01
1.095266e+05	-3.968717e+01
1.101593e+05	-3.964057e+01
1.107955e+05	-3.958395e+01
1.114355e+05	-3.953233e+01
1.120791e+05	-3.947540e+01
1.127265e+05	-3.942579e+01
1.133776e+05	-3.937147e+01
1.140325e+05	-3.933543e+01
1.146911e+05	-3.927023e+01
1.153536e+05	-3.922719e+01
1.160198e+05	-3.918640e+01
1.166900e+05	-3.913582e+01
1.173640e+05	-3.907804e+01
1.180419e+05	-3.902882e+01
1.187237e+05	-3.897042e+01
1.194094e+05	-3.893015e+01
1.200991e+05	-3.888502e+01
1.207928e+05	-3.881200e+01
1.214905e+05	-3.878087e+01
1.221922e+05	-3.873322e+01
1.228980e+05	-3.866793e+01
1.236078e+05	-3.861247e+01
1.243218e+05	-3.856533e+01
1.250399e+05	-3.851643e+01
1.257621e+05	-3.846621e+01
1.264885e+05	-3.840114e+01
1.272191e+05	-3.834891e+01
1.279539e+05	-3.831244e+01
1.286930e+05	-3.825943e+01
1.294363e+05	-3.822384e+01
1.301839e+05	-3.816230e+01
1.309358e+05	-3.811693e+01
1.316921e+05	-3.806851e+01
1.324528e+05	-3.801559e+01
1.332178e+05	-3.796153e+01
1.339873e+05	-3.790107e+01
1.347612e+05	-3.785666e+01
1.355395e+05	-3.780703e+01
1.363224e+05	-3.775219e+01
1.371098e+05	-3.769745e+01
1.379018e+05	-3.765605e+01
1.386983e+05	-3.760070e+01
1.394994e+05	-3.756014e+01
1.403051e+05	-3.750779e+01
1.411155e+05	-3.745258e+01
1.419306e+05	-3.738870e+01
1.427504e+05	-3.736086e+01
1.435749e+05	-3.729807e+01
1.444042e+05	-3.725468e+01
1.452383e+05	-3.719208e+01
1.460772e+05	-3.715162e+01
1.469209e+05	-3.710327e+01
1.477695e+05	-3.703954e+01
1.486230e+05	-3.699209e+01
1.494814e+05	-3.695701e+01
1.503448e+05	-3.689353e+01
1.512132e+05	-3.684163e+01
1.520866e+05	-3.680046e+01
1.529651e+05	-3.675315e+01
1.538486e+05	-3.668055e+01
1.547372e+05	-3.664733e+01
1.556310e+05	-3.659284e+01
1.565299e+05	-3.653988e+01
1.574340e+05	-3.649024e+01
1.583433e+05	-3.644104e+01
1.592579e+05	-3.638515e+01
1.601778e+05	-3.633280e+01
1.611030e+05	-3.628479e+01
1.620335e+05	-3.624011e+01
1.629694e+05	-3.618343e+01
1.639107e+05	-3.613810e+01
1.648574e+05	-3.608530e+01
1.658097e+05	-3.604233e+01
1.667674e+05	-3.598365e+01
1.677306e+05	-3.592978e+01
1.686994e+05	-3.588126e+01
1.696738e+05	-3.584135e+01
1.706538e+05	-3.578585e+01
1.716395e+05	-3.573432e+01
1.726309e+05	-3.567879e+01
1.736280e+05	-3.563999e+01
1.746309e+05	-3.557529e+01
1.756395e+05	-3.553826e+01
1.766540e+05	-3.548704e+01
1.776744e+05	-3.543183e+01
1.787006e+05	-3.537059e+01
1.797328e+05	-3.534139e+01
1.807709e+05	-3.527838e+01
1.818150e+05	-3.522288e+01
1.828652e+05	-3.518084e+01
1.839214e+05	-3.512954e+01
1.849837e+05	-3.508403e+01
1.860522e+05	-3.502824e+01
1.871268e+05	-3.498563e+01
1.882077e+05	-3.493137e+01
1.892948e+05	-3.488159e+01
1.903881e+05	-3.482541e+01
1.914878e+05	-3.477433e+01
1.925938e+05	-3.472970e+01
1.937062e+05	-3.468465e+01
1.948251e+05	-3.462797e+01
1.959504e+05	-3.457313e+01
1.970822e+05	-3.453575e+01
1.982205e+05	-3.448180e+01
1.993654e+05	-3.442420e+01
2.005169e+05	-3.437088e+01
2.016751e+05	-3.432630e+01
2.028400e+05	-3.427188e+01
2.040116e+05	-3.422284e+01
2.051899e+05	-3.418053e+01
2.063751e+05	-3.412901e+01
2.075671e+05	-3.407905e+01
2.087660e+05	-3.402197e+01
2.099719e+05	-3.397275e+01
2.111846e+05	-3.392240e+01
2.124044e+05	-3.388137e+01
2.136313e+05	-3.382354e+01
2.148652e+05	-3.378106e+01
2.161063e+05	-3.372108e+01
2.173545e+05	-3.367441e+01
2.186099e+05	-3.362633e+01
2.198726e+05	-3.356576e+01
2.211426e+05	-3.352765e+01
2.224199e+05	-3.347233e+01
2.237046e+05	-3.341867e+01
2.249967e+05	-3.337193e+01
2.262962e+05	-3.331636e+01
2.276033e+05	-3.327077e+01
2.289179e+05	-3.321956e+01
2.302402e+05	-3.317366e+01
2.315700e+05	-3.311856e+01
2.329076e+05	-3.307158e+01
2.342528e+05	-3.302665e+01
2.356059e+05	-3.297385e+01
2.369667e+05	-3.291808e+01
2.383354e+05	-3.286942e+01
2.397120e+05	-3.281948e+01
2.410966e+05	-3.276850e+01
2.424892e+05	-3.272217e+01
2.438898e+05	-3.267962e+01
2.452985e+05	-3.261477e+01
2.467153e+05	-3.256988e+01
2.481403e+05	-3.251556e+01
2.495736e+05	-3.246606e+01
2.510151e+05	-3.242074e+01
2.524650e+05	-3.237345e+01
2.539232e+05	-3.231738e+01
2.553898e+05	-3.227336e+01
2.568650e+05	-3.222232e+01
2.583486e+05	-3.217095e+01
2.598408e+05	-3.212257e+01
2.613416e+05	-3.206080e+01
2.628511e+05	-3.202139e+01
2.643694e+05	-3.197038e+01
2.658963e+05	-3.191725e+01
2.674321e+05	-3.186468e+01
2.689768e+05	-3.181516e+01
2.705304e+05	-3.176970e+01
2.720930e+05	-3.171869e+01
2.736646e+05	-3.167120e+01
2.752453e+05	-3.161976e+01
2.768351e+05	-3.156528e+01
2.784341e+05	-3.151291e+01
2.800423e+05	-3.147031e+01
2.816598e+05	-3.142535e+01
2.832867e+05	-3.136435e+01
2.849229e+05	-3.132229e+01
2.865686e+05	-3.126802e+01
2.882238e+05	-3.122087e+01
2.898886e+05	-3.117859e+01
2.915630e+05	-3.111824e+01
2.932470e+05	-3.107161e+01
2.949408e+05	-3.101642e+01
2.966444e+05	-3.096809e+01
2.983578e+05	-3.092247e+01
3.000811e+05	-3.086766e+01
3.018143e+05	-3.081999e+01
3.035576e+05	-3.076900e+01
3.053109e+05	-3.071816e+01
3.070744e+05	-3.067063e+01
3.088481e+05	-3.062459e+01
3.106320e+05	-3.056605e+01
3.124261e+05	-3.052052e+01
3.142307e+05	-3.047222e+01
3.160457e+05	-3.041685e+01
3.178712e+05	-3.036866e+01
3.197072e+05	-3.031965e+01
3.215538e+05	-3.027247e+01
3.234111e+05	-3.021843e+01
3.252791e+05	-3.017064e+01
3.271579e+05	-3.011689e+01
3.290475e+05	-3.007183e+01
3.309481e+05	-3.001960e+01
3.328596e+05	-2.996605e+01
3.347822e+05	-2.992584e+01
3.367159e+05	-2.987129e+01
3.386608e+05	-2.982417e+01
3.406169e+05	-2.977188e+01
3.425842e+05	-2.972252e+01
3.445630e+05	-2.967358e+01
3.465532e+05	-2.962582e+01
3.485549e+05	-2.957035e+01
3.505681e+05	-2.952313e+01
3.525930e+05	-2.947353e+01
3.546295e+05	-2.942121e+01
3.566778e+05	-2.937461e+01
3.587380e+05	-2.932368e+01
3.608101e+05	-2.927243e+01
3.628941e+05	-2.922402e+01
3.649901e+05	-2.917475e+01
3.670983e+05	-2.912355e+01
3.692187e+05	-2.907018e+01
3.713513e+05	-2.902539e+01
3.734962e+05	-2.897443e+01
3.756535e+05	-2.892578e+01
3.778232e+05	-2.887361e+01
3.800055e+05	-2.882376e+01
3.822004e+05	-2.877151e+01
3.844080e+05	-2.872827e+01
3.866283e+05	-2.867597e+01
3.888615e+05	-2.862524e+01
3.911075e+05	-2.857973e+01
3.933665e+05	-2.852994e+01
3.956386e+05	-2.847274e+01
3.979238e+05	-2.843050e+01
4.002222e+05	-2.837602e+01
4.025338e+05	-2.832887e+01
4.048589e+05	-2.827554e+01
4.071973e+05	-2.822754e+01
4.095493e+05	-2.817530e+01
4.119148e+05	-2.812795e+01
4.142940e+05	-2.807681e+01
4.166870e+05	-2.802695e+01
4.190937e+05	-2.797903e+01
4.215144e+05	-2.792474e+01
4.239490e+05	-2.788108e+01
4.263978e+05	-2.782809e+01
4.288606e+05	-2.778116e+01
4.313377e+05	-2.772837e+01
4.338291e+05	-2.767444e+01
4.363349e+05	-2.763268e+01
4.388551e+05	-2.758549e+01
4.413899e+05	-2.753077e+01
4.439394e+05	-2.748005e+01
4.465035e+05	-2.743137e+01
4.490825e+05	-2.738150e+01
4.516764e+05	-2.733505e+01
4.542853e+05	-2.728276e+01
4.569092e+05	-2.723307e+01
4.595483e+05	-2.718289e+01
4.622026e+05	-2.713489e+01
4.648723e+05	-2.708388e+01
4.675574e+05	-2.703231e+01
4.702580e+05	-2.698540e+01
4.729742e+05	-2.693615e+01
4.757060e+05	-2.688715e+01
4.784537e+05	-2.683743e+01
4.812172e+05	-2.678488e+01
4.839967e+05	-2.673762e+01
4.867923e+05	-2.668921e+01
4.896040e+05	-2.663622e+01
4.924319e+05	-2.658846e+01
4.952762e+05	-2.653845e+01
4.981369e+05	-2.648825e+01
5.010141e+05	-2.644042e+01
5.039079e+05	-2.638734e+01
5.068185e+05	-2.634093e+01
5.097458e+05	-2.628936e+01
5.126901e+05	-2.623995e+01
5.156514e+05	-2.619318e+01
5.186298e+05	-2.614444e+01
5.216253e+05	-2.609231e+01
5.246382e+05	-2.604377e+01
5.276685e+05	-2.599469e+01
5.307163e+05	-2.594476e+01
5.337817e+05	-2.589437e+01
5.368648e+05	-2.584453e+01
5.399657e+05	-2.579387e+01
5.430845e+05	-2.574572e+01
5.462214e+05	-2.569564e+01
5.493763e+05	-2.564432e+01
5.525495e+05	-2.559630e+01
5.557410e+05	-2.554683e+01
5.589509e+05	-2.550056e+01
5.621794e+05	-2.544836e+01
5.654265e+05	-2.540077e+01
5.686924e+05	-2.534872e+01
5.719772e+05	-2.529850e+01
5.752809e+05	-2.525207e+01
5.786037e+05	-2.520273e+01
5.819457e+05	-2.515315e+01
5.853070e+05	-2.510499e+01
5.886877e+05	-2.504991e+01
5.920879e+05	-2.500405e+01
5.955078e+05	-2.495226e+01
5.989474e+05	-2.490496e+01
6.024069e+05	-2.485674e+01
6.058864e+05	-2.480669e+01
6.093860e+05	-2.475686e+01
6.129058e+05	-2.470820e+01
6.164459e+05	-2.465904e+01
6.200064e+05	-2.460621e+01
6.235876e+05	-2.455914e+01
6.271894e+05	-2.451094e+01
6.308120e+05	-2.445867e+01
6.344555e+05	-2.440906e+01
6.381201e+05	-2.436154e+01
6.418059e+05	-2.431602e+01
6.455129e+05	-2.426400e+01
6.492414e+05	-2.421418e+01
6.529914e+05	-2.416690e+01
6.567630e+05	-2.411486e+01
6.605565e+05	-2.406502e+01
6.643718e+05	-2.401359e+01
6.682092e+05	-2.396742e+01
6.720688e+05	-2.391724e+01
6.759506e+05	-2.386830e+01
6.798549e+05	-2.382137e+01
6.837817e+05	-2.377277e+01
6.877312e+05	-2.372280e+01
6.917035e+05	-2.367297e+01
6.956987e+05	-2.362443e+01
6.997171e+05	-2.357491e+01
7.037586e+05	-2.352316e+01
7.078235e+05	-2.347505e+01
7.119118e+05	-2.342338e+01
7.160238e+05	-2.337561e+01
7.201595e+05	-2.332912e+01
7.243191e+05	-2.328067e+01
7.285028e+05	-2.323008e+01
7.327106e+05	-2.318124e+01
7.369427e+05	-2.313029e+01
7.411992e+05	-2.308079e+01
7.454804e+05	-2.303211e+01
7.497862e+05	-2.298243e+01
7.541170e+05	-2.293552e+01
7.584727e+05	-2.288609e+01
7.628536e+05	-2.283422e+01
7.672598e+05	-2.278824e+01
7.716915e+05	-2.273919e+01
7.761488e+05	-2.269035e+01
7.806318e+05	-2.264065e+01
7.851407e+05	-2.259200e+01
7.896756e+05	-2.254214e+01
7.942367e+05	-2.249608e+01
7.988242e+05	-2.244396e+01
8.034382e+05	-2.239551e+01
8.080788e+05	-2.234668e+01
8.127463e+05	-2.230041e+01
8.174406e+05	-2.225080e+01
8.221621e+05	-2.220080e+01
8.269109e+05	-2.215173e+01
8.316871e+05	-2.210184e+01
8.364909e+05	-2.205361e+01
8.413225e+05	-2.200436e+01
8.461819e+05	-2.195537e+01
8.510694e+05	-2.190828e+01
8.559852e+05	-2.185817e+01
8.609293e+05	-2.180960e+01
8.659020e+05	-2.176050e+01
8.709034e+05	-2.171330e+01
8.759337e+05	-2.166266e+01
8.809931e+05	-2.161452e+01
8.860816e+05	-2.156508e+01
8.911996e+05	-2.151569e+01
8.963471e+05	-2.146754e+01
9.015244e+05	-2.141959e+01
9.067316e+05	-2.137215e+01
9.119688e+05	-2.132146e+01
9.172363e+05	-2.127428e+01
9.225342e+05	-2.122423e+01
9.278628e+05	-2.117654e+01
9.332221e+05	-2.112844e+01
9.386123e+05	-2.107768e+01
9.440337e+05	-2.102963e+01
9.494864e+05	-2.098190e+01
9.549706e+05	-2.093378e+01
9.604865e+05	-2.088406e+01
9.660342e+05	-2.083496e+01
9.716140e+05	-2.078802e+01
9.772260e+05	-2.073938e+01
9.828704e+05	-2.068994e+01
9.885474e+05	-2.064301e+01
9.942572e+05	-2.059418e+01
1.000000e+06	-2.054653e+01
