Frequency(Hz)	Magnitude(dB)
1.000000e+01	-2.197550e+00
1.005776e+01	-2.217505e+00
1.011585e+01	-2.237649e+00
1.017428e+01	-2.257864e+00
1.023305e+01	-2.278099e+00
1.029215e+01	-2.298641e+00
1.035160e+01	-2.319308e+00
1.041139e+01	-2.340088e+00
1.047153e+01	-2.360855e+00
1.053201e+01	-2.381978e+00
1.059284e+01	-2.403145e+00
1.065403e+01	-2.424539e+00
1.071556e+01	-2.446139e+00
1.077746e+01	-2.467565e+00
1.083971e+01	-2.489178e+00
1.090232e+01	-2.511099e+00
1.096529e+01	-2.533198e+00
1.102862e+01	-2.555372e+00
1.109232e+01	-2.577870e+00
1.115639e+01	-2.600290e+00
1.122083e+01	-2.622739e+00
1.128564e+01	-2.645701e+00
1.135083e+01	-2.668562e+00
1.141639e+01	-2.691539e+00
1.148233e+01	-2.714813e+00
1.154865e+01	-2.737983e+00
1.161536e+01	-2.761526e+00
1.168245e+01	-2.785210e+00
1.174992e+01	-2.808848e+00
1.181779e+01	-2.832692e+00
1.188605e+01	-2.856769e+00
1.195470e+01	-2.880979e+00
1.202375e+01	-2.905582e+00
1.209320e+01	-2.929743e+00
1.216305e+01	-2.954308e+00
1.223330e+01	-2.979384e+00
1.230396e+01	-3.003927e+00
1.237503e+01	-3.029146e+00
1.244651e+01	-3.054327e+00
1.251840e+01	-3.079643e+00
1.259070e+01	-3.105620e+00
1.266343e+01	-3.130890e+00
1.273657e+01	-3.156695e+00
1.281014e+01	-3.182457e+00
1.288413e+01	-3.208347e+00
1.295855e+01	-3.234604e+00
1.303339e+01	-3.260954e+00
1.310867e+01	-3.287540e+00
1.318439e+01	-3.314364e+00
1.326054e+01	-3.340952e+00
1.333713e+01	-3.368046e+00
1.341417e+01	-3.395098e+00
1.349165e+01	-3.422207e+00
1.356958e+01	-3.449398e+00
1.364795e+01	-3.476789e+00
1.372678e+01	-3.504499e+00
1.380607e+01	-3.532231e+00
1.388581e+01	-3.560416e+00
1.396602e+01	-3.588316e+00
1.404668e+01	-3.616676e+00
1.412782e+01	-3.644966e+00
1.420942e+01	-3.673306e+00
1.429149e+01	-3.701899e+00
1.437404e+01	-3.730739e+00
1.445706e+01	-3.759735e+00
1.454057e+01	-3.788677e+00
1.462455e+01	-3.817856e+00
1.470902e+01	-3.847068e+00
1.479398e+01	-3.876790e+00
1.487943e+01	-3.906123e+00
1.496537e+01	-3.936237e+00
1.505181e+01	-3.965758e+00
1.513875e+01	-3.996070e+00
1.522619e+01	-4.026056e+00
1.531414e+01	-4.056053e+00
1.540259e+01	-4.086833e+00
1.549156e+01	-4.117387e+00
1.558103e+01	-4.148149e+00
1.567103e+01	-4.179030e+00
1.576155e+01	-4.210103e+00
1.585258e+01	-4.240885e+00
1.594415e+01	-4.272348e+00
1.603624e+01	-4.303618e+00
1.612886e+01	-4.335145e+00
1.622202e+01	-4.367142e+00
1.631572e+01	-4.398751e+00
1.640996e+01	-4.430528e+00
1.650474e+01	-4.462645e+00
1.660008e+01	-4.494726e+00
1.669596e+01	-4.527232e+00
1.679239e+01	-4.559543e+00
1.688938e+01	-4.592374e+00
1.698694e+01	-4.624543e+00
1.708505e+01	-4.657917e+00
1.718373e+01	-4.690646e+00
1.728299e+01	-4.723566e+00
1.738281e+01	-4.756985e+00
1.748322e+01	-4.790228e+00
1.758420e+01	-4.823979e+00
1.768576e+01	-4.857267e+00
1.778792e+01	-4.891261e+00
1.789066e+01	-4.925109e+00
1.799399e+01	-4.959200e+00
1.809793e+01	-4.993357e+00
1.820246e+01	-5.027465e+00
1.830760e+01	-5.061819e+00
1.841334e+01	-5.096171e+00
1.851969e+01	-5.131068e+00
1.862666e+01	-5.165593e+00
1.873425e+01	-5.200559e+00
1.884246e+01	-5.235458e+00
1.895129e+01	-5.270842e+00
1.906075e+01	-5.305972e+00
1.917085e+01	-5.341194e+00
1.928158e+01	-5.376606e+00
1.939295e+01	-5.412252e+00
1.950496e+01	-5.447941e+00
1.961762e+01	-5.483914e+00
1.973093e+01	-5.519770e+00
1.984490e+01	-5.555856e+00
1.995952e+01	-5.592146e+00
2.007480e+01	-5.628235e+00
2.019076e+01	-5.664402e+00
2.030738e+01	-5.701134e+00
2.042467e+01	-5.737494e+00
2.054264e+01	-5.774379e+00
2.066130e+01	-5.811107e+00
2.078064e+01	-5.848042e+00
2.090066e+01	-5.885292e+00
2.102139e+01	-5.922214e+00
2.114280e+01	-5.959657e+00
2.126492e+01	-5.997403e+00
2.138775e+01	-6.034769e+00
2.151128e+01	-6.072288e+00
2.163553e+01	-6.110028e+00
2.176050e+01	-6.147675e+00
2.188619e+01	-6.185902e+00
2.201260e+01	-6.223962e+00
2.213974e+01	-6.261791e+00
2.226762e+01	-6.300050e+00
2.239624e+01	-6.338519e+00
2.252560e+01	-6.376839e+00
2.265571e+01	-6.415258e+00
2.278656e+01	-6.454698e+00
2.291818e+01	-6.493055e+00
2.305055e+01	-6.531896e+00
2.318369e+01	-6.570800e+00
2.331760e+01	-6.609774e+00
2.345228e+01	-6.649010e+00
2.358774e+01	-6.688427e+00
2.372398e+01	-6.727555e+00
2.386101e+01	-6.767210e+00
2.399883e+01	-6.806414e+00
2.413745e+01	-6.845864e+00
2.427686e+01	-6.886137e+00
2.441709e+01	-6.925431e+00
2.455812e+01	-6.965288e+00
2.469997e+01	-7.005716e+00
2.484263e+01	-7.045991e+00
2.498612e+01	-7.085777e+00
2.513044e+01	-7.126328e+00
2.527559e+01	-7.166857e+00
2.542158e+01	-7.206993e+00
2.556842e+01	-7.247606e+00
2.571610e+01	-7.288107e+00
2.586463e+01	-7.328900e+00
2.601403e+01	-7.370105e+00
2.616428e+01	-7.411138e+00
2.631541e+01	-7.451967e+00
2.646740e+01	-7.492702e+00
2.662028e+01	-7.534201e+00
2.677404e+01	-7.575047e+00
2.692868e+01	-7.616111e+00
2.708422e+01	-7.657904e+00
2.724066e+01	-7.699660e+00
2.739800e+01	-7.740863e+00
2.755625e+01	-7.783170e+00
2.771541e+01	-7.824360e+00
2.787550e+01	-7.866343e+00
2.803650e+01	-7.908142e+00
2.819844e+01	-7.949466e+00
2.836131e+01	-7.992207e+00
2.852513e+01	-8.034315e+00
2.868989e+01	-8.076323e+00
2.885560e+01	-8.118808e+00
2.902227e+01	-8.161074e+00
2.918990e+01	-8.203309e+00
2.935850e+01	-8.246041e+00
2.952807e+01	-8.288401e+00
2.969863e+01	-8.331034e+00
2.987016e+01	-8.374100e+00
3.004269e+01	-8.416914e+00
3.021622e+01	-8.459790e+00
3.039075e+01	-8.502615e+00
3.056628e+01	-8.545411e+00
3.074283e+01	-8.588412e+00
3.092040e+01	-8.632076e+00
3.109900e+01	-8.674802e+00
3.127862e+01	-8.718124e+00
3.145929e+01	-8.761503e+00
3.164099e+01	-8.805058e+00
3.182375e+01	-8.848325e+00
3.200756e+01	-8.891794e+00
3.219244e+01	-8.935469e+00
3.237838e+01	-8.979081e+00
3.256540e+01	-9.023243e+00
3.275349e+01	-9.066192e+00
3.294268e+01	-9.110536e+00
3.313295e+01	-9.154527e+00
3.332433e+01	-9.198698e+00
3.351681e+01	-9.242629e+00
3.371040e+01	-9.286130e+00
3.390511e+01	-9.330698e+00
3.410094e+01	-9.374791e+00
3.429791e+01	-9.419628e+00
3.449601e+01	-9.463394e+00
3.469526e+01	-9.508018e+00
3.489566e+01	-9.552693e+00
3.509721e+01	-9.596632e+00
3.529993e+01	-9.641202e+00
3.550382e+01	-9.686467e+00
3.570889e+01	-9.731658e+00
3.591515e+01	-9.775342e+00
3.612259e+01	-9.820253e+00
3.633123e+01	-9.865378e+00
3.654108e+01	-9.909955e+00
3.675214e+01	-9.954857e+00
3.696442e+01	-9.999874e+00
3.717792e+01	-1.004500e+01
3.739266e+01	-1.008978e+01
3.760864e+01	-1.013536e+01
3.782587e+01	-1.018094e+01
3.804435e+01	-1.022569e+01
3.826409e+01	-1.027068e+01
3.848510e+01	-1.031642e+01
3.870739e+01	-1.036176e+01
3.893096e+01	-1.040695e+01
3.915583e+01	-1.045257e+01
3.938199e+01	-1.049801e+01
3.960946e+01	-1.054402e+01
3.983824e+01	-1.058998e+01
4.006834e+01	-1.063554e+01
4.029978e+01	-1.068070e+01
4.053255e+01	-1.072684e+01
4.076666e+01	-1.077246e+01
4.100213e+01	-1.081856e+01
4.123896e+01	-1.086408e+01
4.147715e+01	-1.091019e+01
4.171672e+01	-1.095633e+01
4.195767e+01	-1.100231e+01
4.220002e+01	-1.104769e+01
4.244377e+01	-1.109396e+01
4.268892e+01	-1.114007e+01
4.293549e+01	-1.118652e+01
4.318348e+01	-1.123256e+01
4.343291e+01	-1.127907e+01
4.368377e+01	-1.132559e+01
4.393609e+01	-1.137222e+01
4.418986e+01	-1.141839e+01
4.444510e+01	-1.146510e+01
4.470182e+01	-1.151144e+01
4.496001e+01	-1.155765e+01
4.521970e+01	-1.160408e+01
4.548089e+01	-1.165072e+01
4.574358e+01	-1.169750e+01
4.600779e+01	-1.174436e+01
4.627353e+01	-1.179077e+01
4.654081e+01	-1.183833e+01
4.680963e+01	-1.188432e+01
4.708000e+01	-1.193146e+01
4.735193e+01	-1.197799e+01
4.762543e+01	-1.202501e+01
4.790051e+01	-1.207127e+01
4.817719e+01	-1.211903e+01
4.845545e+01	-1.216576e+01
4.873533e+01	-1.221262e+01
4.901682e+01	-1.225959e+01
4.929994e+01	-1.230663e+01
4.958470e+01	-1.235340e+01
4.987110e+01	-1.240167e+01
5.015915e+01	-1.244847e+01
5.044887e+01	-1.249538e+01
5.074026e+01	-1.254313e+01
5.103333e+01	-1.259051e+01
5.132810e+01	-1.263744e+01
5.162457e+01	-1.268467e+01
5.192275e+01	-1.273158e+01
5.222265e+01	-1.277889e+01
5.252429e+01	-1.282651e+01
5.282767e+01	-1.287454e+01
5.313280e+01	-1.292245e+01
5.343969e+01	-1.296846e+01
5.374836e+01	-1.301653e+01
5.405880e+01	-1.306445e+01
5.437105e+01	-1.311232e+01
5.468509e+01	-1.315931e+01
5.500095e+01	-1.320722e+01
5.531863e+01	-1.325456e+01
5.563815e+01	-1.330265e+01
5.595951e+01	-1.334953e+01
5.628273e+01	-1.339821e+01
5.660782e+01	-1.344585e+01
5.693479e+01	-1.349367e+01
5.726364e+01	-1.354120e+01
5.759439e+01	-1.358852e+01
5.792705e+01	-1.363691e+01
5.826164e+01	-1.368423e+01
5.859815e+01	-1.373254e+01
5.893662e+01	-1.377999e+01
5.927703e+01	-1.382802e+01
5.961941e+01	-1.387508e+01
5.996377e+01	-1.392442e+01
6.031012e+01	-1.397155e+01
6.065847e+01	-1.401995e+01
6.100883e+01	-1.406820e+01
6.136121e+01	-1.411726e+01
6.171563e+01	-1.416470e+01
6.207210e+01	-1.421311e+01
6.243063e+01	-1.426091e+01
6.279122e+01	-1.430895e+01
6.315390e+01	-1.435564e+01
6.351868e+01	-1.440575e+01
6.388556e+01	-1.445318e+01
6.425456e+01	-1.450141e+01
6.462569e+01	-1.454950e+01
6.499897e+01	-1.459817e+01
6.537440e+01	-1.464675e+01
6.575200e+01	-1.469492e+01
6.613178e+01	-1.474339e+01
6.651375e+01	-1.479244e+01
6.689793e+01	-1.483967e+01
6.728433e+01	-1.488974e+01
6.767297e+01	-1.493748e+01
6.806384e+01	-1.498452e+01
6.845698e+01	-1.503360e+01
6.885238e+01	-1.508191e+01
6.925007e+01	-1.513049e+01
6.965005e+01	-1.517875e+01
7.005235e+01	-1.522731e+01
7.045697e+01	-1.527653e+01
7.086393e+01	-1.532540e+01
7.127323e+01	-1.537277e+01
7.168490e+01	-1.542151e+01
7.209895e+01	-1.547030e+01
7.251539e+01	-1.551931e+01
7.293424e+01	-1.556846e+01
7.335551e+01	-1.561640e+01
7.377920e+01	-1.566515e+01
7.420535e+01	-1.571399e+01
7.463396e+01	-1.576147e+01
7.506504e+01	-1.581091e+01
7.549861e+01	-1.586059e+01
7.593469e+01	-1.590873e+01
7.637328e+01	-1.595816e+01
7.681441e+01	-1.600568e+01
7.725809e+01	-1.605501e+01
7.770433e+01	-1.610380e+01
7.815315e+01	-1.615326e+01
7.860456e+01	-1.620122e+01
7.905857e+01	-1.624993e+01
7.951521e+01	-1.629900e+01
7.997449e+01	-1.634768e+01
8.043642e+01	-1.639597e+01
8.090102e+01	-1.644577e+01
8.136830e+01	-1.649586e+01
8.183828e+01	-1.654495e+01
8.231097e+01	-1.659130e+01
8.278640e+01	-1.664132e+01
8.326457e+01	-1.668985e+01
8.374550e+01	-1.673888e+01
8.422921e+01	-1.678737e+01
8.471572e+01	-1.683746e+01
8.520503e+01	-1.688633e+01
8.569717e+01	-1.693630e+01
8.619215e+01	-1.698349e+01
8.669000e+01	-1.703453e+01
8.719071e+01	-1.708277e+01
8.769432e+01	-1.713165e+01
8.820084e+01	-1.718121e+01
8.871029e+01	-1.722927e+01
8.922267e+01	-1.727830e+01
8.973802e+01	-1.732761e+01
9.025634e+01	-1.737649e+01
9.077766e+01	-1.742656e+01
9.130199e+01	-1.747410e+01
9.182935e+01	-1.752377e+01
9.235975e+01	-1.757378e+01
9.289321e+01	-1.762243e+01
9.342976e+01	-1.767134e+01
9.396941e+01	-1.772135e+01
9.451217e+01	-1.777065e+01
9.505807e+01	-1.781874e+01
9.560712e+01	-1.786894e+01
9.615934e+01	-1.791798e+01
9.671476e+01	-1.796722e+01
9.727338e+01	-1.801795e+01
9.783522e+01	-1.806649e+01
9.840032e+01	-1.811433e+01
9.896867e+01	-1.816492e+01
9.954031e+01	-1.821187e+01
1.001153e+02	-1.826126e+01
1.006935e+02	-1.831079e+01
1.012751e+02	-1.836144e+01
1.018601e+02	-1.841121e+01
1.024484e+02	-1.846109e+01
1.030402e+02	-1.850839e+01
1.036353e+02	-1.855732e+01
1.042339e+02	-1.860777e+01
1.048360e+02	-1.865853e+01
1.054415e+02	-1.870580e+01
1.060505e+02	-1.875426e+01
1.066631e+02	-1.880537e+01
1.072791e+02	-1.885547e+01
1.078988e+02	-1.890398e+01
1.085220e+02	-1.895419e+01
1.091488e+02	-1.900325e+01
1.097793e+02	-1.905199e+01
1.104133e+02	-1.910199e+01
1.110511e+02	-1.915069e+01
1.116925e+02	-1.920042e+01
1.123376e+02	-1.925207e+01
1.129865e+02	-1.929783e+01
1.136391e+02	-1.934895e+01
1.142955e+02	-1.939750e+01
1.149556e+02	-1.944793e+01
1.156196e+02	-1.949696e+01
1.162874e+02	-1.954590e+01
1.169591e+02	-1.959508e+01
1.176347e+02	-1.964563e+01
1.183141e+02	-1.969478e+01
1.189975e+02	-1.974357e+01
1.196848e+02	-1.979437e+01
1.203761e+02	-1.984344e+01
1.210714e+02	-1.989447e+01
1.217707e+02	-1.994177e+01
1.224740e+02	-1.999178e+01
1.231814e+02	-2.004159e+01
1.238929e+02	-2.009127e+01
1.246085e+02	-2.014137e+01
1.253283e+02	-2.019126e+01
1.260522e+02	-2.024103e+01
1.267802e+02	-2.028962e+01
1.275125e+02	-2.033945e+01
1.282490e+02	-2.038775e+01
1.289898e+02	-2.043901e+01
1.297348e+02	-2.048770e+01
1.304842e+02	-2.053709e+01
1.312378e+02	-2.058691e+01
1.319959e+02	-2.063680e+01
1.327583e+02	-2.068698e+01
1.335251e+02	-2.073786e+01
1.342963e+02	-2.078626e+01
1.350720e+02	-2.083597e+01
1.358522e+02	-2.088441e+01
1.366368e+02	-2.093485e+01
1.374260e+02	-2.098456e+01
1.382198e+02	-2.103432e+01
1.390182e+02	-2.108265e+01
1.398211e+02	-2.113486e+01
1.406287e+02	-2.118202e+01
1.414410e+02	-2.123238e+01
1.422579e+02	-2.128289e+01
1.430796e+02	-2.133234e+01
1.439060e+02	-2.138035e+01
1.447372e+02	-2.142930e+01
1.455732e+02	-2.148057e+01
1.464141e+02	-2.153218e+01
1.472597e+02	-2.157922e+01
1.481103e+02	-2.162878e+01
1.489658e+02	-2.167927e+01
1.498262e+02	-2.172815e+01
1.506916e+02	-2.178040e+01
1.515620e+02	-2.182817e+01
1.524374e+02	-2.187816e+01
1.533179e+02	-2.192434e+01
1.542034e+02	-2.197579e+01
1.550941e+02	-2.202832e+01
1.559899e+02	-2.207875e+01
1.568909e+02	-2.212662e+01
1.577971e+02	-2.217432e+01
1.587085e+02	-2.222739e+01
1.596252e+02	-2.227543e+01
1.605472e+02	-2.232391e+01
1.614745e+02	-2.237525e+01
1.624072e+02	-2.242488e+01
1.633453e+02	-2.247583e+01
1.642887e+02	-2.252375e+01
1.652377e+02	-2.257484e+01
1.661921e+02	-2.262492e+01
1.671520e+02	-2.267183e+01
1.681175e+02	-2.272207e+01
1.690885e+02	-2.277234e+01
1.700651e+02	-2.282131e+01
1.710474e+02	-2.287280e+01
1.720354e+02	-2.292393e+01
1.730291e+02	-2.297200e+01
1.740285e+02	-2.302376e+01
1.750337e+02	-2.307363e+01
1.760446e+02	-2.312257e+01
1.770615e+02	-2.317406e+01
1.780842e+02	-2.322315e+01
1.791128e+02	-2.326936e+01
1.801473e+02	-2.332067e+01
1.811878e+02	-2.337310e+01
1.822344e+02	-2.342307e+01
1.832870e+02	-2.347389e+01
1.843456e+02	-2.352248e+01
1.854104e+02	-2.356963e+01
1.864813e+02	-2.362137e+01
1.875584e+02	-2.366912e+01
1.886418e+02	-2.372161e+01
1.897313e+02	-2.376967e+01
1.908272e+02	-2.382036e+01
1.919294e+02	-2.387073e+01
1.930380e+02	-2.392083e+01
1.941530e+02	-2.396992e+01
1.952744e+02	-2.401925e+01
1.964023e+02	-2.406870e+01
1.975367e+02	-2.411882e+01
1.986777e+02	-2.416895e+01
1.998252e+02	-2.421782e+01
2.009794e+02	-2.426929e+01
2.021403e+02	-2.431955e+01
2.033078e+02	-2.436760e+01
2.044821e+02	-2.441761e+01
2.056632e+02	-2.446697e+01
2.068511e+02	-2.451543e+01
2.080459e+02	-2.456636e+01
2.092475e+02	-2.461432e+01
2.104561e+02	-2.466439e+01
2.116717e+02	-2.471914e+01
2.128943e+02	-2.476764e+01
2.141240e+02	-2.481659e+01
2.153608e+02	-2.486528e+01
2.166047e+02	-2.491669e+01
2.178558e+02	-2.496719e+01
2.191141e+02	-2.501796e+01
2.203797e+02	-2.506639e+01
2.216526e+02	-2.511416e+01
2.229329e+02	-2.516557e+01
2.242205e+02	-2.521965e+01
2.255156e+02	-2.526829e+01
2.268182e+02	-2.531835e+01
2.281283e+02	-2.536537e+01
2.294459e+02	-2.541635e+01
2.307712e+02	-2.546600e+01
2.321041e+02	-2.551481e+01
2.334447e+02	-2.556733e+01
2.347931e+02	-2.561765e+01
2.361493e+02	-2.566877e+01
2.375133e+02	-2.571813e+01
2.388851e+02	-2.576595e+01
2.402649e+02	-2.581512e+01
2.416527e+02	-2.586445e+01
2.430484e+02	-2.591407e+01
2.444523e+02	-2.596663e+01
2.458642e+02	-2.601455e+01
2.472843e+02	-2.606551e+01
2.487126e+02	-2.611545e+01
2.501492e+02	-2.616830e+01
2.515940e+02	-2.621710e+01
2.530472e+02	-2.626520e+01
2.545088e+02	-2.631462e+01
2.559789e+02	-2.636386e+01
2.574574e+02	-2.641556e+01
2.589444e+02	-2.646483e+01
2.604401e+02	-2.651417e+01
2.619444e+02	-2.656374e+01
2.634574e+02	-2.661378e+01
2.649791e+02	-2.666440e+01
2.665096e+02	-2.671077e+01
2.680489e+02	-2.676272e+01
2.695972e+02	-2.681578e+01
2.711544e+02	-2.686468e+01
2.727205e+02	-2.691441e+01
2.742958e+02	-2.696635e+01
2.758801e+02	-2.701530e+01
2.774736e+02	-2.706610e+01
2.790762e+02	-2.711132e+01
2.806882e+02	-2.716408e+01
2.823094e+02	-2.720984e+01
2.839400e+02	-2.726465e+01
2.855800e+02	-2.731833e+01
2.872295e+02	-2.736662e+01
2.888886e+02	-2.741576e+01
2.905572e+02	-2.746602e+01
2.922354e+02	-2.751515e+01
2.939234e+02	-2.756536e+01
2.956211e+02	-2.761572e+01
2.973286e+02	-2.766158e+01
2.990459e+02	-2.771616e+01
3.007732e+02	-2.776558e+01
3.025104e+02	-2.781570e+01
3.042577e+02	-2.786233e+01
3.060151e+02	-2.791858e+01
3.077826e+02	-2.796411e+01
3.095604e+02	-2.801218e+01
3.113484e+02	-2.806590e+01
3.131467e+02	-2.811276e+01
3.149554e+02	-2.816413e+01
3.167746e+02	-2.821660e+01
3.186043e+02	-2.826369e+01
3.204445e+02	-2.831654e+01
3.222954e+02	-2.836753e+01
3.241570e+02	-2.841742e+01
3.260293e+02	-2.846740e+01
3.279124e+02	-2.851473e+01
3.298064e+02	-2.856675e+01
3.317114e+02	-2.862002e+01
3.336273e+02	-2.866451e+01
3.355544e+02	-2.871324e+01
3.374925e+02	-2.876847e+01
3.394418e+02	-2.881541e+01
3.414024e+02	-2.886220e+01
3.433744e+02	-2.891600e+01
3.453577e+02	-2.896461e+01
3.473525e+02	-2.901502e+01
3.493588e+02	-2.906548e+01
3.513766e+02	-2.911393e+01
3.534062e+02	-2.916583e+01
3.554474e+02	-2.921377e+01
3.575005e+02	-2.926640e+01
3.595654e+02	-2.931772e+01
3.616422e+02	-2.936257e+01
3.637311e+02	-2.941666e+01
3.658320e+02	-2.947127e+01
3.679450e+02	-2.951960e+01
3.700702e+02	-2.956958e+01
3.722077e+02	-2.961746e+01
3.743576e+02	-2.966961e+01
3.765199e+02	-2.971742e+01
3.786946e+02	-2.976211e+01
3.808820e+02	-2.981792e+01
3.830819e+02	-2.986649e+01
3.852946e+02	-2.991672e+01
3.875200e+02	-2.996808e+01
3.897583e+02	-3.001997e+01
3.920096e+02	-3.006794e+01
3.942738e+02	-3.012100e+01
3.965511e+02	-3.016682e+01
3.988416e+02	-3.021896e+01
4.011452e+02	-3.026412e+01
4.034622e+02	-3.031475e+01
4.057926e+02	-3.036292e+01
4.081365e+02	-3.041619e+01
4.104938e+02	-3.047425e+01
4.128648e+02	-3.051532e+01
4.152495e+02	-3.056968e+01
4.176480e+02	-3.061496e+01
4.200603e+02	-3.066907e+01
4.224866e+02	-3.071394e+01
4.249268e+02	-3.077008e+01
4.273812e+02	-3.081772e+01
4.298497e+02	-3.086925e+01
4.323325e+02	-3.091801e+01
4.348297e+02	-3.096995e+01
4.373412e+02	-3.101874e+01
4.398673e+02	-3.106986e+01
4.424079e+02	-3.111735e+01
4.449633e+02	-3.116721e+01
4.475334e+02	-3.122951e+01
4.501183e+02	-3.127196e+01
4.527182e+02	-3.131620e+01
4.553330e+02	-3.136196e+01
4.579630e+02	-3.142544e+01
4.606082e+02	-3.146872e+01
4.632687e+02	-3.151987e+01
4.659445e+02	-3.157391e+01
4.686358e+02	-3.162127e+01
4.713426e+02	-3.167240e+01
4.740650e+02	-3.172262e+01
4.768032e+02	-3.177146e+01
4.795572e+02	-3.182973e+01
4.823271e+02	-3.187107e+01
4.851130e+02	-3.192567e+01
4.879150e+02	-3.196751e+01
4.907332e+02	-3.202072e+01
4.935676e+02	-3.207042e+01
4.964185e+02	-3.212177e+01
4.992858e+02	-3.217482e+01
5.021696e+02	-3.222640e+01
5.050701e+02	-3.227265e+01
5.079874e+02	-3.231948e+01
5.109215e+02	-3.237705e+01
5.138726e+02	-3.241912e+01
5.168407e+02	-3.247410e+01
5.198259e+02	-3.253010e+01
5.228284e+02	-3.257676e+01
5.258482e+02	-3.262606e+01
5.288855e+02	-3.267937e+01
5.319403e+02	-3.272976e+01
5.350128e+02	-3.276710e+01
5.381030e+02	-3.281935e+01
5.412111e+02	-3.288363e+01
5.443371e+02	-3.292598e+01
5.474812e+02	-3.298461e+01
5.506434e+02	-3.303126e+01
5.538239e+02	-3.306639e+01
5.570228e+02	-3.313042e+01
5.602401e+02	-3.318483e+01
5.634760e+02	-3.323365e+01
5.667306e+02	-3.328474e+01
5.700040e+02	-3.332230e+01
5.732964e+02	-3.338123e+01
5.766077e+02	-3.343384e+01
5.799382e+02	-3.347800e+01
5.832879e+02	-3.353171e+01
5.866569e+02	-3.358384e+01
5.900454e+02	-3.362876e+01
5.934535e+02	-3.368364e+01
5.968813e+02	-3.373080e+01
6.003288e+02	-3.378046e+01
6.037963e+02	-3.383955e+01
6.072838e+02	-3.388753e+01
6.107914e+02	-3.393416e+01
6.143194e+02	-3.397856e+01
6.178676e+02	-3.403359e+01
6.214364e+02	-3.409025e+01
6.250258e+02	-3.413459e+01
6.286359e+02	-3.418380e+01
6.322669e+02	-3.423231e+01
6.359189e+02	-3.428242e+01
6.395919e+02	-3.434264e+01
6.432862e+02	-3.439349e+01
6.470017e+02	-3.444133e+01
6.507388e+02	-3.448043e+01
6.544974e+02	-3.452616e+01
6.582778e+02	-3.458898e+01
6.620800e+02	-3.463765e+01
6.659041e+02	-3.469167e+01
6.697504e+02	-3.473891e+01
6.736188e+02	-3.478950e+01
6.775096e+02	-3.484910e+01
6.814229e+02	-3.487397e+01
6.853587e+02	-3.494241e+01
6.893173e+02	-3.498913e+01
6.932988e+02	-3.503632e+01
6.973033e+02	-3.508987e+01
7.013309e+02	-3.514263e+01
7.053817e+02	-3.519220e+01
7.094560e+02	-3.524123e+01
7.135538e+02	-3.529325e+01
7.176752e+02	-3.533583e+01
7.218205e+02	-3.539057e+01
7.259897e+02	-3.543896e+01
7.301830e+02	-3.550066e+01
7.344005e+02	-3.555059e+01
7.386424e+02	-3.560110e+01
7.429087e+02	-3.564732e+01
7.471998e+02	-3.569695e+01
7.515155e+02	-3.574418e+01
7.558563e+02	-3.578721e+01
7.602221e+02	-3.584675e+01
7.646131e+02	-3.590025e+01
7.690295e+02	-3.594653e+01
7.734713e+02	-3.599337e+01
7.779389e+02	-3.605451e+01
7.824322e+02	-3.609230e+01
7.869515e+02	-3.615183e+01
7.914969e+02	-3.619892e+01
7.960686e+02	-3.625784e+01
8.006666e+02	-3.630682e+01
8.052912e+02	-3.635757e+01
8.099426e+02	-3.640115e+01
8.146208e+02	-3.644993e+01
8.193260e+02	-3.651794e+01
8.240584e+02	-3.655348e+01
8.288181e+02	-3.659861e+01
8.336053e+02	-3.665660e+01
8.384202e+02	-3.670478e+01
8.432629e+02	-3.675856e+01
8.481335e+02	-3.680043e+01
8.530323e+02	-3.685080e+01
8.579594e+02	-3.691067e+01
8.629149e+02	-3.695516e+01
8.678991e+02	-3.700636e+01
8.729120e+02	-3.705970e+01
8.779539e+02	-3.710453e+01
8.830250e+02	-3.714876e+01
8.881253e+02	-3.721185e+01
8.932551e+02	-3.726307e+01
8.984145e+02	-3.731591e+01
9.036037e+02	-3.735720e+01
9.088229e+02	-3.741872e+01
9.140722e+02	-3.745895e+01
9.193518e+02	-3.750767e+01
9.246620e+02	-3.755903e+01
9.300028e+02	-3.762202e+01
9.353744e+02	-3.767122e+01
9.407771e+02	-3.772274e+01
9.462110e+02	-3.777965e+01
9.516763e+02	-3.780983e+01
9.571731e+02	-3.787515e+01
9.627017e+02	-3.793198e+01
9.682622e+02	-3.798213e+01
9.738549e+02	-3.802283e+01
9.794798e+02	-3.808490e+01
9.851373e+02	-3.812438e+01
9.908274e+02	-3.818004e+01
9.965504e+02	-3.822193e+01
1.002306e+03	-3.827523e+01
1.008096e+03	-3.832779e+01
1.013918e+03	-3.838131e+01
1.019775e+03	-3.843586e+01
1.025665e+03	-3.848553e+01
1.031589e+03	-3.852566e+01
1.037548e+03	-3.856407e+01
1.043540e+03	-3.863259e+01
1.049568e+03	-3.867595e+01
1.055630e+03	-3.873164e+01
1.061727e+03	-3.879299e+01
1.067860e+03	-3.882421e+01
1.074028e+03	-3.889476e+01
1.080231e+03	-3.894648e+01
1.086471e+03	-3.900169e+01
1.092746e+03	-3.903577e+01
1.099058e+03	-3.910402e+01
1.105406e+03	-3.913892e+01
1.111791e+03	-3.917831e+01
1.118212e+03	-3.924050e+01
1.124671e+03	-3.928698e+01
1.131167e+03	-3.935429e+01
1.137701e+03	-3.939249e+01
1.144272e+03	-3.944752e+01
1.150881e+03	-3.948992e+01
1.157529e+03	-3.957032e+01
1.164215e+03	-3.961006e+01
1.170939e+03	-3.964337e+01
1.177702e+03	-3.969611e+01
1.184505e+03	-3.976851e+01
1.191346e+03	-3.980416e+01
1.198227e+03	-3.985183e+01
1.205148e+03	-3.991438e+01
1.212109e+03	-3.995350e+01
1.219110e+03	-4.000854e+01
1.226152e+03	-4.005975e+01
1.233234e+03	-4.011240e+01
1.240357e+03	-4.016875e+01
1.247521e+03	-4.020159e+01
1.254727e+03	-4.028386e+01
1.261974e+03	-4.031140e+01
1.269263e+03	-4.036038e+01
1.276595e+03	-4.041113e+01
1.283968e+03	-4.047277e+01
1.291384e+03	-4.050719e+01
1.298843e+03	-4.057511e+01
1.306345e+03	-4.062835e+01
1.313891e+03	-4.066810e+01
1.321480e+03	-4.073447e+01
1.329113e+03	-4.078846e+01
1.336790e+03	-4.083202e+01
1.344511e+03	-4.089035e+01
1.352277e+03	-4.092538e+01
1.360087e+03	-4.096701e+01
1.367943e+03	-4.102821e+01
1.375844e+03	-4.108452e+01
1.383791e+03	-4.114449e+01
1.391784e+03	-4.118815e+01
1.399823e+03	-4.123814e+01
1.407908e+03	-4.130049e+01
1.416040e+03	-4.135144e+01
1.424219e+03	-4.139269e+01
1.432445e+03	-4.145179e+01
1.440719e+03	-4.148962e+01
1.449041e+03	-4.155667e+01
1.457410e+03	-4.160545e+01
1.465828e+03	-4.166664e+01
1.474295e+03	-4.171428e+01
1.482810e+03	-4.175468e+01
1.491375e+03	-4.180182e+01
1.499989e+03	-4.184931e+01
1.508653e+03	-4.192508e+01
1.517367e+03	-4.197112e+01
1.526131e+03	-4.200551e+01
1.534946e+03	-4.207859e+01
1.543812e+03	-4.213374e+01
1.552729e+03	-4.217165e+01
1.561697e+03	-4.223415e+01
1.570717e+03	-4.227009e+01
1.579790e+03	-4.233794e+01
1.588915e+03	-4.238020e+01
1.598092e+03	-4.244176e+01
1.607323e+03	-4.248277e+01
1.616606e+03	-4.255240e+01
1.625944e+03	-4.258790e+01
1.635335e+03	-4.264392e+01
1.644781e+03	-4.270811e+01
1.654281e+03	-4.274192e+01
1.663836e+03	-4.281293e+01
1.673446e+03	-4.283843e+01
1.683112e+03	-4.289244e+01
1.692834e+03	-4.296274e+01
1.702611e+03	-4.303617e+01
1.712446e+03	-4.306967e+01
1.722337e+03	-4.312961e+01
1.732285e+03	-4.316826e+01
1.742290e+03	-4.323317e+01
1.752354e+03	-4.325565e+01
1.762475e+03	-4.334084e+01
1.772655e+03	-4.338164e+01
1.782894e+03	-4.344408e+01
1.793192e+03	-4.348557e+01
1.803549e+03	-4.353935e+01
1.813967e+03	-4.358428e+01
1.824444e+03	-4.364298e+01
1.834982e+03	-4.368888e+01
1.845581e+03	-4.374985e+01
1.856241e+03	-4.378199e+01
1.866962e+03	-4.384451e+01
1.877746e+03	-4.391352e+01
1.888592e+03	-4.395393e+01
1.899500e+03	-4.401972e+01
1.910472e+03	-4.406160e+01
1.921506e+03	-4.409850e+01
1.932605e+03	-4.417722e+01
1.943768e+03	-4.422316e+01
1.954995e+03	-4.427304e+01
1.966287e+03	-4.431814e+01
1.977644e+03	-4.438174e+01
1.989067e+03	-4.443483e+01
2.000555e+03	-4.450607e+01
2.012110e+03	-4.456816e+01
2.023732e+03	-4.460030e+01
2.035421e+03	-4.463958e+01
2.047178e+03	-4.470566e+01
2.059002e+03	-4.477804e+01
2.070895e+03	-4.479158e+01
2.082856e+03	-4.482687e+01
2.094887e+03	-4.493754e+01
2.106987e+03	-4.497022e+01
2.119157e+03	-4.501639e+01
2.131397e+03	-4.507738e+01
2.143708e+03	-4.513363e+01
2.156090e+03	-4.518626e+01
2.168543e+03	-4.521799e+01
2.181069e+03	-4.526575e+01
2.193666e+03	-4.534108e+01
2.206337e+03	-4.540380e+01
2.219081e+03	-4.547121e+01
2.231898e+03	-4.550042e+01
2.244789e+03	-4.556416e+01
2.257755e+03	-4.562881e+01
2.270796e+03	-4.565375e+01
2.283912e+03	-4.572263e+01
2.297104e+03	-4.578954e+01
2.310372e+03	-4.581650e+01
2.323716e+03	-4.587187e+01
2.337138e+03	-4.592741e+01
2.350637e+03	-4.599383e+01
2.364214e+03	-4.606773e+01
2.377870e+03	-4.610753e+01
2.391604e+03	-4.618869e+01
2.405418e+03	-4.620934e+01
2.419312e+03	-4.628878e+01
2.433286e+03	-4.630215e+01
2.447340e+03	-4.634757e+01
2.461476e+03	-4.645817e+01
2.475693e+03	-4.646178e+01
2.489993e+03	-4.653262e+01
2.504375e+03	-4.656937e+01
2.518840e+03	-4.663371e+01
2.533389e+03	-4.669951e+01
2.548022e+03	-4.675685e+01
2.562739e+03	-4.683191e+01
2.577541e+03	-4.680658e+01
2.592429e+03	-4.694717e+01
2.607403e+03	-4.697162e+01
2.622463e+03	-4.706406e+01
2.637610e+03	-4.709137e+01
2.652845e+03	-4.716808e+01
2.668168e+03	-4.716651e+01
2.683579e+03	-4.724095e+01
2.699079e+03	-4.731652e+01
2.714669e+03	-4.738115e+01
2.730349e+03	-4.745090e+01
2.746119e+03	-4.747519e+01
2.761981e+03	-4.751401e+01
2.777934e+03	-4.757291e+01
2.793979e+03	-4.760460e+01
2.810117e+03	-4.771555e+01
2.826348e+03	-4.776327e+01
2.842673e+03	-4.785379e+01
2.859092e+03	-4.786411e+01
2.875606e+03	-4.795846e+01
2.892215e+03	-4.797504e+01
2.908921e+03	-4.804225e+01
2.925722e+03	-4.809680e+01
2.942621e+03	-4.820113e+01
2.959618e+03	-4.822963e+01
2.976712e+03	-4.831206e+01
2.993906e+03	-4.835005e+01
3.011198e+03	-4.840319e+01
3.028591e+03	-4.847065e+01
3.046084e+03	-4.852401e+01
3.063678e+03	-4.859481e+01
3.081374e+03	-4.865693e+01
3.099172e+03	-4.868526e+01
3.117072e+03	-4.878026e+01
3.135076e+03	-4.879525e+01
3.153184e+03	-4.881172e+01
3.171397e+03	-4.889123e+01
3.189715e+03	-4.898683e+01
3.208139e+03	-4.905970e+01
3.226669e+03	-4.911238e+01
3.245306e+03	-4.912290e+01
3.264051e+03	-4.916921e+01
3.282904e+03	-4.925405e+01
3.301866e+03	-4.930927e+01
3.320937e+03	-4.939442e+01
3.340119e+03	-4.945997e+01
3.359411e+03	-4.950497e+01
3.378815e+03	-4.957359e+01
3.398331e+03	-4.966956e+01
3.417959e+03	-4.969017e+01
3.437701e+03	-4.976252e+01
3.457557e+03	-4.977682e+01
3.477528e+03	-4.989165e+01
3.497614e+03	-4.994480e+01
3.517816e+03	-4.997196e+01
3.538135e+03	-5.004221e+01
3.558571e+03	-5.010306e+01
3.579125e+03	-5.015468e+01
3.599798e+03	-5.023938e+01
3.620590e+03	-5.034306e+01
3.641503e+03	-5.034912e+01
3.662536e+03	-5.044438e+01
3.683691e+03	-5.051650e+01
3.704967e+03	-5.053732e+01
3.726367e+03	-5.059158e+01
3.747890e+03	-5.065071e+01
3.769538e+03	-5.076802e+01
3.791311e+03	-5.076275e+01
3.813209e+03	-5.088189e+01
3.835234e+03	-5.092749e+01
3.857386e+03	-5.096827e+01
3.879667e+03	-5.100579e+01
3.902075e+03	-5.113453e+01
3.924614e+03	-5.117638e+01
3.947282e+03	-5.123468e+01
3.970081e+03	-5.124183e+01
3.993012e+03	-5.133279e+01
4.016076e+03	-5.147858e+01
4.039272e+03	-5.146273e+01
4.062603e+03	-5.153995e+01
4.086069e+03	-5.152989e+01
4.109670e+03	-5.165747e+01
4.133407e+03	-5.171634e+01
4.157281e+03	-5.173361e+01
4.181294e+03	-5.189652e+01
4.205445e+03	-5.196901e+01
4.229735e+03	-5.201796e+01
4.254166e+03	-5.207935e+01
4.278738e+03	-5.216480e+01
4.303451e+03	-5.216698e+01
4.328308e+03	-5.233839e+01
4.353308e+03	-5.234282e+01
4.378453e+03	-5.233662e+01
4.403742e+03	-5.247485e+01
4.429178e+03	-5.256008e+01
4.454761e+03	-5.262460e+01
4.480492e+03	-5.269648e+01
4.506371e+03	-5.274947e+01
4.532399e+03	-5.282879e+01
4.558578e+03	-5.283895e+01
4.584908e+03	-5.292087e+01
4.611391e+03	-5.310046e+01
4.638026e+03	-5.304698e+01
4.664815e+03	-5.322698e+01
4.691759e+03	-5.318434e+01
4.718858e+03	-5.328186e+01
4.746114e+03	-5.342844e+01
4.773527e+03	-5.343467e+01
4.801099e+03	-5.362809e+01
4.828830e+03	-5.351251e+01
4.856721e+03	-5.368976e+01
4.884773e+03	-5.375225e+01
4.912988e+03	-5.384034e+01
4.941365e+03	-5.393204e+01
4.969906e+03	-5.390902e+01
4.998612e+03	-5.400296e+01
5.027484e+03	-5.409839e+01
5.056522e+03	-5.418264e+01
5.085729e+03	-5.429783e+01
5.115104e+03	-5.427284e+01
5.144648e+03	-5.439329e+01
5.174363e+03	-5.454597e+01
5.204250e+03	-5.458166e+01
5.234310e+03	-5.465849e+01
5.264543e+03	-5.464789e+01
5.294951e+03	-5.476352e+01
5.325534e+03	-5.484420e+01
5.356294e+03	-5.496680e+01
5.387232e+03	-5.495488e+01
5.418348e+03	-5.513814e+01
5.449645e+03	-5.517354e+01
5.481122e+03	-5.527824e+01
5.512780e+03	-5.527076e+01
5.544622e+03	-5.535186e+01
5.576647e+03	-5.545110e+01
5.608858e+03	-5.557115e+01
5.641254e+03	-5.563239e+01
5.673838e+03	-5.574118e+01
5.706610e+03	-5.580579e+01
5.739571e+03	-5.595995e+01
5.772723e+03	-5.595024e+01
5.806066e+03	-5.606013e+01
5.839601e+03	-5.608511e+01
5.873331e+03	-5.629367e+01
5.907255e+03	-5.630793e+01
5.941375e+03	-5.641938e+01
5.975692e+03	-5.651346e+01
6.010207e+03	-5.666973e+01
6.044922e+03	-5.658268e+01
6.079837e+03	-5.684648e+01
6.114954e+03	-5.691785e+01
6.150274e+03	-5.684284e+01
6.185797e+03	-5.700011e+01
6.221526e+03	-5.710390e+01
6.257462e+03	-5.720856e+01
6.293605e+03	-5.737995e+01
6.329956e+03	-5.740020e+01
6.366518e+03	-5.756200e+01
6.403290e+03	-5.757140e+01
6.440276e+03	-5.771817e+01
6.477474e+03	-5.782754e+01
6.514888e+03	-5.796050e+01
6.552518e+03	-5.790144e+01
6.590365e+03	-5.804125e+01
6.628430e+03	-5.817220e+01
6.666716e+03	-5.825916e+01
6.705223e+03	-5.836130e+01
6.743952e+03	-5.846828e+01
6.782905e+03	-5.859319e+01
6.822082e+03	-5.867073e+01
6.861486e+03	-5.872472e+01
6.901118e+03	-5.891670e+01
6.940979e+03	-5.896367e+01
6.981069e+03	-5.903955e+01
7.021392e+03	-5.917967e+01
7.061947e+03	-5.932101e+01
7.102737e+03	-5.934049e+01
7.143762e+03	-5.945520e+01
7.185024e+03	-5.953276e+01
7.226524e+03	-5.966084e+01
7.268264e+03	-5.974608e+01
7.310246e+03	-5.981511e+01
7.352469e+03	-6.004268e+01
7.394937e+03	-6.015828e+01
7.437650e+03	-6.023629e+01
7.480609e+03	-6.030105e+01
7.523817e+03	-6.028877e+01
7.567274e+03	-6.060870e+01
7.610982e+03	-6.070894e+01
7.654943e+03	-6.106852e+01
7.699158e+03	-6.090224e+01
7.743628e+03	-6.091379e+01
7.788355e+03	-6.121322e+01
7.833340e+03	-6.111724e+01
7.878585e+03	-6.144745e+01
7.924091e+03	-6.152848e+01
7.969861e+03	-6.157822e+01
8.015894e+03	-6.162856e+01
8.062194e+03	-6.182691e+01
8.108761e+03	-6.187720e+01
8.155596e+03	-6.214621e+01
8.202703e+03	-6.231937e+01
8.250081e+03	-6.216480e+01
8.297733e+03	-6.234984e+01
8.345661e+03	-6.241552e+01
8.393865e+03	-6.256980e+01
8.442348e+03	-6.268433e+01
8.491110e+03	-6.285381e+01
8.540155e+03	-6.302622e+01
8.589482e+03	-6.303253e+01
8.639095e+03	-6.311869e+01
8.688994e+03	-6.314681e+01
8.739181e+03	-6.315063e+01
8.789658e+03	-6.303979e+01
8.840427e+03	-6.325337e+01
8.891489e+03	-6.305024e+01
8.942846e+03	-6.327121e+01
8.994499e+03	-6.325396e+01
9.046451e+03	-6.273865e+01
9.098703e+03	-6.281526e+01
9.151257e+03	-6.277463e+01
9.204114e+03	-6.240210e+01
9.257277e+03	-6.205528e+01
9.310746e+03	-6.155590e+01
9.364525e+03	-6.104970e+01
9.418614e+03	-6.072661e+01
9.473015e+03	-6.036460e+01
9.527731e+03	-6.102193e+01
9.582763e+03	-6.230418e+01
9.638113e+03	-6.454501e+01
9.693782e+03	-6.731582e+01
9.749773e+03	-7.059759e+01
9.806087e+03	-7.377544e+01
9.862727e+03	-7.717931e+01
9.919693e+03	-8.183118e+01
9.976989e+03	-8.468553e+01
1.003462e+04	-9.008290e+01
1.009258e+04	-9.759881e+01
1.015087e+04	-1.011908e+02
1.020950e+04	-1.003257e+02
1.026847e+04	-9.402731e+01
1.032778e+04	-9.786143e+01
1.038743e+04	-9.725866e+01
1.044743e+04	-9.393939e+01
1.050777e+04	-9.243381e+01
1.056847e+04	-8.784133e+01
1.062951e+04	-8.881639e+01
1.069091e+04	-9.110216e+01
1.075266e+04	-8.770800e+01
1.081476e+04	-8.822780e+01
1.087723e+04	-8.378722e+01
1.094006e+04	-8.284317e+01
1.100324e+04	-8.433549e+01
1.106680e+04	-8.198085e+01
1.113072e+04	-7.996863e+01
1.119501e+04	-7.963932e+01
1.125967e+04	-7.807823e+01
1.132471e+04	-7.749477e+01
1.139012e+04	-7.756897e+01
1.145591e+04	-7.720222e+01
1.152208e+04	-7.529953e+01
1.158863e+04	-7.464716e+01
1.165556e+04	-7.547084e+01
1.172289e+04	-7.407312e+01
1.179060e+04	-7.360199e+01
1.185870e+04	-7.365204e+01
1.192719e+04	-7.331098e+01
1.199608e+04	-7.291498e+01
1.206537e+04	-7.242242e+01
1.213506e+04	-7.213813e+01
1.220515e+04	-7.124321e+01
1.227565e+04	-7.089040e+01
1.234655e+04	-7.070450e+01
1.241787e+04	-7.056457e+01
1.248959e+04	-7.030967e+01
1.256173e+04	-6.985548e+01
1.263429e+04	-6.939482e+01
1.270726e+04	-6.946686e+01
1.278066e+04	-6.873022e+01
1.285448e+04	-6.881590e+01
1.292873e+04	-6.794634e+01
1.300340e+04	-6.832861e+01
1.307851e+04	-6.810061e+01
1.315405e+04	-6.785192e+01
1.323003e+04	-6.735716e+01
1.330644e+04	-6.720768e+01
1.338330e+04	-6.686340e+01
1.346060e+04	-6.637324e+01
1.353835e+04	-6.637789e+01
1.361655e+04	-6.632701e+01
1.369520e+04	-6.606930e+01
1.377430e+04	-6.576235e+01
1.385386e+04	-6.559772e+01
1.393388e+04	-6.527511e+01
1.401436e+04	-6.507925e+01
1.409531e+04	-6.477143e+01
1.417672e+04	-6.474227e+01
1.425861e+04	-6.470662e+01
1.434096e+04	-6.418879e+01
1.442379e+04	-6.429662e+01
1.450711e+04	-6.429753e+01
1.459090e+04	-6.381988e+01
1.467518e+04	-6.390423e+01
1.475994e+04	-6.357387e+01
1.484519e+04	-6.351470e+01
1.493094e+04	-6.334175e+01
1.501718e+04	-6.282959e+01
1.510392e+04	-6.291538e+01
1.519116e+04	-6.256982e+01
1.527890e+04	-6.261253e+01
1.536715e+04	-6.257040e+01
1.545591e+04	-6.229451e+01
1.554518e+04	-6.225531e+01
1.563497e+04	-6.213837e+01
1.572528e+04	-6.160023e+01
1.581611e+04	-6.179701e+01
1.590746e+04	-6.165071e+01
1.599934e+04	-6.155556e+01
1.609175e+04	-6.121834e+01
1.618470e+04	-6.114159e+01
1.627818e+04	-6.087184e+01
1.637220e+04	-6.086197e+01
1.646677e+04	-6.085144e+01
1.656188e+04	-6.057547e+01
1.665754e+04	-6.052656e+01
1.675375e+04	-6.018209e+01
1.685052e+04	-6.016897e+01
1.694785e+04	-6.011987e+01
1.704574e+04	-5.995705e+01
1.714419e+04	-5.998048e+01
1.724322e+04	-5.973158e+01
1.734281e+04	-5.954793e+01
1.744299e+04	-5.957038e+01
1.754374e+04	-5.946517e+01
1.764507e+04	-5.932982e+01
1.774698e+04	-5.914208e+01
1.784949e+04	-5.898381e+01
1.795259e+04	-5.902836e+01
1.805628e+04	-5.880623e+01
1.816057e+04	-5.888747e+01
1.826547e+04	-5.867351e+01
1.837097e+04	-5.855922e+01
1.847708e+04	-5.853207e+01
1.858380e+04	-5.841729e+01
1.869114e+04	-5.824917e+01
1.879910e+04	-5.810614e+01
1.890768e+04	-5.808210e+01
1.901689e+04	-5.801134e+01
1.912673e+04	-5.796059e+01
1.923721e+04	-5.774208e+01
1.934832e+04	-5.772366e+01
1.946008e+04	-5.758429e+01
1.957248e+04	-5.733374e+01
1.968553e+04	-5.729154e+01
1.979923e+04	-5.725428e+01
1.991359e+04	-5.721151e+01
2.002861e+04	-5.712556e+01
2.014430e+04	-5.696288e+01
2.026065e+04	-5.689829e+01
2.037767e+04	-5.672257e+01
2.049537e+04	-5.665863e+01
2.061375e+04	-5.667306e+01
2.073282e+04	-5.657481e+01
2.085257e+04	-5.656837e+01
2.097301e+04	-5.633712e+01
2.109415e+04	-5.630428e+01
2.121599e+04	-5.620662e+01
2.133853e+04	-5.612905e+01
2.146178e+04	-5.602111e+01
2.158575e+04	-5.587590e+01
2.171043e+04	-5.590794e+01
2.183582e+04	-5.584313e+01
2.196195e+04	-5.574458e+01
2.208880e+04	-5.562717e+01
2.221638e+04	-5.562209e+01
2.234470e+04	-5.539791e+01
2.247377e+04	-5.534066e+01
2.260357e+04	-5.530729e+01
2.273413e+04	-5.524523e+01
2.286544e+04	-5.516241e+01
2.299751e+04	-5.515727e+01
2.313034e+04	-5.494893e+01
2.326394e+04	-5.487438e+01
2.339832e+04	-5.481769e+01
2.353346e+04	-5.467350e+01
2.366939e+04	-5.471017e+01
2.380610e+04	-5.467680e+01
2.394361e+04	-5.453539e+01
2.408191e+04	-5.442164e+01
2.422100e+04	-5.428710e+01
2.436090e+04	-5.432492e+01
2.450161e+04	-5.430894e+01
2.464313e+04	-5.408777e+01
2.478547e+04	-5.409006e+01
2.492863e+04	-5.401944e+01
2.507261e+04	-5.386685e+01
2.521743e+04	-5.383096e+01
2.536309e+04	-5.382506e+01
2.550958e+04	-5.370468e+01
2.565692e+04	-5.360215e+01
2.580512e+04	-5.352623e+01
2.595417e+04	-5.344626e+01
2.610408e+04	-5.342728e+01
2.625485e+04	-5.331257e+01
2.640650e+04	-5.324572e+01
2.655902e+04	-5.321542e+01
2.671243e+04	-5.310470e+01
2.686672e+04	-5.304507e+01
2.702190e+04	-5.291005e+01
2.717798e+04	-5.293154e+01
2.733495e+04	-5.280895e+01
2.749284e+04	-5.277349e+01
2.765164e+04	-5.270257e+01
2.781135e+04	-5.255520e+01
2.797199e+04	-5.253346e+01
2.813355e+04	-5.255617e+01
2.829605e+04	-5.234845e+01
2.845949e+04	-5.231590e+01
2.862387e+04	-5.230668e+01
2.878920e+04	-5.222135e+01
2.895549e+04	-5.215839e+01
2.912273e+04	-5.210149e+01
2.929094e+04	-5.207931e+01
2.946013e+04	-5.200639e+01
2.963029e+04	-5.186078e+01
2.980143e+04	-5.183158e+01
2.997356e+04	-5.171475e+01
3.014669e+04	-5.165955e+01
3.032081e+04	-5.162393e+01
3.049595e+04	-5.156288e+01
3.067209e+04	-5.151775e+01
3.084925e+04	-5.144757e+01
3.102743e+04	-5.140912e+01
3.120665e+04	-5.127174e+01
3.138690e+04	-5.123911e+01
3.156819e+04	-5.114900e+01
3.175052e+04	-5.112832e+01
3.193391e+04	-5.102870e+01
3.211836e+04	-5.092355e+01
3.230388e+04	-5.095941e+01
3.249046e+04	-5.082232e+01
3.267812e+04	-5.077008e+01
3.286687e+04	-5.069727e+01
3.305671e+04	-5.070722e+01
3.324764e+04	-5.057206e+01
3.343968e+04	-5.048688e+01
3.363283e+04	-5.053187e+01
3.382709e+04	-5.046266e+01
3.402247e+04	-5.038979e+01
3.421899e+04	-5.027783e+01
3.441663e+04	-5.026114e+01
3.461542e+04	-5.016754e+01
3.481536e+04	-5.013053e+01
3.501645e+04	-5.010755e+01
3.521871e+04	-4.999279e+01
3.542213e+04	-4.997206e+01
3.562672e+04	-4.990925e+01
3.583250e+04	-4.979293e+01
3.603947e+04	-4.975143e+01
3.624763e+04	-4.974167e+01
3.645700e+04	-4.963513e+01
3.666757e+04	-4.954470e+01
3.687936e+04	-4.948628e+01
3.709238e+04	-4.948347e+01
3.730662e+04	-4.942294e+01
3.752210e+04	-4.934762e+01
3.773883e+04	-4.926538e+01
3.795680e+04	-4.922906e+01
3.817604e+04	-4.914555e+01
3.839654e+04	-4.910494e+01
3.861832e+04	-4.907522e+01
3.884138e+04	-4.897154e+01
3.906573e+04	-4.893493e+01
3.929137e+04	-4.886470e+01
3.951831e+04	-4.874624e+01
3.974657e+04	-4.870852e+01
3.997614e+04	-4.866749e+01
4.020704e+04	-4.865238e+01
4.043928e+04	-4.854739e+01
4.067285e+04	-4.855327e+01
4.090778e+04	-4.848249e+01
4.114406e+04	-4.838070e+01
4.138171e+04	-4.836003e+01
4.162073e+04	-4.829460e+01
4.186113e+04	-4.823650e+01
4.210291e+04	-4.813335e+01
4.234610e+04	-4.810614e+01
4.259069e+04	-4.804659e+01
4.283669e+04	-4.794056e+01
4.308411e+04	-4.790944e+01
4.333297e+04	-4.790189e+01
4.358325e+04	-4.779430e+01
4.383499e+04	-4.777543e+01
4.408818e+04	-4.771348e+01
4.434283e+04	-4.765088e+01
4.459895e+04	-4.760605e+01
4.485655e+04	-4.752191e+01
4.511564e+04	-4.746983e+01
4.537623e+04	-4.745843e+01
4.563832e+04	-4.736216e+01
4.590193e+04	-4.730148e+01
4.616705e+04	-4.726172e+01
4.643371e+04	-4.717161e+01
4.670191e+04	-4.714729e+01
4.697166e+04	-4.709347e+01
4.724297e+04	-4.699998e+01
4.751584e+04	-4.701114e+01
4.779029e+04	-4.695927e+01
4.806633e+04	-4.684486e+01
4.834395e+04	-4.681437e+01
4.862319e+04	-4.678248e+01
4.890403e+04	-4.671002e+01
4.918650e+04	-4.665351e+01
4.947060e+04	-4.658752e+01
4.975634e+04	-4.655836e+01
5.004373e+04	-4.650433e+01
5.033278e+04	-4.645154e+01
5.062350e+04	-4.636103e+01
5.091590e+04	-4.633007e+01
5.120999e+04	-4.626556e+01
5.150578e+04	-4.622092e+01
5.180327e+04	-4.616202e+01
5.210248e+04	-4.610407e+01
5.240343e+04	-4.607068e+01
5.270611e+04	-4.597886e+01
5.301053e+04	-4.591952e+01
5.331672e+04	-4.588007e+01
5.362468e+04	-4.581928e+01
5.393441e+04	-4.574672e+01
5.424593e+04	-4.574360e+01
5.455926e+04	-4.566739e+01
5.487439e+04	-4.562950e+01
5.519134e+04	-4.551954e+01
5.551012e+04	-4.551419e+01
5.583075e+04	-4.544932e+01
5.615322e+04	-4.540605e+01
5.647756e+04	-4.533803e+01
5.680377e+04	-4.530175e+01
5.713187e+04	-4.521556e+01
5.746186e+04	-4.518679e+01
5.779376e+04	-4.513275e+01
5.812757e+04	-4.511126e+01
5.846332e+04	-4.498764e+01
5.880100e+04	-4.495636e+01
5.914063e+04	-4.489287e+01
5.948222e+04	-4.482683e+01
5.982579e+04	-4.481670e+01
6.017134e+04	-4.473513e+01
6.051889e+04	-4.469660e+01
6.086844e+04	-4.463896e+01
6.122002e+04	-4.458389e+01
6.157362e+04	-4.455200e+01
6.192927e+04	-4.450599e+01
6.228697e+04	-4.441866e+01
6.264674e+04	-4.437803e+01
6.300858e+04	-4.430870e+01
6.337252e+04	-4.426223e+01
6.373855e+04	-4.422586e+01
6.410670e+04	-4.416140e+01
6.447698e+04	-4.411637e+01
6.484940e+04	-4.405980e+01
6.522397e+04	-4.400804e+01
6.560070e+04	-4.392324e+01
6.597960e+04	-4.387483e+01
6.636070e+04	-4.386065e+01
6.674400e+04	-4.380506e+01
6.712951e+04	-4.372539e+01
6.751724e+04	-4.369973e+01
6.790722e+04	-4.363498e+01
6.829945e+04	-4.359602e+01
6.869395e+04	-4.353685e+01
6.909072e+04	-4.345691e+01
6.948978e+04	-4.341544e+01
6.989115e+04	-4.337462e+01
7.029484e+04	-4.330646e+01
7.070086e+04	-4.325985e+01
7.110923e+04	-4.323309e+01
7.151995e+04	-4.316344e+01
7.193305e+04	-4.311520e+01
7.234853e+04	-4.306670e+01
7.276641e+04	-4.298952e+01
7.318671e+04	-4.296130e+01
7.360943e+04	-4.290811e+01
7.403460e+04	-4.283224e+01
7.446222e+04	-4.280059e+01
7.489231e+04	-4.274365e+01
7.532488e+04	-4.268950e+01
7.575996e+04	-4.263513e+01
7.619754e+04	-4.258564e+01
7.663766e+04	-4.251135e+01
7.708031e+04	-4.250195e+01
7.752553e+04	-4.244496e+01
7.797331e+04	-4.236731e+01
7.842368e+04	-4.233117e+01
7.887665e+04	-4.227164e+01
7.933224e+04	-4.222815e+01
7.979046e+04	-4.216444e+01
8.025133e+04	-4.213044e+01
8.071486e+04	-4.208879e+01
8.118106e+04	-4.202579e+01
8.164996e+04	-4.199005e+01
8.212157e+04	-4.192538e+01
8.259590e+04	-4.187001e+01
8.307297e+04	-4.180085e+01
8.355279e+04	-4.177413e+01
8.403539e+04	-4.171663e+01
8.452078e+04	-4.164747e+01
8.500897e+04	-4.160527e+01
8.549997e+04	-4.155182e+01
8.599382e+04	-4.149566e+01
8.649052e+04	-4.143826e+01
8.699008e+04	-4.140877e+01
8.749253e+04	-4.135067e+01
8.799789e+04	-4.128292e+01
8.850616e+04	-4.123706e+01
8.901737e+04	-4.118424e+01
8.953153e+04	-4.113877e+01
9.004866e+04	-4.107299e+01
9.056877e+04	-4.100939e+01
9.109190e+04	-4.098577e+01
9.161804e+04	-4.092753e+01
9.214722e+04	-4.086947e+01
9.267946e+04	-4.082144e+01
9.321477e+04	-4.077499e+01
9.375318e+04	-4.072816e+01
9.429469e+04	-4.067027e+01
9.483933e+04	-4.062847e+01
9.538712e+04	-4.056119e+01
9.593807e+04	-4.052024e+01
9.649221e+04	-4.046000e+01
9.704954e+04	-4.042489e+01
9.761010e+04	-4.037122e+01
9.817389e+04	-4.031169e+01
9.874094e+04	-4.026549e+01
9.931126e+04	-4.020610e+01
9.988488e+04	-4.016070e+01
1.004618e+05	-4.010397e+01
1.010421e+05	-4.005643e+01
1.016257e+05	-4.002747e+01
1.022127e+05	-3.996215e+01
1.028031e+05	-3.990782e+01
1.033968e+05	-3.986050e+01
1.039941e+05	-3.981214e+01
1.045947e+05	-3.973756e+01
1.051989e+05	-3.969947e+01
1.058065e+05	-3.965447e+01
1.064176e+05	-3.959194e+01
1.070323e+05	-3.954713e+01
1.076505e+05	-3.950459e+01
1.082723e+05	-3.945109e+01
1.088977e+05	-3.939551e+01
1.095266e+05	-3.933901e+01
1.101593e+05	-3.929803e+01
1.107955e+05	-3.924323e+01
1.114355e+05	-3.920886e+01
1.120791e+05	-3.915047e+01
1.127265e+05	-3.907597e+01
1.133776e+05	-3.903516e+01
1.140325e+05	-3.898039e+01
1.146911e+05	-3.893863e+01
1.153536e+05	-3.888841e+01
1.160198e+05	-3.883037e+01
1.166900e+05	-3.878716e+01
1.173640e+05	-3.874115e+01
1.180419e+05	-3.868216e+01
1.187237e+05	-3.864064e+01
1.194094e+05	-3.858622e+01
1.200991e+05	-3.852807e+01
1.207928e+05	-3.847523e+01
1.214905e+05	-3.842096e+01
1.221922e+05	-3.837432e+01
1.228980e+05	-3.832217e+01
1.236078e+05	-3.826567e+01
1.243218e+05	-3.822957e+01
1.250399e+05	-3.815821e+01
1.257621e+05	-3.812140e+01
1.264885e+05	-3.808328e+01
1.272191e+05	-3.800674e+01
1.279539e+05	-3.797434e+01
1.286930e+05	-3.791812e+01
1.294363e+05	-3.787748e+01
1.301839e+05	-3.783744e+01
1.309358e+05	-3.777018e+01
1.316921e+05	-3.772498e+01
1.324528e+05	-3.766507e+01
1.332178e+05	-3.763345e+01
1.339873e+05	-3.757276e+01
1.347612e+05	-3.750994e+01
1.355395e+05	-3.746610e+01
1.363224e+05	-3.741507e+01
1.371098e+05	-3.736807e+01
1.379018e+05	-3.730988e+01
1.386983e+05	-3.727118e+01
1.394994e+05	-3.722095e+01
1.403051e+05	-3.717083e+01
1.411155e+05	-3.710547e+01
1.419306e+05	-3.706717e+01
1.427504e+05	-3.702310e+01
1.435749e+05	-3.696587e+01
1.444042e+05	-3.690114e+01
1.452383e+05	-3.685041e+01
1.460772e+05	-3.680689e+01
1.469209e+05	-3.675619e+01
1.477695e+05	-3.671035e+01
1.486230e+05	-3.666264e+01
1.494814e+05	-3.659573e+01
1.503448e+05	-3.654931e+01
1.512132e+05	-3.650478e+01
1.520866e+05	-3.645433e+01
1.529651e+05	-3.640184e+01
1.538486e+05	-3.636005e+01
1.547372e+05	-3.630515e+01
1.556310e+05	-3.626415e+01
1.565299e+05	-3.620453e+01
1.574340e+05	-3.615035e+01
1.583433e+05	-3.609395e+01
1.592579e+05	-3.605719e+01
1.601778e+05	-3.599826e+01
1.611030e+05	-3.594744e+01
1.620335e+05	-3.588961e+01
1.629694e+05	-3.584567e+01
1.639107e+05	-3.579685e+01
1.648574e+05	-3.574682e+01
1.658097e+05	-3.569759e+01
1.667674e+05	-3.565924e+01
1.677306e+05	-3.559446e+01
1.686994e+05	-3.554802e+01
1.696738e+05	-3.549367e+01
1.706538e+05	-3.544122e+01
1.716395e+05	-3.539672e+01
1.726309e+05	-3.535068e+01
1.736280e+05	-3.529415e+01
1.746309e+05	-3.524976e+01
1.756395e+05	-3.519394e+01
1.766540e+05	-3.514204e+01
1.776744e+05	-3.509361e+01
1.787006e+05	-3.503936e+01
1.797328e+05	-3.499177e+01
1.807709e+05	-3.494563e+01
1.818150e+05	-3.488923e+01
1.828652e+05	-3.483604e+01
1.839214e+05	-3.478775e+01
1.849837e+05	-3.473587e+01
1.860522e+05	-3.469003e+01
1.871268e+05	-3.464066e+01
1.882077e+05	-3.458538e+01
1.892948e+05	-3.454062e+01
1.903881e+05	-3.448478e+01
1.914878e+05	-3.443587e+01
1.925938e+05	-3.438656e+01
1.937062e+05	-3.433820e+01
1.948251e+05	-3.429414e+01
1.959504e+05	-3.424259e+01
1.970822e+05	-3.418408e+01
1.982205e+05	-3.413240e+01
1.993654e+05	-3.408552e+01
2.005169e+05	-3.403857e+01
2.016751e+05	-3.398463e+01
2.028400e+05	-3.394220e+01
2.040116e+05	-3.388539e+01
2.051899e+05	-3.383635e+01
2.063751e+05	-3.378357e+01
2.075671e+05	-3.374351e+01
2.087660e+05	-3.369177e+01
2.099719e+05	-3.364122e+01
2.111846e+05	-3.358778e+01
2.124044e+05	-3.353503e+01
2.136313e+05	-3.348704e+01
2.148652e+05	-3.343971e+01
2.161063e+05	-3.339058e+01
2.173545e+05	-3.333087e+01
2.186099e+05	-3.328171e+01
2.198726e+05	-3.322891e+01
2.211426e+05	-3.318401e+01
2.224199e+05	-3.313401e+01
2.237046e+05	-3.307687e+01
2.249967e+05	-3.303098e+01
2.262962e+05	-3.298341e+01
2.276033e+05	-3.293313e+01
2.289179e+05	-3.288878e+01
2.302402e+05	-3.283672e+01
2.315700e+05	-3.278029e+01
2.329076e+05	-3.273719e+01
2.342528e+05	-3.268540e+01
2.356059e+05	-3.263045e+01
2.369667e+05	-3.258786e+01
2.383354e+05	-3.253346e+01
2.397120e+05	-3.248574e+01
2.410966e+05	-3.243061e+01
2.424892e+05	-3.238470e+01
2.438898e+05	-3.233556e+01
2.452985e+05	-3.228887e+01
2.467153e+05	-3.223572e+01
2.481403e+05	-3.218451e+01
2.495736e+05	-3.213546e+01
2.510151e+05	-3.208061e+01
2.524650e+05	-3.202376e+01
2.539232e+05	-3.198764e+01
2.553898e+05	-3.193209e+01
2.568650e+05	-3.188854e+01
2.583486e+05	-3.183487e+01
2.598408e+05	-3.177560e+01
2.613416e+05	-3.172940e+01
2.628511e+05	-3.168458e+01
2.643694e+05	-3.163858e+01
2.658963e+05	-3.158571e+01
2.674321e+05	-3.153706e+01
2.689768e+05	-3.147962e+01
2.705304e+05	-3.143267e+01
2.720930e+05	-3.138115e+01
2.736646e+05	-3.133070e+01
2.752453e+05	-3.127959e+01
2.768351e+05	-3.123083e+01
2.784341e+05	-3.118314e+01
2.800423e+05	-3.113359e+01
2.816598e+05	-3.108907e+01
2.832867e+05	-3.103010e+01
2.849229e+05	-3.098381e+01
2.865686e+05	-3.093395e+01
2.882238e+05	-3.088178e+01
2.898886e+05	-3.083425e+01
2.915630e+05	-3.078117e+01
2.932470e+05	-3.073340e+01
2.949408e+05	-3.068071e+01
2.966444e+05	-3.063096e+01
2.983578e+05	-3.058693e+01
3.000811e+05	-3.053578e+01
3.018143e+05	-3.048614e+01
3.035576e+05	-3.043163e+01
3.053109e+05	-3.038644e+01
3.070744e+05	-3.033357e+01
3.088481e+05	-3.028315e+01
3.106320e+05	-3.023124e+01
3.124261e+05	-3.018513e+01
3.142307e+05	-3.013289e+01
3.160457e+05	-3.008666e+01
3.178712e+05	-3.003448e+01
3.197072e+05	-2.998258e+01
3.215538e+05	-2.993435e+01
3.234111e+05	-2.988275e+01
3.252791e+05	-2.983888e+01
3.271579e+05	-2.978725e+01
3.290475e+05	-2.973598e+01
3.309481e+05	-2.968702e+01
3.328596e+05	-2.963750e+01
3.347822e+05	-2.958787e+01
3.367159e+05	-2.953751e+01
3.386608e+05	-2.948317e+01
3.406169e+05	-2.943366e+01
3.425842e+05	-2.938461e+01
3.445630e+05	-2.933396e+01
3.465532e+05	-2.928322e+01
3.485549e+05	-2.923692e+01
3.505681e+05	-2.918208e+01
3.525930e+05	-2.913506e+01
3.546295e+05	-2.908485e+01
3.566778e+05	-2.903135e+01
3.587380e+05	-2.898911e+01
3.608101e+05	-2.893717e+01
3.628941e+05	-2.888900e+01
3.649901e+05	-2.883884e+01
3.670983e+05	-2.878552e+01
3.692187e+05	-2.873486e+01
3.713513e+05	-2.868822e+01
3.734962e+05	-2.863730e+01
3.756535e+05	-2.859380e+01
3.778232e+05	-2.853451e+01
3.800055e+05	-2.848750e+01
3.822004e+05	-2.844084e+01
3.844080e+05	-2.838674e+01
3.866283e+05	-2.833753e+01
3.888615e+05	-2.828731e+01
3.911075e+05	-2.824065e+01
3.933665e+05	-2.819092e+01
3.956386e+05	-2.813855e+01
3.979238e+05	-2.809227e+01
4.002222e+05	-2.804135e+01
4.025338e+05	-2.799362e+01
4.048589e+05	-2.794031e+01
4.071973e+05	-2.789040e+01
4.095493e+05	-2.784114e+01
4.119148e+05	-2.779263e+01
4.142940e+05	-2.773937e+01
4.166870e+05	-2.769354e+01
4.190937e+05	-2.764463e+01
4.215144e+05	-2.759298e+01
4.239490e+05	-2.754197e+01
4.263978e+05	-2.749525e+01
4.288606e+05	-2.744639e+01
4.313377e+05	-2.739615e+01
4.338291e+05	-2.734637e+01
4.363349e+05	-2.729081e+01
4.388551e+05	-2.724674e+01
4.413899e+05	-2.719816e+01
4.439394e+05	-2.714417e+01
4.465035e+05	-2.709799e+01
4.490825e+05	-2.704491e+01
4.516764e+05	-2.699811e+01
4.542853e+05	-2.694656e+01
4.569092e+05	-2.689904e+01
4.595483e+05	-2.685121e+01
4.622026e+05	-2.679805e+01
4.648723e+05	-2.674689e+01
4.675574e+05	-2.669701e+01
4.702580e+05	-2.664711e+01
4.729742e+05	-2.660036e+01
4.757060e+05	-2.655014e+01
4.784537e+05	-2.649842e+01
4.812172e+05	-2.645041e+01
4.839967e+05	-2.640172e+01
4.867923e+05	-2.635006e+01
4.896040e+05	-2.630562e+01
4.924319e+05	-2.625434e+01
4.952762e+05	-2.620209e+01
4.981369e+05	-2.615386e+01
5.010141e+05	-2.610465e+01
5.039079e+05	-2.605602e+01
5.068185e+05	-2.600313e+01
5.097458e+05	-2.595740e+01
5.126901e+05	-2.590637e+01
5.156514e+05	-2.585968e+01
5.186298e+05	-2.581022e+01
5.216253e+05	-2.575338e+01
5.246382e+05	-2.570697e+01
5.276685e+05	-2.565888e+01
5.307163e+05	-2.560896e+01
5.337817e+05	-2.555922e+01
5.368648e+05	-2.550759e+01
5.399657e+05	-2.546027e+01
5.430845e+05	-2.541044e+01
5.462214e+05	-2.536092e+01
5.493763e+05	-2.531091e+01
5.525495e+05	-2.526169e+01
5.557410e+05	-2.521315e+01
5.589509e+05	-2.516421e+01
5.621794e+05	-2.511493e+01
5.654265e+05	-2.506465e+01
5.686924e+05	-2.501592e+01
5.719772e+05	-2.496623e+01
5.752809e+05	-2.491641e+01
5.786037e+05	-2.486637e+01
5.819457e+05	-2.481796e+01
5.853070e+05	-2.476993e+01
5.886877e+05	-2.471860e+01
5.920879e+05	-2.466867e+01
5.955078e+05	-2.462147e+01
5.989474e+05	-2.457148e+01
6.024069e+05	-2.452374e+01
6.058864e+05	-2.447181e+01
6.093860e+05	-2.442547e+01
6.129058e+05	-2.437346e+01
6.164459e+05	-2.432417e+01
6.200064e+05	-2.427623e+01
6.235876e+05	-2.422493e+01
6.271894e+05	-2.417582e+01
6.308120e+05	-2.412635e+01
6.344555e+05	-2.407718e+01
6.381201e+05	-2.402843e+01
6.418059e+05	-2.397860e+01
6.455129e+05	-2.392862e+01
6.492414e+05	-2.387950e+01
6.529914e+05	-2.383269e+01
6.567630e+05	-2.378087e+01
6.605565e+05	-2.373375e+01
6.643718e+05	-2.368509e+01
6.682092e+05	-2.363268e+01
6.720688e+05	-2.358607e+01
6.759506e+05	-2.353660e+01
6.798549e+05	-2.348652e+01
6.837817e+05	-2.343891e+01
6.877312e+05	-2.338773e+01
6.917035e+05	-2.333936e+01
6.956987e+05	-2.329115e+01
6.997171e+05	-2.324183e+01
7.037586e+05	-2.319064e+01
7.078235e+05	-2.314159e+01
7.119118e+05	-2.309334e+01
7.160238e+05	-2.304670e+01
7.201595e+05	-2.299482e+01
7.243191e+05	-2.294561e+01
7.285028e+05	-2.289827e+01
7.327106e+05	-2.284860e+01
7.369427e+05	-2.279955e+01
7.411992e+05	-2.275110e+01
7.454804e+05	-2.270154e+01
7.497862e+05	-2.265348e+01
7.541170e+05	-2.260407e+01
7.584727e+05	-2.255549e+01
7.628536e+05	-2.250518e+01
7.672598e+05	-2.245573e+01
7.716915e+05	-2.240872e+01
7.761488e+05	-2.235819e+01
7.806318e+05	-2.230912e+01
7.851407e+05	-2.226041e+01
7.896756e+05	-2.221152e+01
7.942367e+05	-2.216302e+01
7.988242e+05	-2.211477e+01
8.034382e+05	-2.206652e+01
8.080788e+05	-2.201802e+01
8.127463e+05	-2.196625e+01
8.174406e+05	-2.191863e+01
8.221621e+05	-2.186982e+01
8.269109e+05	-2.182008e+01
8.316871e+05	-2.177106e+01
8.364909e+05	-2.172452e+01
8.413225e+05	-2.167561e+01
8.461819e+05	-2.162532e+01
8.510694e+05	-2.157736e+01
8.559852e+05	-2.152871e+01
8.609293e+05	-2.147927e+01
8.659020e+05	-2.142887e+01
8.709034e+05	-2.138378e+01
8.759337e+05	-2.133474e+01
8.809931e+05	-2.128428e+01
8.860816e+05	-2.123543e+01
8.911996e+05	-2.118651e+01
8.963471e+05	-2.113888e+01
9.015244e+05	-2.108941e+01
9.067316e+05	-2.104264e+01
9.119688e+05	-2.099176e+01
9.172363e+05	-2.094525e+01
9.225342e+05	-2.089450e+01
9.278628e+05	-2.084683e+01
9.332221e+05	-2.079831e+01
9.386123e+05	-2.075069e+01
9.440337e+05	-2.070256e+01
9.494864e+05	-2.065207e+01
9.549706e+05	-2.060417e+01
9.604865e+05	-2.055580e+01
9.660342e+05	-2.050801e+01
9.716140e+05	-2.046089e+01
9.772260e+05	-2.041067e+01
9.828704e+05	-2.036214e+01
9.885474e+05	-2.031393e+01
9.942572e+05	-2.026702e+01
1.000000e+06	-2.021892e+01
