Frequency(Hz)	Magnitude(dB)
1.000000e+01	1.214553e-02
1.005776e+01	2.956455e-03
1.011585e+01	8.758871e-03
1.017428e+01	-1.281273e-03
1.023305e+01	-2.891510e-02
1.029215e+01	-5.626159e-03
1.035160e+01	-6.897083e-03
1.041139e+01	-1.483366e-02
1.047153e+01	8.017727e-03
1.053201e+01	-3.753192e-03
1.059284e+01	-1.479215e-03
1.065403e+01	6.829291e-03
1.071556e+01	1.249331e-02
1.077746e+01	8.284937e-03
1.083971e+01	-1.094281e-02
1.090232e+01	-2.067341e-02
1.096529e+01	1.648523e-02
1.102862e+01	-8.240615e-03
1.109232e+01	-5.793897e-03
1.115639e+01	7.692392e-03
1.122083e+01	-3.415178e-03
1.128564e+01	1.674135e-02
1.135083e+01	8.000859e-03
1.141639e+01	1.066703e-03
1.148233e+01	-9.545679e-03
1.154865e+01	7.879466e-04
1.161536e+01	-4.563534e-03
1.168245e+01	1.617076e-02
1.174992e+01	-9.605901e-03
1.181779e+01	-1.497202e-02
1.188605e+01	-9.455849e-03
1.195470e+01	-1.809840e-03
1.202375e+01	-6.827630e-04
1.209320e+01	-6.438961e-03
1.216305e+01	-6.764153e-03
1.223330e+01	-3.535297e-03
1.230396e+01	2.411034e-03
1.237503e+01	-1.614845e-02
1.244651e+01	4.874555e-03
1.251840e+01	7.753892e-03
1.259070e+01	-2.814477e-03
1.266343e+01	-1.864658e-03
1.273657e+01	-3.774633e-03
1.281014e+01	1.841529e-03
1.288413e+01	-4.965943e-03
1.295855e+01	2.490759e-03
1.303339e+01	-3.035403e-03
1.310867e+01	-1.827951e-02
1.318439e+01	1.136440e-03
1.326054e+01	-9.813858e-03
1.333713e+01	-1.367711e-02
1.341417e+01	4.580930e-03
1.349165e+01	-8.879944e-03
1.356958e+01	5.051336e-03
1.364795e+01	2.516257e-03
1.372678e+01	-7.778381e-03
1.380607e+01	-1.646993e-03
1.388581e+01	1.052615e-02
1.396602e+01	1.184046e-02
1.404668e+01	8.455823e-03
1.412782e+01	5.657041e-03
1.420942e+01	-5.332757e-03
1.429149e+01	-6.759076e-03
1.437404e+01	-1.657460e-02
1.445706e+01	-2.268844e-02
1.454057e+01	4.483780e-03
1.462455e+01	-3.949689e-03
1.470902e+01	9.101056e-03
1.479398e+01	-1.072488e-02
1.487943e+01	2.429918e-02
1.496537e+01	1.427025e-02
1.505181e+01	8.765627e-03
1.513875e+01	-2.679286e-03
1.522619e+01	-1.455808e-03
1.531414e+01	-5.108734e-03
1.540259e+01	-9.300911e-04
1.549156e+01	5.652342e-03
1.558103e+01	-5.327608e-03
1.567103e+01	-2.390255e-03
1.576155e+01	9.441697e-03
1.585258e+01	6.597410e-04
1.594415e+01	-1.628343e-02
1.603624e+01	8.692415e-03
1.612886e+01	1.385600e-02
1.622202e+01	-4.801294e-03
1.631572e+01	1.051834e-02
1.640996e+01	1.067870e-02
1.650474e+01	-3.329080e-03
1.660008e+01	-3.571301e-03
1.669596e+01	1.920418e-04
1.679239e+01	4.099082e-03
1.688938e+01	5.340696e-03
1.698694e+01	2.510889e-03
1.708505e+01	2.189988e-03
1.718373e+01	-2.766759e-03
1.728299e+01	-1.654191e-03
1.738281e+01	3.152186e-03
1.748322e+01	2.007334e-02
1.758420e+01	5.886147e-03
1.768576e+01	5.115020e-03
1.778792e+01	-8.771322e-03
1.789066e+01	-3.445073e-03
1.799399e+01	3.143391e-02
1.809793e+01	1.220333e-03
1.820246e+01	-3.246776e-03
1.830760e+01	6.526212e-03
1.841334e+01	-1.752357e-02
1.851969e+01	3.969451e-03
1.862666e+01	-1.876787e-02
1.873425e+01	2.065723e-03
1.884246e+01	-7.123826e-03
1.895129e+01	2.221510e-02
1.906075e+01	-1.787544e-02
1.917085e+01	5.078689e-03
1.928158e+01	-1.084241e-02
1.939295e+01	4.883822e-04
1.950496e+01	-1.900616e-03
1.961762e+01	-6.194236e-03
1.973093e+01	1.548649e-02
1.984490e+01	1.422860e-02
1.995952e+01	-1.763148e-02
2.007480e+01	-6.762633e-03
2.019076e+01	1.865202e-02
2.030738e+01	-9.537545e-03
2.042467e+01	-1.496402e-02
2.054264e+01	9.176899e-03
2.066130e+01	1.110000e-03
2.078064e+01	-5.049074e-03
2.090066e+01	2.461035e-03
2.102139e+01	3.743105e-03
2.114280e+01	2.732181e-03
2.126492e+01	2.134748e-02
2.138775e+01	-1.374662e-02
2.151128e+01	2.923008e-03
2.163553e+01	6.504810e-03
2.176050e+01	-4.275814e-03
2.188619e+01	-2.113230e-02
2.201260e+01	-8.087483e-04
2.213974e+01	4.461751e-03
2.226762e+01	1.836381e-02
2.239624e+01	4.234129e-03
2.252560e+01	7.679810e-04
2.265571e+01	1.536401e-03
2.278656e+01	-5.076554e-03
2.291818e+01	-7.819116e-03
2.305055e+01	3.279558e-03
2.318369e+01	1.115863e-02
2.331760e+01	7.513019e-03
2.345228e+01	2.118017e-02
2.358774e+01	6.342276e-04
2.372398e+01	1.580523e-02
2.386101e+01	1.375296e-02
2.399883e+01	-1.223872e-02
2.413745e+01	-4.473512e-03
2.427686e+01	4.505288e-03
2.441709e+01	-6.785265e-03
2.455812e+01	1.396095e-02
2.469997e+01	3.708509e-03
2.484263e+01	3.946558e-03
2.498612e+01	2.169334e-02
2.513044e+01	5.813240e-04
2.527559e+01	3.264030e-03
2.542158e+01	3.064312e-03
2.556842e+01	-1.395999e-02
2.571610e+01	5.580167e-03
2.586463e+01	-1.901704e-02
2.601403e+01	-8.794193e-03
2.616428e+01	8.012442e-03
2.631541e+01	-1.066532e-03
2.646740e+01	3.983874e-03
2.662028e+01	-1.116474e-03
2.677404e+01	-2.640314e-02
2.692868e+01	-2.564051e-03
2.708422e+01	9.378747e-04
2.724066e+01	-1.405147e-04
2.739800e+01	-9.452491e-03
2.755625e+01	7.902251e-03
2.771541e+01	9.041648e-03
2.787550e+01	-1.155594e-03
2.803650e+01	8.924318e-03
2.819844e+01	-1.764127e-02
2.836131e+01	-4.845649e-03
2.852513e+01	1.705817e-03
2.868989e+01	9.468935e-03
2.885560e+01	6.672630e-03
2.902227e+01	-1.059980e-02
2.918990e+01	9.370289e-03
2.935850e+01	1.003789e-02
2.952807e+01	5.404167e-03
2.969863e+01	2.043003e-02
2.987016e+01	-2.592745e-04
3.004269e+01	4.216564e-03
3.021622e+01	-4.764120e-03
3.039075e+01	6.968735e-03
3.056628e+01	-1.850468e-03
3.074283e+01	1.075945e-02
3.092040e+01	9.041589e-03
3.109900e+01	6.433652e-03
3.127862e+01	2.398326e-03
3.145929e+01	2.606439e-03
3.164099e+01	-9.341230e-03
3.182375e+01	-7.732812e-03
3.200756e+01	1.683344e-02
3.219244e+01	1.206262e-02
3.237838e+01	-3.228261e-04
3.256540e+01	-6.788162e-04
3.275349e+01	3.428313e-03
3.294268e+01	5.260356e-03
3.313295e+01	-2.205458e-02
3.332433e+01	-1.302898e-02
3.351681e+01	1.272424e-02
3.371040e+01	-5.496483e-03
3.390511e+01	2.126420e-04
3.410094e+01	1.001292e-02
3.429791e+01	1.305532e-02
3.449601e+01	-5.576947e-03
3.469526e+01	1.406309e-02
3.489566e+01	-4.874080e-03
3.509721e+01	1.266865e-02
3.529993e+01	1.207435e-02
3.550382e+01	-1.221188e-02
3.570889e+01	8.477087e-03
3.591515e+01	-1.047103e-03
3.612259e+01	-1.328930e-02
3.633123e+01	9.647418e-03
3.654108e+01	2.731611e-03
3.675214e+01	5.882427e-03
3.696442e+01	-1.069254e-02
3.717792e+01	-1.305041e-02
3.739266e+01	-1.109978e-02
3.760864e+01	1.178573e-02
3.782587e+01	1.355976e-02
3.804435e+01	4.629807e-03
3.826409e+01	1.401053e-02
3.848510e+01	1.318504e-02
3.870739e+01	9.226279e-03
3.893096e+01	7.019944e-03
3.915583e+01	-9.713122e-03
3.938199e+01	-1.090145e-02
3.960946e+01	2.071456e-03
3.983824e+01	-3.635944e-03
4.006834e+01	-1.180154e-02
4.029978e+01	3.717727e-03
4.053255e+01	-9.082524e-04
4.076666e+01	-7.148621e-03
4.100213e+01	8.938637e-03
4.123896e+01	-1.325039e-02
4.147715e+01	-7.498946e-04
4.171672e+01	3.109513e-03
4.195767e+01	7.306603e-03
4.220002e+01	-2.820508e-03
4.244377e+01	8.587600e-03
4.268892e+01	1.486921e-02
4.293549e+01	4.392182e-03
4.318348e+01	7.695246e-03
4.343291e+01	1.537706e-02
4.368377e+01	1.253269e-02
4.393609e+01	5.287906e-03
4.418986e+01	-1.584510e-02
4.444510e+01	1.137983e-02
4.470182e+01	1.764223e-03
4.496001e+01	-5.295493e-03
4.521970e+01	7.657800e-03
4.548089e+01	2.422389e-03
4.574358e+01	-1.291121e-02
4.600779e+01	-6.046153e-03
4.627353e+01	-1.631871e-02
4.654081e+01	-1.059925e-02
4.680963e+01	-1.391590e-02
4.708000e+01	1.800345e-03
4.735193e+01	1.493813e-03
4.762543e+01	-1.007688e-03
4.790051e+01	-2.070860e-02
4.817719e+01	-2.341785e-03
4.845545e+01	-7.101493e-03
4.873533e+01	-1.903795e-02
4.901682e+01	-1.951130e-02
4.929994e+01	-1.717426e-02
4.958470e+01	5.338894e-05
4.987110e+01	-1.334399e-02
5.015915e+01	-4.309471e-03
5.044887e+01	-7.688685e-03
5.074026e+01	6.309370e-03
5.103333e+01	-8.811211e-03
5.132810e+01	-1.389990e-03
5.162457e+01	-1.622814e-02
5.192275e+01	-2.344651e-03
5.222265e+01	-1.969677e-02
5.252429e+01	-8.916327e-03
5.282767e+01	9.730772e-03
5.313280e+01	2.165107e-03
5.343969e+01	1.152414e-03
5.374836e+01	-2.420287e-03
5.405880e+01	-5.371215e-04
5.437105e+01	2.356319e-03
5.468509e+01	-2.754089e-04
5.500095e+01	2.871998e-03
5.531863e+01	1.183783e-02
5.563815e+01	2.431559e-03
5.595951e+01	3.060822e-03
5.628273e+01	1.535748e-02
5.660782e+01	9.667266e-03
5.693479e+01	4.204741e-03
5.726364e+01	1.832402e-02
5.759439e+01	-1.233699e-03
5.792705e+01	1.065517e-02
5.826164e+01	8.410533e-03
5.859815e+01	-4.124852e-03
5.893662e+01	-2.392174e-03
5.927703e+01	-3.114357e-03
5.961941e+01	-1.808779e-02
5.996377e+01	3.930033e-03
6.031012e+01	-6.537589e-03
6.065847e+01	-1.995682e-02
6.100883e+01	-3.226971e-03
6.136121e+01	-1.569826e-02
6.171563e+01	-3.465326e-03
6.207210e+01	-8.089808e-03
6.243063e+01	-3.127981e-02
6.279122e+01	-4.683216e-03
6.315390e+01	-6.044249e-03
6.351868e+01	-1.559883e-03
6.388556e+01	2.179298e-02
6.425456e+01	1.620219e-02
6.462569e+01	-7.455468e-03
6.499897e+01	-6.034335e-03
6.537440e+01	-8.729498e-03
6.575200e+01	1.728986e-02
6.613178e+01	-1.437939e-02
6.651375e+01	-1.365397e-02
6.689793e+01	-1.261551e-02
6.728433e+01	1.038837e-02
6.767297e+01	7.474649e-03
6.806384e+01	-9.040958e-03
6.845698e+01	-6.135370e-04
6.885238e+01	4.096391e-03
6.925007e+01	6.051154e-04
6.965005e+01	6.583929e-05
7.005235e+01	-5.911942e-03
7.045697e+01	-1.943667e-02
7.086393e+01	-5.789420e-03
7.127323e+01	8.311195e-03
7.168490e+01	-1.111616e-02
7.209895e+01	-1.825062e-02
7.251539e+01	-5.355613e-03
7.293424e+01	-4.217467e-03
7.335551e+01	7.040484e-03
7.377920e+01	3.904887e-03
7.420535e+01	6.644154e-03
7.463396e+01	-2.363789e-03
7.506504e+01	-3.347538e-03
7.549861e+01	3.017503e-03
7.593469e+01	-2.089607e-02
7.637328e+01	1.477284e-03
7.681441e+01	-1.912531e-02
7.725809e+01	-1.898040e-03
7.770433e+01	-8.238393e-03
7.815315e+01	2.040438e-03
7.860456e+01	-9.814899e-03
7.905857e+01	-1.107658e-02
7.951521e+01	7.458482e-03
7.997449e+01	1.493812e-02
8.043642e+01	1.056456e-02
8.090102e+01	-2.887803e-02
8.136830e+01	9.545483e-03
8.183828e+01	4.181766e-03
8.231097e+01	-1.649097e-02
8.278640e+01	-2.781034e-02
8.326457e+01	4.372016e-03
8.374550e+01	5.868242e-04
8.422921e+01	9.985841e-03
8.471572e+01	2.842901e-04
8.520503e+01	-1.111199e-02
8.569717e+01	-4.256298e-03
8.619215e+01	2.688355e-03
8.669000e+01	1.381667e-02
8.719071e+01	-2.519110e-02
8.769432e+01	-4.198530e-03
8.820084e+01	2.231306e-02
8.871029e+01	-1.725087e-02
8.922267e+01	-1.292788e-02
8.973802e+01	-1.109403e-02
9.025634e+01	9.082401e-03
9.077766e+01	1.068923e-02
9.130199e+01	6.865137e-03
9.182935e+01	6.254299e-03
9.235975e+01	1.455347e-02
9.289321e+01	-1.217613e-02
9.342976e+01	4.626859e-03
9.396941e+01	-7.004271e-03
9.451217e+01	2.756324e-03
9.505807e+01	1.686994e-02
9.560712e+01	1.022818e-02
9.615934e+01	-1.005827e-02
9.671476e+01	-2.116029e-02
9.727338e+01	-8.151022e-03
9.783522e+01	3.658714e-03
9.840032e+01	7.421160e-03
9.896867e+01	-6.929889e-03
9.954031e+01	-1.488517e-02
1.001153e+02	-5.301889e-03
1.006935e+02	-1.741269e-03
1.012751e+02	3.615974e-03
1.018601e+02	-5.666475e-03
1.024484e+02	-2.101552e-02
1.030402e+02	-3.776536e-03
1.036353e+02	-1.517918e-02
1.042339e+02	5.294486e-03
1.048360e+02	-2.349018e-02
1.054415e+02	1.801405e-02
1.060505e+02	-1.848570e-03
1.066631e+02	8.200665e-04
1.072791e+02	-1.629425e-02
1.078988e+02	-6.222129e-03
1.085220e+02	-1.288176e-02
1.091488e+02	-3.806596e-03
1.097793e+02	5.499072e-04
1.104133e+02	7.615833e-04
1.110511e+02	-3.176230e-03
1.116925e+02	-1.776912e-02
1.123376e+02	-1.348307e-02
1.129865e+02	-1.690391e-02
1.136391e+02	1.203698e-02
1.142955e+02	-2.341783e-03
1.149556e+02	-2.083303e-03
1.156196e+02	8.210192e-03
1.162874e+02	-5.327439e-03
1.169591e+02	6.822992e-03
1.176347e+02	1.006316e-02
1.183141e+02	-7.407656e-03
1.189975e+02	5.184615e-03
1.196848e+02	-1.290191e-02
1.203761e+02	6.742576e-03
1.210714e+02	-3.689053e-03
1.217707e+02	1.623977e-02
1.224740e+02	-5.845363e-03
1.231814e+02	-2.671804e-03
1.238929e+02	-1.575233e-02
1.246085e+02	-5.900808e-03
1.253283e+02	-1.365237e-02
1.260522e+02	-7.446976e-03
1.267802e+02	4.568847e-03
1.275125e+02	6.315537e-04
1.282490e+02	-6.819136e-03
1.289898e+02	6.297706e-03
1.297348e+02	3.392803e-03
1.304842e+02	-1.614667e-02
1.312378e+02	3.234081e-03
1.319959e+02	-6.209028e-03
1.327583e+02	-1.143157e-02
1.335251e+02	-5.540095e-03
1.342963e+02	8.404164e-03
1.350720e+02	5.025734e-03
1.358522e+02	-6.477906e-04
1.366368e+02	-1.001310e-02
1.374260e+02	6.289451e-03
1.382198e+02	-5.421008e-03
1.390182e+02	-2.546865e-03
1.398211e+02	-1.112389e-02
1.406287e+02	4.710869e-03
1.414410e+02	-5.014483e-04
1.422579e+02	-7.492449e-03
1.430796e+02	-2.162270e-02
1.439060e+02	-1.198810e-02
1.447372e+02	2.506510e-03
1.455732e+02	9.109721e-03
1.464141e+02	-8.106432e-03
1.472597e+02	3.475170e-03
1.481103e+02	-1.770808e-03
1.489658e+02	-1.416406e-02
1.498262e+02	-6.030133e-03
1.506916e+02	-5.873845e-03
1.515620e+02	-5.451756e-03
1.524374e+02	-7.789903e-03
1.533179e+02	6.740691e-04
1.542034e+02	-4.661303e-03
1.550941e+02	1.566333e-03
1.559899e+02	3.226878e-03
1.568909e+02	-1.452406e-02
1.577971e+02	3.772914e-03
1.587085e+02	8.709539e-03
1.596252e+02	6.164921e-03
1.605472e+02	1.976483e-02
1.614745e+02	-1.766136e-02
1.624072e+02	1.039612e-02
1.633453e+02	-1.250582e-02
1.642887e+02	-8.060602e-03
1.652377e+02	2.255756e-03
1.661921e+02	-1.289344e-02
1.671520e+02	-1.567137e-02
1.681175e+02	2.146046e-02
1.690885e+02	-1.247255e-02
1.700651e+02	-5.715623e-03
1.710474e+02	-7.908960e-03
1.720354e+02	-8.224601e-03
1.730291e+02	-9.692536e-03
1.740285e+02	-8.105628e-03
1.750337e+02	-1.561044e-02
1.760446e+02	-1.418459e-02
1.770615e+02	-1.856546e-02
1.780842e+02	7.626119e-03
1.791128e+02	-2.606603e-02
1.801473e+02	-1.202740e-02
1.811878e+02	4.593006e-03
1.822344e+02	-1.761199e-02
1.832870e+02	-8.156676e-03
1.843456e+02	4.413171e-03
1.854104e+02	8.165430e-03
1.864813e+02	-3.031720e-03
1.875584e+02	-1.366707e-02
1.886418e+02	-1.184248e-02
1.897313e+02	-1.309355e-02
1.908272e+02	-1.202032e-02
1.919294e+02	-4.419423e-03
1.930380e+02	-5.985800e-03
1.941530e+02	-1.557984e-02
1.952744e+02	-4.616697e-03
1.964023e+02	-3.428345e-03
1.975367e+02	-6.089543e-03
1.986777e+02	-1.049528e-03
1.998252e+02	-1.039631e-02
2.009794e+02	9.711295e-03
2.021403e+02	-6.789799e-03
2.033078e+02	-2.153233e-03
2.044821e+02	-1.508721e-02
2.056632e+02	8.435557e-03
2.068511e+02	-1.912728e-02
2.080459e+02	-1.126942e-02
2.092475e+02	-9.060651e-03
2.104561e+02	-1.669573e-02
2.116717e+02	-5.000347e-03
2.128943e+02	2.067433e-04
2.141240e+02	-2.333623e-02
2.153608e+02	2.283965e-03
2.166047e+02	-5.390148e-03
2.178558e+02	7.234553e-03
2.191141e+02	1.507690e-02
2.203797e+02	-1.434679e-02
2.216526e+02	-1.148230e-02
2.229329e+02	-2.999179e-03
2.242205e+02	1.255657e-02
2.255156e+02	-8.333416e-03
2.268182e+02	-7.635538e-03
2.281283e+02	8.019440e-03
2.294459e+02	-9.356820e-03
2.307712e+02	-6.178253e-03
2.321041e+02	-2.762902e-03
2.334447e+02	-2.352225e-02
2.347931e+02	-2.551254e-02
2.361493e+02	-1.877578e-02
2.375133e+02	-4.346569e-03
2.388851e+02	-9.874470e-03
2.402649e+02	-2.116330e-02
2.416527e+02	-2.589732e-02
2.430484e+02	-9.769963e-04
2.444523e+02	-1.070175e-02
2.458642e+02	-1.269648e-02
2.472843e+02	-1.117469e-02
2.487126e+02	-1.330800e-02
2.501492e+02	1.097875e-02
2.515940e+02	-1.671388e-02
2.530472e+02	-5.785989e-03
2.545088e+02	-1.467560e-02
2.559789e+02	-1.864877e-02
2.574574e+02	-3.181854e-02
2.589444e+02	-1.745828e-02
2.604401e+02	-2.135715e-03
2.619444e+02	5.518561e-03
2.634574e+02	1.610924e-03
2.649791e+02	-1.329687e-02
2.665096e+02	-3.992801e-02
2.680489e+02	-7.753649e-03
2.695972e+02	-2.413856e-02
2.711544e+02	-1.087553e-02
2.727205e+02	-1.893399e-02
2.742958e+02	-1.033007e-03
2.758801e+02	-1.332624e-02
2.774736e+02	-2.859389e-02
2.790762e+02	-7.485810e-03
2.806882e+02	1.638418e-02
2.823094e+02	-1.927312e-02
2.839400e+02	-7.725179e-03
2.855800e+02	-2.397586e-02
2.872295e+02	-2.141923e-02
2.888886e+02	-1.208053e-02
2.905572e+02	-1.356874e-02
2.922354e+02	-1.564985e-02
2.939234e+02	-1.339564e-02
2.956211e+02	-2.023165e-02
2.973286e+02	-2.457125e-02
2.990459e+02	-2.210426e-02
3.007732e+02	-1.817590e-02
3.025104e+02	-3.227876e-02
3.042577e+02	-1.353721e-02
3.060151e+02	-3.054988e-02
3.077826e+02	-7.245446e-03
3.095604e+02	-2.437792e-02
3.113484e+02	-1.894432e-02
3.131467e+02	-1.284390e-02
3.149554e+02	-1.513493e-02
3.167746e+02	-1.265702e-02
3.186043e+02	1.367786e-02
3.204445e+02	4.291204e-04
3.222954e+02	-2.756739e-02
3.241570e+02	-1.172519e-02
3.260293e+02	-1.925433e-02
3.279124e+02	-2.604377e-02
3.298064e+02	-1.633527e-02
3.317114e+02	-9.659014e-03
3.336273e+02	-3.574193e-02
3.355544e+02	-2.815229e-02
3.374925e+02	-2.820462e-02
3.394418e+02	-1.819756e-02
3.414024e+02	-2.796964e-02
3.433744e+02	-1.841919e-02
3.453577e+02	-1.166900e-02
3.473525e+02	-4.509137e-02
3.493588e+02	-4.511778e-02
3.513766e+02	-1.723037e-02
3.534062e+02	-3.553044e-02
3.554474e+02	-2.070810e-02
3.575005e+02	-4.008482e-02
3.595654e+02	-1.535434e-02
3.616422e+02	-2.013871e-03
3.637311e+02	-2.710413e-02
3.658320e+02	-3.215123e-02
3.679450e+02	-3.192588e-02
3.700702e+02	-3.309825e-02
3.722077e+02	-3.377679e-02
3.743576e+02	-3.041286e-02
3.765199e+02	-1.539110e-02
3.786946e+02	-1.015669e-02
3.808820e+02	-1.765122e-02
3.830819e+02	-4.207951e-02
3.852946e+02	-4.489121e-02
3.875200e+02	-2.982398e-02
3.897583e+02	-3.440689e-02
3.920096e+02	-3.656861e-02
3.942738e+02	-2.803272e-02
3.965511e+02	-1.476579e-02
3.988416e+02	-3.996656e-02
4.011452e+02	-2.534346e-02
4.034622e+02	-3.427842e-02
4.057926e+02	-2.232168e-02
4.081365e+02	-3.409760e-02
4.104938e+02	-2.627511e-02
4.128648e+02	-3.218577e-02
4.152495e+02	-3.330347e-02
4.176480e+02	-3.643118e-02
4.200603e+02	-2.341157e-02
4.224866e+02	-2.789530e-02
4.249268e+02	-3.504275e-02
4.273812e+02	-3.839269e-02
4.298497e+02	-3.689801e-02
4.323325e+02	-2.598020e-02
4.348297e+02	-3.170871e-02
4.373412e+02	-3.588134e-02
4.398673e+02	-5.056911e-02
4.424079e+02	-5.187487e-02
4.449633e+02	-2.568342e-02
4.475334e+02	-4.997270e-02
4.501183e+02	-4.372524e-02
4.527182e+02	-3.403125e-02
4.553330e+02	-4.162918e-02
4.579630e+02	-3.071884e-02
4.606082e+02	-2.697960e-02
4.632687e+02	-2.838215e-02
4.659445e+02	-4.366699e-02
4.686358e+02	-5.402677e-02
4.713426e+02	-1.284110e-02
4.740650e+02	-3.063377e-02
4.768032e+02	-4.468393e-02
4.795572e+02	-3.224489e-02
4.823271e+02	-4.474713e-02
4.851130e+02	-5.085694e-02
4.879150e+02	-4.502313e-02
4.907332e+02	-5.279293e-02
4.935676e+02	-5.960705e-02
4.964185e+02	-4.578539e-02
4.992858e+02	-4.385843e-02
5.021696e+02	-4.779959e-02
5.050701e+02	-5.724579e-02
5.079874e+02	-5.368645e-02
5.109215e+02	-2.809430e-02
5.138726e+02	-5.236462e-02
5.168407e+02	-5.066235e-02
5.198259e+02	-5.693020e-02
5.228284e+02	-7.141029e-02
5.258482e+02	-7.313970e-02
5.288855e+02	-5.417864e-02
5.319403e+02	-3.882215e-02
5.350128e+02	-5.357283e-02
5.381030e+02	-6.665135e-02
5.412111e+02	-5.846956e-02
5.443371e+02	-5.413120e-02
5.474812e+02	-5.956112e-02
5.506434e+02	-6.134743e-02
5.538239e+02	-5.139223e-02
5.570228e+02	-5.329691e-02
5.602401e+02	-7.289970e-02
5.634760e+02	-6.676372e-02
5.667306e+02	-5.836009e-02
5.700040e+02	-5.712099e-02
5.732964e+02	-5.719263e-02
5.766077e+02	-6.570633e-02
5.799382e+02	-6.365850e-02
5.832879e+02	-6.078968e-02
5.866569e+02	-7.407502e-02
5.900454e+02	-6.605868e-02
5.934535e+02	-6.904798e-02
5.968813e+02	-7.095672e-02
6.003288e+02	-7.299951e-02
6.037963e+02	-8.777799e-02
6.072838e+02	-6.683601e-02
6.107914e+02	-5.872787e-02
6.143194e+02	-6.704899e-02
6.178676e+02	-5.933645e-02
6.214364e+02	-7.496187e-02
6.250258e+02	-6.808188e-02
6.286359e+02	-7.265992e-02
6.322669e+02	-6.321473e-02
6.359189e+02	-6.972450e-02
6.395919e+02	-8.635039e-02
6.432862e+02	-6.462043e-02
6.470017e+02	-7.635821e-02
6.507388e+02	-6.795409e-02
6.544974e+02	-8.186085e-02
6.582778e+02	-8.553066e-02
6.620800e+02	-8.949125e-02
6.659041e+02	-6.378282e-02
6.697504e+02	-8.166483e-02
6.736188e+02	-9.744657e-02
6.775096e+02	-8.853817e-02
6.814229e+02	-9.560814e-02
6.853587e+02	-7.795242e-02
6.893173e+02	-1.022565e-01
6.932988e+02	-8.061798e-02
6.973033e+02	-9.165259e-02
7.013309e+02	-1.122526e-01
7.053817e+02	-9.772243e-02
7.094560e+02	-9.232105e-02
7.135538e+02	-9.334956e-02
7.176752e+02	-9.307554e-02
7.218205e+02	-1.010972e-01
7.259897e+02	-8.346141e-02
7.301830e+02	-9.329881e-02
7.344005e+02	-1.039360e-01
7.386424e+02	-1.002803e-01
7.429087e+02	-1.110953e-01
7.471998e+02	-1.128762e-01
7.515155e+02	-1.154775e-01
7.558563e+02	-1.075142e-01
7.602221e+02	-1.186298e-01
7.646131e+02	-1.286074e-01
7.690295e+02	-1.064484e-01
7.734713e+02	-1.151127e-01
7.779389e+02	-1.116286e-01
7.824322e+02	-1.204653e-01
7.869515e+02	-1.332387e-01
7.914969e+02	-1.154035e-01
7.960686e+02	-1.337182e-01
8.006666e+02	-1.027455e-01
8.052912e+02	-1.431519e-01
8.099426e+02	-1.274666e-01
8.146208e+02	-1.436952e-01
8.193260e+02	-1.343378e-01
8.240584e+02	-1.322235e-01
8.288181e+02	-1.446170e-01
8.336053e+02	-1.222609e-01
8.384202e+02	-1.463114e-01
8.432629e+02	-1.485729e-01
8.481335e+02	-1.444643e-01
8.530323e+02	-1.266693e-01
8.579594e+02	-1.338595e-01
8.629149e+02	-1.175004e-01
8.678991e+02	-1.311121e-01
8.729120e+02	-1.325246e-01
8.779539e+02	-1.433161e-01
8.830250e+02	-1.689751e-01
8.881253e+02	-1.525910e-01
8.932551e+02	-1.583035e-01
8.984145e+02	-1.643551e-01
9.036037e+02	-1.520298e-01
9.088229e+02	-1.430067e-01
9.140722e+02	-1.648447e-01
9.193518e+02	-1.543205e-01
9.246620e+02	-1.684305e-01
9.300028e+02	-1.630752e-01
9.353744e+02	-1.605356e-01
9.407771e+02	-1.646222e-01
9.462110e+02	-1.748773e-01
9.516763e+02	-1.784574e-01
9.571731e+02	-1.698542e-01
9.627017e+02	-1.668352e-01
9.682622e+02	-1.934673e-01
9.738549e+02	-1.788138e-01
9.794798e+02	-1.843326e-01
9.851373e+02	-1.983732e-01
9.908274e+02	-1.962796e-01
9.965504e+02	-2.069256e-01
1.002306e+03	-1.834329e-01
1.008096e+03	-1.814565e-01
1.013918e+03	-1.974691e-01
1.019775e+03	-1.952462e-01
1.025665e+03	-1.849411e-01
1.031589e+03	-1.976100e-01
1.037548e+03	-2.032508e-01
1.043540e+03	-2.093476e-01
1.049568e+03	-2.037787e-01
1.055630e+03	-2.180380e-01
1.061727e+03	-2.103065e-01
1.067860e+03	-2.097948e-01
1.074028e+03	-2.158778e-01
1.080231e+03	-2.090249e-01
1.086471e+03	-2.334833e-01
1.092746e+03	-2.421667e-01
1.099058e+03	-2.451141e-01
1.105406e+03	-2.044220e-01
1.111791e+03	-2.323671e-01
1.118212e+03	-2.272802e-01
1.124671e+03	-2.403085e-01
1.131167e+03	-2.189057e-01
1.137701e+03	-2.467748e-01
1.144272e+03	-2.281183e-01
1.150881e+03	-2.490530e-01
1.157529e+03	-2.517722e-01
1.164215e+03	-2.578609e-01
1.170939e+03	-2.585997e-01
1.177702e+03	-2.507580e-01
1.184505e+03	-2.475290e-01
1.191346e+03	-2.765196e-01
1.198227e+03	-2.778567e-01
1.205148e+03	-2.683476e-01
1.212109e+03	-2.647639e-01
1.219110e+03	-2.988099e-01
1.226152e+03	-2.803876e-01
1.233234e+03	-2.679626e-01
1.240357e+03	-3.004860e-01
1.247521e+03	-2.889283e-01
1.254727e+03	-3.046753e-01
1.261974e+03	-2.913006e-01
1.269263e+03	-2.961359e-01
1.276595e+03	-2.830784e-01
1.283968e+03	-3.053386e-01
1.291384e+03	-3.077681e-01
1.298843e+03	-3.166822e-01
1.306345e+03	-3.291655e-01
1.313891e+03	-3.355608e-01
1.321480e+03	-3.188310e-01
1.329113e+03	-3.399343e-01
1.336790e+03	-3.311271e-01
1.344511e+03	-3.301103e-01
1.352277e+03	-3.197551e-01
1.360087e+03	-3.610080e-01
1.367943e+03	-3.474334e-01
1.375844e+03	-3.437510e-01
1.383791e+03	-3.425443e-01
1.391784e+03	-3.630537e-01
1.399823e+03	-3.470249e-01
1.407908e+03	-3.591814e-01
1.416040e+03	-3.656378e-01
1.424219e+03	-3.634382e-01
1.432445e+03	-3.713945e-01
1.440719e+03	-3.913601e-01
1.449041e+03	-3.938295e-01
1.457410e+03	-3.770751e-01
1.465828e+03	-4.102237e-01
1.474295e+03	-3.894720e-01
1.482810e+03	-4.132069e-01
1.491375e+03	-4.215368e-01
1.499989e+03	-3.981537e-01
1.508653e+03	-4.082994e-01
1.517367e+03	-4.199077e-01
1.526131e+03	-4.206151e-01
1.534946e+03	-4.381354e-01
1.543812e+03	-4.375576e-01
1.552729e+03	-4.371701e-01
1.561697e+03	-4.442925e-01
1.570717e+03	-4.368646e-01
1.579790e+03	-4.617099e-01
1.588915e+03	-4.721952e-01
1.598092e+03	-4.525466e-01
1.607323e+03	-4.780574e-01
1.616606e+03	-4.806423e-01
1.625944e+03	-4.840075e-01
1.635335e+03	-4.941071e-01
1.644781e+03	-4.822955e-01
1.654281e+03	-5.062189e-01
1.663836e+03	-5.166359e-01
1.673446e+03	-4.998730e-01
1.683112e+03	-5.257588e-01
1.692834e+03	-5.255307e-01
1.702611e+03	-5.372880e-01
1.712446e+03	-5.412224e-01
1.722337e+03	-5.319930e-01
1.732285e+03	-5.435072e-01
1.742290e+03	-5.607127e-01
1.752354e+03	-5.681545e-01
1.762475e+03	-5.664948e-01
1.772655e+03	-5.678871e-01
1.782894e+03	-5.785561e-01
1.793192e+03	-5.781370e-01
1.803549e+03	-6.049594e-01
1.813967e+03	-5.976207e-01
1.824444e+03	-5.973289e-01
1.834982e+03	-5.907081e-01
1.845581e+03	-6.040971e-01
1.856241e+03	-6.000719e-01
1.866962e+03	-6.285943e-01
1.877746e+03	-6.342711e-01
1.888592e+03	-6.222402e-01
1.899500e+03	-6.442213e-01
1.910472e+03	-6.527960e-01
1.921506e+03	-6.711718e-01
1.932605e+03	-6.708184e-01
1.943768e+03	-6.635530e-01
1.954995e+03	-6.689457e-01
1.966287e+03	-6.799383e-01
1.977644e+03	-7.056174e-01
1.989067e+03	-6.988462e-01
2.000555e+03	-7.033082e-01
2.012110e+03	-7.244745e-01
2.023732e+03	-7.509927e-01
2.035421e+03	-7.223061e-01
2.047178e+03	-7.638069e-01
2.059002e+03	-7.577628e-01
2.070895e+03	-7.667613e-01
2.082856e+03	-7.658543e-01
2.094887e+03	-7.794519e-01
2.106987e+03	-7.746039e-01
2.119157e+03	-7.778914e-01
2.131397e+03	-8.031045e-01
2.143708e+03	-8.087993e-01
2.156090e+03	-8.226089e-01
2.168543e+03	-8.117612e-01
2.181069e+03	-8.241885e-01
2.193666e+03	-8.262021e-01
2.206337e+03	-8.471178e-01
2.219081e+03	-8.421568e-01
2.231898e+03	-8.692084e-01
2.244789e+03	-8.747725e-01
2.257755e+03	-8.800958e-01
2.270796e+03	-8.997597e-01
2.283912e+03	-9.013541e-01
2.297104e+03	-9.270512e-01
2.310372e+03	-9.236708e-01
2.323716e+03	-9.615813e-01
2.337138e+03	-9.518379e-01
2.350637e+03	-9.487135e-01
2.364214e+03	-9.606979e-01
2.377870e+03	-9.619281e-01
2.391604e+03	-9.955435e-01
2.405418e+03	-9.765333e-01
2.419312e+03	-1.010105e+00
2.433286e+03	-1.012408e+00
2.447340e+03	-1.017031e+00
2.461476e+03	-1.054406e+00
2.475693e+03	-1.017343e+00
2.489993e+03	-1.055070e+00
2.504375e+03	-1.081556e+00
2.518840e+03	-1.064265e+00
2.533389e+03	-1.095772e+00
2.548022e+03	-1.097332e+00
2.562739e+03	-1.114168e+00
2.577541e+03	-1.114289e+00
2.592429e+03	-1.139321e+00
2.607403e+03	-1.146454e+00
2.622463e+03	-1.150446e+00
2.637610e+03	-1.165670e+00
2.652845e+03	-1.176613e+00
2.668168e+03	-1.172005e+00
2.683579e+03	-1.184430e+00
2.699079e+03	-1.228144e+00
2.714669e+03	-1.217187e+00
2.730349e+03	-1.223172e+00
2.746119e+03	-1.252696e+00
2.761981e+03	-1.272507e+00
2.777934e+03	-1.275744e+00
2.793979e+03	-1.277257e+00
2.810117e+03	-1.308999e+00
2.826348e+03	-1.307793e+00
2.842673e+03	-1.329639e+00
2.859092e+03	-1.331913e+00
2.875606e+03	-1.368863e+00
2.892215e+03	-1.354235e+00
2.908921e+03	-1.372027e+00
2.925722e+03	-1.397830e+00
2.942621e+03	-1.420174e+00
2.959618e+03	-1.428657e+00
2.976712e+03	-1.450736e+00
2.993906e+03	-1.452154e+00
3.011198e+03	-1.460941e+00
3.028591e+03	-1.478826e+00
3.046084e+03	-1.500939e+00
3.063678e+03	-1.515142e+00
3.081374e+03	-1.528316e+00
3.099172e+03	-1.545424e+00
3.117072e+03	-1.539247e+00
3.135076e+03	-1.567749e+00
3.153184e+03	-1.574147e+00
3.171397e+03	-1.586691e+00
3.189715e+03	-1.604621e+00
3.208139e+03	-1.634246e+00
3.226669e+03	-1.652137e+00
3.245306e+03	-1.665525e+00
3.264051e+03	-1.679709e+00
3.282904e+03	-1.713235e+00
3.301866e+03	-1.715565e+00
3.320937e+03	-1.723458e+00
3.340119e+03	-1.752634e+00
3.359411e+03	-1.768901e+00
3.378815e+03	-1.776932e+00
3.398331e+03	-1.781816e+00
3.417959e+03	-1.810592e+00
3.437701e+03	-1.829180e+00
3.457557e+03	-1.848714e+00
3.477528e+03	-1.848434e+00
3.497614e+03	-1.867615e+00
3.517816e+03	-1.886446e+00
3.538135e+03	-1.922171e+00
3.558571e+03	-1.942217e+00
3.579125e+03	-1.957127e+00
3.599798e+03	-1.951565e+00
3.620590e+03	-1.995345e+00
3.641503e+03	-2.020184e+00
3.662536e+03	-2.021555e+00
3.683691e+03	-2.052196e+00
3.704967e+03	-2.065468e+00
3.726367e+03	-2.075314e+00
3.747890e+03	-2.091249e+00
3.769538e+03	-2.114214e+00
3.791311e+03	-2.144586e+00
3.813209e+03	-2.156918e+00
3.835234e+03	-2.181345e+00
3.857386e+03	-2.190605e+00
3.879667e+03	-2.208748e+00
3.902075e+03	-2.249887e+00
3.924614e+03	-2.262900e+00
3.947282e+03	-2.267579e+00
3.970081e+03	-2.285725e+00
3.993012e+03	-2.312724e+00
4.016076e+03	-2.331151e+00
4.039272e+03	-2.361033e+00
4.062603e+03	-2.359003e+00
4.086069e+03	-2.404971e+00
4.109670e+03	-2.420363e+00
4.133407e+03	-2.434000e+00
4.157281e+03	-2.487658e+00
4.181294e+03	-2.480472e+00
4.205445e+03	-2.516329e+00
4.229735e+03	-2.545810e+00
4.254166e+03	-2.553157e+00
4.278738e+03	-2.579652e+00
4.303451e+03	-2.612870e+00
4.328308e+03	-2.627734e+00
4.353308e+03	-2.654988e+00
4.378453e+03	-2.689581e+00
4.403742e+03	-2.699567e+00
4.429178e+03	-2.700019e+00
4.454761e+03	-2.730071e+00
4.480492e+03	-2.754146e+00
4.506371e+03	-2.788429e+00
4.532399e+03	-2.820456e+00
4.558578e+03	-2.838419e+00
4.584908e+03	-2.853150e+00
4.611391e+03	-2.881859e+00
4.638026e+03	-2.907384e+00
4.664815e+03	-2.920009e+00
4.691759e+03	-2.964796e+00
4.718858e+03	-2.981593e+00
4.746114e+03	-2.998008e+00
4.773527e+03	-3.026359e+00
4.801099e+03	-3.052225e+00
4.828830e+03	-3.088401e+00
4.856721e+03	-3.094153e+00
4.884773e+03	-3.130535e+00
4.912988e+03	-3.155409e+00
4.941365e+03	-3.160932e+00
4.969906e+03	-3.188823e+00
4.998612e+03	-3.238021e+00
5.027484e+03	-3.252521e+00
5.056522e+03	-3.260718e+00
5.085729e+03	-3.303133e+00
5.115104e+03	-3.332387e+00
5.144648e+03	-3.349624e+00
5.174363e+03	-3.393010e+00
5.204250e+03	-3.423836e+00
5.234310e+03	-3.457461e+00
5.264543e+03	-3.457623e+00
5.294951e+03	-3.520260e+00
5.325534e+03	-3.526782e+00
5.356294e+03	-3.555608e+00
5.387232e+03	-3.573650e+00
5.418348e+03	-3.605071e+00
5.449645e+03	-3.642416e+00
5.481122e+03	-3.662686e+00
5.512780e+03	-3.685388e+00
5.544622e+03	-3.742509e+00
5.576647e+03	-3.755669e+00
5.608858e+03	-3.782352e+00
5.641254e+03	-3.815294e+00
5.673838e+03	-3.841737e+00
5.706610e+03	-3.868639e+00
5.739571e+03	-3.903111e+00
5.772723e+03	-3.941874e+00
5.806066e+03	-3.963928e+00
5.839601e+03	-3.971251e+00
5.873331e+03	-4.012141e+00
5.907255e+03	-4.038607e+00
5.941375e+03	-4.087788e+00
5.975692e+03	-4.122135e+00
6.010207e+03	-4.137521e+00
6.044922e+03	-4.150540e+00
6.079837e+03	-4.211780e+00
6.114954e+03	-4.234064e+00
6.150274e+03	-4.249796e+00
6.185797e+03	-4.289660e+00
6.221526e+03	-4.322517e+00
6.257462e+03	-4.341772e+00
6.293605e+03	-4.407235e+00
6.329956e+03	-4.402176e+00
6.366518e+03	-4.442171e+00
6.403290e+03	-4.510266e+00
6.440276e+03	-4.525524e+00
6.477474e+03	-4.549194e+00
6.514888e+03	-4.600576e+00
6.552518e+03	-4.620104e+00
6.590365e+03	-4.642380e+00
6.628430e+03	-4.662452e+00
6.666716e+03	-4.712138e+00
6.705223e+03	-4.758393e+00
6.743952e+03	-4.773596e+00
6.782905e+03	-4.821197e+00
6.822082e+03	-4.839223e+00
6.861486e+03	-4.870955e+00
6.901118e+03	-4.900489e+00
6.940979e+03	-4.935686e+00
6.981069e+03	-4.980583e+00
7.021392e+03	-5.013616e+00
7.061947e+03	-5.035128e+00
7.102737e+03	-5.074282e+00
7.143762e+03	-5.097724e+00
7.185024e+03	-5.151549e+00
7.226524e+03	-5.180380e+00
7.268264e+03	-5.208778e+00
7.310246e+03	-5.266477e+00
7.352469e+03	-5.285167e+00
7.394937e+03	-5.325126e+00
7.437650e+03	-5.361379e+00
7.480609e+03	-5.380223e+00
7.523817e+03	-5.418784e+00
7.567274e+03	-5.467619e+00
7.610982e+03	-5.504380e+00
7.654943e+03	-5.538313e+00
7.699158e+03	-5.573381e+00
7.743628e+03	-5.608693e+00
7.788355e+03	-5.650396e+00
7.833340e+03	-5.663227e+00
7.878585e+03	-5.709308e+00
7.924091e+03	-5.759921e+00
7.969861e+03	-5.786484e+00
8.015894e+03	-5.841362e+00
8.062194e+03	-5.862854e+00
8.108761e+03	-5.909903e+00
8.155596e+03	-5.929256e+00
8.202703e+03	-5.973250e+00
8.250081e+03	-6.010892e+00
8.297733e+03	-6.057032e+00
8.345661e+03	-6.081919e+00
8.393865e+03	-6.098949e+00
8.442348e+03	-6.156697e+00
8.491110e+03	-6.197966e+00
8.540155e+03	-6.244473e+00
8.589482e+03	-6.284955e+00
8.639095e+03	-6.316217e+00
8.688994e+03	-6.348939e+00
8.739181e+03	-6.388404e+00
8.789658e+03	-6.421893e+00
8.840427e+03	-6.462752e+00
8.891489e+03	-6.508675e+00
8.942846e+03	-6.532060e+00
8.994499e+03	-6.573799e+00
9.046451e+03	-6.626669e+00
9.098703e+03	-6.681819e+00
9.151257e+03	-6.690254e+00
9.204114e+03	-6.750752e+00
9.257277e+03	-6.782315e+00
9.310746e+03	-6.807083e+00
9.364525e+03	-6.843560e+00
9.418614e+03	-6.895211e+00
9.473015e+03	-6.916995e+00
9.527731e+03	-6.965957e+00
9.582763e+03	-7.010871e+00
9.638113e+03	-7.034219e+00
9.693782e+03	-7.095976e+00
9.749773e+03	-7.129057e+00
9.806087e+03	-7.179743e+00
9.862727e+03	-7.206820e+00
9.919693e+03	-7.253065e+00
9.976989e+03	-7.280290e+00
1.003462e+04	-7.327604e+00
1.009258e+04	-7.371860e+00
1.015087e+04	-7.421535e+00
1.020950e+04	-7.446833e+00
1.026847e+04	-7.482247e+00
1.032778e+04	-7.535389e+00
1.038743e+04	-7.575511e+00
1.044743e+04	-7.613262e+00
1.050777e+04	-7.644011e+00
1.056847e+04	-7.717145e+00
1.062951e+04	-7.751019e+00
1.069091e+04	-7.776745e+00
1.075266e+04	-7.818077e+00
1.081476e+04	-7.858736e+00
1.087723e+04	-7.896951e+00
1.094006e+04	-7.960942e+00
1.100324e+04	-7.992176e+00
1.106680e+04	-8.025781e+00
1.113072e+04	-8.073825e+00
1.119501e+04	-8.111721e+00
1.125967e+04	-8.149357e+00
1.132471e+04	-8.175930e+00
1.139012e+04	-8.239070e+00
1.145591e+04	-8.266311e+00
1.152208e+04	-8.314736e+00
1.158863e+04	-8.348773e+00
1.165556e+04	-8.386818e+00
1.172289e+04	-8.472853e+00
1.179060e+04	-8.480005e+00
1.185870e+04	-8.533755e+00
1.192719e+04	-8.569230e+00
1.199608e+04	-8.615993e+00
1.206537e+04	-8.665350e+00
1.213506e+04	-8.706148e+00
1.220515e+04	-8.738383e+00
1.227565e+04	-8.775667e+00
1.234655e+04	-8.821065e+00
1.241787e+04	-8.868884e+00
1.248959e+04	-8.927731e+00
1.256173e+04	-8.970940e+00
1.263429e+04	-8.997382e+00
1.270726e+04	-9.044211e+00
1.278066e+04	-9.080003e+00
1.285448e+04	-9.132314e+00
1.292873e+04	-9.175524e+00
1.300340e+04	-9.227859e+00
1.307851e+04	-9.278387e+00
1.315405e+04	-9.299306e+00
1.323003e+04	-9.347808e+00
1.330644e+04	-9.385026e+00
1.338330e+04	-9.436731e+00
1.346060e+04	-9.495930e+00
1.353835e+04	-9.527332e+00
1.361655e+04	-9.582592e+00
1.369520e+04	-9.613186e+00
1.377430e+04	-9.632865e+00
1.385386e+04	-9.690662e+00
1.393388e+04	-9.727267e+00
1.401436e+04	-9.780098e+00
1.409531e+04	-9.811536e+00
1.417672e+04	-9.875826e+00
1.425861e+04	-9.909626e+00
1.434096e+04	-9.946189e+00
1.442379e+04	-1.000538e+01
1.450711e+04	-1.002860e+01
1.459090e+04	-1.008550e+01
1.467518e+04	-1.012754e+01
1.475994e+04	-1.016793e+01
1.484519e+04	-1.022212e+01
1.493094e+04	-1.026210e+01
1.501718e+04	-1.028696e+01
1.510392e+04	-1.036104e+01
1.519116e+04	-1.039412e+01
1.527890e+04	-1.043450e+01
1.536715e+04	-1.047821e+01
1.545591e+04	-1.052614e+01
1.554518e+04	-1.057885e+01
1.563497e+04	-1.061223e+01
1.572528e+04	-1.066950e+01
1.581611e+04	-1.070571e+01
1.590746e+04	-1.073595e+01
1.599934e+04	-1.079069e+01
1.609175e+04	-1.084648e+01
1.618470e+04	-1.088864e+01
1.627818e+04	-1.092096e+01
1.637220e+04	-1.096518e+01
1.646677e+04	-1.102004e+01
1.656188e+04	-1.105708e+01
1.665754e+04	-1.110657e+01
1.675375e+04	-1.113825e+01
1.685052e+04	-1.119603e+01
1.694785e+04	-1.123279e+01
1.704574e+04	-1.129553e+01
1.714419e+04	-1.133189e+01
1.724322e+04	-1.137151e+01
1.734281e+04	-1.142134e+01
1.744299e+04	-1.147478e+01
1.754374e+04	-1.149952e+01
1.764507e+04	-1.155390e+01
1.774698e+04	-1.160352e+01
1.784949e+04	-1.162011e+01
1.795259e+04	-1.168476e+01
1.805628e+04	-1.173682e+01
1.816057e+04	-1.178859e+01
1.826547e+04	-1.180781e+01
1.837097e+04	-1.186741e+01
1.847708e+04	-1.189542e+01
1.858380e+04	-1.197216e+01
1.869114e+04	-1.200146e+01
1.879910e+04	-1.204275e+01
1.890768e+04	-1.208550e+01
1.901689e+04	-1.213142e+01
1.912673e+04	-1.218355e+01
1.923721e+04	-1.222545e+01
1.934832e+04	-1.227251e+01
1.946008e+04	-1.232729e+01
1.957248e+04	-1.236228e+01
1.968553e+04	-1.242202e+01
1.979923e+04	-1.244655e+01
1.991359e+04	-1.248723e+01
2.002861e+04	-1.252630e+01
2.014430e+04	-1.258877e+01
2.026065e+04	-1.262802e+01
2.037767e+04	-1.267812e+01
2.049537e+04	-1.270864e+01
2.061375e+04	-1.276975e+01
2.073282e+04	-1.282053e+01
2.085257e+04	-1.284130e+01
2.097301e+04	-1.289696e+01
2.109415e+04	-1.294008e+01
2.121599e+04	-1.297625e+01
2.133853e+04	-1.305780e+01
2.146178e+04	-1.309448e+01
2.158575e+04	-1.310958e+01
2.171043e+04	-1.316277e+01
2.183582e+04	-1.322560e+01
2.196195e+04	-1.328230e+01
2.208880e+04	-1.328790e+01
2.221638e+04	-1.336114e+01
2.234470e+04	-1.339142e+01
2.247377e+04	-1.342400e+01
2.260357e+04	-1.349238e+01
2.273413e+04	-1.353421e+01
2.286544e+04	-1.357821e+01
2.299751e+04	-1.363199e+01
2.313034e+04	-1.366690e+01
2.326394e+04	-1.370660e+01
2.339832e+04	-1.376783e+01
2.353346e+04	-1.378795e+01
2.366939e+04	-1.385784e+01
2.380610e+04	-1.388968e+01
2.394361e+04	-1.395081e+01
2.408191e+04	-1.397397e+01
2.422100e+04	-1.402049e+01
2.436090e+04	-1.406142e+01
2.450161e+04	-1.412657e+01
2.464313e+04	-1.415600e+01
2.478547e+04	-1.420834e+01
2.492863e+04	-1.424297e+01
2.507261e+04	-1.429158e+01
2.521743e+04	-1.433664e+01
2.536309e+04	-1.438711e+01
2.550958e+04	-1.443031e+01
2.565692e+04	-1.446995e+01
2.580512e+04	-1.452052e+01
2.595417e+04	-1.455689e+01
2.610408e+04	-1.458026e+01
2.625485e+04	-1.464101e+01
2.640650e+04	-1.469791e+01
2.655902e+04	-1.473476e+01
2.671243e+04	-1.479265e+01
2.686672e+04	-1.483535e+01
2.702190e+04	-1.486015e+01
2.717798e+04	-1.490369e+01
2.733495e+04	-1.496426e+01
2.749284e+04	-1.503241e+01
2.765164e+04	-1.503988e+01
2.781135e+04	-1.509314e+01
2.797199e+04	-1.515369e+01
2.813355e+04	-1.516670e+01
2.829605e+04	-1.521637e+01
2.845949e+04	-1.526741e+01
2.862387e+04	-1.530544e+01
2.878920e+04	-1.534106e+01
2.895549e+04	-1.539235e+01
2.912273e+04	-1.542411e+01
2.929094e+04	-1.548642e+01
2.946013e+04	-1.551874e+01
2.963029e+04	-1.556903e+01
2.980143e+04	-1.560492e+01
2.997356e+04	-1.565480e+01
3.014669e+04	-1.569743e+01
3.032081e+04	-1.574032e+01
3.049595e+04	-1.577208e+01
3.067209e+04	-1.584252e+01
3.084925e+04	-1.588555e+01
3.102743e+04	-1.590774e+01
3.120665e+04	-1.596302e+01
3.138690e+04	-1.600974e+01
3.156819e+04	-1.602680e+01
3.175052e+04	-1.606933e+01
3.193391e+04	-1.611681e+01
3.211836e+04	-1.617180e+01
3.230388e+04	-1.622685e+01
3.249046e+04	-1.623722e+01
3.267812e+04	-1.631808e+01
3.286687e+04	-1.636127e+01
3.305671e+04	-1.639531e+01
3.324764e+04	-1.644277e+01
3.343968e+04	-1.646574e+01
3.363283e+04	-1.650991e+01
3.382709e+04	-1.655164e+01
3.402247e+04	-1.659903e+01
3.421899e+04	-1.663685e+01
3.441663e+04	-1.668655e+01
3.461542e+04	-1.673272e+01
3.481536e+04	-1.675361e+01
3.501645e+04	-1.678136e+01
3.521871e+04	-1.683919e+01
3.542213e+04	-1.689477e+01
3.562672e+04	-1.692992e+01
3.583250e+04	-1.697527e+01
3.603947e+04	-1.701733e+01
3.624763e+04	-1.707356e+01
3.645700e+04	-1.709712e+01
3.666757e+04	-1.713920e+01
3.687936e+04	-1.718067e+01
3.709238e+04	-1.724336e+01
3.730662e+04	-1.725923e+01
3.752210e+04	-1.728888e+01
3.773883e+04	-1.735766e+01
3.795680e+04	-1.737906e+01
3.817604e+04	-1.742086e+01
3.839654e+04	-1.746560e+01
3.861832e+04	-1.750256e+01
3.884138e+04	-1.754743e+01
3.906573e+04	-1.758507e+01
3.929137e+04	-1.763176e+01
3.951831e+04	-1.765879e+01
3.974657e+04	-1.771513e+01
3.997614e+04	-1.775503e+01
4.020704e+04	-1.778131e+01
4.043928e+04	-1.782756e+01
4.067285e+04	-1.785586e+01
4.090778e+04	-1.789624e+01
4.114406e+04	-1.794626e+01
4.138171e+04	-1.797159e+01
4.162073e+04	-1.801342e+01
4.186113e+04	-1.806864e+01
4.210291e+04	-1.808588e+01
4.234610e+04	-1.813303e+01
4.259069e+04	-1.816590e+01
4.283669e+04	-1.821763e+01
4.308411e+04	-1.823571e+01
4.333297e+04	-1.829403e+01
4.358325e+04	-1.833455e+01
4.383499e+04	-1.836561e+01
4.408818e+04	-1.838644e+01
4.434283e+04	-1.843921e+01
4.459895e+04	-1.849455e+01
4.485655e+04	-1.849928e+01
4.511564e+04	-1.853896e+01
4.537623e+04	-1.860056e+01
4.563832e+04	-1.860954e+01
4.590193e+04	-1.866400e+01
4.616705e+04	-1.869220e+01
4.643371e+04	-1.872446e+01
4.670191e+04	-1.877051e+01
4.697166e+04	-1.879804e+01
4.724297e+04	-1.883974e+01
4.751584e+04	-1.886750e+01
4.779029e+04	-1.891458e+01
4.806633e+04	-1.893262e+01
4.834395e+04	-1.896824e+01
4.862319e+04	-1.901399e+01
4.890403e+04	-1.906524e+01
4.918650e+04	-1.910123e+01
4.947060e+04	-1.911496e+01
4.975634e+04	-1.917122e+01
5.004373e+04	-1.918802e+01
5.033278e+04	-1.923101e+01
5.062350e+04	-1.926391e+01
5.091590e+04	-1.930597e+01
5.120999e+04	-1.932976e+01
5.150578e+04	-1.934984e+01
5.180327e+04	-1.939498e+01
5.210248e+04	-1.942951e+01
5.240343e+04	-1.945119e+01
5.270611e+04	-1.946866e+01
5.301053e+04	-1.951386e+01
5.331672e+04	-1.955931e+01
5.362468e+04	-1.957900e+01
5.393441e+04	-1.960601e+01
5.424593e+04	-1.965274e+01
5.455926e+04	-1.968159e+01
5.487439e+04	-1.969830e+01
5.519134e+04	-1.973387e+01
5.551012e+04	-1.976682e+01
5.583075e+04	-1.980878e+01
5.615322e+04	-1.982920e+01
5.647756e+04	-1.985936e+01
5.680377e+04	-1.988266e+01
5.713187e+04	-1.990164e+01
5.746186e+04	-1.994263e+01
5.779376e+04	-1.997647e+01
5.812757e+04	-1.999492e+01
5.846332e+04	-2.001389e+01
5.880100e+04	-2.003111e+01
5.914063e+04	-2.009968e+01
5.948222e+04	-2.010663e+01
5.982579e+04	-2.013492e+01
6.017134e+04	-2.017492e+01
6.051889e+04	-2.019460e+01
6.086844e+04	-2.021912e+01
6.122002e+04	-2.023539e+01
6.157362e+04	-2.027544e+01
6.192927e+04	-2.028342e+01
6.228697e+04	-2.031052e+01
6.264674e+04	-2.034196e+01
6.300858e+04	-2.036763e+01
6.337252e+04	-2.038080e+01
6.373855e+04	-2.041988e+01
6.410670e+04	-2.042746e+01
6.447698e+04	-2.045453e+01
6.484940e+04	-2.049430e+01
6.522397e+04	-2.050276e+01
6.560070e+04	-2.053150e+01
6.597960e+04	-2.054400e+01
6.636070e+04	-2.055352e+01
6.674400e+04	-2.056717e+01
6.712951e+04	-2.060279e+01
6.751724e+04	-2.061875e+01
6.790722e+04	-2.064429e+01
6.829945e+04	-2.064409e+01
6.869395e+04	-2.066731e+01
6.909072e+04	-2.069371e+01
6.948978e+04	-2.071597e+01
6.989115e+04	-2.074757e+01
7.029484e+04	-2.075295e+01
7.070086e+04	-2.077120e+01
7.110923e+04	-2.076963e+01
7.151995e+04	-2.080095e+01
7.193305e+04	-2.080811e+01
7.234853e+04	-2.082512e+01
7.276641e+04	-2.084329e+01
7.318671e+04	-2.085423e+01
7.360943e+04	-2.086410e+01
7.403460e+04	-2.089005e+01
7.446222e+04	-2.089633e+01
7.489231e+04	-2.090239e+01
7.532488e+04	-2.089211e+01
7.575996e+04	-2.090305e+01
7.619754e+04	-2.093191e+01
7.663766e+04	-2.094956e+01
7.708031e+04	-2.096751e+01
7.752553e+04	-2.094651e+01
7.797331e+04	-2.097880e+01
7.842368e+04	-2.099230e+01
7.887665e+04	-2.098820e+01
7.933224e+04	-2.098604e+01
7.979046e+04	-2.099620e+01
8.025133e+04	-2.100790e+01
8.071486e+04	-2.101258e+01
8.118106e+04	-2.101819e+01
8.164996e+04	-2.101537e+01
8.212157e+04	-2.100624e+01
8.259590e+04	-2.102784e+01
8.307297e+04	-2.101245e+01
8.355279e+04	-2.101926e+01
8.403539e+04	-2.101665e+01
8.452078e+04	-2.103063e+01
8.500897e+04	-2.100581e+01
8.549997e+04	-2.099011e+01
8.599382e+04	-2.099661e+01
8.649052e+04	-2.100107e+01
8.699008e+04	-2.099170e+01
8.749253e+04	-2.100035e+01
8.799789e+04	-2.097829e+01
8.850616e+04	-2.098170e+01
8.901737e+04	-2.097410e+01
8.953153e+04	-2.094513e+01
9.004866e+04	-2.097249e+01
9.056877e+04	-2.092930e+01
9.109190e+04	-2.093644e+01
9.161804e+04	-2.093364e+01
9.214722e+04	-2.090553e+01
9.267946e+04	-2.089107e+01
9.321477e+04	-2.087195e+01
9.375318e+04	-2.084976e+01
9.429469e+04	-2.084223e+01
9.483933e+04	-2.081558e+01
9.538712e+04	-2.080816e+01
9.593807e+04	-2.077399e+01
9.649221e+04	-2.074288e+01
9.704954e+04	-2.071910e+01
9.761010e+04	-2.070395e+01
9.817389e+04	-2.069107e+01
9.874094e+04	-2.066329e+01
9.931126e+04	-2.061707e+01
9.988488e+04	-2.060736e+01
1.004618e+05	-2.056693e+01
1.010421e+05	-2.051935e+01
1.016257e+05	-2.050660e+01
1.022127e+05	-2.047201e+01
1.028031e+05	-2.044322e+01
1.033968e+05	-2.038363e+01
1.039941e+05	-2.034713e+01
1.045947e+05	-2.031134e+01
1.051989e+05	-2.028996e+01
1.058065e+05	-2.022218e+01
1.064176e+05	-2.018473e+01
1.070323e+05	-2.013108e+01
1.076505e+05	-2.008237e+01
1.082723e+05	-2.002736e+01
1.088977e+05	-1.997724e+01
1.095266e+05	-1.993036e+01
1.101593e+05	-1.986833e+01
1.107955e+05	-1.980672e+01
1.114355e+05	-1.973954e+01
1.120791e+05	-1.969555e+01
1.127265e+05	-1.963282e+01
1.133776e+05	-1.957294e+01
1.140325e+05	-1.947422e+01
1.146911e+05	-1.941268e+01
1.153536e+05	-1.935551e+01
1.160198e+05	-1.925273e+01
1.166900e+05	-1.917473e+01
1.173640e+05	-1.909364e+01
1.180419e+05	-1.901548e+01
1.187237e+05	-1.892358e+01
1.194094e+05	-1.883306e+01
1.200991e+05	-1.875491e+01
1.207928e+05	-1.863236e+01
1.214905e+05	-1.855689e+01
1.221922e+05	-1.845328e+01
1.228980e+05	-1.836582e+01
1.236078e+05	-1.822685e+01
1.243218e+05	-1.814366e+01
1.250399e+05	-1.800490e+01
1.257621e+05	-1.789859e+01
1.264885e+05	-1.776098e+01
1.272191e+05	-1.764306e+01
1.279539e+05	-1.751753e+01
1.286930e+05	-1.735051e+01
1.294363e+05	-1.721933e+01
1.301839e+05	-1.706824e+01
1.309358e+05	-1.693302e+01
1.316921e+05	-1.676472e+01
1.324528e+05	-1.659541e+01
1.332178e+05	-1.642169e+01
1.339873e+05	-1.626463e+01
1.347612e+05	-1.608072e+01
1.355395e+05	-1.587423e+01
1.363224e+05	-1.568935e+01
1.371098e+05	-1.547894e+01
1.379018e+05	-1.527605e+01
1.386983e+05	-1.508442e+01
1.394994e+05	-1.482926e+01
1.403051e+05	-1.457581e+01
1.411155e+05	-1.435216e+01
1.419306e+05	-1.409896e+01
1.427504e+05	-1.381603e+01
1.435749e+05	-1.355097e+01
1.444042e+05	-1.322162e+01
1.452383e+05	-1.292306e+01
1.460772e+05	-1.261774e+01
1.469209e+05	-1.228353e+01
1.477695e+05	-1.191631e+01
1.486230e+05	-1.151453e+01
1.494814e+05	-1.114766e+01
1.503448e+05	-1.071427e+01
1.512132e+05	-1.026692e+01
1.520866e+05	-9.803813e+00
1.529651e+05	-9.320213e+00
1.538486e+05	-8.805546e+00
1.547372e+05	-8.200144e+00
1.556310e+05	-7.618504e+00
1.565299e+05	-6.982616e+00
1.574340e+05	-6.282574e+00
1.583433e+05	-5.558447e+00
1.592579e+05	-4.767664e+00
1.601778e+05	-3.959206e+00
1.611030e+05	-3.091600e+00
1.620335e+05	-2.227371e+00
1.629694e+05	-1.385045e+00
1.639107e+05	-6.977427e-01
1.648574e+05	-1.704187e-01
1.658097e+05	1.946856e-02
1.667674e+05	-1.394773e-01
1.677306e+05	-6.349882e-01
1.686994e+05	-1.382603e+00
1.696738e+05	-2.264767e+00
1.706538e+05	-3.156115e+00
1.716395e+05	-4.073460e+00
1.726309e+05	-4.960157e+00
1.736280e+05	-5.809665e+00
1.746309e+05	-6.592999e+00
1.756395e+05	-7.336282e+00
1.766540e+05	-8.037591e+00
1.776744e+05	-8.716212e+00
1.787006e+05	-9.346435e+00
1.797328e+05	-9.916991e+00
1.807709e+05	-1.048083e+01
1.818150e+05	-1.100213e+01
1.828652e+05	-1.147888e+01
1.839214e+05	-1.195396e+01
1.849837e+05	-1.241904e+01
1.860522e+05	-1.283290e+01
1.871268e+05	-1.324032e+01
1.882077e+05	-1.364155e+01
1.892948e+05	-1.398837e+01
1.903881e+05	-1.433701e+01
1.914878e+05	-1.468990e+01
1.925938e+05	-1.501698e+01
1.937062e+05	-1.533345e+01
1.948251e+05	-1.564072e+01
1.959504e+05	-1.593280e+01
1.970822e+05	-1.620636e+01
1.982205e+05	-1.647899e+01
1.993654e+05	-1.671370e+01
2.005169e+05	-1.697637e+01
2.016751e+05	-1.723082e+01
2.028400e+05	-1.743605e+01
2.040116e+05	-1.766721e+01
2.051899e+05	-1.786693e+01
2.063751e+05	-1.805951e+01
2.075671e+05	-1.827804e+01
2.087660e+05	-1.847139e+01
2.099719e+05	-1.862263e+01
2.111846e+05	-1.882490e+01
2.124044e+05	-1.897758e+01
2.136313e+05	-1.913059e+01
2.148652e+05	-1.927134e+01
2.161063e+05	-1.944434e+01
2.173545e+05	-1.955684e+01
2.186099e+05	-1.970470e+01
2.198726e+05	-1.983783e+01
2.211426e+05	-1.997259e+01
2.224199e+05	-2.006772e+01
2.237046e+05	-2.016808e+01
2.249967e+05	-2.028912e+01
2.262962e+05	-2.038279e+01
2.276033e+05	-2.047382e+01
2.289179e+05	-2.054602e+01
2.302402e+05	-2.062237e+01
2.315700e+05	-2.069234e+01
2.329076e+05	-2.077219e+01
2.342528e+05	-2.083401e+01
2.356059e+05	-2.090637e+01
2.369667e+05	-2.094416e+01
2.383354e+05	-2.098499e+01
2.397120e+05	-2.100706e+01
2.410966e+05	-2.105271e+01
2.424892e+05	-2.107671e+01
2.438898e+05	-2.107724e+01
2.452985e+05	-2.109834e+01
2.467153e+05	-2.109838e+01
2.481403e+05	-2.109265e+01
2.495736e+05	-2.109039e+01
2.510151e+05	-2.108737e+01
2.524650e+05	-2.106283e+01
2.539232e+05	-2.101857e+01
2.553898e+05	-2.097237e+01
2.568650e+05	-2.093788e+01
2.583486e+05	-2.086909e+01
2.598408e+05	-2.082067e+01
2.613416e+05	-2.075044e+01
2.628511e+05	-2.067326e+01
2.643694e+05	-2.058899e+01
2.658963e+05	-2.047560e+01
2.674321e+05	-2.038389e+01
2.689768e+05	-2.026156e+01
2.705304e+05	-2.012465e+01
2.720930e+05	-2.001319e+01
2.736646e+05	-1.985598e+01
2.752453e+05	-1.967270e+01
2.768351e+05	-1.950850e+01
2.784341e+05	-1.929601e+01
2.800423e+05	-1.910777e+01
2.816598e+05	-1.886591e+01
2.832867e+05	-1.863627e+01
2.849229e+05	-1.840022e+01
2.865686e+05	-1.811076e+01
2.882238e+05	-1.781656e+01
2.898886e+05	-1.751608e+01
2.915630e+05	-1.714740e+01
2.932470e+05	-1.679134e+01
2.949408e+05	-1.637647e+01
2.966444e+05	-1.596411e+01
2.983578e+05	-1.551438e+01
3.000811e+05	-1.500415e+01
3.018143e+05	-1.445458e+01
3.035576e+05	-1.385702e+01
3.053109e+05	-1.320815e+01
3.070744e+05	-1.247010e+01
3.088481e+05	-1.164619e+01
3.106320e+05	-1.076992e+01
3.124261e+05	-9.755007e+00
3.142307e+05	-8.612714e+00
3.160457e+05	-7.302647e+00
3.178712e+05	-5.818431e+00
3.197072e+05	-4.112289e+00
3.215538e+05	-2.267470e+00
3.234111e+05	-6.630067e-01
3.252791e+05	-5.975656e-02
3.271579e+05	-9.610107e-01
3.290475e+05	-2.728401e+00
3.309481e+05	-4.613629e+00
3.328596e+05	-6.349699e+00
3.347822e+05	-7.854542e+00
3.367159e+05	-9.200206e+00
3.386608e+05	-1.040596e+01
3.406169e+05	-1.144673e+01
3.425842e+05	-1.238058e+01
3.445630e+05	-1.323057e+01
3.465532e+05	-1.399917e+01
3.485549e+05	-1.467945e+01
3.505681e+05	-1.532426e+01
3.525930e+05	-1.592404e+01
3.546295e+05	-1.648659e+01
3.566778e+05	-1.698120e+01
3.587380e+05	-1.742835e+01
3.608101e+05	-1.787394e+01
3.628941e+05	-1.827802e+01
3.649901e+05	-1.861941e+01
3.670983e+05	-1.897571e+01
3.692187e+05	-1.926908e+01
3.713513e+05	-1.957615e+01
3.734962e+05	-1.985140e+01
3.756535e+05	-2.009264e+01
3.778232e+05	-2.030105e+01
3.800055e+05	-2.051669e+01
3.822004e+05	-2.067725e+01
3.844080e+05	-2.086236e+01
3.866283e+05	-2.099833e+01
3.888615e+05	-2.110566e+01
3.911075e+05	-2.122928e+01
3.933665e+05	-2.131247e+01
3.956386e+05	-2.138129e+01
3.979238e+05	-2.142063e+01
4.002222e+05	-2.143426e+01
4.025338e+05	-2.142689e+01
4.048589e+05	-2.142365e+01
4.071973e+05	-2.136044e+01
4.095493e+05	-2.130456e+01
4.119148e+05	-2.121142e+01
4.142940e+05	-2.111056e+01
4.166870e+05	-2.098297e+01
4.190937e+05	-2.081300e+01
4.215144e+05	-2.063575e+01
4.239490e+05	-2.041356e+01
4.263978e+05	-2.016070e+01
4.288606e+05	-1.990104e+01
4.313377e+05	-1.956884e+01
4.338291e+05	-1.918805e+01
4.363349e+05	-1.880946e+01
4.388551e+05	-1.833881e+01
4.413899e+05	-1.782890e+01
4.439394e+05	-1.723755e+01
4.465035e+05	-1.660053e+01
4.490825e+05	-1.584275e+01
4.516764e+05	-1.498911e+01
4.542853e+05	-1.402391e+01
4.569092e+05	-1.289086e+01
4.595483e+05	-1.156300e+01
4.622026e+05	-9.946911e+00
4.648723e+05	-7.964713e+00
4.675574e+05	-5.478611e+00
4.702580e+05	-2.468821e+00
4.729742e+05	-7.729672e-02
4.757060e+05	-1.190356e+00
4.784537e+05	-4.299188e+00
4.812172e+05	-7.141342e+00
4.839967e+05	-9.408185e+00
4.867923e+05	-1.125610e+01
4.896040e+05	-1.277987e+01
4.924319e+05	-1.408442e+01
4.952762e+05	-1.519460e+01
4.981369e+05	-1.617747e+01
5.010141e+05	-1.701810e+01
5.039079e+05	-1.777778e+01
5.068185e+05	-1.841271e+01
5.097458e+05	-1.901455e+01
5.126901e+05	-1.954275e+01
5.156514e+05	-1.999821e+01
5.186298e+05	-2.040719e+01
5.216253e+05	-2.078373e+01
5.246382e+05	-2.106836e+01
5.276685e+05	-2.133438e+01
5.307163e+05	-2.152656e+01
5.337817e+05	-2.169053e+01
5.368648e+05	-2.179670e+01
5.399657e+05	-2.188046e+01
5.430845e+05	-2.191280e+01
5.462214e+05	-2.188029e+01
5.493763e+05	-2.184979e+01
5.525495e+05	-2.171358e+01
5.557410e+05	-2.155218e+01
5.589509e+05	-2.133149e+01
5.621794e+05	-2.106875e+01
5.654265e+05	-2.071742e+01
5.686924e+05	-2.030041e+01
5.719772e+05	-1.977555e+01
5.752809e+05	-1.920840e+01
5.786037e+05	-1.847731e+01
5.819457e+05	-1.765238e+01
5.853070e+05	-1.665259e+01
5.886877e+05	-1.546064e+01
5.920879e+05	-1.396917e+01
5.955078e+05	-1.211685e+01
5.989474e+05	-9.665606e+00
6.024069e+05	-6.326786e+00
6.058864e+05	-1.734736e+00
6.093860e+05	-3.269862e-01
6.129058e+05	-4.941735e+00
6.164459e+05	-8.854066e+00
6.200064e+05	-1.165099e+01
6.235876e+05	-1.381013e+01
6.271894e+05	-1.548557e+01
6.308120e+05	-1.685082e+01
6.344555e+05	-1.796909e+01
6.381201e+05	-1.894676e+01
6.418059e+05	-1.974385e+01
6.455129e+05	-2.040684e+01
6.492414e+05	-2.093390e+01
6.529914e+05	-2.141492e+01
6.567630e+05	-2.174958e+01
6.605565e+05	-2.202207e+01
6.643718e+05	-2.216689e+01
6.682092e+05	-2.225387e+01
6.720688e+05	-2.222824e+01
6.759506e+05	-2.212895e+01
6.798549e+05	-2.191064e+01
6.837817e+05	-2.159780e+01
6.877312e+05	-2.113909e+01
6.917035e+05	-2.057012e+01
6.956987e+05	-1.981760e+01
6.997171e+05	-1.885351e+01
7.037586e+05	-1.765598e+01
7.078235e+05	-1.609285e+01
7.119118e+05	-1.400923e+01
7.160238e+05	-1.108702e+01
7.201595e+05	-6.573879e+00
7.243191e+05	3.907542e-02
7.285028e+05	-4.187226e+00
7.327106e+05	-9.846710e+00
7.369427e+05	-1.340890e+01
7.411992e+05	-1.591139e+01
7.454804e+05	-1.780019e+01
7.497862e+05	-1.926335e+01
7.541170e+05	-2.041485e+01
7.584727e+05	-2.130413e+01
7.628536e+05	-2.200619e+01
7.672598e+05	-2.254403e+01
7.716915e+05	-2.289379e+01
7.761488e+05	-2.307174e+01
7.806318e+05	-2.308232e+01
7.851407e+05	-2.294527e+01
7.896756e+05	-2.260536e+01
7.942367e+05	-2.207734e+01
7.988242e+05	-2.128849e+01
8.034382e+05	-2.020763e+01
8.080788e+05	-1.871511e+01
8.127463e+05	-1.665304e+01
8.174406e+05	-1.356507e+01
8.221621e+05	-8.446087e+00
8.269109e+05	2.165531e-01
8.316871e+05	-7.688355e+00
8.364909e+05	-1.340342e+01
8.413225e+05	-1.684386e+01
8.461819e+05	-1.914151e+01
8.510694e+05	-2.081692e+01
8.559852e+05	-2.202037e+01
8.609293e+05	-2.284364e+01
8.659020e+05	-2.338743e+01
8.709034e+05	-2.360826e+01
8.759337e+05	-2.352407e+01
8.809931e+05	-2.314271e+01
8.860816e+05	-2.237212e+01
8.911996e+05	-2.113852e+01
8.963471e+05	-1.922321e+01
9.015244e+05	-1.618953e+01
9.067316e+05	-1.074766e+01
9.119688e+05	4.783843e-01
9.172363e+05	-1.103732e+01
9.225342e+05	-1.679316e+01
9.278628e+05	-2.007848e+01
9.332221e+05	-2.221605e+01
9.386123e+05	-2.359783e+01
9.440337e+05	-2.447078e+01
9.494864e+05	-2.478872e+01
9.549706e+05	-2.463183e+01
9.604865e+05	-2.389289e+01
9.660342e+05	-2.249307e+01
9.716140e+05	-1.995587e+01
9.772260e+05	-1.524887e+01
9.828704e+05	-2.496691e+00
9.885474e+05	-1.251714e+01
9.942572e+05	-1.918939e+01
1.000000e+06	-2.261674e+01
