Frequency(Hz)	Magnitude(dB)
1.000000e+01	1.375786e-05
1.005776e+01	-1.069066e-06
1.011585e+01	-1.173296e-04
1.017428e+01	-7.615874e-05
1.023305e+01	5.478702e-05
1.029215e+01	-2.715416e-05
1.035160e+01	-1.732425e-04
1.041139e+01	-4.394667e-05
1.047153e+01	-7.206350e-05
1.053201e+01	-2.592703e-05
1.059284e+01	-9.538007e-05
1.065403e+01	-1.456361e-04
1.071556e+01	7.012831e-05
1.077746e+01	4.893261e-05
1.083971e+01	4.545543e-06
1.090232e+01	-5.804943e-06
1.096529e+01	-1.460158e-04
1.102862e+01	-1.020993e-04
1.109232e+01	7.249439e-05
1.115639e+01	-6.264301e-05
1.122083e+01	-1.044815e-04
1.128564e+01	-1.562566e-05
1.135083e+01	-8.303161e-05
1.141639e+01	5.082223e-05
1.148233e+01	6.548094e-05
1.154865e+01	9.692851e-05
1.161536e+01	1.521190e-04
1.168245e+01	4.947682e-05
1.174992e+01	-8.713253e-05
1.181779e+01	6.403917e-05
1.188605e+01	-3.732534e-05
1.195470e+01	-6.955066e-05
1.202375e+01	-1.511116e-05
1.209320e+01	1.072014e-05
1.216305e+01	1.713606e-05
1.223330e+01	-1.060471e-04
1.230396e+01	-1.014197e-04
1.237503e+01	-9.676967e-05
1.244651e+01	-1.371458e-04
1.251840e+01	-3.092117e-05
1.259070e+01	-8.198218e-05
1.266343e+01	-5.002893e-05
1.273657e+01	-9.332811e-05
1.281014e+01	4.144214e-05
1.288413e+01	1.172353e-04
1.295855e+01	-6.668059e-05
1.303339e+01	-1.035830e-04
1.310867e+01	1.014031e-04
1.318439e+01	-1.694207e-04
1.326054e+01	-2.836501e-05
1.333713e+01	2.621021e-05
1.341417e+01	-6.486643e-05
1.349165e+01	9.878773e-05
1.356958e+01	-1.800794e-04
1.364795e+01	9.699305e-05
1.372678e+01	-9.654773e-05
1.380607e+01	-8.268475e-05
1.388581e+01	2.757932e-05
1.396602e+01	-4.830141e-05
1.404668e+01	1.274190e-05
1.412782e+01	-5.445953e-05
1.420942e+01	1.056181e-04
1.429149e+01	9.539975e-05
1.437404e+01	-1.135740e-04
1.445706e+01	-1.858818e-04
1.454057e+01	-4.356741e-06
1.462455e+01	-1.143640e-04
1.470902e+01	-4.834254e-05
1.479398e+01	3.000702e-05
1.487943e+01	7.900539e-05
1.496537e+01	2.813249e-05
1.505181e+01	9.126780e-05
1.513875e+01	-8.322262e-05
1.522619e+01	-1.014097e-04
1.531414e+01	3.735059e-05
1.540259e+01	-6.038714e-06
1.549156e+01	-1.281304e-04
1.558103e+01	-2.840001e-05
1.567103e+01	1.204743e-04
1.576155e+01	1.132516e-04
1.585258e+01	5.554674e-05
1.594415e+01	-9.419263e-05
1.603624e+01	4.426787e-05
1.612886e+01	-5.312656e-05
1.622202e+01	-1.881699e-04
1.631572e+01	-7.427804e-05
1.640996e+01	-2.216842e-04
1.650474e+01	-1.593344e-04
1.660008e+01	-5.825400e-05
1.669596e+01	-5.100419e-05
1.679239e+01	-6.442102e-05
1.688938e+01	-1.644295e-05
1.698694e+01	1.219912e-04
1.708505e+01	-4.566355e-05
1.718373e+01	-8.778187e-05
1.728299e+01	5.376488e-05
1.738281e+01	-1.706696e-04
1.748322e+01	9.091315e-05
1.758420e+01	-9.079473e-05
1.768576e+01	2.255955e-05
1.778792e+01	6.397148e-05
1.789066e+01	-1.164012e-04
1.799399e+01	-3.143054e-05
1.809793e+01	-6.081507e-05
1.820246e+01	-6.445568e-05
1.830760e+01	4.517331e-07
1.841334e+01	2.480888e-04
1.851969e+01	-8.582205e-05
1.862666e+01	-5.165177e-05
1.873425e+01	4.131161e-05
1.884246e+01	-2.469409e-05
1.895129e+01	-1.896882e-04
1.906075e+01	4.432186e-05
1.917085e+01	6.862995e-06
1.928158e+01	8.540783e-06
1.939295e+01	1.828901e-04
1.950496e+01	-1.028604e-04
1.961762e+01	-1.431922e-04
1.973093e+01	-1.128825e-04
1.984490e+01	-8.180987e-05
1.995952e+01	-3.550870e-04
2.007480e+01	-6.513253e-05
2.019076e+01	-1.113396e-04
2.030738e+01	-1.247216e-04
2.042467e+01	2.449628e-05
2.054264e+01	-1.346879e-04
2.066130e+01	-1.085199e-04
2.078064e+01	-1.580781e-04
2.090066e+01	-2.807828e-05
2.102139e+01	-8.329172e-06
2.114280e+01	2.867582e-05
2.126492e+01	-2.067067e-04
2.138775e+01	7.329359e-05
2.151128e+01	-1.787894e-04
2.163553e+01	-1.476951e-04
2.176050e+01	-8.118104e-05
2.188619e+01	-2.157121e-04
2.201260e+01	-1.121549e-04
2.213974e+01	-9.106669e-06
2.226762e+01	-1.082347e-04
2.239624e+01	-8.761000e-05
2.252560e+01	7.923465e-05
2.265571e+01	-1.900988e-04
2.278656e+01	-9.523387e-05
2.291818e+01	-5.074690e-05
2.305055e+01	-3.076830e-04
2.318369e+01	-2.422867e-04
2.331760e+01	-3.055212e-05
2.345228e+01	-1.124990e-04
2.358774e+01	-2.145714e-04
2.372398e+01	-4.534368e-05
2.386101e+01	-1.942594e-05
2.399883e+01	-5.272949e-05
2.413745e+01	-1.269665e-04
2.427686e+01	2.408105e-05
2.441709e+01	-2.129204e-04
2.455812e+01	-5.612764e-05
2.469997e+01	-1.850539e-04
2.484263e+01	7.908502e-05
2.498612e+01	-2.570849e-04
2.513044e+01	-9.839057e-05
2.527559e+01	-1.823053e-04
2.542158e+01	-2.774460e-05
2.556842e+01	-1.096497e-04
2.571610e+01	-1.245727e-04
2.586463e+01	-6.695842e-05
2.601403e+01	-2.702757e-04
2.616428e+01	-1.403331e-04
2.631541e+01	-1.772186e-04
2.646740e+01	-2.569911e-04
2.662028e+01	-2.016901e-04
2.677404e+01	7.358549e-05
2.692868e+01	-1.443725e-04
2.708422e+01	-5.337564e-05
2.724066e+01	-3.075655e-04
2.739800e+01	-9.608588e-05
2.755625e+01	-1.964352e-04
2.771541e+01	-2.573185e-04
2.787550e+01	1.677759e-05
2.803650e+01	-2.529867e-05
2.819844e+01	-3.615628e-05
2.836131e+01	-1.725058e-04
2.852513e+01	-1.401733e-04
2.868989e+01	1.145717e-05
2.885560e+01	-2.940704e-04
2.902227e+01	-2.655424e-04
2.918990e+01	-1.114336e-04
2.935850e+01	-3.263663e-04
2.952807e+01	-1.067627e-04
2.969863e+01	-2.590190e-04
2.987016e+01	-1.506055e-04
3.004269e+01	-2.010161e-04
3.021622e+01	-5.794690e-05
3.039075e+01	-2.028099e-05
3.056628e+01	-1.236594e-04
3.074283e+01	-1.089073e-04
3.092040e+01	-2.646484e-04
3.109900e+01	-2.604995e-04
3.127862e+01	-1.875956e-04
3.145929e+01	-1.623685e-04
3.164099e+01	-2.084414e-04
3.182375e+01	-1.565076e-04
3.200756e+01	-1.898558e-04
3.219244e+01	-3.078973e-04
3.237838e+01	-1.725661e-04
3.256540e+01	-1.363764e-04
3.275349e+01	-1.799255e-04
3.294268e+01	-3.386386e-04
3.313295e+01	-2.461927e-04
3.332433e+01	-2.359033e-04
3.351681e+01	-7.788827e-05
3.371040e+01	-2.547840e-04
3.390511e+01	-1.940356e-04
3.410094e+01	-3.093957e-04
3.429791e+01	-2.350989e-04
3.449601e+01	-5.248323e-05
3.469526e+01	-2.175278e-04
3.489566e+01	-3.055502e-04
3.509721e+01	-2.739984e-04
3.529993e+01	-2.791356e-04
3.550382e+01	-2.969163e-04
3.570889e+01	-3.794894e-04
3.591515e+01	-1.865863e-04
3.612259e+01	-1.189754e-04
3.633123e+01	-2.222266e-04
3.654108e+01	-1.606369e-04
3.675214e+01	-2.425360e-04
3.696442e+01	-9.324181e-05
3.717792e+01	-2.231229e-04
3.739266e+01	-4.185124e-04
3.760864e+01	-2.668241e-04
3.782587e+01	-3.613898e-04
3.804435e+01	-2.699418e-04
3.826409e+01	-3.346803e-04
3.848510e+01	-3.525348e-04
3.870739e+01	-4.030886e-04
3.893096e+01	-2.430850e-04
3.915583e+01	-4.049451e-04
3.938199e+01	-3.008539e-04
3.960946e+01	-3.499249e-04
3.983824e+01	-3.657989e-04
4.006834e+01	-3.949514e-04
4.029978e+01	-4.273574e-04
4.053255e+01	-2.054126e-04
4.076666e+01	-3.452841e-04
4.100213e+01	-2.393832e-04
4.123896e+01	-2.035178e-04
4.147715e+01	-1.892371e-04
4.171672e+01	-3.476924e-04
4.195767e+01	-2.256169e-04
4.220002e+01	-3.475702e-04
4.244377e+01	-2.461824e-04
4.268892e+01	-2.023294e-04
4.293549e+01	-3.224297e-04
4.318348e+01	-4.080354e-04
4.343291e+01	-4.622819e-04
4.368377e+01	-3.490364e-04
4.393609e+01	-4.183979e-04
4.418986e+01	-3.775094e-04
4.444510e+01	-3.734307e-04
4.470182e+01	-4.220489e-04
4.496001e+01	-3.720691e-04
4.521970e+01	-3.177434e-04
4.548089e+01	-3.495674e-04
4.574358e+01	-3.341714e-04
4.600779e+01	-2.981070e-04
4.627353e+01	-3.567270e-04
4.654081e+01	-3.596095e-04
4.680963e+01	-3.253050e-04
4.708000e+01	-4.399468e-04
4.735193e+01	-2.892552e-04
4.762543e+01	-3.776943e-04
4.790051e+01	-2.605664e-04
4.817719e+01	-5.422581e-04
4.845545e+01	-3.864985e-04
4.873533e+01	-4.761234e-04
4.901682e+01	-3.080891e-04
4.929994e+01	-3.482079e-04
4.958470e+01	-3.843561e-04
4.987110e+01	-4.696468e-04
5.015915e+01	-3.262231e-04
5.044887e+01	-2.808343e-04
5.074026e+01	-3.807479e-04
5.103333e+01	-4.404659e-04
5.132810e+01	-4.671473e-04
5.162457e+01	-5.200226e-04
5.192275e+01	-4.217836e-04
5.222265e+01	-5.146317e-04
5.252429e+01	-4.313875e-04
5.282767e+01	-4.582557e-04
5.313280e+01	-5.120333e-04
5.343969e+01	-5.077095e-04
5.374836e+01	-4.310780e-04
5.405880e+01	-4.737389e-04
5.437105e+01	-6.112731e-04
5.468509e+01	-5.088610e-04
5.500095e+01	-6.545495e-04
5.531863e+01	-3.969375e-04
5.563815e+01	-5.641757e-04
5.595951e+01	-5.475869e-04
5.628273e+01	-5.159480e-04
5.660782e+01	-4.681575e-04
5.693479e+01	-6.788439e-04
5.726364e+01	-5.938863e-04
5.759439e+01	-5.376941e-04
5.792705e+01	-5.923826e-04
5.826164e+01	-5.233503e-04
5.859815e+01	-3.739116e-04
5.893662e+01	-6.388772e-04
5.927703e+01	-5.329206e-04
5.961941e+01	-6.391407e-04
5.996377e+01	-7.185828e-04
6.031012e+01	-7.182310e-04
6.065847e+01	-6.339979e-04
6.100883e+01	-4.542153e-04
6.136121e+01	-6.762901e-04
6.171563e+01	-6.124042e-04
6.207210e+01	-5.935241e-04
6.243063e+01	-6.754679e-04
6.279122e+01	-6.913180e-04
6.315390e+01	-8.691317e-04
6.351868e+01	-7.590218e-04
6.388556e+01	-8.124564e-04
6.425456e+01	-6.335394e-04
6.462569e+01	-5.824708e-04
6.499897e+01	-7.951532e-04
6.537440e+01	-8.510721e-04
6.575200e+01	-8.872823e-04
6.613178e+01	-6.517051e-04
6.651375e+01	-7.909187e-04
6.689793e+01	-8.014937e-04
6.728433e+01	-8.021489e-04
6.767297e+01	-8.259334e-04
6.806384e+01	-8.407174e-04
6.845698e+01	-7.084676e-04
6.885238e+01	-8.151003e-04
6.925007e+01	-8.688319e-04
6.965005e+01	-7.112608e-04
7.005235e+01	-9.427058e-04
7.045697e+01	-9.954221e-04
7.086393e+01	-9.738884e-04
7.127323e+01	-8.497028e-04
7.168490e+01	-9.594784e-04
7.209895e+01	-9.680127e-04
7.251539e+01	-1.063071e-03
7.293424e+01	-1.073200e-03
7.335551e+01	-9.532813e-04
7.377920e+01	-7.576388e-04
7.420535e+01	-1.141120e-03
7.463396e+01	-9.884517e-04
7.506504e+01	-1.046687e-03
7.549861e+01	-9.686009e-04
7.593469e+01	-1.075308e-03
7.637328e+01	-1.025148e-03
7.681441e+01	-1.075173e-03
7.725809e+01	-1.077152e-03
7.770433e+01	-1.049323e-03
7.815315e+01	-1.173220e-03
7.860456e+01	-1.106671e-03
7.905857e+01	-1.018155e-03
7.951521e+01	-1.016456e-03
7.997449e+01	-1.042175e-03
8.043642e+01	-9.810606e-04
8.090102e+01	-1.178363e-03
8.136830e+01	-1.201126e-03
8.183828e+01	-1.226162e-03
8.231097e+01	-1.353090e-03
8.278640e+01	-1.257236e-03
8.326457e+01	-1.140678e-03
8.374550e+01	-1.222922e-03
8.422921e+01	-1.278664e-03
8.471572e+01	-1.165677e-03
8.520503e+01	-1.141644e-03
8.569717e+01	-1.257394e-03
8.619215e+01	-1.295555e-03
8.669000e+01	-1.216498e-03
8.719071e+01	-1.390178e-03
8.769432e+01	-1.260425e-03
8.820084e+01	-1.325873e-03
8.871029e+01	-1.286840e-03
8.922267e+01	-1.388003e-03
8.973802e+01	-1.361802e-03
9.025634e+01	-1.517351e-03
9.077766e+01	-1.422943e-03
9.130199e+01	-1.531660e-03
9.182935e+01	-1.350143e-03
9.235975e+01	-1.520702e-03
9.289321e+01	-1.466846e-03
9.342976e+01	-1.514593e-03
9.396941e+01	-1.491693e-03
9.451217e+01	-1.629582e-03
9.505807e+01	-1.518079e-03
9.560712e+01	-1.459158e-03
9.615934e+01	-1.626140e-03
9.671476e+01	-1.596350e-03
9.727338e+01	-1.700140e-03
9.783522e+01	-1.726095e-03
9.840032e+01	-1.753089e-03
9.896867e+01	-1.774402e-03
9.954031e+01	-1.877652e-03
1.001153e+02	-1.733815e-03
1.006935e+02	-1.771324e-03
1.012751e+02	-1.736051e-03
1.018601e+02	-1.901463e-03
1.024484e+02	-1.644556e-03
1.030402e+02	-1.895452e-03
1.036353e+02	-1.862129e-03
1.042339e+02	-1.726525e-03
1.048360e+02	-1.950166e-03
1.054415e+02	-1.941389e-03
1.060505e+02	-1.826973e-03
1.066631e+02	-1.971088e-03
1.072791e+02	-1.989228e-03
1.078988e+02	-2.117611e-03
1.085220e+02	-2.088108e-03
1.091488e+02	-2.085946e-03
1.097793e+02	-2.066120e-03
1.104133e+02	-2.137562e-03
1.110511e+02	-1.989706e-03
1.116925e+02	-2.275116e-03
1.123376e+02	-2.215278e-03
1.129865e+02	-2.116205e-03
1.136391e+02	-2.301307e-03
1.142955e+02	-2.181552e-03
1.149556e+02	-2.237312e-03
1.156196e+02	-2.336997e-03
1.162874e+02	-2.308339e-03
1.169591e+02	-2.395552e-03
1.176347e+02	-2.367290e-03
1.183141e+02	-2.480249e-03
1.189975e+02	-2.348277e-03
1.196848e+02	-2.499604e-03
1.203761e+02	-2.481279e-03
1.210714e+02	-2.457111e-03
1.217707e+02	-2.638208e-03
1.224740e+02	-2.621720e-03
1.231814e+02	-2.508382e-03
1.238929e+02	-2.696823e-03
1.246085e+02	-2.760095e-03
1.253283e+02	-2.736255e-03
1.260522e+02	-2.766347e-03
1.267802e+02	-2.681854e-03
1.275125e+02	-2.734374e-03
1.282490e+02	-2.792591e-03
1.289898e+02	-2.901451e-03
1.297348e+02	-2.959042e-03
1.304842e+02	-2.892547e-03
1.312378e+02	-2.864335e-03
1.319959e+02	-2.893356e-03
1.327583e+02	-3.084703e-03
1.335251e+02	-3.114057e-03
1.342963e+02	-3.130226e-03
1.350720e+02	-3.139773e-03
1.358522e+02	-3.242416e-03
1.366368e+02	-3.174071e-03
1.374260e+02	-3.244892e-03
1.382198e+02	-3.309354e-03
1.390182e+02	-3.326144e-03
1.398211e+02	-3.356502e-03
1.406287e+02	-3.398614e-03
1.414410e+02	-3.329031e-03
1.422579e+02	-3.574372e-03
1.430796e+02	-3.693262e-03
1.439060e+02	-3.544858e-03
1.447372e+02	-3.529603e-03
1.455732e+02	-3.513778e-03
1.464141e+02	-3.759799e-03
1.472597e+02	-3.578399e-03
1.481103e+02	-3.935435e-03
1.489658e+02	-3.876768e-03
1.498262e+02	-3.866031e-03
1.506916e+02	-3.995955e-03
1.515620e+02	-3.986184e-03
1.524374e+02	-4.064076e-03
1.533179e+02	-4.146967e-03
1.542034e+02	-4.194656e-03
1.550941e+02	-4.199778e-03
1.559899e+02	-4.291414e-03
1.568909e+02	-4.346499e-03
1.577971e+02	-4.456075e-03
1.587085e+02	-4.342248e-03
1.596252e+02	-4.506706e-03
1.605472e+02	-4.436310e-03
1.614745e+02	-4.283748e-03
1.624072e+02	-4.615965e-03
1.633453e+02	-4.573241e-03
1.642887e+02	-4.713448e-03
1.652377e+02	-4.672842e-03
1.661921e+02	-4.817011e-03
1.671520e+02	-5.017852e-03
1.681175e+02	-4.863589e-03
1.690885e+02	-4.900217e-03
1.700651e+02	-5.089823e-03
1.710474e+02	-5.034965e-03
1.720354e+02	-5.162451e-03
1.730291e+02	-5.181007e-03
1.740285e+02	-5.362171e-03
1.750337e+02	-5.361977e-03
1.760446e+02	-5.312885e-03
1.770615e+02	-5.522570e-03
1.780842e+02	-5.481463e-03
1.791128e+02	-5.596818e-03
1.801473e+02	-5.512869e-03
1.811878e+02	-5.668229e-03
1.822344e+02	-5.781236e-03
1.832870e+02	-5.773708e-03
1.843456e+02	-5.854348e-03
1.854104e+02	-6.045778e-03
1.864813e+02	-5.969337e-03
1.875584e+02	-6.146339e-03
1.886418e+02	-6.149933e-03
1.897313e+02	-6.135587e-03
1.908272e+02	-6.300858e-03
1.919294e+02	-6.367394e-03
1.930380e+02	-6.432084e-03
1.941530e+02	-6.513644e-03
1.952744e+02	-6.670301e-03
1.964023e+02	-6.617673e-03
1.975367e+02	-6.759462e-03
1.986777e+02	-6.766718e-03
1.998252e+02	-6.939284e-03
2.009794e+02	-6.823612e-03
2.021403e+02	-7.021172e-03
2.033078e+02	-7.101053e-03
2.044821e+02	-7.196073e-03
2.056632e+02	-7.381440e-03
2.068511e+02	-7.239383e-03
2.080459e+02	-7.590217e-03
2.092475e+02	-7.662419e-03
2.104561e+02	-7.754271e-03
2.116717e+02	-7.833644e-03
2.128943e+02	-7.831479e-03
2.141240e+02	-8.155229e-03
2.153608e+02	-8.029213e-03
2.166047e+02	-7.971048e-03
2.178558e+02	-8.051371e-03
2.191141e+02	-8.294519e-03
2.203797e+02	-8.308780e-03
2.216526e+02	-8.546592e-03
2.229329e+02	-8.668900e-03
2.242205e+02	-8.870755e-03
2.255156e+02	-8.995682e-03
2.268182e+02	-8.916024e-03
2.281283e+02	-9.108684e-03
2.294459e+02	-9.113214e-03
2.307712e+02	-9.141797e-03
2.321041e+02	-9.328495e-03
2.334447e+02	-9.481165e-03
2.347931e+02	-9.592732e-03
2.361493e+02	-9.737827e-03
2.375133e+02	-9.889347e-03
2.388851e+02	-9.866860e-03
2.402649e+02	-1.007444e-02
2.416527e+02	-1.013674e-02
2.430484e+02	-1.013270e-02
2.444523e+02	-1.040263e-02
2.458642e+02	-1.061162e-02
2.472843e+02	-1.067305e-02
2.487126e+02	-1.075145e-02
2.501492e+02	-1.078269e-02
2.515940e+02	-1.125894e-02
2.530472e+02	-1.105500e-02
2.545088e+02	-1.125121e-02
2.559789e+02	-1.137165e-02
2.574574e+02	-1.165769e-02
2.589444e+02	-1.154840e-02
2.604401e+02	-1.168419e-02
2.619444e+02	-1.183522e-02
2.634574e+02	-1.191562e-02
2.649791e+02	-1.206663e-02
2.665096e+02	-1.240766e-02
2.680489e+02	-1.247253e-02
2.695972e+02	-1.256914e-02
2.711544e+02	-1.280639e-02
2.727205e+02	-1.280545e-02
2.742958e+02	-1.312257e-02
2.758801e+02	-1.313152e-02
2.774736e+02	-1.332840e-02
2.790762e+02	-1.344458e-02
2.806882e+02	-1.368375e-02
2.823094e+02	-1.376817e-02
2.839400e+02	-1.383745e-02
2.855800e+02	-1.424657e-02
2.872295e+02	-1.429593e-02
2.888886e+02	-1.461202e-02
2.905572e+02	-1.457387e-02
2.922354e+02	-1.479616e-02
2.939234e+02	-1.497058e-02
2.956211e+02	-1.515579e-02
2.973286e+02	-1.533326e-02
2.990459e+02	-1.547799e-02
3.007732e+02	-1.565032e-02
3.025104e+02	-1.592588e-02
3.042577e+02	-1.607051e-02
3.060151e+02	-1.628651e-02
3.077826e+02	-1.627322e-02
3.095604e+02	-1.674317e-02
3.113484e+02	-1.677107e-02
3.131467e+02	-1.695402e-02
3.149554e+02	-1.719293e-02
3.167746e+02	-1.742645e-02
3.186043e+02	-1.762322e-02
3.204445e+02	-1.772449e-02
3.222954e+02	-1.790328e-02
3.241570e+02	-1.818806e-02
3.260293e+02	-1.842737e-02
3.279124e+02	-1.875814e-02
3.298064e+02	-1.883717e-02
3.317114e+02	-1.894127e-02
3.336273e+02	-1.914266e-02
3.355544e+02	-1.946739e-02
3.374925e+02	-1.983413e-02
3.394418e+02	-1.994035e-02
3.414024e+02	-2.017338e-02
3.433744e+02	-2.031557e-02
3.453577e+02	-2.057225e-02
3.473525e+02	-2.084112e-02
3.493588e+02	-2.114742e-02
3.513766e+02	-2.152039e-02
3.534062e+02	-2.160831e-02
3.554474e+02	-2.186269e-02
3.575005e+02	-2.223098e-02
3.595654e+02	-2.244053e-02
3.616422e+02	-2.271828e-02
3.637311e+02	-2.285398e-02
3.658320e+02	-2.321605e-02
3.679450e+02	-2.343875e-02
3.700702e+02	-2.372814e-02
3.722077e+02	-2.396365e-02
3.743576e+02	-2.427305e-02
3.765199e+02	-2.466753e-02
3.786946e+02	-2.486472e-02
3.808820e+02	-2.521350e-02
3.830819e+02	-2.523799e-02
3.852946e+02	-2.570873e-02
3.875200e+02	-2.597575e-02
3.897583e+02	-2.645009e-02
3.920096e+02	-2.648594e-02
3.942738e+02	-2.687492e-02
3.965511e+02	-2.712902e-02
3.988416e+02	-2.759942e-02
4.011452e+02	-2.777258e-02
4.034622e+02	-2.808956e-02
4.057926e+02	-2.844117e-02
4.081365e+02	-2.876716e-02
4.104938e+02	-2.926710e-02
4.128648e+02	-2.955729e-02
4.152495e+02	-2.976450e-02
4.176480e+02	-3.022693e-02
4.200603e+02	-3.054643e-02
4.224866e+02	-3.088860e-02
4.249268e+02	-3.138029e-02
4.273812e+02	-3.159395e-02
4.298497e+02	-3.201895e-02
4.323325e+02	-3.230404e-02
4.348297e+02	-3.267949e-02
4.373412e+02	-3.314888e-02
4.398673e+02	-3.343122e-02
4.424079e+02	-3.368062e-02
4.449633e+02	-3.414254e-02
4.475334e+02	-3.473875e-02
4.501183e+02	-3.503200e-02
4.527182e+02	-3.559950e-02
4.553330e+02	-3.587032e-02
4.579630e+02	-3.617435e-02
4.606082e+02	-3.662319e-02
4.632687e+02	-3.710311e-02
4.659445e+02	-3.752134e-02
4.686358e+02	-3.804041e-02
4.713426e+02	-3.838459e-02
4.740650e+02	-3.870647e-02
4.768032e+02	-3.928028e-02
4.795572e+02	-3.986817e-02
4.823271e+02	-4.010764e-02
4.851130e+02	-4.056066e-02
4.879150e+02	-4.123623e-02
4.907332e+02	-4.165416e-02
4.935676e+02	-4.217057e-02
4.964185e+02	-4.258770e-02
4.992858e+02	-4.305525e-02
5.021696e+02	-4.362072e-02
5.050701e+02	-4.405636e-02
5.079874e+02	-4.469940e-02
5.109215e+02	-4.495836e-02
5.138726e+02	-4.556015e-02
5.168407e+02	-4.620494e-02
5.198259e+02	-4.682188e-02
5.228284e+02	-4.724500e-02
5.258482e+02	-4.776115e-02
5.288855e+02	-4.815589e-02
5.319403e+02	-4.879525e-02
5.350128e+02	-4.945750e-02
5.381030e+02	-5.010071e-02
5.412111e+02	-5.055145e-02
5.443371e+02	-5.109324e-02
5.474812e+02	-5.162770e-02
5.506434e+02	-5.234568e-02
5.538239e+02	-5.299816e-02
5.570228e+02	-5.349568e-02
5.602401e+02	-5.422593e-02
5.634760e+02	-5.484541e-02
5.667306e+02	-5.537739e-02
5.700040e+02	-5.611435e-02
5.732964e+02	-5.671316e-02
5.766077e+02	-5.740582e-02
5.799382e+02	-5.777097e-02
5.832879e+02	-5.866774e-02
5.866569e+02	-5.934047e-02
5.900454e+02	-5.989835e-02
5.934535e+02	-6.076382e-02
5.968813e+02	-6.133662e-02
6.003288e+02	-6.219893e-02
6.037963e+02	-6.288582e-02
6.072838e+02	-6.363994e-02
6.107914e+02	-6.423393e-02
6.143194e+02	-6.495900e-02
6.178676e+02	-6.588444e-02
6.214364e+02	-6.648410e-02
6.250258e+02	-6.736122e-02
6.286359e+02	-6.809214e-02
6.322669e+02	-6.884386e-02
6.359189e+02	-6.959004e-02
6.395919e+02	-7.029340e-02
6.432862e+02	-7.130162e-02
6.470017e+02	-7.216889e-02
6.507388e+02	-7.283867e-02
6.544974e+02	-7.369133e-02
6.582778e+02	-7.449044e-02
6.620800e+02	-7.528531e-02
6.659041e+02	-7.633018e-02
6.697504e+02	-7.713202e-02
6.736188e+02	-7.821325e-02
6.775096e+02	-7.902627e-02
6.814229e+02	-7.988091e-02
6.853587e+02	-8.077153e-02
6.893173e+02	-8.184603e-02
6.932988e+02	-8.275080e-02
6.973033e+02	-8.350075e-02
7.013309e+02	-8.450533e-02
7.053817e+02	-8.575367e-02
7.094560e+02	-8.644845e-02
7.135538e+02	-8.743706e-02
7.176752e+02	-8.843073e-02
7.218205e+02	-8.942231e-02
7.259897e+02	-9.057640e-02
7.301830e+02	-9.164174e-02
7.344005e+02	-9.256874e-02
7.386424e+02	-9.358947e-02
7.429087e+02	-9.464248e-02
7.471998e+02	-9.577269e-02
7.515155e+02	-9.685190e-02
7.558563e+02	-9.803844e-02
7.602221e+02	-9.922135e-02
7.646131e+02	-1.002831e-01
7.690295e+02	-1.014372e-01
7.734713e+02	-1.024968e-01
7.779389e+02	-1.037986e-01
7.824322e+02	-1.048597e-01
7.869515e+02	-1.062639e-01
7.914969e+02	-1.073625e-01
7.960686e+02	-1.087331e-01
8.006666e+02	-1.100136e-01
8.052912e+02	-1.112101e-01
8.099426e+02	-1.124297e-01
8.146208e+02	-1.137342e-01
8.193260e+02	-1.149563e-01
8.240584e+02	-1.163623e-01
8.288181e+02	-1.176281e-01
8.336053e+02	-1.188673e-01
8.384202e+02	-1.203601e-01
8.432629e+02	-1.217375e-01
8.481335e+02	-1.231964e-01
8.530323e+02	-1.246057e-01
8.579594e+02	-1.258985e-01
8.629149e+02	-1.274718e-01
8.678991e+02	-1.289109e-01
8.729120e+02	-1.303948e-01
8.779539e+02	-1.317059e-01
8.830250e+02	-1.333304e-01
8.881253e+02	-1.348642e-01
8.932551e+02	-1.362654e-01
8.984145e+02	-1.381251e-01
9.036037e+02	-1.395556e-01
9.088229e+02	-1.410699e-01
9.140722e+02	-1.426607e-01
9.193518e+02	-1.444177e-01
9.246620e+02	-1.459687e-01
9.300028e+02	-1.475159e-01
9.353744e+02	-1.492572e-01
9.407771e+02	-1.511138e-01
9.462110e+02	-1.526911e-01
9.516763e+02	-1.544884e-01
9.571731e+02	-1.561964e-01
9.627017e+02	-1.581078e-01
9.682622e+02	-1.600242e-01
9.738549e+02	-1.617658e-01
9.794798e+02	-1.633843e-01
9.851373e+02	-1.654279e-01
9.908274e+02	-1.671942e-01
9.965504e+02	-1.691099e-01
1.002306e+03	-1.710005e-01
1.008096e+03	-1.727861e-01
1.013918e+03	-1.749066e-01
1.019775e+03	-1.769748e-01
1.025665e+03	-1.788840e-01
1.031589e+03	-1.809968e-01
1.037548e+03	-1.829495e-01
1.043540e+03	-1.850905e-01
1.049568e+03	-1.872164e-01
1.055630e+03	-1.894781e-01
1.061727e+03	-1.915005e-01
1.067860e+03	-1.936471e-01
1.074028e+03	-1.957828e-01
1.080231e+03	-1.979893e-01
1.086471e+03	-2.002738e-01
1.092746e+03	-2.024647e-01
1.099058e+03	-2.049262e-01
1.105406e+03	-2.071687e-01
1.111791e+03	-2.094648e-01
1.118212e+03	-2.117204e-01
1.124671e+03	-2.142939e-01
1.131167e+03	-2.166635e-01
1.137701e+03	-2.191678e-01
1.144272e+03	-2.216201e-01
1.150881e+03	-2.240372e-01
1.157529e+03	-2.266465e-01
1.164215e+03	-2.290630e-01
1.170939e+03	-2.316330e-01
1.177702e+03	-2.343772e-01
1.184505e+03	-2.370670e-01
1.191346e+03	-2.395690e-01
1.198227e+03	-2.424595e-01
1.205148e+03	-2.450907e-01
1.212109e+03	-2.477363e-01
1.219110e+03	-2.506025e-01
1.226152e+03	-2.534728e-01
1.233234e+03	-2.562058e-01
1.240357e+03	-2.591652e-01
1.247521e+03	-2.622158e-01
1.254727e+03	-2.650835e-01
1.261974e+03	-2.679386e-01
1.269263e+03	-2.711102e-01
1.276595e+03	-2.741317e-01
1.283968e+03	-2.772557e-01
1.291384e+03	-2.803160e-01
1.298843e+03	-2.834055e-01
1.306345e+03	-2.866227e-01
1.313891e+03	-2.896932e-01
1.321480e+03	-2.930233e-01
1.329113e+03	-2.964854e-01
1.336790e+03	-2.997626e-01
1.344511e+03	-3.029074e-01
1.352277e+03	-3.064275e-01
1.360087e+03	-3.097847e-01
1.367943e+03	-3.132798e-01
1.375844e+03	-3.167599e-01
1.383791e+03	-3.203620e-01
1.391784e+03	-3.238121e-01
1.399823e+03	-3.273580e-01
1.407908e+03	-3.311802e-01
1.416040e+03	-3.347945e-01
1.424219e+03	-3.387324e-01
1.432445e+03	-3.424614e-01
1.440719e+03	-3.460963e-01
1.449041e+03	-3.499769e-01
1.457410e+03	-3.538839e-01
1.465828e+03	-3.577930e-01
1.474295e+03	-3.618754e-01
1.482810e+03	-3.657267e-01
1.491375e+03	-3.699258e-01
1.499989e+03	-3.740571e-01
1.508653e+03	-3.781341e-01
1.517367e+03	-3.824268e-01
1.526131e+03	-3.865592e-01
1.534946e+03	-3.908395e-01
1.543812e+03	-3.951803e-01
1.552729e+03	-3.996543e-01
1.561697e+03	-4.039662e-01
1.570717e+03	-4.084544e-01
1.579790e+03	-4.130253e-01
1.588915e+03	-4.177009e-01
1.598092e+03	-4.221051e-01
1.607323e+03	-4.267981e-01
1.616606e+03	-4.314920e-01
1.625944e+03	-4.362987e-01
1.635335e+03	-4.409609e-01
1.644781e+03	-4.459958e-01
1.654281e+03	-4.508566e-01
1.663836e+03	-4.557658e-01
1.673446e+03	-4.605218e-01
1.683112e+03	-4.657574e-01
1.692834e+03	-4.709311e-01
1.702611e+03	-4.761496e-01
1.712446e+03	-4.813913e-01
1.722337e+03	-4.865137e-01
1.732285e+03	-4.919323e-01
1.742290e+03	-4.973322e-01
1.752354e+03	-5.027243e-01
1.762475e+03	-5.082509e-01
1.772655e+03	-5.136630e-01
1.782894e+03	-5.192676e-01
1.793192e+03	-5.252559e-01
1.803549e+03	-5.306170e-01
1.813967e+03	-5.363861e-01
1.824444e+03	-5.422902e-01
1.834982e+03	-5.482642e-01
1.845581e+03	-5.542124e-01
1.856241e+03	-5.602594e-01
1.866962e+03	-5.663826e-01
1.877746e+03	-5.724811e-01
1.888592e+03	-5.785995e-01
1.899500e+03	-5.850371e-01
1.910472e+03	-5.914462e-01
1.921506e+03	-5.976447e-01
1.932605e+03	-6.041373e-01
1.943768e+03	-6.107261e-01
1.954995e+03	-6.172635e-01
1.966287e+03	-6.239694e-01
1.977644e+03	-6.307607e-01
1.989067e+03	-6.374351e-01
2.000555e+03	-6.442518e-01
2.012110e+03	-6.511495e-01
2.023732e+03	-6.581807e-01
2.035421e+03	-6.653063e-01
2.047178e+03	-6.724521e-01
2.059002e+03	-6.797636e-01
2.070895e+03	-6.870622e-01
2.082856e+03	-6.943116e-01
2.094887e+03	-7.017643e-01
2.106987e+03	-7.093495e-01
2.119157e+03	-7.168149e-01
2.131397e+03	-7.245633e-01
2.143708e+03	-7.322275e-01
2.156090e+03	-7.400982e-01
2.168543e+03	-7.479225e-01
2.181069e+03	-7.557222e-01
2.193666e+03	-7.638223e-01
2.206337e+03	-7.719325e-01
2.219081e+03	-7.802437e-01
2.231898e+03	-7.883129e-01
2.244789e+03	-7.966110e-01
2.257755e+03	-8.050049e-01
2.270796e+03	-8.137173e-01
2.283912e+03	-8.222645e-01
2.297104e+03	-8.308607e-01
2.310372e+03	-8.395719e-01
2.323716e+03	-8.483677e-01
2.337138e+03	-8.574229e-01
2.350637e+03	-8.662259e-01
2.364214e+03	-8.754156e-01
2.377870e+03	-8.844734e-01
2.391604e+03	-8.938898e-01
2.405418e+03	-9.029877e-01
2.419312e+03	-9.126562e-01
2.433286e+03	-9.220356e-01
2.447340e+03	-9.318596e-01
2.461476e+03	-9.414803e-01
2.475693e+03	-9.512662e-01
2.489993e+03	-9.611843e-01
2.504375e+03	-9.711104e-01
2.518840e+03	-9.811161e-01
2.533389e+03	-9.912480e-01
2.548022e+03	-1.001608e+00
2.562739e+03	-1.012029e+00
2.577541e+03	-1.022231e+00
2.592429e+03	-1.032872e+00
2.607403e+03	-1.043572e+00
2.622463e+03	-1.054241e+00
2.637610e+03	-1.065138e+00
2.652845e+03	-1.075911e+00
2.668168e+03	-1.086960e+00
2.683579e+03	-1.097915e+00
2.699079e+03	-1.109112e+00
2.714669e+03	-1.120548e+00
2.730349e+03	-1.132013e+00
2.746119e+03	-1.143476e+00
2.761981e+03	-1.155262e+00
2.777934e+03	-1.167022e+00
2.793979e+03	-1.178656e+00
2.810117e+03	-1.190628e+00
2.826348e+03	-1.202715e+00
2.842673e+03	-1.214792e+00
2.859092e+03	-1.227036e+00
2.875606e+03	-1.239302e+00
2.892215e+03	-1.251855e+00
2.908921e+03	-1.264496e+00
2.925722e+03	-1.276993e+00
2.942621e+03	-1.289856e+00
2.959618e+03	-1.302886e+00
2.976712e+03	-1.315756e+00
2.993906e+03	-1.328898e+00
3.011198e+03	-1.342198e+00
3.028591e+03	-1.355431e+00
3.046084e+03	-1.369052e+00
3.063678e+03	-1.382529e+00
3.081374e+03	-1.396326e+00
3.099172e+03	-1.410026e+00
3.117072e+03	-1.423964e+00
3.135076e+03	-1.437911e+00
3.153184e+03	-1.451901e+00
3.171397e+03	-1.466244e+00
3.189715e+03	-1.480622e+00
3.208139e+03	-1.495314e+00
3.226669e+03	-1.509895e+00
3.245306e+03	-1.524604e+00
3.264051e+03	-1.539329e+00
3.282904e+03	-1.554486e+00
3.301866e+03	-1.569427e+00
3.320937e+03	-1.584705e+00
3.340119e+03	-1.599964e+00
3.359411e+03	-1.615375e+00
3.378815e+03	-1.631131e+00
3.398331e+03	-1.646733e+00
3.417959e+03	-1.662581e+00
3.437701e+03	-1.678457e+00
3.457557e+03	-1.694569e+00
3.477528e+03	-1.710679e+00
3.497614e+03	-1.726902e+00
3.517816e+03	-1.743817e+00
3.538135e+03	-1.760239e+00
3.558571e+03	-1.776965e+00
3.579125e+03	-1.793810e+00
3.599798e+03	-1.810719e+00
3.620590e+03	-1.827802e+00
3.641503e+03	-1.845055e+00
3.662536e+03	-1.862259e+00
3.683691e+03	-1.879722e+00
3.704967e+03	-1.897220e+00
3.726367e+03	-1.915190e+00
3.747890e+03	-1.933162e+00
3.769538e+03	-1.951009e+00
3.791311e+03	-1.969169e+00
3.813209e+03	-1.987379e+00
3.835234e+03	-2.005846e+00
3.857386e+03	-2.024509e+00
3.879667e+03	-2.043018e+00
3.902075e+03	-2.061907e+00
3.924614e+03	-2.080703e+00
3.947282e+03	-2.100073e+00
3.970081e+03	-2.119175e+00
3.993012e+03	-2.138570e+00
4.016076e+03	-2.157912e+00
4.039272e+03	-2.177591e+00
4.062603e+03	-2.197387e+00
4.086069e+03	-2.217406e+00
4.109670e+03	-2.237308e+00
4.133407e+03	-2.257410e+00
4.157281e+03	-2.277790e+00
4.181294e+03	-2.298148e+00
4.205445e+03	-2.318757e+00
4.229735e+03	-2.339348e+00
4.254166e+03	-2.360230e+00
4.278738e+03	-2.381305e+00
4.303451e+03	-2.402547e+00
4.328308e+03	-2.423915e+00
4.353308e+03	-2.445251e+00
4.378453e+03	-2.466793e+00
4.403742e+03	-2.488386e+00
4.429178e+03	-2.510409e+00
4.454761e+03	-2.532346e+00
4.480492e+03	-2.554367e+00
4.506371e+03	-2.576538e+00
4.532399e+03	-2.599068e+00
4.558578e+03	-2.621375e+00
4.584908e+03	-2.644350e+00
4.611391e+03	-2.667135e+00
4.638026e+03	-2.690009e+00
4.664815e+03	-2.713104e+00
4.691759e+03	-2.736656e+00
4.718858e+03	-2.759852e+00
4.746114e+03	-2.783055e+00
4.773527e+03	-2.806822e+00
4.801099e+03	-2.830916e+00
4.828830e+03	-2.854823e+00
4.856721e+03	-2.879014e+00
4.884773e+03	-2.903007e+00
4.912988e+03	-2.927302e+00
4.941365e+03	-2.951982e+00
4.969906e+03	-2.976692e+00
4.998612e+03	-3.001399e+00
5.027484e+03	-3.026468e+00
5.056522e+03	-3.051654e+00
5.085729e+03	-3.076585e+00
5.115104e+03	-3.102217e+00
5.144648e+03	-3.127824e+00
5.174363e+03	-3.153596e+00
5.204250e+03	-3.179183e+00
5.234310e+03	-3.205122e+00
5.264543e+03	-3.231411e+00
5.294951e+03	-3.257497e+00
5.325534e+03	-3.283894e+00
5.356294e+03	-3.310308e+00
5.387232e+03	-3.337041e+00
5.418348e+03	-3.363659e+00
5.449645e+03	-3.390988e+00
5.481122e+03	-3.417785e+00
5.512780e+03	-3.444846e+00
5.544622e+03	-3.472469e+00
5.576647e+03	-3.499845e+00
5.608858e+03	-3.527401e+00
5.641254e+03	-3.555207e+00
5.673838e+03	-3.583158e+00
5.706610e+03	-3.611455e+00
5.739571e+03	-3.639288e+00
5.772723e+03	-3.667824e+00
5.806066e+03	-3.696068e+00
5.839601e+03	-3.724986e+00
5.873331e+03	-3.753605e+00
5.907255e+03	-3.782787e+00
5.941375e+03	-3.811662e+00
5.975692e+03	-3.840907e+00
6.010207e+03	-3.870106e+00
6.044922e+03	-3.899574e+00
6.079837e+03	-3.928995e+00
6.114954e+03	-3.958824e+00
6.150274e+03	-3.988622e+00
6.185797e+03	-4.018629e+00
6.221526e+03	-4.048675e+00
6.257462e+03	-4.078902e+00
6.293605e+03	-4.109175e+00
6.329956e+03	-4.140082e+00
6.366518e+03	-4.170520e+00
6.403290e+03	-4.201123e+00
6.440276e+03	-4.232202e+00
6.477474e+03	-4.263301e+00
6.514888e+03	-4.294707e+00
6.552518e+03	-4.325892e+00
6.590365e+03	-4.357234e+00
6.628430e+03	-4.388419e+00
6.666716e+03	-4.420648e+00
6.705223e+03	-4.452167e+00
6.743952e+03	-4.484300e+00
6.782905e+03	-4.516290e+00
6.822082e+03	-4.548492e+00
6.861486e+03	-4.580916e+00
6.901118e+03	-4.613499e+00
6.940979e+03	-4.646152e+00
6.981069e+03	-4.678835e+00
7.021392e+03	-4.711707e+00
7.061947e+03	-4.744529e+00
7.102737e+03	-4.777803e+00
7.143762e+03	-4.811122e+00
7.185024e+03	-4.844421e+00
7.226524e+03	-4.877553e+00
7.268264e+03	-4.911580e+00
7.310246e+03	-4.944937e+00
7.352469e+03	-4.978785e+00
7.394937e+03	-5.012895e+00
7.437650e+03	-5.046930e+00
7.480609e+03	-5.081300e+00
7.523817e+03	-5.115497e+00
7.567274e+03	-5.149903e+00
7.610982e+03	-5.184446e+00
7.654943e+03	-5.219001e+00
7.699158e+03	-5.254147e+00
7.743628e+03	-5.288543e+00
7.788355e+03	-5.323669e+00
7.833340e+03	-5.359001e+00
7.878585e+03	-5.394171e+00
7.924091e+03	-5.429719e+00
7.969861e+03	-5.465147e+00
8.015894e+03	-5.500559e+00
8.062194e+03	-5.536378e+00
8.108761e+03	-5.572025e+00
8.155596e+03	-5.608131e+00
8.202703e+03	-5.643997e+00
8.250081e+03	-5.680081e+00
8.297733e+03	-5.716265e+00
8.345661e+03	-5.752723e+00
8.393865e+03	-5.789213e+00
8.442348e+03	-5.825510e+00
8.491110e+03	-5.862468e+00
8.540155e+03	-5.898908e+00
8.589482e+03	-5.936068e+00
8.639095e+03	-5.972586e+00
8.688994e+03	-6.010158e+00
8.739181e+03	-6.047103e+00
8.789658e+03	-6.084555e+00
8.840427e+03	-6.121454e+00
8.891489e+03	-6.159304e+00
8.942846e+03	-6.197272e+00
8.994499e+03	-6.234536e+00
9.046451e+03	-6.272284e+00
9.098703e+03	-6.310129e+00
9.151257e+03	-6.348508e+00
9.204114e+03	-6.386469e+00
9.257277e+03	-6.424734e+00
9.310746e+03	-6.463253e+00
9.364525e+03	-6.501046e+00
9.418614e+03	-6.540110e+00
9.473015e+03	-6.578021e+00
9.527731e+03	-6.616818e+00
9.582763e+03	-6.655764e+00
9.638113e+03	-6.694599e+00
9.693782e+03	-6.733176e+00
9.749773e+03	-6.772480e+00
9.806087e+03	-6.811476e+00
9.862727e+03	-6.850323e+00
9.919693e+03	-6.889903e+00
9.976989e+03	-6.929111e+00
1.003462e+04	-6.968238e+00
1.009258e+04	-7.007659e+00
1.015087e+04	-7.047318e+00
1.020950e+04	-7.087001e+00
1.026847e+04	-7.126956e+00
1.032778e+04	-7.167021e+00
1.038743e+04	-7.206777e+00
1.044743e+04	-7.246418e+00
1.050777e+04	-7.286838e+00
1.056847e+04	-7.326681e+00
1.062951e+04	-7.367360e+00
1.069091e+04	-7.407269e+00
1.075266e+04	-7.448065e+00
1.081476e+04	-7.488067e+00
1.087723e+04	-7.528993e+00
1.094006e+04	-7.569618e+00
1.100324e+04	-7.610295e+00
1.106680e+04	-7.650981e+00
1.113072e+04	-7.691559e+00
1.119501e+04	-7.732301e+00
1.125967e+04	-7.773604e+00
1.132471e+04	-7.814474e+00
1.139012e+04	-7.855219e+00
1.145591e+04	-7.896842e+00
1.152208e+04	-7.937885e+00
1.158863e+04	-7.979392e+00
1.165556e+04	-8.020997e+00
1.172289e+04	-8.061780e+00
1.179060e+04	-8.103938e+00
1.185870e+04	-8.145144e+00
1.192719e+04	-8.186954e+00
1.199608e+04	-8.228510e+00
1.206537e+04	-8.270281e+00
1.213506e+04	-8.312310e+00
1.220515e+04	-8.353758e+00
1.227565e+04	-8.395742e+00
1.234655e+04	-8.438141e+00
1.241787e+04	-8.480097e+00
1.248959e+04	-8.522088e+00
1.256173e+04	-8.564235e+00
1.263429e+04	-8.606419e+00
1.270726e+04	-8.649115e+00
1.278066e+04	-8.691425e+00
1.285448e+04	-8.733715e+00
1.292873e+04	-8.776256e+00
1.300340e+04	-8.818385e+00
1.307851e+04	-8.861119e+00
1.315405e+04	-8.903790e+00
1.323003e+04	-8.946201e+00
1.330644e+04	-8.988997e+00
1.338330e+04	-9.032071e+00
1.346060e+04	-9.074390e+00
1.353835e+04	-9.117241e+00
1.361655e+04	-9.160367e+00
1.369520e+04	-9.203240e+00
1.377430e+04	-9.245972e+00
1.385386e+04	-9.289136e+00
1.393388e+04	-9.332078e+00
1.401436e+04	-9.375614e+00
1.409531e+04	-9.418705e+00
1.417672e+04	-9.461968e+00
1.425861e+04	-9.505000e+00
1.434096e+04	-9.548668e+00
1.442379e+04	-9.591198e+00
1.450711e+04	-9.635286e+00
1.459090e+04	-9.678492e+00
1.467518e+04	-9.721597e+00
1.475994e+04	-9.765028e+00
1.484519e+04	-9.808999e+00
1.493094e+04	-9.852488e+00
1.501718e+04	-9.895798e+00
1.510392e+04	-9.939637e+00
1.519116e+04	-9.982832e+00
1.527890e+04	-1.002678e+01
1.536715e+04	-1.007020e+01
1.545591e+04	-1.011436e+01
1.554518e+04	-1.015833e+01
1.563497e+04	-1.020220e+01
1.572528e+04	-1.024575e+01
1.581611e+04	-1.028974e+01
1.590746e+04	-1.033340e+01
1.599934e+04	-1.037712e+01
1.609175e+04	-1.042157e+01
1.618470e+04	-1.046553e+01
1.627818e+04	-1.050895e+01
1.637220e+04	-1.055281e+01
1.646677e+04	-1.059806e+01
1.656188e+04	-1.064180e+01
1.665754e+04	-1.068540e+01
1.675375e+04	-1.073009e+01
1.685052e+04	-1.077434e+01
1.694785e+04	-1.081804e+01
1.704574e+04	-1.086255e+01
1.714419e+04	-1.090668e+01
1.724322e+04	-1.095063e+01
1.734281e+04	-1.099521e+01
1.744299e+04	-1.103915e+01
1.754374e+04	-1.108363e+01
1.764507e+04	-1.112798e+01
1.774698e+04	-1.117234e+01
1.784949e+04	-1.121637e+01
1.795259e+04	-1.126070e+01
1.805628e+04	-1.130541e+01
1.816057e+04	-1.134981e+01
1.826547e+04	-1.139415e+01
1.837097e+04	-1.143886e+01
1.847708e+04	-1.148257e+01
1.858380e+04	-1.152763e+01
1.869114e+04	-1.157163e+01
1.879910e+04	-1.161622e+01
1.890768e+04	-1.166060e+01
1.901689e+04	-1.170599e+01
1.912673e+04	-1.175024e+01
1.923721e+04	-1.179364e+01
1.934832e+04	-1.183875e+01
1.946008e+04	-1.188230e+01
1.957248e+04	-1.192759e+01
1.968553e+04	-1.197197e+01
1.979923e+04	-1.201605e+01
1.991359e+04	-1.206148e+01
2.002861e+04	-1.210560e+01
2.014430e+04	-1.215091e+01
2.026065e+04	-1.219479e+01
2.037767e+04	-1.223937e+01
2.049537e+04	-1.228408e+01
2.061375e+04	-1.232832e+01
2.073282e+04	-1.237278e+01
2.085257e+04	-1.241795e+01
2.097301e+04	-1.246182e+01
2.109415e+04	-1.250564e+01
2.121599e+04	-1.255172e+01
2.133853e+04	-1.259545e+01
2.146178e+04	-1.263990e+01
2.158575e+04	-1.268409e+01
2.171043e+04	-1.272921e+01
2.183582e+04	-1.277335e+01
2.196195e+04	-1.281794e+01
2.208880e+04	-1.286203e+01
2.221638e+04	-1.290704e+01
2.234470e+04	-1.295119e+01
2.247377e+04	-1.299551e+01
2.260357e+04	-1.303974e+01
2.273413e+04	-1.308404e+01
2.286544e+04	-1.312796e+01
2.299751e+04	-1.317234e+01
2.313034e+04	-1.321715e+01
2.326394e+04	-1.326129e+01
2.339832e+04	-1.330504e+01
2.353346e+04	-1.334970e+01
2.366939e+04	-1.339408e+01
2.380610e+04	-1.343868e+01
2.394361e+04	-1.348234e+01
2.408191e+04	-1.352682e+01
2.422100e+04	-1.357120e+01
2.436090e+04	-1.361580e+01
2.450161e+04	-1.365901e+01
2.464313e+04	-1.370376e+01
2.478547e+04	-1.374818e+01
2.492863e+04	-1.379182e+01
2.507261e+04	-1.383547e+01
2.521743e+04	-1.387978e+01
2.536309e+04	-1.392453e+01
2.550958e+04	-1.396791e+01
2.565692e+04	-1.401264e+01
2.580512e+04	-1.405534e+01
2.595417e+04	-1.409982e+01
2.610408e+04	-1.414283e+01
2.625485e+04	-1.418764e+01
2.640650e+04	-1.423130e+01
2.655902e+04	-1.427479e+01
2.671243e+04	-1.431858e+01
2.686672e+04	-1.436209e+01
2.702190e+04	-1.440614e+01
2.717798e+04	-1.444908e+01
2.733495e+04	-1.449295e+01
2.749284e+04	-1.453669e+01
2.765164e+04	-1.457937e+01
2.781135e+04	-1.462281e+01
2.797199e+04	-1.466716e+01
2.813355e+04	-1.471024e+01
2.829605e+04	-1.475355e+01
2.845949e+04	-1.479596e+01
2.862387e+04	-1.483934e+01
2.878920e+04	-1.488347e+01
2.895549e+04	-1.492614e+01
2.912273e+04	-1.496933e+01
2.929094e+04	-1.501202e+01
2.946013e+04	-1.505514e+01
2.963029e+04	-1.509811e+01
2.980143e+04	-1.514168e+01
2.997356e+04	-1.518359e+01
3.014669e+04	-1.522594e+01
3.032081e+04	-1.526941e+01
3.049595e+04	-1.531222e+01
3.067209e+04	-1.535419e+01
3.084925e+04	-1.539715e+01
3.102743e+04	-1.543911e+01
3.120665e+04	-1.548157e+01
3.138690e+04	-1.552491e+01
3.156819e+04	-1.556752e+01
3.175052e+04	-1.560852e+01
3.193391e+04	-1.565101e+01
3.211836e+04	-1.569324e+01
3.230388e+04	-1.573539e+01
3.249046e+04	-1.577661e+01
3.267812e+04	-1.581888e+01
3.286687e+04	-1.586116e+01
3.305671e+04	-1.590183e+01
3.324764e+04	-1.594396e+01
3.343968e+04	-1.598538e+01
3.363283e+04	-1.602702e+01
3.382709e+04	-1.606894e+01
3.402247e+04	-1.611055e+01
3.421899e+04	-1.615204e+01
3.441663e+04	-1.619161e+01
3.461542e+04	-1.623442e+01
3.481536e+04	-1.627551e+01
3.501645e+04	-1.631623e+01
3.521871e+04	-1.635650e+01
3.542213e+04	-1.639680e+01
3.562672e+04	-1.643739e+01
3.583250e+04	-1.647857e+01
3.603947e+04	-1.651891e+01
3.624763e+04	-1.655895e+01
3.645700e+04	-1.660011e+01
3.666757e+04	-1.663980e+01
3.687936e+04	-1.668041e+01
3.709238e+04	-1.671947e+01
3.730662e+04	-1.676002e+01
3.752210e+04	-1.679950e+01
3.773883e+04	-1.684024e+01
3.795680e+04	-1.687752e+01
3.817604e+04	-1.691739e+01
3.839654e+04	-1.695816e+01
3.861832e+04	-1.699749e+01
3.884138e+04	-1.703633e+01
3.906573e+04	-1.707550e+01
3.929137e+04	-1.711461e+01
3.951831e+04	-1.715390e+01
3.974657e+04	-1.719178e+01
3.997614e+04	-1.723134e+01
4.020704e+04	-1.726885e+01
4.043928e+04	-1.730788e+01
4.067285e+04	-1.734592e+01
4.090778e+04	-1.738175e+01
4.114406e+04	-1.742172e+01
4.138171e+04	-1.746116e+01
4.162073e+04	-1.749796e+01
4.186113e+04	-1.753513e+01
4.210291e+04	-1.757184e+01
4.234610e+04	-1.760875e+01
4.259069e+04	-1.764713e+01
4.283669e+04	-1.768443e+01
4.308411e+04	-1.771940e+01
4.333297e+04	-1.775704e+01
4.358325e+04	-1.779397e+01
4.383499e+04	-1.783027e+01
4.408818e+04	-1.786708e+01
4.434283e+04	-1.790308e+01
4.459895e+04	-1.793891e+01
4.485655e+04	-1.797471e+01
4.511564e+04	-1.801030e+01
4.537623e+04	-1.804682e+01
4.563832e+04	-1.808206e+01
4.590193e+04	-1.811588e+01
4.616705e+04	-1.815134e+01
4.643371e+04	-1.818510e+01
4.670191e+04	-1.822183e+01
4.697166e+04	-1.825678e+01
4.724297e+04	-1.828957e+01
4.751584e+04	-1.832489e+01
4.779029e+04	-1.835722e+01
4.806633e+04	-1.839279e+01
4.834395e+04	-1.842527e+01
4.862319e+04	-1.845727e+01
4.890403e+04	-1.849388e+01
4.918650e+04	-1.852429e+01
4.947060e+04	-1.855733e+01
4.975634e+04	-1.858994e+01
5.004373e+04	-1.862267e+01
5.033278e+04	-1.865570e+01
5.062350e+04	-1.868674e+01
5.091590e+04	-1.871790e+01
5.120999e+04	-1.875117e+01
5.150578e+04	-1.878246e+01
5.180327e+04	-1.881244e+01
5.210248e+04	-1.884313e+01
5.240343e+04	-1.887338e+01
5.270611e+04	-1.890428e+01
5.301053e+04	-1.893525e+01
5.331672e+04	-1.896418e+01
5.362468e+04	-1.899332e+01
5.393441e+04	-1.902395e+01
5.424593e+04	-1.905247e+01
5.455926e+04	-1.908073e+01
5.487439e+04	-1.911010e+01
5.519134e+04	-1.913935e+01
5.551012e+04	-1.916698e+01
5.583075e+04	-1.919516e+01
5.615322e+04	-1.922222e+01
5.647756e+04	-1.924943e+01
5.680377e+04	-1.927712e+01
5.713187e+04	-1.930332e+01
5.746186e+04	-1.933013e+01
5.779376e+04	-1.935636e+01
5.812757e+04	-1.938240e+01
5.846332e+04	-1.940806e+01
5.880100e+04	-1.943192e+01
5.914063e+04	-1.945824e+01
5.948222e+04	-1.948308e+01
5.982579e+04	-1.950638e+01
6.017134e+04	-1.952931e+01
6.051889e+04	-1.955431e+01
6.086844e+04	-1.957736e+01
6.122002e+04	-1.960108e+01
6.157362e+04	-1.962622e+01
6.192927e+04	-1.964546e+01
6.228697e+04	-1.966758e+01
6.264674e+04	-1.968954e+01
6.300858e+04	-1.970981e+01
6.337252e+04	-1.973059e+01
6.373855e+04	-1.975235e+01
6.410670e+04	-1.977215e+01
6.447698e+04	-1.979132e+01
6.484940e+04	-1.981221e+01
6.522397e+04	-1.983036e+01
6.560070e+04	-1.984727e+01
6.597960e+04	-1.986689e+01
6.636070e+04	-1.988309e+01
6.674400e+04	-1.990229e+01
6.712951e+04	-1.991706e+01
6.751724e+04	-1.993458e+01
6.790722e+04	-1.994955e+01
6.829945e+04	-1.996649e+01
6.869395e+04	-1.998077e+01
6.909072e+04	-1.999526e+01
6.948978e+04	-2.000837e+01
6.989115e+04	-2.002259e+01
7.029484e+04	-2.003594e+01
7.070086e+04	-2.004989e+01
7.110923e+04	-2.006191e+01
7.151995e+04	-2.007331e+01
7.193305e+04	-2.008305e+01
7.234853e+04	-2.009424e+01
7.276641e+04	-2.010344e+01
7.318671e+04	-2.011400e+01
7.360943e+04	-2.012327e+01
7.403460e+04	-2.013104e+01
7.446222e+04	-2.013805e+01
7.489231e+04	-2.014696e+01
7.532488e+04	-2.015295e+01
7.575996e+04	-2.015643e+01
7.619754e+04	-2.016480e+01
7.663766e+04	-2.016981e+01
7.708031e+04	-2.017327e+01
7.752553e+04	-2.017729e+01
7.797331e+04	-2.018099e+01
7.842368e+04	-2.018194e+01
7.887665e+04	-2.018443e+01
7.933224e+04	-2.018504e+01
7.979046e+04	-2.018563e+01
8.025133e+04	-2.018264e+01
8.071486e+04	-2.018266e+01
8.118106e+04	-2.017975e+01
8.164996e+04	-2.017812e+01
8.212157e+04	-2.017534e+01
8.259590e+04	-2.017074e+01
8.307297e+04	-2.016398e+01
8.355279e+04	-2.015788e+01
8.403539e+04	-2.015064e+01
8.452078e+04	-2.014426e+01
8.500897e+04	-2.013670e+01
8.549997e+04	-2.012596e+01
8.599382e+04	-2.011523e+01
8.649052e+04	-2.010529e+01
8.699008e+04	-2.009430e+01
8.749253e+04	-2.008082e+01
8.799789e+04	-2.006668e+01
8.850616e+04	-2.005186e+01
8.901737e+04	-2.003738e+01
8.953153e+04	-2.001993e+01
9.004866e+04	-2.000100e+01
9.056877e+04	-1.998306e+01
9.109190e+04	-1.996125e+01
9.161804e+04	-1.993919e+01
9.214722e+04	-1.991882e+01
9.267946e+04	-1.989479e+01
9.321477e+04	-1.987132e+01
9.375318e+04	-1.984593e+01
9.429469e+04	-1.981829e+01
9.483933e+04	-1.979022e+01
9.538712e+04	-1.975910e+01
9.593807e+04	-1.972947e+01
9.649221e+04	-1.969586e+01
9.704954e+04	-1.966345e+01
9.761010e+04	-1.962933e+01
9.817389e+04	-1.959315e+01
9.874094e+04	-1.955531e+01
9.931126e+04	-1.951652e+01
9.988488e+04	-1.947515e+01
1.004618e+05	-1.943258e+01
1.010421e+05	-1.938871e+01
1.016257e+05	-1.934378e+01
1.022127e+05	-1.929649e+01
1.028031e+05	-1.924767e+01
1.033968e+05	-1.919615e+01
1.039941e+05	-1.914376e+01
1.045947e+05	-1.909009e+01
1.051989e+05	-1.903495e+01
1.058065e+05	-1.897532e+01
1.064176e+05	-1.891536e+01
1.070323e+05	-1.885294e+01
1.076505e+05	-1.878853e+01
1.082723e+05	-1.872248e+01
1.088977e+05	-1.865360e+01
1.095266e+05	-1.858446e+01
1.101593e+05	-1.851120e+01
1.107955e+05	-1.843353e+01
1.114355e+05	-1.835662e+01
1.120791e+05	-1.827580e+01
1.127265e+05	-1.819283e+01
1.133776e+05	-1.810494e+01
1.140325e+05	-1.801786e+01
1.146911e+05	-1.792560e+01
1.153536e+05	-1.783310e+01
1.160198e+05	-1.773350e+01
1.166900e+05	-1.763397e+01
1.173640e+05	-1.752882e+01
1.180419e+05	-1.742142e+01
1.187237e+05	-1.730947e+01
1.194094e+05	-1.719479e+01
1.200991e+05	-1.707749e+01
1.207928e+05	-1.695497e+01
1.214905e+05	-1.682840e+01
1.221922e+05	-1.669716e+01
1.228980e+05	-1.656343e+01
1.236078e+05	-1.642225e+01
1.243218e+05	-1.627888e+01
1.250399e+05	-1.612973e+01
1.257621e+05	-1.597442e+01
1.264885e+05	-1.581587e+01
1.272191e+05	-1.565160e+01
1.279539e+05	-1.548017e+01
1.286930e+05	-1.530283e+01
1.294363e+05	-1.511960e+01
1.301839e+05	-1.493033e+01
1.309358e+05	-1.473342e+01
1.316921e+05	-1.452935e+01
1.324528e+05	-1.431884e+01
1.332178e+05	-1.409836e+01
1.339873e+05	-1.387038e+01
1.347612e+05	-1.363425e+01
1.355395e+05	-1.338818e+01
1.363224e+05	-1.313270e+01
1.371098e+05	-1.286588e+01
1.379018e+05	-1.258973e+01
1.386983e+05	-1.230154e+01
1.394994e+05	-1.200012e+01
1.403051e+05	-1.168871e+01
1.411155e+05	-1.136242e+01
1.419306e+05	-1.102257e+01
1.427504e+05	-1.066850e+01
1.435749e+05	-1.029819e+01
1.444042e+05	-9.913536e+00
1.452383e+05	-9.511556e+00
1.460772e+05	-9.094219e+00
1.469209e+05	-8.660810e+00
1.477695e+05	-8.211748e+00
1.486230e+05	-7.748628e+00
1.494814e+05	-7.273737e+00
1.503448e+05	-6.790640e+00
1.512132e+05	-6.305787e+00
1.520866e+05	-5.826745e+00
1.529651e+05	-5.365242e+00
1.538486e+05	-4.935849e+00
1.547372e+05	-4.556844e+00
1.556310e+05	-4.249862e+00
1.565299e+05	-4.034937e+00
1.574340e+05	-3.930190e+00
1.583433e+05	-3.946017e+00
1.592579e+05	-4.083703e+00
1.601778e+05	-4.333948e+00
1.611030e+05	-4.679929e+00
1.620335e+05	-5.101504e+00
1.629694e+05	-5.576716e+00
1.639107e+05	-6.087252e+00
1.648574e+05	-6.617256e+00
1.658097e+05	-7.154847e+00
1.667674e+05	-7.690953e+00
1.677306e+05	-8.220243e+00
1.686994e+05	-8.737259e+00
1.696738e+05	-9.240544e+00
1.706538e+05	-9.728117e+00
1.716395e+05	-1.019932e+01
1.726309e+05	-1.065317e+01
1.736280e+05	-1.109087e+01
1.746309e+05	-1.151204e+01
1.756395e+05	-1.191813e+01
1.766540e+05	-1.230795e+01
1.776744e+05	-1.268333e+01
1.787006e+05	-1.304544e+01
1.797328e+05	-1.339258e+01
1.807709e+05	-1.372777e+01
1.818150e+05	-1.405022e+01
1.828652e+05	-1.436154e+01
1.839214e+05	-1.466009e+01
1.849837e+05	-1.494982e+01
1.860522e+05	-1.522746e+01
1.871268e+05	-1.549608e+01
1.882077e+05	-1.575518e+01
1.892948e+05	-1.600532e+01
1.903881e+05	-1.624612e+01
1.914878e+05	-1.647721e+01
1.925938e+05	-1.670196e+01
1.937062e+05	-1.691805e+01
1.948251e+05	-1.712602e+01
1.959504e+05	-1.732607e+01
1.970822e+05	-1.751918e+01
1.982205e+05	-1.770595e+01
1.993654e+05	-1.788550e+01
2.005169e+05	-1.805701e+01
2.016751e+05	-1.822243e+01
2.028400e+05	-1.838171e+01
2.040116e+05	-1.853424e+01
2.051899e+05	-1.868185e+01
2.063751e+05	-1.882286e+01
2.075671e+05	-1.895563e+01
2.087660e+05	-1.908320e+01
2.099719e+05	-1.920580e+01
2.111846e+05	-1.932284e+01
2.124044e+05	-1.943223e+01
2.136313e+05	-1.953588e+01
2.148652e+05	-1.963619e+01
2.161063e+05	-1.972697e+01
2.173545e+05	-1.981486e+01
2.186099e+05	-1.989600e+01
2.198726e+05	-1.997058e+01
2.211426e+05	-2.004155e+01
2.224199e+05	-2.010318e+01
2.237046e+05	-2.016084e+01
2.249967e+05	-2.021611e+01
2.262962e+05	-2.025842e+01
2.276033e+05	-2.029980e+01
2.289179e+05	-2.033208e+01
2.302402e+05	-2.036063e+01
2.315700e+05	-2.038242e+01
2.329076e+05	-2.040036e+01
2.342528e+05	-2.040759e+01
2.356059e+05	-2.041067e+01
2.369667e+05	-2.040716e+01
2.383354e+05	-2.039475e+01
2.397120e+05	-2.037817e+01
2.410966e+05	-2.035348e+01
2.424892e+05	-2.032173e+01
2.438898e+05	-2.028290e+01
2.452985e+05	-2.023459e+01
2.467153e+05	-2.017948e+01
2.481403e+05	-2.011778e+01
2.495736e+05	-2.004633e+01
2.510151e+05	-1.996575e+01
2.524650e+05	-1.987824e+01
2.539232e+05	-1.977984e+01
2.553898e+05	-1.967410e+01
2.568650e+05	-1.955351e+01
2.583486e+05	-1.942686e+01
2.598408e+05	-1.928910e+01
2.613416e+05	-1.913957e+01
2.628511e+05	-1.897731e+01
2.643694e+05	-1.880342e+01
2.658963e+05	-1.861554e+01
2.674321e+05	-1.841498e+01
2.689768e+05	-1.819921e+01
2.705304e+05	-1.796883e+01
2.720930e+05	-1.772033e+01
2.736646e+05	-1.745636e+01
2.752453e+05	-1.717288e+01
2.768351e+05	-1.686975e+01
2.784341e+05	-1.654586e+01
2.800423e+05	-1.619892e+01
2.816598e+05	-1.582816e+01
2.832867e+05	-1.543064e+01
2.849229e+05	-1.500513e+01
2.865686e+05	-1.454937e+01
2.882238e+05	-1.406179e+01
2.898886e+05	-1.353921e+01
2.915630e+05	-1.297925e+01
2.932470e+05	-1.238211e+01
2.949408e+05	-1.174582e+01
2.966444e+05	-1.107275e+01
2.983578e+05	-1.036839e+01
3.000811e+05	-9.643762e+00
3.018143e+05	-8.921026e+00
3.035576e+05	-8.234590e+00
3.053109e+05	-7.639230e+00
3.070744e+05	-7.202774e+00
3.088481e+05	-6.993106e+00
3.106320e+05	-7.053434e+00
3.124261e+05	-7.378462e+00
3.142307e+05	-7.918238e+00
3.160457e+05	-8.601924e+00
3.178712e+05	-9.365021e+00
3.197072e+05	-1.015541e+01
3.215538e+05	-1.094115e+01
3.234111e+05	-1.170310e+01
3.252791e+05	-1.243083e+01
3.271579e+05	-1.311896e+01
3.290475e+05	-1.376767e+01
3.309481e+05	-1.437645e+01
3.328596e+05	-1.494665e+01
3.347822e+05	-1.548110e+01
3.367159e+05	-1.598028e+01
3.386608e+05	-1.644774e+01
3.406169e+05	-1.688496e+01
3.425842e+05	-1.729251e+01
3.445630e+05	-1.767374e+01
3.465532e+05	-1.802823e+01
3.485549e+05	-1.835896e+01
3.505681e+05	-1.866604e+01
3.525930e+05	-1.894973e+01
3.546295e+05	-1.921320e+01
3.566778e+05	-1.945347e+01
3.587380e+05	-1.967599e+01
3.608101e+05	-1.987503e+01
3.628941e+05	-2.005981e+01
3.649901e+05	-2.022192e+01
3.670983e+05	-2.036425e+01
3.692187e+05	-2.049097e+01
3.713513e+05	-2.059775e+01
3.734962e+05	-2.068684e+01
3.756535e+05	-2.075485e+01
3.778232e+05	-2.080485e+01
3.800055e+05	-2.083660e+01
3.822004e+05	-2.084774e+01
3.844080e+05	-2.083943e+01
3.866283e+05	-2.081341e+01
3.888615e+05	-2.076304e+01
3.911075e+05	-2.069382e+01
3.933665e+05	-2.060114e+01
3.956386e+05	-2.048806e+01
3.979238e+05	-2.034736e+01
4.002222e+05	-2.018121e+01
4.025338e+05	-1.999068e+01
4.048589e+05	-1.976949e+01
4.071973e+05	-1.951955e+01
4.095493e+05	-1.923790e+01
4.119148e+05	-1.892055e+01
4.142940e+05	-1.856718e+01
4.166870e+05	-1.817649e+01
4.190937e+05	-1.773952e+01
4.215144e+05	-1.725541e+01
4.239490e+05	-1.672108e+01
4.263978e+05	-1.613279e+01
4.288606e+05	-1.548566e+01
4.313377e+05	-1.477621e+01
4.338291e+05	-1.400605e+01
4.363349e+05	-1.318126e+01
4.388551e+05	-1.231777e+01
4.413899e+05	-1.145485e+01
4.439394e+05	-1.066424e+01
4.465035e+05	-1.005373e+01
4.490825e+05	-9.754835e+00
4.516764e+05	-9.852267e+00
4.542853e+05	-1.033292e+01
4.569092e+05	-1.109189e+01
4.595483e+05	-1.199994e+01
4.622026e+05	-1.295727e+01
4.648723e+05	-1.390089e+01
4.675574e+05	-1.479651e+01
4.702580e+05	-1.563263e+01
4.729742e+05	-1.640333e+01
4.757060e+05	-1.710911e+01
4.784537e+05	-1.775116e+01
4.812172e+05	-1.833424e+01
4.839967e+05	-1.886138e+01
4.867923e+05	-1.933675e+01
4.896040e+05	-1.976174e+01
4.924319e+05	-2.013951e+01
4.952762e+05	-2.047066e+01
4.981369e+05	-2.075594e+01
5.010141e+05	-2.100366e+01
5.039079e+05	-2.120706e+01
5.068185e+05	-2.136868e+01
5.097458e+05	-2.148989e+01
5.126901e+05	-2.156839e+01
5.156514e+05	-2.160870e+01
5.186298e+05	-2.160630e+01
5.216253e+05	-2.156143e+01
5.246382e+05	-2.147026e+01
5.276685e+05	-2.133082e+01
5.307163e+05	-2.114396e+01
5.337817e+05	-2.090400e+01
5.368648e+05	-2.060804e+01
5.399657e+05	-2.025353e+01
5.430845e+05	-1.983636e+01
5.462214e+05	-1.934820e+01
5.493763e+05	-1.878493e+01
5.525495e+05	-1.814053e+01
5.557410e+05	-1.741255e+01
5.589509e+05	-1.659700e+01
5.621794e+05	-1.570515e+01
5.654265e+05	-1.476411e+01
5.686924e+05	-1.383837e+01
5.719772e+05	-1.305059e+01
5.752809e+05	-1.257895e+01
5.786037e+05	-1.257844e+01
5.819457e+05	-1.307012e+01
5.853070e+05	-1.391662e+01
5.886877e+05	-1.493445e+01
5.920879e+05	-1.598692e+01
5.955078e+05	-1.699368e+01
5.989474e+05	-1.792273e+01
6.024069e+05	-1.875821e+01
6.058864e+05	-1.949722e+01
6.093860e+05	-2.014328e+01
6.129058e+05	-2.069974e+01
6.164459e+05	-2.117125e+01
6.200064e+05	-2.155904e+01
6.235876e+05	-2.186643e+01
6.271894e+05	-2.209574e+01
6.308120e+05	-2.224608e+01
6.344555e+05	-2.232118e+01
6.381201e+05	-2.231037e+01
6.418059e+05	-2.222148e+01
6.455129e+05	-2.204548e+01
6.492414e+05	-2.177725e+01
6.529914e+05	-2.141498e+01
6.567630e+05	-2.094918e+01
6.605565e+05	-2.037213e+01
6.643718e+05	-1.968590e+01
6.682092e+05	-1.888112e+01
6.720688e+05	-1.798169e+01
6.759506e+05	-1.703320e+01
6.798549e+05	-1.615207e+01
6.837817e+05	-1.552626e+01
6.877312e+05	-1.538549e+01
6.917035e+05	-1.581649e+01
6.956987e+05	-1.668681e+01
6.997171e+05	-1.776838e+01
7.037586e+05	-1.887688e+01
7.078235e+05	-1.991177e+01
7.119118e+05	-2.083186e+01
7.160238e+05	-2.161987e+01
7.201595e+05	-2.227268e+01
7.243191e+05	-2.279469e+01
7.285028e+05	-2.318162e+01
7.327106e+05	-2.344245e+01
7.369427e+05	-2.357063e+01
7.411992e+05	-2.356584e+01
7.454804e+05	-2.342121e+01
7.497862e+05	-2.313525e+01
7.541170e+05	-2.270241e+01
7.584727e+05	-2.211518e+01
7.628536e+05	-2.137754e+01
7.672598e+05	-2.051746e+01
7.716915e+05	-1.961139e+01
7.761488e+05	-1.882800e+01
7.806318e+05	-1.843255e+01
7.851407e+05	-1.864065e+01
7.896756e+05	-1.941639e+01
7.942367e+05	-2.049436e+01
7.988242e+05	-2.163194e+01
8.034382e+05	-2.267780e+01
8.080788e+05	-2.356122e+01
8.127463e+05	-2.425856e+01
8.174406e+05	-2.476329e+01
8.221621e+05	-2.506919e+01
8.269109e+05	-2.517627e+01
8.316871e+05	-2.507883e+01
8.364909e+05	-2.477193e+01
8.413225e+05	-2.426315e+01
8.461819e+05	-2.357375e+01
8.510694e+05	-2.277462e+01
8.559852e+05	-2.204167e+01
8.609293e+05	-2.166127e+01
8.659020e+05	-2.188225e+01
8.709034e+05	-2.266706e+01
8.759337e+05	-2.373093e+01
8.809931e+05	-2.478926e+01
8.860816e+05	-2.568717e+01
8.911996e+05	-2.633418e+01
8.963471e+05	-2.671944e+01
9.015244e+05	-2.682210e+01
9.067316e+05	-2.664846e+01
9.119688e+05	-2.623781e+01
9.172363e+05	-2.568359e+01
9.225342e+05	-2.522263e+01
9.278628e+05	-2.517148e+01
9.332221e+05	-2.572694e+01
9.386123e+05	-2.672349e+01
9.440337e+05	-2.781646e+01
9.494864e+05	-2.875198e+01
9.549706e+05	-2.939689e+01
9.604865e+05	-2.970639e+01
9.660342e+05	-2.969087e+01
9.716140e+05	-2.944004e+01
9.772260e+05	-2.917949e+01
9.828704e+05	-2.925059e+01
9.885474e+05	-2.987322e+01
9.942572e+05	-3.088529e+01
1.000000e+06	-3.189738e+01
