Frequency(Hz)	Magnitude(dB)
1.000000e+01	1.548496e-02
1.005776e+01	6.794293e-03
1.011585e+01	7.139115e-03
1.017428e+01	3.552180e-03
1.023305e+01	-4.438842e-03
1.029215e+01	-1.902194e-03
1.035160e+01	-8.958694e-03
1.041139e+01	-8.785026e-03
1.047153e+01	-2.953871e-03
1.053201e+01	-1.269214e-02
1.059284e+01	9.136341e-03
1.065403e+01	2.081321e-02
1.071556e+01	8.655053e-03
1.077746e+01	9.736071e-03
1.083971e+01	7.836500e-03
1.090232e+01	1.342341e-02
1.096529e+01	-3.186952e-03
1.102862e+01	1.142162e-02
1.109232e+01	4.170827e-03
1.115639e+01	1.549853e-02
1.122083e+01	-8.643501e-03
1.128564e+01	3.444469e-03
1.135083e+01	1.191443e-02
1.141639e+01	3.155955e-02
1.148233e+01	1.123933e-02
1.154865e+01	-1.337106e-02
1.161536e+01	7.595684e-03
1.168245e+01	-1.492642e-03
1.174992e+01	1.676359e-02
1.181779e+01	-3.291428e-03
1.188605e+01	-7.154754e-03
1.195470e+01	-6.172629e-03
1.202375e+01	-3.956083e-03
1.209320e+01	-5.609998e-03
1.216305e+01	-4.291385e-03
1.223330e+01	-1.446538e-02
1.230396e+01	-3.143995e-03
1.237503e+01	-9.882299e-03
1.244651e+01	9.257540e-03
1.251840e+01	6.881197e-03
1.259070e+01	1.252312e-02
1.266343e+01	-2.106079e-03
1.273657e+01	3.634730e-03
1.281014e+01	-1.451189e-03
1.288413e+01	2.006470e-03
1.295855e+01	-1.860433e-02
1.303339e+01	-8.856843e-03
1.310867e+01	4.546355e-03
1.318439e+01	6.438035e-03
1.326054e+01	2.631632e-03
1.333713e+01	-6.246398e-03
1.341417e+01	4.625872e-04
1.349165e+01	-1.267643e-02
1.356958e+01	7.284921e-03
1.364795e+01	3.354414e-03
1.372678e+01	3.353155e-03
1.380607e+01	-1.693960e-02
1.388581e+01	-4.574499e-03
1.396602e+01	6.244865e-03
1.404668e+01	-1.720023e-02
1.412782e+01	-4.734906e-03
1.420942e+01	-9.093030e-04
1.429149e+01	-2.192527e-02
1.437404e+01	-1.187845e-02
1.445706e+01	1.607062e-02
1.454057e+01	4.420306e-03
1.462455e+01	1.614208e-02
1.470902e+01	-4.917553e-03
1.479398e+01	1.307065e-03
1.487943e+01	-1.153437e-02
1.496537e+01	-1.780313e-02
1.505181e+01	1.287139e-02
1.513875e+01	1.241622e-02
1.522619e+01	-9.715573e-03
1.531414e+01	1.758327e-03
1.540259e+01	-8.620715e-03
1.549156e+01	7.536795e-04
1.558103e+01	-3.483979e-03
1.567103e+01	-1.839715e-04
1.576155e+01	-1.182444e-02
1.585258e+01	1.211726e-03
1.594415e+01	-1.781556e-02
1.603624e+01	1.281785e-02
1.612886e+01	2.561099e-03
1.622202e+01	8.717873e-03
1.631572e+01	8.120716e-03
1.640996e+01	-1.214985e-03
1.650474e+01	9.510640e-03
1.660008e+01	6.305457e-03
1.669596e+01	-1.258661e-02
1.679239e+01	-1.492743e-03
1.688938e+01	5.361885e-03
1.698694e+01	-1.407926e-02
1.708505e+01	-4.313069e-03
1.718373e+01	-1.209568e-02
1.728299e+01	8.419230e-03
1.738281e+01	-1.780775e-02
1.748322e+01	1.040343e-02
1.758420e+01	1.414895e-02
1.768576e+01	1.077416e-02
1.778792e+01	-7.347140e-03
1.789066e+01	6.267384e-03
1.799399e+01	1.688596e-02
1.809793e+01	-1.027034e-02
1.820246e+01	6.659568e-03
1.830760e+01	-1.449168e-03
1.841334e+01	-2.088891e-02
1.851969e+01	-5.598974e-03
1.862666e+01	-7.472863e-03
1.873425e+01	-6.314156e-03
1.884246e+01	-1.221044e-03
1.895129e+01	1.832855e-04
1.906075e+01	2.309799e-03
1.917085e+01	-1.464987e-02
1.928158e+01	-7.173169e-03
1.939295e+01	-4.878820e-03
1.950496e+01	5.134114e-04
1.961762e+01	3.808926e-03
1.973093e+01	-1.151459e-02
1.984490e+01	4.301241e-03
1.995952e+01	1.805057e-02
2.007480e+01	-1.932377e-02
2.019076e+01	1.420778e-02
2.030738e+01	1.163422e-03
2.042467e+01	4.318805e-03
2.054264e+01	1.677738e-02
2.066130e+01	-1.899608e-02
2.078064e+01	-6.122808e-03
2.090066e+01	-1.718453e-03
2.102139e+01	-6.404322e-03
2.114280e+01	-7.753055e-03
2.126492e+01	1.911028e-03
2.138775e+01	8.475569e-03
2.151128e+01	-3.740833e-03
2.163553e+01	-1.670853e-03
2.176050e+01	4.438583e-03
2.188619e+01	5.913744e-03
2.201260e+01	8.324279e-03
2.213974e+01	-3.196921e-03
2.226762e+01	4.435531e-03
2.239624e+01	-5.456498e-03
2.252560e+01	-1.904578e-02
2.265571e+01	2.013205e-02
2.278656e+01	-1.268847e-02
2.291818e+01	3.292746e-04
2.305055e+01	-1.215960e-02
2.318369e+01	2.838836e-03
2.331760e+01	3.257274e-03
2.345228e+01	7.453073e-03
2.358774e+01	1.186987e-02
2.372398e+01	1.639930e-02
2.386101e+01	1.433529e-03
2.399883e+01	2.008744e-02
2.413745e+01	-1.952745e-02
2.427686e+01	-1.785214e-02
2.441709e+01	-3.066677e-03
2.455812e+01	-5.619623e-03
2.469997e+01	-1.713040e-03
2.484263e+01	-7.366666e-03
2.498612e+01	7.695755e-03
2.513044e+01	1.704907e-02
2.527559e+01	-1.021349e-02
2.542158e+01	1.001321e-02
2.556842e+01	4.415025e-05
2.571610e+01	-7.977601e-04
2.586463e+01	-1.162385e-02
2.601403e+01	1.238384e-04
2.616428e+01	5.876702e-03
2.631541e+01	-5.129948e-03
2.646740e+01	1.652754e-02
2.662028e+01	-1.472890e-02
2.677404e+01	-3.244787e-03
2.692868e+01	1.413688e-02
2.708422e+01	-1.723538e-03
2.724066e+01	-9.736775e-05
2.739800e+01	2.571398e-02
2.755625e+01	-6.850970e-03
2.771541e+01	1.143611e-02
2.787550e+01	7.883487e-03
2.803650e+01	1.175448e-02
2.819844e+01	7.857929e-03
2.836131e+01	-1.162844e-02
2.852513e+01	6.643814e-03
2.868989e+01	1.121774e-02
2.885560e+01	-9.774427e-03
2.902227e+01	-6.755935e-03
2.918990e+01	-4.898078e-03
2.935850e+01	-2.984381e-03
2.952807e+01	1.640968e-03
2.969863e+01	-2.561771e-03
2.987016e+01	5.635942e-03
3.004269e+01	-1.963239e-03
3.021622e+01	-2.904618e-03
3.039075e+01	-2.696114e-03
3.056628e+01	-2.186157e-02
3.074283e+01	-4.039937e-03
3.092040e+01	4.261848e-03
3.109900e+01	-2.449934e-04
3.127862e+01	9.353070e-03
3.145929e+01	1.301713e-03
3.164099e+01	-1.160426e-02
3.182375e+01	1.895696e-03
3.200756e+01	-4.098562e-03
3.219244e+01	2.365772e-03
3.237838e+01	-1.510289e-02
3.256540e+01	-8.283754e-03
3.275349e+01	1.248275e-02
3.294268e+01	1.401166e-03
3.313295e+01	-7.021603e-03
3.332433e+01	7.449972e-03
3.351681e+01	-2.312503e-02
3.371040e+01	4.483403e-03
3.390511e+01	9.106945e-04
3.410094e+01	-1.192499e-02
3.429791e+01	-4.861000e-03
3.449601e+01	-9.943411e-03
3.469526e+01	-1.085206e-02
3.489566e+01	-1.938048e-03
3.509721e+01	-6.810047e-03
3.529993e+01	8.010080e-04
3.550382e+01	9.416850e-03
3.570889e+01	1.810849e-03
3.591515e+01	8.245546e-03
3.612259e+01	8.885019e-03
3.633123e+01	1.308338e-03
3.654108e+01	6.231238e-03
3.675214e+01	4.798339e-03
3.696442e+01	-1.244911e-02
3.717792e+01	-3.188415e-03
3.739266e+01	1.556347e-03
3.760864e+01	1.417315e-02
3.782587e+01	-2.114580e-02
3.804435e+01	3.527342e-03
3.826409e+01	-3.571714e-03
3.848510e+01	-1.273965e-02
3.870739e+01	5.087400e-03
3.893096e+01	-4.669963e-03
3.915583e+01	1.647242e-02
3.938199e+01	7.776498e-03
3.960946e+01	-7.160549e-03
3.983824e+01	3.242483e-03
4.006834e+01	-1.091195e-03
4.029978e+01	4.241723e-03
4.053255e+01	-8.138244e-03
4.076666e+01	-1.943144e-02
4.100213e+01	-8.384389e-03
4.123896e+01	1.479237e-02
4.147715e+01	3.885714e-03
4.171672e+01	1.131996e-02
4.195767e+01	-1.654880e-03
4.220002e+01	5.563846e-03
4.244377e+01	7.703535e-03
4.268892e+01	8.624740e-03
4.293549e+01	-1.930146e-02
4.318348e+01	-1.491588e-02
4.343291e+01	-2.396624e-03
4.368377e+01	8.321487e-03
4.393609e+01	1.050785e-02
4.418986e+01	-1.505351e-03
4.444510e+01	-6.924584e-03
4.470182e+01	-1.519824e-02
4.496001e+01	9.747878e-03
4.521970e+01	-1.346687e-03
4.548089e+01	7.583089e-03
4.574358e+01	1.923093e-02
4.600779e+01	1.472843e-02
4.627353e+01	-1.951251e-04
4.654081e+01	-1.765688e-03
4.680963e+01	1.160355e-02
4.708000e+01	1.963033e-02
4.735193e+01	1.824015e-02
4.762543e+01	4.754021e-03
4.790051e+01	9.215303e-03
4.817719e+01	2.048872e-03
4.845545e+01	-1.218588e-02
4.873533e+01	5.356945e-03
4.901682e+01	-2.646367e-04
4.929994e+01	5.551099e-03
4.958470e+01	2.708512e-03
4.987110e+01	-6.330860e-03
5.015915e+01	5.048915e-03
5.044887e+01	-3.796874e-03
5.074026e+01	-1.461001e-02
5.103333e+01	7.632077e-03
5.132810e+01	-1.295853e-02
5.162457e+01	-1.730104e-02
5.192275e+01	9.908553e-03
5.222265e+01	3.803200e-03
5.252429e+01	-3.003752e-03
5.282767e+01	-2.371389e-02
5.313280e+01	-1.166129e-02
5.343969e+01	-7.637011e-03
5.374836e+01	7.001211e-03
5.405880e+01	4.173811e-03
5.437105e+01	-9.754277e-03
5.468509e+01	6.860214e-04
5.500095e+01	-1.391355e-02
5.531863e+01	-1.125400e-02
5.563815e+01	-1.703599e-03
5.595951e+01	-1.773730e-02
5.628273e+01	-2.972074e-03
5.660782e+01	6.377303e-03
5.693479e+01	-1.161209e-02
5.726364e+01	-9.609938e-03
5.759439e+01	-4.126676e-04
5.792705e+01	-1.341766e-02
5.826164e+01	-3.725363e-03
5.859815e+01	1.334513e-02
5.893662e+01	6.488397e-03
5.927703e+01	-1.108696e-02
5.961941e+01	-5.899178e-04
5.996377e+01	-5.323059e-03
6.031012e+01	1.148577e-02
6.065847e+01	-6.885341e-03
6.100883e+01	-7.047572e-03
6.136121e+01	9.288069e-03
6.171563e+01	-1.079188e-03
6.207210e+01	5.234645e-03
6.243063e+01	8.175173e-03
6.279122e+01	-1.553422e-02
6.315390e+01	6.186559e-03
6.351868e+01	-1.431735e-02
6.388556e+01	-8.359315e-03
6.425456e+01	4.298183e-03
6.462569e+01	2.712876e-02
6.499897e+01	-9.936605e-03
6.537440e+01	-3.095380e-03
6.575200e+01	7.465917e-03
6.613178e+01	9.400072e-04
6.651375e+01	-3.081329e-05
6.689793e+01	2.080139e-03
6.728433e+01	6.271934e-03
6.767297e+01	-1.629722e-02
6.806384e+01	-1.064580e-02
6.845698e+01	-7.969951e-03
6.885238e+01	1.370863e-02
6.925007e+01	6.465970e-03
6.965005e+01	4.766793e-04
7.005235e+01	-8.890378e-03
7.045697e+01	-1.901105e-02
7.086393e+01	8.748361e-03
7.127323e+01	-2.835939e-03
7.168490e+01	-6.026529e-03
7.209895e+01	-1.024498e-02
7.251539e+01	-1.251778e-02
7.293424e+01	-1.379606e-02
7.335551e+01	-1.302694e-03
7.377920e+01	1.557561e-02
7.420535e+01	-8.997286e-03
7.463396e+01	-1.677153e-02
7.506504e+01	-3.838363e-03
7.549861e+01	-6.589680e-03
7.593469e+01	3.215623e-03
7.637328e+01	-7.845065e-03
7.681441e+01	9.369594e-03
7.725809e+01	1.127155e-03
7.770433e+01	-7.735350e-04
7.815315e+01	1.729445e-02
7.860456e+01	-1.155518e-03
7.905857e+01	4.727513e-03
7.951521e+01	-2.144718e-03
7.997449e+01	1.104639e-03
8.043642e+01	-1.464852e-03
8.090102e+01	2.044354e-03
8.136830e+01	-1.712317e-02
8.183828e+01	-7.552795e-03
8.231097e+01	2.001446e-03
8.278640e+01	-6.334742e-03
8.326457e+01	-6.933320e-03
8.374550e+01	-2.354044e-02
8.422921e+01	3.473719e-03
8.471572e+01	-7.299580e-03
8.520503e+01	-6.155221e-03
8.569717e+01	2.134258e-02
8.619215e+01	-9.915215e-03
8.669000e+01	4.795114e-05
8.719071e+01	-1.637439e-02
8.769432e+01	1.500555e-03
8.820084e+01	-2.503482e-03
8.871029e+01	-1.029470e-02
8.922267e+01	1.947082e-03
8.973802e+01	-8.608934e-03
9.025634e+01	-1.045284e-03
9.077766e+01	8.994702e-03
9.130199e+01	-1.326625e-02
9.182935e+01	6.148461e-03
9.235975e+01	-1.965313e-03
9.289321e+01	-3.924845e-03
9.342976e+01	7.996953e-03
9.396941e+01	4.748961e-03
9.451217e+01	1.130297e-02
9.505807e+01	-2.978218e-02
9.560712e+01	-1.879195e-03
9.615934e+01	-1.946305e-03
9.671476e+01	-1.516247e-02
9.727338e+01	7.640923e-03
9.783522e+01	-5.931992e-03
9.840032e+01	7.100468e-03
9.896867e+01	3.370270e-03
9.954031e+01	-1.903676e-03
1.001153e+02	-1.683526e-02
1.006935e+02	2.672779e-03
1.012751e+02	-1.437245e-03
1.018601e+02	-1.514227e-02
1.024484e+02	-1.426735e-03
1.030402e+02	-1.620337e-03
1.036353e+02	5.294376e-04
1.042339e+02	-8.174413e-03
1.048360e+02	-1.032793e-02
1.054415e+02	-7.759077e-03
1.060505e+02	2.480294e-02
1.066631e+02	-8.888265e-03
1.072791e+02	-8.154470e-03
1.078988e+02	6.041241e-04
1.085220e+02	-9.043103e-03
1.091488e+02	-1.182309e-02
1.097793e+02	9.979608e-03
1.104133e+02	-4.240777e-03
1.110511e+02	4.640182e-03
1.116925e+02	5.909224e-03
1.123376e+02	-3.105005e-03
1.129865e+02	6.170056e-03
1.136391e+02	5.232251e-03
1.142955e+02	6.588551e-04
1.149556e+02	4.691033e-04
1.156196e+02	1.216643e-02
1.162874e+02	9.870482e-03
1.169591e+02	6.617189e-03
1.176347e+02	-9.619320e-03
1.183141e+02	6.052550e-04
1.189975e+02	5.958932e-03
1.196848e+02	9.174008e-04
1.203761e+02	2.592522e-02
1.210714e+02	1.565635e-02
1.217707e+02	-9.709409e-03
1.224740e+02	-7.189269e-03
1.231814e+02	3.204436e-03
1.238929e+02	-2.269217e-02
1.246085e+02	2.575385e-02
1.253283e+02	5.857059e-03
1.260522e+02	2.674641e-03
1.267802e+02	-5.656400e-03
1.275125e+02	2.598806e-03
1.282490e+02	2.936206e-03
1.289898e+02	-1.345602e-02
1.297348e+02	-9.625276e-03
1.304842e+02	-8.983736e-03
1.312378e+02	-5.668883e-03
1.319959e+02	8.014370e-03
1.327583e+02	-3.324922e-04
1.335251e+02	-8.978014e-03
1.342963e+02	-1.657995e-03
1.350720e+02	-9.664256e-03
1.358522e+02	6.393555e-03
1.366368e+02	-1.484817e-02
1.374260e+02	-1.353906e-04
1.382198e+02	-1.138372e-02
1.390182e+02	-4.724917e-03
1.398211e+02	-4.859527e-03
1.406287e+02	1.011792e-02
1.414410e+02	5.441086e-03
1.422579e+02	4.534742e-03
1.430796e+02	-1.059542e-02
1.439060e+02	3.148236e-03
1.447372e+02	-1.636680e-02
1.455732e+02	1.596984e-03
1.464141e+02	5.633346e-03
1.472597e+02	4.247225e-03
1.481103e+02	1.331977e-03
1.489658e+02	-2.812490e-02
1.498262e+02	-5.609668e-03
1.506916e+02	-6.066165e-03
1.515620e+02	-1.440560e-02
1.524374e+02	-4.261790e-03
1.533179e+02	-1.329727e-02
1.542034e+02	3.275701e-03
1.550941e+02	9.772651e-03
1.559899e+02	-1.220597e-02
1.568909e+02	-1.368542e-03
1.577971e+02	-2.529222e-03
1.587085e+02	-1.249030e-02
1.596252e+02	-2.341629e-04
1.605472e+02	6.174360e-03
1.614745e+02	-6.765339e-03
1.624072e+02	-2.910391e-03
1.633453e+02	-4.950453e-03
1.642887e+02	1.227053e-03
1.652377e+02	1.054446e-02
1.661921e+02	2.238939e-02
1.671520e+02	-7.445280e-03
1.681175e+02	-3.740714e-03
1.690885e+02	-1.091279e-02
1.700651e+02	-8.122430e-03
1.710474e+02	-1.557387e-02
1.720354e+02	-3.230196e-02
1.730291e+02	-4.131213e-03
1.740285e+02	-1.602970e-02
1.750337e+02	-2.608880e-02
1.760446e+02	-7.202468e-03
1.770615e+02	-3.795296e-03
1.780842e+02	-9.026697e-03
1.791128e+02	9.235720e-03
1.801473e+02	-1.127899e-02
1.811878e+02	6.028519e-05
1.822344e+02	-1.790525e-02
1.832870e+02	6.444771e-03
1.843456e+02	-4.366485e-03
1.854104e+02	-1.670196e-02
1.864813e+02	-9.776684e-03
1.875584e+02	-2.769860e-03
1.886418e+02	-1.044110e-02
1.897313e+02	6.170212e-03
1.908272e+02	-3.973876e-03
1.919294e+02	1.225732e-02
1.930380e+02	2.517840e-03
1.941530e+02	-8.857509e-03
1.952744e+02	-1.687837e-02
1.964023e+02	-1.325168e-03
1.975367e+02	-2.843903e-02
1.986777e+02	-2.015490e-02
1.998252e+02	1.938433e-03
2.009794e+02	1.464648e-02
2.021403e+02	2.586281e-04
2.033078e+02	-3.903974e-03
2.044821e+02	-8.941160e-03
2.056632e+02	6.164251e-03
2.068511e+02	1.314632e-02
2.080459e+02	-1.501354e-02
2.092475e+02	1.518839e-02
2.104561e+02	-6.803638e-03
2.116717e+02	1.593072e-03
2.128943e+02	6.276753e-04
2.141240e+02	-1.148276e-02
2.153608e+02	-9.596095e-03
2.166047e+02	-1.117236e-02
2.178558e+02	-1.261750e-02
2.191141e+02	-9.501241e-03
2.203797e+02	-1.575171e-02
2.216526e+02	-1.021079e-02
2.229329e+02	-1.096138e-02
2.242205e+02	2.493829e-03
2.255156e+02	1.797389e-02
2.268182e+02	-7.971120e-03
2.281283e+02	6.833604e-03
2.294459e+02	-8.489551e-04
2.307712e+02	-8.716387e-03
2.321041e+02	1.807159e-03
2.334447e+02	-5.579370e-04
2.347931e+02	6.547834e-03
2.361493e+02	4.093500e-03
2.375133e+02	-2.975109e-02
2.388851e+02	-7.353744e-03
2.402649e+02	-1.075362e-02
2.416527e+02	-2.917915e-03
2.430484e+02	-9.583582e-03
2.444523e+02	-1.148788e-02
2.458642e+02	-1.667762e-02
2.472843e+02	-2.245234e-03
2.487126e+02	-9.803066e-03
2.501492e+02	-7.120365e-03
2.515940e+02	-2.026571e-02
2.530472e+02	-2.478433e-02
2.545088e+02	-1.798459e-02
2.559789e+02	-1.654536e-02
2.574574e+02	-3.245444e-02
2.589444e+02	-3.453253e-04
2.604401e+02	-7.929894e-03
2.619444e+02	-5.858527e-03
2.634574e+02	-1.005939e-03
2.649791e+02	-3.834413e-02
2.665096e+02	-2.241523e-02
2.680489e+02	-3.715868e-03
2.695972e+02	-5.599010e-03
2.711544e+02	-2.296098e-02
2.727205e+02	-2.798149e-03
2.742958e+02	-2.121660e-02
2.758801e+02	-1.447487e-02
2.774736e+02	-1.055474e-02
2.790762e+02	-7.279666e-03
2.806882e+02	-9.596380e-03
2.823094e+02	7.093947e-05
2.839400e+02	4.571650e-03
2.855800e+02	1.596990e-04
2.872295e+02	3.937831e-03
2.888886e+02	-6.763166e-03
2.905572e+02	6.943490e-03
2.922354e+02	-9.893044e-03
2.939234e+02	-9.226016e-03
2.956211e+02	-1.770187e-02
2.973286e+02	-5.197627e-03
2.990459e+02	2.770388e-03
3.007732e+02	-6.202740e-03
3.025104e+02	-1.586131e-02
3.042577e+02	-2.483051e-02
3.060151e+02	-2.851562e-02
3.077826e+02	-2.745920e-02
3.095604e+02	-1.073860e-02
3.113484e+02	-1.367285e-02
3.131467e+02	-2.598109e-02
3.149554e+02	-1.889385e-02
3.167746e+02	-2.177209e-02
3.186043e+02	-2.422231e-03
3.204445e+02	-1.569261e-02
3.222954e+02	-2.680274e-02
3.241570e+02	-6.814277e-03
3.260293e+02	-1.653477e-02
3.279124e+02	-1.797505e-02
3.298064e+02	-2.515916e-02
3.317114e+02	-7.874378e-03
3.336273e+02	-1.939535e-02
3.355544e+02	-5.137191e-03
3.374925e+02	-1.904229e-02
3.394418e+02	-3.141088e-02
3.414024e+02	-1.312787e-03
3.433744e+02	-2.222859e-02
3.453577e+02	-3.261978e-02
3.473525e+02	-2.334702e-02
3.493588e+02	-2.735391e-02
3.513766e+02	-8.797725e-03
3.534062e+02	-2.471734e-02
3.554474e+02	-1.344758e-02
3.575005e+02	-2.537237e-02
3.595654e+02	-8.304542e-03
3.616422e+02	-2.907600e-02
3.637311e+02	-2.142073e-02
3.658320e+02	-1.415407e-02
3.679450e+02	-1.412181e-02
3.700702e+02	-2.594241e-02
3.722077e+02	-3.881936e-02
3.743576e+02	-2.046010e-02
3.765199e+02	-2.064142e-02
3.786946e+02	-3.055366e-02
3.808820e+02	-1.696622e-02
3.830819e+02	-2.388803e-02
3.852946e+02	-2.720990e-02
3.875200e+02	-2.038768e-02
3.897583e+02	-1.302636e-02
3.920096e+02	-3.815601e-02
3.942738e+02	-2.615534e-02
3.965511e+02	-3.370516e-02
3.988416e+02	7.445469e-03
4.011452e+02	-1.807501e-02
4.034622e+02	-2.979249e-02
4.057926e+02	-2.665059e-02
4.081365e+02	-2.485076e-02
4.104938e+02	-2.769614e-02
4.128648e+02	-4.410296e-02
4.152495e+02	-2.437264e-02
4.176480e+02	-5.179129e-03
4.200603e+02	-3.862404e-02
4.224866e+02	-3.697095e-02
4.249268e+02	-4.339094e-02
4.273812e+02	-2.258064e-02
4.298497e+02	-2.688122e-02
4.323325e+02	-3.914779e-02
4.348297e+02	-2.564949e-02
4.373412e+02	-5.147572e-02
4.398673e+02	-2.905821e-02
4.424079e+02	-2.023411e-02
4.449633e+02	-3.621049e-02
4.475334e+02	-4.325952e-02
4.501183e+02	-4.232555e-02
4.527182e+02	-4.209167e-02
4.553330e+02	-2.892918e-02
4.579630e+02	-2.286337e-02
4.606082e+02	-3.194451e-02
4.632687e+02	-2.186646e-02
4.659445e+02	-3.681061e-02
4.686358e+02	-3.239998e-02
4.713426e+02	-4.770947e-02
4.740650e+02	-4.222576e-02
4.768032e+02	-3.743622e-02
4.795572e+02	-3.815446e-02
4.823271e+02	-5.310644e-02
4.851130e+02	-5.409347e-02
4.879150e+02	-4.052677e-02
4.907332e+02	-3.737409e-02
4.935676e+02	-4.425756e-02
4.964185e+02	-4.200047e-02
4.992858e+02	-3.435224e-02
5.021696e+02	-4.864651e-02
5.050701e+02	-4.307540e-02
5.079874e+02	-4.204897e-02
5.109215e+02	-4.334718e-02
5.138726e+02	-3.995819e-02
5.168407e+02	-4.499125e-02
5.198259e+02	-4.306604e-02
5.228284e+02	-5.651898e-02
5.258482e+02	-4.196371e-02
5.288855e+02	-5.208971e-02
5.319403e+02	-5.437823e-02
5.350128e+02	-5.674993e-02
5.381030e+02	-3.441624e-02
5.412111e+02	-6.185981e-02
5.443371e+02	-5.505724e-02
5.474812e+02	-5.143757e-02
5.506434e+02	-4.512802e-02
5.538239e+02	-3.477614e-02
5.570228e+02	-4.481018e-02
5.602401e+02	-4.597503e-02
5.634760e+02	-3.854045e-02
5.667306e+02	-6.916065e-02
5.700040e+02	-7.118325e-02
5.732964e+02	-5.990124e-02
5.766077e+02	-7.029551e-02
5.799382e+02	-5.591354e-02
5.832879e+02	-3.721739e-02
5.866569e+02	-4.308075e-02
5.900454e+02	-6.988227e-02
5.934535e+02	-5.154324e-02
5.968813e+02	-5.772754e-02
6.003288e+02	-7.454875e-02
6.037963e+02	-5.749120e-02
6.072838e+02	-5.354121e-02
6.107914e+02	-5.544541e-02
6.143194e+02	-7.162656e-02
6.178676e+02	-7.516098e-02
6.214364e+02	-6.601007e-02
6.250258e+02	-7.629327e-02
6.286359e+02	-6.747518e-02
6.322669e+02	-6.448894e-02
6.359189e+02	-8.346718e-02
6.395919e+02	-6.004707e-02
6.432862e+02	-6.865569e-02
6.470017e+02	-4.980192e-02
6.507388e+02	-7.600545e-02
6.544974e+02	-6.434166e-02
6.582778e+02	-7.209492e-02
6.620800e+02	-5.960716e-02
6.659041e+02	-6.815320e-02
6.697504e+02	-9.241757e-02
6.736188e+02	-6.807339e-02
6.775096e+02	-7.031691e-02
6.814229e+02	-8.874075e-02
6.853587e+02	-8.270655e-02
6.893173e+02	-6.587294e-02
6.932988e+02	-7.394891e-02
6.973033e+02	-7.156028e-02
7.013309e+02	-1.016985e-01
7.053817e+02	-1.086313e-01
7.094560e+02	-7.605427e-02
7.135538e+02	-8.483154e-02
7.176752e+02	-5.826575e-02
7.218205e+02	-8.740470e-02
7.259897e+02	-8.251859e-02
7.301830e+02	-7.976007e-02
7.344005e+02	-8.137479e-02
7.386424e+02	-8.737808e-02
7.429087e+02	-9.967847e-02
7.471998e+02	-8.541174e-02
7.515155e+02	-8.378093e-02
7.558563e+02	-7.430673e-02
7.602221e+02	-8.851058e-02
7.646131e+02	-1.028821e-01
7.690295e+02	-1.054065e-01
7.734713e+02	-1.119038e-01
7.779389e+02	-8.856709e-02
7.824322e+02	-9.732494e-02
7.869515e+02	-9.656300e-02
7.914969e+02	-1.027130e-01
7.960686e+02	-9.511422e-02
8.006666e+02	-9.245808e-02
8.052912e+02	-1.139220e-01
8.099426e+02	-1.064757e-01
8.146208e+02	-1.090169e-01
8.193260e+02	-1.043974e-01
8.240584e+02	-1.117803e-01
8.288181e+02	-9.965392e-02
8.336053e+02	-9.514493e-02
8.384202e+02	-1.048370e-01
8.432629e+02	-1.251119e-01
8.481335e+02	-1.114201e-01
8.530323e+02	-1.074566e-01
8.579594e+02	-1.009981e-01
8.629149e+02	-1.201186e-01
8.678991e+02	-1.147929e-01
8.729120e+02	-1.119339e-01
8.779539e+02	-1.284944e-01
8.830250e+02	-1.277123e-01
8.881253e+02	-1.101560e-01
8.932551e+02	-1.284506e-01
8.984145e+02	-1.444641e-01
9.036037e+02	-1.241909e-01
9.088229e+02	-1.323010e-01
9.140722e+02	-1.299685e-01
9.193518e+02	-1.348872e-01
9.246620e+02	-1.317254e-01
9.300028e+02	-1.568523e-01
9.353744e+02	-1.386805e-01
9.407771e+02	-1.417176e-01
9.462110e+02	-1.418102e-01
9.516763e+02	-1.462769e-01
9.571731e+02	-1.584077e-01
9.627017e+02	-1.554512e-01
9.682622e+02	-1.391718e-01
9.738549e+02	-1.579456e-01
9.794798e+02	-1.534760e-01
9.851373e+02	-1.500147e-01
9.908274e+02	-1.495394e-01
9.965504e+02	-1.565741e-01
1.002306e+03	-1.658166e-01
1.008096e+03	-1.803623e-01
1.013918e+03	-1.645373e-01
1.019775e+03	-1.872112e-01
1.025665e+03	-1.687176e-01
1.031589e+03	-1.603400e-01
1.037548e+03	-1.771241e-01
1.043540e+03	-1.688890e-01
1.049568e+03	-1.827049e-01
1.055630e+03	-1.902948e-01
1.061727e+03	-1.741594e-01
1.067860e+03	-2.019698e-01
1.074028e+03	-1.668779e-01
1.080231e+03	-1.731948e-01
1.086471e+03	-1.835479e-01
1.092746e+03	-1.855480e-01
1.099058e+03	-1.898183e-01
1.105406e+03	-1.829503e-01
1.111791e+03	-1.842859e-01
1.118212e+03	-2.127711e-01
1.124671e+03	-2.102874e-01
1.131167e+03	-2.139829e-01
1.137701e+03	-2.158624e-01
1.144272e+03	-2.189608e-01
1.150881e+03	-2.065083e-01
1.157529e+03	-2.037952e-01
1.164215e+03	-2.267633e-01
1.170939e+03	-2.109093e-01
1.177702e+03	-2.277703e-01
1.184505e+03	-2.149727e-01
1.191346e+03	-2.192514e-01
1.198227e+03	-2.300314e-01
1.205148e+03	-2.180067e-01
1.212109e+03	-2.277903e-01
1.219110e+03	-2.604735e-01
1.226152e+03	-2.278391e-01
1.233234e+03	-2.325070e-01
1.240357e+03	-2.582558e-01
1.247521e+03	-2.457296e-01
1.254727e+03	-2.587583e-01
1.261974e+03	-2.517793e-01
1.269263e+03	-2.716486e-01
1.276595e+03	-2.634479e-01
1.283968e+03	-2.615721e-01
1.291384e+03	-2.786566e-01
1.298843e+03	-2.638395e-01
1.306345e+03	-2.682049e-01
1.313891e+03	-2.722516e-01
1.321480e+03	-2.845867e-01
1.329113e+03	-2.768725e-01
1.336790e+03	-2.941946e-01
1.344511e+03	-2.762718e-01
1.352277e+03	-2.852470e-01
1.360087e+03	-2.843041e-01
1.367943e+03	-3.020890e-01
1.375844e+03	-2.756409e-01
1.383791e+03	-2.995945e-01
1.391784e+03	-3.133660e-01
1.399823e+03	-3.046729e-01
1.407908e+03	-2.986148e-01
1.416040e+03	-3.209056e-01
1.424219e+03	-3.296996e-01
1.432445e+03	-3.489100e-01
1.440719e+03	-3.271863e-01
1.449041e+03	-3.139126e-01
1.457410e+03	-3.167135e-01
1.465828e+03	-3.167840e-01
1.474295e+03	-3.401745e-01
1.482810e+03	-3.403194e-01
1.491375e+03	-3.393700e-01
1.499989e+03	-3.420278e-01
1.508653e+03	-3.488089e-01
1.517367e+03	-3.678926e-01
1.526131e+03	-3.740420e-01
1.534946e+03	-3.740298e-01
1.543812e+03	-3.723559e-01
1.552729e+03	-3.830813e-01
1.561697e+03	-3.879627e-01
1.570717e+03	-3.926696e-01
1.579790e+03	-3.877879e-01
1.588915e+03	-3.940317e-01
1.598092e+03	-3.983988e-01
1.607323e+03	-3.992336e-01
1.616606e+03	-3.993690e-01
1.625944e+03	-4.178761e-01
1.635335e+03	-4.047305e-01
1.644781e+03	-4.117930e-01
1.654281e+03	-4.241515e-01
1.663836e+03	-4.298322e-01
1.673446e+03	-4.509031e-01
1.683112e+03	-4.416130e-01
1.692834e+03	-4.341044e-01
1.702611e+03	-4.469528e-01
1.712446e+03	-4.518446e-01
1.722337e+03	-4.543776e-01
1.732285e+03	-4.546517e-01
1.742290e+03	-4.674052e-01
1.752354e+03	-4.815414e-01
1.762475e+03	-4.755371e-01
1.772655e+03	-4.800601e-01
1.782894e+03	-4.725432e-01
1.793192e+03	-4.988985e-01
1.803549e+03	-5.009111e-01
1.813967e+03	-5.146928e-01
1.824444e+03	-4.984011e-01
1.834982e+03	-5.228053e-01
1.845581e+03	-5.148713e-01
1.856241e+03	-5.158762e-01
1.866962e+03	-5.452831e-01
1.877746e+03	-5.553723e-01
1.888592e+03	-5.376215e-01
1.899500e+03	-5.381981e-01
1.910472e+03	-5.506922e-01
1.921506e+03	-5.435894e-01
1.932605e+03	-5.718147e-01
1.943768e+03	-6.039671e-01
1.954995e+03	-5.944246e-01
1.966287e+03	-6.000309e-01
1.977644e+03	-5.809465e-01
1.989067e+03	-5.956347e-01
2.000555e+03	-6.171645e-01
2.012110e+03	-6.121863e-01
2.023732e+03	-6.237967e-01
2.035421e+03	-6.195517e-01
2.047178e+03	-6.332446e-01
2.059002e+03	-6.484533e-01
2.070895e+03	-6.449978e-01
2.082856e+03	-6.521786e-01
2.094887e+03	-6.679747e-01
2.106987e+03	-6.694516e-01
2.119157e+03	-6.804082e-01
2.131397e+03	-6.913462e-01
2.143708e+03	-6.803699e-01
2.156090e+03	-7.092606e-01
2.168543e+03	-7.058244e-01
2.181069e+03	-7.131153e-01
2.193666e+03	-7.503346e-01
2.206337e+03	-7.245318e-01
2.219081e+03	-7.143033e-01
2.231898e+03	-7.336738e-01
2.244789e+03	-7.537655e-01
2.257755e+03	-7.613597e-01
2.270796e+03	-7.826613e-01
2.283912e+03	-7.630311e-01
2.297104e+03	-7.942420e-01
2.310372e+03	-7.824380e-01
2.323716e+03	-8.050142e-01
2.337138e+03	-8.062132e-01
2.350637e+03	-8.111109e-01
2.364214e+03	-8.295106e-01
2.377870e+03	-8.562648e-01
2.391604e+03	-8.382263e-01
2.405418e+03	-8.557834e-01
2.419312e+03	-8.644441e-01
2.433286e+03	-8.639773e-01
2.447340e+03	-8.873803e-01
2.461476e+03	-8.892041e-01
2.475693e+03	-8.793050e-01
2.489993e+03	-9.123098e-01
2.504375e+03	-9.225769e-01
2.518840e+03	-9.165374e-01
2.533389e+03	-9.318932e-01
2.548022e+03	-9.543140e-01
2.562739e+03	-9.731354e-01
2.577541e+03	-9.638869e-01
2.592429e+03	-9.770965e-01
2.607403e+03	-9.961065e-01
2.622463e+03	-9.832548e-01
2.637610e+03	-1.010087e+00
2.652845e+03	-1.009609e+00
2.668168e+03	-1.026311e+00
2.683579e+03	-1.046947e+00
2.699079e+03	-1.056873e+00
2.714669e+03	-1.050970e+00
2.730349e+03	-1.075372e+00
2.746119e+03	-1.092945e+00
2.761981e+03	-1.106463e+00
2.777934e+03	-1.093918e+00
2.793979e+03	-1.104997e+00
2.810117e+03	-1.123021e+00
2.826348e+03	-1.142436e+00
2.842673e+03	-1.152793e+00
2.859092e+03	-1.158113e+00
2.875606e+03	-1.174174e+00
2.892215e+03	-1.182587e+00
2.908921e+03	-1.202227e+00
2.925722e+03	-1.200710e+00
2.942621e+03	-1.229501e+00
2.959618e+03	-1.228647e+00
2.976712e+03	-1.252379e+00
2.993906e+03	-1.241564e+00
3.011198e+03	-1.282225e+00
3.028591e+03	-1.289005e+00
3.046084e+03	-1.295545e+00
3.063678e+03	-1.287537e+00
3.081374e+03	-1.309377e+00
3.099172e+03	-1.323069e+00
3.117072e+03	-1.346347e+00
3.135076e+03	-1.361740e+00
3.153184e+03	-1.362803e+00
3.171397e+03	-1.390419e+00
3.189715e+03	-1.405234e+00
3.208139e+03	-1.434926e+00
3.226669e+03	-1.448579e+00
3.245306e+03	-1.458567e+00
3.264051e+03	-1.456104e+00
3.282904e+03	-1.468113e+00
3.301866e+03	-1.482044e+00
3.320937e+03	-1.490625e+00
3.340119e+03	-1.505244e+00
3.359411e+03	-1.514280e+00
3.378815e+03	-1.555413e+00
3.398331e+03	-1.563725e+00
3.417959e+03	-1.584697e+00
3.437701e+03	-1.581255e+00
3.457557e+03	-1.619608e+00
3.477528e+03	-1.611063e+00
3.497614e+03	-1.651761e+00
3.517816e+03	-1.657503e+00
3.538135e+03	-1.678913e+00
3.558571e+03	-1.682744e+00
3.579125e+03	-1.712521e+00
3.599798e+03	-1.719505e+00
3.620590e+03	-1.750649e+00
3.641503e+03	-1.740025e+00
3.662536e+03	-1.760050e+00
3.683691e+03	-1.783905e+00
3.704967e+03	-1.801970e+00
3.726367e+03	-1.810149e+00
3.747890e+03	-1.843412e+00
3.769538e+03	-1.859800e+00
3.791311e+03	-1.890047e+00
3.813209e+03	-1.900510e+00
3.835234e+03	-1.906343e+00
3.857386e+03	-1.921303e+00
3.879667e+03	-1.940629e+00
3.902075e+03	-1.958823e+00
3.924614e+03	-1.964694e+00
3.947282e+03	-2.005975e+00
3.970081e+03	-2.026581e+00
3.993012e+03	-2.044304e+00
4.016076e+03	-2.059110e+00
4.039272e+03	-2.064113e+00
4.062603e+03	-2.090418e+00
4.086069e+03	-2.098910e+00
4.109670e+03	-2.116873e+00
4.133407e+03	-2.138001e+00
4.157281e+03	-2.178510e+00
4.181294e+03	-2.204591e+00
4.205445e+03	-2.209001e+00
4.229735e+03	-2.226478e+00
4.254166e+03	-2.248651e+00
4.278738e+03	-2.266978e+00
4.303451e+03	-2.286194e+00
4.328308e+03	-2.313634e+00
4.353308e+03	-2.333411e+00
4.378453e+03	-2.335817e+00
4.403742e+03	-2.369155e+00
4.429178e+03	-2.403802e+00
4.454761e+03	-2.420115e+00
4.480492e+03	-2.435582e+00
4.506371e+03	-2.440552e+00
4.532399e+03	-2.486782e+00
4.558578e+03	-2.506492e+00
4.584908e+03	-2.529099e+00
4.611391e+03	-2.551382e+00
4.638026e+03	-2.576827e+00
4.664815e+03	-2.592722e+00
4.691759e+03	-2.626081e+00
4.718858e+03	-2.643780e+00
4.746114e+03	-2.648046e+00
4.773527e+03	-2.680359e+00
4.801099e+03	-2.699761e+00
4.828830e+03	-2.730512e+00
4.856721e+03	-2.749585e+00
4.884773e+03	-2.764394e+00
4.912988e+03	-2.816725e+00
4.941365e+03	-2.808510e+00
4.969906e+03	-2.841240e+00
4.998612e+03	-2.863769e+00
5.027484e+03	-2.891168e+00
5.056522e+03	-2.909626e+00
5.085729e+03	-2.958629e+00
5.115104e+03	-2.979815e+00
5.144648e+03	-2.980862e+00
5.174363e+03	-3.006509e+00
5.204250e+03	-3.039763e+00
5.234310e+03	-3.069265e+00
5.264543e+03	-3.087120e+00
5.294951e+03	-3.102564e+00
5.325534e+03	-3.137880e+00
5.356294e+03	-3.159903e+00
5.387232e+03	-3.185787e+00
5.418348e+03	-3.199552e+00
5.449645e+03	-3.264895e+00
5.481122e+03	-3.273147e+00
5.512780e+03	-3.299539e+00
5.544622e+03	-3.324430e+00
5.576647e+03	-3.347375e+00
5.608858e+03	-3.379810e+00
5.641254e+03	-3.412590e+00
5.673838e+03	-3.436052e+00
5.706610e+03	-3.453675e+00
5.739571e+03	-3.487024e+00
5.772723e+03	-3.505112e+00
5.806066e+03	-3.558538e+00
5.839601e+03	-3.549137e+00
5.873331e+03	-3.621653e+00
5.907255e+03	-3.645653e+00
5.941375e+03	-3.643935e+00
5.975692e+03	-3.681544e+00
6.010207e+03	-3.721398e+00
6.044922e+03	-3.750494e+00
6.079837e+03	-3.767643e+00
6.114954e+03	-3.795830e+00
6.150274e+03	-3.845299e+00
6.185797e+03	-3.862172e+00
6.221526e+03	-3.889779e+00
6.257462e+03	-3.930565e+00
6.293605e+03	-3.928165e+00
6.329956e+03	-3.953295e+00
6.366518e+03	-4.008704e+00
6.403290e+03	-4.028673e+00
6.440276e+03	-4.074140e+00
6.477474e+03	-4.085646e+00
6.514888e+03	-4.133524e+00
6.552518e+03	-4.157148e+00
6.590365e+03	-4.194169e+00
6.628430e+03	-4.201592e+00
6.666716e+03	-4.251396e+00
6.705223e+03	-4.284746e+00
6.743952e+03	-4.309669e+00
6.782905e+03	-4.366582e+00
6.822082e+03	-4.377788e+00
6.861486e+03	-4.410827e+00
6.901118e+03	-4.432954e+00
6.940979e+03	-4.482645e+00
6.981069e+03	-4.500478e+00
7.021392e+03	-4.525465e+00
7.061947e+03	-4.551564e+00
7.102737e+03	-4.617112e+00
7.143762e+03	-4.625238e+00
7.185024e+03	-4.668750e+00
7.226524e+03	-4.712527e+00
7.268264e+03	-4.744127e+00
7.310246e+03	-4.777084e+00
7.352469e+03	-4.797203e+00
7.394937e+03	-4.834938e+00
7.437650e+03	-4.860322e+00
7.480609e+03	-4.887707e+00
7.523817e+03	-4.935230e+00
7.567274e+03	-4.972252e+00
7.610982e+03	-5.002479e+00
7.654943e+03	-5.040569e+00
7.699158e+03	-5.049942e+00
7.743628e+03	-5.095691e+00
7.788355e+03	-5.130552e+00
7.833340e+03	-5.186831e+00
7.878585e+03	-5.194875e+00
7.924091e+03	-5.258258e+00
7.969861e+03	-5.287234e+00
8.015894e+03	-5.305683e+00
8.062194e+03	-5.365436e+00
8.108761e+03	-5.385415e+00
8.155596e+03	-5.400851e+00
8.202703e+03	-5.458848e+00
8.250081e+03	-5.476443e+00
8.297733e+03	-5.537070e+00
8.345661e+03	-5.568122e+00
8.393865e+03	-5.594507e+00
8.442348e+03	-5.615104e+00
8.491110e+03	-5.664807e+00
8.540155e+03	-5.704399e+00
8.589482e+03	-5.749383e+00
8.639095e+03	-5.769686e+00
8.688994e+03	-5.816433e+00
8.739181e+03	-5.848860e+00
8.789658e+03	-5.881037e+00
8.840427e+03	-5.930426e+00
8.891489e+03	-5.960617e+00
8.942846e+03	-5.989631e+00
8.994499e+03	-6.033570e+00
9.046451e+03	-6.071239e+00
9.098703e+03	-6.130316e+00
9.151257e+03	-6.153501e+00
9.204114e+03	-6.179861e+00
9.257277e+03	-6.240252e+00
9.310746e+03	-6.271085e+00
9.364525e+03	-6.299749e+00
9.418614e+03	-6.342562e+00
9.473015e+03	-6.365894e+00
9.527731e+03	-6.403179e+00
9.582763e+03	-6.436322e+00
9.638113e+03	-6.469656e+00
9.693782e+03	-6.523379e+00
9.749773e+03	-6.563659e+00
9.806087e+03	-6.604865e+00
9.862727e+03	-6.645053e+00
9.919693e+03	-6.696983e+00
9.976989e+03	-6.702136e+00
1.003462e+04	-6.770325e+00
1.009258e+04	-6.791967e+00
1.015087e+04	-6.829885e+00
1.020950e+04	-6.865632e+00
1.026847e+04	-6.927132e+00
1.032778e+04	-6.947532e+00
1.038743e+04	-7.000913e+00
1.044743e+04	-7.052533e+00
1.050777e+04	-7.073321e+00
1.056847e+04	-7.113173e+00
1.062951e+04	-7.152840e+00
1.069091e+04	-7.203788e+00
1.075266e+04	-7.229482e+00
1.081476e+04	-7.272708e+00
1.087723e+04	-7.309349e+00
1.094006e+04	-7.366510e+00
1.100324e+04	-7.387283e+00
1.106680e+04	-7.448935e+00
1.113072e+04	-7.494052e+00
1.119501e+04	-7.513820e+00
1.125967e+04	-7.567039e+00
1.132471e+04	-7.594566e+00
1.139012e+04	-7.629551e+00
1.145591e+04	-7.661708e+00
1.152208e+04	-7.718397e+00
1.158863e+04	-7.768403e+00
1.165556e+04	-7.795558e+00
1.172289e+04	-7.840616e+00
1.179060e+04	-7.892934e+00
1.185870e+04	-7.919279e+00
1.192719e+04	-7.950431e+00
1.199608e+04	-8.013927e+00
1.206537e+04	-8.058023e+00
1.213506e+04	-8.079528e+00
1.220515e+04	-8.115962e+00
1.227565e+04	-8.174524e+00
1.234655e+04	-8.200906e+00
1.241787e+04	-8.252644e+00
1.248959e+04	-8.308202e+00
1.256173e+04	-8.335145e+00
1.263429e+04	-8.382809e+00
1.270726e+04	-8.440836e+00
1.278066e+04	-8.464092e+00
1.285448e+04	-8.513132e+00
1.292873e+04	-8.539361e+00
1.300340e+04	-8.586854e+00
1.307851e+04	-8.622916e+00
1.315405e+04	-8.675671e+00
1.323003e+04	-8.727314e+00
1.330644e+04	-8.765997e+00
1.338330e+04	-8.789664e+00
1.346060e+04	-8.861064e+00
1.353835e+04	-8.889678e+00
1.361655e+04	-8.937911e+00
1.369520e+04	-8.966301e+00
1.377430e+04	-9.015989e+00
1.385386e+04	-9.067774e+00
1.393388e+04	-9.106893e+00
1.401436e+04	-9.153034e+00
1.409531e+04	-9.197031e+00
1.417672e+04	-9.230049e+00
1.425861e+04	-9.291242e+00
1.434096e+04	-9.338006e+00
1.442379e+04	-9.366442e+00
1.450711e+04	-9.417850e+00
1.459090e+04	-9.444403e+00
1.467518e+04	-9.486085e+00
1.475994e+04	-9.550350e+00
1.484519e+04	-9.580925e+00
1.493094e+04	-9.604890e+00
1.501718e+04	-9.687674e+00
1.510392e+04	-9.711921e+00
1.519116e+04	-9.756203e+00
1.527890e+04	-9.789518e+00
1.536715e+04	-9.833311e+00
1.545591e+04	-9.895100e+00
1.554518e+04	-9.945281e+00
1.563497e+04	-9.989284e+00
1.572528e+04	-1.002172e+01
1.581611e+04	-1.007489e+01
1.590746e+04	-1.009768e+01
1.599934e+04	-1.015133e+01
1.609175e+04	-1.018738e+01
1.618470e+04	-1.022943e+01
1.627818e+04	-1.028132e+01
1.637220e+04	-1.031696e+01
1.646677e+04	-1.037079e+01
1.656188e+04	-1.041024e+01
1.665754e+04	-1.047694e+01
1.675375e+04	-1.052904e+01
1.685052e+04	-1.054709e+01
1.694785e+04	-1.061170e+01
1.704574e+04	-1.061763e+01
1.714419e+04	-1.067192e+01
1.724322e+04	-1.073025e+01
1.734281e+04	-1.076090e+01
1.744299e+04	-1.081806e+01
1.754374e+04	-1.084780e+01
1.764507e+04	-1.088609e+01
1.774698e+04	-1.095169e+01
1.784949e+04	-1.097296e+01
1.795259e+04	-1.102201e+01
1.805628e+04	-1.107181e+01
1.816057e+04	-1.112495e+01
1.826547e+04	-1.117372e+01
1.837097e+04	-1.121129e+01
1.847708e+04	-1.125951e+01
1.858380e+04	-1.129856e+01
1.869114e+04	-1.134729e+01
1.879910e+04	-1.138620e+01
1.890768e+04	-1.144008e+01
1.901689e+04	-1.148044e+01
1.912673e+04	-1.151365e+01
1.923721e+04	-1.157455e+01
1.934832e+04	-1.161484e+01
1.946008e+04	-1.164823e+01
1.957248e+04	-1.171143e+01
1.968553e+04	-1.172787e+01
1.979923e+04	-1.178895e+01
1.991359e+04	-1.183157e+01
2.002861e+04	-1.189377e+01
2.014430e+04	-1.194339e+01
2.026065e+04	-1.198505e+01
2.037767e+04	-1.202164e+01
2.049537e+04	-1.206304e+01
2.061375e+04	-1.209223e+01
2.073282e+04	-1.211826e+01
2.085257e+04	-1.218466e+01
2.097301e+04	-1.224885e+01
2.109415e+04	-1.227873e+01
2.121599e+04	-1.233853e+01
2.133853e+04	-1.235601e+01
2.146178e+04	-1.241148e+01
2.158575e+04	-1.244308e+01
2.171043e+04	-1.251643e+01
2.183582e+04	-1.256121e+01
2.196195e+04	-1.259027e+01
2.208880e+04	-1.263710e+01
2.221638e+04	-1.268581e+01
2.234470e+04	-1.273367e+01
2.247377e+04	-1.277704e+01
2.260357e+04	-1.283200e+01
2.273413e+04	-1.287326e+01
2.286544e+04	-1.292198e+01
2.299751e+04	-1.294922e+01
2.313034e+04	-1.298739e+01
2.326394e+04	-1.305791e+01
2.339832e+04	-1.307909e+01
2.353346e+04	-1.312909e+01
2.366939e+04	-1.317341e+01
2.380610e+04	-1.323638e+01
2.394361e+04	-1.325020e+01
2.408191e+04	-1.331584e+01
2.422100e+04	-1.335632e+01
2.436090e+04	-1.338769e+01
2.450161e+04	-1.344462e+01
2.464313e+04	-1.350624e+01
2.478547e+04	-1.352126e+01
2.492863e+04	-1.356882e+01
2.507261e+04	-1.362940e+01
2.521743e+04	-1.367023e+01
2.536309e+04	-1.371758e+01
2.550958e+04	-1.374739e+01
2.565692e+04	-1.379613e+01
2.580512e+04	-1.385244e+01
2.595417e+04	-1.387929e+01
2.610408e+04	-1.392765e+01
2.625485e+04	-1.397256e+01
2.640650e+04	-1.403750e+01
2.655902e+04	-1.406352e+01
2.671243e+04	-1.409585e+01
2.686672e+04	-1.417226e+01
2.702190e+04	-1.419305e+01
2.717798e+04	-1.424153e+01
2.733495e+04	-1.427376e+01
2.749284e+04	-1.432304e+01
2.765164e+04	-1.436621e+01
2.781135e+04	-1.440286e+01
2.797199e+04	-1.446980e+01
2.813355e+04	-1.449253e+01
2.829605e+04	-1.455265e+01
2.845949e+04	-1.457554e+01
2.862387e+04	-1.464430e+01
2.878920e+04	-1.466748e+01
2.895549e+04	-1.474472e+01
2.912273e+04	-1.477856e+01
2.929094e+04	-1.481492e+01
2.946013e+04	-1.486104e+01
2.963029e+04	-1.490137e+01
2.980143e+04	-1.495029e+01
2.997356e+04	-1.500014e+01
3.014669e+04	-1.503510e+01
3.032081e+04	-1.507682e+01
3.049595e+04	-1.512398e+01
3.067209e+04	-1.516611e+01
3.084925e+04	-1.521572e+01
3.102743e+04	-1.526202e+01
3.120665e+04	-1.529512e+01
3.138690e+04	-1.534438e+01
3.156819e+04	-1.538779e+01
3.175052e+04	-1.543177e+01
3.193391e+04	-1.546461e+01
3.211836e+04	-1.549850e+01
3.230388e+04	-1.553157e+01
3.249046e+04	-1.558608e+01
3.267812e+04	-1.564496e+01
3.286687e+04	-1.569506e+01
3.305671e+04	-1.572595e+01
3.324764e+04	-1.577141e+01
3.343968e+04	-1.579401e+01
3.363283e+04	-1.585749e+01
3.382709e+04	-1.588354e+01
3.402247e+04	-1.593763e+01
3.421899e+04	-1.597089e+01
3.441663e+04	-1.601085e+01
3.461542e+04	-1.605787e+01
3.481536e+04	-1.610667e+01
3.501645e+04	-1.613702e+01
3.521871e+04	-1.618605e+01
3.542213e+04	-1.623087e+01
3.562672e+04	-1.626418e+01
3.583250e+04	-1.631387e+01
3.603947e+04	-1.636724e+01
3.624763e+04	-1.641864e+01
3.645700e+04	-1.644594e+01
3.666757e+04	-1.648848e+01
3.687936e+04	-1.651011e+01
3.709238e+04	-1.655993e+01
3.730662e+04	-1.658375e+01
3.752210e+04	-1.665703e+01
3.773883e+04	-1.668984e+01
3.795680e+04	-1.672700e+01
3.817604e+04	-1.676257e+01
3.839654e+04	-1.681321e+01
3.861832e+04	-1.685423e+01
3.884138e+04	-1.689840e+01
3.906573e+04	-1.694375e+01
3.929137e+04	-1.698471e+01
3.951831e+04	-1.701299e+01
3.974657e+04	-1.704756e+01
3.997614e+04	-1.708809e+01
4.020704e+04	-1.714137e+01
4.043928e+04	-1.716371e+01
4.067285e+04	-1.721154e+01
4.090778e+04	-1.724956e+01
4.114406e+04	-1.728861e+01
4.138171e+04	-1.732859e+01
4.162073e+04	-1.736784e+01
4.186113e+04	-1.740133e+01
4.210291e+04	-1.745137e+01
4.234610e+04	-1.746866e+01
4.259069e+04	-1.750811e+01
4.283669e+04	-1.756159e+01
4.308411e+04	-1.759871e+01
4.333297e+04	-1.763914e+01
4.358325e+04	-1.768529e+01
4.383499e+04	-1.772512e+01
4.408818e+04	-1.776791e+01
4.434283e+04	-1.779061e+01
4.459895e+04	-1.783178e+01
4.485655e+04	-1.786047e+01
4.511564e+04	-1.787963e+01
4.537623e+04	-1.795362e+01
4.563832e+04	-1.799566e+01
4.590193e+04	-1.802132e+01
4.616705e+04	-1.805186e+01
4.643371e+04	-1.809480e+01
4.670191e+04	-1.814189e+01
4.697166e+04	-1.816680e+01
4.724297e+04	-1.821511e+01
4.751584e+04	-1.825636e+01
4.779029e+04	-1.829126e+01
4.806633e+04	-1.833552e+01
4.834395e+04	-1.834799e+01
4.862319e+04	-1.837529e+01
4.890403e+04	-1.840548e+01
4.918650e+04	-1.843474e+01
4.947060e+04	-1.851181e+01
4.975634e+04	-1.853573e+01
5.004373e+04	-1.855506e+01
5.033278e+04	-1.860728e+01
5.062350e+04	-1.862789e+01
5.091590e+04	-1.865746e+01
5.120999e+04	-1.869644e+01
5.150578e+04	-1.874462e+01
5.180327e+04	-1.878159e+01
5.210248e+04	-1.880329e+01
5.240343e+04	-1.884248e+01
5.270611e+04	-1.888266e+01
5.301053e+04	-1.890112e+01
5.331672e+04	-1.893666e+01
5.362468e+04	-1.896647e+01
5.393441e+04	-1.901509e+01
5.424593e+04	-1.902151e+01
5.455926e+04	-1.904896e+01
5.487439e+04	-1.911012e+01
5.519134e+04	-1.911987e+01
5.551012e+04	-1.917361e+01
5.583075e+04	-1.917778e+01
5.615322e+04	-1.922167e+01
5.647756e+04	-1.925582e+01
5.680377e+04	-1.928695e+01
5.713187e+04	-1.930735e+01
5.746186e+04	-1.932916e+01
5.779376e+04	-1.937843e+01
5.812757e+04	-1.940561e+01
5.846332e+04	-1.943039e+01
5.880100e+04	-1.945370e+01
5.914063e+04	-1.950174e+01
5.948222e+04	-1.950584e+01
5.982579e+04	-1.954482e+01
6.017134e+04	-1.955856e+01
6.051889e+04	-1.960386e+01
6.086844e+04	-1.962737e+01
6.122002e+04	-1.965290e+01
6.157362e+04	-1.967711e+01
6.192927e+04	-1.970787e+01
6.228697e+04	-1.973596e+01
6.264674e+04	-1.976321e+01
6.300858e+04	-1.978156e+01
6.337252e+04	-1.981701e+01
6.373855e+04	-1.982118e+01
6.410670e+04	-1.985412e+01
6.447698e+04	-1.989329e+01
6.484940e+04	-1.991104e+01
6.522397e+04	-1.994136e+01
6.560070e+04	-1.997487e+01
6.597960e+04	-1.998591e+01
6.636070e+04	-2.001714e+01
6.674400e+04	-2.003200e+01
6.712951e+04	-2.004703e+01
6.751724e+04	-2.006700e+01
6.790722e+04	-2.009331e+01
6.829945e+04	-2.012565e+01
6.869395e+04	-2.013370e+01
6.909072e+04	-2.014918e+01
6.948978e+04	-2.017207e+01
6.989115e+04	-2.020549e+01
7.029484e+04	-2.021152e+01
7.070086e+04	-2.024148e+01
7.110923e+04	-2.023321e+01
7.151995e+04	-2.026919e+01
7.193305e+04	-2.027903e+01
7.234853e+04	-2.031826e+01
7.276641e+04	-2.030695e+01
7.318671e+04	-2.034970e+01
7.360943e+04	-2.035736e+01
7.403460e+04	-2.036058e+01
7.446222e+04	-2.036314e+01
7.489231e+04	-2.039394e+01
7.532488e+04	-2.041444e+01
7.575996e+04	-2.043070e+01
7.619754e+04	-2.045743e+01
7.663766e+04	-2.043263e+01
7.708031e+04	-2.045088e+01
7.752553e+04	-2.045320e+01
7.797331e+04	-2.047287e+01
7.842368e+04	-2.047952e+01
7.887665e+04	-2.049746e+01
7.933224e+04	-2.048303e+01
7.979046e+04	-2.052911e+01
8.025133e+04	-2.055435e+01
8.071486e+04	-2.052107e+01
8.118106e+04	-2.053769e+01
8.164996e+04	-2.054463e+01
8.212157e+04	-2.056063e+01
8.259590e+04	-2.057099e+01
8.307297e+04	-2.052922e+01
8.355279e+04	-2.056092e+01
8.403539e+04	-2.055125e+01
8.452078e+04	-2.057250e+01
8.500897e+04	-2.056624e+01
8.549997e+04	-2.057065e+01
8.599382e+04	-2.056880e+01
8.649052e+04	-2.056272e+01
8.699008e+04	-2.056586e+01
8.749253e+04	-2.056562e+01
8.799789e+04	-2.058208e+01
8.850616e+04	-2.055599e+01
8.901737e+04	-2.056552e+01
8.953153e+04	-2.055336e+01
9.004866e+04	-2.053771e+01
9.056877e+04	-2.053182e+01
9.109190e+04	-2.053776e+01
9.161804e+04	-2.053560e+01
9.214722e+04	-2.051270e+01
9.267946e+04	-2.050331e+01
9.321477e+04	-2.051462e+01
9.375318e+04	-2.048361e+01
9.429469e+04	-2.045981e+01
9.483933e+04	-2.044391e+01
9.538712e+04	-2.043686e+01
9.593807e+04	-2.042864e+01
9.649221e+04	-2.038938e+01
9.704954e+04	-2.039138e+01
9.761010e+04	-2.037782e+01
9.817389e+04	-2.035803e+01
9.874094e+04	-2.034297e+01
9.931126e+04	-2.031141e+01
9.988488e+04	-2.027956e+01
1.004618e+05	-2.029312e+01
1.010421e+05	-2.022992e+01
1.016257e+05	-2.021782e+01
1.022127e+05	-2.019867e+01
1.028031e+05	-2.014807e+01
1.033968e+05	-2.012192e+01
1.039941e+05	-2.008671e+01
1.045947e+05	-2.006939e+01
1.051989e+05	-2.001079e+01
1.058065e+05	-1.998650e+01
1.064176e+05	-1.994157e+01
1.070323e+05	-1.990380e+01
1.076505e+05	-1.986552e+01
1.082723e+05	-1.983271e+01
1.088977e+05	-1.978438e+01
1.095266e+05	-1.975278e+01
1.101593e+05	-1.969467e+01
1.107955e+05	-1.963516e+01
1.114355e+05	-1.959098e+01
1.120791e+05	-1.954065e+01
1.127265e+05	-1.948525e+01
1.133776e+05	-1.940951e+01
1.140325e+05	-1.935178e+01
1.146911e+05	-1.932415e+01
1.153536e+05	-1.926255e+01
1.160198e+05	-1.918644e+01
1.166900e+05	-1.909525e+01
1.173640e+05	-1.904845e+01
1.180419e+05	-1.896412e+01
1.187237e+05	-1.889803e+01
1.194094e+05	-1.883347e+01
1.200991e+05	-1.874847e+01
1.207928e+05	-1.866492e+01
1.214905e+05	-1.859904e+01
1.221922e+05	-1.848824e+01
1.228980e+05	-1.840808e+01
1.236078e+05	-1.830432e+01
1.243218e+05	-1.822736e+01
1.250399e+05	-1.813369e+01
1.257621e+05	-1.802217e+01
1.264885e+05	-1.792648e+01
1.272191e+05	-1.780169e+01
1.279539e+05	-1.770445e+01
1.286930e+05	-1.759769e+01
1.294363e+05	-1.745439e+01
1.301839e+05	-1.736076e+01
1.309358e+05	-1.720556e+01
1.316921e+05	-1.709314e+01
1.324528e+05	-1.692778e+01
1.332178e+05	-1.679251e+01
1.339873e+05	-1.663300e+01
1.347612e+05	-1.649692e+01
1.355395e+05	-1.633796e+01
1.363224e+05	-1.619526e+01
1.371098e+05	-1.603099e+01
1.379018e+05	-1.583540e+01
1.386983e+05	-1.565259e+01
1.394994e+05	-1.546338e+01
1.403051e+05	-1.527106e+01
1.411155e+05	-1.507173e+01
1.419306e+05	-1.485942e+01
1.427504e+05	-1.464883e+01
1.435749e+05	-1.441352e+01
1.444042e+05	-1.416605e+01
1.452383e+05	-1.392649e+01
1.460772e+05	-1.367037e+01
1.469209e+05	-1.340972e+01
1.477695e+05	-1.310799e+01
1.486230e+05	-1.283771e+01
1.494814e+05	-1.252776e+01
1.503448e+05	-1.218049e+01
1.512132e+05	-1.186697e+01
1.520866e+05	-1.150734e+01
1.529651e+05	-1.114470e+01
1.538486e+05	-1.075079e+01
1.547372e+05	-1.032445e+01
1.556310e+05	-9.880812e+00
1.565299e+05	-9.413753e+00
1.574340e+05	-8.920986e+00
1.583433e+05	-8.397732e+00
1.592579e+05	-7.836292e+00
1.601778e+05	-7.271305e+00
1.611030e+05	-6.624278e+00
1.620335e+05	-5.927809e+00
1.629694e+05	-5.217638e+00
1.639107e+05	-4.472479e+00
1.648574e+05	-3.689257e+00
1.658097e+05	-2.862699e+00
1.667674e+05	-2.060229e+00
1.677306e+05	-1.296862e+00
1.686994e+05	-6.697514e-01
1.696738e+05	-2.444328e-01
1.706538e+05	-1.155861e-01
1.716395e+05	-3.108530e-01
1.726309e+05	-7.729527e-01
1.736280e+05	-1.483249e+00
1.746309e+05	-2.276969e+00
1.756395e+05	-3.143070e+00
1.766540e+05	-4.002206e+00
1.776744e+05	-4.854604e+00
1.787006e+05	-5.674190e+00
1.797328e+05	-6.426461e+00
1.807709e+05	-7.158459e+00
1.818150e+05	-7.858544e+00
1.828652e+05	-8.492213e+00
1.839214e+05	-9.095308e+00
1.849837e+05	-9.674218e+00
1.860522e+05	-1.021593e+01
1.871268e+05	-1.075128e+01
1.882077e+05	-1.125283e+01
1.892948e+05	-1.169766e+01
1.903881e+05	-1.215377e+01
1.914878e+05	-1.255620e+01
1.925938e+05	-1.294793e+01
1.937062e+05	-1.336272e+01
1.948251e+05	-1.372112e+01
1.959504e+05	-1.407743e+01
1.970822e+05	-1.439768e+01
1.982205e+05	-1.472338e+01
1.993654e+05	-1.505215e+01
2.005169e+05	-1.537074e+01
2.016751e+05	-1.564018e+01
2.028400e+05	-1.592216e+01
2.040116e+05	-1.618950e+01
2.051899e+05	-1.643643e+01
2.063751e+05	-1.670473e+01
2.075671e+05	-1.694007e+01
2.087660e+05	-1.716067e+01
2.099719e+05	-1.738465e+01
2.111846e+05	-1.759112e+01
2.124044e+05	-1.780607e+01
2.136313e+05	-1.800048e+01
2.148652e+05	-1.818663e+01
2.161063e+05	-1.835600e+01
2.173545e+05	-1.854178e+01
2.186099e+05	-1.871452e+01
2.198726e+05	-1.885533e+01
2.211426e+05	-1.902932e+01
2.224199e+05	-1.918303e+01
2.237046e+05	-1.931870e+01
2.249967e+05	-1.945403e+01
2.262962e+05	-1.956089e+01
2.276033e+05	-1.971586e+01
2.289179e+05	-1.979949e+01
2.302402e+05	-1.993176e+01
2.315700e+05	-2.001628e+01
2.329076e+05	-2.012334e+01
2.342528e+05	-2.023320e+01
2.356059e+05	-2.031921e+01
2.369667e+05	-2.039374e+01
2.383354e+05	-2.047282e+01
2.397120e+05	-2.053665e+01
2.410966e+05	-2.059575e+01
2.424892e+05	-2.065708e+01
2.438898e+05	-2.072112e+01
2.452985e+05	-2.077182e+01
2.467153e+05	-2.081640e+01
2.481403e+05	-2.081925e+01
2.495736e+05	-2.086733e+01
2.510151e+05	-2.086548e+01
2.524650e+05	-2.088898e+01
2.539232e+05	-2.091784e+01
2.553898e+05	-2.092188e+01
2.568650e+05	-2.090449e+01
2.583486e+05	-2.088566e+01
2.598408e+05	-2.086939e+01
2.613416e+05	-2.084251e+01
2.628511e+05	-2.081561e+01
2.643694e+05	-2.079472e+01
2.658963e+05	-2.072919e+01
2.674321e+05	-2.067823e+01
2.689768e+05	-2.061078e+01
2.705304e+05	-2.054128e+01
2.720930e+05	-2.046871e+01
2.736646e+05	-2.037489e+01
2.752453e+05	-2.026601e+01
2.768351e+05	-2.015702e+01
2.784341e+05	-2.004299e+01
2.800423e+05	-1.990977e+01
2.816598e+05	-1.975965e+01
2.832867e+05	-1.960946e+01
2.849229e+05	-1.944250e+01
2.865686e+05	-1.925698e+01
2.882238e+05	-1.907145e+01
2.898886e+05	-1.885840e+01
2.915630e+05	-1.863934e+01
2.932470e+05	-1.839965e+01
2.949408e+05	-1.814085e+01
2.966444e+05	-1.786448e+01
2.983578e+05	-1.756355e+01
3.000811e+05	-1.724791e+01
3.018143e+05	-1.691035e+01
3.035576e+05	-1.650574e+01
3.053109e+05	-1.610853e+01
3.070744e+05	-1.569910e+01
3.088481e+05	-1.521896e+01
3.106320e+05	-1.470119e+01
3.124261e+05	-1.413592e+01
3.142307e+05	-1.353314e+01
3.160457e+05	-1.287709e+01
3.178712e+05	-1.212115e+01
3.197072e+05	-1.132227e+01
3.215538e+05	-1.039043e+01
3.234111e+05	-9.375587e+00
3.252791e+05	-8.205861e+00
3.271579e+05	-6.841363e+00
3.290475e+05	-5.300274e+00
3.309481e+05	-3.546278e+00
3.328596e+05	-1.682559e+00
3.347822e+05	-1.276444e-01
3.367159e+05	2.252341e-01
3.386608e+05	-9.208658e-01
3.406169e+05	-2.755521e+00
3.425842e+05	-4.646858e+00
3.445630e+05	-6.384597e+00
3.465532e+05	-7.909066e+00
3.485549e+05	-9.216582e+00
3.505681e+05	-1.037710e+01
3.525930e+05	-1.141545e+01
3.546295e+05	-1.233359e+01
3.566778e+05	-1.317378e+01
3.587380e+05	-1.392389e+01
3.608101e+05	-1.460928e+01
3.628941e+05	-1.526655e+01
3.649901e+05	-1.582779e+01
3.670983e+05	-1.638467e+01
3.692187e+05	-1.686935e+01
3.713513e+05	-1.731880e+01
3.734962e+05	-1.776273e+01
3.756535e+05	-1.815852e+01
3.778232e+05	-1.850569e+01
3.800055e+05	-1.885534e+01
3.822004e+05	-1.917531e+01
3.844080e+05	-1.943438e+01
3.866283e+05	-1.971257e+01
3.888615e+05	-1.995623e+01
3.911075e+05	-2.018740e+01
3.933665e+05	-2.035845e+01
3.956386e+05	-2.054613e+01
3.979238e+05	-2.074061e+01
4.002222e+05	-2.086325e+01
4.025338e+05	-2.097914e+01
4.048589e+05	-2.106609e+01
4.071973e+05	-2.115546e+01
4.095493e+05	-2.121683e+01
4.119148e+05	-2.126174e+01
4.142940e+05	-2.127720e+01
4.166870e+05	-2.128335e+01
4.190937e+05	-2.126079e+01
4.215144e+05	-2.122085e+01
4.239490e+05	-2.116033e+01
4.263978e+05	-2.108928e+01
4.288606e+05	-2.100365e+01
4.313377e+05	-2.083326e+01
4.338291e+05	-2.067226e+01
4.363349e+05	-2.046840e+01
4.388551e+05	-2.028269e+01
4.413899e+05	-2.002870e+01
4.439394e+05	-1.974984e+01
4.465035e+05	-1.942565e+01
4.490825e+05	-1.907168e+01
4.516764e+05	-1.865140e+01
4.542853e+05	-1.820083e+01
4.569092e+05	-1.769446e+01
4.595483e+05	-1.714723e+01
4.622026e+05	-1.648690e+01
4.648723e+05	-1.573612e+01
4.675574e+05	-1.492929e+01
4.702580e+05	-1.397613e+01
4.729742e+05	-1.288575e+01
4.757060e+05	-1.155737e+01
4.784537e+05	-1.000601e+01
4.812172e+05	-8.117691e+00
4.839967e+05	-5.762511e+00
4.867923e+05	-2.967670e+00
4.896040e+05	-4.884702e-01
4.924319e+05	-9.783215e-01
4.952762e+05	-3.824262e+00
4.981369e+05	-6.583049e+00
5.010141e+05	-8.885994e+00
5.039079e+05	-1.076727e+01
5.068185e+05	-1.230266e+01
5.097458e+05	-1.360181e+01
5.126901e+05	-1.474854e+01
5.156514e+05	-1.572513e+01
5.186298e+05	-1.655474e+01
5.216253e+05	-1.732196e+01
5.246382e+05	-1.797349e+01
5.276685e+05	-1.856902e+01
5.307163e+05	-1.910854e+01
5.337817e+05	-1.953407e+01
5.368648e+05	-1.995116e+01
5.399657e+05	-2.028565e+01
5.430845e+05	-2.055388e+01
5.462214e+05	-2.083149e+01
5.493763e+05	-2.100669e+01
5.525495e+05	-2.117813e+01
5.557410e+05	-2.125018e+01
5.589509e+05	-2.132404e+01
5.621794e+05	-2.132310e+01
5.654265e+05	-2.128136e+01
5.686924e+05	-2.119601e+01
5.719772e+05	-2.102721e+01
5.752809e+05	-2.085327e+01
5.786037e+05	-2.056967e+01
5.819457e+05	-2.023998e+01
5.853070e+05	-1.983133e+01
5.886877e+05	-1.934883e+01
5.920879e+05	-1.876354e+01
5.955078e+05	-1.805482e+01
5.989474e+05	-1.722082e+01
6.024069e+05	-1.621814e+01
6.058864e+05	-1.502630e+01
6.093860e+05	-1.353601e+01
6.129058e+05	-1.164552e+01
6.164459e+05	-9.158154e+00
6.200064e+05	-5.733359e+00
6.235876e+05	-1.298953e+00
6.271894e+05	-9.097994e-01
6.308120e+05	-5.446338e+00
6.344555e+05	-9.138785e+00
6.381201e+05	-1.185126e+01
6.418059e+05	-1.394271e+01
6.455129e+05	-1.561516e+01
6.492414e+05	-1.697236e+01
6.529914e+05	-1.808224e+01
6.567630e+05	-1.902938e+01
6.605565e+05	-1.986164e+01
6.643718e+05	-2.051969e+01
6.682092e+05	-2.108535e+01
6.720688e+05	-2.155435e+01
6.759506e+05	-2.192827e+01
6.798549e+05	-2.221409e+01
6.837817e+05	-2.239525e+01
6.877312e+05	-2.250939e+01
6.917035e+05	-2.251516e+01
6.956987e+05	-2.243483e+01
6.997171e+05	-2.227531e+01
7.037586e+05	-2.199229e+01
7.078235e+05	-2.160087e+01
7.119118e+05	-2.107566e+01
7.160238e+05	-2.040635e+01
7.201595e+05	-1.956692e+01
7.243191e+05	-1.847958e+01
7.285028e+05	-1.710564e+01
7.327106e+05	-1.530085e+01
7.369427e+05	-1.284889e+01
7.411992e+05	-9.297419e+00
7.454804e+05	-3.643923e+00
7.497862e+05	-7.520647e-01
7.541170e+05	-7.408913e+00
7.584727e+05	-1.182935e+01
7.628536e+05	-1.478407e+01
7.672598e+05	-1.693121e+01
7.716915e+05	-1.855086e+01
7.761488e+05	-1.984543e+01
7.806318e+05	-2.085113e+01
7.851407e+05	-2.163738e+01
7.896756e+05	-2.220686e+01
7.942367e+05	-2.262154e+01
7.988242e+05	-2.284592e+01
8.034382e+05	-2.290075e+01
8.080788e+05	-2.279774e+01
8.127463e+05	-2.249889e+01
8.174406e+05	-2.197929e+01
8.221621e+05	-2.122287e+01
8.269109e+05	-2.014084e+01
8.316871e+05	-1.864479e+01
8.364909e+05	-1.657681e+01
8.413225e+05	-1.348740e+01
8.461819e+05	-8.296257e+00
8.510694e+05	-9.316012e-02
8.559852e+05	-8.135760e+00
8.609293e+05	-1.370579e+01
8.659020e+05	-1.708408e+01
8.709034e+05	-1.940067e+01
8.759337e+05	-2.105054e+01
8.809931e+05	-2.226535e+01
8.860816e+05	-2.308443e+01
8.911996e+05	-2.361017e+01
8.963471e+05	-2.384378e+01
9.015244e+05	-2.378663e+01
9.067316e+05	-2.337927e+01
9.119688e+05	-2.261773e+01
9.172363e+05	-2.137804e+01
9.225342e+05	-1.945656e+01
9.278628e+05	-1.643242e+01
9.332221e+05	-1.096802e+01
9.386123e+05	-4.240236e-02
9.440337e+05	-1.134451e+01
9.494864e+05	-1.701060e+01
9.549706e+05	-2.029403e+01
9.604865e+05	-2.238237e+01
9.660342e+05	-2.373479e+01
9.716140e+05	-2.451820e+01
9.772260e+05	-2.477790e+01
9.828704e+05	-2.453196e+01
9.885474e+05	-2.364311e+01
9.942572e+05	-2.196981e+01
1.000000e+06	-1.896434e+01
