Frequency(Hz)	Magnitude(dB)
1.000000e+01	6.440229e-03
1.005776e+01	2.401183e-04
1.011585e+01	-1.895652e-02
1.017428e+01	5.274993e-03
1.023305e+01	1.288895e-02
1.029215e+01	4.090322e-03
1.035160e+01	-4.707659e-03
1.041139e+01	-2.237014e-02
1.047153e+01	3.884621e-03
1.053201e+01	1.372599e-02
1.059284e+01	-7.523962e-04
1.065403e+01	9.864597e-04
1.071556e+01	7.942371e-03
1.077746e+01	1.822830e-03
1.083971e+01	1.944616e-03
1.090232e+01	-6.990524e-03
1.096529e+01	5.922386e-03
1.102862e+01	-4.002661e-04
1.109232e+01	9.407361e-03
1.115639e+01	-1.907242e-03
1.122083e+01	2.818291e-04
1.128564e+01	8.194024e-03
1.135083e+01	-6.417514e-03
1.141639e+01	-1.188267e-02
1.148233e+01	2.274919e-03
1.154865e+01	-1.291289e-02
1.161536e+01	-1.615768e-02
1.168245e+01	-3.903858e-05
1.174992e+01	1.187039e-03
1.181779e+01	-7.313740e-03
1.188605e+01	4.813563e-03
1.195470e+01	1.447602e-02
1.202375e+01	1.468876e-02
1.209320e+01	4.262063e-03
1.216305e+01	-4.340066e-03
1.223330e+01	-2.445824e-04
1.230396e+01	-3.079780e-03
1.237503e+01	2.398142e-02
1.244651e+01	-1.748220e-03
1.251840e+01	1.362542e-03
1.259070e+01	9.994492e-03
1.266343e+01	-8.702265e-03
1.273657e+01	1.635523e-02
1.281014e+01	-8.599663e-03
1.288413e+01	3.185156e-03
1.295855e+01	1.800484e-03
1.303339e+01	7.008956e-03
1.310867e+01	4.404840e-03
1.318439e+01	9.342972e-03
1.326054e+01	-1.788000e-03
1.333713e+01	-6.802518e-03
1.341417e+01	8.589271e-03
1.349165e+01	-4.625008e-03
1.356958e+01	1.082376e-02
1.364795e+01	-5.951670e-03
1.372678e+01	6.927067e-03
1.380607e+01	-1.000784e-02
1.388581e+01	-9.789052e-05
1.396602e+01	-3.073714e-03
1.404668e+01	-4.352506e-03
1.412782e+01	5.109683e-03
1.420942e+01	1.095142e-02
1.429149e+01	-1.147655e-02
1.437404e+01	-2.136021e-03
1.445706e+01	8.541016e-03
1.454057e+01	-1.231780e-02
1.462455e+01	3.722192e-03
1.470902e+01	5.517541e-03
1.479398e+01	-2.352199e-02
1.487943e+01	3.318336e-03
1.496537e+01	1.260527e-03
1.505181e+01	-3.145943e-02
1.513875e+01	1.618154e-03
1.522619e+01	2.018694e-03
1.531414e+01	1.888520e-03
1.540259e+01	-2.333360e-03
1.549156e+01	-9.313181e-03
1.558103e+01	2.498477e-03
1.567103e+01	5.016117e-03
1.576155e+01	4.854029e-03
1.585258e+01	1.216601e-02
1.594415e+01	-1.612334e-02
1.603624e+01	5.425320e-03
1.612886e+01	-1.370192e-02
1.622202e+01	1.864131e-03
1.631572e+01	6.544833e-03
1.640996e+01	1.005414e-02
1.650474e+01	-5.283577e-03
1.660008e+01	2.303195e-03
1.669596e+01	-7.817437e-03
1.679239e+01	1.213821e-03
1.688938e+01	-2.245362e-04
1.698694e+01	-8.231306e-03
1.708505e+01	7.620781e-04
1.718373e+01	-9.709471e-04
1.728299e+01	1.106062e-02
1.738281e+01	-1.509162e-02
1.748322e+01	1.277067e-02
1.758420e+01	-3.257254e-03
1.768576e+01	-6.316729e-04
1.778792e+01	3.856807e-03
1.789066e+01	9.301830e-03
1.799399e+01	8.330498e-03
1.809793e+01	-6.379674e-03
1.820246e+01	-1.374265e-03
1.830760e+01	-7.474483e-03
1.841334e+01	-3.627677e-03
1.851969e+01	-1.162961e-02
1.862666e+01	-7.661963e-03
1.873425e+01	-3.411055e-03
1.884246e+01	9.951238e-03
1.895129e+01	-4.869786e-03
1.906075e+01	7.733548e-03
1.917085e+01	-1.081435e-02
1.928158e+01	1.494972e-03
1.939295e+01	-1.939595e-02
1.950496e+01	-1.819980e-02
1.961762e+01	1.744501e-02
1.973093e+01	-9.809427e-03
1.984490e+01	1.029076e-03
1.995952e+01	-9.583088e-04
2.007480e+01	-3.081572e-04
2.019076e+01	3.781339e-03
2.030738e+01	-1.563129e-02
2.042467e+01	6.679733e-03
2.054264e+01	1.105057e-02
2.066130e+01	1.529383e-02
2.078064e+01	1.244064e-02
2.090066e+01	3.191613e-03
2.102139e+01	-1.304852e-02
2.114280e+01	1.921472e-02
2.126492e+01	1.450127e-03
2.138775e+01	-3.563979e-03
2.151128e+01	-8.111471e-03
2.163553e+01	8.362448e-03
2.176050e+01	6.526372e-03
2.188619e+01	1.659027e-03
2.201260e+01	9.044125e-03
2.213974e+01	1.070331e-02
2.226762e+01	2.186633e-02
2.239624e+01	-1.768817e-02
2.252560e+01	-4.257697e-03
2.265571e+01	3.038767e-04
2.278656e+01	7.338490e-03
2.291818e+01	2.112770e-04
2.305055e+01	1.342356e-03
2.318369e+01	8.044487e-03
2.331760e+01	1.984207e-02
2.345228e+01	-1.828268e-02
2.358774e+01	-1.253755e-02
2.372398e+01	1.538718e-02
2.386101e+01	1.219905e-03
2.399883e+01	-3.581826e-03
2.413745e+01	1.626613e-03
2.427686e+01	1.102786e-02
2.441709e+01	4.226914e-03
2.455812e+01	6.332675e-03
2.469997e+01	-2.371738e-03
2.484263e+01	6.769980e-05
2.498612e+01	9.445374e-03
2.513044e+01	2.340368e-03
2.527559e+01	-2.273094e-02
2.542158e+01	-1.141329e-02
2.556842e+01	-1.785936e-02
2.571610e+01	-7.920698e-03
2.586463e+01	1.009750e-02
2.601403e+01	1.714961e-02
2.616428e+01	7.845827e-03
2.631541e+01	-1.168361e-02
2.646740e+01	-1.260813e-02
2.662028e+01	-7.360187e-03
2.677404e+01	-1.903427e-03
2.692868e+01	2.068244e-02
2.708422e+01	1.240856e-02
2.724066e+01	4.080089e-03
2.739800e+01	7.197172e-03
2.755625e+01	2.160711e-02
2.771541e+01	-1.010632e-02
2.787550e+01	-3.535982e-03
2.803650e+01	-9.938135e-03
2.819844e+01	-1.398075e-02
2.836131e+01	1.024583e-02
2.852513e+01	-1.616828e-02
2.868989e+01	-1.211524e-02
2.885560e+01	-6.516350e-03
2.902227e+01	-1.602908e-02
2.918990e+01	-5.200022e-03
2.935850e+01	-3.983955e-03
2.952807e+01	-1.316299e-05
2.969863e+01	1.328489e-02
2.987016e+01	-1.373818e-02
3.004269e+01	6.897640e-03
3.021622e+01	1.389417e-02
3.039075e+01	3.255719e-03
3.056628e+01	-4.031493e-03
3.074283e+01	2.609802e-03
3.092040e+01	1.926135e-02
3.109900e+01	-1.104152e-02
3.127862e+01	-5.453557e-03
3.145929e+01	-5.912458e-03
3.164099e+01	8.012800e-03
3.182375e+01	2.023745e-04
3.200756e+01	-7.022358e-03
3.219244e+01	6.778931e-03
3.237838e+01	-5.872503e-04
3.256540e+01	1.080627e-02
3.275349e+01	9.105497e-03
3.294268e+01	5.037081e-03
3.313295e+01	-3.294802e-03
3.332433e+01	2.305812e-03
3.351681e+01	5.443816e-03
3.371040e+01	1.462910e-02
3.390511e+01	5.431462e-03
3.410094e+01	6.437102e-03
3.429791e+01	-7.639131e-03
3.449601e+01	2.930250e-02
3.469526e+01	-2.743196e-03
3.489566e+01	-1.026437e-02
3.509721e+01	2.854117e-03
3.529993e+01	-7.876100e-03
3.550382e+01	3.704965e-03
3.570889e+01	-1.389597e-02
3.591515e+01	1.573121e-02
3.612259e+01	1.042058e-02
3.633123e+01	5.628353e-03
3.654108e+01	-5.797583e-03
3.675214e+01	-2.105439e-03
3.696442e+01	2.805908e-03
3.717792e+01	7.932200e-03
3.739266e+01	-2.440823e-02
3.760864e+01	9.354150e-03
3.782587e+01	-1.274110e-03
3.804435e+01	-1.870538e-03
3.826409e+01	-5.930415e-03
3.848510e+01	-7.777984e-03
3.870739e+01	-1.166983e-02
3.893096e+01	-1.121060e-04
3.915583e+01	-1.985620e-02
3.938199e+01	1.206958e-02
3.960946e+01	-2.756111e-03
3.983824e+01	1.140862e-02
4.006834e+01	1.228272e-02
4.029978e+01	1.297153e-02
4.053255e+01	-1.734197e-03
4.076666e+01	-7.021182e-03
4.100213e+01	-9.704074e-03
4.123896e+01	6.042379e-03
4.147715e+01	-2.282220e-03
4.171672e+01	6.163681e-03
4.195767e+01	-1.246216e-02
4.220002e+01	2.967813e-04
4.244377e+01	6.306246e-03
4.268892e+01	6.150674e-03
4.293549e+01	-2.309799e-02
4.318348e+01	-1.184793e-02
4.343291e+01	-1.094978e-02
4.368377e+01	8.430424e-03
4.393609e+01	-4.118675e-03
4.418986e+01	3.845143e-03
4.444510e+01	2.642885e-03
4.470182e+01	1.188900e-02
4.496001e+01	-5.190443e-03
4.521970e+01	-3.522360e-03
4.548089e+01	-1.167058e-03
4.574358e+01	1.104049e-03
4.600779e+01	1.067664e-02
4.627353e+01	-1.894729e-03
4.654081e+01	2.028564e-03
4.680963e+01	-9.582172e-04
4.708000e+01	3.470555e-03
4.735193e+01	-4.727906e-03
4.762543e+01	4.934619e-03
4.790051e+01	-2.012903e-03
4.817719e+01	-6.965766e-03
4.845545e+01	-8.454915e-03
4.873533e+01	-7.942251e-05
4.901682e+01	7.188710e-03
4.929994e+01	-1.714894e-02
4.958470e+01	-1.085083e-02
4.987110e+01	-1.063246e-02
5.015915e+01	-4.906473e-03
5.044887e+01	-2.241252e-05
5.074026e+01	-9.151012e-03
5.103333e+01	1.658088e-02
5.132810e+01	-6.219911e-03
5.162457e+01	-3.585997e-03
5.192275e+01	-7.059964e-03
5.222265e+01	-1.570336e-03
5.252429e+01	5.607753e-03
5.282767e+01	6.736627e-03
5.313280e+01	-1.546771e-02
5.343969e+01	8.446338e-03
5.374836e+01	-2.460022e-03
5.405880e+01	-1.196941e-02
5.437105e+01	5.365037e-03
5.468509e+01	4.946105e-03
5.500095e+01	-8.443958e-03
5.531863e+01	8.577442e-05
5.563815e+01	-7.644955e-03
5.595951e+01	-6.357444e-04
5.628273e+01	3.687771e-03
5.660782e+01	3.324590e-03
5.693479e+01	1.285030e-02
5.726364e+01	-1.837132e-02
5.759439e+01	-1.672035e-02
5.792705e+01	6.841302e-03
5.826164e+01	-3.644764e-03
5.859815e+01	1.078316e-02
5.893662e+01	8.657179e-03
5.927703e+01	-5.539035e-03
5.961941e+01	-3.499614e-03
5.996377e+01	1.893861e-02
6.031012e+01	-1.343845e-02
6.065847e+01	-3.859647e-03
6.100883e+01	1.235530e-03
6.136121e+01	-5.185595e-03
6.171563e+01	-6.830086e-03
6.207210e+01	-6.531031e-03
6.243063e+01	2.230950e-03
6.279122e+01	-3.594243e-03
6.315390e+01	-1.075428e-03
6.351868e+01	6.198301e-03
6.388556e+01	-1.376666e-02
6.425456e+01	-5.882775e-03
6.462569e+01	-1.587038e-02
6.499897e+01	2.106320e-02
6.537440e+01	-1.124143e-02
6.575200e+01	2.519916e-03
6.613178e+01	1.358838e-02
6.651375e+01	-9.498487e-03
6.689793e+01	-3.511454e-03
6.728433e+01	1.322367e-03
6.767297e+01	-5.295676e-03
6.806384e+01	-3.292999e-03
6.845698e+01	1.550947e-02
6.885238e+01	-8.089362e-05
6.925007e+01	5.739308e-03
6.965005e+01	1.404889e-02
7.005235e+01	2.495011e-03
7.045697e+01	1.343988e-02
7.086393e+01	1.229919e-02
7.127323e+01	1.134553e-02
7.168490e+01	1.720660e-02
7.209895e+01	-2.672300e-02
7.251539e+01	-1.063729e-03
7.293424e+01	1.124762e-03
7.335551e+01	6.147826e-04
7.377920e+01	-1.104147e-02
7.420535e+01	1.320946e-03
7.463396e+01	-1.982052e-02
7.506504e+01	6.133190e-03
7.549861e+01	-5.509815e-03
7.593469e+01	1.143710e-02
7.637328e+01	2.004335e-03
7.681441e+01	-1.069458e-02
7.725809e+01	1.369028e-03
7.770433e+01	-1.712235e-02
7.815315e+01	1.378758e-02
7.860456e+01	-2.363045e-02
7.905857e+01	1.812926e-02
7.951521e+01	-1.295222e-02
7.997449e+01	5.966679e-03
8.043642e+01	9.294095e-03
8.090102e+01	-8.265799e-03
8.136830e+01	-6.777630e-04
8.183828e+01	4.178436e-03
8.231097e+01	-5.807285e-03
8.278640e+01	-1.050663e-02
8.326457e+01	-5.042708e-03
8.374550e+01	-8.250357e-03
8.422921e+01	2.558783e-02
8.471572e+01	-4.287478e-03
8.520503e+01	5.845809e-03
8.569717e+01	-6.217231e-03
8.619215e+01	5.404752e-03
8.669000e+01	-2.430602e-03
8.719071e+01	-7.092525e-04
8.769432e+01	2.959667e-03
8.820084e+01	1.242916e-02
8.871029e+01	-5.175826e-03
8.922267e+01	-7.584731e-03
8.973802e+01	1.997564e-03
9.025634e+01	2.569413e-03
9.077766e+01	-7.294820e-03
9.130199e+01	6.551856e-03
9.182935e+01	-5.362305e-04
9.235975e+01	1.224503e-02
9.289321e+01	-4.488581e-03
9.342976e+01	6.099810e-03
9.396941e+01	-2.482077e-02
9.451217e+01	-1.441432e-02
9.505807e+01	-5.743822e-03
9.560712e+01	1.317267e-02
9.615934e+01	7.925260e-03
9.671476e+01	6.265636e-03
9.727338e+01	-1.869324e-02
9.783522e+01	-1.204438e-02
9.840032e+01	-9.720602e-03
9.896867e+01	6.600890e-03
9.954031e+01	-1.744506e-02
1.001153e+02	-8.853152e-03
1.006935e+02	8.648730e-03
1.012751e+02	7.541692e-03
1.018601e+02	1.783104e-02
1.024484e+02	-4.564301e-03
1.030402e+02	1.143720e-02
1.036353e+02	7.195232e-03
1.042339e+02	6.083564e-03
1.048360e+02	-1.412364e-02
1.054415e+02	2.267658e-02
1.060505e+02	-4.795618e-03
1.066631e+02	-1.118159e-02
1.072791e+02	4.969764e-03
1.078988e+02	5.763379e-03
1.085220e+02	-2.176973e-03
1.091488e+02	5.557371e-03
1.097793e+02	-5.270429e-03
1.104133e+02	1.619456e-02
1.110511e+02	5.630948e-03
1.116925e+02	2.072503e-02
1.123376e+02	-1.336987e-02
1.129865e+02	-1.384778e-03
1.136391e+02	7.377494e-03
1.142955e+02	4.569098e-03
1.149556e+02	2.185428e-03
1.156196e+02	2.879616e-03
1.162874e+02	5.719084e-03
1.169591e+02	-2.926911e-03
1.176347e+02	-1.979760e-02
1.183141e+02	5.005463e-03
1.189975e+02	-5.543349e-03
1.196848e+02	1.705432e-02
1.203761e+02	-1.770889e-03
1.210714e+02	1.627888e-03
1.217707e+02	1.029643e-02
1.224740e+02	5.431021e-03
1.231814e+02	-7.577904e-03
1.238929e+02	3.584670e-03
1.246085e+02	6.610774e-03
1.253283e+02	1.033543e-02
1.260522e+02	1.393165e-04
1.267802e+02	1.386861e-02
1.275125e+02	5.475524e-05
1.282490e+02	2.048664e-02
1.289898e+02	-8.036601e-03
1.297348e+02	2.392695e-03
1.304842e+02	-2.136656e-03
1.312378e+02	-6.153161e-03
1.319959e+02	-8.393752e-03
1.327583e+02	-1.052878e-02
1.335251e+02	1.701890e-02
1.342963e+02	-9.949457e-03
1.350720e+02	-1.884068e-02
1.358522e+02	-1.276068e-02
1.366368e+02	-1.016303e-02
1.374260e+02	-1.086894e-02
1.382198e+02	1.622785e-02
1.390182e+02	-2.194345e-02
1.398211e+02	8.375536e-03
1.406287e+02	-1.134537e-02
1.414410e+02	-1.327285e-03
1.422579e+02	3.669222e-03
1.430796e+02	9.628875e-03
1.439060e+02	-1.601661e-02
1.447372e+02	8.749252e-03
1.455732e+02	-7.425898e-03
1.464141e+02	-4.324173e-03
1.472597e+02	-4.538147e-03
1.481103e+02	-1.909271e-02
1.489658e+02	-1.607351e-02
1.498262e+02	-9.023900e-03
1.506916e+02	2.288918e-03
1.515620e+02	1.049051e-02
1.524374e+02	-2.578999e-03
1.533179e+02	-2.913135e-03
1.542034e+02	-2.605054e-03
1.550941e+02	7.179813e-03
1.559899e+02	-1.254926e-02
1.568909e+02	-1.757713e-02
1.577971e+02	1.124393e-03
1.587085e+02	-4.198173e-03
1.596252e+02	-6.696242e-03
1.605472e+02	-1.035244e-02
1.614745e+02	1.405838e-03
1.624072e+02	-6.350003e-03
1.633453e+02	-2.653734e-04
1.642887e+02	6.476988e-03
1.652377e+02	-5.847270e-03
1.661921e+02	-2.749925e-02
1.671520e+02	-3.285367e-03
1.681175e+02	6.376644e-04
1.690885e+02	4.711592e-03
1.700651e+02	-1.448643e-02
1.710474e+02	-7.400370e-03
1.720354e+02	7.657511e-03
1.730291e+02	-3.116825e-03
1.740285e+02	-7.512529e-03
1.750337e+02	-8.900690e-03
1.760446e+02	-4.458207e-03
1.770615e+02	-6.176129e-03
1.780842e+02	-6.678717e-03
1.791128e+02	7.778315e-03
1.801473e+02	-9.758384e-04
1.811878e+02	3.060928e-03
1.822344e+02	-3.986440e-03
1.832870e+02	-9.657649e-03
1.843456e+02	2.801227e-03
1.854104e+02	3.631976e-03
1.864813e+02	1.167758e-02
1.875584e+02	4.797177e-03
1.886418e+02	2.142164e-02
1.897313e+02	-4.465192e-03
1.908272e+02	-8.530196e-03
1.919294e+02	5.930278e-03
1.930380e+02	1.341617e-04
1.941530e+02	-4.920922e-03
1.952744e+02	-3.621021e-04
1.964023e+02	-2.648048e-02
1.975367e+02	-9.382987e-03
1.986777e+02	-2.652649e-03
1.998252e+02	-1.699659e-02
2.009794e+02	-7.317774e-03
2.021403e+02	-8.848146e-03
2.033078e+02	-9.736886e-03
2.044821e+02	-8.677485e-03
2.056632e+02	1.814538e-02
2.068511e+02	-5.667402e-03
2.080459e+02	-4.091387e-03
2.092475e+02	-5.291335e-03
2.104561e+02	-9.725526e-03
2.116717e+02	-1.426331e-02
2.128943e+02	1.974894e-03
2.141240e+02	1.894975e-02
2.153608e+02	-1.260257e-02
2.166047e+02	-1.472627e-02
2.178558e+02	-4.642586e-03
2.191141e+02	-2.636165e-02
2.203797e+02	-3.424058e-03
2.216526e+02	-1.409283e-02
2.229329e+02	7.863479e-03
2.242205e+02	1.017929e-03
2.255156e+02	-2.546453e-03
2.268182e+02	-1.145344e-02
2.281283e+02	1.210421e-02
2.294459e+02	-1.417424e-02
2.307712e+02	-2.273682e-02
2.321041e+02	-4.401655e-03
2.334447e+02	1.398845e-03
2.347931e+02	1.443445e-02
2.361493e+02	-1.824494e-02
2.375133e+02	-8.012298e-03
2.388851e+02	-1.645226e-02
2.402649e+02	-1.913689e-02
2.416527e+02	8.143489e-03
2.430484e+02	-3.478765e-03
2.444523e+02	2.525610e-03
2.458642e+02	-2.299596e-02
2.472843e+02	-5.700128e-03
2.487126e+02	-1.864233e-02
2.501492e+02	4.131645e-03
2.515940e+02	-8.095828e-03
2.530472e+02	-1.220228e-02
2.545088e+02	2.844443e-03
2.559789e+02	-2.244410e-02
2.574574e+02	-6.893230e-03
2.589444e+02	-3.875168e-02
2.604401e+02	-4.672343e-03
2.619444e+02	-7.299038e-03
2.634574e+02	-2.016513e-02
2.649791e+02	-6.296547e-03
2.665096e+02	-1.097606e-03
2.680489e+02	-2.301504e-02
2.695972e+02	-4.266086e-03
2.711544e+02	-1.777521e-02
2.727205e+02	-3.829063e-03
2.742958e+02	-1.395642e-02
2.758801e+02	-1.596698e-02
2.774736e+02	-2.760489e-03
2.790762e+02	-1.538190e-02
2.806882e+02	-1.036784e-02
2.823094e+02	-1.222837e-02
2.839400e+02	-1.267048e-02
2.855800e+02	-1.119843e-02
2.872295e+02	1.371035e-03
2.888886e+02	-4.549498e-03
2.905572e+02	-2.492379e-02
2.922354e+02	-2.099124e-02
2.939234e+02	-2.376511e-02
2.956211e+02	-1.344274e-02
2.973286e+02	-8.082231e-03
2.990459e+02	-1.496780e-02
3.007732e+02	-2.592768e-02
3.025104e+02	-2.657648e-02
3.042577e+02	-1.976082e-02
3.060151e+02	-2.046136e-02
3.077826e+02	-2.125174e-02
3.095604e+02	-7.163208e-03
3.113484e+02	-1.599159e-03
3.131467e+02	-2.453518e-02
3.149554e+02	-4.307876e-02
3.167746e+02	-3.114514e-02
3.186043e+02	-2.894021e-02
3.204445e+02	-1.939108e-02
3.222954e+02	-2.230725e-02
3.241570e+02	-3.732618e-02
3.260293e+02	-1.691000e-02
3.279124e+02	-1.494061e-02
3.298064e+02	-1.912373e-02
3.317114e+02	-1.597265e-02
3.336273e+02	-9.304376e-04
3.355544e+02	-1.594853e-02
3.374925e+02	-1.994466e-02
3.394418e+02	-1.258987e-02
3.414024e+02	-2.449074e-02
3.433744e+02	-1.429239e-02
3.453577e+02	-3.363568e-02
3.473525e+02	-8.620174e-03
3.493588e+02	-7.017810e-03
3.513766e+02	-2.790829e-02
3.534062e+02	-3.559803e-02
3.554474e+02	-1.650175e-02
3.575005e+02	-2.689207e-02
3.595654e+02	-1.280951e-02
3.616422e+02	-1.865838e-02
3.637311e+02	-3.231911e-02
3.658320e+02	-3.223718e-02
3.679450e+02	-1.395423e-02
3.700702e+02	-5.498935e-03
3.722077e+02	-3.134556e-02
3.743576e+02	-1.240390e-02
3.765199e+02	-6.536780e-03
3.786946e+02	-1.933341e-02
3.808820e+02	-3.582437e-02
3.830819e+02	-5.089582e-03
3.852946e+02	-1.264964e-02
3.875200e+02	-1.170599e-02
3.897583e+02	-2.134574e-02
3.920096e+02	-3.098336e-02
3.942738e+02	-2.381229e-02
3.965511e+02	-4.274828e-02
3.988416e+02	-1.476476e-02
4.011452e+02	-8.977491e-03
4.034622e+02	-3.090643e-02
4.057926e+02	-6.135116e-02
4.081365e+02	-3.061842e-02
4.104938e+02	-1.465908e-02
4.128648e+02	-1.942992e-02
4.152495e+02	-5.797894e-03
4.176480e+02	-2.464091e-02
4.200603e+02	-2.742970e-02
4.224866e+02	-2.603001e-02
4.249268e+02	-2.628011e-02
4.273812e+02	-2.074995e-02
4.298497e+02	-1.134669e-02
4.323325e+02	-1.070906e-02
4.348297e+02	-2.645063e-02
4.373412e+02	-4.173742e-02
4.398673e+02	-4.147126e-02
4.424079e+02	-2.772933e-02
4.449633e+02	-2.316850e-02
4.475334e+02	-1.551215e-02
4.501183e+02	-4.044198e-02
4.527182e+02	-3.883807e-02
4.553330e+02	-4.474998e-02
4.579630e+02	-2.507923e-02
4.606082e+02	-3.115093e-02
4.632687e+02	-3.319457e-02
4.659445e+02	-4.785627e-02
4.686358e+02	-3.206774e-02
4.713426e+02	-4.233098e-02
4.740650e+02	-3.768558e-02
4.768032e+02	-2.671600e-02
4.795572e+02	-2.886499e-02
4.823271e+02	-3.495984e-02
4.851130e+02	-4.600585e-02
4.879150e+02	-3.323371e-02
4.907332e+02	-3.998755e-02
4.935676e+02	-5.701952e-02
4.964185e+02	-3.595722e-02
4.992858e+02	-4.119893e-02
5.021696e+02	-3.285778e-02
5.050701e+02	-5.741483e-02
5.079874e+02	-5.035578e-02
5.109215e+02	-4.572050e-02
5.138726e+02	-2.202132e-02
5.168407e+02	-4.699517e-02
5.198259e+02	-3.954798e-02
5.228284e+02	-3.611032e-02
5.258482e+02	-3.822239e-02
5.288855e+02	-4.671893e-02
5.319403e+02	-3.311424e-02
5.350128e+02	-5.379498e-02
5.381030e+02	-5.216444e-02
5.412111e+02	-4.355994e-02
5.443371e+02	-4.797409e-02
5.474812e+02	-4.285712e-02
5.506434e+02	-7.332556e-02
5.538239e+02	-3.369442e-02
5.570228e+02	-5.400825e-02
5.602401e+02	-5.829050e-02
5.634760e+02	-5.239860e-02
5.667306e+02	-6.169224e-02
5.700040e+02	-5.926165e-02
5.732964e+02	-4.886503e-02
5.766077e+02	-5.221429e-02
5.799382e+02	-6.134308e-02
5.832879e+02	-5.635072e-02
5.866569e+02	-6.834969e-02
5.900454e+02	-4.921049e-02
5.934535e+02	-7.018707e-02
5.968813e+02	-5.486826e-02
6.003288e+02	-6.373170e-02
6.037963e+02	-6.396540e-02
6.072838e+02	-5.272916e-02
6.107914e+02	-5.085392e-02
6.143194e+02	-5.897441e-02
6.178676e+02	-5.163045e-02
6.214364e+02	-8.148179e-02
6.250258e+02	-5.667256e-02
6.286359e+02	-6.119310e-02
6.322669e+02	-6.051382e-02
6.359189e+02	-7.636197e-02
6.395919e+02	-6.602603e-02
6.432862e+02	-6.833592e-02
6.470017e+02	-7.527998e-02
6.507388e+02	-7.810192e-02
6.544974e+02	-8.293057e-02
6.582778e+02	-7.459053e-02
6.620800e+02	-8.463917e-02
6.659041e+02	-7.188698e-02
6.697504e+02	-7.960171e-02
6.736188e+02	-8.491830e-02
6.775096e+02	-8.071434e-02
6.814229e+02	-8.377994e-02
6.853587e+02	-8.070079e-02
6.893173e+02	-6.696322e-02
6.932988e+02	-1.009585e-01
6.973033e+02	-8.797912e-02
7.013309e+02	-9.299295e-02
7.053817e+02	-7.242146e-02
7.094560e+02	-8.702017e-02
7.135538e+02	-6.738202e-02
7.176752e+02	-8.878796e-02
7.218205e+02	-7.235785e-02
7.259897e+02	-8.405885e-02
7.301830e+02	-8.528357e-02
7.344005e+02	-8.961170e-02
7.386424e+02	-9.322192e-02
7.429087e+02	-1.028174e-01
7.471998e+02	-8.605410e-02
7.515155e+02	-9.627888e-02
7.558563e+02	-9.535498e-02
7.602221e+02	-9.409903e-02
7.646131e+02	-9.822668e-02
7.690295e+02	-9.967377e-02
7.734713e+02	-9.634860e-02
7.779389e+02	-1.167011e-01
7.824322e+02	-9.469502e-02
7.869515e+02	-9.889930e-02
7.914969e+02	-1.130527e-01
7.960686e+02	-1.034316e-01
8.006666e+02	-1.078998e-01
8.052912e+02	-1.099895e-01
8.099426e+02	-9.936031e-02
8.146208e+02	-1.105182e-01
8.193260e+02	-1.114088e-01
8.240584e+02	-1.291981e-01
8.288181e+02	-1.135261e-01
8.336053e+02	-1.151062e-01
8.384202e+02	-1.236456e-01
8.432629e+02	-1.255250e-01
8.481335e+02	-1.167524e-01
8.530323e+02	-1.295745e-01
8.579594e+02	-1.292960e-01
8.629149e+02	-1.158975e-01
8.678991e+02	-1.401524e-01
8.729120e+02	-1.366321e-01
8.779539e+02	-1.282056e-01
8.830250e+02	-1.275911e-01
8.881253e+02	-1.408787e-01
8.932551e+02	-1.263586e-01
8.984145e+02	-1.246832e-01
9.036037e+02	-1.325493e-01
9.088229e+02	-1.264560e-01
9.140722e+02	-1.284688e-01
9.193518e+02	-1.298643e-01
9.246620e+02	-1.476805e-01
9.300028e+02	-1.497183e-01
9.353744e+02	-1.538412e-01
9.407771e+02	-1.395781e-01
9.462110e+02	-1.542966e-01
9.516763e+02	-1.455725e-01
9.571731e+02	-1.372893e-01
9.627017e+02	-1.509804e-01
9.682622e+02	-1.503282e-01
9.738549e+02	-1.710940e-01
9.794798e+02	-1.604912e-01
9.851373e+02	-1.561807e-01
9.908274e+02	-1.405870e-01
9.965504e+02	-1.520211e-01
1.002306e+03	-1.693582e-01
1.008096e+03	-1.550416e-01
1.013918e+03	-1.534508e-01
1.019775e+03	-1.725289e-01
1.025665e+03	-1.734856e-01
1.031589e+03	-1.868217e-01
1.037548e+03	-1.818338e-01
1.043540e+03	-1.665483e-01
1.049568e+03	-1.858780e-01
1.055630e+03	-2.034516e-01
1.061727e+03	-2.019968e-01
1.067860e+03	-1.995742e-01
1.074028e+03	-1.916015e-01
1.080231e+03	-1.829717e-01
1.086471e+03	-2.031569e-01
1.092746e+03	-1.999878e-01
1.099058e+03	-1.872459e-01
1.105406e+03	-1.858405e-01
1.111791e+03	-1.733203e-01
1.118212e+03	-2.203413e-01
1.124671e+03	-2.235238e-01
1.131167e+03	-1.973297e-01
1.137701e+03	-2.105342e-01
1.144272e+03	-2.044838e-01
1.150881e+03	-2.146020e-01
1.157529e+03	-2.121468e-01
1.164215e+03	-2.051419e-01
1.170939e+03	-2.232235e-01
1.177702e+03	-2.266581e-01
1.184505e+03	-2.232145e-01
1.191346e+03	-2.396836e-01
1.198227e+03	-2.308614e-01
1.205148e+03	-2.223027e-01
1.212109e+03	-2.352369e-01
1.219110e+03	-2.339816e-01
1.226152e+03	-2.514520e-01
1.233234e+03	-2.648638e-01
1.240357e+03	-2.529304e-01
1.247521e+03	-2.364406e-01
1.254727e+03	-2.677511e-01
1.261974e+03	-2.630385e-01
1.269263e+03	-2.687945e-01
1.276595e+03	-2.484276e-01
1.283968e+03	-2.704870e-01
1.291384e+03	-2.809166e-01
1.298843e+03	-2.814533e-01
1.306345e+03	-2.809489e-01
1.313891e+03	-2.815390e-01
1.321480e+03	-2.734975e-01
1.329113e+03	-2.973772e-01
1.336790e+03	-2.993265e-01
1.344511e+03	-2.770706e-01
1.352277e+03	-3.057407e-01
1.360087e+03	-3.011074e-01
1.367943e+03	-3.019779e-01
1.375844e+03	-3.125479e-01
1.383791e+03	-3.062026e-01
1.391784e+03	-3.173198e-01
1.399823e+03	-3.012640e-01
1.407908e+03	-3.152522e-01
1.416040e+03	-3.344539e-01
1.424219e+03	-3.151511e-01
1.432445e+03	-3.295208e-01
1.440719e+03	-3.214432e-01
1.449041e+03	-3.331903e-01
1.457410e+03	-3.408556e-01
1.465828e+03	-3.450545e-01
1.474295e+03	-3.506436e-01
1.482810e+03	-3.438030e-01
1.491375e+03	-3.639903e-01
1.499989e+03	-3.694876e-01
1.508653e+03	-3.548078e-01
1.517367e+03	-3.644857e-01
1.526131e+03	-3.658724e-01
1.534946e+03	-3.672311e-01
1.543812e+03	-3.816914e-01
1.552729e+03	-3.988999e-01
1.561697e+03	-3.953270e-01
1.570717e+03	-4.033748e-01
1.579790e+03	-3.917096e-01
1.588915e+03	-3.800703e-01
1.598092e+03	-4.056512e-01
1.607323e+03	-4.195587e-01
1.616606e+03	-4.266021e-01
1.625944e+03	-4.196202e-01
1.635335e+03	-4.249985e-01
1.644781e+03	-4.348263e-01
1.654281e+03	-4.236060e-01
1.663836e+03	-4.497998e-01
1.673446e+03	-4.474064e-01
1.683112e+03	-4.424197e-01
1.692834e+03	-4.454875e-01
1.702611e+03	-4.502800e-01
1.712446e+03	-4.588079e-01
1.722337e+03	-4.794264e-01
1.732285e+03	-4.893873e-01
1.742290e+03	-4.633066e-01
1.752354e+03	-4.719450e-01
1.762475e+03	-5.030649e-01
1.772655e+03	-5.067853e-01
1.782894e+03	-4.839804e-01
1.793192e+03	-4.989273e-01
1.803549e+03	-5.312406e-01
1.813967e+03	-5.146085e-01
1.824444e+03	-5.255640e-01
1.834982e+03	-5.379726e-01
1.845581e+03	-5.429083e-01
1.856241e+03	-5.277511e-01
1.866962e+03	-5.510324e-01
1.877746e+03	-5.413488e-01
1.888592e+03	-5.616819e-01
1.899500e+03	-5.637466e-01
1.910472e+03	-5.632223e-01
1.921506e+03	-5.664347e-01
1.932605e+03	-6.041091e-01
1.943768e+03	-5.735624e-01
1.954995e+03	-5.942426e-01
1.966287e+03	-6.022271e-01
1.977644e+03	-6.136218e-01
1.989067e+03	-6.178919e-01
2.000555e+03	-6.144262e-01
2.012110e+03	-6.351787e-01
2.023732e+03	-6.325689e-01
2.035421e+03	-6.384315e-01
2.047178e+03	-6.346640e-01
2.059002e+03	-6.416906e-01
2.070895e+03	-6.659812e-01
2.082856e+03	-6.832560e-01
2.094887e+03	-6.630741e-01
2.106987e+03	-6.857553e-01
2.119157e+03	-7.014357e-01
2.131397e+03	-7.077202e-01
2.143708e+03	-7.227903e-01
2.156090e+03	-7.107693e-01
2.168543e+03	-7.245572e-01
2.181069e+03	-7.305865e-01
2.193666e+03	-7.326392e-01
2.206337e+03	-7.661533e-01
2.219081e+03	-7.483026e-01
2.231898e+03	-7.612290e-01
2.244789e+03	-7.696064e-01
2.257755e+03	-7.763293e-01
2.270796e+03	-7.698140e-01
2.283912e+03	-7.935079e-01
2.297104e+03	-7.979668e-01
2.310372e+03	-8.263384e-01
2.323716e+03	-8.157061e-01
2.337138e+03	-8.130668e-01
2.350637e+03	-8.340198e-01
2.364214e+03	-8.416075e-01
2.377870e+03	-8.597630e-01
2.391604e+03	-8.488268e-01
2.405418e+03	-8.817924e-01
2.419312e+03	-8.904700e-01
2.433286e+03	-8.959521e-01
2.447340e+03	-9.115096e-01
2.461476e+03	-8.980419e-01
2.475693e+03	-8.957300e-01
2.489993e+03	-9.129868e-01
2.504375e+03	-9.128224e-01
2.518840e+03	-9.495652e-01
2.533389e+03	-9.503452e-01
2.548022e+03	-9.643890e-01
2.562739e+03	-9.650214e-01
2.577541e+03	-9.841247e-01
2.592429e+03	-1.012065e+00
2.607403e+03	-1.011607e+00
2.622463e+03	-1.010664e+00
2.637610e+03	-1.027079e+00
2.652845e+03	-1.050246e+00
2.668168e+03	-1.065824e+00
2.683579e+03	-1.046050e+00
2.699079e+03	-1.073825e+00
2.714669e+03	-1.069629e+00
2.730349e+03	-1.077799e+00
2.746119e+03	-1.112833e+00
2.761981e+03	-1.129071e+00
2.777934e+03	-1.135959e+00
2.793979e+03	-1.148739e+00
2.810117e+03	-1.135739e+00
2.826348e+03	-1.168715e+00
2.842673e+03	-1.182588e+00
2.859092e+03	-1.187975e+00
2.875606e+03	-1.191024e+00
2.892215e+03	-1.213653e+00
2.908921e+03	-1.219339e+00
2.925722e+03	-1.243058e+00
2.942621e+03	-1.245964e+00
2.959618e+03	-1.245586e+00
2.976712e+03	-1.273271e+00
2.993906e+03	-1.290852e+00
3.011198e+03	-1.304085e+00
3.028591e+03	-1.304566e+00
3.046084e+03	-1.327327e+00
3.063678e+03	-1.333510e+00
3.081374e+03	-1.343242e+00
3.099172e+03	-1.380705e+00
3.117072e+03	-1.374775e+00
3.135076e+03	-1.386327e+00
3.153184e+03	-1.400703e+00
3.171397e+03	-1.415841e+00
3.189715e+03	-1.424868e+00
3.208139e+03	-1.444597e+00
3.226669e+03	-1.476955e+00
3.245306e+03	-1.466868e+00
3.264051e+03	-1.481150e+00
3.282904e+03	-1.503281e+00
3.301866e+03	-1.522258e+00
3.320937e+03	-1.536207e+00
3.340119e+03	-1.549121e+00
3.359411e+03	-1.569604e+00
3.378815e+03	-1.582154e+00
3.398331e+03	-1.611469e+00
3.417959e+03	-1.619255e+00
3.437701e+03	-1.629007e+00
3.457557e+03	-1.614077e+00
3.477528e+03	-1.653221e+00
3.497614e+03	-1.658049e+00
3.517816e+03	-1.698090e+00
3.538135e+03	-1.723503e+00
3.558571e+03	-1.721016e+00
3.579125e+03	-1.756111e+00
3.599798e+03	-1.752476e+00
3.620590e+03	-1.770203e+00
3.641503e+03	-1.779177e+00
3.662536e+03	-1.800511e+00
3.683691e+03	-1.819057e+00
3.704967e+03	-1.834012e+00
3.726367e+03	-1.867319e+00
3.747890e+03	-1.886592e+00
3.769538e+03	-1.897916e+00
3.791311e+03	-1.900340e+00
3.813209e+03	-1.900864e+00
3.835234e+03	-1.945738e+00
3.857386e+03	-1.941548e+00
3.879667e+03	-1.978803e+00
3.902075e+03	-1.989979e+00
3.924614e+03	-2.016368e+00
3.947282e+03	-2.031937e+00
3.970081e+03	-2.054023e+00
3.993012e+03	-2.072876e+00
4.016076e+03	-2.091647e+00
4.039272e+03	-2.111309e+00
4.062603e+03	-2.135320e+00
4.086069e+03	-2.164286e+00
4.109670e+03	-2.158519e+00
4.133407e+03	-2.176279e+00
4.157281e+03	-2.213201e+00
4.181294e+03	-2.222063e+00
4.205445e+03	-2.239670e+00
4.229735e+03	-2.287199e+00
4.254166e+03	-2.294557e+00
4.278738e+03	-2.317066e+00
4.303451e+03	-2.336626e+00
4.328308e+03	-2.343981e+00
4.353308e+03	-2.391232e+00
4.378453e+03	-2.395077e+00
4.403742e+03	-2.418245e+00
4.429178e+03	-2.458995e+00
4.454761e+03	-2.459394e+00
4.480492e+03	-2.496223e+00
4.506371e+03	-2.500138e+00
4.532399e+03	-2.529940e+00
4.558578e+03	-2.564464e+00
4.584908e+03	-2.568272e+00
4.611391e+03	-2.608546e+00
4.638026e+03	-2.611844e+00
4.664815e+03	-2.646565e+00
4.691759e+03	-2.667599e+00
4.718858e+03	-2.674667e+00
4.746114e+03	-2.711431e+00
4.773527e+03	-2.740132e+00
4.801099e+03	-2.763376e+00
4.828830e+03	-2.762959e+00
4.856721e+03	-2.805042e+00
4.884773e+03	-2.822365e+00
4.912988e+03	-2.851625e+00
4.941365e+03	-2.870158e+00
4.969906e+03	-2.912485e+00
4.998612e+03	-2.914654e+00
5.027484e+03	-2.936385e+00
5.056522e+03	-2.975091e+00
5.085729e+03	-2.978767e+00
5.115104e+03	-3.012696e+00
5.144648e+03	-3.029978e+00
5.174363e+03	-3.083496e+00
5.204250e+03	-3.091941e+00
5.234310e+03	-3.115732e+00
5.264543e+03	-3.146858e+00
5.294951e+03	-3.167314e+00
5.325534e+03	-3.185783e+00
5.356294e+03	-3.223723e+00
5.387232e+03	-3.239553e+00
5.418348e+03	-3.257504e+00
5.449645e+03	-3.302739e+00
5.481122e+03	-3.312491e+00
5.512780e+03	-3.336191e+00
5.544622e+03	-3.382230e+00
5.576647e+03	-3.404846e+00
5.608858e+03	-3.434032e+00
5.641254e+03	-3.483558e+00
5.673838e+03	-3.492753e+00
5.706610e+03	-3.511847e+00
5.739571e+03	-3.530005e+00
5.772723e+03	-3.582711e+00
5.806066e+03	-3.598265e+00
5.839601e+03	-3.632421e+00
5.873331e+03	-3.649142e+00
5.907255e+03	-3.693334e+00
5.941375e+03	-3.718878e+00
5.975692e+03	-3.736362e+00
6.010207e+03	-3.756891e+00
6.044922e+03	-3.813232e+00
6.079837e+03	-3.823947e+00
6.114954e+03	-3.853476e+00
6.150274e+03	-3.879291e+00
6.185797e+03	-3.930108e+00
6.221526e+03	-3.963657e+00
6.257462e+03	-3.957547e+00
6.293605e+03	-4.003386e+00
6.329956e+03	-4.039116e+00
6.366518e+03	-4.074674e+00
6.403290e+03	-4.106923e+00
6.440276e+03	-4.135440e+00
6.477474e+03	-4.168006e+00
6.514888e+03	-4.215257e+00
6.552518e+03	-4.232560e+00
6.590365e+03	-4.252080e+00
6.628430e+03	-4.297615e+00
6.666716e+03	-4.306868e+00
6.705223e+03	-4.353207e+00
6.743952e+03	-4.365346e+00
6.782905e+03	-4.402682e+00
6.822082e+03	-4.453037e+00
6.861486e+03	-4.464369e+00
6.901118e+03	-4.509200e+00
6.940979e+03	-4.539256e+00
6.981069e+03	-4.560857e+00
7.021392e+03	-4.603196e+00
7.061947e+03	-4.640391e+00
7.102737e+03	-4.671129e+00
7.143762e+03	-4.712920e+00
7.185024e+03	-4.738808e+00
7.226524e+03	-4.769755e+00
7.268264e+03	-4.788284e+00
7.310246e+03	-4.835790e+00
7.352469e+03	-4.850189e+00
7.394937e+03	-4.896255e+00
7.437650e+03	-4.934874e+00
7.480609e+03	-4.977923e+00
7.523817e+03	-4.983604e+00
7.567274e+03	-5.025776e+00
7.610982e+03	-5.050994e+00
7.654943e+03	-5.113726e+00
7.699158e+03	-5.141111e+00
7.743628e+03	-5.172557e+00
7.788355e+03	-5.225420e+00
7.833340e+03	-5.241394e+00
7.878585e+03	-5.275667e+00
7.924091e+03	-5.329752e+00
7.969861e+03	-5.353779e+00
8.015894e+03	-5.370057e+00
8.062194e+03	-5.418670e+00
8.108761e+03	-5.447546e+00
8.155596e+03	-5.471371e+00
8.202703e+03	-5.532303e+00
8.250081e+03	-5.555859e+00
8.297733e+03	-5.605880e+00
8.345661e+03	-5.623650e+00
8.393865e+03	-5.675613e+00
8.442348e+03	-5.703639e+00
8.491110e+03	-5.747507e+00
8.540155e+03	-5.803474e+00
8.589482e+03	-5.811778e+00
8.639095e+03	-5.844738e+00
8.688994e+03	-5.876705e+00
8.739181e+03	-5.912588e+00
8.789658e+03	-5.949956e+00
8.840427e+03	-5.992043e+00
8.891489e+03	-6.033888e+00
8.942846e+03	-6.090254e+00
8.994499e+03	-6.125632e+00
9.046451e+03	-6.149043e+00
9.098703e+03	-6.182153e+00
9.151257e+03	-6.219633e+00
9.204114e+03	-6.266323e+00
9.257277e+03	-6.294606e+00
9.310746e+03	-6.345496e+00
9.364525e+03	-6.369322e+00
9.418614e+03	-6.411221e+00
9.473015e+03	-6.451095e+00
9.527731e+03	-6.487479e+00
9.582763e+03	-6.512981e+00
9.638113e+03	-6.540963e+00
9.693782e+03	-6.607813e+00
9.749773e+03	-6.654027e+00
9.806087e+03	-6.683825e+00
9.862727e+03	-6.724036e+00
9.919693e+03	-6.754328e+00
9.976989e+03	-6.798683e+00
1.003462e+04	-6.850360e+00
1.009258e+04	-6.875237e+00
1.015087e+04	-6.924799e+00
1.020950e+04	-6.956110e+00
1.026847e+04	-6.999027e+00
1.032778e+04	-7.034261e+00
1.038743e+04	-7.075464e+00
1.044743e+04	-7.132702e+00
1.050777e+04	-7.170564e+00
1.056847e+04	-7.206998e+00
1.062951e+04	-7.237572e+00
1.069091e+04	-7.269262e+00
1.075266e+04	-7.295258e+00
1.081476e+04	-7.349709e+00
1.087723e+04	-7.404223e+00
1.094006e+04	-7.422373e+00
1.100324e+04	-7.463925e+00
1.106680e+04	-7.521457e+00
1.113072e+04	-7.557647e+00
1.119501e+04	-7.582904e+00
1.125967e+04	-7.636323e+00
1.132471e+04	-7.683726e+00
1.139012e+04	-7.737511e+00
1.145591e+04	-7.771398e+00
1.152208e+04	-7.816539e+00
1.158863e+04	-7.852272e+00
1.165556e+04	-7.889752e+00
1.172289e+04	-7.928390e+00
1.179060e+04	-7.961711e+00
1.185870e+04	-8.006401e+00
1.192719e+04	-8.054674e+00
1.199608e+04	-8.090486e+00
1.206537e+04	-8.150085e+00
1.213506e+04	-8.168310e+00
1.220515e+04	-8.211276e+00
1.227565e+04	-8.250406e+00
1.234655e+04	-8.296389e+00
1.241787e+04	-8.342495e+00
1.248959e+04	-8.389953e+00
1.256173e+04	-8.423657e+00
1.263429e+04	-8.487256e+00
1.270726e+04	-8.518692e+00
1.278066e+04	-8.560010e+00
1.285448e+04	-8.611448e+00
1.292873e+04	-8.617530e+00
1.300340e+04	-8.695383e+00
1.307851e+04	-8.723193e+00
1.315405e+04	-8.741551e+00
1.323003e+04	-8.836915e+00
1.330644e+04	-8.854936e+00
1.338330e+04	-8.906269e+00
1.346060e+04	-8.944051e+00
1.353835e+04	-8.971825e+00
1.361655e+04	-9.028756e+00
1.369520e+04	-9.072435e+00
1.377430e+04	-9.121425e+00
1.385386e+04	-9.156577e+00
1.393388e+04	-9.182459e+00
1.401436e+04	-9.240240e+00
1.409531e+04	-9.290665e+00
1.417672e+04	-9.311036e+00
1.425861e+04	-9.361005e+00
1.434096e+04	-9.426753e+00
1.442379e+04	-9.447438e+00
1.450711e+04	-9.493794e+00
1.459090e+04	-9.550309e+00
1.467518e+04	-9.563921e+00
1.475994e+04	-9.636762e+00
1.484519e+04	-9.674502e+00
1.493094e+04	-9.711375e+00
1.501718e+04	-9.758366e+00
1.510392e+04	-9.796057e+00
1.519116e+04	-9.846874e+00
1.527890e+04	-9.874957e+00
1.536715e+04	-9.933443e+00
1.545591e+04	-9.961038e+00
1.554518e+04	-1.002104e+01
1.563497e+04	-1.005652e+01
1.572528e+04	-1.010742e+01
1.581611e+04	-1.015118e+01
1.590746e+04	-1.021314e+01
1.599934e+04	-1.022288e+01
1.609175e+04	-1.028855e+01
1.618470e+04	-1.034878e+01
1.627818e+04	-1.039197e+01
1.637220e+04	-1.042934e+01
1.646677e+04	-1.046248e+01
1.656188e+04	-1.050704e+01
1.665754e+04	-1.054486e+01
1.675375e+04	-1.059738e+01
1.685052e+04	-1.063140e+01
1.694785e+04	-1.068736e+01
1.704574e+04	-1.070782e+01
1.714419e+04	-1.076176e+01
1.724322e+04	-1.080601e+01
1.734281e+04	-1.086949e+01
1.744299e+04	-1.091375e+01
1.754374e+04	-1.097028e+01
1.764507e+04	-1.099373e+01
1.774698e+04	-1.104198e+01
1.784949e+04	-1.107151e+01
1.795259e+04	-1.112802e+01
1.805628e+04	-1.118090e+01
1.816057e+04	-1.120976e+01
1.826547e+04	-1.126420e+01
1.837097e+04	-1.129637e+01
1.847708e+04	-1.134660e+01
1.858380e+04	-1.139181e+01
1.869114e+04	-1.146496e+01
1.879910e+04	-1.149163e+01
1.890768e+04	-1.153059e+01
1.901689e+04	-1.155529e+01
1.912673e+04	-1.163674e+01
1.923721e+04	-1.163831e+01
1.934832e+04	-1.169752e+01
1.946008e+04	-1.174576e+01
1.957248e+04	-1.179915e+01
1.968553e+04	-1.184796e+01
1.979923e+04	-1.187972e+01
1.991359e+04	-1.191936e+01
2.002861e+04	-1.197871e+01
2.014430e+04	-1.201855e+01
2.026065e+04	-1.206519e+01
2.037767e+04	-1.211139e+01
2.049537e+04	-1.214213e+01
2.061375e+04	-1.219840e+01
2.073282e+04	-1.223553e+01
2.085257e+04	-1.229078e+01
2.097301e+04	-1.234157e+01
2.109415e+04	-1.237227e+01
2.121599e+04	-1.241636e+01
2.133853e+04	-1.244644e+01
2.146178e+04	-1.250616e+01
2.158575e+04	-1.255935e+01
2.171043e+04	-1.260919e+01
2.183582e+04	-1.264370e+01
2.196195e+04	-1.269817e+01
2.208880e+04	-1.273535e+01
2.221638e+04	-1.277400e+01
2.234470e+04	-1.284135e+01
2.247377e+04	-1.287702e+01
2.260357e+04	-1.291341e+01
2.273413e+04	-1.296866e+01
2.286544e+04	-1.300414e+01
2.299751e+04	-1.304689e+01
2.313034e+04	-1.310107e+01
2.326394e+04	-1.313404e+01
2.339832e+04	-1.315452e+01
2.353346e+04	-1.320364e+01
2.366939e+04	-1.327308e+01
2.380610e+04	-1.332571e+01
2.394361e+04	-1.335079e+01
2.408191e+04	-1.340709e+01
2.422100e+04	-1.344928e+01
2.436090e+04	-1.349673e+01
2.450161e+04	-1.353600e+01
2.464313e+04	-1.358501e+01
2.478547e+04	-1.363927e+01
2.492863e+04	-1.367220e+01
2.507261e+04	-1.370935e+01
2.521743e+04	-1.374696e+01
2.536309e+04	-1.380026e+01
2.550958e+04	-1.384117e+01
2.565692e+04	-1.389643e+01
2.580512e+04	-1.394285e+01
2.595417e+04	-1.397337e+01
2.610408e+04	-1.400437e+01
2.625485e+04	-1.407032e+01
2.640650e+04	-1.412880e+01
2.655902e+04	-1.416621e+01
2.671243e+04	-1.421384e+01
2.686672e+04	-1.425519e+01
2.702190e+04	-1.427807e+01
2.717798e+04	-1.432399e+01
2.733495e+04	-1.438012e+01
2.749284e+04	-1.440435e+01
2.765164e+04	-1.446978e+01
2.781135e+04	-1.451139e+01
2.797199e+04	-1.455457e+01
2.813355e+04	-1.459080e+01
2.829605e+04	-1.463570e+01
2.845949e+04	-1.470556e+01
2.862387e+04	-1.471607e+01
2.878920e+04	-1.477296e+01
2.895549e+04	-1.483192e+01
2.912273e+04	-1.487076e+01
2.929094e+04	-1.489787e+01
2.946013e+04	-1.495817e+01
2.963029e+04	-1.499394e+01
2.980143e+04	-1.503139e+01
2.997356e+04	-1.509784e+01
3.014669e+04	-1.510998e+01
3.032081e+04	-1.516847e+01
3.049595e+04	-1.522302e+01
3.067209e+04	-1.525200e+01
3.084925e+04	-1.530518e+01
3.102743e+04	-1.533861e+01
3.120665e+04	-1.538446e+01
3.138690e+04	-1.543419e+01
3.156819e+04	-1.548637e+01
3.175052e+04	-1.548885e+01
3.193391e+04	-1.557150e+01
3.211836e+04	-1.561352e+01
3.230388e+04	-1.563351e+01
3.249046e+04	-1.568939e+01
3.267812e+04	-1.573084e+01
3.286687e+04	-1.576397e+01
3.305671e+04	-1.581345e+01
3.324764e+04	-1.587060e+01
3.343968e+04	-1.588952e+01
3.363283e+04	-1.594564e+01
3.382709e+04	-1.598310e+01
3.402247e+04	-1.602408e+01
3.421899e+04	-1.605997e+01
3.441663e+04	-1.611332e+01
3.461542e+04	-1.615438e+01
3.481536e+04	-1.618499e+01
3.501645e+04	-1.624941e+01
3.521871e+04	-1.628368e+01
3.542213e+04	-1.633487e+01
3.562672e+04	-1.636311e+01
3.583250e+04	-1.641351e+01
3.603947e+04	-1.646030e+01
3.624763e+04	-1.648718e+01
3.645700e+04	-1.653873e+01
3.666757e+04	-1.655256e+01
3.687936e+04	-1.661478e+01
3.709238e+04	-1.665290e+01
3.730662e+04	-1.668846e+01
3.752210e+04	-1.675167e+01
3.773883e+04	-1.678226e+01
3.795680e+04	-1.682498e+01
3.817604e+04	-1.685642e+01
3.839654e+04	-1.689491e+01
3.861832e+04	-1.695163e+01
3.884138e+04	-1.699036e+01
3.906573e+04	-1.700364e+01
3.929137e+04	-1.706866e+01
3.951831e+04	-1.711040e+01
3.974657e+04	-1.714397e+01
3.997614e+04	-1.716807e+01
4.020704e+04	-1.721878e+01
4.043928e+04	-1.727346e+01
4.067285e+04	-1.730110e+01
4.090778e+04	-1.736469e+01
4.114406e+04	-1.737838e+01
4.138171e+04	-1.742345e+01
4.162073e+04	-1.746569e+01
4.186113e+04	-1.748632e+01
4.210291e+04	-1.753471e+01
4.234610e+04	-1.757311e+01
4.259069e+04	-1.761387e+01
4.283669e+04	-1.766978e+01
4.308411e+04	-1.769238e+01
4.333297e+04	-1.770813e+01
4.358325e+04	-1.777721e+01
4.383499e+04	-1.781560e+01
4.408818e+04	-1.784504e+01
4.434283e+04	-1.787724e+01
4.459895e+04	-1.790346e+01
4.485655e+04	-1.794692e+01
4.511564e+04	-1.799381e+01
4.537623e+04	-1.804589e+01
4.563832e+04	-1.807994e+01
4.590193e+04	-1.810857e+01
4.616705e+04	-1.816331e+01
4.643371e+04	-1.817139e+01
4.670191e+04	-1.821617e+01
4.697166e+04	-1.825742e+01
4.724297e+04	-1.830616e+01
4.751584e+04	-1.832757e+01
4.779029e+04	-1.838356e+01
4.806633e+04	-1.839904e+01
4.834395e+04	-1.844702e+01
4.862319e+04	-1.847357e+01
4.890403e+04	-1.850009e+01
4.918650e+04	-1.853938e+01
4.947060e+04	-1.856738e+01
4.975634e+04	-1.861608e+01
5.004373e+04	-1.862955e+01
5.033278e+04	-1.866523e+01
5.062350e+04	-1.870801e+01
5.091590e+04	-1.875925e+01
5.120999e+04	-1.878470e+01
5.150578e+04	-1.882914e+01
5.180327e+04	-1.884980e+01
5.210248e+04	-1.888572e+01
5.240343e+04	-1.892645e+01
5.270611e+04	-1.893932e+01
5.301053e+04	-1.896991e+01
5.331672e+04	-1.902425e+01
5.362468e+04	-1.904040e+01
5.393441e+04	-1.909271e+01
5.424593e+04	-1.912150e+01
5.455926e+04	-1.914959e+01
5.487439e+04	-1.916879e+01
5.519134e+04	-1.920817e+01
5.551012e+04	-1.925031e+01
5.583075e+04	-1.926912e+01
5.615322e+04	-1.928900e+01
5.647756e+04	-1.934996e+01
5.680377e+04	-1.936528e+01
5.713187e+04	-1.939591e+01
5.746186e+04	-1.940329e+01
5.779376e+04	-1.946108e+01
5.812757e+04	-1.948167e+01
5.846332e+04	-1.951979e+01
5.880100e+04	-1.953605e+01
5.914063e+04	-1.957172e+01
5.948222e+04	-1.959927e+01
5.982579e+04	-1.962971e+01
6.017134e+04	-1.965938e+01
6.051889e+04	-1.969543e+01
6.086844e+04	-1.969069e+01
6.122002e+04	-1.973769e+01
6.157362e+04	-1.974940e+01
6.192927e+04	-1.977901e+01
6.228697e+04	-1.981312e+01
6.264674e+04	-1.982801e+01
6.300858e+04	-1.985294e+01
6.337252e+04	-1.989183e+01
6.373855e+04	-1.991530e+01
6.410670e+04	-1.996090e+01
6.447698e+04	-1.997361e+01
6.484940e+04	-1.999052e+01
6.522397e+04	-2.000594e+01
6.560070e+04	-2.002160e+01
6.597960e+04	-2.006383e+01
6.636070e+04	-2.008028e+01
6.674400e+04	-2.009054e+01
6.712951e+04	-2.011145e+01
6.751724e+04	-2.013565e+01
6.790722e+04	-2.014544e+01
6.829945e+04	-2.019073e+01
6.869395e+04	-2.019356e+01
6.909072e+04	-2.022002e+01
6.948978e+04	-2.023686e+01
6.989115e+04	-2.027090e+01
7.029484e+04	-2.028835e+01
7.070086e+04	-2.029453e+01
7.110923e+04	-2.032776e+01
7.151995e+04	-2.034952e+01
7.193305e+04	-2.036016e+01
7.234853e+04	-2.037965e+01
7.276641e+04	-2.037486e+01
7.318671e+04	-2.039893e+01
7.360943e+04	-2.041213e+01
7.403460e+04	-2.044907e+01
7.446222e+04	-2.045729e+01
7.489231e+04	-2.047674e+01
7.532488e+04	-2.048640e+01
7.575996e+04	-2.049572e+01
7.619754e+04	-2.050921e+01
7.663766e+04	-2.049883e+01
7.708031e+04	-2.052704e+01
7.752553e+04	-2.054606e+01
7.797331e+04	-2.052546e+01
7.842368e+04	-2.054087e+01
7.887665e+04	-2.056165e+01
7.933224e+04	-2.056488e+01
7.979046e+04	-2.059991e+01
8.025133e+04	-2.058803e+01
8.071486e+04	-2.058153e+01
8.118106e+04	-2.061083e+01
8.164996e+04	-2.059782e+01
8.212157e+04	-2.061409e+01
8.259590e+04	-2.061628e+01
8.307297e+04	-2.061362e+01
8.355279e+04	-2.060893e+01
8.403539e+04	-2.061789e+01
8.452078e+04	-2.060735e+01
8.500897e+04	-2.064124e+01
8.549997e+04	-2.061872e+01
8.599382e+04	-2.063196e+01
8.649052e+04	-2.062447e+01
8.699008e+04	-2.062965e+01
8.749253e+04	-2.061454e+01
8.799789e+04	-2.060160e+01
8.850616e+04	-2.061931e+01
8.901737e+04	-2.060253e+01
8.953153e+04	-2.060245e+01
9.004866e+04	-2.061877e+01
9.056877e+04	-2.058813e+01
9.109190e+04	-2.058206e+01
9.161804e+04	-2.057006e+01
9.214722e+04	-2.054435e+01
9.267946e+04	-2.053914e+01
9.321477e+04	-2.053461e+01
9.375318e+04	-2.052261e+01
9.429469e+04	-2.051484e+01
9.483933e+04	-2.050997e+01
9.538712e+04	-2.047677e+01
9.593807e+04	-2.045465e+01
9.649221e+04	-2.045494e+01
9.704954e+04	-2.042041e+01
9.761010e+04	-2.042012e+01
9.817389e+04	-2.039086e+01
9.874094e+04	-2.037501e+01
9.931126e+04	-2.035350e+01
9.988488e+04	-2.032717e+01
1.004618e+05	-2.028229e+01
1.010421e+05	-2.026873e+01
1.016257e+05	-2.023489e+01
1.022127e+05	-2.020891e+01
1.028031e+05	-2.017156e+01
1.033968e+05	-2.016138e+01
1.039941e+05	-2.010856e+01
1.045947e+05	-2.007036e+01
1.051989e+05	-2.005435e+01
1.058065e+05	-2.000286e+01
1.064176e+05	-1.996412e+01
1.070323e+05	-1.992456e+01
1.076505e+05	-1.989319e+01
1.082723e+05	-1.984232e+01
1.088977e+05	-1.980354e+01
1.095266e+05	-1.975359e+01
1.101593e+05	-1.971128e+01
1.107955e+05	-1.966178e+01
1.114355e+05	-1.958262e+01
1.120791e+05	-1.954414e+01
1.127265e+05	-1.949096e+01
1.133776e+05	-1.943728e+01
1.140325e+05	-1.937034e+01
1.146911e+05	-1.930064e+01
1.153536e+05	-1.923899e+01
1.160198e+05	-1.918847e+01
1.166900e+05	-1.910613e+01
1.173640e+05	-1.905190e+01
1.180419e+05	-1.896642e+01
1.187237e+05	-1.891696e+01
1.194094e+05	-1.882391e+01
1.200991e+05	-1.873367e+01
1.207928e+05	-1.865422e+01
1.214905e+05	-1.857263e+01
1.221922e+05	-1.848303e+01
1.228980e+05	-1.839414e+01
1.236078e+05	-1.829779e+01
1.243218e+05	-1.820346e+01
1.250399e+05	-1.812618e+01
1.257621e+05	-1.801018e+01
1.264885e+05	-1.787979e+01
1.272191e+05	-1.777588e+01
1.279539e+05	-1.765930e+01
1.286930e+05	-1.753968e+01
1.294363e+05	-1.741330e+01
1.301839e+05	-1.730038e+01
1.309358e+05	-1.714725e+01
1.316921e+05	-1.703807e+01
1.324528e+05	-1.690209e+01
1.332178e+05	-1.672348e+01
1.339873e+05	-1.659486e+01
1.347612e+05	-1.643331e+01
1.355395e+05	-1.626822e+01
1.363224e+05	-1.608832e+01
1.371098e+05	-1.593194e+01
1.379018e+05	-1.574894e+01
1.386983e+05	-1.558958e+01
1.394994e+05	-1.540324e+01
1.403051e+05	-1.518506e+01
1.411155e+05	-1.495628e+01
1.419306e+05	-1.472804e+01
1.427504e+05	-1.452222e+01
1.435749e+05	-1.429987e+01
1.444042e+05	-1.404773e+01
1.452383e+05	-1.381566e+01
1.460772e+05	-1.351565e+01
1.469209e+05	-1.325815e+01
1.477695e+05	-1.297389e+01
1.486230e+05	-1.266954e+01
1.494814e+05	-1.235382e+01
1.503448e+05	-1.201998e+01
1.512132e+05	-1.167818e+01
1.520866e+05	-1.132170e+01
1.529651e+05	-1.092705e+01
1.538486e+05	-1.052138e+01
1.547372e+05	-1.007334e+01
1.556310e+05	-9.630412e+00
1.565299e+05	-9.156265e+00
1.574340e+05	-8.642014e+00
1.583433e+05	-8.114920e+00
1.592579e+05	-7.544523e+00
1.601778e+05	-6.925444e+00
1.611030e+05	-6.256678e+00
1.620335e+05	-5.571828e+00
1.629694e+05	-4.828571e+00
1.639107e+05	-4.060620e+00
1.648574e+05	-3.241690e+00
1.658097e+05	-2.434396e+00
1.667674e+05	-1.646331e+00
1.677306e+05	-9.487545e-01
1.686994e+05	-4.004728e-01
1.696738e+05	-1.309453e-01
1.706538e+05	-1.853789e-01
1.716395e+05	-5.171667e-01
1.726309e+05	-1.096952e+00
1.736280e+05	-1.870013e+00
1.746309e+05	-2.697196e+00
1.756395e+05	-3.572786e+00
1.766540e+05	-4.445797e+00
1.776744e+05	-5.249722e+00
1.787006e+05	-6.029923e+00
1.797328e+05	-6.786031e+00
1.807709e+05	-7.489007e+00
1.818150e+05	-8.130180e+00
1.828652e+05	-8.743308e+00
1.839214e+05	-9.358729e+00
1.849837e+05	-9.922762e+00
1.860522e+05	-1.046322e+01
1.871268e+05	-1.092725e+01
1.882077e+05	-1.141918e+01
1.892948e+05	-1.187597e+01
1.903881e+05	-1.230385e+01
1.914878e+05	-1.270358e+01
1.925938e+05	-1.311207e+01
1.937062e+05	-1.347494e+01
1.948251e+05	-1.383905e+01
1.959504e+05	-1.419670e+01
1.970822e+05	-1.449450e+01
1.982205e+05	-1.481180e+01
1.993654e+05	-1.510861e+01
2.005169e+05	-1.541729e+01
2.016751e+05	-1.571838e+01
2.028400e+05	-1.596883e+01
2.040116e+05	-1.623138e+01
2.051899e+05	-1.647532e+01
2.063751e+05	-1.672355e+01
2.075671e+05	-1.694271e+01
2.087660e+05	-1.717744e+01
2.099719e+05	-1.737799e+01
2.111846e+05	-1.757971e+01
2.124044e+05	-1.777188e+01
2.136313e+05	-1.798131e+01
2.148652e+05	-1.815659e+01
2.161063e+05	-1.833962e+01
2.173545e+05	-1.849111e+01
2.186099e+05	-1.864658e+01
2.198726e+05	-1.882392e+01
2.211426e+05	-1.896455e+01
2.224199e+05	-1.909854e+01
2.237046e+05	-1.923796e+01
2.249967e+05	-1.935663e+01
2.262962e+05	-1.949042e+01
2.276033e+05	-1.960368e+01
2.289179e+05	-1.969571e+01
2.302402e+05	-1.981733e+01
2.315700e+05	-1.991086e+01
2.329076e+05	-1.998996e+01
2.342528e+05	-2.007925e+01
2.356059e+05	-2.017025e+01
2.369667e+05	-2.023801e+01
2.383354e+05	-2.030506e+01
2.397120e+05	-2.037738e+01
2.410966e+05	-2.042183e+01
2.424892e+05	-2.046822e+01
2.438898e+05	-2.051807e+01
2.452985e+05	-2.055760e+01
2.467153e+05	-2.058372e+01
2.481403e+05	-2.061558e+01
2.495736e+05	-2.063332e+01
2.510151e+05	-2.063369e+01
2.524650e+05	-2.065727e+01
2.539232e+05	-2.064886e+01
2.553898e+05	-2.063275e+01
2.568650e+05	-2.060869e+01
2.583486e+05	-2.060977e+01
2.598408e+05	-2.055126e+01
2.613416e+05	-2.052295e+01
2.628511e+05	-2.048244e+01
2.643694e+05	-2.044166e+01
2.658963e+05	-2.036870e+01
2.674321e+05	-2.028500e+01
2.689768e+05	-2.021744e+01
2.705304e+05	-2.014043e+01
2.720930e+05	-2.001322e+01
2.736646e+05	-1.992237e+01
2.752453e+05	-1.979627e+01
2.768351e+05	-1.966455e+01
2.784341e+05	-1.952717e+01
2.800423e+05	-1.936702e+01
2.816598e+05	-1.921117e+01
2.832867e+05	-1.903250e+01
2.849229e+05	-1.883549e+01
2.865686e+05	-1.862877e+01
2.882238e+05	-1.841643e+01
2.898886e+05	-1.816427e+01
2.915630e+05	-1.792609e+01
2.932470e+05	-1.762096e+01
2.949408e+05	-1.735363e+01
2.966444e+05	-1.703208e+01
2.983578e+05	-1.668265e+01
3.000811e+05	-1.631961e+01
3.018143e+05	-1.592431e+01
3.035576e+05	-1.548424e+01
3.053109e+05	-1.500676e+01
3.070744e+05	-1.451843e+01
3.088481e+05	-1.395188e+01
3.106320e+05	-1.333942e+01
3.124261e+05	-1.269130e+01
3.142307e+05	-1.194412e+01
3.160457e+05	-1.113825e+01
3.178712e+05	-1.022806e+01
3.197072e+05	-9.191819e+00
3.215538e+05	-8.038135e+00
3.234111e+05	-6.718549e+00
3.252791e+05	-5.189939e+00
3.271579e+05	-3.483600e+00
3.290475e+05	-1.666667e+00
3.309481e+05	-1.640028e-01
3.328596e+05	2.507745e-01
3.347822e+05	-8.148642e-01
3.367159e+05	-2.608903e+00
3.386608e+05	-4.447570e+00
3.406169e+05	-6.165367e+00
3.425842e+05	-7.637537e+00
3.445630e+05	-8.959794e+00
3.465532e+05	-1.011683e+01
3.485549e+05	-1.116000e+01
3.505681e+05	-1.208324e+01
3.525930e+05	-1.291417e+01
3.546295e+05	-1.365954e+01
3.566778e+05	-1.435661e+01
3.587380e+05	-1.498707e+01
3.608101e+05	-1.557366e+01
3.628941e+05	-1.611440e+01
3.649901e+05	-1.659826e+01
3.670983e+05	-1.707585e+01
3.692187e+05	-1.749284e+01
3.713513e+05	-1.788604e+01
3.734962e+05	-1.825261e+01
3.756535e+05	-1.858141e+01
3.778232e+05	-1.889740e+01
3.800055e+05	-1.917187e+01
3.822004e+05	-1.943536e+01
3.844080e+05	-1.968292e+01
3.866283e+05	-1.989212e+01
3.888615e+05	-2.007355e+01
3.911075e+05	-2.024930e+01
3.933665e+05	-2.041818e+01
3.956386e+05	-2.055351e+01
3.979238e+05	-2.067075e+01
4.002222e+05	-2.074740e+01
4.025338e+05	-2.083000e+01
4.048589e+05	-2.088938e+01
4.071973e+05	-2.093314e+01
4.095493e+05	-2.094237e+01
4.119148e+05	-2.092376e+01
4.142940e+05	-2.089942e+01
4.166870e+05	-2.085632e+01
4.190937e+05	-2.078051e+01
4.215144e+05	-2.068363e+01
4.239490e+05	-2.055497e+01
4.263978e+05	-2.041906e+01
4.288606e+05	-2.025595e+01
4.313377e+05	-2.004298e+01
4.338291e+05	-1.980470e+01
4.363349e+05	-1.954156e+01
4.388551e+05	-1.923643e+01
4.413899e+05	-1.888886e+01
4.439394e+05	-1.848418e+01
4.465035e+05	-1.804155e+01
4.490825e+05	-1.755979e+01
4.516764e+05	-1.696848e+01
4.542853e+05	-1.634562e+01
4.569092e+05	-1.563025e+01
4.595483e+05	-1.480951e+01
4.622026e+05	-1.386504e+01
4.648723e+05	-1.276781e+01
4.675574e+05	-1.147036e+01
4.702580e+05	-9.936263e+00
4.729742e+05	-8.041001e+00
4.757060e+05	-5.703772e+00
4.784537e+05	-2.911209e+00
4.812172e+05	-5.599213e-01
4.839967e+05	-1.153325e+00
4.867923e+05	-3.969232e+00
4.896040e+05	-6.728285e+00
4.924319e+05	-9.026535e+00
4.952762e+05	-1.089838e+01
4.981369e+05	-1.245347e+01
5.010141e+05	-1.377200e+01
5.039079e+05	-1.492426e+01
5.068185e+05	-1.591250e+01
5.097458e+05	-1.678822e+01
5.126901e+05	-1.755185e+01
5.156514e+05	-1.824322e+01
5.186298e+05	-1.885092e+01
5.216253e+05	-1.938907e+01
5.246382e+05	-1.988256e+01
5.276685e+05	-2.031572e+01
5.307163e+05	-2.066866e+01
5.337817e+05	-2.098523e+01
5.368648e+05	-2.127420e+01
5.399657e+05	-2.150567e+01
5.430845e+05	-2.168772e+01
5.462214e+05	-2.182626e+01
5.493763e+05	-2.191752e+01
5.525495e+05	-2.199450e+01
5.557410e+05	-2.200680e+01
5.589509e+05	-2.196980e+01
5.621794e+05	-2.189537e+01
5.654265e+05	-2.174886e+01
5.686924e+05	-2.159999e+01
5.719772e+05	-2.135494e+01
5.752809e+05	-2.102730e+01
5.786037e+05	-2.070394e+01
5.819457e+05	-2.024847e+01
5.853070e+05	-1.973369e+01
5.886877e+05	-1.913053e+01
5.920879e+05	-1.838361e+01
5.955078e+05	-1.754428e+01
5.989474e+05	-1.652917e+01
6.024069e+05	-1.530254e+01
6.058864e+05	-1.379701e+01
6.093860e+05	-1.190212e+01
6.129058e+05	-9.417803e+00
6.164459e+05	-6.049638e+00
6.200064e+05	-1.575016e+00
6.235876e+05	-6.910401e-01
6.271894e+05	-5.171133e+00
6.308120e+05	-8.912594e+00
6.344555e+05	-1.162692e+01
6.381201e+05	-1.368989e+01
6.418059e+05	-1.531456e+01
6.455129e+05	-1.665210e+01
6.492414e+05	-1.776966e+01
6.529914e+05	-1.866312e+01
6.567630e+05	-1.942298e+01
6.605565e+05	-2.005466e+01
6.643718e+05	-2.056465e+01
6.682092e+05	-2.098194e+01
6.720688e+05	-2.124610e+01
6.759506e+05	-2.146341e+01
6.798549e+05	-2.160449e+01
6.837817e+05	-2.158748e+01
6.877312e+05	-2.149692e+01
6.917035e+05	-2.129470e+01
6.956987e+05	-2.097104e+01
6.997171e+05	-2.052846e+01
7.037586e+05	-1.994651e+01
7.078235e+05	-1.916162e+01
7.119118e+05	-1.814826e+01
7.160238e+05	-1.686555e+01
7.201595e+05	-1.517741e+01
7.243191e+05	-1.289472e+01
7.285028e+05	-9.589611e+00
7.327106e+05	-4.300321e+00
7.369427e+05	1.604467e-01
7.411992e+05	-6.439102e+00
7.454804e+05	-1.120808e+01
7.497862e+05	-1.433746e+01
7.541170e+05	-1.665350e+01
7.584727e+05	-1.837249e+01
7.628536e+05	-1.974495e+01
7.672598e+05	-2.085850e+01
7.716915e+05	-2.170915e+01
7.761488e+05	-2.236176e+01
7.806318e+05	-2.288331e+01
7.851407e+05	-2.323039e+01
7.896756e+05	-2.338135e+01
7.942367e+05	-2.339050e+01
7.988242e+05	-2.322928e+01
8.034382e+05	-2.289078e+01
8.080788e+05	-2.234206e+01
8.127463e+05	-2.153365e+01
8.174406e+05	-2.041814e+01
8.221621e+05	-1.890328e+01
8.269109e+05	-1.677443e+01
8.316871e+05	-1.357888e+01
8.364909e+05	-8.251746e+00
8.413225e+05	-8.912453e-01
8.461819e+05	-8.934639e+00
8.510694e+05	-1.423919e+01
8.559852e+05	-1.748918e+01
8.609293e+05	-1.974170e+01
8.659020e+05	-2.134186e+01
8.709034e+05	-2.251656e+01
8.759337e+05	-2.331163e+01
8.809931e+05	-2.382636e+01
8.860816e+05	-2.403166e+01
8.911996e+05	-2.391991e+01
8.963471e+05	-2.350166e+01
9.015244e+05	-2.269445e+01
9.067316e+05	-2.141754e+01
9.119688e+05	-1.945880e+01
9.172363e+05	-1.633795e+01
9.225342e+05	-1.075433e+01
9.278628e+05	1.005820e+00
9.332221e+05	-1.123047e+01
9.386123e+05	-1.683230e+01
9.440337e+05	-1.998823e+01
9.494864e+05	-2.197772e+01
9.549706e+05	-2.320817e+01
9.604865e+05	-2.382094e+01
9.660342e+05	-2.384822e+01
9.716140e+05	-2.325260e+01
9.772260e+05	-2.186989e+01
9.828704e+05	-1.921518e+01
9.885474e+05	-1.384797e+01
9.942572e+05	-7.291999e-01
1.000000e+06	-1.522637e+01
