Frequency(Hz)	Magnitude(dB)
1.000000e+01	-3.611928e-05
1.005776e+01	5.950664e-05
1.011585e+01	-2.423286e-05
1.017428e+01	-1.094057e-04
1.023305e+01	1.273648e-04
1.029215e+01	-4.221239e-05
1.035160e+01	-9.605715e-05
1.041139e+01	4.461467e-06
1.047153e+01	-1.966739e-04
1.053201e+01	-2.001453e-04
1.059284e+01	-1.663912e-05
1.065403e+01	3.021999e-05
1.071556e+01	-2.001090e-05
1.077746e+01	-7.090263e-06
1.083971e+01	-4.637894e-05
1.090232e+01	-6.830821e-05
1.096529e+01	1.113844e-04
1.102862e+01	-1.402905e-04
1.109232e+01	-1.911456e-05
1.115639e+01	-1.259858e-04
1.122083e+01	-2.916463e-05
1.128564e+01	1.533224e-04
1.135083e+01	-4.537894e-05
1.141639e+01	9.332725e-05
1.148233e+01	1.538735e-05
1.154865e+01	7.644612e-05
1.161536e+01	-9.445173e-05
1.168245e+01	-1.515481e-04
1.174992e+01	5.615578e-06
1.181779e+01	1.670541e-04
1.188605e+01	1.295011e-04
1.195470e+01	-5.740436e-05
1.202375e+01	-1.171891e-04
1.209320e+01	-6.946124e-05
1.216305e+01	-1.620424e-05
1.223330e+01	6.959068e-05
1.230396e+01	7.355135e-05
1.237503e+01	2.143576e-05
1.244651e+01	-8.769336e-05
1.251840e+01	-1.096076e-04
1.259070e+01	7.274781e-06
1.266343e+01	-3.975803e-06
1.273657e+01	4.132172e-05
1.281014e+01	3.751533e-05
1.288413e+01	-2.734012e-05
1.295855e+01	-1.164045e-04
1.303339e+01	-4.653230e-05
1.310867e+01	3.484546e-05
1.318439e+01	2.478480e-05
1.326054e+01	3.114343e-05
1.333713e+01	-1.014993e-04
1.341417e+01	-1.859417e-05
1.349165e+01	-8.087225e-06
1.356958e+01	5.154305e-05
1.364795e+01	6.558184e-05
1.372678e+01	5.195916e-05
1.380607e+01	2.845907e-05
1.388581e+01	-2.544791e-05
1.396602e+01	5.191719e-05
1.404668e+01	-1.504267e-04
1.412782e+01	2.179722e-05
1.420942e+01	-5.714870e-05
1.429149e+01	-7.654478e-05
1.437404e+01	-2.232472e-04
1.445706e+01	2.749044e-05
1.454057e+01	-1.892007e-04
1.462455e+01	1.019177e-04
1.470902e+01	-7.654622e-05
1.479398e+01	-2.654102e-04
1.487943e+01	1.334678e-04
1.496537e+01	-5.526766e-05
1.505181e+01	-8.325560e-05
1.513875e+01	-1.213431e-05
1.522619e+01	-8.993306e-05
1.531414e+01	4.508904e-06
1.540259e+01	-6.279424e-05
1.549156e+01	-2.137853e-04
1.558103e+01	-1.265159e-04
1.567103e+01	3.803628e-05
1.576155e+01	-1.032613e-04
1.585258e+01	-8.015423e-05
1.594415e+01	-9.604629e-05
1.603624e+01	-1.612365e-04
1.612886e+01	5.734552e-05
1.622202e+01	2.840849e-05
1.631572e+01	2.681103e-06
1.640996e+01	-2.993997e-04
1.650474e+01	-1.568274e-05
1.660008e+01	-1.042578e-04
1.669596e+01	-9.982841e-06
1.679239e+01	-6.465412e-05
1.688938e+01	-2.440759e-06
1.698694e+01	-5.002606e-05
1.708505e+01	-5.771505e-05
1.718373e+01	-7.366200e-05
1.728299e+01	-2.034182e-04
1.738281e+01	-2.350641e-04
1.748322e+01	-2.755766e-05
1.758420e+01	-5.090567e-05
1.768576e+01	-1.636361e-04
1.778792e+01	-7.399278e-05
1.789066e+01	-1.075535e-05
1.799399e+01	-9.786475e-05
1.809793e+01	1.592766e-05
1.820246e+01	-1.919152e-04
1.830760e+01	-3.865470e-05
1.841334e+01	-2.275799e-04
1.851969e+01	1.166283e-07
1.862666e+01	-1.624915e-04
1.873425e+01	-6.245078e-05
1.884246e+01	1.084292e-04
1.895129e+01	-1.671513e-04
1.906075e+01	-7.629201e-05
1.917085e+01	4.149556e-05
1.928158e+01	-1.735564e-04
1.939295e+01	-5.743625e-05
1.950496e+01	-6.272662e-05
1.961762e+01	-1.242886e-04
1.973093e+01	-6.132476e-05
1.984490e+01	-4.219721e-05
1.995952e+01	-2.203493e-05
2.007480e+01	-1.894487e-04
2.019076e+01	2.606256e-05
2.030738e+01	-8.544280e-05
2.042467e+01	2.667484e-05
2.054264e+01	-1.934027e-04
2.066130e+01	-1.829646e-04
2.078064e+01	-2.287006e-04
2.090066e+01	-5.813019e-05
2.102139e+01	-1.663879e-04
2.114280e+01	-1.149004e-04
2.126492e+01	1.510471e-05
2.138775e+01	1.319349e-04
2.151128e+01	-1.300000e-04
2.163553e+01	-1.035885e-04
2.176050e+01	-3.333482e-05
2.188619e+01	-1.605049e-04
2.201260e+01	-1.790366e-04
2.213974e+01	-2.097328e-04
2.226762e+01	-1.224728e-04
2.239624e+01	-1.416016e-04
2.252560e+01	7.199514e-06
2.265571e+01	-6.401053e-05
2.278656e+01	-9.969562e-05
2.291818e+01	-8.917759e-05
2.305055e+01	-1.492523e-04
2.318369e+01	-8.850951e-06
2.331760e+01	1.282827e-04
2.345228e+01	-2.110357e-04
2.358774e+01	-6.508940e-05
2.372398e+01	-2.356077e-05
2.386101e+01	-2.645696e-05
2.399883e+01	-4.902539e-05
2.413745e+01	6.989394e-06
2.427686e+01	-1.729203e-04
2.441709e+01	2.154707e-05
2.455812e+01	-1.785379e-04
2.469997e+01	-1.485016e-04
2.484263e+01	-5.809611e-05
2.498612e+01	-1.039293e-04
2.513044e+01	-1.222328e-04
2.527559e+01	-3.527820e-05
2.542158e+01	2.695679e-05
2.556842e+01	-9.052982e-05
2.571610e+01	-2.082191e-04
2.586463e+01	4.379221e-05
2.601403e+01	-5.407175e-05
2.616428e+01	-1.719942e-04
2.631541e+01	-1.140232e-04
2.646740e+01	-1.838714e-05
2.662028e+01	-1.668503e-04
2.677404e+01	-9.692077e-05
2.692868e+01	-3.836455e-05
2.708422e+01	-1.987870e-04
2.724066e+01	-6.473320e-05
2.739800e+01	-9.251933e-05
2.755625e+01	-6.713285e-05
2.771541e+01	-1.136850e-04
2.787550e+01	-6.869993e-05
2.803650e+01	-2.125636e-04
2.819844e+01	-2.259172e-05
2.836131e+01	-5.205927e-05
2.852513e+01	-2.375282e-04
2.868989e+01	-5.796374e-05
2.885560e+01	-2.806980e-04
2.902227e+01	-1.277561e-04
2.918990e+01	-1.309368e-04
2.935850e+01	-1.520990e-04
2.952807e+01	-6.352097e-05
2.969863e+01	-1.224958e-04
2.987016e+01	-3.426016e-05
3.004269e+01	-2.424899e-04
3.021622e+01	-2.252124e-04
3.039075e+01	-1.861489e-04
3.056628e+01	-1.955081e-04
3.074283e+01	-1.228534e-04
3.092040e+01	-1.857878e-04
3.109900e+01	-4.880255e-05
3.127862e+01	-1.937364e-04
3.145929e+01	-7.162429e-05
3.164099e+01	-2.312792e-04
3.182375e+01	-2.109374e-04
3.200756e+01	-6.568962e-05
3.219244e+01	-2.497036e-04
3.237838e+01	-1.401078e-04
3.256540e+01	-1.523173e-04
3.275349e+01	-2.281407e-04
3.294268e+01	-3.316071e-04
3.313295e+01	-1.118398e-04
3.332433e+01	-2.506208e-04
3.351681e+01	-1.542583e-04
3.371040e+01	-1.417311e-04
3.390511e+01	-1.298342e-04
3.410094e+01	-2.529158e-04
3.429791e+01	-2.603584e-05
3.449601e+01	-2.355954e-04
3.469526e+01	-3.193770e-04
3.489566e+01	-9.603912e-05
3.509721e+01	-2.275956e-04
3.529993e+01	-1.608703e-04
3.550382e+01	-2.030602e-04
3.570889e+01	-3.456505e-04
3.591515e+01	-3.076260e-04
3.612259e+01	-1.885583e-04
3.633123e+01	-1.937121e-04
3.654108e+01	-2.822662e-04
3.675214e+01	-3.936390e-04
3.696442e+01	-4.149179e-04
3.717792e+01	-2.451650e-04
3.739266e+01	-3.415805e-04
3.760864e+01	-1.745146e-04
3.782587e+01	-1.604105e-04
3.804435e+01	-2.138165e-04
3.826409e+01	-2.975022e-04
3.848510e+01	-3.702711e-04
3.870739e+01	-1.167327e-04
3.893096e+01	-2.779256e-04
3.915583e+01	-3.411783e-04
3.938199e+01	-2.171107e-04
3.960946e+01	-2.352472e-04
3.983824e+01	-3.462392e-04
4.006834e+01	-3.519087e-04
4.029978e+01	-3.734581e-04
4.053255e+01	-2.867127e-04
4.076666e+01	-2.505726e-04
4.100213e+01	-2.813874e-04
4.123896e+01	-2.052692e-04
4.147715e+01	-3.443743e-04
4.171672e+01	-2.916839e-04
4.195767e+01	-3.798998e-04
4.220002e+01	-3.873884e-04
4.244377e+01	-2.625274e-04
4.268892e+01	-3.033754e-04
4.293549e+01	-2.106551e-04
4.318348e+01	-3.670091e-04
4.343291e+01	-3.173208e-04
4.368377e+01	-2.896390e-04
4.393609e+01	-3.372114e-04
4.418986e+01	-2.782891e-04
4.444510e+01	-3.056160e-04
4.470182e+01	-1.416370e-04
4.496001e+01	-4.121449e-04
4.521970e+01	-4.628016e-04
4.548089e+01	-3.171607e-04
4.574358e+01	-4.544915e-04
4.600779e+01	-3.654524e-04
4.627353e+01	-2.640107e-04
4.654081e+01	-4.166268e-04
4.680963e+01	-4.256594e-04
4.708000e+01	-3.115290e-04
4.735193e+01	-3.463030e-04
4.762543e+01	-4.136760e-04
4.790051e+01	-4.270397e-04
4.817719e+01	-5.019954e-04
4.845545e+01	-3.055127e-04
4.873533e+01	-2.232867e-04
4.901682e+01	-3.750592e-04
4.929994e+01	-3.442455e-04
4.958470e+01	-3.746601e-04
4.987110e+01	-5.206340e-04
5.015915e+01	-4.415949e-04
5.044887e+01	-4.945969e-04
5.074026e+01	-4.059604e-04
5.103333e+01	-4.671338e-04
5.132810e+01	-3.758240e-04
5.162457e+01	-4.349668e-04
5.192275e+01	-4.277468e-04
5.222265e+01	-6.648773e-04
5.252429e+01	-1.866422e-04
5.282767e+01	-4.442569e-04
5.313280e+01	-4.273367e-04
5.343969e+01	-4.026039e-04
5.374836e+01	-4.804466e-04
5.405880e+01	-5.421338e-04
5.437105e+01	-7.908559e-04
5.468509e+01	-3.895689e-04
5.500095e+01	-4.452172e-04
5.531863e+01	-4.719265e-04
5.563815e+01	-5.609583e-04
5.595951e+01	-5.945630e-04
5.628273e+01	-6.059939e-04
5.660782e+01	-5.834911e-04
5.693479e+01	-4.842509e-04
5.726364e+01	-5.632328e-04
5.759439e+01	-6.764483e-04
5.792705e+01	-5.963304e-04
5.826164e+01	-4.101864e-04
5.859815e+01	-3.452067e-04
5.893662e+01	-5.050892e-04
5.927703e+01	-5.810814e-04
5.961941e+01	-5.072285e-04
5.996377e+01	-5.709900e-04
6.031012e+01	-6.240860e-04
6.065847e+01	-6.785254e-04
6.100883e+01	-5.808328e-04
6.136121e+01	-7.320948e-04
6.171563e+01	-7.493725e-04
6.207210e+01	-7.484047e-04
6.243063e+01	-6.825264e-04
6.279122e+01	-5.492909e-04
6.315390e+01	-6.799453e-04
6.351868e+01	-6.517316e-04
6.388556e+01	-6.785633e-04
6.425456e+01	-5.421188e-04
6.462569e+01	-7.584601e-04
6.499897e+01	-6.087143e-04
6.537440e+01	-7.400313e-04
6.575200e+01	-7.947428e-04
6.613178e+01	-8.048441e-04
6.651375e+01	-7.302457e-04
6.689793e+01	-6.739336e-04
6.728433e+01	-6.632459e-04
6.767297e+01	-7.941960e-04
6.806384e+01	-9.217941e-04
6.845698e+01	-7.889286e-04
6.885238e+01	-7.746028e-04
6.925007e+01	-7.432824e-04
6.965005e+01	-8.758151e-04
7.005235e+01	-7.727003e-04
7.045697e+01	-9.052769e-04
7.086393e+01	-9.058629e-04
7.127323e+01	-7.373324e-04
7.168490e+01	-7.541835e-04
7.209895e+01	-8.087917e-04
7.251539e+01	-1.000241e-03
7.293424e+01	-9.241660e-04
7.335551e+01	-8.731677e-04
7.377920e+01	-1.077291e-03
7.420535e+01	-9.349245e-04
7.463396e+01	-8.422720e-04
7.506504e+01	-9.077614e-04
7.549861e+01	-8.085819e-04
7.593469e+01	-9.718707e-04
7.637328e+01	-1.110970e-03
7.681441e+01	-1.114964e-03
7.725809e+01	-1.042112e-03
7.770433e+01	-8.990573e-04
7.815315e+01	-1.071571e-03
7.860456e+01	-9.595881e-04
7.905857e+01	-1.024932e-03
7.951521e+01	-1.001047e-03
7.997449e+01	-1.067707e-03
8.043642e+01	-1.095379e-03
8.090102e+01	-9.951812e-04
8.136830e+01	-9.421486e-04
8.183828e+01	-1.170439e-03
8.231097e+01	-1.288047e-03
8.278640e+01	-1.271941e-03
8.326457e+01	-1.311060e-03
8.374550e+01	-1.242065e-03
8.422921e+01	-1.249206e-03
8.471572e+01	-1.269976e-03
8.520503e+01	-1.256604e-03
8.569717e+01	-1.209572e-03
8.619215e+01	-1.358721e-03
8.669000e+01	-1.351405e-03
8.719071e+01	-1.280002e-03
8.769432e+01	-1.198468e-03
8.820084e+01	-1.245657e-03
8.871029e+01	-1.286752e-03
8.922267e+01	-1.376711e-03
8.973802e+01	-1.332538e-03
9.025634e+01	-1.479219e-03
9.077766e+01	-1.523224e-03
9.130199e+01	-1.460890e-03
9.182935e+01	-1.409591e-03
9.235975e+01	-1.577729e-03
9.289321e+01	-1.468031e-03
9.342976e+01	-1.445005e-03
9.396941e+01	-1.731747e-03
9.451217e+01	-1.617504e-03
9.505807e+01	-1.433280e-03
9.560712e+01	-1.562646e-03
9.615934e+01	-1.586954e-03
9.671476e+01	-1.420159e-03
9.727338e+01	-1.550490e-03
9.783522e+01	-1.659047e-03
9.840032e+01	-1.624685e-03
9.896867e+01	-1.628375e-03
9.954031e+01	-1.600639e-03
1.001153e+02	-1.647939e-03
1.006935e+02	-1.737784e-03
1.012751e+02	-1.460831e-03
1.018601e+02	-1.672464e-03
1.024484e+02	-1.712870e-03
1.030402e+02	-1.684546e-03
1.036353e+02	-1.970414e-03
1.042339e+02	-1.848928e-03
1.048360e+02	-2.044295e-03
1.054415e+02	-1.750971e-03
1.060505e+02	-1.883745e-03
1.066631e+02	-2.001357e-03
1.072791e+02	-1.966063e-03
1.078988e+02	-1.914336e-03
1.085220e+02	-2.061658e-03
1.091488e+02	-1.825260e-03
1.097793e+02	-1.944112e-03
1.104133e+02	-2.085699e-03
1.110511e+02	-2.114999e-03
1.116925e+02	-2.081948e-03
1.123376e+02	-2.196002e-03
1.129865e+02	-2.169680e-03
1.136391e+02	-2.160665e-03
1.142955e+02	-2.203173e-03
1.149556e+02	-2.291529e-03
1.156196e+02	-2.325779e-03
1.162874e+02	-2.388155e-03
1.169591e+02	-2.271402e-03
1.176347e+02	-2.352256e-03
1.183141e+02	-2.431116e-03
1.189975e+02	-2.469827e-03
1.196848e+02	-2.470996e-03
1.203761e+02	-2.401676e-03
1.210714e+02	-2.450223e-03
1.217707e+02	-2.356943e-03
1.224740e+02	-2.474779e-03
1.231814e+02	-2.700408e-03
1.238929e+02	-2.635426e-03
1.246085e+02	-2.493665e-03
1.253283e+02	-2.717674e-03
1.260522e+02	-2.620572e-03
1.267802e+02	-2.748539e-03
1.275125e+02	-2.754949e-03
1.282490e+02	-2.760604e-03
1.289898e+02	-2.855854e-03
1.297348e+02	-2.888140e-03
1.304842e+02	-2.879344e-03
1.312378e+02	-2.957606e-03
1.319959e+02	-2.954652e-03
1.327583e+02	-3.003104e-03
1.335251e+02	-2.886230e-03
1.342963e+02	-3.152991e-03
1.350720e+02	-3.149890e-03
1.358522e+02	-2.983181e-03
1.366368e+02	-3.111687e-03
1.374260e+02	-3.055199e-03
1.382198e+02	-3.249027e-03
1.390182e+02	-3.235975e-03
1.398211e+02	-3.204946e-03
1.406287e+02	-3.312822e-03
1.414410e+02	-3.552269e-03
1.422579e+02	-3.514578e-03
1.430796e+02	-3.424530e-03
1.439060e+02	-3.513672e-03
1.447372e+02	-3.523714e-03
1.455732e+02	-3.681404e-03
1.464141e+02	-3.537428e-03
1.472597e+02	-3.641019e-03
1.481103e+02	-3.699648e-03
1.489658e+02	-3.762613e-03
1.498262e+02	-3.826629e-03
1.506916e+02	-3.761781e-03
1.515620e+02	-3.718581e-03
1.524374e+02	-3.947113e-03
1.533179e+02	-3.918747e-03
1.542034e+02	-3.947707e-03
1.550941e+02	-3.925714e-03
1.559899e+02	-4.065604e-03
1.568909e+02	-4.108176e-03
1.577971e+02	-4.114930e-03
1.587085e+02	-4.372415e-03
1.596252e+02	-4.277411e-03
1.605472e+02	-4.401027e-03
1.614745e+02	-4.516559e-03
1.624072e+02	-4.421710e-03
1.633453e+02	-4.536581e-03
1.642887e+02	-4.603716e-03
1.652377e+02	-4.657114e-03
1.661921e+02	-4.486438e-03
1.671520e+02	-4.837463e-03
1.681175e+02	-4.788740e-03
1.690885e+02	-4.625079e-03
1.700651e+02	-4.842530e-03
1.710474e+02	-4.875285e-03
1.720354e+02	-5.041856e-03
1.730291e+02	-5.101931e-03
1.740285e+02	-5.090613e-03
1.750337e+02	-5.068770e-03
1.760446e+02	-5.168961e-03
1.770615e+02	-5.480122e-03
1.780842e+02	-5.463815e-03
1.791128e+02	-5.399650e-03
1.801473e+02	-5.515015e-03
1.811878e+02	-5.533179e-03
1.822344e+02	-5.546631e-03
1.832870e+02	-5.618684e-03
1.843456e+02	-5.718436e-03
1.854104e+02	-5.737184e-03
1.864813e+02	-5.851813e-03
1.875584e+02	-6.023361e-03
1.886418e+02	-6.045923e-03
1.897313e+02	-5.982760e-03
1.908272e+02	-6.088150e-03
1.919294e+02	-6.062020e-03
1.930380e+02	-6.287198e-03
1.941530e+02	-6.279033e-03
1.952744e+02	-6.527162e-03
1.964023e+02	-6.476823e-03
1.975367e+02	-6.590932e-03
1.986777e+02	-6.473219e-03
1.998252e+02	-6.637530e-03
2.009794e+02	-6.734508e-03
2.021403e+02	-6.839774e-03
2.033078e+02	-6.991250e-03
2.044821e+02	-7.169881e-03
2.056632e+02	-7.125780e-03
2.068511e+02	-7.234404e-03
2.080459e+02	-7.268808e-03
2.092475e+02	-7.441481e-03
2.104561e+02	-7.428847e-03
2.116717e+02	-7.444694e-03
2.128943e+02	-7.726195e-03
2.141240e+02	-7.615300e-03
2.153608e+02	-7.806977e-03
2.166047e+02	-7.884982e-03
2.178558e+02	-7.851623e-03
2.191141e+02	-8.174014e-03
2.203797e+02	-8.270614e-03
2.216526e+02	-8.288793e-03
2.229329e+02	-8.379510e-03
2.242205e+02	-8.441424e-03
2.255156e+02	-8.645352e-03
2.268182e+02	-8.639868e-03
2.281283e+02	-8.748327e-03
2.294459e+02	-8.829287e-03
2.307712e+02	-8.982244e-03
2.321041e+02	-8.890768e-03
2.334447e+02	-9.381303e-03
2.347931e+02	-9.305842e-03
2.361493e+02	-9.477558e-03
2.375133e+02	-9.433707e-03
2.388851e+02	-9.593215e-03
2.402649e+02	-9.660664e-03
2.416527e+02	-9.843915e-03
2.430484e+02	-9.843557e-03
2.444523e+02	-9.997542e-03
2.458642e+02	-1.027414e-02
2.472843e+02	-1.028103e-02
2.487126e+02	-1.038421e-02
2.501492e+02	-1.068813e-02
2.515940e+02	-1.069532e-02
2.530472e+02	-1.071570e-02
2.545088e+02	-1.082493e-02
2.559789e+02	-1.108029e-02
2.574574e+02	-1.133001e-02
2.589444e+02	-1.138123e-02
2.604401e+02	-1.142391e-02
2.619444e+02	-1.148270e-02
2.634574e+02	-1.182667e-02
2.649791e+02	-1.186450e-02
2.665096e+02	-1.205479e-02
2.680489e+02	-1.223648e-02
2.695972e+02	-1.228086e-02
2.711544e+02	-1.238704e-02
2.727205e+02	-1.250671e-02
2.742958e+02	-1.263113e-02
2.758801e+02	-1.283014e-02
2.774736e+02	-1.302467e-02
2.790762e+02	-1.315382e-02
2.806882e+02	-1.317555e-02
2.823094e+02	-1.346280e-02
2.839400e+02	-1.338358e-02
2.855800e+02	-1.371371e-02
2.872295e+02	-1.380174e-02
2.888886e+02	-1.407861e-02
2.905572e+02	-1.402708e-02
2.922354e+02	-1.439186e-02
2.939234e+02	-1.448860e-02
2.956211e+02	-1.476947e-02
2.973286e+02	-1.478219e-02
2.990459e+02	-1.499972e-02
3.007732e+02	-1.532107e-02
3.025104e+02	-1.541795e-02
3.042577e+02	-1.554092e-02
3.060151e+02	-1.577397e-02
3.077826e+02	-1.589384e-02
3.095604e+02	-1.615428e-02
3.113484e+02	-1.636199e-02
3.131467e+02	-1.647359e-02
3.149554e+02	-1.674181e-02
3.167746e+02	-1.683868e-02
3.186043e+02	-1.701822e-02
3.204445e+02	-1.724552e-02
3.222954e+02	-1.752745e-02
3.241570e+02	-1.761653e-02
3.260293e+02	-1.784443e-02
3.279124e+02	-1.795937e-02
3.298064e+02	-1.831727e-02
3.317114e+02	-1.846503e-02
3.336273e+02	-1.872988e-02
3.355544e+02	-1.887677e-02
3.374925e+02	-1.914294e-02
3.394418e+02	-1.919068e-02
3.414024e+02	-1.960321e-02
3.433744e+02	-1.977607e-02
3.453577e+02	-2.001420e-02
3.473525e+02	-2.024351e-02
3.493588e+02	-2.048355e-02
3.513766e+02	-2.073019e-02
3.534062e+02	-2.088594e-02
3.554474e+02	-2.114282e-02
3.575005e+02	-2.163146e-02
3.595654e+02	-2.163589e-02
3.616422e+02	-2.190283e-02
3.637311e+02	-2.232927e-02
3.658320e+02	-2.246478e-02
3.679450e+02	-2.278349e-02
3.700702e+02	-2.301052e-02
3.722077e+02	-2.329353e-02
3.743576e+02	-2.361513e-02
3.765199e+02	-2.383303e-02
3.786946e+02	-2.401113e-02
3.808820e+02	-2.430802e-02
3.830819e+02	-2.471634e-02
3.852946e+02	-2.489154e-02
3.875200e+02	-2.503656e-02
3.897583e+02	-2.561611e-02
3.920096e+02	-2.588200e-02
3.942738e+02	-2.624390e-02
3.965511e+02	-2.627508e-02
3.988416e+02	-2.668532e-02
4.011452e+02	-2.693887e-02
4.034622e+02	-2.722363e-02
4.057926e+02	-2.766472e-02
4.081365e+02	-2.811313e-02
4.104938e+02	-2.835619e-02
4.128648e+02	-2.849801e-02
4.152495e+02	-2.880235e-02
4.176480e+02	-2.928668e-02
4.200603e+02	-2.951744e-02
4.224866e+02	-2.988789e-02
4.249268e+02	-3.024097e-02
4.273812e+02	-3.071291e-02
4.298497e+02	-3.103389e-02
4.323325e+02	-3.118894e-02
4.348297e+02	-3.173759e-02
4.373412e+02	-3.209885e-02
4.398673e+02	-3.245085e-02
4.424079e+02	-3.276903e-02
4.449633e+02	-3.322231e-02
4.475334e+02	-3.347940e-02
4.501183e+02	-3.399347e-02
4.527182e+02	-3.428614e-02
4.553330e+02	-3.468275e-02
4.579630e+02	-3.491448e-02
4.606082e+02	-3.547650e-02
4.632687e+02	-3.585890e-02
4.659445e+02	-3.632159e-02
4.686358e+02	-3.672351e-02
4.713426e+02	-3.700612e-02
4.740650e+02	-3.761813e-02
4.768032e+02	-3.810045e-02
4.795572e+02	-3.846388e-02
4.823271e+02	-3.907607e-02
4.851130e+02	-3.945978e-02
4.879150e+02	-3.988066e-02
4.907332e+02	-4.029540e-02
4.935676e+02	-4.091197e-02
4.964185e+02	-4.133772e-02
4.992858e+02	-4.169963e-02
5.021696e+02	-4.217059e-02
5.050701e+02	-4.274950e-02
5.079874e+02	-4.319768e-02
5.109215e+02	-4.371671e-02
5.138726e+02	-4.421103e-02
5.168407e+02	-4.469476e-02
5.198259e+02	-4.530630e-02
5.228284e+02	-4.567550e-02
5.258482e+02	-4.616386e-02
5.288855e+02	-4.682926e-02
5.319403e+02	-4.755405e-02
5.350128e+02	-4.797074e-02
5.381030e+02	-4.836202e-02
5.412111e+02	-4.915550e-02
5.443371e+02	-4.950035e-02
5.474812e+02	-5.000775e-02
5.506434e+02	-5.067110e-02
5.538239e+02	-5.138292e-02
5.570228e+02	-5.176493e-02
5.602401e+02	-5.262086e-02
5.634760e+02	-5.322822e-02
5.667306e+02	-5.366826e-02
5.700040e+02	-5.427100e-02
5.732964e+02	-5.507177e-02
5.766077e+02	-5.555476e-02
5.799382e+02	-5.632980e-02
5.832879e+02	-5.700020e-02
5.866569e+02	-5.734138e-02
5.900454e+02	-5.803975e-02
5.934535e+02	-5.883078e-02
5.968813e+02	-5.943751e-02
6.003288e+02	-6.023541e-02
6.037963e+02	-6.096910e-02
6.072838e+02	-6.163329e-02
6.107914e+02	-6.225779e-02
6.143194e+02	-6.298842e-02
6.178676e+02	-6.368964e-02
6.214364e+02	-6.441884e-02
6.250258e+02	-6.521399e-02
6.286359e+02	-6.598035e-02
6.322669e+02	-6.669626e-02
6.359189e+02	-6.735886e-02
6.395919e+02	-6.813325e-02
6.432862e+02	-6.920009e-02
6.470017e+02	-6.984326e-02
6.507388e+02	-7.064007e-02
6.544974e+02	-7.154591e-02
6.582778e+02	-7.245266e-02
6.620800e+02	-7.317137e-02
6.659041e+02	-7.413738e-02
6.697504e+02	-7.476372e-02
6.736188e+02	-7.567223e-02
6.775096e+02	-7.639911e-02
6.814229e+02	-7.729476e-02
6.853587e+02	-7.839016e-02
6.893173e+02	-7.923448e-02
6.932988e+02	-8.009377e-02
6.973033e+02	-8.101159e-02
7.013309e+02	-8.213039e-02
7.053817e+02	-8.271076e-02
7.094560e+02	-8.397548e-02
7.135538e+02	-8.482497e-02
7.176752e+02	-8.576113e-02
7.218205e+02	-8.677907e-02
7.259897e+02	-8.778527e-02
7.301830e+02	-8.890325e-02
7.344005e+02	-8.975441e-02
7.386424e+02	-9.078914e-02
7.429087e+02	-9.200388e-02
7.471998e+02	-9.280483e-02
7.515155e+02	-9.386254e-02
7.558563e+02	-9.514493e-02
7.602221e+02	-9.609525e-02
7.646131e+02	-9.735987e-02
7.690295e+02	-9.842916e-02
7.734713e+02	-9.963653e-02
7.779389e+02	-1.007047e-01
7.824322e+02	-1.018664e-01
7.869515e+02	-1.028647e-01
7.914969e+02	-1.041124e-01
7.960686e+02	-1.053126e-01
8.006666e+02	-1.065201e-01
8.052912e+02	-1.077172e-01
8.099426e+02	-1.089994e-01
8.146208e+02	-1.103498e-01
8.193260e+02	-1.116172e-01
8.240584e+02	-1.128233e-01
8.288181e+02	-1.141019e-01
8.336053e+02	-1.154479e-01
8.384202e+02	-1.167804e-01
8.432629e+02	-1.181151e-01
8.481335e+02	-1.195036e-01
8.530323e+02	-1.207028e-01
8.579594e+02	-1.219629e-01
8.629149e+02	-1.234286e-01
8.678991e+02	-1.249297e-01
8.729120e+02	-1.262874e-01
8.779539e+02	-1.279160e-01
8.830250e+02	-1.291680e-01
8.881253e+02	-1.306017e-01
8.932551e+02	-1.322747e-01
8.984145e+02	-1.336336e-01
9.036037e+02	-1.353111e-01
9.088229e+02	-1.368033e-01
9.140722e+02	-1.383792e-01
9.193518e+02	-1.399375e-01
9.246620e+02	-1.415300e-01
9.300028e+02	-1.430426e-01
9.353744e+02	-1.446631e-01
9.407771e+02	-1.465533e-01
9.462110e+02	-1.482286e-01
9.516763e+02	-1.496586e-01
9.571731e+02	-1.514709e-01
9.627017e+02	-1.530554e-01
9.682622e+02	-1.548389e-01
9.738549e+02	-1.566960e-01
9.794798e+02	-1.585071e-01
9.851373e+02	-1.601929e-01
9.908274e+02	-1.620977e-01
9.965504e+02	-1.639874e-01
1.002306e+03	-1.658793e-01
1.008096e+03	-1.677301e-01
1.013918e+03	-1.694929e-01
1.019775e+03	-1.715513e-01
1.025665e+03	-1.736145e-01
1.031589e+03	-1.754217e-01
1.037548e+03	-1.773623e-01
1.043540e+03	-1.793367e-01
1.049568e+03	-1.815314e-01
1.055630e+03	-1.835169e-01
1.061727e+03	-1.856167e-01
1.067860e+03	-1.877854e-01
1.074028e+03	-1.900043e-01
1.080231e+03	-1.920450e-01
1.086471e+03	-1.942173e-01
1.092746e+03	-1.965528e-01
1.099058e+03	-1.986237e-01
1.105406e+03	-2.007558e-01
1.111791e+03	-2.031306e-01
1.118212e+03	-2.055591e-01
1.124671e+03	-2.076189e-01
1.131167e+03	-2.101285e-01
1.137701e+03	-2.123044e-01
1.144272e+03	-2.147778e-01
1.150881e+03	-2.174030e-01
1.157529e+03	-2.197080e-01
1.164215e+03	-2.221709e-01
1.170939e+03	-2.247358e-01
1.177702e+03	-2.271141e-01
1.184505e+03	-2.298266e-01
1.191346e+03	-2.323667e-01
1.198227e+03	-2.349810e-01
1.205148e+03	-2.377826e-01
1.212109e+03	-2.403962e-01
1.219110e+03	-2.433176e-01
1.226152e+03	-2.457161e-01
1.233234e+03	-2.487079e-01
1.240357e+03	-2.514136e-01
1.247521e+03	-2.543286e-01
1.254727e+03	-2.571697e-01
1.261974e+03	-2.601370e-01
1.269263e+03	-2.628142e-01
1.276595e+03	-2.659539e-01
1.283968e+03	-2.688007e-01
1.291384e+03	-2.718954e-01
1.298843e+03	-2.747407e-01
1.306345e+03	-2.780088e-01
1.313891e+03	-2.811357e-01
1.321480e+03	-2.842726e-01
1.329113e+03	-2.876353e-01
1.336790e+03	-2.907573e-01
1.344511e+03	-2.939168e-01
1.352277e+03	-2.972502e-01
1.360087e+03	-3.006496e-01
1.367943e+03	-3.038789e-01
1.375844e+03	-3.073006e-01
1.383791e+03	-3.107538e-01
1.391784e+03	-3.142166e-01
1.399823e+03	-3.177253e-01
1.407908e+03	-3.213107e-01
1.416040e+03	-3.247939e-01
1.424219e+03	-3.286628e-01
1.432445e+03	-3.322510e-01
1.440719e+03	-3.360021e-01
1.449041e+03	-3.396098e-01
1.457410e+03	-3.432705e-01
1.465828e+03	-3.470229e-01
1.474295e+03	-3.512462e-01
1.482810e+03	-3.551120e-01
1.491375e+03	-3.588496e-01
1.499989e+03	-3.629569e-01
1.508653e+03	-3.668826e-01
1.517367e+03	-3.709020e-01
1.526131e+03	-3.752120e-01
1.534946e+03	-3.792263e-01
1.543812e+03	-3.834828e-01
1.552729e+03	-3.876654e-01
1.561697e+03	-3.918729e-01
1.570717e+03	-3.961594e-01
1.579790e+03	-4.008029e-01
1.588915e+03	-4.052717e-01
1.598092e+03	-4.097367e-01
1.607323e+03	-4.140976e-01
1.616606e+03	-4.187621e-01
1.625944e+03	-4.234202e-01
1.635335e+03	-4.280837e-01
1.644781e+03	-4.328305e-01
1.654281e+03	-4.374257e-01
1.663836e+03	-4.423327e-01
1.673446e+03	-4.472127e-01
1.683112e+03	-4.522613e-01
1.692834e+03	-4.573141e-01
1.702611e+03	-4.621462e-01
1.712446e+03	-4.671443e-01
1.722337e+03	-4.722624e-01
1.732285e+03	-4.774332e-01
1.742290e+03	-4.827137e-01
1.752354e+03	-4.881482e-01
1.762475e+03	-4.934020e-01
1.772655e+03	-4.987600e-01
1.782894e+03	-5.041432e-01
1.793192e+03	-5.098042e-01
1.803549e+03	-5.152421e-01
1.813967e+03	-5.208881e-01
1.824444e+03	-5.266991e-01
1.834982e+03	-5.324067e-01
1.845581e+03	-5.382442e-01
1.856241e+03	-5.440027e-01
1.866962e+03	-5.499217e-01
1.877746e+03	-5.560155e-01
1.888592e+03	-5.618923e-01
1.899500e+03	-5.680573e-01
1.910472e+03	-5.740865e-01
1.921506e+03	-5.805488e-01
1.932605e+03	-5.867960e-01
1.943768e+03	-5.930042e-01
1.954995e+03	-5.994398e-01
1.966287e+03	-6.060529e-01
1.977644e+03	-6.126304e-01
1.989067e+03	-6.191702e-01
2.000555e+03	-6.257019e-01
2.012110e+03	-6.325388e-01
2.023732e+03	-6.393298e-01
2.035421e+03	-6.462361e-01
2.047178e+03	-6.531490e-01
2.059002e+03	-6.602177e-01
2.070895e+03	-6.672450e-01
2.082856e+03	-6.745293e-01
2.094887e+03	-6.817486e-01
2.106987e+03	-6.889036e-01
2.119157e+03	-6.963741e-01
2.131397e+03	-7.037899e-01
2.143708e+03	-7.112941e-01
2.156090e+03	-7.190410e-01
2.168543e+03	-7.265375e-01
2.181069e+03	-7.342297e-01
2.193666e+03	-7.420131e-01
2.206337e+03	-7.498238e-01
2.219081e+03	-7.579507e-01
2.231898e+03	-7.660260e-01
2.244789e+03	-7.743398e-01
2.257755e+03	-7.823345e-01
2.270796e+03	-7.907070e-01
2.283912e+03	-7.990056e-01
2.297104e+03	-8.075585e-01
2.310372e+03	-8.158936e-01
2.323716e+03	-8.245884e-01
2.337138e+03	-8.332571e-01
2.350637e+03	-8.420416e-01
2.364214e+03	-8.511071e-01
2.377870e+03	-8.598354e-01
2.391604e+03	-8.687647e-01
2.405418e+03	-8.778891e-01
2.419312e+03	-8.871719e-01
2.433286e+03	-8.963896e-01
2.447340e+03	-9.059259e-01
2.461476e+03	-9.152507e-01
2.475693e+03	-9.246148e-01
2.489993e+03	-9.344364e-01
2.504375e+03	-9.441731e-01
2.518840e+03	-9.538548e-01
2.533389e+03	-9.636396e-01
2.548022e+03	-9.738329e-01
2.562739e+03	-9.839325e-01
2.577541e+03	-9.942931e-01
2.592429e+03	-1.004332e+00
2.607403e+03	-1.014696e+00
2.622463e+03	-1.025135e+00
2.637610e+03	-1.035664e+00
2.652845e+03	-1.046314e+00
2.668168e+03	-1.057298e+00
2.683579e+03	-1.068028e+00
2.699079e+03	-1.078818e+00
2.714669e+03	-1.090030e+00
2.730349e+03	-1.101200e+00
2.746119e+03	-1.112453e+00
2.761981e+03	-1.123734e+00
2.777934e+03	-1.135470e+00
2.793979e+03	-1.146867e+00
2.810117e+03	-1.158455e+00
2.826348e+03	-1.170253e+00
2.842673e+03	-1.182085e+00
2.859092e+03	-1.193995e+00
2.875606e+03	-1.206145e+00
2.892215e+03	-1.218243e+00
2.908921e+03	-1.230363e+00
2.925722e+03	-1.242844e+00
2.942621e+03	-1.255327e+00
2.959618e+03	-1.267932e+00
2.976712e+03	-1.280769e+00
2.993906e+03	-1.293469e+00
3.011198e+03	-1.306529e+00
3.028591e+03	-1.319370e+00
3.046084e+03	-1.332707e+00
3.063678e+03	-1.346026e+00
3.081374e+03	-1.359346e+00
3.099172e+03	-1.372835e+00
3.117072e+03	-1.386505e+00
3.135076e+03	-1.400118e+00
3.153184e+03	-1.413954e+00
3.171397e+03	-1.427790e+00
3.189715e+03	-1.441879e+00
3.208139e+03	-1.456052e+00
3.226669e+03	-1.470514e+00
3.245306e+03	-1.484685e+00
3.264051e+03	-1.499435e+00
3.282904e+03	-1.513979e+00
3.301866e+03	-1.528783e+00
3.320937e+03	-1.543513e+00
3.340119e+03	-1.558481e+00
3.359411e+03	-1.573817e+00
3.378815e+03	-1.589065e+00
3.398331e+03	-1.604213e+00
3.417959e+03	-1.619761e+00
3.437701e+03	-1.635639e+00
3.457557e+03	-1.651104e+00
3.477528e+03	-1.667154e+00
3.497614e+03	-1.682847e+00
3.517816e+03	-1.699217e+00
3.538135e+03	-1.715443e+00
3.558571e+03	-1.731749e+00
3.579125e+03	-1.748315e+00
3.599798e+03	-1.764945e+00
3.620590e+03	-1.781765e+00
3.641503e+03	-1.798371e+00
3.662536e+03	-1.815661e+00
3.683691e+03	-1.832467e+00
3.704967e+03	-1.849946e+00
3.726367e+03	-1.867449e+00
3.747890e+03	-1.884737e+00
3.769538e+03	-1.902439e+00
3.791311e+03	-1.920432e+00
3.813209e+03	-1.938206e+00
3.835234e+03	-1.955965e+00
3.857386e+03	-1.974385e+00
3.879667e+03	-1.992905e+00
3.902075e+03	-2.011228e+00
3.924614e+03	-2.029792e+00
3.947282e+03	-2.048382e+00
3.970081e+03	-2.067072e+00
3.993012e+03	-2.086112e+00
4.016076e+03	-2.105349e+00
4.039272e+03	-2.124551e+00
4.062603e+03	-2.144155e+00
4.086069e+03	-2.163586e+00
4.109670e+03	-2.183231e+00
4.133407e+03	-2.202949e+00
4.157281e+03	-2.222955e+00
4.181294e+03	-2.242914e+00
4.205445e+03	-2.263235e+00
4.229735e+03	-2.283546e+00
4.254166e+03	-2.304088e+00
4.278738e+03	-2.324686e+00
4.303451e+03	-2.345362e+00
4.328308e+03	-2.366393e+00
4.353308e+03	-2.387363e+00
4.378453e+03	-2.408643e+00
4.403742e+03	-2.429956e+00
4.429178e+03	-2.451468e+00
4.454761e+03	-2.472846e+00
4.480492e+03	-2.494692e+00
4.506371e+03	-2.516644e+00
4.532399e+03	-2.538616e+00
4.558578e+03	-2.560803e+00
4.584908e+03	-2.583003e+00
4.611391e+03	-2.605524e+00
4.638026e+03	-2.628135e+00
4.664815e+03	-2.650735e+00
4.691759e+03	-2.673630e+00
4.718858e+03	-2.696811e+00
4.746114e+03	-2.719830e+00
4.773527e+03	-2.743236e+00
4.801099e+03	-2.766676e+00
4.828830e+03	-2.790012e+00
4.856721e+03	-2.813981e+00
4.884773e+03	-2.837802e+00
4.912988e+03	-2.861633e+00
4.941365e+03	-2.886071e+00
4.969906e+03	-2.910027e+00
4.998612e+03	-2.934693e+00
5.027484e+03	-2.959148e+00
5.056522e+03	-2.983843e+00
5.085729e+03	-3.008741e+00
5.115104e+03	-3.033818e+00
5.144648e+03	-3.059078e+00
5.174363e+03	-3.084167e+00
5.204250e+03	-3.109581e+00
5.234310e+03	-3.135197e+00
5.264543e+03	-3.161033e+00
5.294951e+03	-3.186780e+00
5.325534e+03	-3.212897e+00
5.356294e+03	-3.238881e+00
5.387232e+03	-3.265037e+00
5.418348e+03	-3.291479e+00
5.449645e+03	-3.318078e+00
5.481122e+03	-3.344888e+00
5.512780e+03	-3.371403e+00
5.544622e+03	-3.398605e+00
5.576647e+03	-3.425756e+00
5.608858e+03	-3.453005e+00
5.641254e+03	-3.480283e+00
5.673838e+03	-3.507948e+00
5.706610e+03	-3.535761e+00
5.739571e+03	-3.563813e+00
5.772723e+03	-3.591566e+00
5.806066e+03	-3.619732e+00
5.839601e+03	-3.647947e+00
5.873331e+03	-3.676119e+00
5.907255e+03	-3.704981e+00
5.941375e+03	-3.733587e+00
5.975692e+03	-3.762392e+00
6.010207e+03	-3.791456e+00
6.044922e+03	-3.820294e+00
6.079837e+03	-3.849282e+00
6.114954e+03	-3.879151e+00
6.150274e+03	-3.908470e+00
6.185797e+03	-3.937996e+00
6.221526e+03	-3.967612e+00
6.257462e+03	-3.997729e+00
6.293605e+03	-4.027771e+00
6.329956e+03	-4.057815e+00
6.366518e+03	-4.088239e+00
6.403290e+03	-4.118508e+00
6.440276e+03	-4.148903e+00
6.477474e+03	-4.179797e+00
6.514888e+03	-4.210777e+00
6.552518e+03	-4.241810e+00
6.590365e+03	-4.272698e+00
6.628430e+03	-4.303994e+00
6.666716e+03	-4.335434e+00
6.705223e+03	-4.366740e+00
6.743952e+03	-4.398538e+00
6.782905e+03	-4.430334e+00
6.822082e+03	-4.462117e+00
6.861486e+03	-4.494166e+00
6.901118e+03	-4.526381e+00
6.940979e+03	-4.558578e+00
6.981069e+03	-4.591083e+00
7.021392e+03	-4.623506e+00
7.061947e+03	-4.656135e+00
7.102737e+03	-4.688845e+00
7.143762e+03	-4.721979e+00
7.185024e+03	-4.755326e+00
7.226524e+03	-4.788028e+00
7.268264e+03	-4.821389e+00
7.310246e+03	-4.854900e+00
7.352469e+03	-4.888221e+00
7.394937e+03	-4.921937e+00
7.437650e+03	-4.955533e+00
7.480609e+03	-4.989578e+00
7.523817e+03	-5.023507e+00
7.567274e+03	-5.058002e+00
7.610982e+03	-5.091953e+00
7.654943e+03	-5.126708e+00
7.699158e+03	-5.160812e+00
7.743628e+03	-5.195751e+00
7.788355e+03	-5.230528e+00
7.833340e+03	-5.265022e+00
7.878585e+03	-5.299848e+00
7.924091e+03	-5.334933e+00
7.969861e+03	-5.370479e+00
8.015894e+03	-5.405559e+00
8.062194e+03	-5.440920e+00
8.108761e+03	-5.476334e+00
8.155596e+03	-5.512139e+00
8.202703e+03	-5.548025e+00
8.250081e+03	-5.583685e+00
8.297733e+03	-5.619834e+00
8.345661e+03	-5.655744e+00
8.393865e+03	-5.692196e+00
8.442348e+03	-5.728425e+00
8.491110e+03	-5.764731e+00
8.540155e+03	-5.801425e+00
8.589482e+03	-5.837822e+00
8.639095e+03	-5.874764e+00
8.688994e+03	-5.911726e+00
8.739181e+03	-5.948372e+00
8.789658e+03	-5.985775e+00
8.840427e+03	-6.022455e+00
8.891489e+03	-6.059885e+00
8.942846e+03	-6.097037e+00
8.994499e+03	-6.134534e+00
9.046451e+03	-6.172152e+00
9.098703e+03	-6.209645e+00
9.151257e+03	-6.247437e+00
9.204114e+03	-6.285291e+00
9.257277e+03	-6.323617e+00
9.310746e+03	-6.361261e+00
9.364525e+03	-6.399414e+00
9.418614e+03	-6.437969e+00
9.473015e+03	-6.476079e+00
9.527731e+03	-6.514501e+00
9.582763e+03	-6.553095e+00
9.638113e+03	-6.592074e+00
9.693782e+03	-6.630348e+00
9.749773e+03	-6.669062e+00
9.806087e+03	-6.707815e+00
9.862727e+03	-6.746438e+00
9.919693e+03	-6.785887e+00
9.976989e+03	-6.825300e+00
1.003462e+04	-6.864155e+00
1.009258e+04	-6.903530e+00
1.015087e+04	-6.943005e+00
1.020950e+04	-6.982184e+00
1.026847e+04	-7.022049e+00
1.032778e+04	-7.061709e+00
1.038743e+04	-7.101459e+00
1.044743e+04	-7.141132e+00
1.050777e+04	-7.180968e+00
1.056847e+04	-7.221444e+00
1.062951e+04	-7.261158e+00
1.069091e+04	-7.300969e+00
1.075266e+04	-7.341693e+00
1.081476e+04	-7.381570e+00
1.087723e+04	-7.422291e+00
1.094006e+04	-7.462683e+00
1.100324e+04	-7.503401e+00
1.106680e+04	-7.543759e+00
1.113072e+04	-7.584618e+00
1.119501e+04	-7.625203e+00
1.125967e+04	-7.666110e+00
1.132471e+04	-7.706935e+00
1.139012e+04	-7.747935e+00
1.145591e+04	-7.789416e+00
1.152208e+04	-7.830182e+00
1.158863e+04	-7.871461e+00
1.165556e+04	-7.912978e+00
1.172289e+04	-7.954307e+00
1.179060e+04	-7.995391e+00
1.185870e+04	-8.036925e+00
1.192719e+04	-8.078443e+00
1.199608e+04	-8.119720e+00
1.206537e+04	-8.160882e+00
1.213506e+04	-8.203125e+00
1.220515e+04	-8.244976e+00
1.227565e+04	-8.286684e+00
1.234655e+04	-8.328586e+00
1.241787e+04	-8.370292e+00
1.248959e+04	-8.412621e+00
1.256173e+04	-8.454785e+00
1.263429e+04	-8.496827e+00
1.270726e+04	-8.539003e+00
1.278066e+04	-8.581370e+00
1.285448e+04	-8.623296e+00
1.292873e+04	-8.666050e+00
1.300340e+04	-8.708514e+00
1.307851e+04	-8.750717e+00
1.315405e+04	-8.793685e+00
1.323003e+04	-8.835826e+00
1.330644e+04	-8.878735e+00
1.338330e+04	-8.921324e+00
1.346060e+04	-8.964627e+00
1.353835e+04	-9.006820e+00
1.361655e+04	-9.049865e+00
1.369520e+04	-9.092618e+00
1.377430e+04	-9.135807e+00
1.385386e+04	-9.178291e+00
1.393388e+04	-9.222203e+00
1.401436e+04	-9.264959e+00
1.409531e+04	-9.307876e+00
1.417672e+04	-9.351161e+00
1.425861e+04	-9.394327e+00
1.434096e+04	-9.437615e+00
1.442379e+04	-9.481081e+00
1.450711e+04	-9.524502e+00
1.459090e+04	-9.567465e+00
1.467518e+04	-9.611370e+00
1.475994e+04	-9.654596e+00
1.484519e+04	-9.698386e+00
1.493094e+04	-9.740949e+00
1.501718e+04	-9.785275e+00
1.510392e+04	-9.828376e+00
1.519116e+04	-9.872025e+00
1.527890e+04	-9.916301e+00
1.536715e+04	-9.959625e+00
1.545591e+04	-1.000385e+01
1.554518e+04	-1.004763e+01
1.563497e+04	-1.009154e+01
1.572528e+04	-1.013513e+01
1.581611e+04	-1.017863e+01
1.590746e+04	-1.022314e+01
1.599934e+04	-1.026663e+01
1.609175e+04	-1.031108e+01
1.618470e+04	-1.035501e+01
1.627818e+04	-1.039927e+01
1.637220e+04	-1.044271e+01
1.646677e+04	-1.048751e+01
1.656188e+04	-1.053088e+01
1.665754e+04	-1.057563e+01
1.675375e+04	-1.062032e+01
1.685052e+04	-1.066368e+01
1.694785e+04	-1.070841e+01
1.704574e+04	-1.075235e+01
1.714419e+04	-1.079721e+01
1.724322e+04	-1.084148e+01
1.734281e+04	-1.088565e+01
1.744299e+04	-1.092981e+01
1.754374e+04	-1.097400e+01
1.764507e+04	-1.101901e+01
1.774698e+04	-1.106341e+01
1.784949e+04	-1.110690e+01
1.795259e+04	-1.115233e+01
1.805628e+04	-1.119640e+01
1.816057e+04	-1.124075e+01
1.826547e+04	-1.128556e+01
1.837097e+04	-1.133020e+01
1.847708e+04	-1.137492e+01
1.858380e+04	-1.141892e+01
1.869114e+04	-1.146360e+01
1.879910e+04	-1.150789e+01
1.890768e+04	-1.155256e+01
1.901689e+04	-1.159738e+01
1.912673e+04	-1.164235e+01
1.923721e+04	-1.168655e+01
1.934832e+04	-1.173138e+01
1.946008e+04	-1.177617e+01
1.957248e+04	-1.182022e+01
1.968553e+04	-1.186551e+01
1.979923e+04	-1.191026e+01
1.991359e+04	-1.195470e+01
2.002861e+04	-1.199940e+01
2.014430e+04	-1.204354e+01
2.026065e+04	-1.208937e+01
2.037767e+04	-1.213389e+01
2.049537e+04	-1.217827e+01
2.061375e+04	-1.222348e+01
2.073282e+04	-1.226810e+01
2.085257e+04	-1.231250e+01
2.097301e+04	-1.235719e+01
2.109415e+04	-1.240153e+01
2.121599e+04	-1.244677e+01
2.133853e+04	-1.249152e+01
2.146178e+04	-1.253573e+01
2.158575e+04	-1.258114e+01
2.171043e+04	-1.262560e+01
2.183582e+04	-1.267039e+01
2.196195e+04	-1.271477e+01
2.208880e+04	-1.275947e+01
2.221638e+04	-1.280416e+01
2.234470e+04	-1.284849e+01
2.247377e+04	-1.289283e+01
2.260357e+04	-1.293825e+01
2.273413e+04	-1.298260e+01
2.286544e+04	-1.302777e+01
2.299751e+04	-1.307228e+01
2.313034e+04	-1.311706e+01
2.326394e+04	-1.316154e+01
2.339832e+04	-1.320572e+01
2.353346e+04	-1.325044e+01
2.366939e+04	-1.329484e+01
2.380610e+04	-1.333912e+01
2.394361e+04	-1.338386e+01
2.408191e+04	-1.342910e+01
2.422100e+04	-1.347335e+01
2.436090e+04	-1.351802e+01
2.450161e+04	-1.356267e+01
2.464313e+04	-1.360700e+01
2.478547e+04	-1.365152e+01
2.492863e+04	-1.369611e+01
2.507261e+04	-1.374109e+01
2.521743e+04	-1.378448e+01
2.536309e+04	-1.382926e+01
2.550958e+04	-1.387325e+01
2.565692e+04	-1.391758e+01
2.580512e+04	-1.396201e+01
2.595417e+04	-1.400615e+01
2.610408e+04	-1.405036e+01
2.625485e+04	-1.409397e+01
2.640650e+04	-1.413852e+01
2.655902e+04	-1.418285e+01
2.671243e+04	-1.422680e+01
2.686672e+04	-1.427057e+01
2.702190e+04	-1.431488e+01
2.717798e+04	-1.435988e+01
2.733495e+04	-1.440398e+01
2.749284e+04	-1.444782e+01
2.765164e+04	-1.449076e+01
2.781135e+04	-1.453520e+01
2.797199e+04	-1.457963e+01
2.813355e+04	-1.462346e+01
2.829605e+04	-1.466697e+01
2.845949e+04	-1.471115e+01
2.862387e+04	-1.475483e+01
2.878920e+04	-1.479762e+01
2.895549e+04	-1.484154e+01
2.912273e+04	-1.488427e+01
2.929094e+04	-1.492869e+01
2.946013e+04	-1.497211e+01
2.963029e+04	-1.501570e+01
2.980143e+04	-1.505948e+01
2.997356e+04	-1.510190e+01
3.014669e+04	-1.514569e+01
3.032081e+04	-1.518905e+01
3.049595e+04	-1.523279e+01
3.067209e+04	-1.527514e+01
3.084925e+04	-1.531885e+01
3.102743e+04	-1.536157e+01
3.120665e+04	-1.540566e+01
3.138690e+04	-1.544827e+01
3.156819e+04	-1.549169e+01
3.175052e+04	-1.553367e+01
3.193391e+04	-1.557734e+01
3.211836e+04	-1.561899e+01
3.230388e+04	-1.566279e+01
3.249046e+04	-1.570493e+01
3.267812e+04	-1.574757e+01
3.286687e+04	-1.579067e+01
3.305671e+04	-1.583256e+01
3.324764e+04	-1.587413e+01
3.343968e+04	-1.591738e+01
3.363283e+04	-1.595937e+01
3.382709e+04	-1.600134e+01
3.402247e+04	-1.604370e+01
3.421899e+04	-1.608708e+01
3.441663e+04	-1.612782e+01
3.461542e+04	-1.617014e+01
3.481536e+04	-1.621232e+01
3.501645e+04	-1.625241e+01
3.521871e+04	-1.629433e+01
3.542213e+04	-1.633693e+01
3.562672e+04	-1.637832e+01
3.583250e+04	-1.641996e+01
3.603947e+04	-1.646156e+01
3.624763e+04	-1.650227e+01
3.645700e+04	-1.654308e+01
3.666757e+04	-1.658514e+01
3.687936e+04	-1.662534e+01
3.709238e+04	-1.666626e+01
3.730662e+04	-1.670792e+01
3.752210e+04	-1.674757e+01
3.773883e+04	-1.678916e+01
3.795680e+04	-1.683016e+01
3.817604e+04	-1.686986e+01
3.839654e+04	-1.691121e+01
3.861832e+04	-1.695100e+01
3.884138e+04	-1.699056e+01
3.906573e+04	-1.703056e+01
3.929137e+04	-1.707142e+01
3.951831e+04	-1.711185e+01
3.974657e+04	-1.715218e+01
3.997614e+04	-1.719067e+01
4.020704e+04	-1.723055e+01
4.043928e+04	-1.726985e+01
4.067285e+04	-1.730942e+01
4.090778e+04	-1.735002e+01
4.114406e+04	-1.738844e+01
4.138171e+04	-1.742726e+01
4.162073e+04	-1.746508e+01
4.186113e+04	-1.750568e+01
4.210291e+04	-1.754317e+01
4.234610e+04	-1.758196e+01
4.259069e+04	-1.761961e+01
4.283669e+04	-1.765954e+01
4.308411e+04	-1.769752e+01
4.333297e+04	-1.773637e+01
4.358325e+04	-1.777387e+01
4.383499e+04	-1.781195e+01
4.408818e+04	-1.784839e+01
4.434283e+04	-1.788718e+01
4.459895e+04	-1.792412e+01
4.485655e+04	-1.796023e+01
4.511564e+04	-1.799751e+01
4.537623e+04	-1.803595e+01
4.563832e+04	-1.807207e+01
4.590193e+04	-1.810896e+01
4.616705e+04	-1.814649e+01
4.643371e+04	-1.818098e+01
4.670191e+04	-1.821886e+01
4.697166e+04	-1.825355e+01
4.724297e+04	-1.829099e+01
4.751584e+04	-1.832552e+01
4.779029e+04	-1.836129e+01
4.806633e+04	-1.839678e+01
4.834395e+04	-1.843244e+01
4.862319e+04	-1.846821e+01
4.890403e+04	-1.850239e+01
4.918650e+04	-1.853781e+01
4.947060e+04	-1.857142e+01
4.975634e+04	-1.860585e+01
5.004373e+04	-1.864018e+01
5.033278e+04	-1.867434e+01
5.062350e+04	-1.870851e+01
5.091590e+04	-1.874265e+01
5.120999e+04	-1.877640e+01
5.150578e+04	-1.880981e+01
5.180327e+04	-1.884241e+01
5.210248e+04	-1.887534e+01
5.240343e+04	-1.890769e+01
5.270611e+04	-1.893973e+01
5.301053e+04	-1.897363e+01
5.331672e+04	-1.900663e+01
5.362468e+04	-1.903712e+01
5.393441e+04	-1.906875e+01
5.424593e+04	-1.909951e+01
5.455926e+04	-1.913124e+01
5.487439e+04	-1.916236e+01
5.519134e+04	-1.919291e+01
5.551012e+04	-1.922378e+01
5.583075e+04	-1.925325e+01
5.615322e+04	-1.928363e+01
5.647756e+04	-1.931295e+01
5.680377e+04	-1.934228e+01
5.713187e+04	-1.937202e+01
5.746186e+04	-1.940129e+01
5.779376e+04	-1.943062e+01
5.812757e+04	-1.945875e+01
5.846332e+04	-1.948647e+01
5.880100e+04	-1.951578e+01
5.914063e+04	-1.954193e+01
5.948222e+04	-1.957056e+01
5.982579e+04	-1.959823e+01
6.017134e+04	-1.962451e+01
6.051889e+04	-1.965068e+01
6.086844e+04	-1.967709e+01
6.122002e+04	-1.970416e+01
6.157362e+04	-1.973061e+01
6.192927e+04	-1.975480e+01
6.228697e+04	-1.977990e+01
6.264674e+04	-1.980437e+01
6.300858e+04	-1.982887e+01
6.337252e+04	-1.985587e+01
6.373855e+04	-1.987766e+01
6.410670e+04	-1.990068e+01
6.447698e+04	-1.992240e+01
6.484940e+04	-1.994631e+01
6.522397e+04	-1.996846e+01
6.560070e+04	-1.999144e+01
6.597960e+04	-2.001451e+01
6.636070e+04	-2.003385e+01
6.674400e+04	-2.005610e+01
6.712951e+04	-2.007628e+01
6.751724e+04	-2.009612e+01
6.790722e+04	-2.011522e+01
6.829945e+04	-2.013764e+01
6.869395e+04	-2.015609e+01
6.909072e+04	-2.017399e+01
6.948978e+04	-2.019190e+01
6.989115e+04	-2.020973e+01
7.029484e+04	-2.022888e+01
7.070086e+04	-2.024513e+01
7.110923e+04	-2.026122e+01
7.151995e+04	-2.027673e+01
7.193305e+04	-2.029391e+01
7.234853e+04	-2.030914e+01
7.276641e+04	-2.032276e+01
7.318671e+04	-2.033659e+01
7.360943e+04	-2.035167e+01
7.403460e+04	-2.036402e+01
7.446222e+04	-2.037723e+01
7.489231e+04	-2.039075e+01
7.532488e+04	-2.040233e+01
7.575996e+04	-2.041395e+01
7.619754e+04	-2.042431e+01
7.663766e+04	-2.043311e+01
7.708031e+04	-2.044408e+01
7.752553e+04	-2.045427e+01
7.797331e+04	-2.046191e+01
7.842368e+04	-2.046975e+01
7.887665e+04	-2.047989e+01
7.933224e+04	-2.048551e+01
7.979046e+04	-2.049098e+01
8.025133e+04	-2.049691e+01
8.071486e+04	-2.050253e+01
8.118106e+04	-2.050766e+01
8.164996e+04	-2.050840e+01
8.212157e+04	-2.051246e+01
8.259590e+04	-2.051481e+01
8.307297e+04	-2.051835e+01
8.355279e+04	-2.051768e+01
8.403539e+04	-2.051952e+01
8.452078e+04	-2.051970e+01
8.500897e+04	-2.051886e+01
8.549997e+04	-2.051510e+01
8.599382e+04	-2.051413e+01
8.649052e+04	-2.051096e+01
8.699008e+04	-2.050761e+01
8.749253e+04	-2.050246e+01
8.799789e+04	-2.049513e+01
8.850616e+04	-2.049118e+01
8.901737e+04	-2.048397e+01
8.953153e+04	-2.047591e+01
9.004866e+04	-2.046733e+01
9.056877e+04	-2.045599e+01
9.109190e+04	-2.044730e+01
9.161804e+04	-2.043371e+01
9.214722e+04	-2.042150e+01
9.267946e+04	-2.040861e+01
9.321477e+04	-2.039308e+01
9.375318e+04	-2.038013e+01
9.429469e+04	-2.036260e+01
9.483933e+04	-2.034409e+01
9.538712e+04	-2.032581e+01
9.593807e+04	-2.030637e+01
9.649221e+04	-2.028567e+01
9.704954e+04	-2.026667e+01
9.761010e+04	-2.024214e+01
9.817389e+04	-2.021697e+01
9.874094e+04	-2.019136e+01
9.931126e+04	-2.016479e+01
9.988488e+04	-2.013738e+01
1.004618e+05	-2.010843e+01
1.010421e+05	-2.007851e+01
1.016257e+05	-2.004578e+01
1.022127e+05	-2.001392e+01
1.028031e+05	-1.997995e+01
1.033968e+05	-1.994427e+01
1.039941e+05	-1.990809e+01
1.045947e+05	-1.986771e+01
1.051989e+05	-1.982857e+01
1.058065e+05	-1.978818e+01
1.064176e+05	-1.974186e+01
1.070323e+05	-1.969930e+01
1.076505e+05	-1.965301e+01
1.082723e+05	-1.960342e+01
1.088977e+05	-1.955525e+01
1.095266e+05	-1.950347e+01
1.101593e+05	-1.945065e+01
1.107955e+05	-1.939397e+01
1.114355e+05	-1.933796e+01
1.120791e+05	-1.927839e+01
1.127265e+05	-1.921568e+01
1.133776e+05	-1.915383e+01
1.140325e+05	-1.908855e+01
1.146911e+05	-1.902071e+01
1.153536e+05	-1.895154e+01
1.160198e+05	-1.887697e+01
1.166900e+05	-1.880287e+01
1.173640e+05	-1.872638e+01
1.180419e+05	-1.864695e+01
1.187237e+05	-1.856387e+01
1.194094e+05	-1.847971e+01
1.200991e+05	-1.839207e+01
1.207928e+05	-1.830283e+01
1.214905e+05	-1.820836e+01
1.221922e+05	-1.811149e+01
1.228980e+05	-1.801350e+01
1.236078e+05	-1.790891e+01
1.243218e+05	-1.780347e+01
1.250399e+05	-1.769470e+01
1.257621e+05	-1.758097e+01
1.264885e+05	-1.746383e+01
1.272191e+05	-1.734146e+01
1.279539e+05	-1.721877e+01
1.286930e+05	-1.708866e+01
1.294363e+05	-1.695562e+01
1.301839e+05	-1.681764e+01
1.309358e+05	-1.667537e+01
1.316921e+05	-1.652820e+01
1.324528e+05	-1.637584e+01
1.332178e+05	-1.622002e+01
1.339873e+05	-1.605525e+01
1.347612e+05	-1.588885e+01
1.355395e+05	-1.571323e+01
1.363224e+05	-1.553308e+01
1.371098e+05	-1.534507e+01
1.379018e+05	-1.515107e+01
1.386983e+05	-1.494936e+01
1.394994e+05	-1.474130e+01
1.403051e+05	-1.452470e+01
1.411155e+05	-1.430000e+01
1.419306e+05	-1.406556e+01
1.427504e+05	-1.382308e+01
1.435749e+05	-1.357128e+01
1.444042e+05	-1.330773e+01
1.452383e+05	-1.303492e+01
1.460772e+05	-1.274996e+01
1.469209e+05	-1.245366e+01
1.477695e+05	-1.214588e+01
1.486230e+05	-1.182296e+01
1.494814e+05	-1.148649e+01
1.503448e+05	-1.113605e+01
1.512132e+05	-1.076973e+01
1.520866e+05	-1.038729e+01
1.529651e+05	-9.989752e+00
1.538486e+05	-9.574139e+00
1.547372e+05	-9.142121e+00
1.556310e+05	-8.692944e+00
1.565299e+05	-8.228406e+00
1.574340e+05	-7.748787e+00
1.583433e+05	-7.258642e+00
1.592579e+05	-6.761422e+00
1.601778e+05	-6.265243e+00
1.611030e+05	-5.779608e+00
1.620335e+05	-5.317764e+00
1.629694e+05	-4.897335e+00
1.639107e+05	-4.539756e+00
1.648574e+05	-4.268125e+00
1.658097e+05	-4.102769e+00
1.667674e+05	-4.059794e+00
1.677306e+05	-4.145576e+00
1.686994e+05	-4.354541e+00
1.696738e+05	-4.672032e+00
1.706538e+05	-5.076966e+00
1.716395e+05	-5.546919e+00
1.726309e+05	-6.059510e+00
1.736280e+05	-6.597042e+00
1.746309e+05	-7.146419e+00
1.756395e+05	-7.695943e+00
1.766540e+05	-8.239758e+00
1.776744e+05	-8.772511e+00
1.787006e+05	-9.290607e+00
1.797328e+05	-9.792621e+00
1.807709e+05	-1.027781e+01
1.818150e+05	-1.074500e+01
1.828652e+05	-1.119458e+01
1.839214e+05	-1.162751e+01
1.849837e+05	-1.204482e+01
1.860522e+05	-1.244459e+01
1.871268e+05	-1.282891e+01
1.882077e+05	-1.320005e+01
1.892948e+05	-1.355610e+01
1.903881e+05	-1.389846e+01
1.914878e+05	-1.422938e+01
1.925938e+05	-1.454708e+01
1.937062e+05	-1.485312e+01
1.948251e+05	-1.514905e+01
1.959504e+05	-1.543276e+01
1.970822e+05	-1.570632e+01
1.982205e+05	-1.596992e+01
1.993654e+05	-1.622431e+01
2.005169e+05	-1.647096e+01
2.016751e+05	-1.670774e+01
2.028400e+05	-1.693802e+01
2.040116e+05	-1.715662e+01
2.051899e+05	-1.736845e+01
2.063751e+05	-1.757296e+01
2.075671e+05	-1.777161e+01
2.087660e+05	-1.796059e+01
2.099719e+05	-1.814544e+01
2.111846e+05	-1.832069e+01
2.124044e+05	-1.849004e+01
2.136313e+05	-1.865311e+01
2.148652e+05	-1.880885e+01
2.161063e+05	-1.895661e+01
2.173545e+05	-1.910121e+01
2.186099e+05	-1.923874e+01
2.198726e+05	-1.937074e+01
2.211426e+05	-1.949500e+01
2.224199e+05	-1.961394e+01
2.237046e+05	-1.972900e+01
2.249967e+05	-1.983351e+01
2.262962e+05	-1.993502e+01
2.276033e+05	-2.003303e+01
2.289179e+05	-2.012420e+01
2.302402e+05	-2.020650e+01
2.315700e+05	-2.028471e+01
2.329076e+05	-2.035812e+01
2.342528e+05	-2.042446e+01
2.356059e+05	-2.048621e+01
2.369667e+05	-2.054125e+01
2.383354e+05	-2.059187e+01
2.397120e+05	-2.063453e+01
2.410966e+05	-2.067182e+01
2.424892e+05	-2.070194e+01
2.438898e+05	-2.072828e+01
2.452985e+05	-2.074507e+01
2.467153e+05	-2.075853e+01
2.481403e+05	-2.076559e+01
2.495736e+05	-2.076485e+01
2.510151e+05	-2.075936e+01
2.524650e+05	-2.074429e+01
2.539232e+05	-2.072321e+01
2.553898e+05	-2.069441e+01
2.568650e+05	-2.065740e+01
2.583486e+05	-2.061785e+01
2.598408e+05	-2.056519e+01
2.613416e+05	-2.050614e+01
2.628511e+05	-2.043977e+01
2.643694e+05	-2.036516e+01
2.658963e+05	-2.028239e+01
2.674321e+05	-2.018825e+01
2.689768e+05	-2.008481e+01
2.705304e+05	-1.997334e+01
2.720930e+05	-1.985154e+01
2.736646e+05	-1.971743e+01
2.752453e+05	-1.957624e+01
2.768351e+05	-1.941838e+01
2.784341e+05	-1.925107e+01
2.800423e+05	-1.907274e+01
2.816598e+05	-1.887844e+01
2.832867e+05	-1.866978e+01
2.849229e+05	-1.844713e+01
2.865686e+05	-1.820852e+01
2.882238e+05	-1.795252e+01
2.898886e+05	-1.767804e+01
2.915630e+05	-1.738532e+01
2.932470e+05	-1.707201e+01
2.949408e+05	-1.673755e+01
2.966444e+05	-1.637754e+01
2.983578e+05	-1.599366e+01
3.000811e+05	-1.558254e+01
3.018143e+05	-1.514128e+01
3.035576e+05	-1.466822e+01
3.053109e+05	-1.416140e+01
3.070744e+05	-1.361709e+01
3.088481e+05	-1.303623e+01
3.106320e+05	-1.241344e+01
3.124261e+05	-1.175281e+01
3.142307e+05	-1.105454e+01
3.160457e+05	-1.032561e+01
3.178712e+05	-9.581521e+00
3.197072e+05	-8.849634e+00
3.215538e+05	-8.175201e+00
3.234111e+05	-7.620620e+00
3.252791e+05	-7.260841e+00
3.271579e+05	-7.161888e+00
3.290475e+05	-7.348078e+00
3.309481e+05	-7.790887e+00
3.328596e+05	-8.423429e+00
3.347822e+05	-9.171032e+00
3.367159e+05	-9.969848e+00
3.386608e+05	-1.077751e+01
3.406169e+05	-1.156830e+01
3.425842e+05	-1.232715e+01
3.445630e+05	-1.304737e+01
3.465532e+05	-1.372493e+01
3.485549e+05	-1.436226e+01
3.505681e+05	-1.495903e+01
3.525930e+05	-1.551601e+01
3.546295e+05	-1.603935e+01
3.566778e+05	-1.652645e+01
3.587380e+05	-1.698309e+01
3.608101e+05	-1.740803e+01
3.628941e+05	-1.780715e+01
3.649901e+05	-1.817754e+01
3.670983e+05	-1.852363e+01
3.692187e+05	-1.884470e+01
3.713513e+05	-1.914232e+01
3.734962e+05	-1.942014e+01
3.756535e+05	-1.967330e+01
3.778232e+05	-1.990621e+01
3.800055e+05	-2.012014e+01
3.822004e+05	-2.031306e+01
3.844080e+05	-2.048820e+01
3.866283e+05	-2.064208e+01
3.888615e+05	-2.078099e+01
3.911075e+05	-2.089944e+01
3.933665e+05	-2.099672e+01
3.956386e+05	-2.107772e+01
3.979238e+05	-2.114140e+01
4.002222e+05	-2.118287e+01
4.025338e+05	-2.120724e+01
4.048589e+05	-2.121069e+01
4.071973e+05	-2.119543e+01
4.095493e+05	-2.115976e+01
4.119148e+05	-2.110389e+01
4.142940e+05	-2.102429e+01
4.166870e+05	-2.092258e+01
4.190937e+05	-2.079644e+01
4.215144e+05	-2.064872e+01
4.239490e+05	-2.047309e+01
4.263978e+05	-2.027077e+01
4.288606e+05	-2.003981e+01
4.313377e+05	-1.977788e+01
4.338291e+05	-1.948270e+01
4.363349e+05	-1.915153e+01
4.388551e+05	-1.878393e+01
4.413899e+05	-1.837363e+01
4.439394e+05	-1.792052e+01
4.465035e+05	-1.741619e+01
4.490825e+05	-1.686238e+01
4.516764e+05	-1.624959e+01
4.542853e+05	-1.557693e+01
4.569092e+05	-1.484108e+01
4.595483e+05	-1.404442e+01
4.622026e+05	-1.319489e+01
4.648723e+05	-1.231424e+01
4.675574e+05	-1.145143e+01
4.702580e+05	-1.069077e+01
4.729742e+05	-1.015667e+01
4.757060e+05	-9.976218e+00
4.784537e+05	-1.021003e+01
4.812172e+05	-1.080593e+01
4.839967e+05	-1.163972e+01
4.867923e+05	-1.258448e+01
4.896040e+05	-1.354996e+01
4.924319e+05	-1.448668e+01
4.952762e+05	-1.536824e+01
4.981369e+05	-1.618616e+01
5.010141e+05	-1.693546e+01
5.039079e+05	-1.762085e+01
5.068185e+05	-1.824317e+01
5.097458e+05	-1.880677e+01
5.126901e+05	-1.931623e+01
5.156514e+05	-1.977058e+01
5.186298e+05	-2.017838e+01
5.216253e+05	-2.054039e+01
5.246382e+05	-2.085189e+01
5.276685e+05	-2.112113e+01
5.307163e+05	-2.135165e+01
5.337817e+05	-2.153619e+01
5.368648e+05	-2.168379e+01
5.399657e+05	-2.178648e+01
5.430845e+05	-2.184667e+01
5.462214e+05	-2.186646e+01
5.493763e+05	-2.184246e+01
5.525495e+05	-2.177433e+01
5.557410e+05	-2.165981e+01
5.589509e+05	-2.149797e+01
5.621794e+05	-2.128318e+01
5.654265e+05	-2.101701e+01
5.686924e+05	-2.069130e+01
5.719772e+05	-2.030143e+01
5.752809e+05	-1.984627e+01
5.786037e+05	-1.931767e+01
5.819457e+05	-1.870993e+01
5.853070e+05	-1.801835e+01
5.886877e+05	-1.723831e+01
5.920879e+05	-1.637436e+01
5.955078e+05	-1.544530e+01
5.989474e+05	-1.449369e+01
6.024069e+05	-1.362081e+01
6.058864e+05	-1.298487e+01
6.093860e+05	-1.277032e+01
6.129058e+05	-1.306949e+01
6.164459e+05	-1.380294e+01
6.200064e+05	-1.478427e+01
6.235876e+05	-1.584905e+01
6.271894e+05	-1.689554e+01
6.308120e+05	-1.786997e+01
6.344555e+05	-1.875582e+01
6.381201e+05	-1.954523e+01
6.418059e+05	-2.023732e+01
6.455129e+05	-2.084036e+01
6.492414e+05	-2.135331e+01
6.529914e+05	-2.178341e+01
6.567630e+05	-2.213224e+01
6.605565e+05	-2.240382e+01
6.643718e+05	-2.259867e+01
6.682092e+05	-2.271086e+01
6.720688e+05	-2.274981e+01
6.759506e+05	-2.270435e+01
6.798549e+05	-2.257630e+01
6.837817e+05	-2.235868e+01
6.877312e+05	-2.205344e+01
6.917035e+05	-2.164648e+01
6.956987e+05	-2.113050e+01
6.997171e+05	-2.050578e+01
7.037586e+05	-1.976504e+01
7.078235e+05	-1.891278e+01
7.119118e+05	-1.797168e+01
7.160238e+05	-1.701465e+01
7.201595e+05	-1.618201e+01
7.243191e+05	-1.569972e+01
7.285028e+05	-1.576679e+01
7.327106e+05	-1.639332e+01
7.369427e+05	-1.737937e+01
7.411992e+05	-1.849603e+01
7.454804e+05	-1.959355e+01
7.497862e+05	-2.059477e+01
7.541170e+05	-2.146937e+01
7.584727e+05	-2.220751e+01
7.628536e+05	-2.280977e+01
7.672598e+05	-2.327856e+01
7.716915e+05	-2.361669e+01
7.761488e+05	-2.382647e+01
7.806318e+05	-2.389744e+01
7.851407e+05	-2.383895e+01
7.896756e+05	-2.363500e+01
7.942367e+05	-2.329200e+01
7.988242e+05	-2.279487e+01
8.034382e+05	-2.214260e+01
8.080788e+05	-2.134596e+01
8.127463e+05	-2.044919e+01
8.174406e+05	-1.955823e+01
8.221621e+05	-1.888727e+01
8.269109e+05	-1.871003e+01
8.316871e+05	-1.916134e+01
8.364909e+05	-2.008753e+01
8.413225e+05	-2.121411e+01
8.461819e+05	-2.232268e+01
8.510694e+05	-2.330236e+01
8.559852e+05	-2.410943e+01
8.609293e+05	-2.472446e+01
8.659020e+05	-2.514122e+01
8.709034e+05	-2.535575e+01
8.759337e+05	-2.536690e+01
8.809931e+05	-2.517066e+01
8.860816e+05	-2.476612e+01
8.911996e+05	-2.416071e+01
8.963471e+05	-2.340951e+01
9.015244e+05	-2.262863e+01
9.067316e+05	-2.205760e+01
9.119688e+05	-2.200003e+01
9.172363e+05	-2.257748e+01
9.225342e+05	-2.358146e+01
9.278628e+05	-2.469862e+01
9.332221e+05	-2.570593e+01
9.386123e+05	-2.650306e+01
9.440337e+05	-2.703928e+01
9.494864e+05	-2.730020e+01
9.549706e+05	-2.727658e+01
9.604865e+05	-2.699188e+01
9.660342e+05	-2.648832e+01
9.716140e+05	-2.589835e+01
9.772260e+05	-2.550205e+01
9.828704e+05	-2.561966e+01
9.885474e+05	-2.632914e+01
9.942572e+05	-2.737392e+01
1.000000e+06	-2.841406e+01
