Frequency(Hz)	Magnitude(dB)
1.000000e+01	-1.914464e-02
1.005776e+01	7.201937e-03
1.011585e+01	-3.822551e-03
1.017428e+01	-6.637949e-03
1.023305e+01	-3.426281e-02
1.029215e+01	1.885983e-03
1.035160e+01	5.089724e-03
1.041139e+01	8.152192e-04
1.047153e+01	-2.336884e-04
1.053201e+01	1.652345e-03
1.059284e+01	4.729288e-03
1.065403e+01	-6.234484e-03
1.071556e+01	-3.904541e-03
1.077746e+01	-3.868569e-03
1.083971e+01	6.316926e-03
1.090232e+01	1.550968e-03
1.096529e+01	-3.128992e-03
1.102862e+01	1.593512e-04
1.109232e+01	-5.525584e-03
1.115639e+01	-1.291545e-02
1.122083e+01	-4.297826e-03
1.128564e+01	-2.695458e-03
1.135083e+01	5.114358e-03
1.141639e+01	9.525116e-03
1.148233e+01	4.711879e-03
1.154865e+01	5.144971e-03
1.161536e+01	9.475347e-05
1.168245e+01	1.616701e-02
1.174992e+01	-9.485641e-03
1.181779e+01	7.525098e-03
1.188605e+01	-1.411181e-02
1.195470e+01	1.540074e-02
1.202375e+01	-1.803501e-02
1.209320e+01	-4.276601e-03
1.216305e+01	1.172630e-02
1.223330e+01	1.029543e-03
1.230396e+01	1.664678e-02
1.237503e+01	-1.262444e-02
1.244651e+01	1.510636e-03
1.251840e+01	5.103798e-03
1.259070e+01	1.505726e-02
1.266343e+01	1.004538e-02
1.273657e+01	-6.944787e-03
1.281014e+01	1.273971e-02
1.288413e+01	2.995099e-03
1.295855e+01	4.119541e-03
1.303339e+01	-8.789267e-04
1.310867e+01	-1.208954e-02
1.318439e+01	6.910542e-03
1.326054e+01	-2.049198e-03
1.333713e+01	8.096703e-03
1.341417e+01	-8.411230e-04
1.349165e+01	-5.772025e-04
1.356958e+01	1.683190e-02
1.364795e+01	-1.189253e-03
1.372678e+01	1.359586e-02
1.380607e+01	7.365839e-03
1.388581e+01	-1.961639e-02
1.396602e+01	-1.322011e-03
1.404668e+01	3.112220e-02
1.412782e+01	3.344915e-03
1.420942e+01	-2.409746e-03
1.429149e+01	-4.377243e-03
1.437404e+01	9.825356e-03
1.445706e+01	-4.434356e-03
1.454057e+01	7.222659e-03
1.462455e+01	4.078738e-03
1.470902e+01	6.287635e-04
1.479398e+01	-2.166818e-04
1.487943e+01	1.455506e-02
1.496537e+01	-1.004878e-02
1.505181e+01	1.248562e-02
1.513875e+01	7.188987e-04
1.522619e+01	4.219549e-03
1.531414e+01	1.238909e-02
1.540259e+01	-4.361012e-03
1.549156e+01	-5.577560e-04
1.558103e+01	-4.988736e-03
1.567103e+01	-9.104713e-03
1.576155e+01	-2.696286e-02
1.585258e+01	-4.478002e-04
1.594415e+01	-5.443625e-03
1.603624e+01	-4.939339e-03
1.612886e+01	-5.761640e-04
1.622202e+01	3.195507e-03
1.631572e+01	3.003756e-02
1.640996e+01	-3.522491e-03
1.650474e+01	-9.824405e-03
1.660008e+01	-8.925413e-03
1.669596e+01	-5.574300e-03
1.679239e+01	-1.205401e-02
1.688938e+01	-4.270472e-03
1.698694e+01	4.843493e-03
1.708505e+01	-7.304233e-03
1.718373e+01	1.272546e-02
1.728299e+01	-1.031094e-02
1.738281e+01	1.433427e-02
1.748322e+01	9.651441e-03
1.758420e+01	-5.480823e-03
1.768576e+01	-1.939990e-02
1.778792e+01	1.917523e-02
1.789066e+01	3.853577e-03
1.799399e+01	-1.681162e-02
1.809793e+01	-1.348467e-02
1.820246e+01	-8.226999e-03
1.830760e+01	1.932775e-03
1.841334e+01	1.194833e-02
1.851969e+01	-1.007718e-03
1.862666e+01	-5.756575e-03
1.873425e+01	-2.616553e-03
1.884246e+01	-5.493067e-03
1.895129e+01	1.538532e-03
1.906075e+01	9.129929e-03
1.917085e+01	-1.932748e-02
1.928158e+01	1.031374e-02
1.939295e+01	-2.672898e-02
1.950496e+01	-5.006275e-03
1.961762e+01	-7.176473e-03
1.973093e+01	-1.827740e-03
1.984490e+01	-2.531929e-02
1.995952e+01	8.507990e-03
2.007480e+01	1.183301e-02
2.019076e+01	-9.043214e-03
2.030738e+01	2.321095e-02
2.042467e+01	8.994714e-03
2.054264e+01	1.382424e-02
2.066130e+01	-1.125609e-02
2.078064e+01	8.224918e-03
2.090066e+01	1.124551e-02
2.102139e+01	1.857677e-04
2.114280e+01	5.987936e-03
2.126492e+01	-1.126757e-02
2.138775e+01	-3.751112e-04
2.151128e+01	1.896403e-02
2.163553e+01	8.242814e-03
2.176050e+01	-3.348028e-03
2.188619e+01	-3.861520e-03
2.201260e+01	-1.232878e-02
2.213974e+01	-8.259983e-03
2.226762e+01	1.541306e-02
2.239624e+01	6.826368e-03
2.252560e+01	-2.411124e-03
2.265571e+01	2.513805e-02
2.278656e+01	2.069460e-03
2.291818e+01	-3.204951e-03
2.305055e+01	-9.465787e-03
2.318369e+01	1.066490e-03
2.331760e+01	5.355843e-03
2.345228e+01	6.376762e-03
2.358774e+01	-1.733546e-04
2.372398e+01	1.544913e-02
2.386101e+01	-3.619910e-03
2.399883e+01	-1.496599e-02
2.413745e+01	-1.781354e-02
2.427686e+01	-1.470526e-02
2.441709e+01	1.907016e-02
2.455812e+01	-3.299031e-03
2.469997e+01	3.214889e-03
2.484263e+01	-5.873649e-03
2.498612e+01	1.825829e-02
2.513044e+01	7.339349e-03
2.527559e+01	3.150183e-03
2.542158e+01	1.047362e-03
2.556842e+01	4.637798e-03
2.571610e+01	-1.536698e-02
2.586463e+01	-1.731841e-03
2.601403e+01	-1.763451e-03
2.616428e+01	-8.210013e-03
2.631541e+01	8.751036e-03
2.646740e+01	2.249926e-03
2.662028e+01	9.587204e-03
2.677404e+01	2.162247e-02
2.692868e+01	8.813423e-03
2.708422e+01	-9.985120e-03
2.724066e+01	-3.814897e-03
2.739800e+01	-1.312138e-02
2.755625e+01	3.929906e-03
2.771541e+01	-2.089037e-02
2.787550e+01	-1.071085e-02
2.803650e+01	-7.793470e-04
2.819844e+01	1.413646e-02
2.836131e+01	2.110154e-04
2.852513e+01	1.024613e-02
2.868989e+01	5.750328e-03
2.885560e+01	4.017287e-03
2.902227e+01	5.500383e-03
2.918990e+01	6.393556e-03
2.935850e+01	-1.129459e-02
2.952807e+01	2.359342e-02
2.969863e+01	1.517427e-02
2.987016e+01	-2.407769e-03
3.004269e+01	6.522042e-03
3.021622e+01	2.035632e-03
3.039075e+01	-6.476100e-03
3.056628e+01	1.039990e-03
3.074283e+01	3.035579e-03
3.092040e+01	-9.495757e-03
3.109900e+01	-1.826858e-02
3.127862e+01	5.847552e-04
3.145929e+01	-1.999632e-04
3.164099e+01	-2.939097e-03
3.182375e+01	1.083121e-02
3.200756e+01	-1.380527e-03
3.219244e+01	-8.038949e-03
3.237838e+01	-1.002771e-02
3.256540e+01	3.977730e-03
3.275349e+01	9.935272e-03
3.294268e+01	9.638522e-03
3.313295e+01	6.048890e-03
3.332433e+01	-7.148663e-03
3.351681e+01	1.305114e-03
3.371040e+01	-5.735456e-03
3.390511e+01	-3.432613e-03
3.410094e+01	-4.777413e-03
3.429791e+01	-1.229180e-02
3.449601e+01	-1.383847e-03
3.469526e+01	1.002266e-02
3.489566e+01	-6.871517e-03
3.509721e+01	4.160477e-03
3.529993e+01	-1.689382e-03
3.550382e+01	2.104577e-02
3.570889e+01	1.241027e-02
3.591515e+01	-1.671609e-03
3.612259e+01	2.144254e-02
3.633123e+01	2.252546e-03
3.654108e+01	-6.505528e-03
3.675214e+01	-4.000065e-03
3.696442e+01	8.550542e-04
3.717792e+01	1.039954e-02
3.739266e+01	2.710264e-03
3.760864e+01	6.882046e-03
3.782587e+01	5.970626e-03
3.804435e+01	-1.626122e-03
3.826409e+01	1.033410e-02
3.848510e+01	-4.613213e-03
3.870739e+01	-5.578637e-04
3.893096e+01	4.146321e-03
3.915583e+01	7.231846e-03
3.938199e+01	8.206381e-03
3.960946e+01	-8.502762e-03
3.983824e+01	-1.195688e-02
4.006834e+01	1.069467e-02
4.029978e+01	4.083905e-03
4.053255e+01	-7.121723e-03
4.076666e+01	-3.191231e-03
4.100213e+01	5.255224e-03
4.123896e+01	-1.256794e-03
4.147715e+01	1.061266e-02
4.171672e+01	-1.296631e-02
4.195767e+01	7.535658e-03
4.220002e+01	9.231007e-03
4.244377e+01	-8.491441e-03
4.268892e+01	-1.071100e-03
4.293549e+01	7.257215e-03
4.318348e+01	9.175326e-03
4.343291e+01	9.191154e-03
4.368377e+01	6.829448e-04
4.393609e+01	-1.527081e-02
4.418986e+01	-7.110768e-04
4.444510e+01	2.339825e-02
4.470182e+01	7.006598e-03
4.496001e+01	-6.609768e-03
4.521970e+01	-4.902236e-03
4.548089e+01	-1.390043e-03
4.574358e+01	-1.381690e-02
4.600779e+01	-5.437935e-03
4.627353e+01	-2.049104e-02
4.654081e+01	1.931694e-02
4.680963e+01	4.701143e-03
4.708000e+01	-2.695345e-03
4.735193e+01	-6.680703e-03
4.762543e+01	1.386800e-02
4.790051e+01	2.793077e-03
4.817719e+01	7.943033e-03
4.845545e+01	-3.566208e-03
4.873533e+01	1.016219e-02
4.901682e+01	5.532337e-03
4.929994e+01	-3.208964e-03
4.958470e+01	8.609159e-03
4.987110e+01	5.753294e-03
5.015915e+01	1.537830e-02
5.044887e+01	4.041899e-03
5.074026e+01	3.136093e-04
5.103333e+01	-5.276270e-03
5.132810e+01	-3.710802e-03
5.162457e+01	1.064669e-02
5.192275e+01	-1.090237e-02
5.222265e+01	-7.564713e-04
5.252429e+01	-1.258166e-02
5.282767e+01	1.183317e-02
5.313280e+01	1.873435e-03
5.343969e+01	-9.840207e-03
5.374836e+01	-1.004957e-02
5.405880e+01	-1.914079e-02
5.437105e+01	-2.183962e-03
5.468509e+01	5.841350e-03
5.500095e+01	-3.671019e-03
5.531863e+01	-1.134633e-02
5.563815e+01	-1.282758e-03
5.595951e+01	-2.568977e-02
5.628273e+01	-5.804859e-03
5.660782e+01	5.192802e-03
5.693479e+01	5.552493e-03
5.726364e+01	1.007751e-02
5.759439e+01	1.901824e-02
5.792705e+01	4.340330e-03
5.826164e+01	-9.933828e-03
5.859815e+01	7.133606e-03
5.893662e+01	-2.149681e-02
5.927703e+01	3.692566e-03
5.961941e+01	8.435979e-03
5.996377e+01	-3.725177e-04
6.031012e+01	-7.795267e-03
6.065847e+01	5.070593e-06
6.100883e+01	4.774092e-03
6.136121e+01	-1.117039e-03
6.171563e+01	-6.101325e-03
6.207210e+01	2.489070e-02
6.243063e+01	-4.005226e-03
6.279122e+01	-7.153958e-03
6.315390e+01	-2.467419e-03
6.351868e+01	-6.715775e-03
6.388556e+01	-1.218808e-02
6.425456e+01	-6.726154e-03
6.462569e+01	-9.993917e-04
6.499897e+01	2.956453e-03
6.537440e+01	-5.067145e-03
6.575200e+01	9.027308e-03
6.613178e+01	-3.487528e-03
6.651375e+01	1.792361e-02
6.689793e+01	-4.841867e-03
6.728433e+01	7.477319e-05
6.767297e+01	7.783441e-03
6.806384e+01	-6.532610e-03
6.845698e+01	-1.018434e-02
6.885238e+01	-7.044023e-03
6.925007e+01	7.639679e-04
6.965005e+01	-2.355180e-02
7.005235e+01	-6.535925e-03
7.045697e+01	-1.530554e-02
7.086393e+01	-1.010623e-02
7.127323e+01	-3.363604e-03
7.168490e+01	-2.023648e-02
7.209895e+01	-1.448469e-02
7.251539e+01	5.621486e-03
7.293424e+01	2.073136e-02
7.335551e+01	1.604055e-03
7.377920e+01	-1.319916e-02
7.420535e+01	8.018369e-03
7.463396e+01	6.003545e-03
7.506504e+01	1.116039e-02
7.549861e+01	1.153489e-02
7.593469e+01	1.358845e-02
7.637328e+01	1.081918e-02
7.681441e+01	-5.659113e-03
7.725809e+01	-3.867264e-03
7.770433e+01	-1.700881e-02
7.815315e+01	8.318332e-03
7.860456e+01	-2.631116e-03
7.905857e+01	4.868358e-03
7.951521e+01	1.270402e-02
7.997449e+01	9.397082e-03
8.043642e+01	-1.233137e-02
8.090102e+01	-1.349642e-02
8.136830e+01	4.355600e-03
8.183828e+01	-5.315420e-03
8.231097e+01	6.372069e-03
8.278640e+01	-3.119750e-03
8.326457e+01	7.392265e-03
8.374550e+01	-9.887965e-03
8.422921e+01	2.248153e-02
8.471572e+01	2.268157e-02
8.520503e+01	1.580758e-02
8.569717e+01	1.311866e-02
8.619215e+01	6.510719e-03
8.669000e+01	-7.365942e-04
8.719071e+01	-9.154325e-03
8.769432e+01	-2.160662e-02
8.820084e+01	6.571904e-03
8.871029e+01	-1.061915e-02
8.922267e+01	-7.778659e-03
8.973802e+01	8.167866e-03
9.025634e+01	7.919107e-03
9.077766e+01	-3.203618e-02
9.130199e+01	1.530608e-02
9.182935e+01	-1.370334e-03
9.235975e+01	-4.344884e-03
9.289321e+01	3.763395e-03
9.342976e+01	-9.485436e-04
9.396941e+01	-7.547603e-03
9.451217e+01	2.074442e-03
9.505807e+01	3.473029e-03
9.560712e+01	2.370170e-02
9.615934e+01	-8.754105e-03
9.671476e+01	-5.052392e-03
9.727338e+01	-1.154554e-03
9.783522e+01	-6.169794e-03
9.840032e+01	-9.716323e-03
9.896867e+01	4.179766e-03
9.954031e+01	1.126406e-03
1.001153e+02	-1.095028e-02
1.006935e+02	8.422099e-03
1.012751e+02	-9.514910e-03
1.018601e+02	1.846931e-02
1.024484e+02	4.986856e-03
1.030402e+02	-6.293696e-03
1.036353e+02	-1.331478e-02
1.042339e+02	-7.796572e-03
1.048360e+02	-7.977302e-03
1.054415e+02	8.819232e-03
1.060505e+02	-3.408199e-03
1.066631e+02	-1.239916e-02
1.072791e+02	-8.118453e-03
1.078988e+02	3.331758e-03
1.085220e+02	-4.379137e-03
1.091488e+02	7.073373e-04
1.097793e+02	3.138668e-03
1.104133e+02	-1.832390e-02
1.110511e+02	-1.091306e-02
1.116925e+02	2.848011e-03
1.123376e+02	-1.173512e-05
1.129865e+02	-1.607427e-02
1.136391e+02	-2.940930e-03
1.142955e+02	-9.422007e-03
1.149556e+02	-6.874557e-03
1.156196e+02	-2.993670e-03
1.162874e+02	-7.553816e-03
1.169591e+02	-4.250419e-03
1.176347e+02	-1.119309e-02
1.183141e+02	4.989628e-03
1.189975e+02	1.255745e-02
1.196848e+02	-8.956944e-03
1.203761e+02	-1.634541e-03
1.210714e+02	1.381696e-03
1.217707e+02	7.459566e-03
1.224740e+02	5.102864e-03
1.231814e+02	-1.110980e-02
1.238929e+02	1.849475e-03
1.246085e+02	1.349457e-03
1.253283e+02	-2.166367e-03
1.260522e+02	-8.986714e-03
1.267802e+02	8.701831e-03
1.275125e+02	5.111632e-03
1.282490e+02	-1.677628e-02
1.289898e+02	-3.521913e-03
1.297348e+02	4.063219e-04
1.304842e+02	-6.342595e-03
1.312378e+02	5.971687e-04
1.319959e+02	8.625762e-03
1.327583e+02	-8.392508e-04
1.335251e+02	3.488115e-03
1.342963e+02	6.238779e-03
1.350720e+02	-1.736340e-03
1.358522e+02	8.066107e-03
1.366368e+02	1.503867e-02
1.374260e+02	1.265098e-02
1.382198e+02	-8.983347e-03
1.390182e+02	9.478725e-03
1.398211e+02	-1.853416e-02
1.406287e+02	-9.724487e-03
1.414410e+02	-2.106527e-03
1.422579e+02	-4.383628e-03
1.430796e+02	-1.325874e-02
1.439060e+02	1.805344e-03
1.447372e+02	-1.560323e-02
1.455732e+02	-2.260808e-03
1.464141e+02	5.540572e-03
1.472597e+02	2.626799e-03
1.481103e+02	-1.040682e-02
1.489658e+02	-1.864719e-02
1.498262e+02	1.977198e-03
1.506916e+02	1.101179e-02
1.515620e+02	8.984563e-03
1.524374e+02	-6.570908e-03
1.533179e+02	-1.359280e-02
1.542034e+02	7.266465e-04
1.550941e+02	-1.137696e-02
1.559899e+02	-1.274953e-02
1.568909e+02	-8.642549e-03
1.577971e+02	-8.469602e-03
1.587085e+02	-4.981536e-03
1.596252e+02	-1.987130e-02
1.605472e+02	1.361520e-02
1.614745e+02	-3.219404e-02
1.624072e+02	-6.438794e-03
1.633453e+02	-9.037593e-03
1.642887e+02	-4.281000e-03
1.652377e+02	-1.791715e-02
1.661921e+02	-1.139800e-02
1.671520e+02	-1.387779e-02
1.681175e+02	5.213544e-03
1.690885e+02	-1.321375e-03
1.700651e+02	-2.220683e-03
1.710474e+02	1.911383e-02
1.720354e+02	2.539450e-03
1.730291e+02	-1.266922e-02
1.740285e+02	-4.286521e-03
1.750337e+02	-6.670543e-03
1.760446e+02	2.898202e-02
1.770615e+02	-9.619606e-03
1.780842e+02	2.817346e-03
1.791128e+02	1.081224e-02
1.801473e+02	4.420576e-03
1.811878e+02	-1.922864e-02
1.822344e+02	-2.925616e-02
1.832870e+02	5.175590e-03
1.843456e+02	-8.019041e-03
1.854104e+02	-1.440212e-02
1.864813e+02	-1.287635e-02
1.875584e+02	-6.035411e-03
1.886418e+02	-1.457102e-02
1.897313e+02	4.061827e-03
1.908272e+02	-1.579609e-02
1.919294e+02	3.130816e-03
1.930380e+02	-1.075775e-02
1.941530e+02	-1.531559e-03
1.952744e+02	-4.688400e-03
1.964023e+02	-5.433916e-03
1.975367e+02	2.646718e-03
1.986777e+02	-9.258764e-03
1.998252e+02	-9.977745e-03
2.009794e+02	-1.321377e-02
2.021403e+02	-1.281521e-02
2.033078e+02	-6.315446e-03
2.044821e+02	-3.244966e-03
2.056632e+02	-5.542271e-03
2.068511e+02	-5.898011e-03
2.080459e+02	-1.143013e-02
2.092475e+02	-2.303714e-02
2.104561e+02	-8.583412e-03
2.116717e+02	8.102552e-03
2.128943e+02	-1.314621e-02
2.141240e+02	-6.162831e-03
2.153608e+02	-2.109048e-02
2.166047e+02	-1.318833e-02
2.178558e+02	-1.441813e-02
2.191141e+02	-3.531039e-02
2.203797e+02	-1.416574e-02
2.216526e+02	-4.950382e-03
2.229329e+02	-1.427029e-04
2.242205e+02	-2.815013e-03
2.255156e+02	-1.807341e-02
2.268182e+02	-2.002981e-02
2.281283e+02	-1.545330e-02
2.294459e+02	-1.045027e-02
2.307712e+02	-4.322608e-03
2.321041e+02	-2.814398e-02
2.334447e+02	2.554733e-05
2.347931e+02	-1.854717e-02
2.361493e+02	-1.216174e-02
2.375133e+02	-8.107756e-03
2.388851e+02	-1.149095e-02
2.402649e+02	-1.435331e-02
2.416527e+02	-4.328279e-04
2.430484e+02	-2.182538e-02
2.444523e+02	-8.602242e-03
2.458642e+02	-1.395076e-02
2.472843e+02	-1.470604e-02
2.487126e+02	-1.139422e-02
2.501492e+02	-1.271657e-02
2.515940e+02	-8.687755e-03
2.530472e+02	-4.771983e-03
2.545088e+02	-1.971899e-02
2.559789e+02	-1.475370e-02
2.574574e+02	-1.765255e-02
2.589444e+02	-5.260604e-03
2.604401e+02	-1.630026e-02
2.619444e+02	-4.093547e-04
2.634574e+02	-1.162274e-02
2.649791e+02	-8.316357e-03
2.665096e+02	-4.253831e-03
2.680489e+02	-1.768840e-02
2.695972e+02	-2.509167e-02
2.711544e+02	8.698462e-03
2.727205e+02	-1.101281e-02
2.742958e+02	-1.005514e-02
2.758801e+02	-1.482458e-02
2.774736e+02	6.077358e-04
2.790762e+02	-1.940292e-03
2.806882e+02	-2.187469e-03
2.823094e+02	-1.751740e-02
2.839400e+02	-5.978272e-03
2.855800e+02	3.449368e-04
2.872295e+02	-3.329427e-02
2.888886e+02	-3.262094e-03
2.905572e+02	4.385018e-03
2.922354e+02	1.355030e-03
2.939234e+02	-3.962160e-03
2.956211e+02	-7.512018e-03
2.973286e+02	-1.625434e-02
2.990459e+02	-3.330593e-02
3.007732e+02	-5.875001e-03
3.025104e+02	-1.902493e-02
3.042577e+02	-1.074674e-02
3.060151e+02	-2.385641e-02
3.077826e+02	2.690828e-03
3.095604e+02	-2.116103e-02
3.113484e+02	-2.748276e-02
3.131467e+02	-6.618182e-03
3.149554e+02	-8.198374e-03
3.167746e+02	3.753459e-03
3.186043e+02	-1.870859e-02
3.204445e+02	-3.344589e-02
3.222954e+02	-2.192276e-02
3.241570e+02	-8.985167e-03
3.260293e+02	-1.767484e-02
3.279124e+02	-2.888879e-02
3.298064e+02	-2.854610e-02
3.317114e+02	-1.558477e-02
3.336273e+02	-2.036295e-02
3.355544e+02	-9.565125e-03
3.374925e+02	-1.580050e-02
3.394418e+02	-3.301947e-02
3.414024e+02	-2.814131e-02
3.433744e+02	-3.339828e-02
3.453577e+02	-2.029594e-02
3.473525e+02	-2.495494e-02
3.493588e+02	-2.424142e-02
3.513766e+02	-4.078106e-02
3.534062e+02	-3.605788e-02
3.554474e+02	-1.276030e-02
3.575005e+02	-2.323703e-02
3.595654e+02	-4.640113e-03
3.616422e+02	-2.416695e-02
3.637311e+02	-9.768731e-03
3.658320e+02	-2.742741e-02
3.679450e+02	-3.037131e-02
3.700702e+02	-4.061873e-02
3.722077e+02	-2.888581e-02
3.743576e+02	-1.762221e-02
3.765199e+02	-2.443997e-02
3.786946e+02	-2.814680e-02
3.808820e+02	-1.183239e-02
3.830819e+02	-2.156109e-02
3.852946e+02	-1.839637e-02
3.875200e+02	-1.834268e-02
3.897583e+02	-1.776908e-02
3.920096e+02	-3.138379e-02
3.942738e+02	-2.605911e-02
3.965511e+02	-2.303238e-02
3.988416e+02	-3.998990e-02
4.011452e+02	-2.310284e-02
4.034622e+02	-2.461806e-02
4.057926e+02	-1.870975e-02
4.081365e+02	-2.395131e-02
4.104938e+02	-3.183776e-02
4.128648e+02	-2.902552e-02
4.152495e+02	-1.829632e-02
4.176480e+02	-3.658912e-02
4.200603e+02	-3.530288e-02
4.224866e+02	-4.851538e-02
4.249268e+02	-3.021077e-02
4.273812e+02	-2.135685e-02
4.298497e+02	-4.543852e-02
4.323325e+02	-3.419419e-02
4.348297e+02	-3.560498e-02
4.373412e+02	-3.447851e-02
4.398673e+02	-2.846693e-02
4.424079e+02	-1.977215e-02
4.449633e+02	-3.802038e-02
4.475334e+02	-2.924054e-02
4.501183e+02	-3.268898e-02
4.527182e+02	-2.692283e-02
4.553330e+02	-2.406131e-02
4.579630e+02	-3.374567e-02
4.606082e+02	-2.798099e-02
4.632687e+02	-2.366512e-02
4.659445e+02	-1.670885e-02
4.686358e+02	-2.456017e-02
4.713426e+02	-3.680955e-02
4.740650e+02	-1.934859e-02
4.768032e+02	-4.517854e-02
4.795572e+02	-4.777428e-02
4.823271e+02	-3.123046e-02
4.851130e+02	-3.585892e-02
4.879150e+02	-4.017674e-02
4.907332e+02	-6.545164e-02
4.935676e+02	-4.442882e-02
4.964185e+02	-4.628421e-02
4.992858e+02	-4.194582e-02
5.021696e+02	-3.942494e-02
5.050701e+02	-4.781502e-02
5.079874e+02	-3.453907e-02
5.109215e+02	-4.385875e-02
5.138726e+02	-5.136789e-02
5.168407e+02	-5.149677e-02
5.198259e+02	-3.890690e-02
5.228284e+02	-4.097444e-02
5.258482e+02	-3.607806e-02
5.288855e+02	-5.430954e-02
5.319403e+02	-4.675551e-02
5.350128e+02	-4.536433e-02
5.381030e+02	-5.971256e-02
5.412111e+02	-4.961310e-02
5.443371e+02	-5.807105e-02
5.474812e+02	-4.734363e-02
5.506434e+02	-4.777650e-02
5.538239e+02	-4.845337e-02
5.570228e+02	-5.392039e-02
5.602401e+02	-5.278556e-02
5.634760e+02	-4.373722e-02
5.667306e+02	-4.710535e-02
5.700040e+02	-4.102619e-02
5.732964e+02	-5.211102e-02
5.766077e+02	-5.921730e-02
5.799382e+02	-6.373490e-02
5.832879e+02	-7.278530e-02
5.866569e+02	-5.609370e-02
5.900454e+02	-6.112590e-02
5.934535e+02	-4.125853e-02
5.968813e+02	-7.615430e-02
6.003288e+02	-6.489997e-02
6.037963e+02	-5.590656e-02
6.072838e+02	-6.549168e-02
6.107914e+02	-5.835256e-02
6.143194e+02	-6.828479e-02
6.178676e+02	-4.317330e-02
6.214364e+02	-6.946636e-02
6.250258e+02	-4.285119e-02
6.286359e+02	-7.522008e-02
6.322669e+02	-5.116678e-02
6.359189e+02	-7.319615e-02
6.395919e+02	-8.044462e-02
6.432862e+02	-7.479270e-02
6.470017e+02	-7.320873e-02
6.507388e+02	-7.233538e-02
6.544974e+02	-5.793627e-02
6.582778e+02	-6.464929e-02
6.620800e+02	-6.262753e-02
6.659041e+02	-5.959990e-02
6.697504e+02	-7.665971e-02
6.736188e+02	-9.222715e-02
6.775096e+02	-6.695847e-02
6.814229e+02	-7.988831e-02
6.853587e+02	-8.226199e-02
6.893173e+02	-6.234594e-02
6.932988e+02	-8.839349e-02
6.973033e+02	-7.396755e-02
7.013309e+02	-8.983338e-02
7.053817e+02	-7.695021e-02
7.094560e+02	-8.099009e-02
7.135538e+02	-5.960769e-02
7.176752e+02	-7.633187e-02
7.218205e+02	-9.487826e-02
7.259897e+02	-8.144555e-02
7.301830e+02	-8.384508e-02
7.344005e+02	-8.477777e-02
7.386424e+02	-7.415943e-02
7.429087e+02	-1.051684e-01
7.471998e+02	-8.815441e-02
7.515155e+02	-8.467091e-02
7.558563e+02	-8.172537e-02
7.602221e+02	-9.266758e-02
7.646131e+02	-1.015056e-01
7.690295e+02	-1.067137e-01
7.734713e+02	-1.036163e-01
7.779389e+02	-1.061449e-01
7.824322e+02	-9.263933e-02
7.869515e+02	-9.676511e-02
7.914969e+02	-9.092564e-02
7.960686e+02	-9.564497e-02
8.006666e+02	-1.130377e-01
8.052912e+02	-9.678869e-02
8.099426e+02	-1.161796e-01
8.146208e+02	-1.056462e-01
8.193260e+02	-9.253583e-02
8.240584e+02	-1.155620e-01
8.288181e+02	-1.198976e-01
8.336053e+02	-1.190890e-01
8.384202e+02	-1.142483e-01
8.432629e+02	-1.180920e-01
8.481335e+02	-9.930271e-02
8.530323e+02	-1.150528e-01
8.579594e+02	-1.100191e-01
8.629149e+02	-1.221770e-01
8.678991e+02	-1.306165e-01
8.729120e+02	-1.321784e-01
8.779539e+02	-1.203348e-01
8.830250e+02	-1.068012e-01
8.881253e+02	-1.226596e-01
8.932551e+02	-1.449319e-01
8.984145e+02	-1.392459e-01
9.036037e+02	-1.347371e-01
9.088229e+02	-1.304633e-01
9.140722e+02	-1.237942e-01
9.193518e+02	-1.222007e-01
9.246620e+02	-1.401007e-01
9.300028e+02	-1.225661e-01
9.353744e+02	-1.231774e-01
9.407771e+02	-1.409154e-01
9.462110e+02	-1.319366e-01
9.516763e+02	-1.457574e-01
9.571731e+02	-1.519442e-01
9.627017e+02	-1.693124e-01
9.682622e+02	-1.535914e-01
9.738549e+02	-1.435723e-01
9.794798e+02	-1.673192e-01
9.851373e+02	-1.626164e-01
9.908274e+02	-1.505777e-01
9.965504e+02	-1.426705e-01
1.002306e+03	-1.560937e-01
1.008096e+03	-1.569619e-01
1.013918e+03	-1.536863e-01
1.019775e+03	-1.487497e-01
1.025665e+03	-1.582447e-01
1.031589e+03	-1.662652e-01
1.037548e+03	-1.901495e-01
1.043540e+03	-1.795029e-01
1.049568e+03	-1.707465e-01
1.055630e+03	-1.751141e-01
1.061727e+03	-1.841351e-01
1.067860e+03	-1.895211e-01
1.074028e+03	-1.847062e-01
1.080231e+03	-1.914307e-01
1.086471e+03	-1.826284e-01
1.092746e+03	-1.866507e-01
1.099058e+03	-1.996138e-01
1.105406e+03	-1.946568e-01
1.111791e+03	-2.018923e-01
1.118212e+03	-1.920181e-01
1.124671e+03	-2.037708e-01
1.131167e+03	-2.001224e-01
1.137701e+03	-2.038683e-01
1.144272e+03	-2.100509e-01
1.150881e+03	-2.190082e-01
1.157529e+03	-2.248328e-01
1.164215e+03	-2.165754e-01
1.170939e+03	-1.954245e-01
1.177702e+03	-2.121381e-01
1.184505e+03	-2.219803e-01
1.191346e+03	-2.405719e-01
1.198227e+03	-2.157438e-01
1.205148e+03	-2.462561e-01
1.212109e+03	-2.142628e-01
1.219110e+03	-2.445519e-01
1.226152e+03	-2.237924e-01
1.233234e+03	-2.402128e-01
1.240357e+03	-2.442687e-01
1.247521e+03	-2.373066e-01
1.254727e+03	-2.543214e-01
1.261974e+03	-2.521738e-01
1.269263e+03	-2.474824e-01
1.276595e+03	-2.526772e-01
1.283968e+03	-2.686356e-01
1.291384e+03	-2.763230e-01
1.298843e+03	-2.729164e-01
1.306345e+03	-2.606807e-01
1.313891e+03	-2.829984e-01
1.321480e+03	-2.800289e-01
1.329113e+03	-2.723288e-01
1.336790e+03	-2.654746e-01
1.344511e+03	-2.672549e-01
1.352277e+03	-2.802198e-01
1.360087e+03	-2.926103e-01
1.367943e+03	-2.991003e-01
1.375844e+03	-2.965395e-01
1.383791e+03	-3.001931e-01
1.391784e+03	-2.934491e-01
1.399823e+03	-3.097219e-01
1.407908e+03	-2.986340e-01
1.416040e+03	-3.118926e-01
1.424219e+03	-3.156294e-01
1.432445e+03	-3.160501e-01
1.440719e+03	-3.237345e-01
1.449041e+03	-3.234572e-01
1.457410e+03	-3.281259e-01
1.465828e+03	-3.470097e-01
1.474295e+03	-3.494842e-01
1.482810e+03	-3.303581e-01
1.491375e+03	-3.325207e-01
1.499989e+03	-3.385252e-01
1.508653e+03	-3.665654e-01
1.517367e+03	-3.440818e-01
1.526131e+03	-3.571612e-01
1.534946e+03	-3.842498e-01
1.543812e+03	-3.630503e-01
1.552729e+03	-3.825873e-01
1.561697e+03	-3.950683e-01
1.570717e+03	-3.747905e-01
1.579790e+03	-3.839117e-01
1.588915e+03	-3.889513e-01
1.598092e+03	-4.004847e-01
1.607323e+03	-3.801855e-01
1.616606e+03	-3.964186e-01
1.625944e+03	-3.999332e-01
1.635335e+03	-4.217169e-01
1.644781e+03	-4.408317e-01
1.654281e+03	-4.150735e-01
1.663836e+03	-4.300549e-01
1.673446e+03	-4.411666e-01
1.683112e+03	-4.355798e-01
1.692834e+03	-4.345765e-01
1.702611e+03	-4.338183e-01
1.712446e+03	-4.480448e-01
1.722337e+03	-4.641121e-01
1.732285e+03	-4.697471e-01
1.742290e+03	-4.732446e-01
1.752354e+03	-4.854196e-01
1.762475e+03	-4.789473e-01
1.772655e+03	-4.794096e-01
1.782894e+03	-4.925403e-01
1.793192e+03	-4.909843e-01
1.803549e+03	-5.010006e-01
1.813967e+03	-5.105408e-01
1.824444e+03	-5.088324e-01
1.834982e+03	-5.212081e-01
1.845581e+03	-5.162300e-01
1.856241e+03	-5.380487e-01
1.866962e+03	-5.380842e-01
1.877746e+03	-5.395794e-01
1.888592e+03	-5.408663e-01
1.899500e+03	-5.607820e-01
1.910472e+03	-5.554154e-01
1.921506e+03	-5.490696e-01
1.932605e+03	-5.683409e-01
1.943768e+03	-5.444958e-01
1.954995e+03	-5.894522e-01
1.966287e+03	-5.772902e-01
1.977644e+03	-6.024159e-01
1.989067e+03	-6.025425e-01
2.000555e+03	-6.038909e-01
2.012110e+03	-6.218298e-01
2.023732e+03	-6.302658e-01
2.035421e+03	-6.112469e-01
2.047178e+03	-6.203289e-01
2.059002e+03	-6.349799e-01
2.070895e+03	-6.345601e-01
2.082856e+03	-6.402410e-01
2.094887e+03	-6.602214e-01
2.106987e+03	-6.646240e-01
2.119157e+03	-6.753057e-01
2.131397e+03	-6.747184e-01
2.143708e+03	-6.577557e-01
2.156090e+03	-7.063660e-01
2.168543e+03	-6.976624e-01
2.181069e+03	-7.061376e-01
2.193666e+03	-7.180271e-01
2.206337e+03	-7.316468e-01
2.219081e+03	-7.410819e-01
2.231898e+03	-7.253157e-01
2.244789e+03	-7.565930e-01
2.257755e+03	-7.554369e-01
2.270796e+03	-7.469160e-01
2.283912e+03	-7.668093e-01
2.297104e+03	-7.791210e-01
2.310372e+03	-7.769514e-01
2.323716e+03	-7.838623e-01
2.337138e+03	-7.961152e-01
2.350637e+03	-8.052952e-01
2.364214e+03	-8.234621e-01
2.377870e+03	-8.180648e-01
2.391604e+03	-8.332161e-01
2.405418e+03	-8.501149e-01
2.419312e+03	-8.602460e-01
2.433286e+03	-8.702406e-01
2.447340e+03	-8.656472e-01
2.461476e+03	-8.875179e-01
2.475693e+03	-8.982363e-01
2.489993e+03	-9.094557e-01
2.504375e+03	-9.105208e-01
2.518840e+03	-9.088656e-01
2.533389e+03	-9.427186e-01
2.548022e+03	-9.462709e-01
2.562739e+03	-9.384401e-01
2.577541e+03	-9.718698e-01
2.592429e+03	-9.695051e-01
2.607403e+03	-1.000607e+00
2.622463e+03	-9.994533e-01
2.637610e+03	-9.871537e-01
2.652845e+03	-1.024904e+00
2.668168e+03	-1.029435e+00
2.683579e+03	-1.029957e+00
2.699079e+03	-1.042149e+00
2.714669e+03	-1.074384e+00
2.730349e+03	-1.066719e+00
2.746119e+03	-1.067027e+00
2.761981e+03	-1.076700e+00
2.777934e+03	-1.108134e+00
2.793979e+03	-1.107184e+00
2.810117e+03	-1.133859e+00
2.826348e+03	-1.131620e+00
2.842673e+03	-1.145806e+00
2.859092e+03	-1.151002e+00
2.875606e+03	-1.152888e+00
2.892215e+03	-1.175486e+00
2.908921e+03	-1.180987e+00
2.925722e+03	-1.187050e+00
2.942621e+03	-1.234277e+00
2.959618e+03	-1.228452e+00
2.976712e+03	-1.229643e+00
2.993906e+03	-1.245769e+00
3.011198e+03	-1.276761e+00
3.028591e+03	-1.275033e+00
3.046084e+03	-1.296704e+00
3.063678e+03	-1.297542e+00
3.081374e+03	-1.322836e+00
3.099172e+03	-1.322920e+00
3.117072e+03	-1.352871e+00
3.135076e+03	-1.370133e+00
3.153184e+03	-1.378006e+00
3.171397e+03	-1.394504e+00
3.189715e+03	-1.387999e+00
3.208139e+03	-1.405885e+00
3.226669e+03	-1.418262e+00
3.245306e+03	-1.443708e+00
3.264051e+03	-1.447810e+00
3.282904e+03	-1.460871e+00
3.301866e+03	-1.477052e+00
3.320937e+03	-1.465467e+00
3.340119e+03	-1.504590e+00
3.359411e+03	-1.528092e+00
3.378815e+03	-1.527905e+00
3.398331e+03	-1.537158e+00
3.417959e+03	-1.561387e+00
3.437701e+03	-1.579188e+00
3.457557e+03	-1.579566e+00
3.477528e+03	-1.605351e+00
3.497614e+03	-1.636178e+00
3.517816e+03	-1.637629e+00
3.538135e+03	-1.658678e+00
3.558571e+03	-1.673497e+00
3.579125e+03	-1.701704e+00
3.599798e+03	-1.702479e+00
3.620590e+03	-1.719306e+00
3.641503e+03	-1.755339e+00
3.662536e+03	-1.753288e+00
3.683691e+03	-1.754554e+00
3.704967e+03	-1.790297e+00
3.726367e+03	-1.806282e+00
3.747890e+03	-1.825478e+00
3.769538e+03	-1.831761e+00
3.791311e+03	-1.872431e+00
3.813209e+03	-1.861824e+00
3.835234e+03	-1.886778e+00
3.857386e+03	-1.908281e+00
3.879667e+03	-1.941425e+00
3.902075e+03	-1.953515e+00
3.924614e+03	-1.965242e+00
3.947282e+03	-1.979590e+00
3.970081e+03	-1.994857e+00
3.993012e+03	-2.030198e+00
4.016076e+03	-2.038385e+00
4.039272e+03	-2.058049e+00
4.062603e+03	-2.079737e+00
4.086069e+03	-2.101116e+00
4.109670e+03	-2.133938e+00
4.133407e+03	-2.129018e+00
4.157281e+03	-2.139536e+00
4.181294e+03	-2.179115e+00
4.205445e+03	-2.215832e+00
4.229735e+03	-2.214867e+00
4.254166e+03	-2.226665e+00
4.278738e+03	-2.239518e+00
4.303451e+03	-2.284395e+00
4.328308e+03	-2.308431e+00
4.353308e+03	-2.313661e+00
4.378453e+03	-2.324184e+00
4.403742e+03	-2.375564e+00
4.429178e+03	-2.404122e+00
4.454761e+03	-2.381650e+00
4.480492e+03	-2.420142e+00
4.506371e+03	-2.428219e+00
4.532399e+03	-2.470880e+00
4.558578e+03	-2.483179e+00
4.584908e+03	-2.513886e+00
4.611391e+03	-2.532282e+00
4.638026e+03	-2.566758e+00
4.664815e+03	-2.592971e+00
4.691759e+03	-2.595409e+00
4.718858e+03	-2.609553e+00
4.746114e+03	-2.633950e+00
4.773527e+03	-2.647613e+00
4.801099e+03	-2.702450e+00
4.828830e+03	-2.711351e+00
4.856721e+03	-2.711988e+00
4.884773e+03	-2.754672e+00
4.912988e+03	-2.801570e+00
4.941365e+03	-2.824604e+00
4.969906e+03	-2.829375e+00
4.998612e+03	-2.844083e+00
5.027484e+03	-2.871611e+00
5.056522e+03	-2.894355e+00
5.085729e+03	-2.925473e+00
5.115104e+03	-2.954224e+00
5.144648e+03	-2.983042e+00
5.174363e+03	-2.997758e+00
5.204250e+03	-3.028897e+00
5.234310e+03	-3.057612e+00
5.264543e+03	-3.074130e+00
5.294951e+03	-3.100618e+00
5.325534e+03	-3.119863e+00
5.356294e+03	-3.152072e+00
5.387232e+03	-3.171663e+00
5.418348e+03	-3.204656e+00
5.449645e+03	-3.228533e+00
5.481122e+03	-3.269010e+00
5.512780e+03	-3.279083e+00
5.544622e+03	-3.310545e+00
5.576647e+03	-3.362105e+00
5.608858e+03	-3.353423e+00
5.641254e+03	-3.386485e+00
5.673838e+03	-3.425537e+00
5.706610e+03	-3.458208e+00
5.739571e+03	-3.467615e+00
5.772723e+03	-3.485252e+00
5.806066e+03	-3.527324e+00
5.839601e+03	-3.562530e+00
5.873331e+03	-3.587699e+00
5.907255e+03	-3.600115e+00
5.941375e+03	-3.635049e+00
5.975692e+03	-3.665403e+00
6.010207e+03	-3.696950e+00
6.044922e+03	-3.724770e+00
6.079837e+03	-3.764547e+00
6.114954e+03	-3.757571e+00
6.150274e+03	-3.802824e+00
6.185797e+03	-3.838107e+00
6.221526e+03	-3.862296e+00
6.257462e+03	-3.904771e+00
6.293605e+03	-3.922614e+00
6.329956e+03	-3.963183e+00
6.366518e+03	-3.985682e+00
6.403290e+03	-4.027786e+00
6.440276e+03	-4.046363e+00
6.477474e+03	-4.062942e+00
6.514888e+03	-4.098339e+00
6.552518e+03	-4.143572e+00
6.590365e+03	-4.147248e+00
6.628430e+03	-4.201720e+00
6.666716e+03	-4.211237e+00
6.705223e+03	-4.255101e+00
6.743952e+03	-4.299346e+00
6.782905e+03	-4.323510e+00
6.822082e+03	-4.363085e+00
6.861486e+03	-4.374621e+00
6.901118e+03	-4.414605e+00
6.940979e+03	-4.434472e+00
6.981069e+03	-4.484964e+00
7.021392e+03	-4.519969e+00
7.061947e+03	-4.562042e+00
7.102737e+03	-4.574540e+00
7.143762e+03	-4.611659e+00
7.185024e+03	-4.640631e+00
7.226524e+03	-4.670007e+00
7.268264e+03	-4.717423e+00
7.310246e+03	-4.739536e+00
7.352469e+03	-4.761332e+00
7.394937e+03	-4.805528e+00
7.437650e+03	-4.830298e+00
7.480609e+03	-4.873866e+00
7.523817e+03	-4.906169e+00
7.567274e+03	-4.939063e+00
7.610982e+03	-4.976512e+00
7.654943e+03	-4.990690e+00
7.699158e+03	-5.031888e+00
7.743628e+03	-5.086462e+00
7.788355e+03	-5.121432e+00
7.833340e+03	-5.155022e+00
7.878585e+03	-5.184393e+00
7.924091e+03	-5.217655e+00
7.969861e+03	-5.232735e+00
8.015894e+03	-5.287321e+00
8.062194e+03	-5.320169e+00
8.108761e+03	-5.360492e+00
8.155596e+03	-5.384843e+00
8.202703e+03	-5.412865e+00
8.250081e+03	-5.467786e+00
8.297733e+03	-5.495570e+00
8.345661e+03	-5.519093e+00
8.393865e+03	-5.562407e+00
8.442348e+03	-5.601033e+00
8.491110e+03	-5.636759e+00
8.540155e+03	-5.668950e+00
8.589482e+03	-5.714017e+00
8.639095e+03	-5.747902e+00
8.688994e+03	-5.801331e+00
8.739181e+03	-5.846005e+00
8.789658e+03	-5.854476e+00
8.840427e+03	-5.876623e+00
8.891489e+03	-5.928484e+00
8.942846e+03	-5.981441e+00
8.994499e+03	-5.994123e+00
9.046451e+03	-6.060266e+00
9.098703e+03	-6.087976e+00
9.151257e+03	-6.108352e+00
9.204114e+03	-6.166294e+00
9.257277e+03	-6.192263e+00
9.310746e+03	-6.222384e+00
9.364525e+03	-6.274211e+00
9.418614e+03	-6.296637e+00
9.473015e+03	-6.356011e+00
9.527731e+03	-6.377976e+00
9.582763e+03	-6.413976e+00
9.638113e+03	-6.460889e+00
9.693782e+03	-6.482694e+00
9.749773e+03	-6.522259e+00
9.806087e+03	-6.568048e+00
9.862727e+03	-6.613377e+00
9.919693e+03	-6.636115e+00
9.976989e+03	-6.689082e+00
1.003462e+04	-6.740172e+00
1.009258e+04	-6.771227e+00
1.015087e+04	-6.813674e+00
1.020950e+04	-6.855724e+00
1.026847e+04	-6.879521e+00
1.032778e+04	-6.924249e+00
1.038743e+04	-6.964466e+00
1.044743e+04	-6.997893e+00
1.050777e+04	-7.042969e+00
1.056847e+04	-7.088589e+00
1.062951e+04	-7.125298e+00
1.069091e+04	-7.170500e+00
1.075266e+04	-7.199117e+00
1.081476e+04	-7.237247e+00
1.087723e+04	-7.272421e+00
1.094006e+04	-7.340697e+00
1.100324e+04	-7.363078e+00
1.106680e+04	-7.404825e+00
1.113072e+04	-7.447470e+00
1.119501e+04	-7.478373e+00
1.125967e+04	-7.501117e+00
1.132471e+04	-7.566305e+00
1.139012e+04	-7.607862e+00
1.145591e+04	-7.656056e+00
1.152208e+04	-7.679290e+00
1.158863e+04	-7.722354e+00
1.165556e+04	-7.758378e+00
1.172289e+04	-7.806164e+00
1.179060e+04	-7.849042e+00
1.185870e+04	-7.885321e+00
1.192719e+04	-7.933705e+00
1.199608e+04	-7.989226e+00
1.206537e+04	-8.007592e+00
1.213506e+04	-8.068761e+00
1.220515e+04	-8.078911e+00
1.227565e+04	-8.130956e+00
1.234655e+04	-8.175760e+00
1.241787e+04	-8.217773e+00
1.248959e+04	-8.272590e+00
1.256173e+04	-8.314426e+00
1.263429e+04	-8.346893e+00
1.270726e+04	-8.402858e+00
1.278066e+04	-8.429607e+00
1.285448e+04	-8.461604e+00
1.292873e+04	-8.527549e+00
1.300340e+04	-8.564918e+00
1.307851e+04	-8.595676e+00
1.315405e+04	-8.659175e+00
1.323003e+04	-8.675260e+00
1.330644e+04	-8.704013e+00
1.338330e+04	-8.759311e+00
1.346060e+04	-8.815215e+00
1.353835e+04	-8.852400e+00
1.361655e+04	-8.881319e+00
1.369520e+04	-8.937800e+00
1.377430e+04	-8.993822e+00
1.385386e+04	-9.023513e+00
1.393388e+04	-9.067864e+00
1.401436e+04	-9.119696e+00
1.409531e+04	-9.153437e+00
1.417672e+04	-9.183764e+00
1.425861e+04	-9.236478e+00
1.434096e+04	-9.279292e+00
1.442379e+04	-9.313875e+00
1.450711e+04	-9.377188e+00
1.459090e+04	-9.407045e+00
1.467518e+04	-9.445917e+00
1.475994e+04	-9.508384e+00
1.484519e+04	-9.557722e+00
1.493094e+04	-9.596529e+00
1.501718e+04	-9.655012e+00
1.510392e+04	-9.684187e+00
1.519116e+04	-9.710360e+00
1.527890e+04	-9.776365e+00
1.536715e+04	-9.810815e+00
1.545591e+04	-9.841980e+00
1.554518e+04	-9.895993e+00
1.563497e+04	-9.933932e+00
1.572528e+04	-9.979225e+00
1.581611e+04	-1.002971e+01
1.590746e+04	-1.006179e+01
1.599934e+04	-1.010184e+01
1.609175e+04	-1.014016e+01
1.618470e+04	-1.020679e+01
1.627818e+04	-1.023541e+01
1.637220e+04	-1.026697e+01
1.646677e+04	-1.032469e+01
1.656188e+04	-1.037478e+01
1.665754e+04	-1.039363e+01
1.675375e+04	-1.046667e+01
1.685052e+04	-1.049719e+01
1.694785e+04	-1.054784e+01
1.704574e+04	-1.058802e+01
1.714419e+04	-1.061546e+01
1.724322e+04	-1.068708e+01
1.734281e+04	-1.073194e+01
1.744299e+04	-1.078235e+01
1.754374e+04	-1.080494e+01
1.764507e+04	-1.084619e+01
1.774698e+04	-1.088453e+01
1.784949e+04	-1.095224e+01
1.795259e+04	-1.098662e+01
1.805628e+04	-1.102391e+01
1.816057e+04	-1.107085e+01
1.826547e+04	-1.112970e+01
1.837097e+04	-1.116842e+01
1.847708e+04	-1.121508e+01
1.858380e+04	-1.125723e+01
1.869114e+04	-1.130960e+01
1.879910e+04	-1.134047e+01
1.890768e+04	-1.137886e+01
1.901689e+04	-1.142952e+01
1.912673e+04	-1.147276e+01
1.923721e+04	-1.153327e+01
1.934832e+04	-1.156995e+01
1.946008e+04	-1.161272e+01
1.957248e+04	-1.167122e+01
1.968553e+04	-1.170637e+01
1.979923e+04	-1.173345e+01
1.991359e+04	-1.177145e+01
2.002861e+04	-1.183393e+01
2.014430e+04	-1.189312e+01
2.026065e+04	-1.190931e+01
2.037767e+04	-1.196554e+01
2.049537e+04	-1.200778e+01
2.061375e+04	-1.204197e+01
2.073282e+04	-1.208273e+01
2.085257e+04	-1.214260e+01
2.097301e+04	-1.217471e+01
2.109415e+04	-1.222751e+01
2.121599e+04	-1.227802e+01
2.133853e+04	-1.230714e+01
2.146178e+04	-1.236559e+01
2.158575e+04	-1.241702e+01
2.171043e+04	-1.244984e+01
2.183582e+04	-1.249984e+01
2.196195e+04	-1.252583e+01
2.208880e+04	-1.257071e+01
2.221638e+04	-1.262362e+01
2.234470e+04	-1.268074e+01
2.247377e+04	-1.270165e+01
2.260357e+04	-1.276406e+01
2.273413e+04	-1.281372e+01
2.286544e+04	-1.284644e+01
2.299751e+04	-1.290800e+01
2.313034e+04	-1.294082e+01
2.326394e+04	-1.296922e+01
2.339832e+04	-1.303656e+01
2.353346e+04	-1.310504e+01
2.366939e+04	-1.313198e+01
2.380610e+04	-1.316183e+01
2.394361e+04	-1.318688e+01
2.408191e+04	-1.326919e+01
2.422100e+04	-1.330745e+01
2.436090e+04	-1.332892e+01
2.450161e+04	-1.339170e+01
2.464313e+04	-1.344671e+01
2.478547e+04	-1.347463e+01
2.492863e+04	-1.351899e+01
2.507261e+04	-1.356470e+01
2.521743e+04	-1.361262e+01
2.536309e+04	-1.367398e+01
2.550958e+04	-1.369572e+01
2.565692e+04	-1.372651e+01
2.580512e+04	-1.378763e+01
2.595417e+04	-1.381689e+01
2.610408e+04	-1.386041e+01
2.625485e+04	-1.393364e+01
2.640650e+04	-1.396573e+01
2.655902e+04	-1.398298e+01
2.671243e+04	-1.405244e+01
2.686672e+04	-1.409352e+01
2.702190e+04	-1.414242e+01
2.717798e+04	-1.418543e+01
2.733495e+04	-1.420685e+01
2.749284e+04	-1.425438e+01
2.765164e+04	-1.430263e+01
2.781135e+04	-1.436508e+01
2.797199e+04	-1.438534e+01
2.813355e+04	-1.443125e+01
2.829605e+04	-1.448964e+01
2.845949e+04	-1.453925e+01
2.862387e+04	-1.456411e+01
2.878920e+04	-1.459768e+01
2.895549e+04	-1.466641e+01
2.912273e+04	-1.469993e+01
2.929094e+04	-1.476188e+01
2.946013e+04	-1.478818e+01
2.963029e+04	-1.482917e+01
2.980143e+04	-1.486394e+01
2.997356e+04	-1.491064e+01
3.014669e+04	-1.494452e+01
3.032081e+04	-1.499595e+01
3.049595e+04	-1.503972e+01
3.067209e+04	-1.508539e+01
3.084925e+04	-1.512207e+01
3.102743e+04	-1.516211e+01
3.120665e+04	-1.521440e+01
3.138690e+04	-1.524252e+01
3.156819e+04	-1.528682e+01
3.175052e+04	-1.535985e+01
3.193391e+04	-1.538790e+01
3.211836e+04	-1.543410e+01
3.230388e+04	-1.545859e+01
3.249046e+04	-1.551060e+01
3.267812e+04	-1.554571e+01
3.286687e+04	-1.560231e+01
3.305671e+04	-1.563937e+01
3.324764e+04	-1.569751e+01
3.343968e+04	-1.571024e+01
3.363283e+04	-1.577542e+01
3.382709e+04	-1.578161e+01
3.402247e+04	-1.585781e+01
3.421899e+04	-1.588112e+01
3.441663e+04	-1.593308e+01
3.461542e+04	-1.596252e+01
3.481536e+04	-1.599414e+01
3.501645e+04	-1.604258e+01
3.521871e+04	-1.612403e+01
3.542213e+04	-1.611957e+01
3.562672e+04	-1.618526e+01
3.583250e+04	-1.619682e+01
3.603947e+04	-1.626354e+01
3.624763e+04	-1.631170e+01
3.645700e+04	-1.634771e+01
3.666757e+04	-1.636569e+01
3.687936e+04	-1.641233e+01
3.709238e+04	-1.644070e+01
3.730662e+04	-1.648887e+01
3.752210e+04	-1.652894e+01
3.773883e+04	-1.656635e+01
3.795680e+04	-1.663285e+01
3.817604e+04	-1.667877e+01
3.839654e+04	-1.671188e+01
3.861832e+04	-1.673538e+01
3.884138e+04	-1.677377e+01
3.906573e+04	-1.681573e+01
3.929137e+04	-1.684716e+01
3.951831e+04	-1.689622e+01
3.974657e+04	-1.692446e+01
3.997614e+04	-1.696783e+01
4.020704e+04	-1.701781e+01
4.043928e+04	-1.704929e+01
4.067285e+04	-1.709204e+01
4.090778e+04	-1.712253e+01
4.114406e+04	-1.715150e+01
4.138171e+04	-1.719333e+01
4.162073e+04	-1.725345e+01
4.186113e+04	-1.730504e+01
4.210291e+04	-1.734390e+01
4.234610e+04	-1.738436e+01
4.259069e+04	-1.741795e+01
4.283669e+04	-1.744951e+01
4.308411e+04	-1.748725e+01
4.333297e+04	-1.750833e+01
4.358325e+04	-1.754578e+01
4.383499e+04	-1.759316e+01
4.408818e+04	-1.764209e+01
4.434283e+04	-1.767451e+01
4.459895e+04	-1.768927e+01
4.485655e+04	-1.772994e+01
4.511564e+04	-1.778267e+01
4.537623e+04	-1.780697e+01
4.563832e+04	-1.783930e+01
4.590193e+04	-1.788184e+01
4.616705e+04	-1.791877e+01
4.643371e+04	-1.796041e+01
4.670191e+04	-1.798212e+01
4.697166e+04	-1.802061e+01
4.724297e+04	-1.805124e+01
4.751584e+04	-1.811714e+01
4.779029e+04	-1.812652e+01
4.806633e+04	-1.816414e+01
4.834395e+04	-1.820575e+01
4.862319e+04	-1.821255e+01
4.890403e+04	-1.826271e+01
4.918650e+04	-1.827222e+01
4.947060e+04	-1.831665e+01
4.975634e+04	-1.836813e+01
5.004373e+04	-1.840611e+01
5.033278e+04	-1.844998e+01
5.062350e+04	-1.846775e+01
5.091590e+04	-1.849574e+01
5.120999e+04	-1.854460e+01
5.150578e+04	-1.855489e+01
5.180327e+04	-1.860293e+01
5.210248e+04	-1.862010e+01
5.240343e+04	-1.866096e+01
5.270611e+04	-1.869414e+01
5.301053e+04	-1.872531e+01
5.331672e+04	-1.875174e+01
5.362468e+04	-1.877175e+01
5.393441e+04	-1.881414e+01
5.424593e+04	-1.884712e+01
5.455926e+04	-1.888516e+01
5.487439e+04	-1.891806e+01
5.519134e+04	-1.894361e+01
5.551012e+04	-1.896250e+01
5.583075e+04	-1.897320e+01
5.615322e+04	-1.902878e+01
5.647756e+04	-1.906518e+01
5.680377e+04	-1.905944e+01
5.713187e+04	-1.911023e+01
5.746186e+04	-1.913532e+01
5.779376e+04	-1.916380e+01
5.812757e+04	-1.917689e+01
5.846332e+04	-1.919635e+01
5.880100e+04	-1.923444e+01
5.914063e+04	-1.928270e+01
5.948222e+04	-1.926150e+01
5.982579e+04	-1.930123e+01
6.017134e+04	-1.935504e+01
6.051889e+04	-1.936886e+01
6.086844e+04	-1.938417e+01
6.122002e+04	-1.940715e+01
6.157362e+04	-1.942825e+01
6.192927e+04	-1.946188e+01
6.228697e+04	-1.950185e+01
6.264674e+04	-1.951800e+01
6.300858e+04	-1.955366e+01
6.337252e+04	-1.955741e+01
6.373855e+04	-1.958824e+01
6.410670e+04	-1.960463e+01
6.447698e+04	-1.962153e+01
6.484940e+04	-1.964185e+01
6.522397e+04	-1.965814e+01
6.560070e+04	-1.968632e+01
6.597960e+04	-1.970646e+01
6.636070e+04	-1.973519e+01
6.674400e+04	-1.975638e+01
6.712951e+04	-1.976600e+01
6.751724e+04	-1.977016e+01
6.790722e+04	-1.979721e+01
6.829945e+04	-1.982577e+01
6.869395e+04	-1.981877e+01
6.909072e+04	-1.985212e+01
6.948978e+04	-1.986882e+01
6.989115e+04	-1.987827e+01
7.029484e+04	-1.987925e+01
7.070086e+04	-1.990757e+01
7.110923e+04	-1.992501e+01
7.151995e+04	-1.993861e+01
7.193305e+04	-1.995921e+01
7.234853e+04	-1.995788e+01
7.276641e+04	-1.998680e+01
7.318671e+04	-1.999727e+01
7.360943e+04	-2.000292e+01
7.403460e+04	-2.001333e+01
7.446222e+04	-2.003971e+01
7.489231e+04	-2.004311e+01
7.532488e+04	-2.004873e+01
7.575996e+04	-2.007641e+01
7.619754e+04	-2.006232e+01
7.663766e+04	-2.008295e+01
7.708031e+04	-2.007447e+01
7.752553e+04	-2.008499e+01
7.797331e+04	-2.006858e+01
7.842368e+04	-2.010348e+01
7.887665e+04	-2.009675e+01
7.933224e+04	-2.012513e+01
7.979046e+04	-2.009729e+01
8.025133e+04	-2.011268e+01
8.071486e+04	-2.010957e+01
8.118106e+04	-2.010967e+01
8.164996e+04	-2.012152e+01
8.212157e+04	-2.011596e+01
8.259590e+04	-2.012365e+01
8.307297e+04	-2.012083e+01
8.355279e+04	-2.010180e+01
8.403539e+04	-2.010634e+01
8.452078e+04	-2.011383e+01
8.500897e+04	-2.010800e+01
8.549997e+04	-2.008434e+01
8.599382e+04	-2.009331e+01
8.649052e+04	-2.008689e+01
8.699008e+04	-2.006651e+01
8.749253e+04	-2.005840e+01
8.799789e+04	-2.006062e+01
8.850616e+04	-2.004365e+01
8.901737e+04	-2.002654e+01
8.953153e+04	-2.002497e+01
9.004866e+04	-2.000209e+01
9.056877e+04	-1.998066e+01
9.109190e+04	-1.997241e+01
9.161804e+04	-1.995746e+01
9.214722e+04	-1.995186e+01
9.267946e+04	-1.993403e+01
9.321477e+04	-1.989877e+01
9.375318e+04	-1.987929e+01
9.429469e+04	-1.986199e+01
9.483933e+04	-1.983637e+01
9.538712e+04	-1.980264e+01
9.593807e+04	-1.977904e+01
9.649221e+04	-1.974568e+01
9.704954e+04	-1.972835e+01
9.761010e+04	-1.971201e+01
9.817389e+04	-1.968469e+01
9.874094e+04	-1.964447e+01
9.931126e+04	-1.961154e+01
9.988488e+04	-1.956808e+01
1.004618e+05	-1.954645e+01
1.010421e+05	-1.949817e+01
1.016257e+05	-1.947061e+01
1.022127e+05	-1.944641e+01
1.028031e+05	-1.938934e+01
1.033968e+05	-1.934779e+01
1.039941e+05	-1.930337e+01
1.045947e+05	-1.924943e+01
1.051989e+05	-1.919696e+01
1.058065e+05	-1.915753e+01
1.064176e+05	-1.909818e+01
1.070323e+05	-1.904519e+01
1.076505e+05	-1.899777e+01
1.082723e+05	-1.893322e+01
1.088977e+05	-1.888138e+01
1.095266e+05	-1.882503e+01
1.101593e+05	-1.875139e+01
1.107955e+05	-1.867808e+01
1.114355e+05	-1.861275e+01
1.120791e+05	-1.855809e+01
1.127265e+05	-1.847452e+01
1.133776e+05	-1.839787e+01
1.140325e+05	-1.832631e+01
1.146911e+05	-1.824018e+01
1.153536e+05	-1.817576e+01
1.160198e+05	-1.810122e+01
1.166900e+05	-1.799527e+01
1.173640e+05	-1.790314e+01
1.180419e+05	-1.780386e+01
1.187237e+05	-1.770612e+01
1.194094e+05	-1.762134e+01
1.200991e+05	-1.750509e+01
1.207928e+05	-1.739853e+01
1.214905e+05	-1.729376e+01
1.221922e+05	-1.718282e+01
1.228980e+05	-1.704382e+01
1.236078e+05	-1.693421e+01
1.243218e+05	-1.681057e+01
1.250399e+05	-1.668578e+01
1.257621e+05	-1.655515e+01
1.264885e+05	-1.640970e+01
1.272191e+05	-1.626249e+01
1.279539e+05	-1.610892e+01
1.286930e+05	-1.595444e+01
1.294363e+05	-1.579049e+01
1.301839e+05	-1.563289e+01
1.309358e+05	-1.544352e+01
1.316921e+05	-1.528532e+01
1.324528e+05	-1.511437e+01
1.332178e+05	-1.493861e+01
1.339873e+05	-1.471170e+01
1.347612e+05	-1.450738e+01
1.355395e+05	-1.428566e+01
1.363224e+05	-1.406902e+01
1.371098e+05	-1.383106e+01
1.379018e+05	-1.359978e+01
1.386983e+05	-1.333258e+01
1.394994e+05	-1.308903e+01
1.403051e+05	-1.279436e+01
1.411155e+05	-1.252523e+01
1.419306e+05	-1.222102e+01
1.427504e+05	-1.191239e+01
1.435749e+05	-1.156551e+01
1.444042e+05	-1.125399e+01
1.452383e+05	-1.087721e+01
1.460772e+05	-1.048044e+01
1.469209e+05	-1.010222e+01
1.477695e+05	-9.665732e+00
1.486230e+05	-9.196973e+00
1.494814e+05	-8.741868e+00
1.503448e+05	-8.230670e+00
1.512132e+05	-7.692328e+00
1.520866e+05	-7.127012e+00
1.529651e+05	-6.529193e+00
1.538486e+05	-5.897191e+00
1.547372e+05	-5.213262e+00
1.556310e+05	-4.485132e+00
1.565299e+05	-3.732372e+00
1.574340e+05	-2.942069e+00
1.583433e+05	-2.155170e+00
1.592579e+05	-1.395999e+00
1.601778e+05	-7.142683e-01
1.611030e+05	-1.925856e-01
1.620335e+05	8.008651e-02
1.629694e+05	6.066559e-02
1.639107e+05	-2.404227e-01
1.648574e+05	-7.939440e-01
1.658097e+05	-1.530800e+00
1.667674e+05	-2.337747e+00
1.677306e+05	-3.198031e+00
1.686994e+05	-4.006945e+00
1.696738e+05	-4.834249e+00
1.706538e+05	-5.605258e+00
1.716395e+05	-6.353410e+00
1.726309e+05	-7.048738e+00
1.736280e+05	-7.687737e+00
1.746309e+05	-8.324652e+00
1.756395e+05	-8.902734e+00
1.766540e+05	-9.480610e+00
1.776744e+05	-1.000302e+01
1.787006e+05	-1.048332e+01
1.797328e+05	-1.095732e+01
1.807709e+05	-1.142829e+01
1.818150e+05	-1.186826e+01
1.828652e+05	-1.227304e+01
1.839214e+05	-1.266246e+01
1.849837e+05	-1.303179e+01
1.860522e+05	-1.341629e+01
1.871268e+05	-1.375422e+01
1.882077e+05	-1.409229e+01
1.892948e+05	-1.439042e+01
1.903881e+05	-1.470133e+01
1.914878e+05	-1.499848e+01
1.925938e+05	-1.527377e+01
1.937062e+05	-1.554978e+01
1.948251e+05	-1.579636e+01
1.959504e+05	-1.605663e+01
1.970822e+05	-1.630089e+01
1.982205e+05	-1.652874e+01
1.993654e+05	-1.676577e+01
2.005169e+05	-1.695338e+01
2.016751e+05	-1.717291e+01
2.028400e+05	-1.737508e+01
2.040116e+05	-1.755583e+01
2.051899e+05	-1.775878e+01
2.063751e+05	-1.794473e+01
2.075671e+05	-1.810719e+01
2.087660e+05	-1.826912e+01
2.099719e+05	-1.840499e+01
2.111846e+05	-1.858407e+01
2.124044e+05	-1.873515e+01
2.136313e+05	-1.885671e+01
2.148652e+05	-1.897043e+01
2.161063e+05	-1.910974e+01
2.173545e+05	-1.924489e+01
2.186099e+05	-1.935197e+01
2.198726e+05	-1.946415e+01
2.211426e+05	-1.955204e+01
2.224199e+05	-1.965838e+01
2.237046e+05	-1.974569e+01
2.249967e+05	-1.984190e+01
2.262962e+05	-1.991743e+01
2.276033e+05	-1.996537e+01
2.289179e+05	-2.003952e+01
2.302402e+05	-2.010518e+01
2.315700e+05	-2.015575e+01
2.329076e+05	-2.019382e+01
2.342528e+05	-2.023778e+01
2.356059e+05	-2.028400e+01
2.369667e+05	-2.031912e+01
2.383354e+05	-2.034704e+01
2.397120e+05	-2.034743e+01
2.410966e+05	-2.035555e+01
2.424892e+05	-2.036100e+01
2.438898e+05	-2.035251e+01
2.452985e+05	-2.035756e+01
2.467153e+05	-2.033448e+01
2.481403e+05	-2.031554e+01
2.495736e+05	-2.026502e+01
2.510151e+05	-2.027630e+01
2.524650e+05	-2.020834e+01
2.539232e+05	-2.014222e+01
2.553898e+05	-2.009083e+01
2.568650e+05	-2.002167e+01
2.583486e+05	-1.995301e+01
2.598408e+05	-1.985331e+01
2.613416e+05	-1.974399e+01
2.628511e+05	-1.963359e+01
2.643694e+05	-1.953151e+01
2.658963e+05	-1.941998e+01
2.674321e+05	-1.927106e+01
2.689768e+05	-1.911357e+01
2.705304e+05	-1.895548e+01
2.720930e+05	-1.878280e+01
2.736646e+05	-1.858529e+01
2.752453e+05	-1.839642e+01
2.768351e+05	-1.817471e+01
2.784341e+05	-1.793671e+01
2.800423e+05	-1.767283e+01
2.816598e+05	-1.740160e+01
2.832867e+05	-1.712190e+01
2.849229e+05	-1.681472e+01
2.865686e+05	-1.646028e+01
2.882238e+05	-1.609200e+01
2.898886e+05	-1.571453e+01
2.915630e+05	-1.532050e+01
2.932470e+05	-1.485552e+01
2.949408e+05	-1.436535e+01
2.966444e+05	-1.381915e+01
2.983578e+05	-1.325222e+01
3.000811e+05	-1.261836e+01
3.018143e+05	-1.189969e+01
3.035576e+05	-1.113675e+01
3.053109e+05	-1.025730e+01
3.070744e+05	-9.294625e+00
3.088481e+05	-8.201785e+00
3.106320e+05	-6.972661e+00
3.124261e+05	-5.591711e+00
3.142307e+05	-4.015312e+00
3.160457e+05	-2.355291e+00
3.178712e+05	-7.981862e-01
3.197072e+05	-3.400217e-03
3.215538e+05	-4.745487e-01
3.234111e+05	-1.891805e+00
3.252791e+05	-3.626394e+00
3.271579e+05	-5.282341e+00
3.290475e+05	-6.780580e+00
3.309481e+05	-8.165800e+00
3.328596e+05	-9.338991e+00
3.347822e+05	-1.039195e+01
3.367159e+05	-1.131593e+01
3.386608e+05	-1.221796e+01
3.406169e+05	-1.297484e+01
3.425842e+05	-1.367894e+01
3.445630e+05	-1.431197e+01
3.465532e+05	-1.492359e+01
3.485549e+05	-1.547520e+01
3.505681e+05	-1.599981e+01
3.525930e+05	-1.645342e+01
3.546295e+05	-1.687481e+01
3.566778e+05	-1.728394e+01
3.587380e+05	-1.765988e+01
3.608101e+05	-1.800317e+01
3.628941e+05	-1.832034e+01
3.649901e+05	-1.860558e+01
3.670983e+05	-1.885930e+01
3.692187e+05	-1.911008e+01
3.713513e+05	-1.933428e+01
3.734962e+05	-1.953029e+01
3.756535e+05	-1.970102e+01
3.778232e+05	-1.986518e+01
3.800055e+05	-1.998919e+01
3.822004e+05	-2.010609e+01
3.844080e+05	-2.022992e+01
3.866283e+05	-2.029853e+01
3.888615e+05	-2.035485e+01
3.911075e+05	-2.041087e+01
3.933665e+05	-2.039684e+01
3.956386e+05	-2.040159e+01
3.979238e+05	-2.038869e+01
4.002222e+05	-2.033415e+01
4.025338e+05	-2.026320e+01
4.048589e+05	-2.016590e+01
4.071973e+05	-2.003625e+01
4.095493e+05	-1.990523e+01
4.119148e+05	-1.973196e+01
4.142940e+05	-1.954396e+01
4.166870e+05	-1.930417e+01
4.190937e+05	-1.905273e+01
4.215144e+05	-1.872761e+01
4.239490e+05	-1.839228e+01
4.263978e+05	-1.801067e+01
4.288606e+05	-1.758471e+01
4.313377e+05	-1.710121e+01
4.338291e+05	-1.654628e+01
4.363349e+05	-1.593096e+01
4.388551e+05	-1.522694e+01
4.413899e+05	-1.443723e+01
4.439394e+05	-1.355481e+01
4.465035e+05	-1.250310e+01
4.490825e+05	-1.127822e+01
4.516764e+05	-9.841819e+00
4.542853e+05	-8.091704e+00
4.569092e+05	-5.961046e+00
4.595483e+05	-3.435867e+00
4.622026e+05	-9.819621e-01
4.648723e+05	-5.069117e-01
4.675574e+05	-2.679188e+00
4.702580e+05	-5.392982e+00
4.729742e+05	-7.727699e+00
4.757060e+05	-9.680139e+00
4.784537e+05	-1.127928e+01
4.812172e+05	-1.261293e+01
4.839967e+05	-1.381927e+01
4.867923e+05	-1.483293e+01
4.896040e+05	-1.569948e+01
4.924319e+05	-1.650552e+01
4.952762e+05	-1.717507e+01
4.981369e+05	-1.779494e+01
5.010141e+05	-1.833657e+01
5.039079e+05	-1.881564e+01
5.068185e+05	-1.923654e+01
5.097458e+05	-1.959845e+01
5.126901e+05	-1.992211e+01
5.156514e+05	-2.018467e+01
5.186298e+05	-2.038175e+01
5.216253e+05	-2.056222e+01
5.246382e+05	-2.067877e+01
5.276685e+05	-2.073682e+01
5.307163e+05	-2.079439e+01
5.337817e+05	-2.078469e+01
5.368648e+05	-2.067832e+01
5.399657e+05	-2.057437e+01
5.430845e+05	-2.041035e+01
5.462214e+05	-2.015226e+01
5.493763e+05	-1.987435e+01
5.525495e+05	-1.949804e+01
5.557410e+05	-1.905798e+01
5.589509e+05	-1.851252e+01
5.621794e+05	-1.787007e+01
5.654265e+05	-1.711180e+01
5.686924e+05	-1.619402e+01
5.719772e+05	-1.511451e+01
5.752809e+05	-1.377026e+01
5.786037e+05	-1.209986e+01
5.819457e+05	-9.992951e+00
5.853070e+05	-7.122436e+00
5.886877e+05	-3.254055e+00
5.920879e+05	-3.789787e-02
5.955078e+05	-2.954722e+00
5.989474e+05	-7.062107e+00
6.024069e+05	-1.013004e+01
6.058864e+05	-1.245797e+01
6.093860e+05	-1.429272e+01
6.129058e+05	-1.579973e+01
6.164459e+05	-1.702707e+01
6.200064e+05	-1.807713e+01
6.235876e+05	-1.892512e+01
6.271894e+05	-1.967241e+01
6.308120e+05	-2.029017e+01
6.344555e+05	-2.080765e+01
6.381201e+05	-2.120262e+01
6.418059e+05	-2.153998e+01
6.455129e+05	-2.176952e+01
6.492414e+05	-2.191140e+01
6.529914e+05	-2.196331e+01
6.567630e+05	-2.193238e+01
6.605565e+05	-2.179376e+01
6.643718e+05	-2.155816e+01
6.682092e+05	-2.121210e+01
6.720688e+05	-2.073233e+01
6.759506e+05	-2.012879e+01
6.798549e+05	-1.933470e+01
6.837817e+05	-1.835099e+01
6.877312e+05	-1.707876e+01
6.917035e+05	-1.541606e+01
6.956987e+05	-1.315874e+01
6.997171e+05	-1.000226e+01
7.037586e+05	-5.001076e+00
7.078235e+05	5.051120e-01
7.119118e+05	-5.580480e+00
7.160238e+05	-1.059360e+01
7.201595e+05	-1.386528e+01
7.243191e+05	-1.621655e+01
7.285028e+05	-1.798649e+01
7.327106e+05	-1.937848e+01
7.369427e+05	-2.047168e+01
7.411992e+05	-2.136188e+01
7.454804e+05	-2.200609e+01
7.497862e+05	-2.249081e+01
7.541170e+05	-2.283670e+01
7.584727e+05	-2.298637e+01
7.628536e+05	-2.298439e+01
7.672598e+05	-2.282438e+01
7.716915e+05	-2.247034e+01
7.761488e+05	-2.191947e+01
7.806318e+05	-2.109759e+01
7.851407e+05	-1.995232e+01
7.896756e+05	-1.842677e+01
7.942367e+05	-1.626620e+01
7.988242e+05	-1.307954e+01
8.034382e+05	-7.651416e+00
8.080788e+05	2.617750e-01
8.127463e+05	-8.218351e+00
8.174406e+05	-1.360234e+01
8.221621e+05	-1.686358e+01
8.269109e+05	-1.906339e+01
8.316871e+05	-2.065010e+01
8.364909e+05	-2.179556e+01
8.413225e+05	-2.255230e+01
8.461819e+05	-2.299812e+01
8.510694e+05	-2.316996e+01
8.559852e+05	-2.299633e+01
8.609293e+05	-2.248350e+01
8.659020e+05	-2.157259e+01
8.709034e+05	-2.013235e+01
8.759337e+05	-1.788918e+01
8.809931e+05	-1.426176e+01
8.860816e+05	-7.360327e+00
8.911996e+05	-3.829282e+00
8.963471e+05	-1.292020e+01
9.015244e+05	-1.741210e+01
9.067316e+05	-2.010199e+01
9.119688e+05	-2.183277e+01
9.172363e+05	-2.287392e+01
9.225342e+05	-2.331790e+01
9.278628e+05	-2.322664e+01
9.332221e+05	-2.247598e+01
9.386123e+05	-2.088822e+01
9.440337e+05	-1.797113e+01
9.494864e+05	-1.197176e+01
9.549706e+05	-2.397081e+00
9.604865e+05	-1.518589e+01
9.660342e+05	-2.038014e+01
9.716140e+05	-2.329940e+01
9.772260e+05	-2.500681e+01
9.828704e+05	-2.583131e+01
9.885474e+05	-2.575384e+01
9.942572e+05	-2.471777e+01
1.000000e+06	-2.219116e+01
