Frequency(Hz)	Magnitude(dB)
1.000000e+01	5.366573e-05
1.005776e+01	3.838663e-05
1.011585e+01	-9.138675e-05
1.017428e+01	1.656999e-05
1.023305e+01	-1.279017e-04
1.029215e+01	1.803833e-05
1.035160e+01	-8.581349e-05
1.041139e+01	-5.721921e-05
1.047153e+01	7.781723e-05
1.053201e+01	-8.378192e-05
1.059284e+01	-7.678132e-05
1.065403e+01	-6.041205e-05
1.071556e+01	-1.473805e-06
1.077746e+01	-1.617920e-04
1.083971e+01	-2.195344e-04
1.090232e+01	-6.405075e-05
1.096529e+01	-6.348471e-05
1.102862e+01	1.201326e-05
1.109232e+01	-1.295956e-05
1.115639e+01	9.417985e-05
1.122083e+01	-2.181603e-05
1.128564e+01	-1.702661e-04
1.135083e+01	1.067540e-05
1.141639e+01	-8.967067e-07
1.148233e+01	8.649519e-05
1.154865e+01	-4.496999e-05
1.161536e+01	-1.670138e-05
1.168245e+01	-9.032935e-06
1.174992e+01	1.353710e-04
1.181779e+01	8.232775e-05
1.188605e+01	-6.515174e-05
1.195470e+01	-1.311317e-04
1.202375e+01	-9.702823e-05
1.209320e+01	1.250428e-04
1.216305e+01	7.379774e-05
1.223330e+01	7.236989e-07
1.230396e+01	-1.889205e-04
1.237503e+01	8.161082e-05
1.244651e+01	-1.053478e-04
1.251840e+01	-1.333226e-04
1.259070e+01	-2.023736e-04
1.266343e+01	1.239128e-05
1.273657e+01	-9.048602e-05
1.281014e+01	-1.919084e-05
1.288413e+01	-1.700407e-04
1.295855e+01	1.162784e-04
1.303339e+01	-4.205706e-05
1.310867e+01	-4.904294e-05
1.318439e+01	-3.050957e-06
1.326054e+01	8.168255e-05
1.333713e+01	1.732265e-05
1.341417e+01	3.945680e-05
1.349165e+01	-1.575772e-04
1.356958e+01	6.902924e-05
1.364795e+01	-1.748182e-04
1.372678e+01	3.895973e-05
1.380607e+01	-1.806910e-04
1.388581e+01	-6.728404e-05
1.396602e+01	-6.652505e-05
1.404668e+01	1.510085e-05
1.412782e+01	-1.417782e-04
1.420942e+01	-9.970154e-05
1.429149e+01	-2.721468e-04
1.437404e+01	3.754607e-07
1.445706e+01	7.205791e-05
1.454057e+01	-1.010526e-04
1.462455e+01	-3.559732e-06
1.470902e+01	-1.261399e-04
1.479398e+01	-1.768829e-05
1.487943e+01	8.470424e-07
1.496537e+01	1.426505e-04
1.505181e+01	2.827510e-05
1.513875e+01	-1.685654e-04
1.522619e+01	8.738761e-05
1.531414e+01	-9.110288e-05
1.540259e+01	2.911327e-05
1.549156e+01	-2.109040e-04
1.558103e+01	-1.594908e-04
1.567103e+01	-2.910706e-05
1.576155e+01	-3.281220e-05
1.585258e+01	-9.414298e-06
1.594415e+01	-1.393286e-04
1.603624e+01	7.723797e-05
1.612886e+01	-7.384588e-05
1.622202e+01	4.884491e-05
1.631572e+01	-3.052959e-05
1.640996e+01	1.005583e-05
1.650474e+01	-2.409681e-05
1.660008e+01	-2.194855e-04
1.669596e+01	2.107576e-06
1.679239e+01	-1.323918e-04
1.688938e+01	-1.031304e-04
1.698694e+01	-9.886661e-06
1.708505e+01	2.730061e-05
1.718373e+01	-1.376355e-04
1.728299e+01	-7.491695e-05
1.738281e+01	-1.459698e-04
1.748322e+01	8.757999e-05
1.758420e+01	4.131623e-05
1.768576e+01	3.659611e-05
1.778792e+01	-1.156728e-04
1.789066e+01	-2.537738e-05
1.799399e+01	1.349666e-04
1.809793e+01	5.529716e-05
1.820246e+01	-1.256357e-04
1.830760e+01	1.988824e-05
1.841334e+01	2.938108e-05
1.851969e+01	2.959822e-05
1.862666e+01	-5.132344e-05
1.873425e+01	7.691551e-05
1.884246e+01	-5.199245e-05
1.895129e+01	-1.804531e-04
1.906075e+01	-1.407157e-04
1.917085e+01	6.251704e-06
1.928158e+01	-6.629330e-05
1.939295e+01	5.948727e-05
1.950496e+01	-4.994491e-05
1.961762e+01	-7.650949e-05
1.973093e+01	-7.653850e-05
1.984490e+01	-1.656262e-05
1.995952e+01	-2.336801e-04
2.007480e+01	-6.840407e-05
2.019076e+01	6.243024e-05
2.030738e+01	6.376515e-05
2.042467e+01	-3.974515e-05
2.054264e+01	-1.331487e-04
2.066130e+01	-1.772354e-04
2.078064e+01	-4.006290e-05
2.090066e+01	-1.596305e-04
2.102139e+01	-1.260927e-04
2.114280e+01	-3.420824e-04
2.126492e+01	-1.641776e-05
2.138775e+01	-4.836019e-05
2.151128e+01	-1.799580e-04
2.163553e+01	-1.110889e-04
2.176050e+01	-2.233330e-04
2.188619e+01	-1.581629e-04
2.201260e+01	-1.060887e-04
2.213974e+01	-1.027966e-04
2.226762e+01	6.188375e-06
2.239624e+01	-1.369333e-04
2.252560e+01	-6.489197e-05
2.265571e+01	-1.166737e-04
2.278656e+01	-1.500119e-04
2.291818e+01	-1.249462e-04
2.305055e+01	-1.375023e-04
2.318369e+01	-7.355159e-05
2.331760e+01	-1.597642e-04
2.345228e+01	-1.286545e-04
2.358774e+01	-1.343920e-04
2.372398e+01	-3.628962e-05
2.386101e+01	-1.269433e-04
2.399883e+01	1.610012e-05
2.413745e+01	-1.124960e-04
2.427686e+01	3.550369e-05
2.441709e+01	-2.038739e-04
2.455812e+01	-8.930916e-05
2.469997e+01	-1.346631e-04
2.484263e+01	-1.525309e-04
2.498612e+01	-1.162229e-04
2.513044e+01	-1.261867e-04
2.527559e+01	-1.182282e-04
2.542158e+01	-6.612705e-05
2.556842e+01	-1.166581e-04
2.571610e+01	-1.639791e-04
2.586463e+01	-6.413524e-05
2.601403e+01	-2.369893e-04
2.616428e+01	-2.554859e-05
2.631541e+01	-1.236000e-04
2.646740e+01	-1.323924e-04
2.662028e+01	-1.129381e-04
2.677404e+01	-1.120288e-04
2.692868e+01	-1.878744e-04
2.708422e+01	-1.362501e-04
2.724066e+01	1.444793e-05
2.739800e+01	-2.410850e-04
2.755625e+01	-2.990583e-05
2.771541e+01	-1.014790e-04
2.787550e+01	-3.162630e-05
2.803650e+01	-9.083967e-05
2.819844e+01	-1.585190e-04
2.836131e+01	-8.361000e-05
2.852513e+01	-1.221943e-04
2.868989e+01	-1.489742e-04
2.885560e+01	-1.238457e-04
2.902227e+01	-8.231576e-05
2.918990e+01	-3.012346e-05
2.935850e+01	-2.037056e-04
2.952807e+01	-1.130977e-04
2.969863e+01	-4.430201e-05
2.987016e+01	-2.334616e-04
3.004269e+01	-2.661900e-05
3.021622e+01	-1.806760e-04
3.039075e+01	-2.276946e-04
3.056628e+01	-2.504265e-04
3.074283e+01	-3.048471e-04
3.092040e+01	-1.236287e-04
3.109900e+01	-1.293273e-04
3.127862e+01	-1.340544e-04
3.145929e+01	-2.278397e-04
3.164099e+01	-1.795505e-04
3.182375e+01	-2.267195e-05
3.200756e+01	-9.925370e-05
3.219244e+01	-2.296783e-04
3.237838e+01	-9.039374e-05
3.256540e+01	-8.350059e-05
3.275349e+01	-9.921369e-05
3.294268e+01	-1.382098e-04
3.313295e+01	-1.636644e-04
3.332433e+01	-3.735030e-05
3.351681e+01	-2.481114e-04
3.371040e+01	-8.624517e-05
3.390511e+01	-8.076334e-06
3.410094e+01	-2.160038e-04
3.429791e+01	-2.349422e-04
3.449601e+01	-2.884761e-04
3.469526e+01	-1.859544e-04
3.489566e+01	-1.930470e-04
3.509721e+01	-3.205963e-04
3.529993e+01	-2.279503e-04
3.550382e+01	-1.385994e-04
3.570889e+01	-3.445159e-04
3.591515e+01	-1.656377e-04
3.612259e+01	-2.012296e-04
3.633123e+01	-3.860354e-04
3.654108e+01	-1.786459e-04
3.675214e+01	-2.973610e-04
3.696442e+01	-1.619998e-04
3.717792e+01	-1.235632e-04
3.739266e+01	-3.098282e-04
3.760864e+01	-2.413395e-04
3.782587e+01	-2.534335e-05
3.804435e+01	-2.473271e-04
3.826409e+01	-2.673408e-04
3.848510e+01	-1.412376e-04
3.870739e+01	-3.032483e-04
3.893096e+01	-2.154403e-04
3.915583e+01	-3.218503e-04
3.938199e+01	-1.676878e-04
3.960946e+01	-3.163294e-04
3.983824e+01	-1.892565e-04
4.006834e+01	-2.824249e-04
4.029978e+01	-1.640404e-04
4.053255e+01	-4.454792e-04
4.076666e+01	-3.541136e-04
4.100213e+01	-2.401235e-04
4.123896e+01	-2.256062e-04
4.147715e+01	-2.345078e-04
4.171672e+01	-2.626925e-04
4.195767e+01	-3.005591e-04
4.220002e+01	-8.419832e-05
4.244377e+01	-2.011646e-04
4.268892e+01	-2.867076e-04
4.293549e+01	-3.398168e-04
4.318348e+01	-4.463288e-04
4.343291e+01	-2.248339e-04
4.368377e+01	-4.963062e-04
4.393609e+01	-1.371298e-04
4.418986e+01	-3.973229e-04
4.444510e+01	-2.666055e-04
4.470182e+01	-2.401658e-04
4.496001e+01	-4.161976e-04
4.521970e+01	-3.203015e-04
4.548089e+01	-3.973858e-04
4.574358e+01	-3.164836e-04
4.600779e+01	-6.628009e-05
4.627353e+01	-2.217164e-04
4.654081e+01	-3.113127e-04
4.680963e+01	-3.799170e-04
4.708000e+01	-2.887847e-04
4.735193e+01	-3.622161e-04
4.762543e+01	-3.397519e-04
4.790051e+01	-3.583437e-04
4.817719e+01	-3.201163e-04
4.845545e+01	-3.260400e-04
4.873533e+01	-5.277478e-04
4.901682e+01	-4.655416e-04
4.929994e+01	-3.598692e-04
4.958470e+01	-4.313246e-04
4.987110e+01	-3.792448e-04
5.015915e+01	-2.971520e-04
5.044887e+01	-4.280794e-04
5.074026e+01	-2.993786e-04
5.103333e+01	-4.311403e-04
5.132810e+01	-4.181279e-04
5.162457e+01	-4.310358e-04
5.192275e+01	-4.590258e-04
5.222265e+01	-5.036628e-04
5.252429e+01	-5.290120e-04
5.282767e+01	-3.135726e-04
5.313280e+01	-5.063667e-04
5.343969e+01	-5.489063e-04
5.374836e+01	-5.626962e-04
5.405880e+01	-5.229442e-04
5.437105e+01	-4.764175e-04
5.468509e+01	-4.999776e-04
5.500095e+01	-7.112874e-04
5.531863e+01	-4.208848e-04
5.563815e+01	-4.564940e-04
5.595951e+01	-6.065954e-04
5.628273e+01	-4.863190e-04
5.660782e+01	-4.591708e-04
5.693479e+01	-4.420193e-04
5.726364e+01	-6.187282e-04
5.759439e+01	-5.283497e-04
5.792705e+01	-4.047344e-04
5.826164e+01	-5.754476e-04
5.859815e+01	-4.222085e-04
5.893662e+01	-4.608632e-04
5.927703e+01	-5.759051e-04
5.961941e+01	-7.002440e-04
5.996377e+01	-5.000620e-04
6.031012e+01	-4.809275e-04
6.065847e+01	-6.991724e-04
6.100883e+01	-5.275235e-04
6.136121e+01	-5.658869e-04
6.171563e+01	-6.347663e-04
6.207210e+01	-5.028755e-04
6.243063e+01	-6.851071e-04
6.279122e+01	-5.467155e-04
6.315390e+01	-5.680818e-04
6.351868e+01	-6.350309e-04
6.388556e+01	-6.812910e-04
6.425456e+01	-7.002075e-04
6.462569e+01	-5.873499e-04
6.499897e+01	-6.169703e-04
6.537440e+01	-7.310679e-04
6.575200e+01	-7.762038e-04
6.613178e+01	-5.610356e-04
6.651375e+01	-7.085477e-04
6.689793e+01	-7.151780e-04
6.728433e+01	-6.291664e-04
6.767297e+01	-6.050913e-04
6.806384e+01	-7.366652e-04
6.845698e+01	-8.789487e-04
6.885238e+01	-7.611151e-04
6.925007e+01	-8.090078e-04
6.965005e+01	-8.440152e-04
7.005235e+01	-8.402955e-04
7.045697e+01	-7.502155e-04
7.086393e+01	-8.110060e-04
7.127323e+01	-8.424764e-04
7.168490e+01	-8.292605e-04
7.209895e+01	-8.058078e-04
7.251539e+01	-9.481177e-04
7.293424e+01	-8.309617e-04
7.335551e+01	-8.799271e-04
7.377920e+01	-8.254542e-04
7.420535e+01	-9.140388e-04
7.463396e+01	-1.008745e-03
7.506504e+01	-9.854802e-04
7.549861e+01	-9.393785e-04
7.593469e+01	-7.192727e-04
7.637328e+01	-9.502716e-04
7.681441e+01	-9.083388e-04
7.725809e+01	-9.278529e-04
7.770433e+01	-1.069214e-03
7.815315e+01	-1.002835e-03
7.860456e+01	-9.855557e-04
7.905857e+01	-9.875558e-04
7.951521e+01	-1.140032e-03
7.997449e+01	-1.096387e-03
8.043642e+01	-1.079297e-03
8.090102e+01	-1.066171e-03
8.136830e+01	-1.079478e-03
8.183828e+01	-1.159521e-03
8.231097e+01	-1.105831e-03
8.278640e+01	-1.064271e-03
8.326457e+01	-1.153133e-03
8.374550e+01	-1.126660e-03
8.422921e+01	-1.228292e-03
8.471572e+01	-1.111225e-03
8.520503e+01	-1.151942e-03
8.569717e+01	-1.241323e-03
8.619215e+01	-1.119054e-03
8.669000e+01	-1.150646e-03
8.719071e+01	-1.203605e-03
8.769432e+01	-1.185983e-03
8.820084e+01	-1.054825e-03
8.871029e+01	-1.113950e-03
8.922267e+01	-1.311199e-03
8.973802e+01	-1.204505e-03
9.025634e+01	-1.345760e-03
9.077766e+01	-1.250329e-03
9.130199e+01	-1.286130e-03
9.182935e+01	-1.339912e-03
9.235975e+01	-1.451205e-03
9.289321e+01	-1.245629e-03
9.342976e+01	-1.522273e-03
9.396941e+01	-1.371403e-03
9.451217e+01	-1.404221e-03
9.505807e+01	-1.398443e-03
9.560712e+01	-1.301376e-03
9.615934e+01	-1.570126e-03
9.671476e+01	-1.327265e-03
9.727338e+01	-1.601911e-03
9.783522e+01	-1.454886e-03
9.840032e+01	-1.405448e-03
9.896867e+01	-1.562670e-03
9.954031e+01	-1.595022e-03
1.001153e+02	-1.833639e-03
1.006935e+02	-1.696439e-03
1.012751e+02	-1.657730e-03
1.018601e+02	-1.586019e-03
1.024484e+02	-1.719455e-03
1.030402e+02	-1.640891e-03
1.036353e+02	-1.749331e-03
1.042339e+02	-1.768862e-03
1.048360e+02	-1.613545e-03
1.054415e+02	-1.725780e-03
1.060505e+02	-1.795806e-03
1.066631e+02	-1.789680e-03
1.072791e+02	-1.774210e-03
1.078988e+02	-1.767727e-03
1.085220e+02	-1.749130e-03
1.091488e+02	-1.871023e-03
1.097793e+02	-1.829594e-03
1.104133e+02	-2.042792e-03
1.110511e+02	-1.868109e-03
1.116925e+02	-1.926889e-03
1.123376e+02	-1.966873e-03
1.129865e+02	-1.961268e-03
1.136391e+02	-1.911229e-03
1.142955e+02	-2.018368e-03
1.149556e+02	-2.085151e-03
1.156196e+02	-2.165008e-03
1.162874e+02	-2.074565e-03
1.169591e+02	-2.318059e-03
1.176347e+02	-2.179771e-03
1.183141e+02	-2.365512e-03
1.189975e+02	-2.297120e-03
1.196848e+02	-2.286419e-03
1.203761e+02	-2.508753e-03
1.210714e+02	-2.316740e-03
1.217707e+02	-2.369230e-03
1.224740e+02	-2.305493e-03
1.231814e+02	-2.349029e-03
1.238929e+02	-2.396536e-03
1.246085e+02	-2.505678e-03
1.253283e+02	-2.419608e-03
1.260522e+02	-2.462769e-03
1.267802e+02	-2.529756e-03
1.275125e+02	-2.661113e-03
1.282490e+02	-2.679800e-03
1.289898e+02	-2.569825e-03
1.297348e+02	-2.709249e-03
1.304842e+02	-2.700033e-03
1.312378e+02	-2.769866e-03
1.319959e+02	-2.780066e-03
1.327583e+02	-2.847146e-03
1.335251e+02	-2.894754e-03
1.342963e+02	-2.787310e-03
1.350720e+02	-2.923648e-03
1.358522e+02	-2.867411e-03
1.366368e+02	-2.962517e-03
1.374260e+02	-2.997267e-03
1.382198e+02	-3.036112e-03
1.390182e+02	-3.208411e-03
1.398211e+02	-3.060570e-03
1.406287e+02	-3.086123e-03
1.414410e+02	-3.108971e-03
1.422579e+02	-3.182822e-03
1.430796e+02	-3.405707e-03
1.439060e+02	-3.316963e-03
1.447372e+02	-3.188442e-03
1.455732e+02	-3.459434e-03
1.464141e+02	-3.453255e-03
1.472597e+02	-3.490515e-03
1.481103e+02	-3.378911e-03
1.489658e+02	-3.409461e-03
1.498262e+02	-3.567532e-03
1.506916e+02	-3.366690e-03
1.515620e+02	-3.737571e-03
1.524374e+02	-3.578049e-03
1.533179e+02	-3.591499e-03
1.542034e+02	-3.706146e-03
1.550941e+02	-3.813681e-03
1.559899e+02	-3.868784e-03
1.568909e+02	-4.028032e-03
1.577971e+02	-3.927580e-03
1.587085e+02	-3.976219e-03
1.596252e+02	-4.022316e-03
1.605472e+02	-3.992468e-03
1.614745e+02	-4.141882e-03
1.624072e+02	-4.196694e-03
1.633453e+02	-4.318449e-03
1.642887e+02	-4.361392e-03
1.652377e+02	-4.400125e-03
1.661921e+02	-4.364512e-03
1.671520e+02	-4.472343e-03
1.681175e+02	-4.466087e-03
1.690885e+02	-4.536743e-03
1.700651e+02	-4.624360e-03
1.710474e+02	-4.568910e-03
1.720354e+02	-4.692237e-03
1.730291e+02	-4.935308e-03
1.740285e+02	-4.820560e-03
1.750337e+02	-4.900230e-03
1.760446e+02	-4.900349e-03
1.770615e+02	-4.911337e-03
1.780842e+02	-4.999495e-03
1.791128e+02	-5.171542e-03
1.801473e+02	-5.059982e-03
1.811878e+02	-5.190986e-03
1.822344e+02	-5.189749e-03
1.832870e+02	-5.442809e-03
1.843456e+02	-5.591070e-03
1.854104e+02	-5.381462e-03
1.864813e+02	-5.436468e-03
1.875584e+02	-5.536430e-03
1.886418e+02	-5.739647e-03
1.897313e+02	-5.756520e-03
1.908272e+02	-5.764954e-03
1.919294e+02	-5.827515e-03
1.930380e+02	-6.044324e-03
1.941530e+02	-6.085426e-03
1.952744e+02	-6.069135e-03
1.964023e+02	-5.967702e-03
1.975367e+02	-6.056505e-03
1.986777e+02	-6.214940e-03
1.998252e+02	-6.286684e-03
2.009794e+02	-6.514036e-03
2.021403e+02	-6.637113e-03
2.033078e+02	-6.586888e-03
2.044821e+02	-6.722346e-03
2.056632e+02	-6.552943e-03
2.068511e+02	-6.743584e-03
2.080459e+02	-6.969230e-03
2.092475e+02	-6.841926e-03
2.104561e+02	-7.036618e-03
2.116717e+02	-7.013113e-03
2.128943e+02	-7.377278e-03
2.141240e+02	-7.111596e-03
2.153608e+02	-7.221841e-03
2.166047e+02	-7.400556e-03
2.178558e+02	-7.520849e-03
2.191141e+02	-7.759679e-03
2.203797e+02	-7.699099e-03
2.216526e+02	-7.808291e-03
2.229329e+02	-7.760196e-03
2.242205e+02	-8.164552e-03
2.255156e+02	-8.127092e-03
2.268182e+02	-8.239084e-03
2.281283e+02	-8.399340e-03
2.294459e+02	-8.342942e-03
2.307712e+02	-8.443027e-03
2.321041e+02	-8.589308e-03
2.334447e+02	-8.811931e-03
2.347931e+02	-8.701579e-03
2.361493e+02	-8.870574e-03
2.375133e+02	-9.036963e-03
2.388851e+02	-9.079516e-03
2.402649e+02	-9.099123e-03
2.416527e+02	-9.329274e-03
2.430484e+02	-9.413401e-03
2.444523e+02	-9.480151e-03
2.458642e+02	-9.576805e-03
2.472843e+02	-9.753289e-03
2.487126e+02	-9.821160e-03
2.501492e+02	-9.892239e-03
2.515940e+02	-1.019081e-02
2.530472e+02	-1.016969e-02
2.545088e+02	-1.043297e-02
2.559789e+02	-1.038802e-02
2.574574e+02	-1.045029e-02
2.589444e+02	-1.058315e-02
2.604401e+02	-1.082778e-02
2.619444e+02	-1.076032e-02
2.634574e+02	-1.092251e-02
2.649791e+02	-1.113031e-02
2.665096e+02	-1.120858e-02
2.680489e+02	-1.139681e-02
2.695972e+02	-1.150595e-02
2.711544e+02	-1.169181e-02
2.727205e+02	-1.187858e-02
2.742958e+02	-1.203220e-02
2.758801e+02	-1.208508e-02
2.774736e+02	-1.234648e-02
2.790762e+02	-1.246102e-02
2.806882e+02	-1.251826e-02
2.823094e+02	-1.264993e-02
2.839400e+02	-1.290094e-02
2.855800e+02	-1.278892e-02
2.872295e+02	-1.322227e-02
2.888886e+02	-1.314936e-02
2.905572e+02	-1.338867e-02
2.922354e+02	-1.360471e-02
2.939234e+02	-1.363931e-02
2.956211e+02	-1.395748e-02
2.973286e+02	-1.410713e-02
2.990459e+02	-1.392380e-02
3.007732e+02	-1.445511e-02
3.025104e+02	-1.446384e-02
3.042577e+02	-1.466022e-02
3.060151e+02	-1.489956e-02
3.077826e+02	-1.506627e-02
3.095604e+02	-1.493935e-02
3.113484e+02	-1.536740e-02
3.131467e+02	-1.551241e-02
3.149554e+02	-1.573470e-02
3.167746e+02	-1.592124e-02
3.186043e+02	-1.612758e-02
3.204445e+02	-1.636783e-02
3.222954e+02	-1.651708e-02
3.241570e+02	-1.668735e-02
3.260293e+02	-1.670583e-02
3.279124e+02	-1.713460e-02
3.298064e+02	-1.722707e-02
3.317114e+02	-1.741501e-02
3.336273e+02	-1.776950e-02
3.355544e+02	-1.780580e-02
3.374925e+02	-1.805540e-02
3.394418e+02	-1.825016e-02
3.414024e+02	-1.844202e-02
3.433744e+02	-1.876892e-02
3.453577e+02	-1.876806e-02
3.473525e+02	-1.899588e-02
3.493588e+02	-1.936213e-02
3.513766e+02	-1.941529e-02
3.534062e+02	-1.983097e-02
3.554474e+02	-2.004523e-02
3.575005e+02	-2.035080e-02
3.595654e+02	-2.045144e-02
3.616422e+02	-2.067913e-02
3.637311e+02	-2.103534e-02
3.658320e+02	-2.135645e-02
3.679450e+02	-2.135585e-02
3.700702e+02	-2.171116e-02
3.722077e+02	-2.197746e-02
3.743576e+02	-2.231500e-02
3.765199e+02	-2.230603e-02
3.786946e+02	-2.277189e-02
3.808820e+02	-2.298419e-02
3.830819e+02	-2.321873e-02
3.852946e+02	-2.353787e-02
3.875200e+02	-2.374151e-02
3.897583e+02	-2.403606e-02
3.920096e+02	-2.429363e-02
3.942738e+02	-2.465269e-02
3.965511e+02	-2.492796e-02
3.988416e+02	-2.512631e-02
4.011452e+02	-2.536069e-02
4.034622e+02	-2.592577e-02
4.057926e+02	-2.607457e-02
4.081365e+02	-2.641275e-02
4.104938e+02	-2.670840e-02
4.128648e+02	-2.688498e-02
4.152495e+02	-2.716933e-02
4.176480e+02	-2.744590e-02
4.200603e+02	-2.791684e-02
4.224866e+02	-2.825590e-02
4.249268e+02	-2.866679e-02
4.273812e+02	-2.875003e-02
4.298497e+02	-2.900801e-02
4.323325e+02	-2.969443e-02
4.348297e+02	-2.998796e-02
4.373412e+02	-3.032234e-02
4.398673e+02	-3.063646e-02
4.424079e+02	-3.109028e-02
4.449633e+02	-3.126736e-02
4.475334e+02	-3.174591e-02
4.501183e+02	-3.198211e-02
4.527182e+02	-3.237951e-02
4.553330e+02	-3.275359e-02
4.579630e+02	-3.324468e-02
4.606082e+02	-3.346776e-02
4.632687e+02	-3.419344e-02
4.659445e+02	-3.441125e-02
4.686358e+02	-3.473504e-02
4.713426e+02	-3.520316e-02
4.740650e+02	-3.558082e-02
4.768032e+02	-3.610451e-02
4.795572e+02	-3.643176e-02
4.823271e+02	-3.673838e-02
4.851130e+02	-3.724405e-02
4.879150e+02	-3.787569e-02
4.907332e+02	-3.790547e-02
4.935676e+02	-3.852913e-02
4.964185e+02	-3.914088e-02
4.992858e+02	-3.932986e-02
5.021696e+02	-3.977939e-02
5.050701e+02	-4.042906e-02
5.079874e+02	-4.090358e-02
5.109215e+02	-4.111268e-02
5.138726e+02	-4.186995e-02
5.168407e+02	-4.222844e-02
5.198259e+02	-4.279356e-02
5.228284e+02	-4.319959e-02
5.258482e+02	-4.381209e-02
5.288855e+02	-4.420709e-02
5.319403e+02	-4.475225e-02
5.350128e+02	-4.517929e-02
5.381030e+02	-4.579785e-02
5.412111e+02	-4.635951e-02
5.443371e+02	-4.686548e-02
5.474812e+02	-4.748982e-02
5.506434e+02	-4.797804e-02
5.538239e+02	-4.842781e-02
5.570228e+02	-4.909440e-02
5.602401e+02	-4.950088e-02
5.634760e+02	-5.025040e-02
5.667306e+02	-5.083527e-02
5.700040e+02	-5.133070e-02
5.732964e+02	-5.184999e-02
5.766077e+02	-5.247666e-02
5.799382e+02	-5.317377e-02
5.832879e+02	-5.382597e-02
5.866569e+02	-5.416822e-02
5.900454e+02	-5.507559e-02
5.934535e+02	-5.551981e-02
5.968813e+02	-5.627762e-02
6.003288e+02	-5.702366e-02
6.037963e+02	-5.765335e-02
6.072838e+02	-5.821894e-02
6.107914e+02	-5.895162e-02
6.143194e+02	-5.951797e-02
6.178676e+02	-6.036086e-02
6.214364e+02	-6.095792e-02
6.250258e+02	-6.167298e-02
6.286359e+02	-6.230562e-02
6.322669e+02	-6.300194e-02
6.359189e+02	-6.396205e-02
6.395919e+02	-6.461783e-02
6.432862e+02	-6.524093e-02
6.470017e+02	-6.603306e-02
6.507388e+02	-6.676035e-02
6.544974e+02	-6.760109e-02
6.582778e+02	-6.819331e-02
6.620800e+02	-6.907450e-02
6.659041e+02	-6.994707e-02
6.697504e+02	-7.078668e-02
6.736188e+02	-7.150947e-02
6.775096e+02	-7.214056e-02
6.814229e+02	-7.310797e-02
6.853587e+02	-7.399650e-02
6.893173e+02	-7.497647e-02
6.932988e+02	-7.567242e-02
6.973033e+02	-7.655515e-02
7.013309e+02	-7.742869e-02
7.053817e+02	-7.838032e-02
7.094560e+02	-7.913170e-02
7.135538e+02	-8.030442e-02
7.176752e+02	-8.109443e-02
7.218205e+02	-8.218644e-02
7.259897e+02	-8.295642e-02
7.301830e+02	-8.398375e-02
7.344005e+02	-8.477602e-02
7.386424e+02	-8.592734e-02
7.429087e+02	-8.692802e-02
7.471998e+02	-8.781875e-02
7.515155e+02	-8.886655e-02
7.558563e+02	-8.973851e-02
7.602221e+02	-9.091147e-02
7.646131e+02	-9.188251e-02
7.690295e+02	-9.289565e-02
7.734713e+02	-9.404114e-02
7.779389e+02	-9.503215e-02
7.824322e+02	-9.621870e-02
7.869515e+02	-9.718596e-02
7.914969e+02	-9.841040e-02
7.960686e+02	-9.946229e-02
8.006666e+02	-1.007544e-01
8.052912e+02	-1.017906e-01
8.099426e+02	-1.029420e-01
8.146208e+02	-1.041674e-01
8.193260e+02	-1.053708e-01
8.240584e+02	-1.065081e-01
8.288181e+02	-1.077231e-01
8.336053e+02	-1.090857e-01
8.384202e+02	-1.103004e-01
8.432629e+02	-1.114802e-01
8.481335e+02	-1.128174e-01
8.530323e+02	-1.140406e-01
8.579594e+02	-1.153789e-01
8.629149e+02	-1.167676e-01
8.678991e+02	-1.179979e-01
8.729120e+02	-1.195153e-01
8.779539e+02	-1.208392e-01
8.830250e+02	-1.223698e-01
8.881253e+02	-1.236267e-01
8.932551e+02	-1.250086e-01
8.984145e+02	-1.263683e-01
9.036037e+02	-1.280084e-01
9.088229e+02	-1.293644e-01
9.140722e+02	-1.308162e-01
9.193518e+02	-1.322795e-01
9.246620e+02	-1.337703e-01
9.300028e+02	-1.353043e-01
9.353744e+02	-1.368614e-01
9.407771e+02	-1.384682e-01
9.462110e+02	-1.401000e-01
9.516763e+02	-1.417084e-01
9.571731e+02	-1.432242e-01
9.627017e+02	-1.449505e-01
9.682622e+02	-1.464639e-01
9.738549e+02	-1.480436e-01
9.794798e+02	-1.497201e-01
9.851373e+02	-1.514361e-01
9.908274e+02	-1.532661e-01
9.965504e+02	-1.550785e-01
1.002306e+03	-1.566568e-01
1.008096e+03	-1.586612e-01
1.013918e+03	-1.603922e-01
1.019775e+03	-1.621070e-01
1.025665e+03	-1.639995e-01
1.031589e+03	-1.658015e-01
1.037548e+03	-1.676665e-01
1.043540e+03	-1.696841e-01
1.049568e+03	-1.717329e-01
1.055630e+03	-1.736161e-01
1.061727e+03	-1.755709e-01
1.067860e+03	-1.774298e-01
1.074028e+03	-1.794643e-01
1.080231e+03	-1.815069e-01
1.086471e+03	-1.837603e-01
1.092746e+03	-1.856232e-01
1.099058e+03	-1.879815e-01
1.105406e+03	-1.899057e-01
1.111791e+03	-1.920542e-01
1.118212e+03	-1.942523e-01
1.124671e+03	-1.965847e-01
1.131167e+03	-1.985697e-01
1.137701e+03	-2.009903e-01
1.144272e+03	-2.033416e-01
1.150881e+03	-2.055620e-01
1.157529e+03	-2.076913e-01
1.164215e+03	-2.101894e-01
1.170939e+03	-2.125183e-01
1.177702e+03	-2.150328e-01
1.184505e+03	-2.173550e-01
1.191346e+03	-2.199862e-01
1.198227e+03	-2.222522e-01
1.205148e+03	-2.249089e-01
1.212109e+03	-2.274093e-01
1.219110e+03	-2.300309e-01
1.226152e+03	-2.323862e-01
1.233234e+03	-2.351743e-01
1.240357e+03	-2.378811e-01
1.247521e+03	-2.404107e-01
1.254727e+03	-2.433124e-01
1.261974e+03	-2.460428e-01
1.269263e+03	-2.485642e-01
1.276595e+03	-2.515482e-01
1.283968e+03	-2.542180e-01
1.291384e+03	-2.571849e-01
1.298843e+03	-2.602866e-01
1.306345e+03	-2.632043e-01
1.313891e+03	-2.658422e-01
1.321480e+03	-2.688797e-01
1.329113e+03	-2.719598e-01
1.336790e+03	-2.750079e-01
1.344511e+03	-2.780435e-01
1.352277e+03	-2.813364e-01
1.360087e+03	-2.842819e-01
1.367943e+03	-2.874868e-01
1.375844e+03	-2.908396e-01
1.383791e+03	-2.939923e-01
1.391784e+03	-2.974737e-01
1.399823e+03	-3.007370e-01
1.407908e+03	-3.041102e-01
1.416040e+03	-3.073804e-01
1.424219e+03	-3.107448e-01
1.432445e+03	-3.144613e-01
1.440719e+03	-3.179256e-01
1.449041e+03	-3.213868e-01
1.457410e+03	-3.247408e-01
1.465828e+03	-3.287363e-01
1.474295e+03	-3.321898e-01
1.482810e+03	-3.361500e-01
1.491375e+03	-3.396858e-01
1.499989e+03	-3.435438e-01
1.508653e+03	-3.473603e-01
1.517367e+03	-3.512115e-01
1.526131e+03	-3.552010e-01
1.534946e+03	-3.591431e-01
1.543812e+03	-3.627322e-01
1.552729e+03	-3.671321e-01
1.561697e+03	-3.712833e-01
1.570717e+03	-3.755001e-01
1.579790e+03	-3.795689e-01
1.588915e+03	-3.837761e-01
1.598092e+03	-3.880269e-01
1.607323e+03	-3.921556e-01
1.616606e+03	-3.964825e-01
1.625944e+03	-4.009391e-01
1.635335e+03	-4.053013e-01
1.644781e+03	-4.100089e-01
1.654281e+03	-4.142556e-01
1.663836e+03	-4.188428e-01
1.673446e+03	-4.236137e-01
1.683112e+03	-4.283244e-01
1.692834e+03	-4.330703e-01
1.702611e+03	-4.377672e-01
1.712446e+03	-4.424674e-01
1.722337e+03	-4.474513e-01
1.732285e+03	-4.522859e-01
1.742290e+03	-4.572967e-01
1.752354e+03	-4.621584e-01
1.762475e+03	-4.675024e-01
1.772655e+03	-4.726981e-01
1.782894e+03	-4.777577e-01
1.793192e+03	-4.830171e-01
1.803549e+03	-4.881251e-01
1.813967e+03	-4.935517e-01
1.824444e+03	-4.990336e-01
1.834982e+03	-5.044014e-01
1.845581e+03	-5.099280e-01
1.856241e+03	-5.153715e-01
1.866962e+03	-5.209856e-01
1.877746e+03	-5.268151e-01
1.888592e+03	-5.323551e-01
1.899500e+03	-5.383935e-01
1.910472e+03	-5.443125e-01
1.921506e+03	-5.502947e-01
1.932605e+03	-5.561190e-01
1.943768e+03	-5.620533e-01
1.954995e+03	-5.682850e-01
1.966287e+03	-5.742825e-01
1.977644e+03	-5.805406e-01
1.989067e+03	-5.868770e-01
2.000555e+03	-5.933476e-01
2.012110e+03	-5.997438e-01
2.023732e+03	-6.062120e-01
2.035421e+03	-6.128043e-01
2.047178e+03	-6.194295e-01
2.059002e+03	-6.259443e-01
2.070895e+03	-6.329355e-01
2.082856e+03	-6.397084e-01
2.094887e+03	-6.465707e-01
2.106987e+03	-6.535556e-01
2.119157e+03	-6.604496e-01
2.131397e+03	-6.675324e-01
2.143708e+03	-6.748023e-01
2.156090e+03	-6.817649e-01
2.168543e+03	-6.892327e-01
2.181069e+03	-6.965865e-01
2.193666e+03	-7.040507e-01
2.206337e+03	-7.117689e-01
2.219081e+03	-7.192335e-01
2.231898e+03	-7.269431e-01
2.244789e+03	-7.345483e-01
2.257755e+03	-7.423758e-01
2.270796e+03	-7.503173e-01
2.283912e+03	-7.582755e-01
2.297104e+03	-7.661868e-01
2.310372e+03	-7.745065e-01
2.323716e+03	-7.824296e-01
2.337138e+03	-7.910678e-01
2.350637e+03	-7.992741e-01
2.364214e+03	-8.078050e-01
2.377870e+03	-8.163905e-01
2.391604e+03	-8.247551e-01
2.405418e+03	-8.335166e-01
2.419312e+03	-8.422472e-01
2.433286e+03	-8.510880e-01
2.447340e+03	-8.602572e-01
2.461476e+03	-8.690637e-01
2.475693e+03	-8.783694e-01
2.489993e+03	-8.875647e-01
2.504375e+03	-8.967242e-01
2.518840e+03	-9.062925e-01
2.533389e+03	-9.154534e-01
2.548022e+03	-9.250162e-01
2.562739e+03	-9.349001e-01
2.577541e+03	-9.445045e-01
2.592429e+03	-9.541476e-01
2.607403e+03	-9.641126e-01
2.622463e+03	-9.743155e-01
2.637610e+03	-9.842396e-01
2.652845e+03	-9.943609e-01
2.668168e+03	-1.004714e+00
2.683579e+03	-1.015212e+00
2.699079e+03	-1.025568e+00
2.714669e+03	-1.036245e+00
2.730349e+03	-1.047062e+00
2.746119e+03	-1.057787e+00
2.761981e+03	-1.068488e+00
2.777934e+03	-1.079507e+00
2.793979e+03	-1.090381e+00
2.810117e+03	-1.101648e+00
2.826348e+03	-1.112928e+00
2.842673e+03	-1.124305e+00
2.859092e+03	-1.135532e+00
2.875606e+03	-1.147235e+00
2.892215e+03	-1.158920e+00
2.908921e+03	-1.170464e+00
2.925722e+03	-1.182623e+00
2.942621e+03	-1.194462e+00
2.959618e+03	-1.206340e+00
2.976712e+03	-1.218758e+00
2.993906e+03	-1.231054e+00
3.011198e+03	-1.243392e+00
3.028591e+03	-1.255821e+00
3.046084e+03	-1.268480e+00
3.063678e+03	-1.281038e+00
3.081374e+03	-1.294123e+00
3.099172e+03	-1.306732e+00
3.117072e+03	-1.319864e+00
3.135076e+03	-1.333215e+00
3.153184e+03	-1.346460e+00
3.171397e+03	-1.359765e+00
3.189715e+03	-1.373217e+00
3.208139e+03	-1.387086e+00
3.226669e+03	-1.400710e+00
3.245306e+03	-1.414483e+00
3.264051e+03	-1.428390e+00
3.282904e+03	-1.442511e+00
3.301866e+03	-1.456639e+00
3.320937e+03	-1.470896e+00
3.340119e+03	-1.485430e+00
3.359411e+03	-1.499707e+00
3.378815e+03	-1.514472e+00
3.398331e+03	-1.529277e+00
3.417959e+03	-1.544043e+00
3.437701e+03	-1.559277e+00
3.457557e+03	-1.574389e+00
3.477528e+03	-1.589546e+00
3.497614e+03	-1.605002e+00
3.517816e+03	-1.620447e+00
3.538135e+03	-1.636001e+00
3.558571e+03	-1.651848e+00
3.579125e+03	-1.667617e+00
3.599798e+03	-1.683660e+00
3.620590e+03	-1.699777e+00
3.641503e+03	-1.716062e+00
3.662536e+03	-1.732396e+00
3.683691e+03	-1.748921e+00
3.704967e+03	-1.765561e+00
3.726367e+03	-1.782235e+00
3.747890e+03	-1.799196e+00
3.769538e+03	-1.816123e+00
3.791311e+03	-1.833300e+00
3.813209e+03	-1.850675e+00
3.835234e+03	-1.867983e+00
3.857386e+03	-1.885509e+00
3.879667e+03	-1.902855e+00
3.902075e+03	-1.921002e+00
3.924614e+03	-1.938798e+00
3.947282e+03	-1.956876e+00
3.970081e+03	-1.975171e+00
3.993012e+03	-1.993423e+00
4.016076e+03	-2.011773e+00
4.039272e+03	-2.030431e+00
4.062603e+03	-2.049272e+00
4.086069e+03	-2.067904e+00
4.109670e+03	-2.086896e+00
4.133407e+03	-2.106137e+00
4.157281e+03	-2.125243e+00
4.181294e+03	-2.144667e+00
4.205445e+03	-2.164467e+00
4.229735e+03	-2.184032e+00
4.254166e+03	-2.203557e+00
4.278738e+03	-2.223890e+00
4.303451e+03	-2.243753e+00
4.328308e+03	-2.264267e+00
4.353308e+03	-2.284543e+00
4.378453e+03	-2.304760e+00
4.403742e+03	-2.325590e+00
4.429178e+03	-2.346353e+00
4.454761e+03	-2.367154e+00
4.480492e+03	-2.388121e+00
4.506371e+03	-2.409494e+00
4.532399e+03	-2.430799e+00
4.558578e+03	-2.452060e+00
4.584908e+03	-2.473763e+00
4.611391e+03	-2.495548e+00
4.638026e+03	-2.517277e+00
4.664815e+03	-2.539414e+00
4.691759e+03	-2.561648e+00
4.718858e+03	-2.583813e+00
4.746114e+03	-2.606066e+00
4.773527e+03	-2.628993e+00
4.801099e+03	-2.651916e+00
4.828830e+03	-2.674281e+00
4.856721e+03	-2.697632e+00
4.884773e+03	-2.720705e+00
4.912988e+03	-2.744061e+00
4.941365e+03	-2.767374e+00
4.969906e+03	-2.791162e+00
4.998612e+03	-2.814866e+00
5.027484e+03	-2.838846e+00
5.056522e+03	-2.862745e+00
5.085729e+03	-2.886882e+00
5.115104e+03	-2.911303e+00
5.144648e+03	-2.935545e+00
5.174363e+03	-2.960427e+00
5.204250e+03	-2.985015e+00
5.234310e+03	-3.009956e+00
5.264543e+03	-3.034821e+00
5.294951e+03	-3.059952e+00
5.325534e+03	-3.085265e+00
5.356294e+03	-3.110676e+00
5.387232e+03	-3.136292e+00
5.418348e+03	-3.161927e+00
5.449645e+03	-3.187925e+00
5.481122e+03	-3.213828e+00
5.512780e+03	-3.240071e+00
5.544622e+03	-3.266123e+00
5.576647e+03	-3.292907e+00
5.608858e+03	-3.319194e+00
5.641254e+03	-3.346217e+00
5.673838e+03	-3.372942e+00
5.706610e+03	-3.399920e+00
5.739571e+03	-3.427064e+00
5.772723e+03	-3.454163e+00
5.806066e+03	-3.481789e+00
5.839601e+03	-3.509454e+00
5.873331e+03	-3.537247e+00
5.907255e+03	-3.564679e+00
5.941375e+03	-3.592942e+00
5.975692e+03	-3.620979e+00
6.010207e+03	-3.649185e+00
6.044922e+03	-3.677400e+00
6.079837e+03	-3.706280e+00
6.114954e+03	-3.734654e+00
6.150274e+03	-3.763916e+00
6.185797e+03	-3.792490e+00
6.221526e+03	-3.821536e+00
6.257462e+03	-3.851084e+00
6.293605e+03	-3.880216e+00
6.329956e+03	-3.909896e+00
6.366518e+03	-3.939411e+00
6.403290e+03	-3.969226e+00
6.440276e+03	-3.999147e+00
6.477474e+03	-4.029119e+00
6.514888e+03	-4.059231e+00
6.552518e+03	-4.089434e+00
6.590365e+03	-4.119998e+00
6.628430e+03	-4.150774e+00
6.666716e+03	-4.181380e+00
6.705223e+03	-4.212185e+00
6.743952e+03	-4.243010e+00
6.782905e+03	-4.274477e+00
6.822082e+03	-4.305591e+00
6.861486e+03	-4.337141e+00
6.901118e+03	-4.368289e+00
6.940979e+03	-4.399871e+00
6.981069e+03	-4.431796e+00
7.021392e+03	-4.463649e+00
7.061947e+03	-4.495830e+00
7.102737e+03	-4.528003e+00
7.143762e+03	-4.560111e+00
7.185024e+03	-4.592778e+00
7.226524e+03	-4.624943e+00
7.268264e+03	-4.657962e+00
7.310246e+03	-4.690968e+00
7.352469e+03	-4.723730e+00
7.394937e+03	-4.756724e+00
7.437650e+03	-4.789611e+00
7.480609e+03	-4.823157e+00
7.523817e+03	-4.856515e+00
7.567274e+03	-4.889961e+00
7.610982e+03	-4.923738e+00
7.654943e+03	-4.957225e+00
7.699158e+03	-4.991345e+00
7.743628e+03	-5.025165e+00
7.788355e+03	-5.059633e+00
7.833340e+03	-5.093808e+00
7.878585e+03	-5.128098e+00
7.924091e+03	-5.162664e+00
7.969861e+03	-5.197364e+00
8.015894e+03	-5.232345e+00
8.062194e+03	-5.267010e+00
8.108761e+03	-5.302080e+00
8.155596e+03	-5.337284e+00
8.202703e+03	-5.372369e+00
8.250081e+03	-5.407284e+00
8.297733e+03	-5.442730e+00
8.345661e+03	-5.478239e+00
8.393865e+03	-5.513940e+00
8.442348e+03	-5.549668e+00
8.491110e+03	-5.585637e+00
8.540155e+03	-5.621913e+00
8.589482e+03	-5.657734e+00
8.639095e+03	-5.693873e+00
8.688994e+03	-5.730264e+00
8.739181e+03	-5.766828e+00
8.789658e+03	-5.803326e+00
8.840427e+03	-5.840171e+00
8.891489e+03	-5.876475e+00
8.942846e+03	-5.913367e+00
8.994499e+03	-5.949981e+00
9.046451e+03	-5.987329e+00
9.098703e+03	-6.024931e+00
9.151257e+03	-6.061813e+00
9.204114e+03	-6.099261e+00
9.257277e+03	-6.136644e+00
9.310746e+03	-6.174244e+00
9.364525e+03	-6.211937e+00
9.418614e+03	-6.249317e+00
9.473015e+03	-6.287766e+00
9.527731e+03	-6.325545e+00
9.582763e+03	-6.363389e+00
9.638113e+03	-6.401780e+00
9.693782e+03	-6.439805e+00
9.749773e+03	-6.478102e+00
9.806087e+03	-6.516743e+00
9.862727e+03	-6.555204e+00
9.919693e+03	-6.593960e+00
9.976989e+03	-6.632803e+00
1.003462e+04	-6.671074e+00
1.009258e+04	-6.710458e+00
1.015087e+04	-6.748995e+00
1.020950e+04	-6.788214e+00
1.026847e+04	-6.827642e+00
1.032778e+04	-6.866596e+00
1.038743e+04	-6.906080e+00
1.044743e+04	-6.946085e+00
1.050777e+04	-6.985127e+00
1.056847e+04	-7.024756e+00
1.062951e+04	-7.064393e+00
1.069091e+04	-7.103942e+00
1.075266e+04	-7.144065e+00
1.081476e+04	-7.183657e+00
1.087723e+04	-7.223656e+00
1.094006e+04	-7.263664e+00
1.100324e+04	-7.303793e+00
1.106680e+04	-7.344078e+00
1.113072e+04	-7.384576e+00
1.119501e+04	-7.425170e+00
1.125967e+04	-7.465298e+00
1.132471e+04	-7.505804e+00
1.139012e+04	-7.546531e+00
1.145591e+04	-7.587255e+00
1.152208e+04	-7.627827e+00
1.158863e+04	-7.668795e+00
1.165556e+04	-7.710081e+00
1.172289e+04	-7.750883e+00
1.179060e+04	-7.792073e+00
1.185870e+04	-7.833043e+00
1.192719e+04	-7.874145e+00
1.199608e+04	-7.915533e+00
1.206537e+04	-7.957049e+00
1.213506e+04	-7.998452e+00
1.220515e+04	-8.039801e+00
1.227565e+04	-8.081192e+00
1.234655e+04	-8.122850e+00
1.241787e+04	-8.164605e+00
1.248959e+04	-8.206208e+00
1.256173e+04	-8.248340e+00
1.263429e+04	-8.289817e+00
1.270726e+04	-8.331969e+00
1.278066e+04	-8.374311e+00
1.285448e+04	-8.416014e+00
1.292873e+04	-8.458185e+00
1.300340e+04	-8.500265e+00
1.307851e+04	-8.542287e+00
1.315405e+04	-8.584887e+00
1.323003e+04	-8.627194e+00
1.330644e+04	-8.669638e+00
1.338330e+04	-8.711832e+00
1.346060e+04	-8.754372e+00
1.353835e+04	-8.796967e+00
1.361655e+04	-8.839593e+00
1.369520e+04	-8.882270e+00
1.377430e+04	-8.924906e+00
1.385386e+04	-8.967840e+00
1.393388e+04	-9.010535e+00
1.401436e+04	-9.053437e+00
1.409531e+04	-9.096280e+00
1.417672e+04	-9.139948e+00
1.425861e+04	-9.182421e+00
1.434096e+04	-9.225830e+00
1.442379e+04	-9.268742e+00
1.450711e+04	-9.311770e+00
1.459090e+04	-9.354708e+00
1.467518e+04	-9.397417e+00
1.475994e+04	-9.441800e+00
1.484519e+04	-9.485172e+00
1.493094e+04	-9.528355e+00
1.501718e+04	-9.571782e+00
1.510392e+04	-9.614980e+00
1.519116e+04	-9.658997e+00
1.527890e+04	-9.701969e+00
1.536715e+04	-9.745794e+00
1.545591e+04	-9.789513e+00
1.554518e+04	-9.833069e+00
1.563497e+04	-9.876791e+00
1.572528e+04	-9.920616e+00
1.581611e+04	-9.963942e+00
1.590746e+04	-1.000821e+01
1.599934e+04	-1.005180e+01
1.609175e+04	-1.009570e+01
1.618470e+04	-1.013973e+01
1.627818e+04	-1.018429e+01
1.637220e+04	-1.022807e+01
1.646677e+04	-1.027173e+01
1.656188e+04	-1.031551e+01
1.665754e+04	-1.036018e+01
1.675375e+04	-1.040383e+01
1.685052e+04	-1.044829e+01
1.694785e+04	-1.049247e+01
1.704574e+04	-1.053655e+01
1.714419e+04	-1.058056e+01
1.724322e+04	-1.062517e+01
1.734281e+04	-1.066959e+01
1.744299e+04	-1.071411e+01
1.754374e+04	-1.075741e+01
1.764507e+04	-1.080224e+01
1.774698e+04	-1.084649e+01
1.784949e+04	-1.089122e+01
1.795259e+04	-1.093527e+01
1.805628e+04	-1.097996e+01
1.816057e+04	-1.102438e+01
1.826547e+04	-1.106898e+01
1.837097e+04	-1.111322e+01
1.847708e+04	-1.115775e+01
1.858380e+04	-1.120209e+01
1.869114e+04	-1.124654e+01
1.879910e+04	-1.129187e+01
1.890768e+04	-1.133591e+01
1.901689e+04	-1.138051e+01
1.912673e+04	-1.142517e+01
1.923721e+04	-1.146956e+01
1.934832e+04	-1.151416e+01
1.946008e+04	-1.155899e+01
1.957248e+04	-1.160378e+01
1.968553e+04	-1.164823e+01
1.979923e+04	-1.169326e+01
1.991359e+04	-1.173753e+01
2.002861e+04	-1.178284e+01
2.014430e+04	-1.182763e+01
2.026065e+04	-1.187237e+01
2.037767e+04	-1.191682e+01
2.049537e+04	-1.196154e+01
2.061375e+04	-1.200586e+01
2.073282e+04	-1.205129e+01
2.085257e+04	-1.209532e+01
2.097301e+04	-1.214050e+01
2.109415e+04	-1.218584e+01
2.121599e+04	-1.222998e+01
2.133853e+04	-1.227540e+01
2.146178e+04	-1.231974e+01
2.158575e+04	-1.236421e+01
2.171043e+04	-1.240970e+01
2.183582e+04	-1.245408e+01
2.196195e+04	-1.249891e+01
2.208880e+04	-1.254344e+01
2.221638e+04	-1.258770e+01
2.234470e+04	-1.263381e+01
2.247377e+04	-1.267821e+01
2.260357e+04	-1.272247e+01
2.273413e+04	-1.276720e+01
2.286544e+04	-1.281243e+01
2.299751e+04	-1.285752e+01
2.313034e+04	-1.290262e+01
2.326394e+04	-1.294644e+01
2.339832e+04	-1.299160e+01
2.353346e+04	-1.303580e+01
2.366939e+04	-1.308105e+01
2.380610e+04	-1.312514e+01
2.394361e+04	-1.317121e+01
2.408191e+04	-1.321522e+01
2.422100e+04	-1.325911e+01
2.436090e+04	-1.330457e+01
2.450161e+04	-1.334909e+01
2.464313e+04	-1.339446e+01
2.478547e+04	-1.343768e+01
2.492863e+04	-1.348328e+01
2.507261e+04	-1.352794e+01
2.521743e+04	-1.357161e+01
2.536309e+04	-1.361657e+01
2.550958e+04	-1.366114e+01
2.565692e+04	-1.370671e+01
2.580512e+04	-1.374985e+01
2.595417e+04	-1.379444e+01
2.610408e+04	-1.383952e+01
2.625485e+04	-1.388334e+01
2.640650e+04	-1.392800e+01
2.655902e+04	-1.397235e+01
2.671243e+04	-1.401683e+01
2.686672e+04	-1.406153e+01
2.702190e+04	-1.410606e+01
2.717798e+04	-1.414997e+01
2.733495e+04	-1.419436e+01
2.749284e+04	-1.423889e+01
2.765164e+04	-1.428239e+01
2.781135e+04	-1.432772e+01
2.797199e+04	-1.437067e+01
2.813355e+04	-1.441457e+01
2.829605e+04	-1.445976e+01
2.845949e+04	-1.450321e+01
2.862387e+04	-1.454732e+01
2.878920e+04	-1.459071e+01
2.895549e+04	-1.463488e+01
2.912273e+04	-1.467948e+01
2.929094e+04	-1.472254e+01
2.946013e+04	-1.476684e+01
2.963029e+04	-1.481147e+01
2.980143e+04	-1.485407e+01
2.997356e+04	-1.489879e+01
3.014669e+04	-1.494215e+01
3.032081e+04	-1.498549e+01
3.049595e+04	-1.502986e+01
3.067209e+04	-1.507341e+01
3.084925e+04	-1.511651e+01
3.102743e+04	-1.516071e+01
3.120665e+04	-1.520343e+01
3.138690e+04	-1.524680e+01
3.156819e+04	-1.529069e+01
3.175052e+04	-1.533355e+01
3.193391e+04	-1.537650e+01
3.211836e+04	-1.541996e+01
3.230388e+04	-1.546381e+01
3.249046e+04	-1.550595e+01
3.267812e+04	-1.554980e+01
3.286687e+04	-1.559261e+01
3.305671e+04	-1.563526e+01
3.324764e+04	-1.567781e+01
3.343968e+04	-1.572064e+01
3.363283e+04	-1.576449e+01
3.382709e+04	-1.580654e+01
3.402247e+04	-1.584839e+01
3.421899e+04	-1.589197e+01
3.441663e+04	-1.593479e+01
3.461542e+04	-1.597714e+01
3.481536e+04	-1.601933e+01
3.501645e+04	-1.606146e+01
3.521871e+04	-1.610493e+01
3.542213e+04	-1.614535e+01
3.562672e+04	-1.618861e+01
3.583250e+04	-1.623129e+01
3.603947e+04	-1.627172e+01
3.624763e+04	-1.631422e+01
3.645700e+04	-1.635554e+01
3.666757e+04	-1.639754e+01
3.687936e+04	-1.643930e+01
3.709238e+04	-1.648149e+01
3.730662e+04	-1.652263e+01
3.752210e+04	-1.656394e+01
3.773883e+04	-1.660459e+01
3.795680e+04	-1.664716e+01
3.817604e+04	-1.668795e+01
3.839654e+04	-1.672857e+01
3.861832e+04	-1.676978e+01
3.884138e+04	-1.681112e+01
3.906573e+04	-1.685273e+01
3.929137e+04	-1.689160e+01
3.951831e+04	-1.693346e+01
3.974657e+04	-1.697370e+01
3.997614e+04	-1.701479e+01
4.020704e+04	-1.705482e+01
4.043928e+04	-1.709590e+01
4.067285e+04	-1.713475e+01
4.090778e+04	-1.717562e+01
4.114406e+04	-1.721414e+01
4.138171e+04	-1.725507e+01
4.162073e+04	-1.729491e+01
4.186113e+04	-1.733449e+01
4.210291e+04	-1.737367e+01
4.234610e+04	-1.741419e+01
4.259069e+04	-1.745332e+01
4.283669e+04	-1.749195e+01
4.308411e+04	-1.753136e+01
4.333297e+04	-1.757038e+01
4.358325e+04	-1.760920e+01
4.383499e+04	-1.764753e+01
4.408818e+04	-1.768515e+01
4.434283e+04	-1.772502e+01
4.459895e+04	-1.776450e+01
4.485655e+04	-1.780332e+01
4.511564e+04	-1.784029e+01
4.537623e+04	-1.787865e+01
4.563832e+04	-1.791598e+01
4.590193e+04	-1.795387e+01
4.616705e+04	-1.799279e+01
4.643371e+04	-1.802851e+01
4.670191e+04	-1.806622e+01
4.697166e+04	-1.810358e+01
4.724297e+04	-1.814070e+01
4.751584e+04	-1.817787e+01
4.779029e+04	-1.821371e+01
4.806633e+04	-1.825253e+01
4.834395e+04	-1.828824e+01
4.862319e+04	-1.832379e+01
4.890403e+04	-1.836104e+01
4.918650e+04	-1.839590e+01
4.947060e+04	-1.843264e+01
4.975634e+04	-1.846798e+01
5.004373e+04	-1.850493e+01
5.033278e+04	-1.853821e+01
5.062350e+04	-1.857409e+01
5.091590e+04	-1.861051e+01
5.120999e+04	-1.864434e+01
5.150578e+04	-1.868001e+01
5.180327e+04	-1.871311e+01
5.210248e+04	-1.874799e+01
5.240343e+04	-1.878070e+01
5.270611e+04	-1.881572e+01
5.301053e+04	-1.885109e+01
5.331672e+04	-1.888309e+01
5.362468e+04	-1.891764e+01
5.393441e+04	-1.894946e+01
5.424593e+04	-1.898386e+01
5.455926e+04	-1.901579e+01
5.487439e+04	-1.904915e+01
5.519134e+04	-1.907931e+01
5.551012e+04	-1.911279e+01
5.583075e+04	-1.914569e+01
5.615322e+04	-1.917713e+01
5.647756e+04	-1.920688e+01
5.680377e+04	-1.924100e+01
5.713187e+04	-1.927048e+01
5.746186e+04	-1.930106e+01
5.779376e+04	-1.933284e+01
5.812757e+04	-1.936107e+01
5.846332e+04	-1.939193e+01
5.880100e+04	-1.942295e+01
5.914063e+04	-1.945219e+01
5.948222e+04	-1.948148e+01
5.982579e+04	-1.951163e+01
6.017134e+04	-1.953899e+01
6.051889e+04	-1.956934e+01
6.086844e+04	-1.959805e+01
6.122002e+04	-1.962477e+01
6.157362e+04	-1.965313e+01
6.192927e+04	-1.968043e+01
6.228697e+04	-1.970915e+01
6.264674e+04	-1.973339e+01
6.300858e+04	-1.976222e+01
6.337252e+04	-1.978926e+01
6.373855e+04	-1.981635e+01
6.410670e+04	-1.984113e+01
6.447698e+04	-1.986561e+01
6.484940e+04	-1.989142e+01
6.522397e+04	-1.991702e+01
6.560070e+04	-1.994106e+01
6.597960e+04	-1.996619e+01
6.636070e+04	-1.998896e+01
6.674400e+04	-2.001314e+01
6.712951e+04	-2.003596e+01
6.751724e+04	-2.005928e+01
6.790722e+04	-2.008069e+01
6.829945e+04	-2.010457e+01
6.869395e+04	-2.012529e+01
6.909072e+04	-2.014779e+01
6.948978e+04	-2.016881e+01
6.989115e+04	-2.018897e+01
7.029484e+04	-2.020893e+01
7.070086e+04	-2.023127e+01
7.110923e+04	-2.025110e+01
7.151995e+04	-2.026937e+01
7.193305e+04	-2.028907e+01
7.234853e+04	-2.030768e+01
7.276641e+04	-2.032449e+01
7.318671e+04	-2.034434e+01
7.360943e+04	-2.035970e+01
7.403460e+04	-2.037610e+01
7.446222e+04	-2.039300e+01
7.489231e+04	-2.040984e+01
7.532488e+04	-2.042521e+01
7.575996e+04	-2.043812e+01
7.619754e+04	-2.045401e+01
7.663766e+04	-2.046886e+01
7.708031e+04	-2.048160e+01
7.752553e+04	-2.049492e+01
7.797331e+04	-2.050755e+01
7.842368e+04	-2.051931e+01
7.887665e+04	-2.053114e+01
7.933224e+04	-2.054403e+01
7.979046e+04	-2.055158e+01
8.025133e+04	-2.056314e+01
8.071486e+04	-2.057232e+01
8.118106e+04	-2.058167e+01
8.164996e+04	-2.059074e+01
8.212157e+04	-2.059785e+01
8.259590e+04	-2.060442e+01
8.307297e+04	-2.060932e+01
8.355279e+04	-2.061793e+01
8.403539e+04	-2.062366e+01
8.452078e+04	-2.062674e+01
8.500897e+04	-2.063228e+01
8.549997e+04	-2.063429e+01
8.599382e+04	-2.063711e+01
8.649052e+04	-2.064053e+01
8.699008e+04	-2.064174e+01
8.749253e+04	-2.064368e+01
8.799789e+04	-2.064228e+01
8.850616e+04	-2.064169e+01
8.901737e+04	-2.063952e+01
8.953153e+04	-2.063894e+01
9.004866e+04	-2.063680e+01
9.056877e+04	-2.063148e+01
9.109190e+04	-2.062909e+01
9.161804e+04	-2.062193e+01
9.214722e+04	-2.061480e+01
9.267946e+04	-2.060649e+01
9.321477e+04	-2.060260e+01
9.375318e+04	-2.059264e+01
9.429469e+04	-2.058417e+01
9.483933e+04	-2.057418e+01
9.538712e+04	-2.056267e+01
9.593807e+04	-2.054949e+01
9.649221e+04	-2.053679e+01
9.704954e+04	-2.052348e+01
9.761010e+04	-2.050876e+01
9.817389e+04	-2.049283e+01
9.874094e+04	-2.047491e+01
9.931126e+04	-2.045734e+01
9.988488e+04	-2.043985e+01
1.004618e+05	-2.041742e+01
1.010421e+05	-2.039655e+01
1.016257e+05	-2.037432e+01
1.022127e+05	-2.035244e+01
1.028031e+05	-2.032658e+01
1.033968e+05	-2.030004e+01
1.039941e+05	-2.027331e+01
1.045947e+05	-2.024555e+01
1.051989e+05	-2.021768e+01
1.058065e+05	-2.018481e+01
1.064176e+05	-2.015207e+01
1.070323e+05	-2.011879e+01
1.076505e+05	-2.008555e+01
1.082723e+05	-2.004782e+01
1.088977e+05	-2.001046e+01
1.095266e+05	-1.996924e+01
1.101593e+05	-1.992978e+01
1.107955e+05	-1.988583e+01
1.114355e+05	-1.984267e+01
1.120791e+05	-1.979633e+01
1.127265e+05	-1.974804e+01
1.133776e+05	-1.970149e+01
1.140325e+05	-1.964888e+01
1.146911e+05	-1.959623e+01
1.153536e+05	-1.954238e+01
1.160198e+05	-1.948617e+01
1.166900e+05	-1.942676e+01
1.173640e+05	-1.936683e+01
1.180419e+05	-1.930437e+01
1.187237e+05	-1.924041e+01
1.194094e+05	-1.917283e+01
1.200991e+05	-1.910469e+01
1.207928e+05	-1.903204e+01
1.214905e+05	-1.895993e+01
1.221922e+05	-1.888443e+01
1.228980e+05	-1.880556e+01
1.236078e+05	-1.872380e+01
1.243218e+05	-1.864085e+01
1.250399e+05	-1.855523e+01
1.257621e+05	-1.846657e+01
1.264885e+05	-1.837352e+01
1.272191e+05	-1.827785e+01
1.279539e+05	-1.817921e+01
1.286930e+05	-1.807798e+01
1.294363e+05	-1.797346e+01
1.301839e+05	-1.786471e+01
1.309358e+05	-1.775288e+01
1.316921e+05	-1.763924e+01
1.324528e+05	-1.751936e+01
1.332178e+05	-1.739523e+01
1.339873e+05	-1.726949e+01
1.347612e+05	-1.713758e+01
1.355395e+05	-1.700142e+01
1.363224e+05	-1.686248e+01
1.371098e+05	-1.671741e+01
1.379018e+05	-1.656652e+01
1.386983e+05	-1.641127e+01
1.394994e+05	-1.625066e+01
1.403051e+05	-1.608455e+01
1.411155e+05	-1.591270e+01
1.419306e+05	-1.573455e+01
1.427504e+05	-1.555064e+01
1.435749e+05	-1.535862e+01
1.444042e+05	-1.516100e+01
1.452383e+05	-1.495541e+01
1.460772e+05	-1.474166e+01
1.469209e+05	-1.451932e+01
1.477695e+05	-1.429005e+01
1.486230e+05	-1.405096e+01
1.494814e+05	-1.380314e+01
1.503448e+05	-1.354460e+01
1.512132e+05	-1.327535e+01
1.520866e+05	-1.299621e+01
1.529651e+05	-1.270455e+01
1.538486e+05	-1.240044e+01
1.547372e+05	-1.208321e+01
1.556310e+05	-1.175219e+01
1.565299e+05	-1.140658e+01
1.574340e+05	-1.104670e+01
1.583433e+05	-1.067080e+01
1.592579e+05	-1.027823e+01
1.601778e+05	-9.868865e+00
1.611030e+05	-9.442274e+00
1.620335e+05	-8.998536e+00
1.629694e+05	-8.538328e+00
1.639107e+05	-8.061855e+00
1.648574e+05	-7.572578e+00
1.658097e+05	-7.073908e+00
1.667674e+05	-6.571290e+00
1.677306e+05	-6.073709e+00
1.686994e+05	-5.593078e+00
1.696738e+05	-5.145726e+00
1.706538e+05	-4.750847e+00
1.716395e+05	-4.432160e+00
1.726309e+05	-4.211848e+00
1.736280e+05	-4.110390e+00
1.746309e+05	-4.138140e+00
1.756395e+05	-4.294791e+00
1.766540e+05	-4.569741e+00
1.776744e+05	-4.943160e+00
1.787006e+05	-5.392440e+00
1.797328e+05	-5.894259e+00
1.807709e+05	-6.428431e+00
1.818150e+05	-6.979366e+00
1.828652e+05	-7.534650e+00
1.839214e+05	-8.086307e+00
1.849837e+05	-8.628214e+00
1.860522e+05	-9.155586e+00
1.871268e+05	-9.668472e+00
1.882077e+05	-1.016338e+01
1.892948e+05	-1.064048e+01
1.903881e+05	-1.109995e+01
1.914878e+05	-1.154165e+01
1.925938e+05	-1.196737e+01
1.937062e+05	-1.237633e+01
1.948251e+05	-1.276893e+01
1.959504e+05	-1.314682e+01
1.970822e+05	-1.350947e+01
1.982205e+05	-1.385941e+01
1.993654e+05	-1.419539e+01
2.005169e+05	-1.452026e+01
2.016751e+05	-1.483222e+01
2.028400e+05	-1.513180e+01
2.040116e+05	-1.542192e+01
2.051899e+05	-1.570135e+01
2.063751e+05	-1.596867e+01
2.075671e+05	-1.622914e+01
2.087660e+05	-1.647929e+01
2.099719e+05	-1.672066e+01
2.111846e+05	-1.695358e+01
2.124044e+05	-1.717702e+01
2.136313e+05	-1.739294e+01
2.148652e+05	-1.760189e+01
2.161063e+05	-1.780321e+01
2.173545e+05	-1.799613e+01
2.186099e+05	-1.818269e+01
2.198726e+05	-1.835941e+01
2.211426e+05	-1.853380e+01
2.224199e+05	-1.869872e+01
2.237046e+05	-1.885873e+01
2.249967e+05	-1.901268e+01
2.262962e+05	-1.915643e+01
2.276033e+05	-1.929806e+01
2.289179e+05	-1.943099e+01
2.302402e+05	-1.955939e+01
2.315700e+05	-1.968229e+01
2.329076e+05	-1.979726e+01
2.342528e+05	-1.990773e+01
2.356059e+05	-2.001312e+01
2.369667e+05	-2.011182e+01
2.383354e+05	-2.020333e+01
2.397120e+05	-2.029102e+01
2.410966e+05	-2.037188e+01
2.424892e+05	-2.044650e+01
2.438898e+05	-2.051621e+01
2.452985e+05	-2.058107e+01
2.467153e+05	-2.063848e+01
2.481403e+05	-2.069029e+01
2.495736e+05	-2.073582e+01
2.510151e+05	-2.077504e+01
2.524650e+05	-2.081007e+01
2.539232e+05	-2.083674e+01
2.553898e+05	-2.086068e+01
2.568650e+05	-2.087445e+01
2.583486e+05	-2.088396e+01
2.598408e+05	-2.088566e+01
2.613416e+05	-2.088208e+01
2.628511e+05	-2.087177e+01
2.643694e+05	-2.085281e+01
2.658963e+05	-2.082769e+01
2.674321e+05	-2.079344e+01
2.689768e+05	-2.075453e+01
2.705304e+05	-2.070974e+01
2.720930e+05	-2.065476e+01
2.736646e+05	-2.059125e+01
2.752453e+05	-2.052136e+01
2.768351e+05	-2.043835e+01
2.784341e+05	-2.035130e+01
2.800423e+05	-2.025273e+01
2.816598e+05	-2.014606e+01
2.832867e+05	-2.002673e+01
2.849229e+05	-1.989921e+01
2.865686e+05	-1.975945e+01
2.882238e+05	-1.961031e+01
2.898886e+05	-1.944657e+01
2.915630e+05	-1.927390e+01
2.932470e+05	-1.908286e+01
2.949408e+05	-1.888319e+01
2.966444e+05	-1.866650e+01
2.983578e+05	-1.843522e+01
3.000811e+05	-1.818596e+01
3.018143e+05	-1.792112e+01
3.035576e+05	-1.763627e+01
3.053109e+05	-1.733099e+01
3.070744e+05	-1.700613e+01
3.088481e+05	-1.665846e+01
3.106320e+05	-1.628357e+01
3.124261e+05	-1.588413e+01
3.142307e+05	-1.545511e+01
3.160457e+05	-1.499626e+01
3.178712e+05	-1.450305e+01
3.197072e+05	-1.397468e+01
3.215538e+05	-1.340852e+01
3.234111e+05	-1.280278e+01
3.252791e+05	-1.215605e+01
3.271579e+05	-1.147057e+01
3.290475e+05	-1.075053e+01
3.309481e+05	-1.000539e+01
3.328596e+05	-9.258558e+00
3.347822e+05	-8.545581e+00
3.367159e+05	-7.921830e+00
3.386608e+05	-7.461309e+00
3.406169e+05	-7.238282e+00
3.425842e+05	-7.299106e+00
3.445630e+05	-7.639248e+00
3.465532e+05	-8.203267e+00
3.485549e+05	-8.915677e+00
3.505681e+05	-9.704260e+00
3.525930e+05	-1.051791e+01
3.546295e+05	-1.132285e+01
3.566778e+05	-1.210162e+01
3.587380e+05	-1.284194e+01
3.608101e+05	-1.354083e+01
3.628941e+05	-1.419824e+01
3.649901e+05	-1.481352e+01
3.670983e+05	-1.539003e+01
3.692187e+05	-1.592923e+01
3.713513e+05	-1.643281e+01
3.734962e+05	-1.690361e+01
3.756535e+05	-1.734297e+01
3.778232e+05	-1.775373e+01
3.800055e+05	-1.813786e+01
3.822004e+05	-1.849377e+01
3.844080e+05	-1.882587e+01
3.866283e+05	-1.913526e+01
3.888615e+05	-1.942064e+01
3.911075e+05	-1.968515e+01
3.933665e+05	-1.992869e+01
3.956386e+05	-2.015062e+01
3.979238e+05	-2.035266e+01
4.002222e+05	-2.053657e+01
4.025338e+05	-2.069999e+01
4.048589e+05	-2.084693e+01
4.071973e+05	-2.097149e+01
4.095493e+05	-2.107883e+01
4.119148e+05	-2.116857e+01
4.142940e+05	-2.123854e+01
4.166870e+05	-2.129030e+01
4.190937e+05	-2.132163e+01
4.215144e+05	-2.133652e+01
4.239490e+05	-2.132935e+01
4.263978e+05	-2.130241e+01
4.288606e+05	-2.125464e+01
4.313377e+05	-2.118599e+01
4.338291e+05	-2.109634e+01
4.363349e+05	-2.098096e+01
4.388551e+05	-2.084396e+01
4.413899e+05	-2.067905e+01
4.439394e+05	-2.049227e+01
4.465035e+05	-2.026940e+01
4.490825e+05	-2.002411e+01
4.516764e+05	-1.974319e+01
4.542853e+05	-1.943005e+01
4.569092e+05	-1.907801e+01
4.595483e+05	-1.868646e+01
4.622026e+05	-1.825330e+01
4.648723e+05	-1.777233e+01
4.675574e+05	-1.724200e+01
4.702580e+05	-1.665448e+01
4.729742e+05	-1.600849e+01
4.757060e+05	-1.529988e+01
4.784537e+05	-1.452749e+01
4.812172e+05	-1.369716e+01
4.839967e+05	-1.282184e+01
4.867923e+05	-1.193756e+01
4.896040e+05	-1.111088e+01
4.924319e+05	-1.045087e+01
4.952762e+05	-1.009225e+01
4.981369e+05	-1.013610e+01
5.010141e+05	-1.058385e+01
5.039079e+05	-1.133143e+01
5.068185e+05	-1.224530e+01
5.097458e+05	-1.321417e+01
5.126901e+05	-1.417350e+01
5.156514e+05	-1.508421e+01
5.186298e+05	-1.593415e+01
5.216253e+05	-1.671757e+01
5.246382e+05	-1.743219e+01
5.276685e+05	-1.808392e+01
5.307163e+05	-1.867536e+01
5.337817e+05	-1.920767e+01
5.368648e+05	-1.968885e+01
5.399657e+05	-2.011760e+01
5.430845e+05	-2.049833e+01
5.462214e+05	-2.083615e+01
5.493763e+05	-2.112500e+01
5.525495e+05	-2.137315e+01
5.557410e+05	-2.157622e+01
5.589509e+05	-2.174182e+01
5.621794e+05	-2.186161e+01
5.654265e+05	-2.194524e+01
5.686924e+05	-2.198344e+01
5.719772e+05	-2.197942e+01
5.752809e+05	-2.193222e+01
5.786037e+05	-2.183805e+01
5.819457e+05	-2.169759e+01
5.853070e+05	-2.150844e+01
5.886877e+05	-2.126499e+01
5.920879e+05	-2.096639e+01
5.955078e+05	-2.060569e+01
5.989474e+05	-2.018124e+01
6.024069e+05	-1.968625e+01
6.058864e+05	-1.911514e+01
6.093860e+05	-1.846058e+01
6.129058e+05	-1.771863e+01
6.164459e+05	-1.689149e+01
6.200064e+05	-1.598507e+01
6.235876e+05	-1.503314e+01
6.271894e+05	-1.410338e+01
6.308120e+05	-1.333069e+01
6.344555e+05	-1.290095e+01
6.381201e+05	-1.296534e+01
6.418059e+05	-1.352327e+01
6.455129e+05	-1.441969e+01
6.492414e+05	-1.546841e+01
6.529914e+05	-1.653479e+01
6.567630e+05	-1.754818e+01
6.605565e+05	-1.847745e+01
6.643718e+05	-1.931128e+01
6.682092e+05	-2.004991e+01
6.720688e+05	-2.069378e+01
6.759506e+05	-2.124743e+01
6.798549e+05	-2.171376e+01
6.837817e+05	-2.209999e+01
6.877312e+05	-2.240778e+01
6.917035e+05	-2.263702e+01
6.956987e+05	-2.278717e+01
6.997171e+05	-2.286073e+01
7.037586e+05	-2.285117e+01
7.078235e+05	-2.276363e+01
7.119118e+05	-2.258773e+01
7.160238e+05	-2.232220e+01
7.201595e+05	-2.195865e+01
7.243191e+05	-2.149737e+01
7.285028e+05	-2.092214e+01
7.327106e+05	-2.023189e+01
7.369427e+05	-1.942745e+01
7.411992e+05	-1.851808e+01
7.454804e+05	-1.755356e+01
7.497862e+05	-1.663570e+01
7.541170e+05	-1.596023e+01
7.584727e+05	-1.575876e+01
7.628536e+05	-1.614638e+01
7.672598e+05	-1.700399e+01
7.716915e+05	-1.808731e+01
7.761488e+05	-1.920958e+01
7.806318e+05	-2.026254e+01
7.851407e+05	-2.119702e+01
7.896756e+05	-2.199806e+01
7.942367e+05	-2.266663e+01
7.988242e+05	-2.319130e+01
8.034382e+05	-2.359358e+01
8.080788e+05	-2.385516e+01
8.127463e+05	-2.399156e+01
8.174406e+05	-2.399464e+01
8.221621e+05	-2.385904e+01
8.269109e+05	-2.357749e+01
8.316871e+05	-2.314879e+01
8.364909e+05	-2.256395e+01
8.413225e+05	-2.183011e+01
8.461819e+05	-2.096928e+01
8.510694e+05	-2.005149e+01
8.559852e+05	-1.924735e+01
8.609293e+05	-1.881570e+01
8.659020e+05	-1.898669e+01
8.709034e+05	-1.973483e+01
8.759337e+05	-2.080556e+01
8.809931e+05	-2.194082e+01
8.860816e+05	-2.299097e+01
8.911996e+05	-2.388042e+01
8.963471e+05	-2.458057e+01
9.015244e+05	-2.509015e+01
9.067316e+05	-2.539669e+01
9.119688e+05	-2.549686e+01
9.172363e+05	-2.539557e+01
9.225342e+05	-2.508628e+01
9.278628e+05	-2.457096e+01
9.332221e+05	-2.387351e+01
9.386123e+05	-2.308364e+01
9.440337e+05	-2.237442e+01
9.494864e+05	-2.205451e+01
9.549706e+05	-2.235840e+01
9.604865e+05	-2.321149e+01
9.660342e+05	-2.431622e+01
9.716140e+05	-2.539353e+01
9.772260e+05	-2.628871e+01
9.828704e+05	-2.695187e+01
9.885474e+05	-2.734047e+01
9.942572e+05	-2.744333e+01
1.000000e+06	-2.728026e+01
