Frequency(Hz)	Magnitude(dB)
1.000000e+01	-1.391449e-05
1.005776e+01	1.363720e-04
1.011585e+01	-9.461248e-06
1.017428e+01	1.566524e-05
1.023305e+01	-1.325133e-04
1.029215e+01	1.502394e-05
1.035160e+01	-1.941424e-05
1.041139e+01	-1.006950e-05
1.047153e+01	-1.321372e-04
1.053201e+01	-9.816837e-05
1.059284e+01	-1.675361e-04
1.065403e+01	-3.506686e-05
1.071556e+01	-1.070684e-04
1.077746e+01	-8.571050e-05
1.083971e+01	-7.726784e-05
1.090232e+01	-3.668807e-05
1.096529e+01	-2.197538e-05
1.102862e+01	1.755527e-05
1.109232e+01	-7.058381e-07
1.115639e+01	8.683787e-06
1.122083e+01	1.410616e-05
1.128564e+01	-6.954261e-05
1.135083e+01	1.164888e-04
1.141639e+01	1.513428e-04
1.148233e+01	1.143561e-05
1.154865e+01	-6.132568e-06
1.161536e+01	-1.934562e-04
1.168245e+01	-1.791808e-04
1.174992e+01	1.099051e-05
1.181779e+01	1.911353e-05
1.188605e+01	-1.454332e-04
1.195470e+01	-1.507610e-05
1.202375e+01	-1.257449e-04
1.209320e+01	-1.752907e-04
1.216305e+01	-2.687231e-06
1.223330e+01	-8.338314e-05
1.230396e+01	1.752373e-05
1.237503e+01	1.220960e-04
1.244651e+01	2.258904e-05
1.251840e+01	-1.694878e-04
1.259070e+01	-1.995201e-04
1.266343e+01	2.299019e-05
1.273657e+01	-1.318388e-05
1.281014e+01	-6.342145e-06
1.288413e+01	1.505568e-04
1.295855e+01	2.642932e-05
1.303339e+01	1.087650e-04
1.310867e+01	-1.132085e-04
1.318439e+01	-5.316580e-05
1.326054e+01	4.280925e-06
1.333713e+01	-5.220747e-05
1.341417e+01	-1.200618e-04
1.349165e+01	1.004126e-04
1.356958e+01	3.058316e-05
1.364795e+01	1.722690e-05
1.372678e+01	2.204989e-05
1.380607e+01	8.660507e-05
1.388581e+01	-7.865196e-05
1.396602e+01	-1.194872e-04
1.404668e+01	-6.434990e-05
1.412782e+01	-3.098139e-04
1.420942e+01	-1.331324e-05
1.429149e+01	-2.330689e-05
1.437404e+01	1.927076e-05
1.445706e+01	-4.153432e-05
1.454057e+01	-2.513295e-04
1.462455e+01	-9.780933e-06
1.470902e+01	-9.835437e-06
1.479398e+01	3.463369e-05
1.487943e+01	-1.652269e-05
1.496537e+01	1.406941e-04
1.505181e+01	-3.813077e-05
1.513875e+01	7.348020e-06
1.522619e+01	-4.477860e-05
1.531414e+01	-1.432207e-05
1.540259e+01	7.186896e-05
1.549156e+01	-7.743328e-05
1.558103e+01	-7.264320e-05
1.567103e+01	-3.318879e-08
1.576155e+01	6.298306e-05
1.585258e+01	7.761685e-05
1.594415e+01	4.575391e-05
1.603624e+01	3.004855e-05
1.612886e+01	-7.316654e-05
1.622202e+01	-5.477276e-05
1.631572e+01	-4.202669e-05
1.640996e+01	5.643576e-05
1.650474e+01	2.551416e-05
1.660008e+01	-4.466529e-05
1.669596e+01	2.855255e-05
1.679239e+01	-1.366044e-04
1.688938e+01	3.726170e-05
1.698694e+01	-1.070828e-04
1.708505e+01	-3.555061e-05
1.718373e+01	3.052546e-05
1.728299e+01	9.108923e-05
1.738281e+01	1.494106e-05
1.748322e+01	1.611261e-04
1.758420e+01	-7.062709e-05
1.768576e+01	3.112785e-05
1.778792e+01	-8.491794e-05
1.789066e+01	-5.456849e-05
1.799399e+01	5.953041e-05
1.809793e+01	-1.960392e-04
1.820246e+01	-1.062952e-04
1.830760e+01	-6.727105e-05
1.841334e+01	8.254571e-05
1.851969e+01	9.870812e-06
1.862666e+01	3.174534e-05
1.873425e+01	-5.748321e-05
1.884246e+01	-7.362522e-05
1.895129e+01	2.414997e-05
1.906075e+01	-6.609982e-06
1.917085e+01	-4.215343e-05
1.928158e+01	-1.221812e-04
1.939295e+01	4.577215e-05
1.950496e+01	7.722429e-06
1.961762e+01	-3.928017e-05
1.973093e+01	-1.009027e-04
1.984490e+01	-1.726721e-04
1.995952e+01	-1.499234e-05
2.007480e+01	9.552434e-05
2.019076e+01	-1.050744e-04
2.030738e+01	-1.764382e-04
2.042467e+01	-1.577059e-04
2.054264e+01	7.604281e-05
2.066130e+01	-5.326510e-05
2.078064e+01	-1.837082e-05
2.090066e+01	-8.050334e-05
2.102139e+01	-1.085140e-04
2.114280e+01	4.080768e-05
2.126492e+01	-8.940238e-05
2.138775e+01	-6.852926e-05
2.151128e+01	-6.015773e-05
2.163553e+01	-1.837851e-05
2.176050e+01	-4.873769e-06
2.188619e+01	-6.280242e-05
2.201260e+01	-1.227284e-04
2.213974e+01	3.731379e-05
2.226762e+01	-1.954511e-04
2.239624e+01	-2.969086e-04
2.252560e+01	-1.107872e-04
2.265571e+01	2.293689e-05
2.278656e+01	2.731460e-05
2.291818e+01	6.368239e-05
2.305055e+01	-8.463592e-05
2.318369e+01	-4.195181e-05
2.331760e+01	-9.642242e-05
2.345228e+01	5.975314e-06
2.358774e+01	-2.551597e-04
2.372398e+01	7.288953e-06
2.386101e+01	-1.637673e-05
2.399883e+01	-2.300508e-05
2.413745e+01	-1.051503e-04
2.427686e+01	-2.864068e-07
2.441709e+01	5.925549e-05
2.455812e+01	-3.662334e-05
2.469997e+01	-6.135141e-05
2.484263e+01	6.022088e-06
2.498612e+01	1.268002e-04
2.513044e+01	3.359830e-05
2.527559e+01	3.157513e-05
2.542158e+01	-5.194875e-06
2.556842e+01	-2.759647e-04
2.571610e+01	-8.495079e-05
2.586463e+01	-7.541112e-05
2.601403e+01	1.994698e-05
2.616428e+01	-1.058067e-04
2.631541e+01	-1.956415e-04
2.646740e+01	-2.772684e-04
2.662028e+01	-1.271254e-04
2.677404e+01	-9.877102e-05
2.692868e+01	-1.623328e-04
2.708422e+01	-6.377192e-05
2.724066e+01	-1.895616e-04
2.739800e+01	8.886049e-05
2.755625e+01	-5.531186e-05
2.771541e+01	-2.046557e-04
2.787550e+01	-1.103918e-04
2.803650e+01	-2.184306e-04
2.819844e+01	-1.587489e-04
2.836131e+01	-1.885762e-04
2.852513e+01	-8.627195e-05
2.868989e+01	-2.001479e-04
2.885560e+01	-1.027856e-04
2.902227e+01	-2.032068e-04
2.918990e+01	-9.384863e-05
2.935850e+01	-9.552183e-05
2.952807e+01	-3.492219e-04
2.969863e+01	-1.952240e-04
2.987016e+01	-7.766492e-05
3.004269e+01	-1.107125e-04
3.021622e+01	-1.608693e-04
3.039075e+01	-4.368321e-05
3.056628e+01	-4.325187e-04
3.074283e+01	-2.466176e-04
3.092040e+01	-8.139182e-05
3.109900e+01	-1.359504e-04
3.127862e+01	-1.873099e-04
3.145929e+01	2.919728e-05
3.164099e+01	-2.143165e-04
3.182375e+01	-2.381235e-04
3.200756e+01	-1.547124e-04
3.219244e+01	-6.029856e-05
3.237838e+01	-4.766944e-05
3.256540e+01	-3.289447e-04
3.275349e+01	-2.741066e-05
3.294268e+01	-8.318861e-05
3.313295e+01	-1.028947e-04
3.332433e+01	-1.543512e-04
3.351681e+01	-3.917945e-05
3.371040e+01	-1.310990e-04
3.390511e+01	-1.724257e-04
3.410094e+01	-8.604874e-05
3.429791e+01	-9.124407e-05
3.449601e+01	-1.128940e-04
3.469526e+01	-2.681724e-04
3.489566e+01	-2.552677e-04
3.509721e+01	-1.252208e-04
3.529993e+01	-1.063661e-04
3.550382e+01	-2.092128e-04
3.570889e+01	-1.378374e-04
3.591515e+01	-2.589828e-04
3.612259e+01	-1.828339e-04
3.633123e+01	-5.976392e-05
3.654108e+01	-2.725030e-04
3.675214e+01	-3.372592e-04
3.696442e+01	-2.471645e-04
3.717792e+01	-2.760766e-04
3.739266e+01	-2.330015e-04
3.760864e+01	-1.892705e-04
3.782587e+01	-2.733526e-04
3.804435e+01	-2.243045e-04
3.826409e+01	-2.282907e-04
3.848510e+01	-1.732242e-04
3.870739e+01	-2.375003e-04
3.893096e+01	-1.976781e-04
3.915583e+01	-1.907135e-04
3.938199e+01	-1.961685e-04
3.960946e+01	-3.170389e-04
3.983824e+01	-1.069882e-04
4.006834e+01	-6.338217e-05
4.029978e+01	-3.704998e-04
4.053255e+01	-1.868568e-04
4.076666e+01	-3.104389e-04
4.100213e+01	-5.227437e-04
4.123896e+01	-1.215673e-04
4.147715e+01	-3.787026e-04
4.171672e+01	-1.989041e-04
4.195767e+01	-2.156098e-04
4.220002e+01	-3.036837e-04
4.244377e+01	-4.900988e-04
4.268892e+01	-1.423769e-04
4.293549e+01	-3.614402e-04
4.318348e+01	-2.325315e-04
4.343291e+01	-2.652609e-04
4.368377e+01	-2.743941e-04
4.393609e+01	-2.621788e-04
4.418986e+01	-2.555121e-04
4.444510e+01	-1.971861e-04
4.470182e+01	-2.584477e-04
4.496001e+01	-3.877942e-04
4.521970e+01	-3.047035e-04
4.548089e+01	-1.260301e-04
4.574358e+01	-3.951283e-04
4.600779e+01	-3.878617e-04
4.627353e+01	-3.231706e-04
4.654081e+01	-3.263335e-04
4.680963e+01	-3.299766e-04
4.708000e+01	-3.697522e-04
4.735193e+01	-4.391867e-04
4.762543e+01	-4.042933e-04
4.790051e+01	-2.606107e-04
4.817719e+01	-4.641830e-04
4.845545e+01	-2.371011e-04
4.873533e+01	-4.625027e-04
4.901682e+01	-4.916633e-04
4.929994e+01	-3.602366e-04
4.958470e+01	-3.501040e-04
4.987110e+01	-4.578053e-04
5.015915e+01	-3.037174e-04
5.044887e+01	-2.846239e-04
5.074026e+01	-4.442817e-04
5.103333e+01	-3.683739e-04
5.132810e+01	-4.293526e-04
5.162457e+01	-3.232877e-04
5.192275e+01	-4.350907e-04
5.222265e+01	-4.252730e-04
5.252429e+01	-3.698809e-04
5.282767e+01	-4.749576e-04
5.313280e+01	-2.762495e-04
5.343969e+01	-5.406553e-04
5.374836e+01	-3.762645e-04
5.405880e+01	-4.269551e-04
5.437105e+01	-3.828598e-04
5.468509e+01	-4.508230e-04
5.500095e+01	-4.696637e-04
5.531863e+01	-3.701699e-04
5.563815e+01	-4.279463e-04
5.595951e+01	-5.298503e-04
5.628273e+01	-4.695454e-04
5.660782e+01	-4.655050e-04
5.693479e+01	-4.279893e-04
5.726364e+01	-5.155122e-04
5.759439e+01	-4.688958e-04
5.792705e+01	-5.106458e-04
5.826164e+01	-3.400509e-04
5.859815e+01	-6.468074e-04
5.893662e+01	-6.311640e-04
5.927703e+01	-4.728739e-04
5.961941e+01	-4.481624e-04
5.996377e+01	-5.427954e-04
6.031012e+01	-5.991923e-04
6.065847e+01	-5.657941e-04
6.100883e+01	-5.764473e-04
6.136121e+01	-6.157646e-04
6.171563e+01	-5.554322e-04
6.207210e+01	-5.254038e-04
6.243063e+01	-5.366053e-04
6.279122e+01	-6.429337e-04
6.315390e+01	-5.036882e-04
6.351868e+01	-6.353016e-04
6.388556e+01	-6.044441e-04
6.425456e+01	-6.680524e-04
6.462569e+01	-6.368017e-04
6.499897e+01	-6.446949e-04
6.537440e+01	-6.458234e-04
6.575200e+01	-7.049195e-04
6.613178e+01	-7.148923e-04
6.651375e+01	-6.473761e-04
6.689793e+01	-4.775115e-04
6.728433e+01	-5.669508e-04
6.767297e+01	-6.972912e-04
6.806384e+01	-5.823767e-04
6.845698e+01	-5.447607e-04
6.885238e+01	-6.713559e-04
6.925007e+01	-7.677823e-04
6.965005e+01	-6.736277e-04
7.005235e+01	-6.175531e-04
7.045697e+01	-7.597436e-04
7.086393e+01	-7.340632e-04
7.127323e+01	-8.204671e-04
7.168490e+01	-8.270478e-04
7.209895e+01	-8.562057e-04
7.251539e+01	-7.230504e-04
7.293424e+01	-8.529549e-04
7.335551e+01	-7.832183e-04
7.377920e+01	-7.576611e-04
7.420535e+01	-8.636658e-04
7.463396e+01	-8.123138e-04
7.506504e+01	-7.151242e-04
7.549861e+01	-8.352862e-04
7.593469e+01	-8.136759e-04
7.637328e+01	-9.326815e-04
7.681441e+01	-9.133830e-04
7.725809e+01	-8.891142e-04
7.770433e+01	-8.910598e-04
7.815315e+01	-7.934448e-04
7.860456e+01	-9.585847e-04
7.905857e+01	-9.610901e-04
7.951521e+01	-9.419024e-04
7.997449e+01	-9.662593e-04
8.043642e+01	-8.984507e-04
8.090102e+01	-8.487958e-04
8.136830e+01	-8.871458e-04
8.183828e+01	-9.574967e-04
8.231097e+01	-8.402641e-04
8.278640e+01	-9.309513e-04
8.326457e+01	-8.252664e-04
8.374550e+01	-9.923130e-04
8.422921e+01	-8.347919e-04
8.471572e+01	-9.148085e-04
8.520503e+01	-1.203523e-03
8.569717e+01	-8.972910e-04
8.619215e+01	-1.083619e-03
8.669000e+01	-9.851793e-04
8.719071e+01	-1.080062e-03
8.769432e+01	-1.178570e-03
8.820084e+01	-1.089953e-03
8.871029e+01	-1.261960e-03
8.922267e+01	-1.301267e-03
8.973802e+01	-1.114962e-03
9.025634e+01	-1.169181e-03
9.077766e+01	-1.223974e-03
9.130199e+01	-1.192118e-03
9.182935e+01	-1.161957e-03
9.235975e+01	-1.204641e-03
9.289321e+01	-1.422673e-03
9.342976e+01	-1.230199e-03
9.396941e+01	-1.331032e-03
9.451217e+01	-1.206777e-03
9.505807e+01	-1.261049e-03
9.560712e+01	-1.095188e-03
9.615934e+01	-1.167612e-03
9.671476e+01	-1.411319e-03
9.727338e+01	-1.345295e-03
9.783522e+01	-1.301179e-03
9.840032e+01	-1.449805e-03
9.896867e+01	-1.350186e-03
9.954031e+01	-1.473346e-03
1.001153e+02	-1.556647e-03
1.006935e+02	-1.495092e-03
1.012751e+02	-1.403926e-03
1.018601e+02	-1.596413e-03
1.024484e+02	-1.594509e-03
1.030402e+02	-1.625628e-03
1.036353e+02	-1.373818e-03
1.042339e+02	-1.566305e-03
1.048360e+02	-1.594986e-03
1.054415e+02	-1.857826e-03
1.060505e+02	-1.671054e-03
1.066631e+02	-1.674215e-03
1.072791e+02	-1.767784e-03
1.078988e+02	-1.690689e-03
1.085220e+02	-1.664385e-03
1.091488e+02	-1.685875e-03
1.097793e+02	-1.862155e-03
1.104133e+02	-1.772436e-03
1.110511e+02	-1.647446e-03
1.116925e+02	-1.800919e-03
1.123376e+02	-1.906405e-03
1.129865e+02	-1.848195e-03
1.136391e+02	-1.862598e-03
1.142955e+02	-1.995320e-03
1.149556e+02	-1.929869e-03
1.156196e+02	-2.025468e-03
1.162874e+02	-1.901424e-03
1.169591e+02	-1.892210e-03
1.176347e+02	-1.908897e-03
1.183141e+02	-2.012109e-03
1.189975e+02	-2.023096e-03
1.196848e+02	-2.082148e-03
1.203761e+02	-2.086347e-03
1.210714e+02	-2.135476e-03
1.217707e+02	-2.227433e-03
1.224740e+02	-2.235692e-03
1.231814e+02	-2.224990e-03
1.238929e+02	-2.235721e-03
1.246085e+02	-1.984320e-03
1.253283e+02	-2.174821e-03
1.260522e+02	-2.239237e-03
1.267802e+02	-2.402032e-03
1.275125e+02	-2.258752e-03
1.282490e+02	-2.665821e-03
1.289898e+02	-2.521613e-03
1.297348e+02	-2.386099e-03
1.304842e+02	-2.359104e-03
1.312378e+02	-2.554866e-03
1.319959e+02	-2.541543e-03
1.327583e+02	-2.590393e-03
1.335251e+02	-2.721105e-03
1.342963e+02	-2.469093e-03
1.350720e+02	-2.521425e-03
1.358522e+02	-2.686528e-03
1.366368e+02	-2.656638e-03
1.374260e+02	-2.678781e-03
1.382198e+02	-2.908931e-03
1.390182e+02	-2.671202e-03
1.398211e+02	-2.816710e-03
1.406287e+02	-3.018697e-03
1.414410e+02	-2.824552e-03
1.422579e+02	-2.824643e-03
1.430796e+02	-2.954020e-03
1.439060e+02	-3.072147e-03
1.447372e+02	-3.105202e-03
1.455732e+02	-3.105787e-03
1.464141e+02	-3.160941e-03
1.472597e+02	-3.059204e-03
1.481103e+02	-3.286820e-03
1.489658e+02	-3.069260e-03
1.498262e+02	-3.154121e-03
1.506916e+02	-3.217114e-03
1.515620e+02	-3.255069e-03
1.524374e+02	-3.366146e-03
1.533179e+02	-3.419396e-03
1.542034e+02	-3.414930e-03
1.550941e+02	-3.440858e-03
1.559899e+02	-3.414767e-03
1.568909e+02	-3.643226e-03
1.577971e+02	-3.723910e-03
1.587085e+02	-3.616967e-03
1.596252e+02	-3.682506e-03
1.605472e+02	-3.527363e-03
1.614745e+02	-3.774994e-03
1.624072e+02	-3.797505e-03
1.633453e+02	-3.915638e-03
1.642887e+02	-3.900082e-03
1.652377e+02	-4.069289e-03
1.661921e+02	-4.123962e-03
1.671520e+02	-3.872181e-03
1.681175e+02	-3.942343e-03
1.690885e+02	-4.085688e-03
1.700651e+02	-4.080971e-03
1.710474e+02	-4.198887e-03
1.720354e+02	-4.232708e-03
1.730291e+02	-4.397143e-03
1.740285e+02	-4.321119e-03
1.750337e+02	-4.350617e-03
1.760446e+02	-4.343450e-03
1.770615e+02	-4.353166e-03
1.780842e+02	-4.550561e-03
1.791128e+02	-4.631754e-03
1.801473e+02	-4.483269e-03
1.811878e+02	-4.704831e-03
1.822344e+02	-4.790331e-03
1.832870e+02	-4.877555e-03
1.843456e+02	-4.776566e-03
1.854104e+02	-5.018820e-03
1.864813e+02	-4.954951e-03
1.875584e+02	-4.996561e-03
1.886418e+02	-4.980771e-03
1.897313e+02	-5.270447e-03
1.908272e+02	-5.238122e-03
1.919294e+02	-5.390404e-03
1.930380e+02	-5.284668e-03
1.941530e+02	-5.491311e-03
1.952744e+02	-5.407949e-03
1.964023e+02	-5.618492e-03
1.975367e+02	-5.577249e-03
1.986777e+02	-5.737947e-03
1.998252e+02	-5.814357e-03
2.009794e+02	-5.757154e-03
2.021403e+02	-5.900256e-03
2.033078e+02	-6.101157e-03
2.044821e+02	-6.048521e-03
2.056632e+02	-6.136526e-03
2.068511e+02	-6.156618e-03
2.080459e+02	-6.143268e-03
2.092475e+02	-6.149495e-03
2.104561e+02	-6.265022e-03
2.116717e+02	-6.426943e-03
2.128943e+02	-6.527139e-03
2.141240e+02	-6.568850e-03
2.153608e+02	-6.798358e-03
2.166047e+02	-6.837014e-03
2.178558e+02	-6.832218e-03
2.191141e+02	-7.090301e-03
2.203797e+02	-7.023171e-03
2.216526e+02	-7.024165e-03
2.229329e+02	-7.288716e-03
2.242205e+02	-7.374985e-03
2.255156e+02	-7.299436e-03
2.268182e+02	-7.403388e-03
2.281283e+02	-7.507384e-03
2.294459e+02	-7.585243e-03
2.307712e+02	-7.665717e-03
2.321041e+02	-7.790516e-03
2.334447e+02	-7.869124e-03
2.347931e+02	-7.888276e-03
2.361493e+02	-8.039476e-03
2.375133e+02	-8.176347e-03
2.388851e+02	-8.221367e-03
2.402649e+02	-8.437755e-03
2.416527e+02	-8.551407e-03
2.430484e+02	-8.379347e-03
2.444523e+02	-8.631358e-03
2.458642e+02	-8.804932e-03
2.472843e+02	-8.818928e-03
2.487126e+02	-8.758239e-03
2.501492e+02	-9.063615e-03
2.515940e+02	-9.133807e-03
2.530472e+02	-9.312934e-03
2.545088e+02	-9.339815e-03
2.559789e+02	-9.523051e-03
2.574574e+02	-9.507682e-03
2.589444e+02	-9.586499e-03
2.604401e+02	-9.932116e-03
2.619444e+02	-9.930554e-03
2.634574e+02	-1.004055e-02
2.649791e+02	-1.013795e-02
2.665096e+02	-1.019322e-02
2.680489e+02	-1.053616e-02
2.695972e+02	-1.047770e-02
2.711544e+02	-1.070542e-02
2.727205e+02	-1.069190e-02
2.742958e+02	-1.081679e-02
2.758801e+02	-1.093016e-02
2.774736e+02	-1.104541e-02
2.790762e+02	-1.105555e-02
2.806882e+02	-1.127490e-02
2.823094e+02	-1.134866e-02
2.839400e+02	-1.160201e-02
2.855800e+02	-1.166372e-02
2.872295e+02	-1.184704e-02
2.888886e+02	-1.209416e-02
2.905572e+02	-1.234720e-02
2.922354e+02	-1.238837e-02
2.939234e+02	-1.238713e-02
2.956211e+02	-1.268349e-02
2.973286e+02	-1.269659e-02
2.990459e+02	-1.277799e-02
3.007732e+02	-1.316412e-02
3.025104e+02	-1.321288e-02
3.042577e+02	-1.333820e-02
3.060151e+02	-1.353661e-02
3.077826e+02	-1.382321e-02
3.095604e+02	-1.367337e-02
3.113484e+02	-1.379962e-02
3.131467e+02	-1.400411e-02
3.149554e+02	-1.427937e-02
3.167746e+02	-1.438231e-02
3.186043e+02	-1.451527e-02
3.204445e+02	-1.484153e-02
3.222954e+02	-1.498284e-02
3.241570e+02	-1.497922e-02
3.260293e+02	-1.547793e-02
3.279124e+02	-1.553397e-02
3.298064e+02	-1.573496e-02
3.317114e+02	-1.582857e-02
3.336273e+02	-1.599663e-02
3.355544e+02	-1.619748e-02
3.374925e+02	-1.646818e-02
3.394418e+02	-1.663833e-02
3.414024e+02	-1.678233e-02
3.433744e+02	-1.708142e-02
3.453577e+02	-1.726717e-02
3.473525e+02	-1.747551e-02
3.493588e+02	-1.772107e-02
3.513766e+02	-1.781303e-02
3.534062e+02	-1.798454e-02
3.554474e+02	-1.828832e-02
3.575005e+02	-1.825358e-02
3.595654e+02	-1.864474e-02
3.616422e+02	-1.872782e-02
3.637311e+02	-1.898389e-02
3.658320e+02	-1.919339e-02
3.679450e+02	-1.941556e-02
3.700702e+02	-1.979294e-02
3.722077e+02	-1.988851e-02
3.743576e+02	-2.021211e-02
3.765199e+02	-2.037149e-02
3.786946e+02	-2.044041e-02
3.808820e+02	-2.086280e-02
3.830819e+02	-2.126763e-02
3.852946e+02	-2.133436e-02
3.875200e+02	-2.133647e-02
3.897583e+02	-2.176607e-02
3.920096e+02	-2.219307e-02
3.942738e+02	-2.228121e-02
3.965511e+02	-2.251906e-02
3.988416e+02	-2.295807e-02
4.011452e+02	-2.298304e-02
4.034622e+02	-2.348119e-02
4.057926e+02	-2.354244e-02
4.081365e+02	-2.414329e-02
4.104938e+02	-2.434082e-02
4.128648e+02	-2.442800e-02
4.152495e+02	-2.479205e-02
4.176480e+02	-2.496664e-02
4.200603e+02	-2.532000e-02
4.224866e+02	-2.573830e-02
4.249268e+02	-2.597771e-02
4.273812e+02	-2.628270e-02
4.298497e+02	-2.661268e-02
4.323325e+02	-2.680137e-02
4.348297e+02	-2.705568e-02
4.373412e+02	-2.760658e-02
4.398673e+02	-2.788335e-02
4.424079e+02	-2.819025e-02
4.449633e+02	-2.855024e-02
4.475334e+02	-2.870254e-02
4.501183e+02	-2.897932e-02
4.527182e+02	-2.941146e-02
4.553330e+02	-2.977659e-02
4.579630e+02	-2.995544e-02
4.606082e+02	-3.053506e-02
4.632687e+02	-3.093345e-02
4.659445e+02	-3.106815e-02
4.686358e+02	-3.157753e-02
4.713426e+02	-3.194669e-02
4.740650e+02	-3.220529e-02
4.768032e+02	-3.272655e-02
4.795572e+02	-3.310604e-02
4.823271e+02	-3.333524e-02
4.851130e+02	-3.371241e-02
4.879150e+02	-3.417752e-02
4.907332e+02	-3.447272e-02
4.935676e+02	-3.490849e-02
4.964185e+02	-3.525803e-02
4.992858e+02	-3.589980e-02
5.021696e+02	-3.621720e-02
5.050701e+02	-3.670370e-02
5.079874e+02	-3.688287e-02
5.109215e+02	-3.746637e-02
5.138726e+02	-3.789883e-02
5.168407e+02	-3.832513e-02
5.198259e+02	-3.888187e-02
5.228284e+02	-3.929015e-02
5.258482e+02	-3.965152e-02
5.288855e+02	-4.007035e-02
5.319403e+02	-4.059811e-02
5.350128e+02	-4.106190e-02
5.381030e+02	-4.153641e-02
5.412111e+02	-4.196575e-02
5.443371e+02	-4.239656e-02
5.474812e+02	-4.299836e-02
5.506434e+02	-4.350737e-02
5.538239e+02	-4.383961e-02
5.570228e+02	-4.438859e-02
5.602401e+02	-4.506691e-02
5.634760e+02	-4.550020e-02
5.667306e+02	-4.602475e-02
5.700040e+02	-4.671163e-02
5.732964e+02	-4.716924e-02
5.766077e+02	-4.775857e-02
5.799382e+02	-4.811263e-02
5.832879e+02	-4.861285e-02
5.866569e+02	-4.924754e-02
5.900454e+02	-4.995752e-02
5.934535e+02	-5.042480e-02
5.968813e+02	-5.089747e-02
6.003288e+02	-5.159225e-02
6.037963e+02	-5.205004e-02
6.072838e+02	-5.295618e-02
6.107914e+02	-5.344562e-02
6.143194e+02	-5.400773e-02
6.178676e+02	-5.465609e-02
6.214364e+02	-5.509715e-02
6.250258e+02	-5.601790e-02
6.286359e+02	-5.655459e-02
6.322669e+02	-5.723945e-02
6.359189e+02	-5.796023e-02
6.395919e+02	-5.851413e-02
6.432862e+02	-5.937336e-02
6.470017e+02	-5.978085e-02
6.507388e+02	-6.065324e-02
6.544974e+02	-6.136264e-02
6.582778e+02	-6.206917e-02
6.620800e+02	-6.288835e-02
6.659041e+02	-6.359650e-02
6.697504e+02	-6.409876e-02
6.736188e+02	-6.495174e-02
6.775096e+02	-6.571550e-02
6.814229e+02	-6.648781e-02
6.853587e+02	-6.724335e-02
6.893173e+02	-6.785496e-02
6.932988e+02	-6.865599e-02
6.973033e+02	-6.943700e-02
7.013309e+02	-7.034793e-02
7.053817e+02	-7.113321e-02
7.094560e+02	-7.208608e-02
7.135538e+02	-7.268138e-02
7.176752e+02	-7.359876e-02
7.218205e+02	-7.447893e-02
7.259897e+02	-7.534936e-02
7.301830e+02	-7.615150e-02
7.344005e+02	-7.695456e-02
7.386424e+02	-7.806021e-02
7.429087e+02	-7.897826e-02
7.471998e+02	-7.968082e-02
7.515155e+02	-8.065663e-02
7.558563e+02	-8.154064e-02
7.602221e+02	-8.239751e-02
7.646131e+02	-8.331087e-02
7.690295e+02	-8.435230e-02
7.734713e+02	-8.527402e-02
7.779389e+02	-8.644399e-02
7.824322e+02	-8.728277e-02
7.869515e+02	-8.838547e-02
7.914969e+02	-8.933439e-02
7.960686e+02	-9.027968e-02
8.006666e+02	-9.124400e-02
8.052912e+02	-9.245115e-02
8.099426e+02	-9.355834e-02
8.146208e+02	-9.467806e-02
8.193260e+02	-9.561115e-02
8.240584e+02	-9.670667e-02
8.288181e+02	-9.775541e-02
8.336053e+02	-9.907886e-02
8.384202e+02	-1.001085e-01
8.432629e+02	-1.011156e-01
8.481335e+02	-1.024834e-01
8.530323e+02	-1.036969e-01
8.579594e+02	-1.047267e-01
8.629149e+02	-1.059767e-01
8.678991e+02	-1.074353e-01
8.729120e+02	-1.086399e-01
8.779539e+02	-1.096719e-01
8.830250e+02	-1.109147e-01
8.881253e+02	-1.121720e-01
8.932551e+02	-1.135031e-01
8.984145e+02	-1.147848e-01
9.036037e+02	-1.161219e-01
9.088229e+02	-1.174763e-01
9.140722e+02	-1.187765e-01
9.193518e+02	-1.200523e-01
9.246620e+02	-1.213550e-01
9.300028e+02	-1.226855e-01
9.353744e+02	-1.243472e-01
9.407771e+02	-1.258085e-01
9.462110e+02	-1.270577e-01
9.516763e+02	-1.284583e-01
9.571731e+02	-1.300291e-01
9.627017e+02	-1.315648e-01
9.682622e+02	-1.331286e-01
9.738549e+02	-1.346639e-01
9.794798e+02	-1.362641e-01
9.851373e+02	-1.375857e-01
9.908274e+02	-1.391769e-01
9.965504e+02	-1.407141e-01
1.002306e+03	-1.423463e-01
1.008096e+03	-1.439821e-01
1.013918e+03	-1.456492e-01
1.019775e+03	-1.473803e-01
1.025665e+03	-1.489602e-01
1.031589e+03	-1.506445e-01
1.037548e+03	-1.524801e-01
1.043540e+03	-1.540800e-01
1.049568e+03	-1.559565e-01
1.055630e+03	-1.575878e-01
1.061727e+03	-1.596502e-01
1.067860e+03	-1.611833e-01
1.074028e+03	-1.631370e-01
1.080231e+03	-1.649772e-01
1.086471e+03	-1.668331e-01
1.092746e+03	-1.686525e-01
1.099058e+03	-1.704931e-01
1.105406e+03	-1.725506e-01
1.111791e+03	-1.746087e-01
1.118212e+03	-1.764056e-01
1.124671e+03	-1.785591e-01
1.131167e+03	-1.804706e-01
1.137701e+03	-1.826232e-01
1.144272e+03	-1.847422e-01
1.150881e+03	-1.867640e-01
1.157529e+03	-1.888300e-01
1.164215e+03	-1.910585e-01
1.170939e+03	-1.931183e-01
1.177702e+03	-1.952368e-01
1.184505e+03	-1.974961e-01
1.191346e+03	-1.999225e-01
1.198227e+03	-2.021102e-01
1.205148e+03	-2.043834e-01
1.212109e+03	-2.067366e-01
1.219110e+03	-2.091353e-01
1.226152e+03	-2.113213e-01
1.233234e+03	-2.137494e-01
1.240357e+03	-2.162739e-01
1.247521e+03	-2.185672e-01
1.254727e+03	-2.210619e-01
1.261974e+03	-2.235231e-01
1.269263e+03	-2.260803e-01
1.276595e+03	-2.285962e-01
1.283968e+03	-2.312482e-01
1.291384e+03	-2.339703e-01
1.298843e+03	-2.364157e-01
1.306345e+03	-2.390743e-01
1.313891e+03	-2.418572e-01
1.321480e+03	-2.446208e-01
1.329113e+03	-2.473288e-01
1.336790e+03	-2.502019e-01
1.344511e+03	-2.529673e-01
1.352277e+03	-2.557661e-01
1.360087e+03	-2.586811e-01
1.367943e+03	-2.615071e-01
1.375844e+03	-2.645065e-01
1.383791e+03	-2.675639e-01
1.391784e+03	-2.703103e-01
1.399823e+03	-2.735755e-01
1.407908e+03	-2.765000e-01
1.416040e+03	-2.797224e-01
1.424219e+03	-2.829712e-01
1.432445e+03	-2.859752e-01
1.440719e+03	-2.892296e-01
1.449041e+03	-2.924370e-01
1.457410e+03	-2.956778e-01
1.465828e+03	-2.989846e-01
1.474295e+03	-3.023755e-01
1.482810e+03	-3.057512e-01
1.491375e+03	-3.092099e-01
1.499989e+03	-3.127164e-01
1.508653e+03	-3.161413e-01
1.517367e+03	-3.196788e-01
1.526131e+03	-3.232184e-01
1.534946e+03	-3.267071e-01
1.543812e+03	-3.303832e-01
1.552729e+03	-3.340653e-01
1.561697e+03	-3.379908e-01
1.570717e+03	-3.416246e-01
1.579790e+03	-3.454994e-01
1.588915e+03	-3.491640e-01
1.598092e+03	-3.530997e-01
1.607323e+03	-3.571337e-01
1.616606e+03	-3.612141e-01
1.625944e+03	-3.650398e-01
1.635335e+03	-3.691198e-01
1.644781e+03	-3.733619e-01
1.654281e+03	-3.774777e-01
1.663836e+03	-3.817139e-01
1.673446e+03	-3.858673e-01
1.683112e+03	-3.900677e-01
1.692834e+03	-3.944710e-01
1.702611e+03	-3.988396e-01
1.712446e+03	-4.031232e-01
1.722337e+03	-4.077496e-01
1.732285e+03	-4.120451e-01
1.742290e+03	-4.167392e-01
1.752354e+03	-4.212663e-01
1.762475e+03	-4.260754e-01
1.772655e+03	-4.307696e-01
1.782894e+03	-4.354215e-01
1.793192e+03	-4.400802e-01
1.803549e+03	-4.449401e-01
1.813967e+03	-4.497912e-01
1.824444e+03	-4.546085e-01
1.834982e+03	-4.598484e-01
1.845581e+03	-4.649856e-01
1.856241e+03	-4.699381e-01
1.866962e+03	-4.753205e-01
1.877746e+03	-4.803500e-01
1.888592e+03	-4.858620e-01
1.899500e+03	-4.908852e-01
1.910472e+03	-4.963981e-01
1.921506e+03	-5.018674e-01
1.932605e+03	-5.072906e-01
1.943768e+03	-5.127727e-01
1.954995e+03	-5.182125e-01
1.966287e+03	-5.239491e-01
1.977644e+03	-5.298441e-01
1.989067e+03	-5.356316e-01
2.000555e+03	-5.413349e-01
2.012110e+03	-5.470400e-01
2.023732e+03	-5.533257e-01
2.035421e+03	-5.593301e-01
2.047178e+03	-5.654665e-01
2.059002e+03	-5.713297e-01
2.070895e+03	-5.778580e-01
2.082856e+03	-5.839283e-01
2.094887e+03	-5.902778e-01
2.106987e+03	-5.964971e-01
2.119157e+03	-6.030611e-01
2.131397e+03	-6.094989e-01
2.143708e+03	-6.159589e-01
2.156090e+03	-6.229920e-01
2.168543e+03	-6.294680e-01
2.181069e+03	-6.361275e-01
2.193666e+03	-6.430092e-01
2.206337e+03	-6.501114e-01
2.219081e+03	-6.569026e-01
2.231898e+03	-6.641416e-01
2.244789e+03	-6.712161e-01
2.257755e+03	-6.783019e-01
2.270796e+03	-6.856263e-01
2.283912e+03	-6.928154e-01
2.297104e+03	-7.003537e-01
2.310372e+03	-7.078585e-01
2.323716e+03	-7.153006e-01
2.337138e+03	-7.230869e-01
2.350637e+03	-7.306132e-01
2.364214e+03	-7.384735e-01
2.377870e+03	-7.464588e-01
2.391604e+03	-7.542502e-01
2.405418e+03	-7.624028e-01
2.419312e+03	-7.703485e-01
2.433286e+03	-7.787006e-01
2.447340e+03	-7.867294e-01
2.461476e+03	-7.951407e-01
2.475693e+03	-8.035818e-01
2.489993e+03	-8.121052e-01
2.504375e+03	-8.207102e-01
2.518840e+03	-8.293046e-01
2.533389e+03	-8.378578e-01
2.548022e+03	-8.469666e-01
2.562739e+03	-8.556918e-01
2.577541e+03	-8.645854e-01
2.592429e+03	-8.737687e-01
2.607403e+03	-8.829597e-01
2.622463e+03	-8.923572e-01
2.637610e+03	-9.015168e-01
2.652845e+03	-9.109440e-01
2.668168e+03	-9.204393e-01
2.683579e+03	-9.299965e-01
2.699079e+03	-9.396841e-01
2.714669e+03	-9.495766e-01
2.730349e+03	-9.593407e-01
2.746119e+03	-9.693803e-01
2.761981e+03	-9.793435e-01
2.777934e+03	-9.893364e-01
2.793979e+03	-9.996402e-01
2.810117e+03	-1.010050e+00
2.826348e+03	-1.020445e+00
2.842673e+03	-1.031124e+00
2.859092e+03	-1.041490e+00
2.875606e+03	-1.052369e+00
2.892215e+03	-1.063051e+00
2.908921e+03	-1.074053e+00
2.925722e+03	-1.084933e+00
2.942621e+03	-1.096104e+00
2.959618e+03	-1.107406e+00
2.976712e+03	-1.118641e+00
2.993906e+03	-1.129928e+00
3.011198e+03	-1.141451e+00
3.028591e+03	-1.153059e+00
3.046084e+03	-1.164805e+00
3.063678e+03	-1.176582e+00
3.081374e+03	-1.188545e+00
3.099172e+03	-1.200564e+00
3.117072e+03	-1.212659e+00
3.135076e+03	-1.224796e+00
3.153184e+03	-1.237187e+00
3.171397e+03	-1.249602e+00
3.189715e+03	-1.262011e+00
3.208139e+03	-1.274876e+00
3.226669e+03	-1.287654e+00
3.245306e+03	-1.300410e+00
3.264051e+03	-1.313520e+00
3.282904e+03	-1.326744e+00
3.301866e+03	-1.339664e+00
3.320937e+03	-1.353285e+00
3.340119e+03	-1.366610e+00
3.359411e+03	-1.380163e+00
3.378815e+03	-1.393967e+00
3.398331e+03	-1.407573e+00
3.417959e+03	-1.421516e+00
3.437701e+03	-1.435545e+00
3.457557e+03	-1.449565e+00
3.477528e+03	-1.463761e+00
3.497614e+03	-1.478092e+00
3.517816e+03	-1.492619e+00
3.538135e+03	-1.507212e+00
3.558571e+03	-1.521805e+00
3.579125e+03	-1.536814e+00
3.599798e+03	-1.551818e+00
3.620590e+03	-1.566715e+00
3.641503e+03	-1.582131e+00
3.662536e+03	-1.597338e+00
3.683691e+03	-1.612835e+00
3.704967e+03	-1.628242e+00
3.726367e+03	-1.643912e+00
3.747890e+03	-1.659724e+00
3.769538e+03	-1.675599e+00
3.791311e+03	-1.691850e+00
3.813209e+03	-1.707866e+00
3.835234e+03	-1.724319e+00
3.857386e+03	-1.740840e+00
3.879667e+03	-1.757198e+00
3.902075e+03	-1.773960e+00
3.924614e+03	-1.790819e+00
3.947282e+03	-1.807896e+00
3.970081e+03	-1.824696e+00
3.993012e+03	-1.841802e+00
4.016076e+03	-1.859195e+00
4.039272e+03	-1.876693e+00
4.062603e+03	-1.894510e+00
4.086069e+03	-1.912052e+00
4.109670e+03	-1.930043e+00
4.133407e+03	-1.947995e+00
4.157281e+03	-1.965925e+00
4.181294e+03	-1.984306e+00
4.205445e+03	-2.002621e+00
4.229735e+03	-2.021271e+00
4.254166e+03	-2.039958e+00
4.278738e+03	-2.058506e+00
4.303451e+03	-2.077460e+00
4.328308e+03	-2.096569e+00
4.353308e+03	-2.115613e+00
4.378453e+03	-2.135046e+00
4.403742e+03	-2.154388e+00
4.429178e+03	-2.174059e+00
4.454761e+03	-2.193698e+00
4.480492e+03	-2.213758e+00
4.506371e+03	-2.233668e+00
4.532399e+03	-2.254023e+00
4.558578e+03	-2.274027e+00
4.584908e+03	-2.294442e+00
4.611391e+03	-2.315311e+00
4.638026e+03	-2.335983e+00
4.664815e+03	-2.356736e+00
4.691759e+03	-2.377548e+00
4.718858e+03	-2.398837e+00
4.746114e+03	-2.419889e+00
4.773527e+03	-2.441421e+00
4.801099e+03	-2.463002e+00
4.828830e+03	-2.484545e+00
4.856721e+03	-2.506607e+00
4.884773e+03	-2.528333e+00
4.912988e+03	-2.550312e+00
4.941365e+03	-2.572837e+00
4.969906e+03	-2.595237e+00
4.998612e+03	-2.617570e+00
5.027484e+03	-2.640388e+00
5.056522e+03	-2.662974e+00
5.085729e+03	-2.685818e+00
5.115104e+03	-2.709084e+00
5.144648e+03	-2.732421e+00
5.174363e+03	-2.755614e+00
5.204250e+03	-2.779471e+00
5.234310e+03	-2.802807e+00
5.264543e+03	-2.826554e+00
5.294951e+03	-2.850505e+00
5.325534e+03	-2.874755e+00
5.356294e+03	-2.898872e+00
5.387232e+03	-2.923305e+00
5.418348e+03	-2.947813e+00
5.449645e+03	-2.972200e+00
5.481122e+03	-2.997219e+00
5.512780e+03	-3.021879e+00
5.544622e+03	-3.047131e+00
5.576647e+03	-3.072240e+00
5.608858e+03	-3.097765e+00
5.641254e+03	-3.123064e+00
5.673838e+03	-3.148986e+00
5.706610e+03	-3.174836e+00
5.739571e+03	-3.200645e+00
5.772723e+03	-3.226713e+00
5.806066e+03	-3.252962e+00
5.839601e+03	-3.279444e+00
5.873331e+03	-3.305985e+00
5.907255e+03	-3.332518e+00
5.941375e+03	-3.359356e+00
5.975692e+03	-3.386177e+00
6.010207e+03	-3.413048e+00
6.044922e+03	-3.440097e+00
6.079837e+03	-3.467627e+00
6.114954e+03	-3.495267e+00
6.150274e+03	-3.522829e+00
6.185797e+03	-3.550707e+00
6.221526e+03	-3.578450e+00
6.257462e+03	-3.606580e+00
6.293605e+03	-3.634662e+00
6.329956e+03	-3.663216e+00
6.366518e+03	-3.691695e+00
6.403290e+03	-3.720036e+00
6.440276e+03	-3.748926e+00
6.477474e+03	-3.777831e+00
6.514888e+03	-3.806972e+00
6.552518e+03	-3.835796e+00
6.590365e+03	-3.865433e+00
6.628430e+03	-3.894707e+00
6.666716e+03	-3.924332e+00
6.705223e+03	-3.953907e+00
6.743952e+03	-3.983877e+00
6.782905e+03	-4.013617e+00
6.822082e+03	-4.043616e+00
6.861486e+03	-4.074209e+00
6.901118e+03	-4.104433e+00
6.940979e+03	-4.134788e+00
6.981069e+03	-4.165499e+00
7.021392e+03	-4.196605e+00
7.061947e+03	-4.227224e+00
7.102737e+03	-4.258421e+00
7.143762e+03	-4.289269e+00
7.185024e+03	-4.320931e+00
7.226524e+03	-4.352210e+00
7.268264e+03	-4.383579e+00
7.310246e+03	-4.415293e+00
7.352469e+03	-4.447471e+00
7.394937e+03	-4.479302e+00
7.437650e+03	-4.511637e+00
7.480609e+03	-4.543165e+00
7.523817e+03	-4.575877e+00
7.567274e+03	-4.608055e+00
7.610982e+03	-4.640851e+00
7.654943e+03	-4.673629e+00
7.699158e+03	-4.706310e+00
7.743628e+03	-4.739152e+00
7.788355e+03	-4.772321e+00
7.833340e+03	-4.805657e+00
7.878585e+03	-4.839177e+00
7.924091e+03	-4.872424e+00
7.969861e+03	-4.905813e+00
8.015894e+03	-4.939870e+00
8.062194e+03	-4.973509e+00
8.108761e+03	-5.007622e+00
8.155596e+03	-5.041722e+00
8.202703e+03	-5.075868e+00
8.250081e+03	-5.109977e+00
8.297733e+03	-5.144541e+00
8.345661e+03	-5.179084e+00
8.393865e+03	-5.213933e+00
8.442348e+03	-5.248074e+00
8.491110e+03	-5.283367e+00
8.540155e+03	-5.318471e+00
8.589482e+03	-5.353516e+00
8.639095e+03	-5.388651e+00
8.688994e+03	-5.424199e+00
8.739181e+03	-5.459838e+00
8.789658e+03	-5.494854e+00
8.840427e+03	-5.531228e+00
8.891489e+03	-5.566558e+00
8.942846e+03	-5.602733e+00
8.994499e+03	-5.638614e+00
9.046451e+03	-5.674556e+00
9.098703e+03	-5.710875e+00
9.151257e+03	-5.747108e+00
9.204114e+03	-5.783885e+00
9.257277e+03	-5.820318e+00
9.310746e+03	-5.857113e+00
9.364525e+03	-5.893615e+00
9.418614e+03	-5.930606e+00
9.473015e+03	-5.967586e+00
9.527731e+03	-6.004907e+00
9.582763e+03	-6.042107e+00
9.638113e+03	-6.078911e+00
9.693782e+03	-6.116602e+00
9.749773e+03	-6.153965e+00
9.806087e+03	-6.191476e+00
9.862727e+03	-6.229148e+00
9.919693e+03	-6.267155e+00
9.976989e+03	-6.305156e+00
1.003462e+04	-6.342957e+00
1.009258e+04	-6.380772e+00
1.015087e+04	-6.419265e+00
1.020950e+04	-6.457386e+00
1.026847e+04	-6.495715e+00
1.032778e+04	-6.534522e+00
1.038743e+04	-6.572617e+00
1.044743e+04	-6.611236e+00
1.050777e+04	-6.650081e+00
1.056847e+04	-6.688862e+00
1.062951e+04	-6.727587e+00
1.069091e+04	-6.766529e+00
1.075266e+04	-6.805960e+00
1.081476e+04	-6.844868e+00
1.087723e+04	-6.884556e+00
1.094006e+04	-6.923761e+00
1.100324e+04	-6.962962e+00
1.106680e+04	-7.002830e+00
1.113072e+04	-7.042022e+00
1.119501e+04	-7.081805e+00
1.125967e+04	-7.121735e+00
1.132471e+04	-7.161645e+00
1.139012e+04	-7.201750e+00
1.145591e+04	-7.241131e+00
1.152208e+04	-7.281570e+00
1.158863e+04	-7.321193e+00
1.165556e+04	-7.361972e+00
1.172289e+04	-7.402204e+00
1.179060e+04	-7.442859e+00
1.185870e+04	-7.482819e+00
1.192719e+04	-7.523647e+00
1.199608e+04	-7.563927e+00
1.206537e+04	-7.604770e+00
1.213506e+04	-7.645593e+00
1.220515e+04	-7.686676e+00
1.227565e+04	-7.727560e+00
1.234655e+04	-7.768604e+00
1.241787e+04	-7.809707e+00
1.248959e+04	-7.850988e+00
1.256173e+04	-7.891835e+00
1.263429e+04	-7.933398e+00
1.270726e+04	-7.974120e+00
1.278066e+04	-8.015599e+00
1.285448e+04	-8.057078e+00
1.292873e+04	-8.098673e+00
1.300340e+04	-8.139691e+00
1.307851e+04	-8.182209e+00
1.315405e+04	-8.223824e+00
1.323003e+04	-8.265484e+00
1.330644e+04	-8.307303e+00
1.338330e+04	-8.349200e+00
1.346060e+04	-8.391262e+00
1.353835e+04	-8.432734e+00
1.361655e+04	-8.475567e+00
1.369520e+04	-8.517793e+00
1.377430e+04	-8.559670e+00
1.385386e+04	-8.602067e+00
1.393388e+04	-8.644267e+00
1.401436e+04	-8.686211e+00
1.409531e+04	-8.728989e+00
1.417672e+04	-8.772071e+00
1.425861e+04	-8.814018e+00
1.434096e+04	-8.856663e+00
1.442379e+04	-8.898878e+00
1.450711e+04	-8.942020e+00
1.459090e+04	-8.985025e+00
1.467518e+04	-9.027421e+00
1.475994e+04	-9.070328e+00
1.484519e+04	-9.112918e+00
1.493094e+04	-9.155901e+00
1.501718e+04	-9.198982e+00
1.510392e+04	-9.242233e+00
1.519116e+04	-9.285065e+00
1.527890e+04	-9.328226e+00
1.536715e+04	-9.371295e+00
1.545591e+04	-9.414674e+00
1.554518e+04	-9.457953e+00
1.563497e+04	-9.500903e+00
1.572528e+04	-9.545064e+00
1.581611e+04	-9.587736e+00
1.590746e+04	-9.630987e+00
1.599934e+04	-9.674857e+00
1.609175e+04	-9.718270e+00
1.618470e+04	-9.762070e+00
1.627818e+04	-9.805345e+00
1.637220e+04	-9.849052e+00
1.646677e+04	-9.893225e+00
1.656188e+04	-9.936083e+00
1.665754e+04	-9.980091e+00
1.675375e+04	-1.002317e+01
1.685052e+04	-1.006732e+01
1.694785e+04	-1.011129e+01
1.704574e+04	-1.015530e+01
1.714419e+04	-1.019917e+01
1.724322e+04	-1.024295e+01
1.734281e+04	-1.028700e+01
1.744299e+04	-1.033077e+01
1.754374e+04	-1.037484e+01
1.764507e+04	-1.041874e+01
1.774698e+04	-1.046311e+01
1.784949e+04	-1.050730e+01
1.795259e+04	-1.055128e+01
1.805628e+04	-1.059531e+01
1.816057e+04	-1.063999e+01
1.826547e+04	-1.068367e+01
1.837097e+04	-1.072784e+01
1.847708e+04	-1.077210e+01
1.858380e+04	-1.081648e+01
1.869114e+04	-1.086020e+01
1.879910e+04	-1.090473e+01
1.890768e+04	-1.094946e+01
1.901689e+04	-1.099313e+01
1.912673e+04	-1.103830e+01
1.923721e+04	-1.108124e+01
1.934832e+04	-1.112653e+01
1.946008e+04	-1.117095e+01
1.957248e+04	-1.121490e+01
1.968553e+04	-1.125990e+01
1.979923e+04	-1.130445e+01
1.991359e+04	-1.134879e+01
2.002861e+04	-1.139315e+01
2.014430e+04	-1.143733e+01
2.026065e+04	-1.148241e+01
2.037767e+04	-1.152659e+01
2.049537e+04	-1.157151e+01
2.061375e+04	-1.161600e+01
2.073282e+04	-1.166042e+01
2.085257e+04	-1.170504e+01
2.097301e+04	-1.174993e+01
2.109415e+04	-1.179452e+01
2.121599e+04	-1.183858e+01
2.133853e+04	-1.188301e+01
2.146178e+04	-1.192826e+01
2.158575e+04	-1.197256e+01
2.171043e+04	-1.201732e+01
2.183582e+04	-1.206170e+01
2.196195e+04	-1.210642e+01
2.208880e+04	-1.215076e+01
2.221638e+04	-1.219584e+01
2.234470e+04	-1.224038e+01
2.247377e+04	-1.228587e+01
2.260357e+04	-1.232986e+01
2.273413e+04	-1.237480e+01
2.286544e+04	-1.241857e+01
2.299751e+04	-1.246307e+01
2.313034e+04	-1.250806e+01
2.326394e+04	-1.255309e+01
2.339832e+04	-1.259628e+01
2.353346e+04	-1.264198e+01
2.366939e+04	-1.268751e+01
2.380610e+04	-1.273087e+01
2.394361e+04	-1.277606e+01
2.408191e+04	-1.282000e+01
2.422100e+04	-1.286499e+01
2.436090e+04	-1.290919e+01
2.450161e+04	-1.295392e+01
2.464313e+04	-1.299852e+01
2.478547e+04	-1.304376e+01
2.492863e+04	-1.308810e+01
2.507261e+04	-1.313239e+01
2.521743e+04	-1.317689e+01
2.536309e+04	-1.322096e+01
2.550958e+04	-1.326548e+01
2.565692e+04	-1.330953e+01
2.580512e+04	-1.335372e+01
2.595417e+04	-1.339858e+01
2.610408e+04	-1.344413e+01
2.625485e+04	-1.348740e+01
2.640650e+04	-1.353151e+01
2.655902e+04	-1.357618e+01
2.671243e+04	-1.361993e+01
2.686672e+04	-1.366456e+01
2.702190e+04	-1.370864e+01
2.717798e+04	-1.375398e+01
2.733495e+04	-1.379802e+01
2.749284e+04	-1.384186e+01
2.765164e+04	-1.388671e+01
2.781135e+04	-1.393013e+01
2.797199e+04	-1.397387e+01
2.813355e+04	-1.401850e+01
2.829605e+04	-1.406274e+01
2.845949e+04	-1.410724e+01
2.862387e+04	-1.415102e+01
2.878920e+04	-1.419493e+01
2.895549e+04	-1.423902e+01
2.912273e+04	-1.428301e+01
2.929094e+04	-1.432619e+01
2.946013e+04	-1.437031e+01
2.963029e+04	-1.441443e+01
2.980143e+04	-1.445787e+01
2.997356e+04	-1.450249e+01
3.014669e+04	-1.454491e+01
3.032081e+04	-1.458811e+01
3.049595e+04	-1.463205e+01
3.067209e+04	-1.467671e+01
3.084925e+04	-1.472020e+01
3.102743e+04	-1.476349e+01
3.120665e+04	-1.480698e+01
3.138690e+04	-1.485073e+01
3.156819e+04	-1.489338e+01
3.175052e+04	-1.493805e+01
3.193391e+04	-1.498061e+01
3.211836e+04	-1.502401e+01
3.230388e+04	-1.506756e+01
3.249046e+04	-1.511073e+01
3.267812e+04	-1.515359e+01
3.286687e+04	-1.519767e+01
3.305671e+04	-1.524026e+01
3.324764e+04	-1.528276e+01
3.343968e+04	-1.532502e+01
3.363283e+04	-1.536903e+01
3.382709e+04	-1.541135e+01
3.402247e+04	-1.545357e+01
3.421899e+04	-1.549608e+01
3.441663e+04	-1.553900e+01
3.461542e+04	-1.558159e+01
3.481536e+04	-1.562443e+01
3.501645e+04	-1.566654e+01
3.521871e+04	-1.570935e+01
3.542213e+04	-1.575079e+01
3.562672e+04	-1.579315e+01
3.583250e+04	-1.583640e+01
3.603947e+04	-1.587730e+01
3.624763e+04	-1.592086e+01
3.645700e+04	-1.596092e+01
3.666757e+04	-1.600386e+01
3.687936e+04	-1.604529e+01
3.709238e+04	-1.608831e+01
3.730662e+04	-1.612886e+01
3.752210e+04	-1.617088e+01
3.773883e+04	-1.621262e+01
3.795680e+04	-1.625424e+01
3.817604e+04	-1.629561e+01
3.839654e+04	-1.633605e+01
3.861832e+04	-1.637709e+01
3.884138e+04	-1.642071e+01
3.906573e+04	-1.646017e+01
3.929137e+04	-1.650095e+01
3.951831e+04	-1.654291e+01
3.974657e+04	-1.658244e+01
3.997614e+04	-1.662332e+01
4.020704e+04	-1.666360e+01
4.043928e+04	-1.670471e+01
4.067285e+04	-1.674495e+01
4.090778e+04	-1.678552e+01
4.114406e+04	-1.682637e+01
4.138171e+04	-1.686626e+01
4.162073e+04	-1.690520e+01
4.186113e+04	-1.694631e+01
4.210291e+04	-1.698536e+01
4.234610e+04	-1.702591e+01
4.259069e+04	-1.706565e+01
4.283669e+04	-1.710578e+01
4.308411e+04	-1.714322e+01
4.333297e+04	-1.718373e+01
4.358325e+04	-1.722357e+01
4.383499e+04	-1.726188e+01
4.408818e+04	-1.730016e+01
4.434283e+04	-1.733921e+01
4.459895e+04	-1.737864e+01
4.485655e+04	-1.741800e+01
4.511564e+04	-1.745583e+01
4.537623e+04	-1.749470e+01
4.563832e+04	-1.753170e+01
4.590193e+04	-1.757071e+01
4.616705e+04	-1.760843e+01
4.643371e+04	-1.764540e+01
4.670191e+04	-1.768288e+01
4.697166e+04	-1.772195e+01
4.724297e+04	-1.776004e+01
4.751584e+04	-1.779651e+01
4.779029e+04	-1.783240e+01
4.806633e+04	-1.787121e+01
4.834395e+04	-1.790736e+01
4.862319e+04	-1.794556e+01
4.890403e+04	-1.798115e+01
4.918650e+04	-1.801704e+01
4.947060e+04	-1.805419e+01
4.975634e+04	-1.808946e+01
5.004373e+04	-1.812683e+01
5.033278e+04	-1.816134e+01
5.062350e+04	-1.819771e+01
5.091590e+04	-1.823385e+01
5.120999e+04	-1.826846e+01
5.150578e+04	-1.830299e+01
5.180327e+04	-1.833850e+01
5.210248e+04	-1.837373e+01
5.240343e+04	-1.840805e+01
5.270611e+04	-1.844066e+01
5.301053e+04	-1.847621e+01
5.331672e+04	-1.851138e+01
5.362468e+04	-1.854410e+01
5.393441e+04	-1.857785e+01
5.424593e+04	-1.861285e+01
5.455926e+04	-1.864405e+01
5.487439e+04	-1.867750e+01
5.519134e+04	-1.871137e+01
5.551012e+04	-1.874508e+01
5.583075e+04	-1.877863e+01
5.615322e+04	-1.881124e+01
5.647756e+04	-1.884047e+01
5.680377e+04	-1.887440e+01
5.713187e+04	-1.890422e+01
5.746186e+04	-1.893787e+01
5.779376e+04	-1.896770e+01
5.812757e+04	-1.899875e+01
5.846332e+04	-1.903028e+01
5.880100e+04	-1.905936e+01
5.914063e+04	-1.909248e+01
5.948222e+04	-1.912136e+01
5.982579e+04	-1.915186e+01
6.017134e+04	-1.917867e+01
6.051889e+04	-1.921055e+01
6.086844e+04	-1.923902e+01
6.122002e+04	-1.926789e+01
6.157362e+04	-1.929624e+01
6.192927e+04	-1.932511e+01
6.228697e+04	-1.935224e+01
6.264674e+04	-1.937940e+01
6.300858e+04	-1.941030e+01
6.337252e+04	-1.943618e+01
6.373855e+04	-1.946305e+01
6.410670e+04	-1.949082e+01
6.447698e+04	-1.951658e+01
6.484940e+04	-1.954271e+01
6.522397e+04	-1.956912e+01
6.560070e+04	-1.959306e+01
6.597960e+04	-1.962102e+01
6.636070e+04	-1.964334e+01
6.674400e+04	-1.966845e+01
6.712951e+04	-1.969410e+01
6.751724e+04	-1.971693e+01
6.790722e+04	-1.973957e+01
6.829945e+04	-1.976496e+01
6.869395e+04	-1.978713e+01
6.909072e+04	-1.980966e+01
6.948978e+04	-1.983284e+01
6.989115e+04	-1.985477e+01
7.029484e+04	-1.987503e+01
7.070086e+04	-1.989702e+01
7.110923e+04	-1.991753e+01
7.151995e+04	-1.993851e+01
7.193305e+04	-1.995918e+01
7.234853e+04	-1.997724e+01
7.276641e+04	-1.999782e+01
7.318671e+04	-2.001636e+01
7.360943e+04	-2.003359e+01
7.403460e+04	-2.005223e+01
7.446222e+04	-2.006965e+01
7.489231e+04	-2.008766e+01
7.532488e+04	-2.010436e+01
7.575996e+04	-2.011907e+01
7.619754e+04	-2.013608e+01
7.663766e+04	-2.015054e+01
7.708031e+04	-2.016612e+01
7.752553e+04	-2.018077e+01
7.797331e+04	-2.019461e+01
7.842368e+04	-2.020858e+01
7.887665e+04	-2.022131e+01
7.933224e+04	-2.023420e+01
7.979046e+04	-2.024842e+01
8.025133e+04	-2.025777e+01
8.071486e+04	-2.026874e+01
8.118106e+04	-2.028042e+01
8.164996e+04	-2.029047e+01
8.212157e+04	-2.029965e+01
8.259590e+04	-2.030872e+01
8.307297e+04	-2.031571e+01
8.355279e+04	-2.032531e+01
8.403539e+04	-2.033210e+01
8.452078e+04	-2.033786e+01
8.500897e+04	-2.034484e+01
8.549997e+04	-2.034932e+01
8.599382e+04	-2.035437e+01
8.649052e+04	-2.035766e+01
8.699008e+04	-2.036140e+01
8.749253e+04	-2.036440e+01
8.799789e+04	-2.036617e+01
8.850616e+04	-2.036908e+01
8.901737e+04	-2.036768e+01
8.953153e+04	-2.036935e+01
9.004866e+04	-2.036877e+01
9.056877e+04	-2.036655e+01
9.109190e+04	-2.036421e+01
9.161804e+04	-2.036254e+01
9.214722e+04	-2.035972e+01
9.267946e+04	-2.035443e+01
9.321477e+04	-2.034926e+01
9.375318e+04	-2.034319e+01
9.429469e+04	-2.033715e+01
9.483933e+04	-2.032800e+01
9.538712e+04	-2.032018e+01
9.593807e+04	-2.031066e+01
9.649221e+04	-2.030080e+01
9.704954e+04	-2.028973e+01
9.761010e+04	-2.027775e+01
9.817389e+04	-2.026414e+01
9.874094e+04	-2.024996e+01
9.931126e+04	-2.023653e+01
9.988488e+04	-2.021885e+01
1.004618e+05	-2.020312e+01
1.010421e+05	-2.018358e+01
1.016257e+05	-2.016384e+01
1.022127e+05	-2.014421e+01
1.028031e+05	-2.012298e+01
1.033968e+05	-2.010095e+01
1.039941e+05	-2.007709e+01
1.045947e+05	-2.005312e+01
1.051989e+05	-2.002766e+01
1.058065e+05	-2.000014e+01
1.064176e+05	-1.997170e+01
1.070323e+05	-1.994161e+01
1.076505e+05	-1.991056e+01
1.082723e+05	-1.987828e+01
1.088977e+05	-1.984452e+01
1.095266e+05	-1.981004e+01
1.101593e+05	-1.977171e+01
1.107955e+05	-1.973565e+01
1.114355e+05	-1.969573e+01
1.120791e+05	-1.965637e+01
1.127265e+05	-1.961178e+01
1.133776e+05	-1.957002e+01
1.140325e+05	-1.952249e+01
1.146911e+05	-1.947580e+01
1.153536e+05	-1.942655e+01
1.160198e+05	-1.937709e+01
1.166900e+05	-1.932434e+01
1.173640e+05	-1.926974e+01
1.180419e+05	-1.921188e+01
1.187237e+05	-1.915347e+01
1.194094e+05	-1.909477e+01
1.200991e+05	-1.903160e+01
1.207928e+05	-1.896887e+01
1.214905e+05	-1.889960e+01
1.221922e+05	-1.883119e+01
1.228980e+05	-1.875977e+01
1.236078e+05	-1.868584e+01
1.243218e+05	-1.861152e+01
1.250399e+05	-1.853215e+01
1.257621e+05	-1.845059e+01
1.264885e+05	-1.836878e+01
1.272191e+05	-1.828201e+01
1.279539e+05	-1.819229e+01
1.286930e+05	-1.810053e+01
1.294363e+05	-1.800546e+01
1.301839e+05	-1.790576e+01
1.309358e+05	-1.780596e+01
1.316921e+05	-1.770168e+01
1.324528e+05	-1.759310e+01
1.332178e+05	-1.748225e+01
1.339873e+05	-1.736593e+01
1.347612e+05	-1.724803e+01
1.355395e+05	-1.712566e+01
1.363224e+05	-1.699880e+01
1.371098e+05	-1.686639e+01
1.379018e+05	-1.673172e+01
1.386983e+05	-1.659046e+01
1.394994e+05	-1.644591e+01
1.403051e+05	-1.629622e+01
1.411155e+05	-1.614086e+01
1.419306e+05	-1.598119e+01
1.427504e+05	-1.581650e+01
1.435749e+05	-1.564403e+01
1.444042e+05	-1.546666e+01
1.452383e+05	-1.528143e+01
1.460772e+05	-1.509142e+01
1.469209e+05	-1.489359e+01
1.477695e+05	-1.468802e+01
1.486230e+05	-1.447605e+01
1.494814e+05	-1.425538e+01
1.503448e+05	-1.402597e+01
1.512132e+05	-1.378748e+01
1.520866e+05	-1.354043e+01
1.529651e+05	-1.328268e+01
1.538486e+05	-1.301563e+01
1.547372e+05	-1.273588e+01
1.556310e+05	-1.244539e+01
1.565299e+05	-1.214371e+01
1.574340e+05	-1.182830e+01
1.583433e+05	-1.150020e+01
1.592579e+05	-1.115725e+01
1.601778e+05	-1.079911e+01
1.611030e+05	-1.042598e+01
1.620335e+05	-1.003786e+01
1.629694e+05	-9.631565e+00
1.639107e+05	-9.209280e+00
1.648574e+05	-8.770721e+00
1.658097e+05	-8.316507e+00
1.667674e+05	-7.847302e+00
1.677306e+05	-7.365602e+00
1.686994e+05	-6.876154e+00
1.696738e+05	-6.384543e+00
1.706538e+05	-5.898460e+00
1.716395e+05	-5.430082e+00
1.726309e+05	-4.995738e+00
1.736280e+05	-4.614063e+00
1.746309e+05	-4.306396e+00
1.756395e+05	-4.095019e+00
1.766540e+05	-3.997690e+00
1.776744e+05	-4.025297e+00
1.787006e+05	-4.176787e+00
1.797328e+05	-4.442399e+00
1.807709e+05	-4.804062e+00
1.818150e+05	-5.239759e+00
1.828652e+05	-5.727920e+00
1.839214e+05	-6.249444e+00
1.849837e+05	-6.788433e+00
1.860522e+05	-7.333294e+00
1.871268e+05	-7.875135e+00
1.882077e+05	-8.409030e+00
1.892948e+05	-8.930324e+00
1.903881e+05	-9.435681e+00
1.914878e+05	-9.925581e+00
1.925938e+05	-1.039812e+01
1.937062e+05	-1.085396e+01
1.948251e+05	-1.129235e+01
1.959504e+05	-1.171460e+01
1.970822e+05	-1.211996e+01
1.982205e+05	-1.251110e+01
1.993654e+05	-1.288652e+01
2.005169e+05	-1.324807e+01
2.016751e+05	-1.359538e+01
2.028400e+05	-1.393125e+01
2.040116e+05	-1.425258e+01
2.051899e+05	-1.456317e+01
2.063751e+05	-1.486260e+01
2.075671e+05	-1.515196e+01
2.087660e+05	-1.542916e+01
2.099719e+05	-1.569757e+01
2.111846e+05	-1.595636e+01
2.124044e+05	-1.620563e+01
2.136313e+05	-1.644559e+01
2.148652e+05	-1.667633e+01
2.161063e+05	-1.690148e+01
2.173545e+05	-1.711674e+01
2.186099e+05	-1.732398e+01
2.198726e+05	-1.752395e+01
2.211426e+05	-1.771576e+01
2.224199e+05	-1.790352e+01
2.237046e+05	-1.808269e+01
2.249967e+05	-1.825082e+01
2.262962e+05	-1.841933e+01
2.276033e+05	-1.857793e+01
2.289179e+05	-1.872986e+01
2.302402e+05	-1.887465e+01
2.315700e+05	-1.901549e+01
2.329076e+05	-1.914854e+01
2.342528e+05	-1.927727e+01
2.356059e+05	-1.939909e+01
2.369667e+05	-1.951418e+01
2.383354e+05	-1.962534e+01
2.397120e+05	-1.972709e+01
2.410966e+05	-1.982647e+01
2.424892e+05	-1.991904e+01
2.438898e+05	-2.000426e+01
2.452985e+05	-2.008441e+01
2.467153e+05	-2.016094e+01
2.481403e+05	-2.022833e+01
2.495736e+05	-2.029224e+01
2.510151e+05	-2.035049e+01
2.524650e+05	-2.040128e+01
2.539232e+05	-2.044656e+01
2.553898e+05	-2.048765e+01
2.568650e+05	-2.052112e+01
2.583486e+05	-2.054927e+01
2.598408e+05	-2.056818e+01
2.613416e+05	-2.058412e+01
2.628511e+05	-2.059341e+01
2.643694e+05	-2.059440e+01
2.658963e+05	-2.058917e+01
2.674321e+05	-2.057781e+01
2.689768e+05	-2.056052e+01
2.705304e+05	-2.053328e+01
2.720930e+05	-2.050353e+01
2.736646e+05	-2.046346e+01
2.752453e+05	-2.041402e+01
2.768351e+05	-2.035906e+01
2.784341e+05	-2.029536e+01
2.800423e+05	-2.022433e+01
2.816598e+05	-2.014163e+01
2.832867e+05	-2.005263e+01
2.849229e+05	-1.995499e+01
2.865686e+05	-1.984716e+01
2.882238e+05	-1.972853e+01
2.898886e+05	-1.959986e+01
2.915630e+05	-1.945849e+01
2.932470e+05	-1.930831e+01
2.949408e+05	-1.914490e+01
2.966444e+05	-1.896969e+01
2.983578e+05	-1.878151e+01
3.000811e+05	-1.857941e+01
3.018143e+05	-1.836171e+01
3.035576e+05	-1.812954e+01
3.053109e+05	-1.788067e+01
3.070744e+05	-1.761408e+01
3.088481e+05	-1.732847e+01
3.106320e+05	-1.702244e+01
3.124261e+05	-1.669673e+01
3.142307e+05	-1.634693e+01
3.160457e+05	-1.597288e+01
3.178712e+05	-1.557204e+01
3.197072e+05	-1.514384e+01
3.215538e+05	-1.468414e+01
3.234111e+05	-1.419097e+01
3.252791e+05	-1.366284e+01
3.271579e+05	-1.309840e+01
3.290475e+05	-1.249435e+01
3.309481e+05	-1.185155e+01
3.328596e+05	-1.117060e+01
3.347822e+05	-1.045820e+01
3.367159e+05	-9.725731e+00
3.386608e+05	-8.995271e+00
3.406169e+05	-8.304428e+00
3.425842e+05	-7.709319e+00
3.445630e+05	-7.279748e+00
3.465532e+05	-7.086944e+00
3.485549e+05	-7.170235e+00
3.505681e+05	-7.520811e+00
3.525930e+05	-8.084177e+00
3.546295e+05	-8.786491e+00
3.566778e+05	-9.562259e+00
3.587380e+05	-1.036221e+01
3.608101e+05	-1.115364e+01
3.628941e+05	-1.191819e+01
3.649901e+05	-1.264740e+01
3.670983e+05	-1.333640e+01
3.692187e+05	-1.398497e+01
3.713513e+05	-1.459271e+01
3.734962e+05	-1.516176e+01
3.756535e+05	-1.569474e+01
3.778232e+05	-1.619302e+01
3.800055e+05	-1.666026e+01
3.822004e+05	-1.709476e+01
3.844080e+05	-1.750029e+01
3.866283e+05	-1.788051e+01
3.888615e+05	-1.823521e+01
3.911075e+05	-1.856345e+01
3.933665e+05	-1.886951e+01
3.956386e+05	-1.915097e+01
3.979238e+05	-1.941204e+01
4.002222e+05	-1.965115e+01
4.025338e+05	-1.987151e+01
4.048589e+05	-2.007183e+01
4.071973e+05	-2.025348e+01
4.095493e+05	-2.041518e+01
4.119148e+05	-2.055729e+01
4.142940e+05	-2.068167e+01
4.166870e+05	-2.078712e+01
4.190937e+05	-2.087167e+01
4.215144e+05	-2.094082e+01
4.239490e+05	-2.099046e+01
4.263978e+05	-2.101931e+01
4.288606e+05	-2.103077e+01
4.313377e+05	-2.102099e+01
4.338291e+05	-2.099184e+01
4.363349e+05	-2.094218e+01
4.388551e+05	-2.087017e+01
4.413899e+05	-2.077551e+01
4.439394e+05	-2.065737e+01
4.465035e+05	-2.051722e+01
4.490825e+05	-2.035057e+01
4.516764e+05	-2.015523e+01
4.542853e+05	-1.993283e+01
4.569092e+05	-1.968047e+01
4.595483e+05	-1.939477e+01
4.622026e+05	-1.907650e+01
4.648723e+05	-1.872029e+01
4.675574e+05	-1.832244e+01
4.702580e+05	-1.788308e+01
4.729742e+05	-1.739509e+01
4.757060e+05	-1.685514e+01
4.784537e+05	-1.626072e+01
4.812172e+05	-1.560728e+01
4.839967e+05	-1.489171e+01
4.867923e+05	-1.411397e+01
4.896040e+05	-1.327983e+01
4.924319e+05	-1.240895e+01
4.952762e+05	-1.154034e+01
4.981369e+05	-1.074825e+01
5.010141e+05	-1.014658e+01
5.039079e+05	-9.866284e+00
5.068185e+05	-9.991090e+00
5.097458e+05	-1.049969e+01
5.126901e+05	-1.127976e+01
5.156514e+05	-1.220193e+01
5.186298e+05	-1.316598e+01
5.216253e+05	-1.411187e+01
5.246382e+05	-1.500970e+01
5.276685e+05	-1.584303e+01
5.307163e+05	-1.661188e+01
5.337817e+05	-1.731360e+01
5.368648e+05	-1.795343e+01
5.399657e+05	-1.853398e+01
5.430845e+05	-1.905629e+01
5.462214e+05	-1.952946e+01
5.493763e+05	-1.995202e+01
5.525495e+05	-2.032349e+01
5.557410e+05	-2.065245e+01
5.589509e+05	-2.093708e+01
5.621794e+05	-2.118068e+01
5.654265e+05	-2.138092e+01
5.686924e+05	-2.153901e+01
5.719772e+05	-2.165592e+01
5.752809e+05	-2.173091e+01
5.786037e+05	-2.176970e+01
5.819457e+05	-2.176272e+01
5.853070e+05	-2.170982e+01
5.886877e+05	-2.161588e+01
5.920879e+05	-2.147136e+01
5.955078e+05	-2.127924e+01
5.989474e+05	-2.103513e+01
6.024069e+05	-2.073286e+01
6.058864e+05	-2.037014e+01
6.093860e+05	-1.994517e+01
6.129058e+05	-1.944750e+01
6.164459e+05	-1.887644e+01
6.200064e+05	-1.822103e+01
6.235876e+05	-1.748077e+01
6.271894e+05	-1.665339e+01
6.308120e+05	-1.575074e+01
6.344555e+05	-1.480374e+01
6.381201e+05	-1.387987e+01
6.418059e+05	-1.311433e+01
6.455129e+05	-1.268725e+01
6.492414e+05	-1.274879e+01
6.529914e+05	-1.329580e+01
6.567630e+05	-1.417931e+01
6.605565e+05	-1.521533e+01
6.643718e+05	-1.627017e+01
6.682092e+05	-1.727422e+01
6.720688e+05	-1.819611e+01
6.759506e+05	-1.902237e+01
6.798549e+05	-1.975280e+01
6.837817e+05	-2.039073e+01
6.877312e+05	-2.093817e+01
6.917035e+05	-2.140327e+01
6.956987e+05	-2.178307e+01
6.997171e+05	-2.208297e+01
7.037586e+05	-2.230641e+01
7.078235e+05	-2.244932e+01
7.119118e+05	-2.251677e+01
7.160238e+05	-2.249883e+01
7.201595e+05	-2.240253e+01
7.243191e+05	-2.221683e+01
7.285028e+05	-2.194185e+01
7.327106e+05	-2.156978e+01
7.369427e+05	-2.109271e+01
7.411992e+05	-2.050578e+01
7.454804e+05	-1.980709e+01
7.497862e+05	-1.899219e+01
7.541170e+05	-1.808295e+01
7.584727e+05	-1.712855e+01
7.628536e+05	-1.625007e+01
7.672598e+05	-1.564732e+01
7.716915e+05	-1.554434e+01
7.761488e+05	-1.601559e+01
7.806318e+05	-1.691517e+01
7.851407e+05	-1.800714e+01
7.896756e+05	-1.911970e+01
7.942367e+05	-2.014849e+01
7.988242e+05	-2.106136e+01
8.034382e+05	-2.184071e+01
8.080788e+05	-2.248359e+01
8.127463e+05	-2.299614e+01
8.174406e+05	-2.337446e+01
8.221621e+05	-2.362255e+01
8.269109e+05	-2.373872e+01
8.316871e+05	-2.372364e+01
8.364909e+05	-2.356859e+01
8.413225e+05	-2.326895e+01
8.461819e+05	-2.282257e+01
8.510694e+05	-2.221831e+01
8.559852e+05	-2.146713e+01
8.609293e+05	-2.059794e+01
8.659020e+05	-1.968981e+01
8.709034e+05	-1.892396e+01
8.759337e+05	-1.856959e+01
8.809931e+05	-1.882953e+01
8.860816e+05	-1.964077e+01
8.911996e+05	-2.073815e+01
8.963471e+05	-2.187384e+01
9.015244e+05	-2.290488e+01
9.067316e+05	-2.377423e+01
9.119688e+05	-2.445885e+01
9.172363e+05	-2.494590e+01
9.225342e+05	-2.523125e+01
9.278628e+05	-2.532078e+01
9.332221e+05	-2.519909e+01
9.386123e+05	-2.487253e+01
9.440337e+05	-2.434660e+01
9.494864e+05	-2.363698e+01
9.549706e+05	-2.284054e+01
9.604865e+05	-2.213246e+01
9.660342e+05	-2.181055e+01
9.716140e+05	-2.210740e+01
9.772260e+05	-2.294689e+01
9.828704e+05	-2.403144e+01
9.885474e+05	-2.508049e+01
9.942572e+05	-2.596052e+01
1.000000e+06	-2.658795e+01
