Frequency(Hz)	Magnitude(dB)
1.000000e+01	2.365565e-03
1.005776e+01	-2.657825e-02
1.011585e+01	-1.817272e-02
1.017428e+01	-1.612130e-03
1.023305e+01	6.762627e-04
1.029215e+01	3.904499e-03
1.035160e+01	2.357926e-03
1.041139e+01	-1.517647e-03
1.047153e+01	6.286590e-03
1.053201e+01	-9.029951e-04
1.059284e+01	1.260535e-02
1.065403e+01	6.577565e-03
1.071556e+01	2.137989e-02
1.077746e+01	-4.606483e-03
1.083971e+01	-1.055912e-02
1.090232e+01	-5.326725e-03
1.096529e+01	-1.299770e-02
1.102862e+01	-7.598495e-03
1.109232e+01	-5.222010e-03
1.115639e+01	1.088981e-02
1.122083e+01	-8.634127e-03
1.128564e+01	8.197316e-03
1.135083e+01	9.602186e-04
1.141639e+01	3.154767e-03
1.148233e+01	1.751811e-02
1.154865e+01	-8.319264e-03
1.161536e+01	-3.093241e-03
1.168245e+01	8.749049e-03
1.174992e+01	1.502496e-02
1.181779e+01	-1.017985e-02
1.188605e+01	-2.304756e-02
1.195470e+01	1.560207e-03
1.202375e+01	9.811265e-03
1.209320e+01	-3.292663e-03
1.216305e+01	2.636460e-03
1.223330e+01	1.602341e-02
1.230396e+01	1.928751e-02
1.237503e+01	-7.176093e-03
1.244651e+01	5.397529e-03
1.251840e+01	2.061581e-02
1.259070e+01	6.891146e-03
1.266343e+01	-1.175720e-02
1.273657e+01	1.903153e-03
1.281014e+01	-7.940725e-04
1.288413e+01	-1.777584e-02
1.295855e+01	1.663635e-02
1.303339e+01	3.802918e-03
1.310867e+01	-2.566825e-03
1.318439e+01	5.030729e-03
1.326054e+01	1.628704e-03
1.333713e+01	-4.017887e-03
1.341417e+01	-3.259833e-03
1.349165e+01	-3.671673e-03
1.356958e+01	4.395437e-03
1.364795e+01	6.586303e-03
1.372678e+01	-1.118650e-02
1.380607e+01	-2.852038e-03
1.388581e+01	-3.626713e-03
1.396602e+01	-1.135322e-02
1.404668e+01	6.209389e-03
1.412782e+01	7.287333e-03
1.420942e+01	1.050674e-02
1.429149e+01	-3.614940e-03
1.437404e+01	1.030519e-02
1.445706e+01	-2.462854e-03
1.454057e+01	-1.598247e-02
1.462455e+01	1.695860e-02
1.470902e+01	2.207383e-03
1.479398e+01	9.876399e-03
1.487943e+01	7.445741e-03
1.496537e+01	-7.964266e-03
1.505181e+01	-1.046706e-02
1.513875e+01	-4.747221e-03
1.522619e+01	-3.333638e-04
1.531414e+01	-1.013113e-02
1.540259e+01	-1.057217e-02
1.549156e+01	-9.556580e-03
1.558103e+01	1.364707e-03
1.567103e+01	-3.039806e-03
1.576155e+01	4.113597e-03
1.585258e+01	6.021855e-03
1.594415e+01	-2.265789e-03
1.603624e+01	9.533307e-03
1.612886e+01	-5.634992e-03
1.622202e+01	-3.160410e-03
1.631572e+01	-1.033865e-02
1.640996e+01	5.881389e-03
1.650474e+01	-3.768677e-03
1.660008e+01	2.895074e-03
1.669596e+01	-9.509846e-04
1.679239e+01	5.746701e-03
1.688938e+01	1.752818e-02
1.698694e+01	-8.455648e-03
1.708505e+01	-3.898177e-03
1.718373e+01	5.435555e-03
1.728299e+01	1.384302e-02
1.738281e+01	5.174277e-03
1.748322e+01	1.304103e-02
1.758420e+01	3.926028e-03
1.768576e+01	8.757409e-04
1.778792e+01	-1.219905e-02
1.789066e+01	7.541630e-03
1.799399e+01	-3.441759e-03
1.809793e+01	-2.918936e-03
1.820246e+01	-1.851670e-02
1.830760e+01	5.698050e-04
1.841334e+01	1.823499e-02
1.851969e+01	-1.971783e-02
1.862666e+01	1.114764e-02
1.873425e+01	-2.427861e-03
1.884246e+01	-1.383131e-02
1.895129e+01	-1.592586e-02
1.906075e+01	9.131073e-03
1.917085e+01	3.728909e-03
1.928158e+01	-5.512264e-03
1.939295e+01	1.481478e-02
1.950496e+01	-1.979206e-02
1.961762e+01	1.385210e-02
1.973093e+01	3.840730e-03
1.984490e+01	-4.784054e-05
1.995952e+01	-1.753802e-02
2.007480e+01	-6.618054e-03
2.019076e+01	-9.162960e-03
2.030738e+01	1.158835e-02
2.042467e+01	7.857380e-03
2.054264e+01	6.949504e-03
2.066130e+01	-1.202400e-02
2.078064e+01	7.988819e-03
2.090066e+01	6.416399e-04
2.102139e+01	1.293730e-03
2.114280e+01	5.089041e-03
2.126492e+01	7.484420e-03
2.138775e+01	1.080188e-02
2.151128e+01	-3.599338e-04
2.163553e+01	-2.183773e-02
2.176050e+01	2.144511e-03
2.188619e+01	1.672704e-02
2.201260e+01	-5.330828e-04
2.213974e+01	1.785100e-02
2.226762e+01	2.327539e-02
2.239624e+01	2.689369e-03
2.252560e+01	-4.941931e-03
2.265571e+01	8.586293e-03
2.278656e+01	6.889982e-03
2.291818e+01	-8.807660e-03
2.305055e+01	2.154618e-04
2.318369e+01	-9.273751e-03
2.331760e+01	1.684399e-02
2.345228e+01	-5.661804e-03
2.358774e+01	-7.944947e-03
2.372398e+01	2.282082e-04
2.386101e+01	-1.410022e-02
2.399883e+01	9.610604e-03
2.413745e+01	2.485626e-03
2.427686e+01	-6.846687e-03
2.441709e+01	-6.228815e-03
2.455812e+01	1.396458e-02
2.469997e+01	-1.820245e-02
2.484263e+01	-2.095350e-02
2.498612e+01	-1.459381e-02
2.513044e+01	-4.119224e-03
2.527559e+01	1.791359e-02
2.542158e+01	-2.082543e-03
2.556842e+01	3.105136e-03
2.571610e+01	6.342192e-03
2.586463e+01	1.771221e-02
2.601403e+01	3.686432e-03
2.616428e+01	-1.373476e-02
2.631541e+01	-5.819783e-03
2.646740e+01	-5.486550e-03
2.662028e+01	1.549493e-03
2.677404e+01	-1.744318e-03
2.692868e+01	1.312666e-02
2.708422e+01	-2.641590e-03
2.724066e+01	-5.824987e-03
2.739800e+01	-7.765161e-04
2.755625e+01	-1.234109e-02
2.771541e+01	7.364763e-03
2.787550e+01	7.230951e-03
2.803650e+01	5.738948e-03
2.819844e+01	-7.102155e-04
2.836131e+01	-8.283784e-03
2.852513e+01	-2.338273e-02
2.868989e+01	4.007278e-03
2.885560e+01	-1.453309e-02
2.902227e+01	-4.248783e-03
2.918990e+01	-1.650945e-03
2.935850e+01	-1.401072e-02
2.952807e+01	5.552852e-03
2.969863e+01	-7.336496e-03
2.987016e+01	6.393451e-03
3.004269e+01	1.249116e-02
3.021622e+01	-7.072586e-03
3.039075e+01	1.363980e-02
3.056628e+01	1.811530e-03
3.074283e+01	-5.505763e-03
3.092040e+01	1.294760e-02
3.109900e+01	2.299131e-03
3.127862e+01	2.019249e-02
3.145929e+01	6.068045e-03
3.164099e+01	9.626099e-03
3.182375e+01	-1.788687e-02
3.200756e+01	-9.057232e-03
3.219244e+01	-1.614886e-02
3.237838e+01	-3.700621e-03
3.256540e+01	-4.537428e-03
3.275349e+01	3.225381e-02
3.294268e+01	-1.357753e-02
3.313295e+01	-4.006142e-03
3.332433e+01	-1.118222e-02
3.351681e+01	-1.476483e-02
3.371040e+01	-4.053620e-03
3.390511e+01	-4.835925e-03
3.410094e+01	1.036881e-02
3.429791e+01	-1.351122e-02
3.449601e+01	-1.282570e-02
3.469526e+01	5.430998e-03
3.489566e+01	-1.303084e-02
3.509721e+01	2.284353e-02
3.529993e+01	-1.035571e-02
3.550382e+01	5.156148e-03
3.570889e+01	6.134327e-03
3.591515e+01	-2.068539e-02
3.612259e+01	3.879859e-03
3.633123e+01	-3.278022e-04
3.654108e+01	1.060446e-03
3.675214e+01	4.562253e-03
3.696442e+01	-1.992665e-02
3.717792e+01	-1.288978e-03
3.739266e+01	-8.961140e-03
3.760864e+01	-1.012734e-02
3.782587e+01	7.574876e-03
3.804435e+01	7.795928e-03
3.826409e+01	-9.138318e-03
3.848510e+01	-8.040749e-03
3.870739e+01	1.123714e-02
3.893096e+01	4.226684e-03
3.915583e+01	1.079689e-02
3.938199e+01	-5.808089e-03
3.960946e+01	-1.390826e-02
3.983824e+01	-1.139248e-05
4.006834e+01	-2.176713e-02
4.029978e+01	4.531091e-03
4.053255e+01	-8.070098e-03
4.076666e+01	-1.787299e-02
4.100213e+01	4.571908e-03
4.123896e+01	-1.255389e-02
4.147715e+01	1.717210e-02
4.171672e+01	1.456278e-02
4.195767e+01	1.710026e-02
4.220002e+01	-1.563711e-02
4.244377e+01	-5.124190e-03
4.268892e+01	6.544364e-04
4.293549e+01	4.181328e-03
4.318348e+01	2.571416e-03
4.343291e+01	-1.148481e-02
4.368377e+01	2.259972e-02
4.393609e+01	-1.271055e-02
4.418986e+01	1.541751e-03
4.444510e+01	-5.380534e-03
4.470182e+01	-6.313204e-04
4.496001e+01	1.323302e-02
4.521970e+01	1.224244e-02
4.548089e+01	1.559343e-03
4.574358e+01	-2.413785e-03
4.600779e+01	9.821598e-04
4.627353e+01	-2.667826e-03
4.654081e+01	1.332523e-02
4.680963e+01	1.043715e-02
4.708000e+01	-3.241750e-03
4.735193e+01	-1.634996e-04
4.762543e+01	-2.215798e-02
4.790051e+01	1.633952e-02
4.817719e+01	-5.311828e-03
4.845545e+01	-4.956204e-03
4.873533e+01	5.174517e-04
4.901682e+01	-1.598024e-03
4.929994e+01	-1.225977e-03
4.958470e+01	-8.790813e-03
4.987110e+01	8.983160e-03
5.015915e+01	-6.773794e-03
5.044887e+01	-1.018258e-02
5.074026e+01	-1.753933e-03
5.103333e+01	-2.969704e-03
5.132810e+01	-1.507956e-02
5.162457e+01	-5.183073e-03
5.192275e+01	-1.697773e-02
5.222265e+01	-5.104790e-03
5.252429e+01	2.243186e-02
5.282767e+01	-1.023347e-02
5.313280e+01	4.205493e-03
5.343969e+01	1.639197e-02
5.374836e+01	-1.086166e-02
5.405880e+01	1.686111e-03
5.437105e+01	3.788747e-03
5.468509e+01	4.989997e-03
5.500095e+01	1.538492e-02
5.531863e+01	-3.648720e-03
5.563815e+01	2.353155e-03
5.595951e+01	1.364418e-02
5.628273e+01	6.304192e-03
5.660782e+01	1.469169e-02
5.693479e+01	2.550648e-04
5.726364e+01	5.259385e-03
5.759439e+01	6.515566e-03
5.792705e+01	2.024483e-02
5.826164e+01	5.096779e-03
5.859815e+01	-3.969888e-03
5.893662e+01	2.173639e-02
5.927703e+01	-6.767524e-03
5.961941e+01	1.497779e-02
5.996377e+01	7.892939e-03
6.031012e+01	1.086497e-02
6.065847e+01	1.300545e-02
6.100883e+01	2.578588e-03
6.136121e+01	7.177592e-03
6.171563e+01	-1.258098e-02
6.207210e+01	-6.066090e-03
6.243063e+01	5.441407e-03
6.279122e+01	1.362704e-02
6.315390e+01	-4.671605e-03
6.351868e+01	-1.539696e-02
6.388556e+01	-8.914788e-03
6.425456e+01	5.485566e-03
6.462569e+01	-9.877554e-03
6.499897e+01	-4.382908e-03
6.537440e+01	-4.619001e-03
6.575200e+01	3.027667e-03
6.613178e+01	7.349964e-03
6.651375e+01	3.360650e-03
6.689793e+01	-5.563313e-04
6.728433e+01	-1.684297e-02
6.767297e+01	1.171551e-02
6.806384e+01	8.441767e-03
6.845698e+01	1.055140e-02
6.885238e+01	1.093482e-02
6.925007e+01	-1.883999e-02
6.965005e+01	1.321461e-02
7.005235e+01	-3.828868e-03
7.045697e+01	-5.420355e-03
7.086393e+01	1.076838e-03
7.127323e+01	-9.378009e-03
7.168490e+01	1.899682e-03
7.209895e+01	-4.602598e-03
7.251539e+01	3.426717e-03
7.293424e+01	-1.366027e-02
7.335551e+01	4.096726e-03
7.377920e+01	-1.005825e-03
7.420535e+01	-7.908074e-03
7.463396e+01	-2.191650e-02
7.506504e+01	3.596586e-03
7.549861e+01	-1.443134e-03
7.593469e+01	-1.811940e-02
7.637328e+01	-7.290290e-03
7.681441e+01	6.236627e-03
7.725809e+01	-7.749705e-03
7.770433e+01	2.685805e-02
7.815315e+01	2.114732e-02
7.860456e+01	3.109617e-03
7.905857e+01	-2.062516e-02
7.951521e+01	3.868508e-03
7.997449e+01	8.444479e-03
8.043642e+01	-1.506102e-02
8.090102e+01	-3.310037e-03
8.136830e+01	-9.724721e-03
8.183828e+01	-7.818091e-03
8.231097e+01	-7.990118e-04
8.278640e+01	-2.201070e-02
8.326457e+01	-2.366205e-02
8.374550e+01	-1.113004e-02
8.422921e+01	1.940029e-03
8.471572e+01	1.429728e-02
8.520503e+01	1.594683e-03
8.569717e+01	4.243175e-03
8.619215e+01	9.462729e-03
8.669000e+01	-7.266135e-03
8.719071e+01	-5.016171e-03
8.769432e+01	-4.800595e-03
8.820084e+01	-1.064295e-02
8.871029e+01	-2.339352e-02
8.922267e+01	-4.967140e-03
8.973802e+01	-3.660430e-04
9.025634e+01	3.453975e-03
9.077766e+01	2.523484e-03
9.130199e+01	-5.611611e-03
9.182935e+01	-2.027059e-02
9.235975e+01	1.214659e-02
9.289321e+01	9.015072e-04
9.342976e+01	-1.696358e-02
9.396941e+01	4.038125e-03
9.451217e+01	8.514086e-05
9.505807e+01	4.319697e-03
9.560712e+01	-5.154533e-03
9.615934e+01	-9.563342e-03
9.671476e+01	-2.332765e-02
9.727338e+01	1.653793e-03
9.783522e+01	8.987356e-03
9.840032e+01	1.963983e-03
9.896867e+01	-6.432230e-03
9.954031e+01	1.968726e-03
1.001153e+02	-1.136421e-02
1.006935e+02	-1.123045e-03
1.012751e+02	-1.481470e-02
1.018601e+02	-1.074710e-02
1.024484e+02	-6.347538e-03
1.030402e+02	2.425516e-03
1.036353e+02	1.408255e-02
1.042339e+02	-1.241358e-02
1.048360e+02	-6.712080e-04
1.054415e+02	-5.858272e-03
1.060505e+02	-1.545758e-02
1.066631e+02	-1.176329e-02
1.072791e+02	7.272488e-04
1.078988e+02	-8.908503e-04
1.085220e+02	1.099163e-02
1.091488e+02	2.808366e-03
1.097793e+02	-4.761319e-03
1.104133e+02	-8.394707e-03
1.110511e+02	-2.425690e-03
1.116925e+02	-1.110983e-02
1.123376e+02	3.358158e-03
1.129865e+02	-1.195204e-02
1.136391e+02	-1.174195e-02
1.142955e+02	9.536980e-03
1.149556e+02	-7.487491e-03
1.156196e+02	-3.990894e-03
1.162874e+02	1.844774e-04
1.169591e+02	-2.414221e-03
1.176347e+02	-9.880334e-03
1.183141e+02	-7.693681e-03
1.189975e+02	3.781812e-03
1.196848e+02	-5.138352e-03
1.203761e+02	-1.436905e-02
1.210714e+02	-1.072488e-02
1.217707e+02	1.845056e-02
1.224740e+02	1.025883e-02
1.231814e+02	-6.158228e-03
1.238929e+02	-4.920403e-03
1.246085e+02	1.064747e-04
1.253283e+02	1.189012e-02
1.260522e+02	-2.982731e-03
1.267802e+02	3.967773e-03
1.275125e+02	-1.532602e-02
1.282490e+02	1.677086e-03
1.289898e+02	2.120406e-03
1.297348e+02	-3.634824e-03
1.304842e+02	1.310485e-03
1.312378e+02	-8.295464e-03
1.319959e+02	2.247602e-03
1.327583e+02	5.730106e-03
1.335251e+02	1.085625e-03
1.342963e+02	-2.013985e-02
1.350720e+02	-6.298621e-03
1.358522e+02	-7.075067e-03
1.366368e+02	-2.236832e-03
1.374260e+02	3.826563e-03
1.382198e+02	6.959573e-03
1.390182e+02	-2.230810e-02
1.398211e+02	-3.610933e-03
1.406287e+02	-3.008733e-03
1.414410e+02	1.227546e-02
1.422579e+02	-9.281420e-03
1.430796e+02	-5.110959e-03
1.439060e+02	-1.231292e-02
1.447372e+02	-3.989764e-03
1.455732e+02	-6.534403e-03
1.464141e+02	-1.421672e-02
1.472597e+02	2.679012e-02
1.481103e+02	6.435756e-03
1.489658e+02	2.129475e-03
1.498262e+02	-3.163661e-03
1.506916e+02	-4.654778e-03
1.515620e+02	-2.778127e-03
1.524374e+02	1.198563e-02
1.533179e+02	-1.004960e-02
1.542034e+02	-7.589148e-03
1.550941e+02	-6.662979e-03
1.559899e+02	-4.764875e-03
1.568909e+02	-1.541088e-02
1.577971e+02	-4.458583e-03
1.587085e+02	-4.556968e-03
1.596252e+02	1.286285e-02
1.605472e+02	-5.653189e-03
1.614745e+02	-7.729028e-03
1.624072e+02	-2.047181e-02
1.633453e+02	8.800094e-03
1.642887e+02	2.990342e-03
1.652377e+02	1.310103e-02
1.661921e+02	3.551921e-03
1.671520e+02	-1.743995e-02
1.681175e+02	-4.040254e-03
1.690885e+02	3.014564e-03
1.700651e+02	6.635787e-03
1.710474e+02	-4.149100e-03
1.720354e+02	-1.338046e-02
1.730291e+02	-5.657081e-03
1.740285e+02	-1.417868e-02
1.750337e+02	-1.654833e-03
1.760446e+02	-3.339655e-03
1.770615e+02	-7.993134e-03
1.780842e+02	-7.247784e-03
1.791128e+02	-1.331262e-02
1.801473e+02	1.285298e-04
1.811878e+02	4.573657e-03
1.822344e+02	-7.875502e-03
1.832870e+02	-5.722018e-03
1.843456e+02	2.671312e-03
1.854104e+02	-8.153723e-03
1.864813e+02	-7.795338e-04
1.875584e+02	1.263220e-02
1.886418e+02	-6.791933e-04
1.897313e+02	-1.617607e-02
1.908272e+02	-2.578774e-02
1.919294e+02	8.698746e-04
1.930380e+02	-1.371951e-02
1.941530e+02	-1.236618e-02
1.952744e+02	2.837902e-03
1.964023e+02	6.113827e-03
1.975367e+02	-1.350581e-02
1.986777e+02	4.595513e-03
1.998252e+02	-7.868699e-03
2.009794e+02	-1.339007e-02
2.021403e+02	-4.384081e-03
2.033078e+02	-2.002285e-02
2.044821e+02	-2.082759e-02
2.056632e+02	-1.897369e-03
2.068511e+02	-6.186350e-04
2.080459e+02	-1.416401e-02
2.092475e+02	-9.048859e-03
2.104561e+02	-1.267783e-03
2.116717e+02	1.224532e-02
2.128943e+02	1.257589e-02
2.141240e+02	-2.400717e-03
2.153608e+02	-3.449019e-04
2.166047e+02	1.782712e-02
2.178558e+02	3.418128e-03
2.191141e+02	-1.125907e-02
2.203797e+02	-2.322941e-02
2.216526e+02	-1.470364e-02
2.229329e+02	-7.436786e-04
2.242205e+02	-1.467840e-02
2.255156e+02	-1.699203e-03
2.268182e+02	-2.752600e-02
2.281283e+02	-3.251770e-03
2.294459e+02	-1.102065e-02
2.307712e+02	4.233368e-03
2.321041e+02	-3.246840e-03
2.334447e+02	-2.778695e-02
2.347931e+02	-1.258520e-03
2.361493e+02	3.026894e-03
2.375133e+02	-1.050309e-02
2.388851e+02	-1.842110e-02
2.402649e+02	-7.073704e-03
2.416527e+02	-4.852192e-03
2.430484e+02	-1.158819e-02
2.444523e+02	-1.506152e-02
2.458642e+02	-2.923530e-02
2.472843e+02	-1.505729e-02
2.487126e+02	4.957093e-04
2.501492e+02	-1.567631e-03
2.515940e+02	-1.290944e-02
2.530472e+02	-1.158968e-02
2.545088e+02	-6.463584e-03
2.559789e+02	3.329765e-03
2.574574e+02	-6.155780e-03
2.589444e+02	-2.142093e-02
2.604401e+02	-1.007911e-02
2.619444e+02	-1.313137e-02
2.634574e+02	-7.150749e-03
2.649791e+02	-9.073317e-03
2.665096e+02	-3.826846e-02
2.680489e+02	4.560083e-03
2.695972e+02	-3.942385e-03
2.711544e+02	-9.469078e-03
2.727205e+02	-1.810138e-03
2.742958e+02	-1.068600e-02
2.758801e+02	-1.318627e-02
2.774736e+02	-3.352166e-02
2.790762e+02	-2.221740e-02
2.806882e+02	-8.672570e-03
2.823094e+02	-2.006470e-03
2.839400e+02	3.124609e-04
2.855800e+02	-8.620428e-03
2.872295e+02	-9.378085e-03
2.888886e+02	-1.454742e-02
2.905572e+02	-9.577292e-03
2.922354e+02	-1.238002e-02
2.939234e+02	-3.834403e-02
2.956211e+02	-9.676654e-03
2.973286e+02	-1.716254e-02
2.990459e+02	-1.977765e-02
3.007732e+02	-1.298390e-02
3.025104e+02	-1.524014e-02
3.042577e+02	-3.484471e-02
3.060151e+02	-1.728139e-02
3.077826e+02	-2.970663e-02
3.095604e+02	-4.456881e-02
3.113484e+02	-1.815825e-02
3.131467e+02	-2.003282e-02
3.149554e+02	-1.349826e-02
3.167746e+02	-2.112979e-02
3.186043e+02	-1.734850e-02
3.204445e+02	-2.199668e-02
3.222954e+02	-2.405011e-02
3.241570e+02	-1.733868e-02
3.260293e+02	-1.486602e-02
3.279124e+02	-2.701133e-02
3.298064e+02	-2.808080e-02
3.317114e+02	-2.115206e-02
3.336273e+02	-2.049972e-03
3.355544e+02	-2.237505e-02
3.374925e+02	-5.448095e-03
3.394418e+02	-6.145807e-03
3.414024e+02	-3.239967e-02
3.433744e+02	-1.482444e-02
3.453577e+02	-2.020936e-02
3.473525e+02	-1.316311e-02
3.493588e+02	-2.691814e-02
3.513766e+02	-2.578082e-02
3.534062e+02	-1.596399e-02
3.554474e+02	-3.156884e-02
3.575005e+02	-2.603334e-02
3.595654e+02	-2.318632e-02
3.616422e+02	-2.418298e-02
3.637311e+02	-1.455554e-02
3.658320e+02	-2.211817e-02
3.679450e+02	-3.335457e-02
3.700702e+02	-2.477735e-02
3.722077e+02	-3.109737e-02
3.743576e+02	-2.673897e-02
3.765199e+02	-4.183500e-02
3.786946e+02	-1.013415e-02
3.808820e+02	-2.370752e-02
3.830819e+02	-1.652943e-02
3.852946e+02	-1.963748e-02
3.875200e+02	-2.467327e-02
3.897583e+02	-1.749551e-02
3.920096e+02	-3.768756e-02
3.942738e+02	-2.561974e-02
3.965511e+02	-3.237747e-02
3.988416e+02	-1.436935e-02
4.011452e+02	-3.553538e-02
4.034622e+02	-1.669737e-02
4.057926e+02	-3.196135e-02
4.081365e+02	-5.860907e-03
4.104938e+02	-3.121482e-02
4.128648e+02	-2.901224e-02
4.152495e+02	-2.166657e-02
4.176480e+02	-2.532458e-02
4.200603e+02	-2.953285e-02
4.224866e+02	-3.959541e-02
4.249268e+02	-4.403874e-02
4.273812e+02	-2.659330e-02
4.298497e+02	-1.255077e-02
4.323325e+02	-3.984549e-02
4.348297e+02	-3.536938e-02
4.373412e+02	-1.975137e-02
4.398673e+02	-2.204406e-02
4.424079e+02	-3.567860e-02
4.449633e+02	-4.300098e-02
4.475334e+02	-3.515741e-02
4.501183e+02	-1.201945e-02
4.527182e+02	-3.119737e-02
4.553330e+02	-2.984194e-02
4.579630e+02	-3.627091e-02
4.606082e+02	-3.575492e-02
4.632687e+02	-1.978634e-02
4.659445e+02	-2.030137e-02
4.686358e+02	-5.153135e-02
4.713426e+02	-4.367953e-02
4.740650e+02	-3.836055e-02
4.768032e+02	-4.411402e-02
4.795572e+02	-2.933709e-02
4.823271e+02	-3.947680e-02
4.851130e+02	-4.451403e-02
4.879150e+02	-3.604130e-02
4.907332e+02	-3.498884e-02
4.935676e+02	-5.223255e-02
4.964185e+02	-4.509199e-02
4.992858e+02	-1.826853e-02
5.021696e+02	-6.423377e-02
5.050701e+02	-3.522851e-02
5.079874e+02	-3.126907e-02
5.109215e+02	-4.453609e-02
5.138726e+02	-3.946051e-02
5.168407e+02	-3.740862e-02
5.198259e+02	-3.890491e-02
5.228284e+02	-4.629725e-02
5.258482e+02	-3.571560e-02
5.288855e+02	-4.888957e-02
5.319403e+02	-4.401021e-02
5.350128e+02	-5.814278e-02
5.381030e+02	-4.418646e-02
5.412111e+02	-5.225156e-02
5.443371e+02	-5.127951e-02
5.474812e+02	-5.022125e-02
5.506434e+02	-5.199400e-02
5.538239e+02	-5.032010e-02
5.570228e+02	-5.900979e-02
5.602401e+02	-5.634724e-02
5.634760e+02	-4.353759e-02
5.667306e+02	-6.106438e-02
5.700040e+02	-6.300397e-02
5.732964e+02	-6.514032e-02
5.766077e+02	-7.190007e-02
5.799382e+02	-4.836376e-02
5.832879e+02	-6.552532e-02
5.866569e+02	-5.056699e-02
5.900454e+02	-4.871333e-02
5.934535e+02	-6.808569e-02
5.968813e+02	-7.920550e-02
6.003288e+02	-5.613863e-02
6.037963e+02	-5.113573e-02
6.072838e+02	-6.917602e-02
6.107914e+02	-6.358599e-02
6.143194e+02	-4.875675e-02
6.178676e+02	-8.114462e-02
6.214364e+02	-5.713783e-02
6.250258e+02	-5.390272e-02
6.286359e+02	-7.841452e-02
6.322669e+02	-6.213816e-02
6.359189e+02	-5.964968e-02
6.395919e+02	-7.257603e-02
6.432862e+02	-6.479069e-02
6.470017e+02	-6.113911e-02
6.507388e+02	-8.084314e-02
6.544974e+02	-7.619224e-02
6.582778e+02	-9.280625e-02
6.620800e+02	-7.938938e-02
6.659041e+02	-7.277758e-02
6.697504e+02	-8.141953e-02
6.736188e+02	-7.561927e-02
6.775096e+02	-8.525179e-02
6.814229e+02	-9.080322e-02
6.853587e+02	-5.471026e-02
6.893173e+02	-8.084471e-02
6.932988e+02	-9.294239e-02
6.973033e+02	-8.160055e-02
7.013309e+02	-8.885939e-02
7.053817e+02	-8.012542e-02
7.094560e+02	-8.438063e-02
7.135538e+02	-8.023861e-02
7.176752e+02	-8.939884e-02
7.218205e+02	-8.031043e-02
7.259897e+02	-7.988890e-02
7.301830e+02	-9.733161e-02
7.344005e+02	-9.411286e-02
7.386424e+02	-8.607328e-02
7.429087e+02	-8.986482e-02
7.471998e+02	-9.742489e-02
7.515155e+02	-7.641459e-02
7.558563e+02	-1.161912e-01
7.602221e+02	-9.361166e-02
7.646131e+02	-1.056541e-01
7.690295e+02	-8.241902e-02
7.734713e+02	-8.760955e-02
7.779389e+02	-1.170933e-01
7.824322e+02	-9.169567e-02
7.869515e+02	-1.086806e-01
7.914969e+02	-1.086895e-01
7.960686e+02	-9.888507e-02
8.006666e+02	-1.178748e-01
8.052912e+02	-1.035123e-01
8.099426e+02	-1.047403e-01
8.146208e+02	-1.037085e-01
8.193260e+02	-1.129608e-01
8.240584e+02	-1.132223e-01
8.288181e+02	-1.124511e-01
8.336053e+02	-1.050474e-01
8.384202e+02	-1.112539e-01
8.432629e+02	-1.039111e-01
8.481335e+02	-1.242712e-01
8.530323e+02	-1.228198e-01
8.579594e+02	-1.087021e-01
8.629149e+02	-1.270903e-01
8.678991e+02	-1.293519e-01
8.729120e+02	-1.115264e-01
8.779539e+02	-1.369886e-01
8.830250e+02	-1.198663e-01
8.881253e+02	-1.424430e-01
8.932551e+02	-1.376098e-01
8.984145e+02	-1.254798e-01
9.036037e+02	-1.343280e-01
9.088229e+02	-1.574582e-01
9.140722e+02	-1.289324e-01
9.193518e+02	-1.390847e-01
9.246620e+02	-1.272026e-01
9.300028e+02	-1.439965e-01
9.353744e+02	-1.353367e-01
9.407771e+02	-1.376862e-01
9.462110e+02	-1.543547e-01
9.516763e+02	-1.485161e-01
9.571731e+02	-1.606312e-01
9.627017e+02	-1.554591e-01
9.682622e+02	-1.772312e-01
9.738549e+02	-1.422007e-01
9.794798e+02	-1.610044e-01
9.851373e+02	-1.727265e-01
9.908274e+02	-1.637140e-01
9.965504e+02	-1.698318e-01
1.002306e+03	-1.629714e-01
1.008096e+03	-1.728678e-01
1.013918e+03	-1.711678e-01
1.019775e+03	-1.904842e-01
1.025665e+03	-1.693425e-01
1.031589e+03	-1.967236e-01
1.037548e+03	-1.719673e-01
1.043540e+03	-2.038739e-01
1.049568e+03	-1.788848e-01
1.055630e+03	-1.981682e-01
1.061727e+03	-1.649802e-01
1.067860e+03	-1.914946e-01
1.074028e+03	-1.799132e-01
1.080231e+03	-1.821208e-01
1.086471e+03	-1.802466e-01
1.092746e+03	-1.941349e-01
1.099058e+03	-1.964263e-01
1.105406e+03	-2.128560e-01
1.111791e+03	-2.088166e-01
1.118212e+03	-2.034360e-01
1.124671e+03	-1.930303e-01
1.131167e+03	-2.195974e-01
1.137701e+03	-2.416778e-01
1.144272e+03	-2.135696e-01
1.150881e+03	-2.265780e-01
1.157529e+03	-2.115572e-01
1.164215e+03	-2.109565e-01
1.170939e+03	-2.484927e-01
1.177702e+03	-2.440329e-01
1.184505e+03	-2.162432e-01
1.191346e+03	-2.397291e-01
1.198227e+03	-2.329763e-01
1.205148e+03	-2.257427e-01
1.212109e+03	-2.495434e-01
1.219110e+03	-2.290513e-01
1.226152e+03	-2.474042e-01
1.233234e+03	-2.455520e-01
1.240357e+03	-2.391180e-01
1.247521e+03	-2.687532e-01
1.254727e+03	-2.715035e-01
1.261974e+03	-2.432926e-01
1.269263e+03	-2.715082e-01
1.276595e+03	-2.715422e-01
1.283968e+03	-2.751937e-01
1.291384e+03	-2.626125e-01
1.298843e+03	-2.873135e-01
1.306345e+03	-2.674250e-01
1.313891e+03	-2.783191e-01
1.321480e+03	-2.918159e-01
1.329113e+03	-2.808204e-01
1.336790e+03	-2.940347e-01
1.344511e+03	-3.000928e-01
1.352277e+03	-3.093535e-01
1.360087e+03	-2.880298e-01
1.367943e+03	-3.187108e-01
1.375844e+03	-3.241308e-01
1.383791e+03	-3.100154e-01
1.391784e+03	-3.304063e-01
1.399823e+03	-3.316796e-01
1.407908e+03	-3.225370e-01
1.416040e+03	-3.251482e-01
1.424219e+03	-3.336648e-01
1.432445e+03	-3.512517e-01
1.440719e+03	-3.197759e-01
1.449041e+03	-3.522357e-01
1.457410e+03	-3.331184e-01
1.465828e+03	-3.254963e-01
1.474295e+03	-3.571445e-01
1.482810e+03	-3.593899e-01
1.491375e+03	-3.615409e-01
1.499989e+03	-3.684925e-01
1.508653e+03	-3.682306e-01
1.517367e+03	-3.605252e-01
1.526131e+03	-3.657645e-01
1.534946e+03	-3.821795e-01
1.543812e+03	-3.960556e-01
1.552729e+03	-3.933875e-01
1.561697e+03	-3.846895e-01
1.570717e+03	-3.990514e-01
1.579790e+03	-4.016681e-01
1.588915e+03	-3.929985e-01
1.598092e+03	-4.148827e-01
1.607323e+03	-4.232706e-01
1.616606e+03	-4.213223e-01
1.625944e+03	-4.272302e-01
1.635335e+03	-4.196977e-01
1.644781e+03	-4.467748e-01
1.654281e+03	-4.267355e-01
1.663836e+03	-4.540153e-01
1.673446e+03	-4.692745e-01
1.683112e+03	-4.669792e-01
1.692834e+03	-4.583828e-01
1.702611e+03	-4.692511e-01
1.712446e+03	-4.860446e-01
1.722337e+03	-4.744920e-01
1.732285e+03	-4.767315e-01
1.742290e+03	-4.927160e-01
1.752354e+03	-4.900680e-01
1.762475e+03	-5.154097e-01
1.772655e+03	-5.075422e-01
1.782894e+03	-5.310738e-01
1.793192e+03	-5.092245e-01
1.803549e+03	-5.118625e-01
1.813967e+03	-5.351820e-01
1.824444e+03	-5.423598e-01
1.834982e+03	-5.623790e-01
1.845581e+03	-5.576530e-01
1.856241e+03	-5.633180e-01
1.866962e+03	-5.544127e-01
1.877746e+03	-5.486608e-01
1.888592e+03	-5.737517e-01
1.899500e+03	-5.724464e-01
1.910472e+03	-5.731438e-01
1.921506e+03	-6.095912e-01
1.932605e+03	-5.879972e-01
1.943768e+03	-6.108332e-01
1.954995e+03	-5.951122e-01
1.966287e+03	-6.338014e-01
1.977644e+03	-6.347440e-01
1.989067e+03	-6.114805e-01
2.000555e+03	-6.444034e-01
2.012110e+03	-6.420182e-01
2.023732e+03	-6.496245e-01
2.035421e+03	-6.691190e-01
2.047178e+03	-6.662397e-01
2.059002e+03	-6.617725e-01
2.070895e+03	-6.802689e-01
2.082856e+03	-6.730958e-01
2.094887e+03	-6.906921e-01
2.106987e+03	-7.020830e-01
2.119157e+03	-7.089858e-01
2.131397e+03	-7.310873e-01
2.143708e+03	-7.074022e-01
2.156090e+03	-7.173459e-01
2.168543e+03	-7.391967e-01
2.181069e+03	-7.308960e-01
2.193666e+03	-7.636643e-01
2.206337e+03	-7.637665e-01
2.219081e+03	-7.483674e-01
2.231898e+03	-7.904776e-01
2.244789e+03	-7.878606e-01
2.257755e+03	-7.759178e-01
2.270796e+03	-7.888455e-01
2.283912e+03	-8.116732e-01
2.297104e+03	-8.182282e-01
2.310372e+03	-8.383135e-01
2.323716e+03	-8.331415e-01
2.337138e+03	-8.365429e-01
2.350637e+03	-8.496083e-01
2.364214e+03	-8.597645e-01
2.377870e+03	-8.577211e-01
2.391604e+03	-8.720784e-01
2.405418e+03	-8.942984e-01
2.419312e+03	-8.945057e-01
2.433286e+03	-9.029740e-01
2.447340e+03	-9.165698e-01
2.461476e+03	-9.155857e-01
2.475693e+03	-9.415619e-01
2.489993e+03	-9.332733e-01
2.504375e+03	-9.521249e-01
2.518840e+03	-9.669156e-01
2.533389e+03	-9.710530e-01
2.548022e+03	-9.825229e-01
2.562739e+03	-9.988162e-01
2.577541e+03	-9.952138e-01
2.592429e+03	-1.014630e+00
2.607403e+03	-1.024094e+00
2.622463e+03	-1.030414e+00
2.637610e+03	-1.043584e+00
2.652845e+03	-1.044796e+00
2.668168e+03	-1.049905e+00
2.683579e+03	-1.076218e+00
2.699079e+03	-1.091578e+00
2.714669e+03	-1.088355e+00
2.730349e+03	-1.110583e+00
2.746119e+03	-1.119341e+00
2.761981e+03	-1.137285e+00
2.777934e+03	-1.145612e+00
2.793979e+03	-1.160758e+00
2.810117e+03	-1.175799e+00
2.826348e+03	-1.170635e+00
2.842673e+03	-1.197961e+00
2.859092e+03	-1.205985e+00
2.875606e+03	-1.224651e+00
2.892215e+03	-1.252126e+00
2.908921e+03	-1.235664e+00
2.925722e+03	-1.244901e+00
2.942621e+03	-1.259121e+00
2.959618e+03	-1.270191e+00
2.976712e+03	-1.294476e+00
2.993906e+03	-1.315288e+00
3.011198e+03	-1.307926e+00
3.028591e+03	-1.324495e+00
3.046084e+03	-1.326295e+00
3.063678e+03	-1.357529e+00
3.081374e+03	-1.376511e+00
3.099172e+03	-1.395506e+00
3.117072e+03	-1.410300e+00
3.135076e+03	-1.409758e+00
3.153184e+03	-1.436576e+00
3.171397e+03	-1.436099e+00
3.189715e+03	-1.452489e+00
3.208139e+03	-1.478293e+00
3.226669e+03	-1.488469e+00
3.245306e+03	-1.514078e+00
3.264051e+03	-1.511407e+00
3.282904e+03	-1.523146e+00
3.301866e+03	-1.551865e+00
3.320937e+03	-1.581477e+00
3.340119e+03	-1.568372e+00
3.359411e+03	-1.590822e+00
3.378815e+03	-1.598102e+00
3.398331e+03	-1.604123e+00
3.417959e+03	-1.630528e+00
3.437701e+03	-1.662001e+00
3.457557e+03	-1.680589e+00
3.477528e+03	-1.672549e+00
3.497614e+03	-1.704913e+00
3.517816e+03	-1.716398e+00
3.538135e+03	-1.753612e+00
3.558571e+03	-1.755474e+00
3.579125e+03	-1.750375e+00
3.599798e+03	-1.780727e+00
3.620590e+03	-1.791134e+00
3.641503e+03	-1.812057e+00
3.662536e+03	-1.819839e+00
3.683691e+03	-1.865493e+00
3.704967e+03	-1.856275e+00
3.726367e+03	-1.882151e+00
3.747890e+03	-1.901444e+00
3.769538e+03	-1.922192e+00
3.791311e+03	-1.942990e+00
3.813209e+03	-1.977082e+00
3.835234e+03	-1.981208e+00
3.857386e+03	-1.981487e+00
3.879667e+03	-2.002810e+00
3.902075e+03	-2.026433e+00
3.924614e+03	-2.043676e+00
3.947282e+03	-2.045561e+00
3.970081e+03	-2.067258e+00
3.993012e+03	-2.103262e+00
4.016076e+03	-2.124038e+00
4.039272e+03	-2.138950e+00
4.062603e+03	-2.149606e+00
4.086069e+03	-2.166122e+00
4.109670e+03	-2.197680e+00
4.133407e+03	-2.234923e+00
4.157281e+03	-2.237714e+00
4.181294e+03	-2.251966e+00
4.205445e+03	-2.268875e+00
4.229735e+03	-2.293502e+00
4.254166e+03	-2.326481e+00
4.278738e+03	-2.348330e+00
4.303451e+03	-2.357348e+00
4.328308e+03	-2.374119e+00
4.353308e+03	-2.408605e+00
4.378453e+03	-2.424439e+00
4.403742e+03	-2.453832e+00
4.429178e+03	-2.481381e+00
4.454761e+03	-2.505519e+00
4.480492e+03	-2.514786e+00
4.506371e+03	-2.535009e+00
4.532399e+03	-2.551329e+00
4.558578e+03	-2.591246e+00
4.584908e+03	-2.606984e+00
4.611391e+03	-2.626967e+00
4.638026e+03	-2.653752e+00
4.664815e+03	-2.680534e+00
4.691759e+03	-2.701546e+00
4.718858e+03	-2.701724e+00
4.746114e+03	-2.740171e+00
4.773527e+03	-2.750285e+00
4.801099e+03	-2.784785e+00
4.828830e+03	-2.808393e+00
4.856721e+03	-2.821359e+00
4.884773e+03	-2.851473e+00
4.912988e+03	-2.884057e+00
4.941365e+03	-2.907359e+00
4.969906e+03	-2.925255e+00
4.998612e+03	-2.953885e+00
5.027484e+03	-2.982920e+00
5.056522e+03	-3.000846e+00
5.085729e+03	-3.021860e+00
5.115104e+03	-3.036748e+00
5.144648e+03	-3.082759e+00
5.174363e+03	-3.097178e+00
5.204250e+03	-3.124715e+00
5.234310e+03	-3.154924e+00
5.264543e+03	-3.198689e+00
5.294951e+03	-3.210543e+00
5.325534e+03	-3.253684e+00
5.356294e+03	-3.252016e+00
5.387232e+03	-3.288269e+00
5.418348e+03	-3.307183e+00
5.449645e+03	-3.331931e+00
5.481122e+03	-3.384567e+00
5.512780e+03	-3.398081e+00
5.544622e+03	-3.393458e+00
5.576647e+03	-3.443769e+00
5.608858e+03	-3.485634e+00
5.641254e+03	-3.489825e+00
5.673838e+03	-3.527265e+00
5.706610e+03	-3.557419e+00
5.739571e+03	-3.572555e+00
5.772723e+03	-3.627084e+00
5.806066e+03	-3.653789e+00
5.839601e+03	-3.675147e+00
5.873331e+03	-3.711026e+00
5.907255e+03	-3.739802e+00
5.941375e+03	-3.768167e+00
5.975692e+03	-3.787855e+00
6.010207e+03	-3.818107e+00
6.044922e+03	-3.845167e+00
6.079837e+03	-3.876719e+00
6.114954e+03	-3.915197e+00
6.150274e+03	-3.935577e+00
6.185797e+03	-3.951109e+00
6.221526e+03	-3.998066e+00
6.257462e+03	-4.018495e+00
6.293605e+03	-4.045945e+00
6.329956e+03	-4.068574e+00
6.366518e+03	-4.113284e+00
6.403290e+03	-4.159678e+00
6.440276e+03	-4.174217e+00
6.477474e+03	-4.213611e+00
6.514888e+03	-4.244899e+00
6.552518e+03	-4.271260e+00
6.590365e+03	-4.312977e+00
6.628430e+03	-4.326499e+00
6.666716e+03	-4.353976e+00
6.705223e+03	-4.391924e+00
6.743952e+03	-4.417703e+00
6.782905e+03	-4.462953e+00
6.822082e+03	-4.484046e+00
6.861486e+03	-4.517049e+00
6.901118e+03	-4.553740e+00
6.940979e+03	-4.582952e+00
6.981069e+03	-4.608289e+00
7.021392e+03	-4.644321e+00
7.061947e+03	-4.688286e+00
7.102737e+03	-4.706484e+00
7.143762e+03	-4.761940e+00
7.185024e+03	-4.776879e+00
7.226524e+03	-4.806867e+00
7.268264e+03	-4.857035e+00
7.310246e+03	-4.885548e+00
7.352469e+03	-4.908085e+00
7.394937e+03	-4.963279e+00
7.437650e+03	-4.988643e+00
7.480609e+03	-5.013546e+00
7.523817e+03	-5.065870e+00
7.567274e+03	-5.072987e+00
7.610982e+03	-5.105545e+00
7.654943e+03	-5.158933e+00
7.699158e+03	-5.191181e+00
7.743628e+03	-5.222911e+00
7.788355e+03	-5.256114e+00
7.833340e+03	-5.296196e+00
7.878585e+03	-5.328838e+00
7.924091e+03	-5.366578e+00
7.969861e+03	-5.410393e+00
8.015894e+03	-5.429220e+00
8.062194e+03	-5.468776e+00
8.108761e+03	-5.517534e+00
8.155596e+03	-5.545848e+00
8.202703e+03	-5.583254e+00
8.250081e+03	-5.611794e+00
8.297733e+03	-5.650728e+00
8.345661e+03	-5.692004e+00
8.393865e+03	-5.730228e+00
8.442348e+03	-5.741765e+00
8.491110e+03	-5.788227e+00
8.540155e+03	-5.817726e+00
8.589482e+03	-5.866664e+00
8.639095e+03	-5.899890e+00
8.688994e+03	-5.921225e+00
8.739181e+03	-5.974186e+00
8.789658e+03	-6.030887e+00
8.840427e+03	-6.050072e+00
8.891489e+03	-6.096044e+00
8.942846e+03	-6.140478e+00
8.994499e+03	-6.163815e+00
9.046451e+03	-6.218141e+00
9.098703e+03	-6.229957e+00
9.151257e+03	-6.273158e+00
9.204114e+03	-6.332496e+00
9.257277e+03	-6.346165e+00
9.310746e+03	-6.379109e+00
9.364525e+03	-6.428365e+00
9.418614e+03	-6.458490e+00
9.473015e+03	-6.499524e+00
9.527731e+03	-6.543697e+00
9.582763e+03	-6.575853e+00
9.638113e+03	-6.642947e+00
9.693782e+03	-6.669629e+00
9.749773e+03	-6.707244e+00
9.806087e+03	-6.745211e+00
9.862727e+03	-6.783638e+00
9.919693e+03	-6.814576e+00
9.976989e+03	-6.861397e+00
1.003462e+04	-6.900986e+00
1.009258e+04	-6.925195e+00
1.015087e+04	-6.974226e+00
1.020950e+04	-7.004986e+00
1.026847e+04	-7.061343e+00
1.032778e+04	-7.100275e+00
1.038743e+04	-7.137739e+00
1.044743e+04	-7.164573e+00
1.050777e+04	-7.217918e+00
1.056847e+04	-7.258613e+00
1.062951e+04	-7.297382e+00
1.069091e+04	-7.343240e+00
1.075266e+04	-7.380699e+00
1.081476e+04	-7.405144e+00
1.087723e+04	-7.468519e+00
1.094006e+04	-7.488290e+00
1.100324e+04	-7.536379e+00
1.106680e+04	-7.584668e+00
1.113072e+04	-7.619949e+00
1.119501e+04	-7.663972e+00
1.125967e+04	-7.686883e+00
1.132471e+04	-7.751436e+00
1.139012e+04	-7.782566e+00
1.145591e+04	-7.816431e+00
1.152208e+04	-7.868135e+00
1.158863e+04	-7.893529e+00
1.165556e+04	-7.932250e+00
1.172289e+04	-8.000170e+00
1.179060e+04	-8.036399e+00
1.185870e+04	-8.068037e+00
1.192719e+04	-8.112472e+00
1.199608e+04	-8.165945e+00
1.206537e+04	-8.205503e+00
1.213506e+04	-8.235322e+00
1.220515e+04	-8.279040e+00
1.227565e+04	-8.333787e+00
1.234655e+04	-8.374936e+00
1.241787e+04	-8.400639e+00
1.248959e+04	-8.461811e+00
1.256173e+04	-8.486166e+00
1.263429e+04	-8.534146e+00
1.270726e+04	-8.590228e+00
1.278066e+04	-8.632213e+00
1.285448e+04	-8.659767e+00
1.292873e+04	-8.688666e+00
1.300340e+04	-8.756342e+00
1.307851e+04	-8.790478e+00
1.315405e+04	-8.838275e+00
1.323003e+04	-8.874236e+00
1.330644e+04	-8.907831e+00
1.338330e+04	-8.955708e+00
1.346060e+04	-8.996543e+00
1.353835e+04	-9.058935e+00
1.361655e+04	-9.068278e+00
1.369520e+04	-9.119628e+00
1.377430e+04	-9.175814e+00
1.385386e+04	-9.200343e+00
1.393388e+04	-9.251386e+00
1.401436e+04	-9.297134e+00
1.409531e+04	-9.350311e+00
1.417672e+04	-9.393286e+00
1.425861e+04	-9.432906e+00
1.434096e+04	-9.477947e+00
1.442379e+04	-9.511200e+00
1.450711e+04	-9.550490e+00
1.459090e+04	-9.621916e+00
1.467518e+04	-9.637511e+00
1.475994e+04	-9.701817e+00
1.484519e+04	-9.709138e+00
1.493094e+04	-9.789599e+00
1.501718e+04	-9.805122e+00
1.510392e+04	-9.856879e+00
1.519116e+04	-9.913460e+00
1.527890e+04	-9.963654e+00
1.536715e+04	-9.996736e+00
1.545591e+04	-1.003434e+01
1.554518e+04	-1.008491e+01
1.563497e+04	-1.012734e+01
1.572528e+04	-1.016787e+01
1.581611e+04	-1.021569e+01
1.590746e+04	-1.025517e+01
1.599934e+04	-1.028726e+01
1.609175e+04	-1.035884e+01
1.618470e+04	-1.039701e+01
1.627818e+04	-1.041000e+01
1.637220e+04	-1.047777e+01
1.646677e+04	-1.052673e+01
1.656188e+04	-1.057411e+01
1.665754e+04	-1.062367e+01
1.675375e+04	-1.065545e+01
1.685052e+04	-1.070595e+01
1.694785e+04	-1.074160e+01
1.704574e+04	-1.078354e+01
1.714419e+04	-1.081823e+01
1.724322e+04	-1.087068e+01
1.734281e+04	-1.091029e+01
1.744299e+04	-1.093999e+01
1.754374e+04	-1.102215e+01
1.764507e+04	-1.105316e+01
1.774698e+04	-1.108951e+01
1.784949e+04	-1.113089e+01
1.795259e+04	-1.119439e+01
1.805628e+04	-1.124001e+01
1.816057e+04	-1.127599e+01
1.826547e+04	-1.131859e+01
1.837097e+04	-1.137370e+01
1.847708e+04	-1.141182e+01
1.858380e+04	-1.146118e+01
1.869114e+04	-1.149444e+01
1.879910e+04	-1.154502e+01
1.890768e+04	-1.158060e+01
1.901689e+04	-1.160581e+01
1.912673e+04	-1.168556e+01
1.923721e+04	-1.171993e+01
1.934832e+04	-1.177908e+01
1.946008e+04	-1.180968e+01
1.957248e+04	-1.185742e+01
1.968553e+04	-1.188314e+01
1.979923e+04	-1.193904e+01
1.991359e+04	-1.199541e+01
2.002861e+04	-1.202906e+01
2.014430e+04	-1.206265e+01
2.026065e+04	-1.213370e+01
2.037767e+04	-1.216779e+01
2.049537e+04	-1.222049e+01
2.061375e+04	-1.227212e+01
2.073282e+04	-1.232081e+01
2.085257e+04	-1.235287e+01
2.097301e+04	-1.240138e+01
2.109415e+04	-1.240837e+01
2.121599e+04	-1.247439e+01
2.133853e+04	-1.251205e+01
2.146178e+04	-1.256041e+01
2.158575e+04	-1.261574e+01
2.171043e+04	-1.265466e+01
2.183582e+04	-1.268916e+01
2.196195e+04	-1.276212e+01
2.208880e+04	-1.280251e+01
2.221638e+04	-1.283436e+01
2.234470e+04	-1.287119e+01
2.247377e+04	-1.292749e+01
2.260357e+04	-1.296605e+01
2.273413e+04	-1.301459e+01
2.286544e+04	-1.305959e+01
2.299751e+04	-1.310728e+01
2.313034e+04	-1.314173e+01
2.326394e+04	-1.320275e+01
2.339832e+04	-1.322829e+01
2.353346e+04	-1.328451e+01
2.366939e+04	-1.330818e+01
2.380610e+04	-1.339728e+01
2.394361e+04	-1.341730e+01
2.408191e+04	-1.346759e+01
2.422100e+04	-1.350615e+01
2.436090e+04	-1.355410e+01
2.450161e+04	-1.359488e+01
2.464313e+04	-1.363505e+01
2.478547e+04	-1.366954e+01
2.492863e+04	-1.373319e+01
2.507261e+04	-1.377480e+01
2.521743e+04	-1.380942e+01
2.536309e+04	-1.385169e+01
2.550958e+04	-1.390637e+01
2.565692e+04	-1.395463e+01
2.580512e+04	-1.398704e+01
2.595417e+04	-1.401990e+01
2.610408e+04	-1.407482e+01
2.625485e+04	-1.411639e+01
2.640650e+04	-1.417077e+01
2.655902e+04	-1.421371e+01
2.671243e+04	-1.425147e+01
2.686672e+04	-1.427837e+01
2.702190e+04	-1.433915e+01
2.717798e+04	-1.438098e+01
2.733495e+04	-1.441335e+01
2.749284e+04	-1.444881e+01
2.765164e+04	-1.452420e+01
2.781135e+04	-1.455809e+01
2.797199e+04	-1.463044e+01
2.813355e+04	-1.464644e+01
2.829605e+04	-1.469658e+01
2.845949e+04	-1.474412e+01
2.862387e+04	-1.478875e+01
2.878920e+04	-1.481926e+01
2.895549e+04	-1.488231e+01
2.912273e+04	-1.492134e+01
2.929094e+04	-1.496171e+01
2.946013e+04	-1.498821e+01
2.963029e+04	-1.505795e+01
2.980143e+04	-1.505663e+01
2.997356e+04	-1.511725e+01
3.014669e+04	-1.516516e+01
3.032081e+04	-1.520244e+01
3.049595e+04	-1.525035e+01
3.067209e+04	-1.529487e+01
3.084925e+04	-1.535658e+01
3.102743e+04	-1.539343e+01
3.120665e+04	-1.543319e+01
3.138690e+04	-1.548143e+01
3.156819e+04	-1.551331e+01
3.175052e+04	-1.555597e+01
3.193391e+04	-1.560297e+01
3.211836e+04	-1.563936e+01
3.230388e+04	-1.567295e+01
3.249046e+04	-1.572697e+01
3.267812e+04	-1.575311e+01
3.286687e+04	-1.581459e+01
3.305671e+04	-1.584821e+01
3.324764e+04	-1.590617e+01
3.343968e+04	-1.594355e+01
3.363283e+04	-1.598976e+01
3.382709e+04	-1.602328e+01
3.402247e+04	-1.605589e+01
3.421899e+04	-1.610952e+01
3.441663e+04	-1.615840e+01
3.461542e+04	-1.618031e+01
3.481536e+04	-1.621690e+01
3.501645e+04	-1.627350e+01
3.521871e+04	-1.630946e+01
3.542213e+04	-1.635053e+01
3.562672e+04	-1.638002e+01
3.583250e+04	-1.643766e+01
3.603947e+04	-1.649115e+01
3.624763e+04	-1.653921e+01
3.645700e+04	-1.655059e+01
3.666757e+04	-1.660806e+01
3.687936e+04	-1.663782e+01
3.709238e+04	-1.668295e+01
3.730662e+04	-1.671990e+01
3.752210e+04	-1.677394e+01
3.773883e+04	-1.681598e+01
3.795680e+04	-1.685149e+01
3.817604e+04	-1.686441e+01
3.839654e+04	-1.690378e+01
3.861832e+04	-1.697738e+01
3.884138e+04	-1.698586e+01
3.906573e+04	-1.705922e+01
3.929137e+04	-1.706712e+01
3.951831e+04	-1.713502e+01
3.974657e+04	-1.718511e+01
3.997614e+04	-1.719441e+01
4.020704e+04	-1.723911e+01
4.043928e+04	-1.727544e+01
4.067285e+04	-1.732201e+01
4.090778e+04	-1.735295e+01
4.114406e+04	-1.739586e+01
4.138171e+04	-1.743282e+01
4.162073e+04	-1.746047e+01
4.186113e+04	-1.749223e+01
4.210291e+04	-1.754819e+01
4.234610e+04	-1.757050e+01
4.259069e+04	-1.761406e+01
4.283669e+04	-1.765929e+01
4.308411e+04	-1.769690e+01
4.333297e+04	-1.773313e+01
4.358325e+04	-1.777208e+01
4.383499e+04	-1.781809e+01
4.408818e+04	-1.784630e+01
4.434283e+04	-1.788603e+01
4.459895e+04	-1.791703e+01
4.485655e+04	-1.795268e+01
4.511564e+04	-1.800308e+01
4.537623e+04	-1.802630e+01
4.563832e+04	-1.806671e+01
4.590193e+04	-1.810681e+01
4.616705e+04	-1.815895e+01
4.643371e+04	-1.817179e+01
4.670191e+04	-1.821628e+01
4.697166e+04	-1.824026e+01
4.724297e+04	-1.827006e+01
4.751584e+04	-1.830847e+01
4.779029e+04	-1.837114e+01
4.806633e+04	-1.839367e+01
4.834395e+04	-1.843242e+01
4.862319e+04	-1.846879e+01
4.890403e+04	-1.849219e+01
4.918650e+04	-1.852689e+01
4.947060e+04	-1.856092e+01
4.975634e+04	-1.860292e+01
5.004373e+04	-1.863815e+01
5.033278e+04	-1.865434e+01
5.062350e+04	-1.869867e+01
5.091590e+04	-1.872701e+01
5.120999e+04	-1.878894e+01
5.150578e+04	-1.879449e+01
5.180327e+04	-1.882959e+01
5.210248e+04	-1.886212e+01
5.240343e+04	-1.888163e+01
5.270611e+04	-1.891742e+01
5.301053e+04	-1.895300e+01
5.331672e+04	-1.898146e+01
5.362468e+04	-1.901105e+01
5.393441e+04	-1.907066e+01
5.424593e+04	-1.908835e+01
5.455926e+04	-1.913090e+01
5.487439e+04	-1.913703e+01
5.519134e+04	-1.918128e+01
5.551012e+04	-1.919497e+01
5.583075e+04	-1.923093e+01
5.615322e+04	-1.925654e+01
5.647756e+04	-1.930067e+01
5.680377e+04	-1.930996e+01
5.713187e+04	-1.933279e+01
5.746186e+04	-1.937446e+01
5.779376e+04	-1.941418e+01
5.812757e+04	-1.945978e+01
5.846332e+04	-1.944344e+01
5.880100e+04	-1.949527e+01
5.914063e+04	-1.951648e+01
5.948222e+04	-1.954408e+01
5.982579e+04	-1.955634e+01
6.017134e+04	-1.959467e+01
6.051889e+04	-1.962163e+01
6.086844e+04	-1.963908e+01
6.122002e+04	-1.965260e+01
6.157362e+04	-1.970191e+01
6.192927e+04	-1.972460e+01
6.228697e+04	-1.971902e+01
6.264674e+04	-1.976530e+01
6.300858e+04	-1.978052e+01
6.337252e+04	-1.982557e+01
6.373855e+04	-1.983352e+01
6.410670e+04	-1.984852e+01
6.447698e+04	-1.987228e+01
6.484940e+04	-1.987983e+01
6.522397e+04	-1.992597e+01
6.560070e+04	-1.993803e+01
6.597960e+04	-1.996020e+01
6.636070e+04	-1.998165e+01
6.674400e+04	-2.000185e+01
6.712951e+04	-2.002679e+01
6.751724e+04	-2.004325e+01
6.790722e+04	-2.004150e+01
6.829945e+04	-2.007573e+01
6.869395e+04	-2.010115e+01
6.909072e+04	-2.012434e+01
6.948978e+04	-2.012426e+01
6.989115e+04	-2.014669e+01
7.029484e+04	-2.015592e+01
7.070086e+04	-2.017269e+01
7.110923e+04	-2.019953e+01
7.151995e+04	-2.021741e+01
7.193305e+04	-2.022669e+01
7.234853e+04	-2.025189e+01
7.276641e+04	-2.026794e+01
7.318671e+04	-2.025493e+01
7.360943e+04	-2.026888e+01
7.403460e+04	-2.028998e+01
7.446222e+04	-2.029749e+01
7.489231e+04	-2.031940e+01
7.532488e+04	-2.031323e+01
7.575996e+04	-2.032475e+01
7.619754e+04	-2.034078e+01
7.663766e+04	-2.034507e+01
7.708031e+04	-2.034513e+01
7.752553e+04	-2.036145e+01
7.797331e+04	-2.037727e+01
7.842368e+04	-2.038317e+01
7.887665e+04	-2.038116e+01
7.933224e+04	-2.039798e+01
7.979046e+04	-2.038622e+01
8.025133e+04	-2.038369e+01
8.071486e+04	-2.041397e+01
8.118106e+04	-2.040153e+01
8.164996e+04	-2.039416e+01
8.212157e+04	-2.040832e+01
8.259590e+04	-2.042444e+01
8.307297e+04	-2.041376e+01
8.355279e+04	-2.039372e+01
8.403539e+04	-2.041769e+01
8.452078e+04	-2.041444e+01
8.500897e+04	-2.039238e+01
8.549997e+04	-2.038876e+01
8.599382e+04	-2.038713e+01
8.649052e+04	-2.036495e+01
8.699008e+04	-2.039834e+01
8.749253e+04	-2.036240e+01
8.799789e+04	-2.036012e+01
8.850616e+04	-2.037041e+01
8.901737e+04	-2.033880e+01
8.953153e+04	-2.032557e+01
9.004866e+04	-2.031352e+01
9.056877e+04	-2.029507e+01
9.109190e+04	-2.030567e+01
9.161804e+04	-2.028836e+01
9.214722e+04	-2.026741e+01
9.267946e+04	-2.025073e+01
9.321477e+04	-2.023669e+01
9.375318e+04	-2.020974e+01
9.429469e+04	-2.018049e+01
9.483933e+04	-2.018105e+01
9.538712e+04	-2.017604e+01
9.593807e+04	-2.012621e+01
9.649221e+04	-2.010474e+01
9.704954e+04	-2.008129e+01
9.761010e+04	-2.003410e+01
9.817389e+04	-2.002046e+01
9.874094e+04	-2.000046e+01
9.931126e+04	-1.994621e+01
9.988488e+04	-1.993789e+01
1.004618e+05	-1.989616e+01
1.010421e+05	-1.989002e+01
1.016257e+05	-1.981883e+01
1.022127e+05	-1.979170e+01
1.028031e+05	-1.974694e+01
1.033968e+05	-1.972124e+01
1.039941e+05	-1.967861e+01
1.045947e+05	-1.963345e+01
1.051989e+05	-1.957852e+01
1.058065e+05	-1.955303e+01
1.064176e+05	-1.949145e+01
1.070323e+05	-1.942289e+01
1.076505e+05	-1.939094e+01
1.082723e+05	-1.931797e+01
1.088977e+05	-1.928220e+01
1.095266e+05	-1.923737e+01
1.101593e+05	-1.915673e+01
1.107955e+05	-1.911172e+01
1.114355e+05	-1.903324e+01
1.120791e+05	-1.896486e+01
1.127265e+05	-1.889827e+01
1.133776e+05	-1.884531e+01
1.140325e+05	-1.876510e+01
1.146911e+05	-1.868933e+01
1.153536e+05	-1.861142e+01
1.160198e+05	-1.854265e+01
1.166900e+05	-1.844172e+01
1.173640e+05	-1.836323e+01
1.180419e+05	-1.827987e+01
1.187237e+05	-1.818274e+01
1.194094e+05	-1.810959e+01
1.200991e+05	-1.800278e+01
1.207928e+05	-1.788684e+01
1.214905e+05	-1.779295e+01
1.221922e+05	-1.768713e+01
1.228980e+05	-1.759311e+01
1.236078e+05	-1.745235e+01
1.243218e+05	-1.733614e+01
1.250399e+05	-1.724842e+01
1.257621e+05	-1.708161e+01
1.264885e+05	-1.698414e+01
1.272191e+05	-1.682835e+01
1.279539e+05	-1.670582e+01
1.286930e+05	-1.654688e+01
1.294363e+05	-1.640817e+01
1.301839e+05	-1.624724e+01
1.309358e+05	-1.608836e+01
1.316921e+05	-1.592562e+01
1.324528e+05	-1.576258e+01
1.332178e+05	-1.559854e+01
1.339873e+05	-1.540632e+01
1.347612e+05	-1.520831e+01
1.355395e+05	-1.502103e+01
1.363224e+05	-1.480415e+01
1.371098e+05	-1.457951e+01
1.379018e+05	-1.437772e+01
1.386983e+05	-1.412533e+01
1.394994e+05	-1.390222e+01
1.403051e+05	-1.364737e+01
1.411155e+05	-1.339328e+01
1.419306e+05	-1.312485e+01
1.427504e+05	-1.281682e+01
1.435749e+05	-1.251413e+01
1.444042e+05	-1.222130e+01
1.452383e+05	-1.191020e+01
1.460772e+05	-1.156062e+01
1.469209e+05	-1.120223e+01
1.477695e+05	-1.081416e+01
1.486230e+05	-1.042532e+01
1.494814e+05	-9.981882e+00
1.503448e+05	-9.562646e+00
1.512132e+05	-9.087763e+00
1.520866e+05	-8.588045e+00
1.529651e+05	-8.054824e+00
1.538486e+05	-7.491692e+00
1.547372e+05	-6.880846e+00
1.556310e+05	-6.249436e+00
1.565299e+05	-5.586972e+00
1.574340e+05	-4.848356e+00
1.583433e+05	-4.079340e+00
1.592579e+05	-3.260635e+00
1.601778e+05	-2.434398e+00
1.611030e+05	-1.599578e+00
1.620335e+05	-8.447454e-01
1.629694e+05	-2.036022e-01
1.639107e+05	2.082501e-01
1.648574e+05	3.315012e-01
1.658097e+05	1.273025e-01
1.667674e+05	-3.827255e-01
1.677306e+05	-1.102713e+00
1.686994e+05	-1.927146e+00
1.696738e+05	-2.810006e+00
1.706538e+05	-3.670935e+00
1.716395e+05	-4.529701e+00
1.726309e+05	-5.324744e+00
1.736280e+05	-6.107779e+00
1.746309e+05	-6.819494e+00
1.756395e+05	-7.518754e+00
1.766540e+05	-8.138226e+00
1.776744e+05	-8.737982e+00
1.787006e+05	-9.330431e+00
1.797328e+05	-9.881430e+00
1.807709e+05	-1.038560e+01
1.818150e+05	-1.088550e+01
1.828652e+05	-1.132461e+01
1.839214e+05	-1.176707e+01
1.849837e+05	-1.218458e+01
1.860522e+05	-1.257906e+01
1.871268e+05	-1.296367e+01
1.882077e+05	-1.333842e+01
1.892948e+05	-1.369580e+01
1.903881e+05	-1.402403e+01
1.914878e+05	-1.435250e+01
1.925938e+05	-1.464820e+01
1.937062e+05	-1.492490e+01
1.948251e+05	-1.522003e+01
1.959504e+05	-1.551191e+01
1.970822e+05	-1.574977e+01
1.982205e+05	-1.599836e+01
1.993654e+05	-1.622561e+01
2.005169e+05	-1.646671e+01
2.016751e+05	-1.670564e+01
2.028400e+05	-1.690300e+01
2.040116e+05	-1.712183e+01
2.051899e+05	-1.733424e+01
2.063751e+05	-1.750871e+01
2.075671e+05	-1.768286e+01
2.087660e+05	-1.787558e+01
2.099719e+05	-1.802529e+01
2.111846e+05	-1.818102e+01
2.124044e+05	-1.834666e+01
2.136313e+05	-1.848650e+01
2.148652e+05	-1.863652e+01
2.161063e+05	-1.875886e+01
2.173545e+05	-1.889234e+01
2.186099e+05	-1.901804e+01
2.198726e+05	-1.910775e+01
2.211426e+05	-1.922579e+01
2.224199e+05	-1.934175e+01
2.237046e+05	-1.943895e+01
2.249967e+05	-1.953161e+01
2.262962e+05	-1.959947e+01
2.276033e+05	-1.966654e+01
2.289179e+05	-1.976154e+01
2.302402e+05	-1.981930e+01
2.315700e+05	-1.987243e+01
2.329076e+05	-1.994234e+01
2.342528e+05	-1.994876e+01
2.356059e+05	-2.001909e+01
2.369667e+05	-2.004740e+01
2.383354e+05	-2.008862e+01
2.397120e+05	-2.010671e+01
2.410966e+05	-2.011649e+01
2.424892e+05	-2.013363e+01
2.438898e+05	-2.009389e+01
2.452985e+05	-2.011086e+01
2.467153e+05	-2.010531e+01
2.481403e+05	-2.007284e+01
2.495736e+05	-2.007291e+01
2.510151e+05	-2.000218e+01
2.524650e+05	-1.996369e+01
2.539232e+05	-1.990631e+01
2.553898e+05	-1.984822e+01
2.568650e+05	-1.977037e+01
2.583486e+05	-1.971301e+01
2.598408e+05	-1.961969e+01
2.613416e+05	-1.952274e+01
2.628511e+05	-1.942631e+01
2.643694e+05	-1.930421e+01
2.658963e+05	-1.915972e+01
2.674321e+05	-1.903734e+01
2.689768e+05	-1.889165e+01
2.705304e+05	-1.870604e+01
2.720930e+05	-1.852249e+01
2.736646e+05	-1.833485e+01
2.752453e+05	-1.813128e+01
2.768351e+05	-1.789460e+01
2.784341e+05	-1.765170e+01
2.800423e+05	-1.739538e+01
2.816598e+05	-1.711582e+01
2.832867e+05	-1.681094e+01
2.849229e+05	-1.648870e+01
2.865686e+05	-1.612647e+01
2.882238e+05	-1.578901e+01
2.898886e+05	-1.536725e+01
2.915630e+05	-1.492440e+01
2.932470e+05	-1.441471e+01
2.949408e+05	-1.390103e+01
2.966444e+05	-1.335549e+01
2.983578e+05	-1.273246e+01
3.000811e+05	-1.205245e+01
3.018143e+05	-1.128352e+01
3.035576e+05	-1.045219e+01
3.053109e+05	-9.504980e+00
3.070744e+05	-8.444712e+00
3.088481e+05	-7.235097e+00
3.106320e+05	-5.855785e+00
3.124261e+05	-4.287787e+00
3.142307e+05	-2.535399e+00
3.160457e+05	-8.281231e-01
3.178712e+05	3.027527e-01
3.197072e+05	7.922175e-02
3.215538e+05	-1.322061e+00
3.234111e+05	-3.139039e+00
3.252791e+05	-4.929363e+00
3.271579e+05	-6.543384e+00
3.290475e+05	-7.977065e+00
3.309481e+05	-9.212149e+00
3.328596e+05	-1.031431e+01
3.347822e+05	-1.129237e+01
3.367159e+05	-1.219253e+01
3.386608e+05	-1.298556e+01
3.406169e+05	-1.375186e+01
3.425842e+05	-1.440491e+01
3.445630e+05	-1.501406e+01
3.465532e+05	-1.559612e+01
3.485549e+05	-1.611317e+01
3.505681e+05	-1.661273e+01
3.525930e+05	-1.706256e+01
3.546295e+05	-1.747223e+01
3.566778e+05	-1.785056e+01
3.587380e+05	-1.823084e+01
3.608101e+05	-1.856225e+01
3.628941e+05	-1.885593e+01
3.649901e+05	-1.915940e+01
3.670983e+05	-1.943419e+01
3.692187e+05	-1.966354e+01
3.713513e+05	-1.988793e+01
3.734962e+05	-2.006317e+01
3.756535e+05	-2.027384e+01
3.778232e+05	-2.040357e+01
3.800055e+05	-2.054730e+01
3.822004e+05	-2.066385e+01
3.844080e+05	-2.077488e+01
3.866283e+05	-2.086223e+01
3.888615e+05	-2.093335e+01
3.911075e+05	-2.097919e+01
3.933665e+05	-2.099034e+01
3.956386e+05	-2.100049e+01
3.979238e+05	-2.100468e+01
4.002222e+05	-2.093542e+01
4.025338e+05	-2.089513e+01
4.048589e+05	-2.079315e+01
4.071973e+05	-2.070230e+01
4.095493e+05	-2.055684e+01
4.119148e+05	-2.042440e+01
4.142940e+05	-2.023003e+01
4.166870e+05	-2.001795e+01
4.190937e+05	-1.973722e+01
4.215144e+05	-1.949187e+01
4.239490e+05	-1.915893e+01
4.263978e+05	-1.879876e+01
4.288606e+05	-1.840101e+01
4.313377e+05	-1.795567e+01
4.338291e+05	-1.744226e+01
4.363349e+05	-1.690308e+01
4.388551e+05	-1.624512e+01
4.413899e+05	-1.549051e+01
4.439394e+05	-1.463062e+01
4.465035e+05	-1.369219e+01
4.490825e+05	-1.256934e+01
4.516764e+05	-1.124682e+01
4.542853e+05	-9.660050e+00
4.569092e+05	-7.717755e+00
4.595483e+05	-5.330012e+00
4.622026e+05	-2.580888e+00
4.648723e+05	-5.634009e-01
4.675574e+05	-1.650980e+00
4.702580e+05	-4.459488e+00
4.729742e+05	-7.141768e+00
4.757060e+05	-9.342057e+00
4.784537e+05	-1.114405e+01
4.812172e+05	-1.267281e+01
4.839967e+05	-1.393755e+01
4.867923e+05	-1.506821e+01
4.896040e+05	-1.602741e+01
4.924319e+05	-1.688046e+01
4.952762e+05	-1.766342e+01
4.981369e+05	-1.831749e+01
5.010141e+05	-1.890028e+01
5.039079e+05	-1.946887e+01
5.068185e+05	-1.993418e+01
5.097458e+05	-2.034798e+01
5.126901e+05	-2.072257e+01
5.156514e+05	-2.104023e+01
5.186298e+05	-2.129635e+01
5.216253e+05	-2.154180e+01
5.246382e+05	-2.171179e+01
5.276685e+05	-2.186089e+01
5.307163e+05	-2.194758e+01
5.337817e+05	-2.201344e+01
5.368648e+05	-2.202408e+01
5.399657e+05	-2.198306e+01
5.430845e+05	-2.191116e+01
5.462214e+05	-2.178707e+01
5.493763e+05	-2.161263e+01
5.525495e+05	-2.137398e+01
5.557410e+05	-2.105180e+01
5.589509e+05	-2.071339e+01
5.621794e+05	-2.025992e+01
5.654265e+05	-1.975599e+01
5.686924e+05	-1.912003e+01
5.719772e+05	-1.842352e+01
5.752809e+05	-1.754856e+01
5.786037e+05	-1.650461e+01
5.819457e+05	-1.524728e+01
5.853070e+05	-1.372513e+01
5.886877e+05	-1.177935e+01
5.920879e+05	-9.233147e+00
5.955078e+05	-5.802994e+00
5.989474e+05	-1.675762e+00
6.024069e+05	-1.990816e+00
6.058864e+05	-6.241996e+00
6.093860e+05	-9.715204e+00
6.129058e+05	-1.232392e+01
6.164459e+05	-1.432292e+01
6.200064e+05	-1.592481e+01
6.235876e+05	-1.724480e+01
6.271894e+05	-1.835452e+01
6.308120e+05	-1.925666e+01
6.344555e+05	-2.002895e+01
6.381201e+05	-2.068791e+01
6.418059e+05	-2.122883e+01
6.455129e+05	-2.167811e+01
6.492414e+05	-2.200649e+01
6.529914e+05	-2.225282e+01
6.567630e+05	-2.244373e+01
6.605565e+05	-2.252010e+01
6.643718e+05	-2.250456e+01
6.682092e+05	-2.239985e+01
6.720688e+05	-2.219594e+01
6.759506e+05	-2.190501e+01
6.798549e+05	-2.150576e+01
6.837817e+05	-2.092921e+01
6.877312e+05	-2.022589e+01
6.917035e+05	-1.932996e+01
6.956987e+05	-1.819759e+01
6.997171e+05	-1.675572e+01
7.037586e+05	-1.490827e+01
7.078235e+05	-1.237550e+01
7.119118e+05	-8.654907e+00
7.160238e+05	-2.767387e+00
7.201595e+05	-1.414366e+00
7.243191e+05	-7.779652e+00
7.285028e+05	-1.194322e+01
7.327106e+05	-1.476055e+01
7.369427e+05	-1.679791e+01
7.411992e+05	-1.837343e+01
7.454804e+05	-1.958661e+01
7.497862e+05	-2.052955e+01
7.541170e+05	-2.123121e+01
7.584727e+05	-2.177185e+01
7.628536e+05	-2.211531e+01
7.672598e+05	-2.226910e+01
7.716915e+05	-2.224571e+01
7.761488e+05	-2.206789e+01
7.806318e+05	-2.165166e+01
7.851407e+05	-2.100770e+01
7.896756e+05	-2.009111e+01
7.942367e+05	-1.879591e+01
7.988242e+05	-1.699115e+01
8.034382e+05	-1.439377e+01
8.080788e+05	-1.025461e+01
8.127463e+05	-2.613990e+00
8.174406e+05	-4.408306e+00
8.221621e+05	-1.151143e+01
8.269109e+05	-1.553012e+01
8.316871e+05	-1.818376e+01
8.364909e+05	-2.007581e+01
8.413225e+05	-2.143957e+01
8.461819e+05	-2.244226e+01
8.510694e+05	-2.309045e+01
8.559852e+05	-2.346527e+01
8.609293e+05	-2.352936e+01
8.659020e+05	-2.329179e+01
8.709034e+05	-2.268663e+01
8.759337e+05	-2.169589e+01
8.809931e+05	-2.013443e+01
8.860816e+05	-1.772181e+01
8.911996e+05	-1.367576e+01
8.963471e+05	-5.287413e+00
9.015244e+05	-6.464397e+00
9.067316e+05	-1.454755e+01
9.119688e+05	-1.865721e+01
9.172363e+05	-2.123900e+01
9.225342e+05	-2.290831e+01
9.278628e+05	-2.397157e+01
9.332221e+05	-2.450620e+01
9.386123e+05	-2.450650e+01
9.440337e+05	-2.397946e+01
9.494864e+05	-2.275386e+01
9.549706e+05	-2.056206e+01
9.604865e+05	-1.653466e+01
9.660342e+05	-6.873132e+00
9.716140e+05	-9.928050e+00
9.772260e+05	-1.815343e+01
9.828704e+05	-2.206112e+01
9.885474e+05	-2.429774e+01
9.942572e+05	-2.546869e+01
1.000000e+06	-2.578507e+01
