Frequency(Hz)	Magnitude(dB)
1.000000e+01	1.762987e-05
1.005776e+01	4.945668e-06
1.011585e+01	-9.345364e-06
1.017428e+01	-3.177275e-05
1.023305e+01	5.023800e-05
1.029215e+01	8.555751e-05
1.035160e+01	5.400919e-05
1.041139e+01	4.857787e-05
1.047153e+01	-1.177260e-04
1.053201e+01	-7.937632e-05
1.059284e+01	6.260674e-05
1.065403e+01	1.081475e-05
1.071556e+01	2.460031e-05
1.077746e+01	-2.413877e-04
1.083971e+01	-4.350226e-05
1.090232e+01	-1.422839e-05
1.096529e+01	-8.383085e-05
1.102862e+01	-4.631264e-05
1.109232e+01	-5.487900e-05
1.115639e+01	1.119799e-04
1.122083e+01	-7.817723e-05
1.128564e+01	1.239355e-04
1.135083e+01	-4.489347e-05
1.141639e+01	-2.698030e-05
1.148233e+01	-3.704888e-05
1.154865e+01	2.049588e-05
1.161536e+01	-1.710354e-04
1.168245e+01	-5.408799e-05
1.174992e+01	-8.287294e-06
1.181779e+01	1.148476e-05
1.188605e+01	-7.781151e-06
1.195470e+01	5.445074e-06
1.202375e+01	-5.478520e-06
1.209320e+01	1.432447e-04
1.216305e+01	7.273356e-06
1.223330e+01	-1.132580e-04
1.230396e+01	-5.643305e-06
1.237503e+01	-1.720674e-05
1.244651e+01	-4.946725e-05
1.251840e+01	-2.308871e-04
1.259070e+01	-6.766005e-05
1.266343e+01	-2.768754e-06
1.273657e+01	-3.181118e-05
1.281014e+01	-2.870026e-06
1.288413e+01	-1.250909e-04
1.295855e+01	-9.870777e-05
1.303339e+01	-1.750425e-04
1.310867e+01	-1.081312e-04
1.318439e+01	-4.376657e-05
1.326054e+01	-7.069725e-05
1.333713e+01	-7.524446e-05
1.341417e+01	-2.852354e-05
1.349165e+01	-9.224452e-06
1.356958e+01	-8.328532e-05
1.364795e+01	1.347603e-04
1.372678e+01	3.822474e-05
1.380607e+01	1.202135e-05
1.388581e+01	-2.114121e-04
1.396602e+01	-8.851346e-05
1.404668e+01	-1.359492e-04
1.412782e+01	-2.147678e-04
1.420942e+01	-4.479913e-05
1.429149e+01	-4.877012e-05
1.437404e+01	-6.867256e-05
1.445706e+01	1.185179e-05
1.454057e+01	-7.221287e-05
1.462455e+01	-1.018971e-04
1.470902e+01	-1.609319e-04
1.479398e+01	-1.435906e-04
1.487943e+01	-1.460359e-04
1.496537e+01	-1.125173e-04
1.505181e+01	9.730958e-05
1.513875e+01	-7.533316e-05
1.522619e+01	-5.458034e-05
1.531414e+01	-1.306098e-05
1.540259e+01	-1.783240e-04
1.549156e+01	-5.609225e-05
1.558103e+01	-1.489613e-04
1.567103e+01	1.065317e-04
1.576155e+01	1.368640e-04
1.585258e+01	-5.543588e-05
1.594415e+01	-1.414576e-04
1.603624e+01	-1.660287e-04
1.612886e+01	4.457656e-05
1.622202e+01	-1.555800e-04
1.631572e+01	-7.695511e-05
1.640996e+01	-1.304727e-04
1.650474e+01	2.063758e-05
1.660008e+01	-1.052299e-04
1.669596e+01	-8.094139e-05
1.679239e+01	-1.860921e-04
1.688938e+01	-1.483531e-04
1.698694e+01	-5.583826e-05
1.708505e+01	9.132335e-05
1.718373e+01	-1.268781e-04
1.728299e+01	1.205127e-04
1.738281e+01	2.361298e-05
1.748322e+01	-1.129492e-04
1.758420e+01	4.074352e-06
1.768576e+01	-7.413673e-05
1.778792e+01	-1.342073e-04
1.789066e+01	-1.032875e-04
1.799399e+01	-3.668534e-05
1.809793e+01	-8.998056e-05
1.820246e+01	-3.380686e-05
1.830760e+01	-3.516350e-04
1.841334e+01	7.432499e-06
1.851969e+01	2.361983e-05
1.862666e+01	-7.593760e-05
1.873425e+01	1.771936e-05
1.884246e+01	6.415782e-05
1.895129e+01	-7.617186e-05
1.906075e+01	-1.531188e-04
1.917085e+01	-4.257559e-05
1.928158e+01	1.676291e-05
1.939295e+01	-2.212629e-04
1.950496e+01	-1.212723e-04
1.961762e+01	-1.651036e-04
1.973093e+01	-1.127901e-04
1.984490e+01	-7.787577e-05
1.995952e+01	-9.707758e-05
2.007480e+01	-1.232116e-04
2.019076e+01	-2.111724e-04
2.030738e+01	4.213430e-05
2.042467e+01	7.730082e-06
2.054264e+01	-1.705908e-04
2.066130e+01	-1.044634e-04
2.078064e+01	-1.147531e-04
2.090066e+01	-1.507271e-04
2.102139e+01	-8.702751e-05
2.114280e+01	-7.654109e-05
2.126492e+01	7.612614e-06
2.138775e+01	3.528075e-05
2.151128e+01	-9.551229e-05
2.163553e+01	8.651125e-06
2.176050e+01	4.102509e-05
2.188619e+01	-1.263789e-04
2.201260e+01	-6.804787e-05
2.213974e+01	-5.311872e-05
2.226762e+01	-1.787902e-04
2.239624e+01	-4.270918e-05
2.252560e+01	-3.819293e-05
2.265571e+01	-8.701046e-05
2.278656e+01	3.271907e-05
2.291818e+01	-1.045165e-04
2.305055e+01	-5.335444e-05
2.318369e+01	1.522527e-05
2.331760e+01	-1.426332e-04
2.345228e+01	-1.191690e-04
2.358774e+01	-8.299387e-05
2.372398e+01	-1.987027e-04
2.386101e+01	-1.308967e-04
2.399883e+01	-1.501122e-04
2.413745e+01	-1.990825e-04
2.427686e+01	-1.230083e-04
2.441709e+01	-1.495460e-04
2.455812e+01	-4.472254e-05
2.469997e+01	-1.713894e-04
2.484263e+01	-7.835133e-05
2.498612e+01	-1.445105e-04
2.513044e+01	-1.038385e-04
2.527559e+01	-1.345026e-04
2.542158e+01	-2.199214e-05
2.556842e+01	-2.070712e-05
2.571610e+01	-1.179483e-04
2.586463e+01	-1.932795e-04
2.601403e+01	-2.357117e-04
2.616428e+01	-1.157302e-04
2.631541e+01	-1.452451e-05
2.646740e+01	7.916262e-05
2.662028e+01	-1.268338e-04
2.677404e+01	-8.337901e-05
2.692868e+01	-1.626120e-04
2.708422e+01	-2.647786e-04
2.724066e+01	-1.578445e-04
2.739800e+01	-1.650261e-04
2.755625e+01	-2.017544e-05
2.771541e+01	-3.003391e-04
2.787550e+01	-3.106390e-04
2.803650e+01	-2.661465e-04
2.819844e+01	-1.497138e-04
2.836131e+01	-8.602261e-05
2.852513e+01	-2.360601e-04
2.868989e+01	-2.482743e-05
2.885560e+01	-7.436002e-05
2.902227e+01	-1.193167e-04
2.918990e+01	-1.835216e-04
2.935850e+01	-3.064225e-04
2.952807e+01	-1.953368e-04
2.969863e+01	-1.443600e-04
2.987016e+01	-2.120522e-04
3.004269e+01	-1.237076e-04
3.021622e+01	-1.208903e-04
3.039075e+01	-1.599324e-04
3.056628e+01	-1.146857e-04
3.074283e+01	-1.453491e-04
3.092040e+01	-8.720722e-05
3.109900e+01	-9.980639e-05
3.127862e+01	-2.111841e-04
3.145929e+01	-2.230359e-04
3.164099e+01	-3.756350e-04
3.182375e+01	-1.750781e-04
3.200756e+01	-3.564324e-04
3.219244e+01	-2.637029e-04
3.237838e+01	-5.226562e-05
3.256540e+01	-1.682271e-04
3.275349e+01	-3.287938e-04
3.294268e+01	-2.358452e-04
3.313295e+01	-1.119916e-04
3.332433e+01	-2.291311e-04
3.351681e+01	-2.903336e-05
3.371040e+01	-2.864102e-05
3.390511e+01	-1.314110e-04
3.410094e+01	-2.240251e-04
3.429791e+01	-2.032833e-04
3.449601e+01	-1.771266e-04
3.469526e+01	-1.555638e-04
3.489566e+01	-2.317968e-04
3.509721e+01	-2.715337e-04
3.529993e+01	-4.514141e-05
3.550382e+01	-9.520686e-05
3.570889e+01	-5.562622e-05
3.591515e+01	-3.893063e-04
3.612259e+01	-2.140020e-04
3.633123e+01	-3.144898e-04
3.654108e+01	-1.470764e-04
3.675214e+01	-2.258397e-04
3.696442e+01	-1.796766e-04
3.717792e+01	-1.325361e-04
3.739266e+01	-3.674921e-04
3.760864e+01	-3.014976e-04
3.782587e+01	-3.303832e-04
3.804435e+01	-2.437114e-04
3.826409e+01	-2.204333e-04
3.848510e+01	-2.320981e-04
3.870739e+01	-2.082095e-04
3.893096e+01	-2.061800e-04
3.915583e+01	-2.172532e-04
3.938199e+01	-3.044240e-04
3.960946e+01	-3.602841e-05
3.983824e+01	-2.618330e-04
4.006834e+01	-3.436508e-04
4.029978e+01	-2.128119e-04
4.053255e+01	-2.764307e-04
4.076666e+01	-2.491964e-04
4.100213e+01	-4.455649e-04
4.123896e+01	-2.940670e-04
4.147715e+01	-3.237948e-04
4.171672e+01	-1.970342e-04
4.195767e+01	-3.840537e-04
4.220002e+01	-2.976915e-04
4.244377e+01	-3.241479e-04
4.268892e+01	-3.216196e-04
4.293549e+01	-3.337293e-04
4.318348e+01	-2.002831e-04
4.343291e+01	-3.011695e-04
4.368377e+01	-4.305392e-04
4.393609e+01	-2.619123e-04
4.418986e+01	-2.785176e-04
4.444510e+01	-2.918038e-04
4.470182e+01	-4.821848e-04
4.496001e+01	-3.559971e-04
4.521970e+01	-2.503489e-04
4.548089e+01	-4.068183e-04
4.574358e+01	-4.051197e-04
4.600779e+01	-5.055857e-04
4.627353e+01	-3.688049e-04
4.654081e+01	-2.937785e-04
4.680963e+01	-4.085201e-04
4.708000e+01	-3.104496e-04
4.735193e+01	-3.804295e-04
4.762543e+01	-1.237215e-04
4.790051e+01	-3.560331e-04
4.817719e+01	-4.651451e-04
4.845545e+01	-3.183327e-04
4.873533e+01	-2.699921e-04
4.901682e+01	-4.671032e-04
4.929994e+01	-5.074254e-04
4.958470e+01	-3.780030e-04
4.987110e+01	-4.694456e-04
5.015915e+01	-2.774085e-04
5.044887e+01	-5.134505e-04
5.074026e+01	-2.111924e-04
5.103333e+01	-3.753477e-04
5.132810e+01	-4.392488e-04
5.162457e+01	-5.189599e-04
5.192275e+01	-3.761191e-04
5.222265e+01	-5.924055e-04
5.252429e+01	-3.937683e-04
5.282767e+01	-5.622107e-04
5.313280e+01	-5.574278e-04
5.343969e+01	-5.998803e-04
5.374836e+01	-3.064440e-04
5.405880e+01	-5.814812e-04
5.437105e+01	-4.140034e-04
5.468509e+01	-5.832832e-04
5.500095e+01	-5.134101e-04
5.531863e+01	-6.062332e-04
5.563815e+01	-4.322933e-04
5.595951e+01	-4.626049e-04
5.628273e+01	-5.030441e-04
5.660782e+01	-6.728522e-04
5.693479e+01	-4.518635e-04
5.726364e+01	-4.598881e-04
5.759439e+01	-5.071165e-04
5.792705e+01	-5.953963e-04
5.826164e+01	-6.454775e-04
5.859815e+01	-4.881841e-04
5.893662e+01	-6.612785e-04
5.927703e+01	-4.686031e-04
5.961941e+01	-5.970750e-04
5.996377e+01	-4.515928e-04
6.031012e+01	-6.406029e-04
6.065847e+01	-6.250408e-04
6.100883e+01	-6.826673e-04
6.136121e+01	-6.283061e-04
6.171563e+01	-6.428940e-04
6.207210e+01	-6.766613e-04
6.243063e+01	-4.866103e-04
6.279122e+01	-6.856772e-04
6.315390e+01	-7.526982e-04
6.351868e+01	-7.743503e-04
6.388556e+01	-6.543135e-04
6.425456e+01	-5.848538e-04
6.462569e+01	-6.846767e-04
6.499897e+01	-7.066593e-04
6.537440e+01	-7.062419e-04
6.575200e+01	-7.370487e-04
6.613178e+01	-6.752957e-04
6.651375e+01	-6.648258e-04
6.689793e+01	-7.430215e-04
6.728433e+01	-8.231483e-04
6.767297e+01	-7.125730e-04
6.806384e+01	-7.608834e-04
6.845698e+01	-8.375919e-04
6.885238e+01	-9.186301e-04
6.925007e+01	-7.566744e-04
6.965005e+01	-9.021493e-04
7.005235e+01	-8.902503e-04
7.045697e+01	-7.613258e-04
7.086393e+01	-8.252272e-04
7.127323e+01	-7.251246e-04
7.168490e+01	-9.866047e-04
7.209895e+01	-8.218211e-04
7.251539e+01	-9.564205e-04
7.293424e+01	-8.275287e-04
7.335551e+01	-9.979289e-04
7.377920e+01	-8.421201e-04
7.420535e+01	-9.076464e-04
7.463396e+01	-8.057039e-04
7.506504e+01	-9.490216e-04
7.549861e+01	-9.310374e-04
7.593469e+01	-9.338607e-04
7.637328e+01	-1.051965e-03
7.681441e+01	-1.039684e-03
7.725809e+01	-8.620011e-04
7.770433e+01	-1.046438e-03
7.815315e+01	-9.314052e-04
7.860456e+01	-1.062723e-03
7.905857e+01	-1.099622e-03
7.951521e+01	-1.149409e-03
7.997449e+01	-1.144443e-03
8.043642e+01	-9.790282e-04
8.090102e+01	-1.332749e-03
8.136830e+01	-9.816120e-04
8.183828e+01	-1.069164e-03
8.231097e+01	-1.172753e-03
8.278640e+01	-9.907389e-04
8.326457e+01	-1.149612e-03
8.374550e+01	-1.157913e-03
8.422921e+01	-1.215778e-03
8.471572e+01	-1.293462e-03
8.520503e+01	-1.124542e-03
8.569717e+01	-1.357197e-03
8.619215e+01	-1.027296e-03
8.669000e+01	-1.155223e-03
8.719071e+01	-1.219593e-03
8.769432e+01	-1.159665e-03
8.820084e+01	-1.372663e-03
8.871029e+01	-1.197001e-03
8.922267e+01	-1.343829e-03
8.973802e+01	-1.320808e-03
9.025634e+01	-1.446010e-03
9.077766e+01	-1.413276e-03
9.130199e+01	-1.253549e-03
9.182935e+01	-1.234413e-03
9.235975e+01	-1.292822e-03
9.289321e+01	-1.476500e-03
9.342976e+01	-1.388028e-03
9.396941e+01	-1.431640e-03
9.451217e+01	-1.443168e-03
9.505807e+01	-1.698574e-03
9.560712e+01	-1.398329e-03
9.615934e+01	-1.561367e-03
9.671476e+01	-1.401029e-03
9.727338e+01	-1.566719e-03
9.783522e+01	-1.529783e-03
9.840032e+01	-1.759946e-03
9.896867e+01	-1.706074e-03
9.954031e+01	-1.478919e-03
1.001153e+02	-1.590366e-03
1.006935e+02	-1.707688e-03
1.012751e+02	-1.492717e-03
1.018601e+02	-1.589931e-03
1.024484e+02	-1.610641e-03
1.030402e+02	-1.792183e-03
1.036353e+02	-1.676029e-03
1.042339e+02	-1.872364e-03
1.048360e+02	-1.689808e-03
1.054415e+02	-1.798130e-03
1.060505e+02	-1.757731e-03
1.066631e+02	-1.854940e-03
1.072791e+02	-1.746295e-03
1.078988e+02	-1.784540e-03
1.085220e+02	-1.820558e-03
1.091488e+02	-1.927509e-03
1.097793e+02	-2.003694e-03
1.104133e+02	-2.060636e-03
1.110511e+02	-2.071388e-03
1.116925e+02	-2.091457e-03
1.123376e+02	-2.075745e-03
1.129865e+02	-2.026028e-03
1.136391e+02	-2.172167e-03
1.142955e+02	-2.310800e-03
1.149556e+02	-2.095954e-03
1.156196e+02	-2.247292e-03
1.162874e+02	-2.094760e-03
1.169591e+02	-2.256307e-03
1.176347e+02	-2.225068e-03
1.183141e+02	-2.246532e-03
1.189975e+02	-2.319533e-03
1.196848e+02	-2.427712e-03
1.203761e+02	-2.258326e-03
1.210714e+02	-2.453068e-03
1.217707e+02	-2.382500e-03
1.224740e+02	-2.407668e-03
1.231814e+02	-2.503730e-03
1.238929e+02	-2.517591e-03
1.246085e+02	-2.412907e-03
1.253283e+02	-2.482612e-03
1.260522e+02	-2.525131e-03
1.267802e+02	-2.572852e-03
1.275125e+02	-2.550314e-03
1.282490e+02	-2.679397e-03
1.289898e+02	-2.710143e-03
1.297348e+02	-2.727257e-03
1.304842e+02	-2.836243e-03
1.312378e+02	-2.739066e-03
1.319959e+02	-2.877578e-03
1.327583e+02	-2.808557e-03
1.335251e+02	-2.977973e-03
1.342963e+02	-3.000948e-03
1.350720e+02	-2.912629e-03
1.358522e+02	-3.025705e-03
1.366368e+02	-3.055590e-03
1.374260e+02	-3.050982e-03
1.382198e+02	-3.101195e-03
1.390182e+02	-3.066162e-03
1.398211e+02	-3.104797e-03
1.406287e+02	-3.206619e-03
1.414410e+02	-3.179458e-03
1.422579e+02	-3.251234e-03
1.430796e+02	-3.347616e-03
1.439060e+02	-3.444672e-03
1.447372e+02	-3.482462e-03
1.455732e+02	-3.393569e-03
1.464141e+02	-3.499689e-03
1.472597e+02	-3.374837e-03
1.481103e+02	-3.512228e-03
1.489658e+02	-3.627626e-03
1.498262e+02	-3.651260e-03
1.506916e+02	-3.737263e-03
1.515620e+02	-3.551259e-03
1.524374e+02	-3.936392e-03
1.533179e+02	-3.779736e-03
1.542034e+02	-3.786903e-03
1.550941e+02	-3.921897e-03
1.559899e+02	-3.993435e-03
1.568909e+02	-3.788716e-03
1.577971e+02	-3.909622e-03
1.587085e+02	-4.126068e-03
1.596252e+02	-4.146662e-03
1.605472e+02	-4.042622e-03
1.614745e+02	-4.500830e-03
1.624072e+02	-4.280877e-03
1.633453e+02	-4.422736e-03
1.642887e+02	-4.219012e-03
1.652377e+02	-4.262830e-03
1.661921e+02	-4.604178e-03
1.671520e+02	-4.532943e-03
1.681175e+02	-4.555452e-03
1.690885e+02	-4.543268e-03
1.700651e+02	-4.677667e-03
1.710474e+02	-4.807189e-03
1.720354e+02	-4.782180e-03
1.730291e+02	-4.990068e-03
1.740285e+02	-4.952051e-03
1.750337e+02	-5.060750e-03
1.760446e+02	-4.980079e-03
1.770615e+02	-5.175175e-03
1.780842e+02	-5.291725e-03
1.791128e+02	-5.208917e-03
1.801473e+02	-5.212982e-03
1.811878e+02	-5.455794e-03
1.822344e+02	-5.369882e-03
1.832870e+02	-5.485877e-03
1.843456e+02	-5.616692e-03
1.854104e+02	-5.519655e-03
1.864813e+02	-5.711087e-03
1.875584e+02	-5.761062e-03
1.886418e+02	-5.873739e-03
1.897313e+02	-5.766964e-03
1.908272e+02	-6.013294e-03
1.919294e+02	-6.017842e-03
1.930380e+02	-6.096489e-03
1.941530e+02	-6.057923e-03
1.952744e+02	-6.049198e-03
1.964023e+02	-6.168358e-03
1.975367e+02	-6.455698e-03
1.986777e+02	-6.505319e-03
1.998252e+02	-6.580389e-03
2.009794e+02	-6.484392e-03
2.021403e+02	-6.652083e-03
2.033078e+02	-6.566584e-03
2.044821e+02	-6.742494e-03
2.056632e+02	-6.876574e-03
2.068511e+02	-7.054737e-03
2.080459e+02	-7.152223e-03
2.092475e+02	-7.156274e-03
2.104561e+02	-7.186165e-03
2.116717e+02	-7.378368e-03
2.128943e+02	-7.321439e-03
2.141240e+02	-7.447671e-03
2.153608e+02	-7.502561e-03
2.166047e+02	-7.540078e-03
2.178558e+02	-7.707543e-03
2.191141e+02	-7.822449e-03
2.203797e+02	-7.760297e-03
2.216526e+02	-8.020253e-03
2.229329e+02	-8.044977e-03
2.242205e+02	-8.181395e-03
2.255156e+02	-8.286228e-03
2.268182e+02	-8.255471e-03
2.281283e+02	-8.505598e-03
2.294459e+02	-8.514126e-03
2.307712e+02	-8.570085e-03
2.321041e+02	-8.648257e-03
2.334447e+02	-9.012261e-03
2.347931e+02	-8.866918e-03
2.361493e+02	-8.973967e-03
2.375133e+02	-9.270540e-03
2.388851e+02	-9.261350e-03
2.402649e+02	-9.253588e-03
2.416527e+02	-9.536608e-03
2.430484e+02	-9.538824e-03
2.444523e+02	-9.858232e-03
2.458642e+02	-9.740901e-03
2.472843e+02	-9.829363e-03
2.487126e+02	-1.007844e-02
2.501492e+02	-1.033232e-02
2.515940e+02	-1.047759e-02
2.530472e+02	-1.021836e-02
2.545088e+02	-1.048425e-02
2.559789e+02	-1.043590e-02
2.574574e+02	-1.071693e-02
2.589444e+02	-1.100783e-02
2.604401e+02	-1.109134e-02
2.619444e+02	-1.112414e-02
2.634574e+02	-1.116985e-02
2.649791e+02	-1.130790e-02
2.665096e+02	-1.152759e-02
2.680489e+02	-1.171759e-02
2.695972e+02	-1.194463e-02
2.711544e+02	-1.185858e-02
2.727205e+02	-1.196442e-02
2.742958e+02	-1.227487e-02
2.758801e+02	-1.234825e-02
2.774736e+02	-1.255773e-02
2.790762e+02	-1.275387e-02
2.806882e+02	-1.293782e-02
2.823094e+02	-1.297542e-02
2.839400e+02	-1.312739e-02
2.855800e+02	-1.323962e-02
2.872295e+02	-1.329006e-02
2.888886e+02	-1.351354e-02
2.905572e+02	-1.378656e-02
2.922354e+02	-1.378946e-02
2.939234e+02	-1.401138e-02
2.956211e+02	-1.418341e-02
2.973286e+02	-1.432236e-02
2.990459e+02	-1.451598e-02
3.007732e+02	-1.462978e-02
3.025104e+02	-1.483356e-02
3.042577e+02	-1.497724e-02
3.060151e+02	-1.518729e-02
3.077826e+02	-1.550821e-02
3.095604e+02	-1.547708e-02
3.113484e+02	-1.575274e-02
3.131467e+02	-1.577600e-02
3.149554e+02	-1.608810e-02
3.167746e+02	-1.634164e-02
3.186043e+02	-1.634603e-02
3.204445e+02	-1.679781e-02
3.222954e+02	-1.685329e-02
3.241570e+02	-1.699320e-02
3.260293e+02	-1.730201e-02
3.279124e+02	-1.762438e-02
3.298064e+02	-1.763202e-02
3.317114e+02	-1.788856e-02
3.336273e+02	-1.803880e-02
3.355544e+02	-1.845265e-02
3.374925e+02	-1.834755e-02
3.394418e+02	-1.873856e-02
3.414024e+02	-1.889693e-02
3.433744e+02	-1.915244e-02
3.453577e+02	-1.940902e-02
3.473525e+02	-1.959378e-02
3.493588e+02	-1.990757e-02
3.513766e+02	-2.002108e-02
3.534062e+02	-2.009779e-02
3.554474e+02	-2.061680e-02
3.575005e+02	-2.071594e-02
3.595654e+02	-2.103260e-02
3.616422e+02	-2.133140e-02
3.637311e+02	-2.146321e-02
3.658320e+02	-2.144747e-02
3.679450e+02	-2.197131e-02
3.700702e+02	-2.213572e-02
3.722077e+02	-2.242978e-02
3.743576e+02	-2.274549e-02
3.765199e+02	-2.296167e-02
3.786946e+02	-2.328795e-02
3.808820e+02	-2.329359e-02
3.830819e+02	-2.372337e-02
3.852946e+02	-2.403668e-02
3.875200e+02	-2.433912e-02
3.897583e+02	-2.450461e-02
3.920096e+02	-2.498283e-02
3.942738e+02	-2.517054e-02
3.965511e+02	-2.543847e-02
3.988416e+02	-2.568780e-02
4.011452e+02	-2.599598e-02
4.034622e+02	-2.643311e-02
4.057926e+02	-2.678079e-02
4.081365e+02	-2.704400e-02
4.104938e+02	-2.741649e-02
4.128648e+02	-2.775771e-02
4.152495e+02	-2.802267e-02
4.176480e+02	-2.824359e-02
4.200603e+02	-2.847692e-02
4.224866e+02	-2.896308e-02
4.249268e+02	-2.917764e-02
4.273812e+02	-2.964085e-02
4.298497e+02	-2.971051e-02
4.323325e+02	-3.022321e-02
4.348297e+02	-3.066536e-02
4.373412e+02	-3.109135e-02
4.398673e+02	-3.136713e-02
4.424079e+02	-3.165691e-02
4.449633e+02	-3.215655e-02
4.475334e+02	-3.264113e-02
4.501183e+02	-3.292500e-02
4.527182e+02	-3.311895e-02
4.553330e+02	-3.371507e-02
4.579630e+02	-3.389183e-02
4.606082e+02	-3.444493e-02
4.632687e+02	-3.477887e-02
4.659445e+02	-3.521248e-02
4.686358e+02	-3.550971e-02
4.713426e+02	-3.585164e-02
4.740650e+02	-3.664118e-02
4.768032e+02	-3.672111e-02
4.795572e+02	-3.714657e-02
4.823271e+02	-3.764483e-02
4.851130e+02	-3.817672e-02
4.879150e+02	-3.852226e-02
4.907332e+02	-3.894829e-02
4.935676e+02	-3.927646e-02
4.964185e+02	-3.986149e-02
4.992858e+02	-4.030395e-02
5.021696e+02	-4.073218e-02
5.050701e+02	-4.128374e-02
5.079874e+02	-4.189406e-02
5.109215e+02	-4.217088e-02
5.138726e+02	-4.265341e-02
5.168407e+02	-4.332550e-02
5.198259e+02	-4.361255e-02
5.228284e+02	-4.417301e-02
5.258482e+02	-4.471506e-02
5.288855e+02	-4.526844e-02
5.319403e+02	-4.593215e-02
5.350128e+02	-4.645590e-02
5.381030e+02	-4.682177e-02
5.412111e+02	-4.745033e-02
5.443371e+02	-4.786055e-02
5.474812e+02	-4.838443e-02
5.506434e+02	-4.899650e-02
5.538239e+02	-4.961559e-02
5.570228e+02	-4.990627e-02
5.602401e+02	-5.057460e-02
5.634760e+02	-5.135694e-02
5.667306e+02	-5.184385e-02
5.700040e+02	-5.251103e-02
5.732964e+02	-5.309487e-02
5.766077e+02	-5.375861e-02
5.799382e+02	-5.431545e-02
5.832879e+02	-5.508359e-02
5.866569e+02	-5.564879e-02
5.900454e+02	-5.637644e-02
5.934535e+02	-5.708535e-02
5.968813e+02	-5.747277e-02
6.003288e+02	-5.835727e-02
6.037963e+02	-5.899588e-02
6.072838e+02	-5.955147e-02
6.107914e+02	-6.020841e-02
6.143194e+02	-6.084609e-02
6.178676e+02	-6.153824e-02
6.214364e+02	-6.246861e-02
6.250258e+02	-6.329269e-02
6.286359e+02	-6.372094e-02
6.322669e+02	-6.456095e-02
6.359189e+02	-6.529395e-02
6.395919e+02	-6.606622e-02
6.432862e+02	-6.675043e-02
6.470017e+02	-6.755688e-02
6.507388e+02	-6.827178e-02
6.544974e+02	-6.901957e-02
6.582778e+02	-7.001336e-02
6.620800e+02	-7.055394e-02
6.659041e+02	-7.139733e-02
6.697504e+02	-7.247988e-02
6.736188e+02	-7.316863e-02
6.775096e+02	-7.415816e-02
6.814229e+02	-7.470703e-02
6.853587e+02	-7.569112e-02
6.893173e+02	-7.668291e-02
6.932988e+02	-7.742456e-02
6.973033e+02	-7.839313e-02
7.013309e+02	-7.926494e-02
7.053817e+02	-8.012868e-02
7.094560e+02	-8.110693e-02
7.135538e+02	-8.218708e-02
7.176752e+02	-8.298148e-02
7.218205e+02	-8.395217e-02
7.259897e+02	-8.493359e-02
7.301830e+02	-8.594195e-02
7.344005e+02	-8.685013e-02
7.386424e+02	-8.785020e-02
7.429087e+02	-8.875964e-02
7.471998e+02	-8.984997e-02
7.515155e+02	-9.090999e-02
7.558563e+02	-9.187847e-02
7.602221e+02	-9.300493e-02
7.646131e+02	-9.406250e-02
7.690295e+02	-9.522438e-02
7.734713e+02	-9.610250e-02
7.779389e+02	-9.721250e-02
7.824322e+02	-9.865417e-02
7.869515e+02	-9.951392e-02
7.914969e+02	-1.006602e-01
7.960686e+02	-1.018928e-01
8.006666e+02	-1.030231e-01
8.052912e+02	-1.042702e-01
8.099426e+02	-1.054385e-01
8.146208e+02	-1.065275e-01
8.193260e+02	-1.077701e-01
8.240584e+02	-1.089777e-01
8.288181e+02	-1.102601e-01
8.336053e+02	-1.114777e-01
8.384202e+02	-1.129445e-01
8.432629e+02	-1.141387e-01
8.481335e+02	-1.154721e-01
8.530323e+02	-1.167533e-01
8.579594e+02	-1.180801e-01
8.629149e+02	-1.194588e-01
8.678991e+02	-1.206983e-01
8.729120e+02	-1.221596e-01
8.779539e+02	-1.235607e-01
8.830250e+02	-1.249517e-01
8.881253e+02	-1.263670e-01
8.932551e+02	-1.277514e-01
8.984145e+02	-1.292770e-01
9.036037e+02	-1.307501e-01
9.088229e+02	-1.323356e-01
9.140722e+02	-1.338203e-01
9.193518e+02	-1.353902e-01
9.246620e+02	-1.368398e-01
9.300028e+02	-1.383050e-01
9.353744e+02	-1.401146e-01
9.407771e+02	-1.415339e-01
9.462110e+02	-1.432852e-01
9.516763e+02	-1.447635e-01
9.571731e+02	-1.467428e-01
9.627017e+02	-1.480530e-01
9.682622e+02	-1.499873e-01
9.738549e+02	-1.515766e-01
9.794798e+02	-1.533238e-01
9.851373e+02	-1.550669e-01
9.908274e+02	-1.567399e-01
9.965504e+02	-1.586017e-01
1.002306e+03	-1.603229e-01
1.008096e+03	-1.621597e-01
1.013918e+03	-1.640389e-01
1.019775e+03	-1.660663e-01
1.025665e+03	-1.676885e-01
1.031589e+03	-1.696509e-01
1.037548e+03	-1.717807e-01
1.043540e+03	-1.736334e-01
1.049568e+03	-1.755889e-01
1.055630e+03	-1.773037e-01
1.061727e+03	-1.794408e-01
1.067860e+03	-1.816426e-01
1.074028e+03	-1.836624e-01
1.080231e+03	-1.857881e-01
1.086471e+03	-1.878910e-01
1.092746e+03	-1.898582e-01
1.099058e+03	-1.920494e-01
1.105406e+03	-1.942011e-01
1.111791e+03	-1.965814e-01
1.118212e+03	-1.987794e-01
1.124671e+03	-2.009516e-01
1.131167e+03	-2.032444e-01
1.137701e+03	-2.054629e-01
1.144272e+03	-2.078002e-01
1.150881e+03	-2.102886e-01
1.157529e+03	-2.125509e-01
1.164215e+03	-2.148935e-01
1.170939e+03	-2.174649e-01
1.177702e+03	-2.198527e-01
1.184505e+03	-2.224211e-01
1.191346e+03	-2.248011e-01
1.198227e+03	-2.275388e-01
1.205148e+03	-2.299477e-01
1.212109e+03	-2.325818e-01
1.219110e+03	-2.351167e-01
1.226152e+03	-2.378208e-01
1.233234e+03	-2.407508e-01
1.240357e+03	-2.432321e-01
1.247521e+03	-2.457961e-01
1.254727e+03	-2.487485e-01
1.261974e+03	-2.513126e-01
1.269263e+03	-2.544384e-01
1.276595e+03	-2.571697e-01
1.283968e+03	-2.601889e-01
1.291384e+03	-2.630605e-01
1.298843e+03	-2.660022e-01
1.306345e+03	-2.689161e-01
1.313891e+03	-2.720059e-01
1.321480e+03	-2.750591e-01
1.329113e+03	-2.782544e-01
1.336790e+03	-2.811160e-01
1.344511e+03	-2.843453e-01
1.352277e+03	-2.877507e-01
1.360087e+03	-2.908403e-01
1.367943e+03	-2.939677e-01
1.375844e+03	-2.974186e-01
1.383791e+03	-3.004761e-01
1.391784e+03	-3.038806e-01
1.399823e+03	-3.075008e-01
1.407908e+03	-3.108338e-01
1.416040e+03	-3.142814e-01
1.424219e+03	-3.178247e-01
1.432445e+03	-3.212666e-01
1.440719e+03	-3.251618e-01
1.449041e+03	-3.285871e-01
1.457410e+03	-3.324236e-01
1.465828e+03	-3.359862e-01
1.474295e+03	-3.397230e-01
1.482810e+03	-3.435579e-01
1.491375e+03	-3.473251e-01
1.499989e+03	-3.512838e-01
1.508653e+03	-3.552271e-01
1.517367e+03	-3.591257e-01
1.526131e+03	-3.630614e-01
1.534946e+03	-3.671621e-01
1.543812e+03	-3.711922e-01
1.552729e+03	-3.754113e-01
1.561697e+03	-3.794333e-01
1.570717e+03	-3.835676e-01
1.579790e+03	-3.879122e-01
1.588915e+03	-3.923306e-01
1.598092e+03	-3.966074e-01
1.607323e+03	-4.010048e-01
1.616606e+03	-4.053276e-01
1.625944e+03	-4.098708e-01
1.635335e+03	-4.144167e-01
1.644781e+03	-4.189502e-01
1.654281e+03	-4.236222e-01
1.663836e+03	-4.283131e-01
1.673446e+03	-4.330101e-01
1.683112e+03	-4.377897e-01
1.692834e+03	-4.426117e-01
1.702611e+03	-4.475389e-01
1.712446e+03	-4.523869e-01
1.722337e+03	-4.573385e-01
1.732285e+03	-4.624118e-01
1.742290e+03	-4.673427e-01
1.752354e+03	-4.725403e-01
1.762475e+03	-4.777945e-01
1.772655e+03	-4.830261e-01
1.782894e+03	-4.881395e-01
1.793192e+03	-4.937255e-01
1.803549e+03	-4.990887e-01
1.813967e+03	-5.044138e-01
1.824444e+03	-5.100145e-01
1.834982e+03	-5.156213e-01
1.845581e+03	-5.210436e-01
1.856241e+03	-5.269157e-01
1.866962e+03	-5.326183e-01
1.877746e+03	-5.383659e-01
1.888592e+03	-5.443929e-01
1.899500e+03	-5.502385e-01
1.910472e+03	-5.562566e-01
1.921506e+03	-5.622065e-01
1.932605e+03	-5.682245e-01
1.943768e+03	-5.744084e-01
1.954995e+03	-5.805854e-01
1.966287e+03	-5.869946e-01
1.977644e+03	-5.934095e-01
1.989067e+03	-5.997588e-01
2.000555e+03	-6.062427e-01
2.012110e+03	-6.126677e-01
2.023732e+03	-6.194184e-01
2.035421e+03	-6.262810e-01
2.047178e+03	-6.326841e-01
2.059002e+03	-6.397036e-01
2.070895e+03	-6.466240e-01
2.082856e+03	-6.534932e-01
2.094887e+03	-6.604087e-01
2.106987e+03	-6.675005e-01
2.119157e+03	-6.747513e-01
2.131397e+03	-6.819636e-01
2.143708e+03	-6.893603e-01
2.156090e+03	-6.968133e-01
2.168543e+03	-7.041897e-01
2.181069e+03	-7.115642e-01
2.193666e+03	-7.192935e-01
2.206337e+03	-7.269766e-01
2.219081e+03	-7.345140e-01
2.231898e+03	-7.426135e-01
2.244789e+03	-7.503327e-01
2.257755e+03	-7.582887e-01
2.270796e+03	-7.663032e-01
2.283912e+03	-7.745664e-01
2.297104e+03	-7.826127e-01
2.310372e+03	-7.911149e-01
2.323716e+03	-7.993778e-01
2.337138e+03	-8.079084e-01
2.350637e+03	-8.163438e-01
2.364214e+03	-8.250392e-01
2.377870e+03	-8.336694e-01
2.391604e+03	-8.424749e-01
2.405418e+03	-8.512152e-01
2.419312e+03	-8.600927e-01
2.433286e+03	-8.692938e-01
2.447340e+03	-8.783829e-01
2.461476e+03	-8.875291e-01
2.475693e+03	-8.968539e-01
2.489993e+03	-9.061284e-01
2.504375e+03	-9.156143e-01
2.518840e+03	-9.251912e-01
2.533389e+03	-9.348779e-01
2.548022e+03	-9.446485e-01
2.562739e+03	-9.544138e-01
2.577541e+03	-9.643474e-01
2.592429e+03	-9.742419e-01
2.607403e+03	-9.843705e-01
2.622463e+03	-9.946616e-01
2.637610e+03	-1.005019e+00
2.652845e+03	-1.015154e+00
2.668168e+03	-1.025542e+00
2.683579e+03	-1.036338e+00
2.699079e+03	-1.046934e+00
2.714669e+03	-1.057743e+00
2.730349e+03	-1.068541e+00
2.746119e+03	-1.079510e+00
2.761981e+03	-1.090562e+00
2.777934e+03	-1.101509e+00
2.793979e+03	-1.112897e+00
2.810117e+03	-1.124237e+00
2.826348e+03	-1.135739e+00
2.842673e+03	-1.147265e+00
2.859092e+03	-1.159071e+00
2.875606e+03	-1.170679e+00
2.892215e+03	-1.182415e+00
2.908921e+03	-1.194472e+00
2.925722e+03	-1.206632e+00
2.942621e+03	-1.218838e+00
2.959618e+03	-1.231037e+00
2.976712e+03	-1.243566e+00
2.993906e+03	-1.255935e+00
3.011198e+03	-1.268572e+00
3.028591e+03	-1.281283e+00
3.046084e+03	-1.294005e+00
3.063678e+03	-1.307042e+00
3.081374e+03	-1.320316e+00
3.099172e+03	-1.333229e+00
3.117072e+03	-1.346406e+00
3.135076e+03	-1.359869e+00
3.153184e+03	-1.373540e+00
3.171397e+03	-1.386990e+00
3.189715e+03	-1.400597e+00
3.208139e+03	-1.414485e+00
3.226669e+03	-1.428402e+00
3.245306e+03	-1.442635e+00
3.264051e+03	-1.456784e+00
3.282904e+03	-1.471061e+00
3.301866e+03	-1.485234e+00
3.320937e+03	-1.499904e+00
3.340119e+03	-1.514708e+00
3.359411e+03	-1.529197e+00
3.378815e+03	-1.544258e+00
3.398331e+03	-1.559265e+00
3.417959e+03	-1.574291e+00
3.437701e+03	-1.589694e+00
3.457557e+03	-1.604996e+00
3.477528e+03	-1.620573e+00
3.497614e+03	-1.636086e+00
3.517816e+03	-1.651988e+00
3.538135e+03	-1.667824e+00
3.558571e+03	-1.683577e+00
3.579125e+03	-1.699881e+00
3.599798e+03	-1.716083e+00
3.620590e+03	-1.732473e+00
3.641503e+03	-1.748799e+00
3.662536e+03	-1.765721e+00
3.683691e+03	-1.782257e+00
3.704967e+03	-1.799033e+00
3.726367e+03	-1.815989e+00
3.747890e+03	-1.833427e+00
3.769538e+03	-1.850664e+00
3.791311e+03	-1.868057e+00
3.813209e+03	-1.885504e+00
3.835234e+03	-1.903354e+00
3.857386e+03	-1.920861e+00
3.879667e+03	-1.938847e+00
3.902075e+03	-1.956722e+00
3.924614e+03	-1.974971e+00
3.947282e+03	-1.993403e+00
3.970081e+03	-2.011739e+00
3.993012e+03	-2.030251e+00
4.016076e+03	-2.049249e+00
4.039272e+03	-2.068127e+00
4.062603e+03	-2.087087e+00
4.086069e+03	-2.106101e+00
4.109670e+03	-2.125501e+00
4.133407e+03	-2.144530e+00
4.157281e+03	-2.164240e+00
4.181294e+03	-2.183822e+00
4.205445e+03	-2.203742e+00
4.229735e+03	-2.223602e+00
4.254166e+03	-2.243750e+00
4.278738e+03	-2.264038e+00
4.303451e+03	-2.284355e+00
4.328308e+03	-2.304944e+00
4.353308e+03	-2.325501e+00
4.378453e+03	-2.346112e+00
4.403742e+03	-2.367067e+00
4.429178e+03	-2.388210e+00
4.454761e+03	-2.409373e+00
4.480492e+03	-2.430757e+00
4.506371e+03	-2.452195e+00
4.532399e+03	-2.473663e+00
4.558578e+03	-2.495416e+00
4.584908e+03	-2.517390e+00
4.611391e+03	-2.539291e+00
4.638026e+03	-2.561503e+00
4.664815e+03	-2.583833e+00
4.691759e+03	-2.606312e+00
4.718858e+03	-2.628763e+00
4.746114e+03	-2.651562e+00
4.773527e+03	-2.674401e+00
4.801099e+03	-2.697604e+00
4.828830e+03	-2.720728e+00
4.856721e+03	-2.743922e+00
4.884773e+03	-2.767267e+00
4.912988e+03	-2.791096e+00
4.941365e+03	-2.814978e+00
4.969906e+03	-2.838707e+00
4.998612e+03	-2.862397e+00
5.027484e+03	-2.887078e+00
5.056522e+03	-2.910871e+00
5.085729e+03	-2.935152e+00
5.115104e+03	-2.959798e+00
5.144648e+03	-2.984852e+00
5.174363e+03	-3.009627e+00
5.204250e+03	-3.034623e+00
5.234310e+03	-3.059871e+00
5.264543e+03	-3.084997e+00
5.294951e+03	-3.110589e+00
5.325534e+03	-3.136059e+00
5.356294e+03	-3.161897e+00
5.387232e+03	-3.187688e+00
5.418348e+03	-3.213531e+00
5.449645e+03	-3.239801e+00
5.481122e+03	-3.266027e+00
5.512780e+03	-3.292458e+00
5.544622e+03	-3.318892e+00
5.576647e+03	-3.345772e+00
5.608858e+03	-3.372461e+00
5.641254e+03	-3.399584e+00
5.673838e+03	-3.426790e+00
5.706610e+03	-3.454012e+00
5.739571e+03	-3.481356e+00
5.772723e+03	-3.508843e+00
5.806066e+03	-3.536483e+00
5.839601e+03	-3.564529e+00
5.873331e+03	-3.592495e+00
5.907255e+03	-3.620386e+00
5.941375e+03	-3.648803e+00
5.975692e+03	-3.676828e+00
6.010207e+03	-3.705494e+00
6.044922e+03	-3.734409e+00
6.079837e+03	-3.763377e+00
6.114954e+03	-3.791964e+00
6.150274e+03	-3.820795e+00
6.185797e+03	-3.850317e+00
6.221526e+03	-3.879650e+00
6.257462e+03	-3.909158e+00
6.293605e+03	-3.939151e+00
6.329956e+03	-3.968688e+00
6.366518e+03	-3.998418e+00
6.403290e+03	-4.028434e+00
6.440276e+03	-4.058563e+00
6.477474e+03	-4.088950e+00
6.514888e+03	-4.119325e+00
6.552518e+03	-4.149947e+00
6.590365e+03	-4.180786e+00
6.628430e+03	-4.211417e+00
6.666716e+03	-4.242448e+00
6.705223e+03	-4.273677e+00
6.743952e+03	-4.304858e+00
6.782905e+03	-4.336221e+00
6.822082e+03	-4.367672e+00
6.861486e+03	-4.399253e+00
6.901118e+03	-4.431097e+00
6.940979e+03	-4.462794e+00
6.981069e+03	-4.495115e+00
7.021392e+03	-4.526802e+00
7.061947e+03	-4.559096e+00
7.102737e+03	-4.591810e+00
7.143762e+03	-4.624160e+00
7.185024e+03	-4.656940e+00
7.226524e+03	-4.689445e+00
7.268264e+03	-4.722661e+00
7.310246e+03	-4.755609e+00
7.352469e+03	-4.788765e+00
7.394937e+03	-4.822003e+00
7.437650e+03	-4.855521e+00
7.480609e+03	-4.888904e+00
7.523817e+03	-4.922627e+00
7.567274e+03	-4.956368e+00
7.610982e+03	-4.990256e+00
7.654943e+03	-5.023975e+00
7.699158e+03	-5.058109e+00
7.743628e+03	-5.092380e+00
7.788355e+03	-5.126455e+00
7.833340e+03	-5.161190e+00
7.878585e+03	-5.195901e+00
7.924091e+03	-5.230814e+00
7.969861e+03	-5.265381e+00
8.015894e+03	-5.300501e+00
8.062194e+03	-5.335329e+00
8.108761e+03	-5.370916e+00
8.155596e+03	-5.405949e+00
8.202703e+03	-5.441360e+00
8.250081e+03	-5.476777e+00
8.297733e+03	-5.512337e+00
8.345661e+03	-5.548030e+00
8.393865e+03	-5.584167e+00
8.442348e+03	-5.620034e+00
8.491110e+03	-5.656057e+00
8.540155e+03	-5.692050e+00
8.589482e+03	-5.728803e+00
8.639095e+03	-5.765049e+00
8.688994e+03	-5.801523e+00
8.739181e+03	-5.838387e+00
8.789658e+03	-5.874794e+00
8.840427e+03	-5.911725e+00
8.891489e+03	-5.948319e+00
8.942846e+03	-5.985343e+00
8.994499e+03	-6.022554e+00
9.046451e+03	-6.059747e+00
9.098703e+03	-6.097585e+00
9.151257e+03	-6.134540e+00
9.204114e+03	-6.172462e+00
9.257277e+03	-6.209919e+00
9.310746e+03	-6.247238e+00
9.364525e+03	-6.284937e+00
9.418614e+03	-6.322923e+00
9.473015e+03	-6.360937e+00
9.527731e+03	-6.399340e+00
9.582763e+03	-6.437562e+00
9.638113e+03	-6.475990e+00
9.693782e+03	-6.514458e+00
9.749773e+03	-6.552664e+00
9.806087e+03	-6.591544e+00
9.862727e+03	-6.630118e+00
9.919693e+03	-6.668862e+00
9.976989e+03	-6.707858e+00
1.003462e+04	-6.746788e+00
1.009258e+04	-6.785777e+00
1.015087e+04	-6.824959e+00
1.020950e+04	-6.863660e+00
1.026847e+04	-6.903179e+00
1.032778e+04	-6.942476e+00
1.038743e+04	-6.981912e+00
1.044743e+04	-7.021416e+00
1.050777e+04	-7.060836e+00
1.056847e+04	-7.100700e+00
1.062951e+04	-7.140692e+00
1.069091e+04	-7.180224e+00
1.075266e+04	-7.220469e+00
1.081476e+04	-7.260477e+00
1.087723e+04	-7.300368e+00
1.094006e+04	-7.340544e+00
1.100324e+04	-7.380819e+00
1.106680e+04	-7.421609e+00
1.113072e+04	-7.461889e+00
1.119501e+04	-7.502467e+00
1.125967e+04	-7.542871e+00
1.132471e+04	-7.583879e+00
1.139012e+04	-7.624426e+00
1.145591e+04	-7.664957e+00
1.152208e+04	-7.705999e+00
1.158863e+04	-7.746585e+00
1.165556e+04	-7.787762e+00
1.172289e+04	-7.829260e+00
1.179060e+04	-7.869866e+00
1.185870e+04	-7.911062e+00
1.192719e+04	-7.952522e+00
1.199608e+04	-7.994137e+00
1.206537e+04	-8.035400e+00
1.213506e+04	-8.076653e+00
1.220515e+04	-8.118062e+00
1.227565e+04	-8.160144e+00
1.234655e+04	-8.201680e+00
1.241787e+04	-8.243573e+00
1.248959e+04	-8.285072e+00
1.256173e+04	-8.326895e+00
1.263429e+04	-8.368717e+00
1.270726e+04	-8.410601e+00
1.278066e+04	-8.453069e+00
1.285448e+04	-8.495058e+00
1.292873e+04	-8.537183e+00
1.300340e+04	-8.579223e+00
1.307851e+04	-8.621255e+00
1.315405e+04	-8.663879e+00
1.323003e+04	-8.705977e+00
1.330644e+04	-8.748934e+00
1.338330e+04	-8.791529e+00
1.346060e+04	-8.833991e+00
1.353835e+04	-8.876200e+00
1.361655e+04	-8.918895e+00
1.369520e+04	-8.962028e+00
1.377430e+04	-9.004195e+00
1.385386e+04	-9.047324e+00
1.393388e+04	-9.090029e+00
1.401436e+04	-9.132658e+00
1.409531e+04	-9.175677e+00
1.417672e+04	-9.218195e+00
1.425861e+04	-9.262143e+00
1.434096e+04	-9.304813e+00
1.442379e+04	-9.347762e+00
1.450711e+04	-9.391404e+00
1.459090e+04	-9.433782e+00
1.467518e+04	-9.477135e+00
1.475994e+04	-9.520894e+00
1.484519e+04	-9.564051e+00
1.493094e+04	-9.607909e+00
1.501718e+04	-9.651402e+00
1.510392e+04	-9.694077e+00
1.519116e+04	-9.737832e+00
1.527890e+04	-9.781357e+00
1.536715e+04	-9.825279e+00
1.545591e+04	-9.868492e+00
1.554518e+04	-9.912273e+00
1.563497e+04	-9.955784e+00
1.572528e+04	-9.999837e+00
1.581611e+04	-1.004327e+01
1.590746e+04	-1.008690e+01
1.599934e+04	-1.013065e+01
1.609175e+04	-1.017475e+01
1.618470e+04	-1.021875e+01
1.627818e+04	-1.026242e+01
1.637220e+04	-1.030600e+01
1.646677e+04	-1.035059e+01
1.656188e+04	-1.039439e+01
1.665754e+04	-1.043807e+01
1.675375e+04	-1.048212e+01
1.685052e+04	-1.052644e+01
1.694785e+04	-1.057062e+01
1.704574e+04	-1.061449e+01
1.714419e+04	-1.065816e+01
1.724322e+04	-1.070239e+01
1.734281e+04	-1.074668e+01
1.744299e+04	-1.079097e+01
1.754374e+04	-1.083507e+01
1.764507e+04	-1.087994e+01
1.774698e+04	-1.092422e+01
1.784949e+04	-1.096878e+01
1.795259e+04	-1.101332e+01
1.805628e+04	-1.105662e+01
1.816057e+04	-1.110110e+01
1.826547e+04	-1.114560e+01
1.837097e+04	-1.119061e+01
1.847708e+04	-1.123427e+01
1.858380e+04	-1.127882e+01
1.869114e+04	-1.132296e+01
1.879910e+04	-1.136702e+01
1.890768e+04	-1.141172e+01
1.901689e+04	-1.145663e+01
1.912673e+04	-1.150084e+01
1.923721e+04	-1.154536e+01
1.934832e+04	-1.159025e+01
1.946008e+04	-1.163480e+01
1.957248e+04	-1.167934e+01
1.968553e+04	-1.172326e+01
1.979923e+04	-1.176829e+01
1.991359e+04	-1.181307e+01
2.002861e+04	-1.185748e+01
2.014430e+04	-1.190153e+01
2.026065e+04	-1.194560e+01
2.037767e+04	-1.199023e+01
2.049537e+04	-1.203572e+01
2.061375e+04	-1.208053e+01
2.073282e+04	-1.212423e+01
2.085257e+04	-1.216893e+01
2.097301e+04	-1.221293e+01
2.109415e+04	-1.225815e+01
2.121599e+04	-1.230300e+01
2.133853e+04	-1.234725e+01
2.146178e+04	-1.239201e+01
2.158575e+04	-1.243627e+01
2.171043e+04	-1.248111e+01
2.183582e+04	-1.252530e+01
2.196195e+04	-1.256990e+01
2.208880e+04	-1.261427e+01
2.221638e+04	-1.265864e+01
2.234470e+04	-1.270345e+01
2.247377e+04	-1.274857e+01
2.260357e+04	-1.279289e+01
2.273413e+04	-1.283730e+01
2.286544e+04	-1.288182e+01
2.299751e+04	-1.292679e+01
2.313034e+04	-1.297032e+01
2.326394e+04	-1.301571e+01
2.339832e+04	-1.305936e+01
2.353346e+04	-1.310441e+01
2.366939e+04	-1.314905e+01
2.380610e+04	-1.319306e+01
2.394361e+04	-1.323704e+01
2.408191e+04	-1.328180e+01
2.422100e+04	-1.332659e+01
2.436090e+04	-1.336983e+01
2.450161e+04	-1.341531e+01
2.464313e+04	-1.345914e+01
2.478547e+04	-1.350327e+01
2.492863e+04	-1.354693e+01
2.507261e+04	-1.359143e+01
2.521743e+04	-1.363640e+01
2.536309e+04	-1.368074e+01
2.550958e+04	-1.372538e+01
2.565692e+04	-1.376840e+01
2.580512e+04	-1.381294e+01
2.595417e+04	-1.385715e+01
2.610408e+04	-1.390187e+01
2.625485e+04	-1.394578e+01
2.640650e+04	-1.398939e+01
2.655902e+04	-1.403389e+01
2.671243e+04	-1.407744e+01
2.686672e+04	-1.412104e+01
2.702190e+04	-1.416475e+01
2.717798e+04	-1.420868e+01
2.733495e+04	-1.425361e+01
2.749284e+04	-1.429706e+01
2.765164e+04	-1.434044e+01
2.781135e+04	-1.438426e+01
2.797199e+04	-1.442734e+01
2.813355e+04	-1.447044e+01
2.829605e+04	-1.451604e+01
2.845949e+04	-1.455915e+01
2.862387e+04	-1.460200e+01
2.878920e+04	-1.464532e+01
2.895549e+04	-1.468899e+01
2.912273e+04	-1.473339e+01
2.929094e+04	-1.477626e+01
2.946013e+04	-1.481940e+01
2.963029e+04	-1.486216e+01
2.980143e+04	-1.490608e+01
2.997356e+04	-1.494976e+01
3.014669e+04	-1.499319e+01
3.032081e+04	-1.503545e+01
3.049595e+04	-1.507823e+01
3.067209e+04	-1.512143e+01
3.084925e+04	-1.516502e+01
3.102743e+04	-1.520759e+01
3.120665e+04	-1.525050e+01
3.138690e+04	-1.529344e+01
3.156819e+04	-1.533653e+01
3.175052e+04	-1.537833e+01
3.193391e+04	-1.542134e+01
3.211836e+04	-1.546331e+01
3.230388e+04	-1.550686e+01
3.249046e+04	-1.555023e+01
3.267812e+04	-1.559149e+01
3.286687e+04	-1.563362e+01
3.305671e+04	-1.567684e+01
3.324764e+04	-1.571893e+01
3.343968e+04	-1.575990e+01
3.363283e+04	-1.580285e+01
3.382709e+04	-1.584473e+01
3.402247e+04	-1.588710e+01
3.421899e+04	-1.592877e+01
3.441663e+04	-1.597088e+01
3.461542e+04	-1.601114e+01
3.481536e+04	-1.605386e+01
3.501645e+04	-1.609496e+01
3.521871e+04	-1.613679e+01
3.542213e+04	-1.617833e+01
3.562672e+04	-1.621947e+01
3.583250e+04	-1.626089e+01
3.603947e+04	-1.630218e+01
3.624763e+04	-1.634274e+01
3.645700e+04	-1.638381e+01
3.666757e+04	-1.642543e+01
3.687936e+04	-1.646533e+01
3.709238e+04	-1.650614e+01
3.730662e+04	-1.654697e+01
3.752210e+04	-1.658735e+01
3.773883e+04	-1.662885e+01
3.795680e+04	-1.666849e+01
3.817604e+04	-1.671007e+01
3.839654e+04	-1.674844e+01
3.861832e+04	-1.678918e+01
3.884138e+04	-1.682979e+01
3.906573e+04	-1.686879e+01
3.929137e+04	-1.690800e+01
3.951831e+04	-1.694771e+01
3.974657e+04	-1.698803e+01
3.997614e+04	-1.702718e+01
4.020704e+04	-1.706725e+01
4.043928e+04	-1.710608e+01
4.067285e+04	-1.714576e+01
4.090778e+04	-1.718408e+01
4.114406e+04	-1.722341e+01
4.138171e+04	-1.726167e+01
4.162073e+04	-1.730129e+01
4.186113e+04	-1.733948e+01
4.210291e+04	-1.737795e+01
4.234610e+04	-1.741573e+01
4.259069e+04	-1.745440e+01
4.283669e+04	-1.749253e+01
4.308411e+04	-1.752990e+01
4.333297e+04	-1.756686e+01
4.358325e+04	-1.760612e+01
4.383499e+04	-1.764196e+01
4.408818e+04	-1.768081e+01
4.434283e+04	-1.771720e+01
4.459895e+04	-1.775553e+01
4.485655e+04	-1.779089e+01
4.511564e+04	-1.782874e+01
4.537623e+04	-1.786647e+01
4.563832e+04	-1.790252e+01
4.590193e+04	-1.793801e+01
4.616705e+04	-1.797530e+01
4.643371e+04	-1.801261e+01
4.670191e+04	-1.804660e+01
4.697166e+04	-1.808217e+01
4.724297e+04	-1.811799e+01
4.751584e+04	-1.815430e+01
4.779029e+04	-1.818867e+01
4.806633e+04	-1.822387e+01
4.834395e+04	-1.825985e+01
4.862319e+04	-1.829293e+01
4.890403e+04	-1.832845e+01
4.918650e+04	-1.836247e+01
4.947060e+04	-1.839773e+01
4.975634e+04	-1.843162e+01
5.004373e+04	-1.846522e+01
5.033278e+04	-1.849868e+01
5.062350e+04	-1.853095e+01
5.091590e+04	-1.856627e+01
5.120999e+04	-1.859769e+01
5.150578e+04	-1.862945e+01
5.180327e+04	-1.866469e+01
5.210248e+04	-1.869662e+01
5.240343e+04	-1.872932e+01
5.270611e+04	-1.876160e+01
5.301053e+04	-1.879370e+01
5.331672e+04	-1.882394e+01
5.362468e+04	-1.885665e+01
5.393441e+04	-1.888726e+01
5.424593e+04	-1.891746e+01
5.455926e+04	-1.894916e+01
5.487439e+04	-1.897914e+01
5.519134e+04	-1.901026e+01
5.551012e+04	-1.903705e+01
5.583075e+04	-1.907012e+01
5.615322e+04	-1.909832e+01
5.647756e+04	-1.912829e+01
5.680377e+04	-1.915855e+01
5.713187e+04	-1.918652e+01
5.746186e+04	-1.921480e+01
5.779376e+04	-1.924293e+01
5.812757e+04	-1.927050e+01
5.846332e+04	-1.929891e+01
5.880100e+04	-1.932698e+01
5.914063e+04	-1.935299e+01
5.948222e+04	-1.937946e+01
5.982579e+04	-1.940791e+01
6.017134e+04	-1.943316e+01
6.051889e+04	-1.945911e+01
6.086844e+04	-1.948525e+01
6.122002e+04	-1.950928e+01
6.157362e+04	-1.953564e+01
6.192927e+04	-1.956043e+01
6.228697e+04	-1.958541e+01
6.264674e+04	-1.960976e+01
6.300858e+04	-1.963326e+01
6.337252e+04	-1.965576e+01
6.373855e+04	-1.967832e+01
6.410670e+04	-1.970189e+01
6.447698e+04	-1.972414e+01
6.484940e+04	-1.974526e+01
6.522397e+04	-1.976909e+01
6.560070e+04	-1.979082e+01
6.597960e+04	-1.981158e+01
6.636070e+04	-1.983141e+01
6.674400e+04	-1.985285e+01
6.712951e+04	-1.987355e+01
6.751724e+04	-1.989080e+01
6.790722e+04	-1.991083e+01
6.829945e+04	-1.993033e+01
6.869395e+04	-1.994787e+01
6.909072e+04	-1.996645e+01
6.948978e+04	-1.998294e+01
6.989115e+04	-2.000233e+01
7.029484e+04	-2.001697e+01
7.070086e+04	-2.003216e+01
7.110923e+04	-2.004897e+01
7.151995e+04	-2.006405e+01
7.193305e+04	-2.007871e+01
7.234853e+04	-2.009482e+01
7.276641e+04	-2.010740e+01
7.318671e+04	-2.012201e+01
7.360943e+04	-2.013446e+01
7.403460e+04	-2.014567e+01
7.446222e+04	-2.015747e+01
7.489231e+04	-2.016992e+01
7.532488e+04	-2.018179e+01
7.575996e+04	-2.018971e+01
7.619754e+04	-2.019977e+01
7.663766e+04	-2.021095e+01
7.708031e+04	-2.021824e+01
7.752553e+04	-2.022587e+01
7.797331e+04	-2.023471e+01
7.842368e+04	-2.024010e+01
7.887665e+04	-2.024612e+01
7.933224e+04	-2.025347e+01
7.979046e+04	-2.025732e+01
8.025133e+04	-2.026239e+01
8.071486e+04	-2.026721e+01
8.118106e+04	-2.026937e+01
8.164996e+04	-2.027185e+01
8.212157e+04	-2.027375e+01
8.259590e+04	-2.027432e+01
8.307297e+04	-2.027552e+01
8.355279e+04	-2.027592e+01
8.403539e+04	-2.027421e+01
8.452078e+04	-2.027034e+01
8.500897e+04	-2.027358e+01
8.549997e+04	-2.026733e+01
8.599382e+04	-2.026463e+01
8.649052e+04	-2.025847e+01
8.699008e+04	-2.025285e+01
8.749253e+04	-2.024779e+01
8.799789e+04	-2.023919e+01
8.850616e+04	-2.023173e+01
8.901737e+04	-2.022284e+01
8.953153e+04	-2.021273e+01
9.004866e+04	-2.020324e+01
9.056877e+04	-2.019061e+01
9.109190e+04	-2.017771e+01
9.161804e+04	-2.016525e+01
9.214722e+04	-2.015043e+01
9.267946e+04	-2.013403e+01
9.321477e+04	-2.011948e+01
9.375318e+04	-2.010210e+01
9.429469e+04	-2.008241e+01
9.483933e+04	-2.006322e+01
9.538712e+04	-2.004093e+01
9.593807e+04	-2.002079e+01
9.649221e+04	-1.999829e+01
9.704954e+04	-1.997595e+01
9.761010e+04	-1.994853e+01
9.817389e+04	-1.992264e+01
9.874094e+04	-1.989509e+01
9.931126e+04	-1.986622e+01
9.988488e+04	-1.983534e+01
1.004618e+05	-1.980477e+01
1.010421e+05	-1.977215e+01
1.016257e+05	-1.973771e+01
1.022127e+05	-1.970357e+01
1.028031e+05	-1.966516e+01
1.033968e+05	-1.962602e+01
1.039941e+05	-1.958681e+01
1.045947e+05	-1.954466e+01
1.051989e+05	-1.950211e+01
1.058065e+05	-1.945869e+01
1.064176e+05	-1.941055e+01
1.070323e+05	-1.936157e+01
1.076505e+05	-1.931355e+01
1.082723e+05	-1.926233e+01
1.088977e+05	-1.920916e+01
1.095266e+05	-1.915346e+01
1.101593e+05	-1.909594e+01
1.107955e+05	-1.903604e+01
1.114355e+05	-1.897480e+01
1.120791e+05	-1.891224e+01
1.127265e+05	-1.884671e+01
1.133776e+05	-1.878088e+01
1.140325e+05	-1.870786e+01
1.146911e+05	-1.863680e+01
1.153536e+05	-1.856401e+01
1.160198e+05	-1.848573e+01
1.166900e+05	-1.840627e+01
1.173640e+05	-1.832435e+01
1.180419e+05	-1.823948e+01
1.187237e+05	-1.815323e+01
1.194094e+05	-1.806262e+01
1.200991e+05	-1.796983e+01
1.207928e+05	-1.787281e+01
1.214905e+05	-1.777412e+01
1.221922e+05	-1.767077e+01
1.228980e+05	-1.756494e+01
1.236078e+05	-1.745594e+01
1.243218e+05	-1.734303e+01
1.250399e+05	-1.722526e+01
1.257621e+05	-1.710688e+01
1.264885e+05	-1.698107e+01
1.272191e+05	-1.685218e+01
1.279539e+05	-1.671912e+01
1.286930e+05	-1.658332e+01
1.294363e+05	-1.644059e+01
1.301839e+05	-1.629254e+01
1.309358e+05	-1.614238e+01
1.316921e+05	-1.598492e+01
1.324528e+05	-1.582221e+01
1.332178e+05	-1.565536e+01
1.339873e+05	-1.548019e+01
1.347612e+05	-1.530068e+01
1.355395e+05	-1.511351e+01
1.363224e+05	-1.492050e+01
1.371098e+05	-1.471987e+01
1.379018e+05	-1.451226e+01
1.386983e+05	-1.429683e+01
1.394994e+05	-1.407156e+01
1.403051e+05	-1.383942e+01
1.411155e+05	-1.359744e+01
1.419306e+05	-1.334684e+01
1.427504e+05	-1.308573e+01
1.435749e+05	-1.281335e+01
1.444042e+05	-1.253063e+01
1.452383e+05	-1.223568e+01
1.460772e+05	-1.192859e+01
1.469209e+05	-1.160833e+01
1.477695e+05	-1.127480e+01
1.486230e+05	-1.092690e+01
1.494814e+05	-1.056357e+01
1.503448e+05	-1.018533e+01
1.512132e+05	-9.790810e+00
1.520866e+05	-9.379989e+00
1.529651e+05	-8.952645e+00
1.538486e+05	-8.509498e+00
1.547372e+05	-8.050977e+00
1.556310e+05	-7.579226e+00
1.565299e+05	-7.096918e+00
1.574340e+05	-6.609188e+00
1.583433e+05	-6.122615e+00
1.592579e+05	-5.647761e+00
1.601778e+05	-5.196823e+00
1.611030e+05	-4.787186e+00
1.620335e+05	-4.439242e+00
1.629694e+05	-4.174418e+00
1.639107e+05	-4.012811e+00
1.648574e+05	-3.969096e+00
1.658097e+05	-4.049614e+00
1.667674e+05	-4.249533e+00
1.677306e+05	-4.554942e+00
1.686994e+05	-4.946643e+00
1.696738e+05	-5.402556e+00
1.706538e+05	-5.901949e+00
1.716395e+05	-6.428509e+00
1.726309e+05	-6.967366e+00
1.736280e+05	-7.508005e+00
1.746309e+05	-8.043881e+00
1.756395e+05	-8.569675e+00
1.766540e+05	-9.082045e+00
1.776744e+05	-9.579416e+00
1.787006e+05	-1.006048e+01
1.797328e+05	-1.052390e+01
1.807709e+05	-1.097121e+01
1.818150e+05	-1.140095e+01
1.828652e+05	-1.181510e+01
1.839214e+05	-1.221337e+01
1.849837e+05	-1.259748e+01
1.860522e+05	-1.296637e+01
1.871268e+05	-1.332198e+01
1.882077e+05	-1.366287e+01
1.892948e+05	-1.399112e+01
1.903881e+05	-1.430859e+01
1.914878e+05	-1.461406e+01
1.925938e+05	-1.490910e+01
1.937062e+05	-1.519246e+01
1.948251e+05	-1.546692e+01
1.959504e+05	-1.573081e+01
1.970822e+05	-1.598356e+01
1.982205e+05	-1.623015e+01
1.993654e+05	-1.646542e+01
2.005169e+05	-1.669382e+01
2.016751e+05	-1.691441e+01
2.028400e+05	-1.712628e+01
2.040116e+05	-1.733204e+01
2.051899e+05	-1.752827e+01
2.063751e+05	-1.771694e+01
2.075671e+05	-1.790163e+01
2.087660e+05	-1.807716e+01
2.099719e+05	-1.824631e+01
2.111846e+05	-1.840755e+01
2.124044e+05	-1.856458e+01
2.136313e+05	-1.871546e+01
2.148652e+05	-1.885662e+01
2.161063e+05	-1.899420e+01
2.173545e+05	-1.912566e+01
2.186099e+05	-1.925141e+01
2.198726e+05	-1.937128e+01
2.211426e+05	-1.948412e+01
2.224199e+05	-1.959379e+01
2.237046e+05	-1.969398e+01
2.249967e+05	-1.978877e+01
2.262962e+05	-1.987885e+01
2.276033e+05	-1.996268e+01
2.289179e+05	-2.004140e+01
2.302402e+05	-2.011551e+01
2.315700e+05	-2.018206e+01
2.329076e+05	-2.024394e+01
2.342528e+05	-2.029625e+01
2.356059e+05	-2.034747e+01
2.369667e+05	-2.038917e+01
2.383354e+05	-2.042708e+01
2.397120e+05	-2.045883e+01
2.410966e+05	-2.048361e+01
2.424892e+05	-2.050207e+01
2.438898e+05	-2.051695e+01
2.452985e+05	-2.052232e+01
2.467153e+05	-2.052165e+01
2.481403e+05	-2.051627e+01
2.495736e+05	-2.050097e+01
2.510151e+05	-2.048075e+01
2.524650e+05	-2.045180e+01
2.539232e+05	-2.041794e+01
2.553898e+05	-2.037628e+01
2.568650e+05	-2.032504e+01
2.583486e+05	-2.026541e+01
2.598408e+05	-2.019990e+01
2.613416e+05	-2.012461e+01
2.628511e+05	-2.003955e+01
2.643694e+05	-1.994874e+01
2.658963e+05	-1.984574e+01
2.674321e+05	-1.973655e+01
2.689768e+05	-1.961185e+01
2.705304e+05	-1.948038e+01
2.720930e+05	-1.933725e+01
2.736646e+05	-1.918221e+01
2.752453e+05	-1.901556e+01
2.768351e+05	-1.883548e+01
2.784341e+05	-1.864316e+01
2.800423e+05	-1.843510e+01
2.816598e+05	-1.821499e+01
2.832867e+05	-1.797465e+01
2.849229e+05	-1.772006e+01
2.865686e+05	-1.744630e+01
2.882238e+05	-1.715514e+01
2.898886e+05	-1.684274e+01
2.915630e+05	-1.651086e+01
2.932470e+05	-1.615210e+01
2.949408e+05	-1.576914e+01
2.966444e+05	-1.535989e+01
2.983578e+05	-1.492027e+01
3.000811e+05	-1.444999e+01
3.018143e+05	-1.394670e+01
3.035576e+05	-1.340645e+01
3.053109e+05	-1.282972e+01
3.070744e+05	-1.221214e+01
3.088481e+05	-1.155798e+01
3.106320e+05	-1.086601e+01
3.124261e+05	-1.014619e+01
3.142307e+05	-9.412383e+00
3.160457e+05	-8.691689e+00
3.178712e+05	-8.028018e+00
3.197072e+05	-7.482004e+00
3.215538e+05	-7.126690e+00
3.234111e+05	-7.025195e+00
3.252791e+05	-7.202174e+00
3.271579e+05	-7.631079e+00
3.290475e+05	-8.247915e+00
3.309481e+05	-8.980286e+00
3.328596e+05	-9.767486e+00
3.347822e+05	-1.056513e+01
3.367159e+05	-1.134859e+01
3.386608e+05	-1.210023e+01
3.406169e+05	-1.281639e+01
3.425842e+05	-1.349110e+01
3.445630e+05	-1.412568e+01
3.465532e+05	-1.471926e+01
3.485549e+05	-1.527754e+01
3.505681e+05	-1.579772e+01
3.525930e+05	-1.628467e+01
3.546295e+05	-1.674099e+01
3.566778e+05	-1.716584e+01
3.587380e+05	-1.756205e+01
3.608101e+05	-1.793384e+01
3.628941e+05	-1.827874e+01
3.649901e+05	-1.860017e+01
3.670983e+05	-1.889823e+01
3.692187e+05	-1.917498e+01
3.713513e+05	-1.942960e+01
3.734962e+05	-1.966223e+01
3.756535e+05	-1.987613e+01
3.778232e+05	-2.006923e+01
3.800055e+05	-2.024513e+01
3.822004e+05	-2.039839e+01
3.844080e+05	-2.053669e+01
3.866283e+05	-2.065484e+01
3.888615e+05	-2.075412e+01
3.911075e+05	-2.083436e+01
3.933665e+05	-2.089785e+01
3.956386e+05	-2.094160e+01
3.979238e+05	-2.096459e+01
4.002222e+05	-2.097069e+01
4.025338e+05	-2.095387e+01
4.048589e+05	-2.091815e+01
4.071973e+05	-2.086157e+01
4.095493e+05	-2.078541e+01
4.119148e+05	-2.068238e+01
4.142940e+05	-2.055980e+01
4.166870e+05	-2.041087e+01
4.190937e+05	-2.023811e+01
4.215144e+05	-2.003479e+01
4.239490e+05	-1.980505e+01
4.263978e+05	-1.954483e+01
4.288606e+05	-1.925124e+01
4.313377e+05	-1.892162e+01
4.338291e+05	-1.855581e+01
4.363349e+05	-1.814727e+01
4.388551e+05	-1.769628e+01
4.413899e+05	-1.719528e+01
4.439394e+05	-1.664291e+01
4.465035e+05	-1.603503e+01
4.490825e+05	-1.536562e+01
4.516764e+05	-1.463519e+01
4.542853e+05	-1.384520e+01
4.569092e+05	-1.300290e+01
4.595483e+05	-1.213089e+01
4.622026e+05	-1.127723e+01
4.648723e+05	-1.052568e+01
4.675574e+05	-9.996120e+00
4.702580e+05	-9.811559e+00
4.729742e+05	-1.003329e+01
4.757060e+05	-1.061434e+01
4.784537e+05	-1.143354e+01
4.812172e+05	-1.236643e+01
4.839967e+05	-1.332313e+01
4.867923e+05	-1.425364e+01
4.896040e+05	-1.513223e+01
4.924319e+05	-1.594547e+01
4.952762e+05	-1.669479e+01
4.981369e+05	-1.737647e+01
5.010141e+05	-1.799887e+01
5.039079e+05	-1.856263e+01
5.068185e+05	-1.906983e+01
5.097458e+05	-1.952670e+01
5.126901e+05	-1.993325e+01
5.156514e+05	-2.029381e+01
5.186298e+05	-2.060689e+01
5.216253e+05	-2.087848e+01
5.246382e+05	-2.111031e+01
5.276685e+05	-2.129441e+01
5.307163e+05	-2.144193e+01
5.337817e+05	-2.154496e+01
5.368648e+05	-2.160544e+01
5.399657e+05	-2.162631e+01
5.430845e+05	-2.160270e+01
5.462214e+05	-2.153768e+01
5.493763e+05	-2.142306e+01
5.525495e+05	-2.126242e+01
5.557410e+05	-2.105174e+01
5.589509e+05	-2.078378e+01
5.621794e+05	-2.046087e+01
5.654265e+05	-2.007475e+01
5.686924e+05	-1.962009e+01
5.719772e+05	-1.909554e+01
5.752809e+05	-1.849084e+01
5.786037e+05	-1.780259e+01
5.819457e+05	-1.702843e+01
5.853070e+05	-1.616993e+01
5.886877e+05	-1.524873e+01
5.920879e+05	-1.430475e+01
5.955078e+05	-1.343833e+01
5.989474e+05	-1.280414e+01
6.024069e+05	-1.258377e+01
6.058864e+05	-1.287103e+01
6.093860e+05	-1.358934e+01
6.129058e+05	-1.455861e+01
6.164459e+05	-1.561583e+01
6.200064e+05	-1.665641e+01
6.235876e+05	-1.762849e+01
6.271894e+05	-1.851105e+01
6.308120e+05	-1.929878e+01
6.344555e+05	-1.999193e+01
6.381201e+05	-2.059533e+01
6.418059e+05	-2.110997e+01
6.455129e+05	-2.154130e+01
6.492414e+05	-2.189029e+01
6.529914e+05	-2.216175e+01
6.567630e+05	-2.235779e+01
6.605565e+05	-2.247191e+01
6.643718e+05	-2.251078e+01
6.682092e+05	-2.246801e+01
6.720688e+05	-2.233967e+01
6.759506e+05	-2.212915e+01
6.798549e+05	-2.182221e+01
6.837817e+05	-2.141709e+01
6.877312e+05	-2.091033e+01
6.917035e+05	-2.028807e+01
6.956987e+05	-1.955123e+01
6.997171e+05	-1.870132e+01
7.037586e+05	-1.776985e+01
7.078235e+05	-1.681854e+01
7.119118e+05	-1.598934e+01
7.160238e+05	-1.550160e+01
7.201595e+05	-1.555927e+01
7.243191e+05	-1.617220e+01
7.285028e+05	-1.714684e+01
7.327106e+05	-1.825747e+01
7.369427e+05	-1.935076e+01
7.411992e+05	-2.034837e+01
7.454804e+05	-2.122169e+01
7.497862e+05	-2.196182e+01
7.541170e+05	-2.256368e+01
7.584727e+05	-2.303616e+01
7.628536e+05	-2.337644e+01
7.672598e+05	-2.358481e+01
7.716915e+05	-2.366116e+01
7.761488e+05	-2.360546e+01
7.806318e+05	-2.340668e+01
7.851407e+05	-2.306506e+01
7.896756e+05	-2.257078e+01
7.942367e+05	-2.192376e+01
7.988242e+05	-2.113099e+01
8.034382e+05	-2.024162e+01
8.080788e+05	-1.935391e+01
8.127463e+05	-1.868267e+01
8.174406e+05	-1.849746e+01
8.221621e+05	-1.893352e+01
8.269109e+05	-1.985156e+01
8.316871e+05	-2.097088e+01
8.364909e+05	-2.207539e+01
8.413225e+05	-2.305667e+01
8.461819e+05	-2.386325e+01
8.510694e+05	-2.448075e+01
8.559852e+05	-2.489955e+01
8.609293e+05	-2.511849e+01
8.659020e+05	-2.513485e+01
8.709034e+05	-2.494118e+01
8.759337e+05	-2.454368e+01
8.809931e+05	-2.394518e+01
8.860816e+05	-2.319741e+01
8.911996e+05	-2.241811e+01
8.963471e+05	-2.184534e+01
9.015244e+05	-2.177827e+01
9.067316e+05	-2.234021e+01
9.119688e+05	-2.333813e+01
9.172363e+05	-2.444858e+01
9.225342e+05	-2.545934e+01
9.278628e+05	-2.626004e+01
9.332221e+05	-2.679678e+01
9.386123e+05	-2.705981e+01
9.440337e+05	-2.705057e+01
9.494864e+05	-2.676792e+01
9.549706e+05	-2.626456e+01
9.604865e+05	-2.568111e+01
9.660342e+05	-2.528404e+01
9.716140e+05	-2.538777e+01
9.772260e+05	-2.608782e+01
9.828704e+05	-2.712597e+01
9.885474e+05	-2.816363e+01
9.942572e+05	-2.898653e+01
1.000000e+06	-2.949908e+01
