Frequency(Hz)	Magnitude(dB)
1.000000e+01	8.399406e-04
1.005776e+01	-5.193638e-03
1.011585e+01	1.703943e-02
1.017428e+01	-2.077429e-03
1.023305e+01	-2.073095e-02
1.029215e+01	-1.843912e-02
1.035160e+01	-2.826957e-03
1.041139e+01	-5.946965e-03
1.047153e+01	8.502812e-03
1.053201e+01	2.347862e-03
1.059284e+01	8.675938e-03
1.065403e+01	-1.269785e-02
1.071556e+01	-4.876924e-03
1.077746e+01	-1.977029e-02
1.083971e+01	-1.178947e-02
1.090232e+01	2.575212e-02
1.096529e+01	1.986853e-03
1.102862e+01	5.077405e-04
1.109232e+01	7.653650e-03
1.115639e+01	3.810788e-03
1.122083e+01	6.707447e-04
1.128564e+01	-9.958612e-03
1.135083e+01	-1.887974e-02
1.141639e+01	-8.810379e-03
1.148233e+01	1.526875e-02
1.154865e+01	-1.821639e-03
1.161536e+01	-3.645761e-03
1.168245e+01	4.721430e-03
1.174992e+01	1.661828e-02
1.181779e+01	2.074730e-03
1.188605e+01	1.348264e-02
1.195470e+01	-2.491115e-03
1.202375e+01	-4.812822e-03
1.209320e+01	-6.258071e-03
1.216305e+01	9.213628e-03
1.223330e+01	7.692567e-03
1.230396e+01	-1.394846e-03
1.237503e+01	5.283826e-04
1.244651e+01	-4.078024e-03
1.251840e+01	6.623836e-03
1.259070e+01	9.686200e-03
1.266343e+01	-1.989160e-03
1.273657e+01	-5.497842e-04
1.281014e+01	6.097054e-03
1.288413e+01	-3.541307e-03
1.295855e+01	1.902010e-02
1.303339e+01	-6.008671e-03
1.310867e+01	5.395805e-03
1.318439e+01	-6.014333e-03
1.326054e+01	9.722259e-04
1.333713e+01	7.667388e-03
1.341417e+01	4.421946e-04
1.349165e+01	-5.603047e-03
1.356958e+01	5.628675e-03
1.364795e+01	5.801170e-03
1.372678e+01	-1.206980e-02
1.380607e+01	3.559373e-03
1.388581e+01	1.831754e-02
1.396602e+01	-7.369300e-03
1.404668e+01	4.876446e-03
1.412782e+01	2.696399e-03
1.420942e+01	-2.610695e-03
1.429149e+01	1.174980e-03
1.437404e+01	-5.348138e-03
1.445706e+01	-1.495573e-02
1.454057e+01	-1.306638e-02
1.462455e+01	6.451357e-03
1.470902e+01	2.925081e-03
1.479398e+01	6.031077e-03
1.487943e+01	2.372909e-02
1.496537e+01	5.501680e-03
1.505181e+01	1.713094e-04
1.513875e+01	1.858407e-03
1.522619e+01	1.264074e-02
1.531414e+01	-5.677148e-03
1.540259e+01	-4.209354e-04
1.549156e+01	-8.172560e-03
1.558103e+01	-2.773115e-03
1.567103e+01	6.549086e-03
1.576155e+01	8.576290e-04
1.585258e+01	-1.399582e-03
1.594415e+01	1.808566e-03
1.603624e+01	-1.009873e-02
1.612886e+01	-7.520371e-04
1.622202e+01	-7.729018e-03
1.631572e+01	8.561118e-03
1.640996e+01	-9.615636e-03
1.650474e+01	4.805321e-03
1.660008e+01	-4.656884e-03
1.669596e+01	-1.245514e-02
1.679239e+01	-2.481941e-03
1.688938e+01	-1.225277e-03
1.698694e+01	-6.752677e-03
1.708505e+01	-2.352270e-02
1.718373e+01	-1.079083e-02
1.728299e+01	-1.413104e-02
1.738281e+01	5.473277e-03
1.748322e+01	-1.688176e-02
1.758420e+01	-6.258110e-03
1.768576e+01	1.252856e-03
1.778792e+01	4.584760e-03
1.789066e+01	-9.664359e-03
1.799399e+01	1.304242e-02
1.809793e+01	-1.113926e-02
1.820246e+01	-9.728509e-03
1.830760e+01	-1.551261e-02
1.841334e+01	1.503610e-02
1.851969e+01	-7.066332e-03
1.862666e+01	1.243183e-02
1.873425e+01	-5.401767e-03
1.884246e+01	-7.174028e-03
1.895129e+01	-1.710346e-03
1.906075e+01	9.718834e-03
1.917085e+01	-2.093168e-03
1.928158e+01	-1.754104e-03
1.939295e+01	5.568198e-04
1.950496e+01	-5.168479e-03
1.961762e+01	-8.819868e-04
1.973093e+01	4.736263e-03
1.984490e+01	5.124595e-03
1.995952e+01	2.220520e-02
2.007480e+01	-4.661322e-03
2.019076e+01	8.002164e-03
2.030738e+01	7.172427e-03
2.042467e+01	-9.175645e-03
2.054264e+01	3.133474e-03
2.066130e+01	-7.148706e-03
2.078064e+01	3.753220e-03
2.090066e+01	2.531752e-02
2.102139e+01	-1.403869e-02
2.114280e+01	5.994726e-03
2.126492e+01	-5.878859e-03
2.138775e+01	6.553372e-03
2.151128e+01	5.196066e-03
2.163553e+01	1.306397e-02
2.176050e+01	2.277182e-03
2.188619e+01	1.266523e-02
2.201260e+01	6.551408e-03
2.213974e+01	-6.427867e-03
2.226762e+01	1.015757e-05
2.239624e+01	-1.158148e-02
2.252560e+01	1.826764e-02
2.265571e+01	-6.190999e-03
2.278656e+01	-8.637891e-03
2.291818e+01	2.500319e-02
2.305055e+01	-4.888433e-03
2.318369e+01	1.129324e-02
2.331760e+01	-2.134970e-03
2.345228e+01	-1.583682e-02
2.358774e+01	1.268290e-02
2.372398e+01	-9.270861e-03
2.386101e+01	1.092446e-02
2.399883e+01	-1.128722e-02
2.413745e+01	-7.551566e-03
2.427686e+01	1.060620e-02
2.441709e+01	-5.972356e-03
2.455812e+01	1.891777e-02
2.469997e+01	1.115523e-02
2.484263e+01	1.606546e-02
2.498612e+01	-1.776429e-02
2.513044e+01	1.099271e-02
2.527559e+01	1.516175e-02
2.542158e+01	-1.326317e-03
2.556842e+01	-1.663721e-02
2.571610e+01	1.156838e-03
2.586463e+01	-2.541442e-03
2.601403e+01	1.165936e-03
2.616428e+01	3.268694e-03
2.631541e+01	-3.013038e-03
2.646740e+01	9.522893e-03
2.662028e+01	-1.963355e-02
2.677404e+01	-2.058999e-02
2.692868e+01	1.067438e-02
2.708422e+01	-6.860076e-03
2.724066e+01	7.397220e-03
2.739800e+01	-9.161761e-03
2.755625e+01	-1.228700e-03
2.771541e+01	1.140227e-02
2.787550e+01	-8.019668e-03
2.803650e+01	-2.103117e-03
2.819844e+01	-2.740214e-03
2.836131e+01	2.958888e-04
2.852513e+01	-1.182075e-03
2.868989e+01	1.425100e-02
2.885560e+01	-1.477390e-02
2.902227e+01	-6.488638e-04
2.918990e+01	8.430045e-04
2.935850e+01	-4.352533e-03
2.952807e+01	2.754010e-03
2.969863e+01	-9.349840e-03
2.987016e+01	6.127602e-03
3.004269e+01	-1.289017e-02
3.021622e+01	1.928114e-02
3.039075e+01	-4.844963e-03
3.056628e+01	-4.362753e-03
3.074283e+01	1.437885e-02
3.092040e+01	1.035039e-02
3.109900e+01	1.546261e-02
3.127862e+01	-2.972125e-02
3.145929e+01	4.163406e-03
3.164099e+01	-1.058428e-02
3.182375e+01	-1.547601e-02
3.200756e+01	-7.963398e-03
3.219244e+01	3.826408e-04
3.237838e+01	-1.462378e-02
3.256540e+01	1.488536e-02
3.275349e+01	-4.134614e-04
3.294268e+01	1.393594e-02
3.313295e+01	6.408978e-03
3.332433e+01	-6.102420e-03
3.351681e+01	-1.271000e-02
3.371040e+01	-6.870484e-03
3.390511e+01	-1.007734e-03
3.410094e+01	-7.605293e-03
3.429791e+01	-1.002429e-02
3.449601e+01	-2.176630e-02
3.469526e+01	-1.163521e-02
3.489566e+01	2.674591e-03
3.509721e+01	1.037907e-03
3.529993e+01	-6.901634e-03
3.550382e+01	-7.475162e-03
3.570889e+01	-1.596572e-02
3.591515e+01	1.344347e-02
3.612259e+01	7.174533e-03
3.633123e+01	1.704590e-03
3.654108e+01	-2.801354e-02
3.675214e+01	1.796026e-02
3.696442e+01	7.839308e-03
3.717792e+01	2.221877e-03
3.739266e+01	7.912487e-03
3.760864e+01	-5.523987e-03
3.782587e+01	5.253139e-03
3.804435e+01	-5.643964e-03
3.826409e+01	-1.086813e-02
3.848510e+01	9.923625e-03
3.870739e+01	6.908239e-03
3.893096e+01	5.975556e-03
3.915583e+01	-1.669742e-02
3.938199e+01	-1.850354e-03
3.960946e+01	1.156162e-02
3.983824e+01	-1.187289e-02
4.006834e+01	2.586612e-02
4.029978e+01	2.069080e-04
4.053255e+01	2.725080e-02
4.076666e+01	-1.103805e-02
4.100213e+01	-3.412584e-03
4.123896e+01	6.211450e-04
4.147715e+01	-4.606996e-03
4.171672e+01	1.792878e-02
4.195767e+01	8.609504e-03
4.220002e+01	6.901105e-03
4.244377e+01	-1.317515e-02
4.268892e+01	-1.220274e-03
4.293549e+01	-4.422534e-03
4.318348e+01	1.355347e-02
4.343291e+01	-7.637254e-03
4.368377e+01	2.220719e-03
4.393609e+01	-6.337332e-03
4.418986e+01	9.579625e-03
4.444510e+01	-9.730075e-04
4.470182e+01	-1.565412e-04
4.496001e+01	-4.080864e-03
4.521970e+01	1.220154e-02
4.548089e+01	-1.097994e-03
4.574358e+01	-1.441640e-03
4.600779e+01	8.847657e-03
4.627353e+01	-1.188581e-02
4.654081e+01	-6.705068e-03
4.680963e+01	5.867427e-03
4.708000e+01	1.039293e-02
4.735193e+01	-9.796431e-05
4.762543e+01	-1.991229e-02
4.790051e+01	-1.484756e-02
4.817719e+01	-2.549103e-02
4.845545e+01	-9.589382e-03
4.873533e+01	-1.654765e-02
4.901682e+01	9.642801e-03
4.929994e+01	-4.488658e-03
4.958470e+01	1.115477e-03
4.987110e+01	-2.870052e-02
5.015915e+01	-8.012495e-03
5.044887e+01	3.346064e-03
5.074026e+01	7.036046e-03
5.103333e+01	-4.502821e-03
5.132810e+01	-8.085587e-04
5.162457e+01	-1.123700e-02
5.192275e+01	-6.364939e-03
5.222265e+01	-2.428352e-03
5.252429e+01	-6.959352e-03
5.282767e+01	1.223775e-02
5.313280e+01	3.241370e-02
5.343969e+01	-3.237023e-03
5.374836e+01	5.089627e-03
5.405880e+01	-6.443254e-04
5.437105e+01	-4.452365e-03
5.468509e+01	-1.924049e-02
5.500095e+01	-1.114011e-02
5.531863e+01	-3.212046e-03
5.563815e+01	-7.988725e-04
5.595951e+01	-9.090708e-03
5.628273e+01	-1.693961e-03
5.660782e+01	3.901980e-04
5.693479e+01	1.496279e-02
5.726364e+01	-7.450478e-03
5.759439e+01	3.634682e-03
5.792705e+01	1.053243e-02
5.826164e+01	8.411956e-03
5.859815e+01	1.766082e-03
5.893662e+01	2.770442e-03
5.927703e+01	-2.135504e-02
5.961941e+01	-1.751676e-02
5.996377e+01	-4.097231e-03
6.031012e+01	8.044790e-03
6.065847e+01	-1.240785e-02
6.100883e+01	-6.542075e-03
6.136121e+01	-1.233865e-02
6.171563e+01	-9.751587e-03
6.207210e+01	8.496989e-03
6.243063e+01	-2.841422e-03
6.279122e+01	-1.455010e-02
6.315390e+01	-9.154844e-03
6.351868e+01	8.012337e-03
6.388556e+01	-1.078937e-02
6.425456e+01	-1.124372e-02
6.462569e+01	1.033937e-02
6.499897e+01	-2.218459e-03
6.537440e+01	-3.630528e-04
6.575200e+01	1.165752e-02
6.613178e+01	-3.300370e-03
6.651375e+01	1.365144e-02
6.689793e+01	-1.093843e-02
6.728433e+01	-1.422438e-02
6.767297e+01	-8.270033e-04
6.806384e+01	-8.988168e-03
6.845698e+01	9.420249e-03
6.885238e+01	2.769892e-02
6.925007e+01	9.117926e-03
6.965005e+01	-1.434383e-02
7.005235e+01	1.334060e-04
7.045697e+01	8.800743e-03
7.086393e+01	1.075975e-02
7.127323e+01	-6.755001e-04
7.168490e+01	-9.559273e-03
7.209895e+01	3.325384e-03
7.251539e+01	8.675330e-03
7.293424e+01	-2.078102e-02
7.335551e+01	-3.939410e-03
7.377920e+01	-4.493816e-03
7.420535e+01	-1.760737e-02
7.463396e+01	-1.786915e-02
7.506504e+01	-5.160374e-03
7.549861e+01	5.689465e-03
7.593469e+01	5.645843e-03
7.637328e+01	-1.413638e-03
7.681441e+01	-4.797088e-03
7.725809e+01	6.200022e-03
7.770433e+01	2.656473e-03
7.815315e+01	8.081467e-03
7.860456e+01	3.081651e-03
7.905857e+01	-1.857617e-02
7.951521e+01	6.132616e-03
7.997449e+01	-8.171166e-04
8.043642e+01	4.928514e-03
8.090102e+01	5.589281e-03
8.136830e+01	6.740759e-03
8.183828e+01	-1.293633e-02
8.231097e+01	-6.518456e-03
8.278640e+01	-1.616033e-03
8.326457e+01	-1.282150e-02
8.374550e+01	1.687718e-02
8.422921e+01	8.760882e-03
8.471572e+01	-6.994665e-03
8.520503e+01	-1.049120e-03
8.569717e+01	-1.296982e-02
8.619215e+01	-1.120705e-02
8.669000e+01	1.919809e-04
8.719071e+01	-2.956073e-04
8.769432e+01	1.228681e-02
8.820084e+01	-6.955324e-03
8.871029e+01	-1.679253e-02
8.922267e+01	-1.032965e-03
8.973802e+01	1.089055e-02
9.025634e+01	-7.259576e-03
9.077766e+01	-1.241536e-02
9.130199e+01	-1.921502e-02
9.182935e+01	6.487462e-03
9.235975e+01	1.388726e-02
9.289321e+01	9.472393e-03
9.342976e+01	7.209460e-03
9.396941e+01	-6.517795e-03
9.451217e+01	2.640110e-02
9.505807e+01	-2.048749e-02
9.560712e+01	4.090429e-03
9.615934e+01	6.856773e-03
9.671476e+01	-1.995585e-03
9.727338e+01	-4.156596e-03
9.783522e+01	-1.455777e-02
9.840032e+01	5.182253e-03
9.896867e+01	-8.552486e-03
9.954031e+01	-1.520204e-02
1.001153e+02	-2.831079e-04
1.006935e+02	9.702651e-03
1.012751e+02	2.465772e-02
1.018601e+02	9.082116e-04
1.024484e+02	4.364065e-03
1.030402e+02	1.141716e-02
1.036353e+02	9.098303e-03
1.042339e+02	1.158649e-02
1.048360e+02	-4.924816e-03
1.054415e+02	-5.640678e-04
1.060505e+02	6.071790e-03
1.066631e+02	-1.417823e-02
1.072791e+02	6.042355e-03
1.078988e+02	2.115284e-02
1.085220e+02	7.355904e-03
1.091488e+02	-1.895688e-03
1.097793e+02	8.468482e-03
1.104133e+02	-5.044514e-03
1.110511e+02	4.582820e-05
1.116925e+02	-7.205976e-03
1.123376e+02	-1.554901e-02
1.129865e+02	-1.587388e-02
1.136391e+02	1.797198e-03
1.142955e+02	-4.989142e-03
1.149556e+02	8.920287e-03
1.156196e+02	-1.127260e-02
1.162874e+02	-4.186812e-04
1.169591e+02	1.545077e-02
1.176347e+02	1.555992e-03
1.183141e+02	5.415426e-04
1.189975e+02	-3.398165e-05
1.196848e+02	-1.515778e-02
1.203761e+02	5.864874e-03
1.210714e+02	-5.044795e-03
1.217707e+02	4.968268e-03
1.224740e+02	7.659736e-03
1.231814e+02	-5.007111e-03
1.238929e+02	1.015500e-03
1.246085e+02	-6.853236e-03
1.253283e+02	-1.093365e-02
1.260522e+02	1.407504e-02
1.267802e+02	1.048745e-03
1.275125e+02	-5.392033e-03
1.282490e+02	2.608658e-03
1.289898e+02	3.720106e-04
1.297348e+02	-5.624007e-03
1.304842e+02	-6.946219e-03
1.312378e+02	4.410921e-03
1.319959e+02	1.198536e-02
1.327583e+02	-5.225510e-03
1.335251e+02	-8.114675e-03
1.342963e+02	-6.655350e-03
1.350720e+02	-1.346742e-02
1.358522e+02	5.841155e-03
1.366368e+02	2.109857e-03
1.374260e+02	-1.606079e-02
1.382198e+02	-8.240322e-03
1.390182e+02	-2.583706e-03
1.398211e+02	8.871566e-03
1.406287e+02	1.091833e-02
1.414410e+02	-1.149563e-02
1.422579e+02	-5.267729e-03
1.430796e+02	2.812228e-03
1.439060e+02	-8.514210e-03
1.447372e+02	-1.356707e-02
1.455732e+02	9.704241e-03
1.464141e+02	-1.312988e-02
1.472597e+02	-1.899285e-03
1.481103e+02	-2.178466e-03
1.489658e+02	-1.072019e-02
1.498262e+02	1.316676e-02
1.506916e+02	-1.694799e-02
1.515620e+02	-1.434915e-02
1.524374e+02	-1.062507e-02
1.533179e+02	8.265322e-03
1.542034e+02	-1.668791e-02
1.550941e+02	1.598437e-02
1.559899e+02	4.365727e-03
1.568909e+02	2.133139e-03
1.577971e+02	-1.848521e-02
1.587085e+02	6.874896e-04
1.596252e+02	-7.355670e-03
1.605472e+02	-9.658297e-04
1.614745e+02	1.787833e-02
1.624072e+02	-3.614163e-03
1.633453e+02	-2.106085e-02
1.642887e+02	-8.144067e-03
1.652377e+02	-1.223136e-02
1.661921e+02	-7.375648e-04
1.671520e+02	-5.538139e-03
1.681175e+02	1.218033e-02
1.690885e+02	3.550980e-03
1.700651e+02	-8.108832e-03
1.710474e+02	-3.094693e-03
1.720354e+02	1.008329e-02
1.730291e+02	6.187518e-03
1.740285e+02	-1.251401e-03
1.750337e+02	9.336297e-03
1.760446e+02	3.314086e-04
1.770615e+02	9.114133e-04
1.780842e+02	2.285069e-03
1.791128e+02	-2.115662e-02
1.801473e+02	9.274243e-03
1.811878e+02	-2.872356e-02
1.822344e+02	4.840728e-03
1.832870e+02	-3.039925e-03
1.843456e+02	3.722063e-03
1.854104e+02	-2.722384e-03
1.864813e+02	-1.508181e-02
1.875584e+02	-6.798906e-03
1.886418e+02	8.716487e-03
1.897313e+02	8.944331e-03
1.908272e+02	-8.758390e-03
1.919294e+02	1.310589e-03
1.930380e+02	-8.148900e-03
1.941530e+02	-6.885225e-04
1.952744e+02	-1.032362e-02
1.964023e+02	-1.671557e-02
1.975367e+02	-3.882956e-03
1.986777e+02	-1.214601e-02
1.998252e+02	-3.791280e-02
2.009794e+02	1.406485e-02
2.021403e+02	-5.046079e-03
2.033078e+02	-7.263494e-03
2.044821e+02	-6.371614e-03
2.056632e+02	-9.916742e-04
2.068511e+02	3.552984e-03
2.080459e+02	-5.458515e-03
2.092475e+02	-3.043367e-03
2.104561e+02	-1.144766e-02
2.116717e+02	1.072787e-02
2.128943e+02	-1.185241e-02
2.141240e+02	-2.871910e-02
2.153608e+02	-5.370677e-04
2.166047e+02	-2.113291e-02
2.178558e+02	-3.212132e-05
2.191141e+02	-2.283165e-02
2.203797e+02	-1.717117e-02
2.216526e+02	-1.217705e-03
2.229329e+02	2.798687e-03
2.242205e+02	-1.433846e-02
2.255156e+02	-1.060058e-02
2.268182e+02	-1.377938e-02
2.281283e+02	-1.714945e-02
2.294459e+02	-5.706795e-03
2.307712e+02	-7.013393e-03
2.321041e+02	4.897282e-03
2.334447e+02	-1.325852e-02
2.347931e+02	-1.051919e-02
2.361493e+02	-5.046516e-03
2.375133e+02	4.883995e-03
2.388851e+02	3.074447e-03
2.402649e+02	-2.754967e-02
2.416527e+02	-1.512715e-02
2.430484e+02	-4.221493e-03
2.444523e+02	-2.288096e-02
2.458642e+02	-6.652013e-03
2.472843e+02	-1.552266e-02
2.487126e+02	-2.120932e-02
2.501492e+02	-6.202803e-03
2.515940e+02	-2.024658e-02
2.530472e+02	-6.864102e-03
2.545088e+02	-2.010997e-02
2.559789e+02	-2.030035e-02
2.574574e+02	-4.498469e-03
2.589444e+02	-2.113635e-02
2.604401e+02	-2.582073e-02
2.619444e+02	-2.109044e-02
2.634574e+02	-6.765284e-03
2.649791e+02	-4.218946e-03
2.665096e+02	-1.710538e-02
2.680489e+02	-1.907289e-02
2.695972e+02	-1.139373e-02
2.711544e+02	-1.628044e-02
2.727205e+02	-3.252126e-02
2.742958e+02	-1.847767e-02
2.758801e+02	-2.374962e-02
2.774736e+02	-1.968578e-02
2.790762e+02	-2.250589e-02
2.806882e+02	-5.772206e-04
2.823094e+02	-8.048810e-03
2.839400e+02	-2.595175e-02
2.855800e+02	9.337977e-03
2.872295e+02	-6.511121e-03
2.888886e+02	-1.737111e-02
2.905572e+02	-1.841067e-02
2.922354e+02	-2.709551e-02
2.939234e+02	-1.658959e-02
2.956211e+02	-1.903276e-02
2.973286e+02	-3.867601e-03
2.990459e+02	-1.552469e-02
3.007732e+02	-1.281655e-02
3.025104e+02	-1.807751e-03
3.042577e+02	-2.143101e-02
3.060151e+02	8.690350e-03
3.077826e+02	-1.385031e-03
3.095604e+02	-2.796969e-02
3.113484e+02	-2.556992e-02
3.131467e+02	-1.916424e-02
3.149554e+02	9.002602e-04
3.167746e+02	-1.803386e-02
3.186043e+02	-2.416812e-02
3.204445e+02	-2.555485e-02
3.222954e+02	-3.579626e-03
3.241570e+02	-2.305169e-02
3.260293e+02	-1.273059e-02
3.279124e+02	-3.139646e-02
3.298064e+02	-2.773871e-02
3.317114e+02	-4.921135e-03
3.336273e+02	-1.302834e-02
3.355544e+02	-2.804248e-02
3.374925e+02	-4.512835e-03
3.394418e+02	-3.715898e-02
3.414024e+02	-2.492558e-02
3.433744e+02	-2.670939e-02
3.453577e+02	-3.103595e-02
3.473525e+02	-2.291122e-02
3.493588e+02	-1.868536e-02
3.513766e+02	-1.596321e-02
3.534062e+02	-3.337807e-02
3.554474e+02	-2.124803e-02
3.575005e+02	-2.301275e-02
3.595654e+02	-3.001534e-02
3.616422e+02	6.465425e-03
3.637311e+02	-3.717009e-03
3.658320e+02	-2.949737e-02
3.679450e+02	-1.630073e-02
3.700702e+02	-2.518388e-02
3.722077e+02	-1.992581e-02
3.743576e+02	-1.993663e-02
3.765199e+02	-3.340547e-02
3.786946e+02	-1.510577e-02
3.808820e+02	-4.875751e-02
3.830819e+02	-2.798130e-02
3.852946e+02	-2.512137e-02
3.875200e+02	-2.184984e-02
3.897583e+02	-2.570698e-02
3.920096e+02	-1.775836e-02
3.942738e+02	-2.972762e-02
3.965511e+02	-3.568632e-02
3.988416e+02	-1.759690e-02
4.011452e+02	-2.961486e-02
4.034622e+02	-2.718522e-02
4.057926e+02	-7.871658e-03
4.081365e+02	-2.948678e-02
4.104938e+02	-3.706582e-02
4.128648e+02	-3.434601e-02
4.152495e+02	-2.300264e-02
4.176480e+02	-3.041614e-02
4.200603e+02	-2.429713e-02
4.224866e+02	-3.185375e-02
4.249268e+02	-2.607368e-02
4.273812e+02	-3.585644e-02
4.298497e+02	-3.115613e-02
4.323325e+02	-3.925916e-02
4.348297e+02	-2.828901e-02
4.373412e+02	-2.549928e-02
4.398673e+02	-3.091001e-02
4.424079e+02	-2.613819e-02
4.449633e+02	-2.962475e-02
4.475334e+02	-6.838977e-03
4.501183e+02	-3.069152e-02
4.527182e+02	-3.499578e-02
4.553330e+02	-3.005914e-02
4.579630e+02	-4.057045e-02
4.606082e+02	-4.970150e-02
4.632687e+02	-5.259517e-02
4.659445e+02	-1.450961e-02
4.686358e+02	-4.320276e-02
4.713426e+02	-4.012084e-02
4.740650e+02	-1.677017e-02
4.768032e+02	-4.162217e-02
4.795572e+02	-2.991514e-02
4.823271e+02	-4.151571e-02
4.851130e+02	-3.735852e-02
4.879150e+02	-3.813106e-02
4.907332e+02	-4.663788e-02
4.935676e+02	-3.777407e-02
4.964185e+02	-5.354135e-02
4.992858e+02	-3.435924e-02
5.021696e+02	-3.255664e-02
5.050701e+02	-3.527207e-02
5.079874e+02	-5.424990e-02
5.109215e+02	-4.666003e-02
5.138726e+02	-4.017327e-02
5.168407e+02	-5.243015e-02
5.198259e+02	-4.137509e-02
5.228284e+02	-4.898132e-02
5.258482e+02	-2.482312e-02
5.288855e+02	-3.806729e-02
5.319403e+02	-4.751261e-02
5.350128e+02	-4.384269e-02
5.381030e+02	-5.621980e-02
5.412111e+02	-3.169229e-02
5.443371e+02	-6.849776e-02
5.474812e+02	-6.817094e-02
5.506434e+02	-5.420315e-02
5.538239e+02	-4.275634e-02
5.570228e+02	-4.562053e-02
5.602401e+02	-5.449229e-02
5.634760e+02	-5.787843e-02
5.667306e+02	-4.464024e-02
5.700040e+02	-5.700145e-02
5.732964e+02	-6.344540e-02
5.766077e+02	-4.055924e-02
5.799382e+02	-6.622081e-02
5.832879e+02	-5.775471e-02
5.866569e+02	-5.940546e-02
5.900454e+02	-7.776345e-02
5.934535e+02	-4.047803e-02
5.968813e+02	-7.040731e-02
6.003288e+02	-6.965849e-02
6.037963e+02	-7.078027e-02
6.072838e+02	-6.055037e-02
6.107914e+02	-5.481455e-02
6.143194e+02	-7.728625e-02
6.178676e+02	-6.310560e-02
6.214364e+02	-6.308703e-02
6.250258e+02	-6.892521e-02
6.286359e+02	-5.932662e-02
6.322669e+02	-6.757942e-02
6.359189e+02	-6.165370e-02
6.395919e+02	-7.741424e-02
6.432862e+02	-8.601853e-02
6.470017e+02	-6.536432e-02
6.507388e+02	-7.247850e-02
6.544974e+02	-5.142827e-02
6.582778e+02	-7.071898e-02
6.620800e+02	-6.695155e-02
6.659041e+02	-5.919835e-02
6.697504e+02	-8.758208e-02
6.736188e+02	-6.123305e-02
6.775096e+02	-6.488718e-02
6.814229e+02	-7.536842e-02
6.853587e+02	-7.337750e-02
6.893173e+02	-7.193082e-02
6.932988e+02	-6.761341e-02
6.973033e+02	-9.117123e-02
7.013309e+02	-5.770474e-02
7.053817e+02	-8.371410e-02
7.094560e+02	-7.465095e-02
7.135538e+02	-8.510201e-02
7.176752e+02	-7.338718e-02
7.218205e+02	-8.690992e-02
7.259897e+02	-7.480166e-02
7.301830e+02	-6.927677e-02
7.344005e+02	-8.591933e-02
7.386424e+02	-8.976770e-02
7.429087e+02	-8.420276e-02
7.471998e+02	-8.039542e-02
7.515155e+02	-1.043935e-01
7.558563e+02	-1.019347e-01
7.602221e+02	-9.449051e-02
7.646131e+02	-8.664613e-02
7.690295e+02	-8.805249e-02
7.734713e+02	-1.055817e-01
7.779389e+02	-9.962377e-02
7.824322e+02	-9.964975e-02
7.869515e+02	-9.951209e-02
7.914969e+02	-8.629916e-02
7.960686e+02	-1.035470e-01
8.006666e+02	-1.054461e-01
8.052912e+02	-1.005291e-01
8.099426e+02	-1.227677e-01
8.146208e+02	-9.143083e-02
8.193260e+02	-1.049354e-01
8.240584e+02	-1.112373e-01
8.288181e+02	-1.217827e-01
8.336053e+02	-1.107445e-01
8.384202e+02	-9.941984e-02
8.432629e+02	-1.144439e-01
8.481335e+02	-1.165124e-01
8.530323e+02	-1.048305e-01
8.579594e+02	-1.099248e-01
8.629149e+02	-1.137241e-01
8.678991e+02	-1.082376e-01
8.729120e+02	-1.342570e-01
8.779539e+02	-1.329097e-01
8.830250e+02	-1.223097e-01
8.881253e+02	-1.377070e-01
8.932551e+02	-1.244780e-01
8.984145e+02	-1.349663e-01
9.036037e+02	-1.301761e-01
9.088229e+02	-1.374608e-01
9.140722e+02	-1.481694e-01
9.193518e+02	-1.285073e-01
9.246620e+02	-1.388687e-01
9.300028e+02	-1.421511e-01
9.353744e+02	-1.377465e-01
9.407771e+02	-1.408554e-01
9.462110e+02	-1.508980e-01
9.516763e+02	-1.411838e-01
9.571731e+02	-1.304116e-01
9.627017e+02	-1.203928e-01
9.682622e+02	-1.417030e-01
9.738549e+02	-1.433924e-01
9.794798e+02	-1.636706e-01
9.851373e+02	-1.731771e-01
9.908274e+02	-1.584479e-01
9.965504e+02	-1.575080e-01
1.002306e+03	-1.564413e-01
1.008096e+03	-1.616195e-01
1.013918e+03	-1.648314e-01
1.019775e+03	-1.659581e-01
1.025665e+03	-1.929133e-01
1.031589e+03	-1.747029e-01
1.037548e+03	-1.797381e-01
1.043540e+03	-1.673986e-01
1.049568e+03	-1.822095e-01
1.055630e+03	-1.869006e-01
1.061727e+03	-1.885639e-01
1.067860e+03	-1.756995e-01
1.074028e+03	-1.767284e-01
1.080231e+03	-1.809104e-01
1.086471e+03	-1.835658e-01
1.092746e+03	-1.929130e-01
1.099058e+03	-1.827548e-01
1.105406e+03	-1.932621e-01
1.111791e+03	-1.969505e-01
1.118212e+03	-2.033004e-01
1.124671e+03	-1.989567e-01
1.131167e+03	-2.068129e-01
1.137701e+03	-2.215755e-01
1.144272e+03	-1.999429e-01
1.150881e+03	-2.081768e-01
1.157529e+03	-2.163314e-01
1.164215e+03	-2.115052e-01
1.170939e+03	-2.196749e-01
1.177702e+03	-2.106360e-01
1.184505e+03	-2.198194e-01
1.191346e+03	-2.022257e-01
1.198227e+03	-2.284583e-01
1.205148e+03	-2.344604e-01
1.212109e+03	-2.224629e-01
1.219110e+03	-2.651191e-01
1.226152e+03	-2.346488e-01
1.233234e+03	-2.382242e-01
1.240357e+03	-2.406273e-01
1.247521e+03	-2.520082e-01
1.254727e+03	-2.564933e-01
1.261974e+03	-2.322812e-01
1.269263e+03	-2.550198e-01
1.276595e+03	-2.708147e-01
1.283968e+03	-2.597653e-01
1.291384e+03	-2.848424e-01
1.298843e+03	-2.709517e-01
1.306345e+03	-2.685653e-01
1.313891e+03	-2.748592e-01
1.321480e+03	-2.902031e-01
1.329113e+03	-2.773403e-01
1.336790e+03	-2.932568e-01
1.344511e+03	-2.776602e-01
1.352277e+03	-3.122916e-01
1.360087e+03	-2.687427e-01
1.367943e+03	-3.087971e-01
1.375844e+03	-2.850955e-01
1.383791e+03	-3.158885e-01
1.391784e+03	-3.331033e-01
1.399823e+03	-3.009737e-01
1.407908e+03	-3.180163e-01
1.416040e+03	-3.091504e-01
1.424219e+03	-3.281767e-01
1.432445e+03	-3.191177e-01
1.440719e+03	-3.261945e-01
1.449041e+03	-3.449268e-01
1.457410e+03	-3.410422e-01
1.465828e+03	-3.223124e-01
1.474295e+03	-3.351155e-01
1.482810e+03	-3.531215e-01
1.491375e+03	-3.521782e-01
1.499989e+03	-3.668396e-01
1.508653e+03	-3.421412e-01
1.517367e+03	-3.769923e-01
1.526131e+03	-3.693682e-01
1.534946e+03	-3.769138e-01
1.543812e+03	-3.686205e-01
1.552729e+03	-3.762916e-01
1.561697e+03	-3.863027e-01
1.570717e+03	-3.956627e-01
1.579790e+03	-3.979982e-01
1.588915e+03	-3.743959e-01
1.598092e+03	-3.982145e-01
1.607323e+03	-4.129092e-01
1.616606e+03	-4.090152e-01
1.625944e+03	-4.144717e-01
1.635335e+03	-4.133779e-01
1.644781e+03	-4.037091e-01
1.654281e+03	-4.198698e-01
1.663836e+03	-4.503712e-01
1.673446e+03	-4.413531e-01
1.683112e+03	-4.201439e-01
1.692834e+03	-4.438037e-01
1.702611e+03	-4.510541e-01
1.712446e+03	-4.685622e-01
1.722337e+03	-4.724561e-01
1.732285e+03	-4.472696e-01
1.742290e+03	-4.734380e-01
1.752354e+03	-4.861786e-01
1.762475e+03	-4.725923e-01
1.772655e+03	-4.965129e-01
1.782894e+03	-4.948232e-01
1.793192e+03	-4.999975e-01
1.803549e+03	-4.979579e-01
1.813967e+03	-4.882998e-01
1.824444e+03	-5.335646e-01
1.834982e+03	-5.073298e-01
1.845581e+03	-5.120922e-01
1.856241e+03	-5.167723e-01
1.866962e+03	-5.300552e-01
1.877746e+03	-5.335016e-01
1.888592e+03	-5.581737e-01
1.899500e+03	-5.537865e-01
1.910472e+03	-5.496164e-01
1.921506e+03	-5.732067e-01
1.932605e+03	-5.834000e-01
1.943768e+03	-5.816219e-01
1.954995e+03	-5.908626e-01
1.966287e+03	-6.021610e-01
1.977644e+03	-6.137873e-01
1.989067e+03	-6.103176e-01
2.000555e+03	-6.099745e-01
2.012110e+03	-6.230173e-01
2.023732e+03	-6.306445e-01
2.035421e+03	-6.322481e-01
2.047178e+03	-6.380116e-01
2.059002e+03	-6.525312e-01
2.070895e+03	-6.443561e-01
2.082856e+03	-6.740318e-01
2.094887e+03	-6.626249e-01
2.106987e+03	-6.640127e-01
2.119157e+03	-6.679364e-01
2.131397e+03	-6.805650e-01
2.143708e+03	-7.086442e-01
2.156090e+03	-6.991585e-01
2.168543e+03	-6.975727e-01
2.181069e+03	-7.177824e-01
2.193666e+03	-7.226414e-01
2.206337e+03	-7.325275e-01
2.219081e+03	-7.401593e-01
2.231898e+03	-7.418245e-01
2.244789e+03	-7.611431e-01
2.257755e+03	-7.742195e-01
2.270796e+03	-7.708386e-01
2.283912e+03	-7.730496e-01
2.297104e+03	-7.821910e-01
2.310372e+03	-7.742552e-01
2.323716e+03	-8.010429e-01
2.337138e+03	-8.054057e-01
2.350637e+03	-8.219726e-01
2.364214e+03	-8.212724e-01
2.377870e+03	-8.383098e-01
2.391604e+03	-8.573011e-01
2.405418e+03	-8.522696e-01
2.419312e+03	-8.796964e-01
2.433286e+03	-8.817940e-01
2.447340e+03	-8.720839e-01
2.461476e+03	-9.019973e-01
2.475693e+03	-9.183106e-01
2.489993e+03	-9.290762e-01
2.504375e+03	-9.072846e-01
2.518840e+03	-9.312631e-01
2.533389e+03	-9.371648e-01
2.548022e+03	-9.471144e-01
2.562739e+03	-9.639057e-01
2.577541e+03	-9.561578e-01
2.592429e+03	-9.662164e-01
2.607403e+03	-9.864246e-01
2.622463e+03	-1.002995e+00
2.637610e+03	-1.003625e+00
2.652845e+03	-1.015262e+00
2.668168e+03	-1.035772e+00
2.683579e+03	-1.063583e+00
2.699079e+03	-1.049845e+00
2.714669e+03	-1.060691e+00
2.730349e+03	-1.097104e+00
2.746119e+03	-1.094001e+00
2.761981e+03	-1.095857e+00
2.777934e+03	-1.122139e+00
2.793979e+03	-1.107056e+00
2.810117e+03	-1.135911e+00
2.826348e+03	-1.130250e+00
2.842673e+03	-1.167298e+00
2.859092e+03	-1.181868e+00
2.875606e+03	-1.161959e+00
2.892215e+03	-1.184833e+00
2.908921e+03	-1.194848e+00
2.925722e+03	-1.221107e+00
2.942621e+03	-1.245661e+00
2.959618e+03	-1.224347e+00
2.976712e+03	-1.239665e+00
2.993906e+03	-1.268462e+00
3.011198e+03	-1.264839e+00
3.028591e+03	-1.286497e+00
3.046084e+03	-1.300917e+00
3.063678e+03	-1.313315e+00
3.081374e+03	-1.335435e+00
3.099172e+03	-1.335344e+00
3.117072e+03	-1.362395e+00
3.135076e+03	-1.387387e+00
3.153184e+03	-1.381511e+00
3.171397e+03	-1.388217e+00
3.189715e+03	-1.418456e+00
3.208139e+03	-1.420366e+00
3.226669e+03	-1.427154e+00
3.245306e+03	-1.454524e+00
3.264051e+03	-1.461817e+00
3.282904e+03	-1.469768e+00
3.301866e+03	-1.492754e+00
3.320937e+03	-1.519718e+00
3.340119e+03	-1.524286e+00
3.359411e+03	-1.544168e+00
3.378815e+03	-1.567296e+00
3.398331e+03	-1.560324e+00
3.417959e+03	-1.585679e+00
3.437701e+03	-1.598167e+00
3.457557e+03	-1.621692e+00
3.477528e+03	-1.628190e+00
3.497614e+03	-1.640453e+00
3.517816e+03	-1.642243e+00
3.538135e+03	-1.679945e+00
3.558571e+03	-1.701419e+00
3.579125e+03	-1.710858e+00
3.599798e+03	-1.732896e+00
3.620590e+03	-1.727307e+00
3.641503e+03	-1.751342e+00
3.662536e+03	-1.786220e+00
3.683691e+03	-1.790522e+00
3.704967e+03	-1.820619e+00
3.726367e+03	-1.844364e+00
3.747890e+03	-1.831787e+00
3.769538e+03	-1.879855e+00
3.791311e+03	-1.879441e+00
3.813209e+03	-1.915912e+00
3.835234e+03	-1.918430e+00
3.857386e+03	-1.946245e+00
3.879667e+03	-1.963078e+00
3.902075e+03	-1.974954e+00
3.924614e+03	-1.979300e+00
3.947282e+03	-1.991862e+00
3.970081e+03	-2.013786e+00
3.993012e+03	-2.045447e+00
4.016076e+03	-2.058357e+00
4.039272e+03	-2.076263e+00
4.062603e+03	-2.091284e+00
4.086069e+03	-2.129577e+00
4.109670e+03	-2.127112e+00
4.133407e+03	-2.154265e+00
4.157281e+03	-2.185019e+00
4.181294e+03	-2.190797e+00
4.205445e+03	-2.209726e+00
4.229735e+03	-2.235273e+00
4.254166e+03	-2.252025e+00
4.278738e+03	-2.284492e+00
4.303451e+03	-2.286377e+00
4.328308e+03	-2.318079e+00
4.353308e+03	-2.343594e+00
4.378453e+03	-2.356810e+00
4.403742e+03	-2.373455e+00
4.429178e+03	-2.406083e+00
4.454761e+03	-2.425838e+00
4.480492e+03	-2.434958e+00
4.506371e+03	-2.480772e+00
4.532399e+03	-2.494293e+00
4.558578e+03	-2.510036e+00
4.584908e+03	-2.543655e+00
4.611391e+03	-2.558256e+00
4.638026e+03	-2.579036e+00
4.664815e+03	-2.601329e+00
4.691759e+03	-2.640117e+00
4.718858e+03	-2.622888e+00
4.746114e+03	-2.644923e+00
4.773527e+03	-2.687381e+00
4.801099e+03	-2.737985e+00
4.828830e+03	-2.742698e+00
4.856721e+03	-2.759198e+00
4.884773e+03	-2.779294e+00
4.912988e+03	-2.812159e+00
4.941365e+03	-2.822087e+00
4.969906e+03	-2.846899e+00
4.998612e+03	-2.890068e+00
5.027484e+03	-2.907905e+00
5.056522e+03	-2.933835e+00
5.085729e+03	-2.956476e+00
5.115104e+03	-2.976386e+00
5.144648e+03	-3.001924e+00
5.174363e+03	-3.010720e+00
5.204250e+03	-3.047699e+00
5.234310e+03	-3.081833e+00
5.264543e+03	-3.093526e+00
5.294951e+03	-3.140584e+00
5.325534e+03	-3.154743e+00
5.356294e+03	-3.183175e+00
5.387232e+03	-3.212412e+00
5.418348e+03	-3.233503e+00
5.449645e+03	-3.252900e+00
5.481122e+03	-3.295694e+00
5.512780e+03	-3.318185e+00
5.544622e+03	-3.328517e+00
5.576647e+03	-3.366616e+00
5.608858e+03	-3.379549e+00
5.641254e+03	-3.417911e+00
5.673838e+03	-3.456341e+00
5.706610e+03	-3.499113e+00
5.739571e+03	-3.492725e+00
5.772723e+03	-3.512621e+00
5.806066e+03	-3.549013e+00
5.839601e+03	-3.590002e+00
5.873331e+03	-3.613303e+00
5.907255e+03	-3.627904e+00
5.941375e+03	-3.666540e+00
5.975692e+03	-3.688857e+00
6.010207e+03	-3.730354e+00
6.044922e+03	-3.740384e+00
6.079837e+03	-3.773103e+00
6.114954e+03	-3.814450e+00
6.150274e+03	-3.830411e+00
6.185797e+03	-3.855612e+00
6.221526e+03	-3.890135e+00
6.257462e+03	-3.921666e+00
6.293605e+03	-3.956530e+00
6.329956e+03	-3.989294e+00
6.366518e+03	-4.001894e+00
6.403290e+03	-4.032521e+00
6.440276e+03	-4.081042e+00
6.477474e+03	-4.111950e+00
6.514888e+03	-4.129369e+00
6.552518e+03	-4.171737e+00
6.590365e+03	-4.200067e+00
6.628430e+03	-4.237034e+00
6.666716e+03	-4.235560e+00
6.705223e+03	-4.296463e+00
6.743952e+03	-4.326795e+00
6.782905e+03	-4.363945e+00
6.822082e+03	-4.374742e+00
6.861486e+03	-4.423205e+00
6.901118e+03	-4.456808e+00
6.940979e+03	-4.486207e+00
6.981069e+03	-4.514677e+00
7.021392e+03	-4.539310e+00
7.061947e+03	-4.557487e+00
7.102737e+03	-4.623893e+00
7.143762e+03	-4.648535e+00
7.185024e+03	-4.677419e+00
7.226524e+03	-4.700466e+00
7.268264e+03	-4.741925e+00
7.310246e+03	-4.767470e+00
7.352469e+03	-4.815188e+00
7.394937e+03	-4.840290e+00
7.437650e+03	-4.872268e+00
7.480609e+03	-4.904502e+00
7.523817e+03	-4.947898e+00
7.567274e+03	-4.988170e+00
7.610982e+03	-5.019605e+00
7.654943e+03	-5.051012e+00
7.699158e+03	-5.061977e+00
7.743628e+03	-5.116206e+00
7.788355e+03	-5.143006e+00
7.833340e+03	-5.183490e+00
7.878585e+03	-5.211794e+00
7.924091e+03	-5.245496e+00
7.969861e+03	-5.304294e+00
8.015894e+03	-5.309949e+00
8.062194e+03	-5.365569e+00
8.108761e+03	-5.381520e+00
8.155596e+03	-5.443979e+00
8.202703e+03	-5.459356e+00
8.250081e+03	-5.497433e+00
8.297733e+03	-5.523811e+00
8.345661e+03	-5.572257e+00
8.393865e+03	-5.601601e+00
8.442348e+03	-5.635161e+00
8.491110e+03	-5.673024e+00
8.540155e+03	-5.726187e+00
8.589482e+03	-5.758302e+00
8.639095e+03	-5.796217e+00
8.688994e+03	-5.820701e+00
8.739181e+03	-5.851632e+00
8.789658e+03	-5.892907e+00
8.840427e+03	-5.940684e+00
8.891489e+03	-5.979204e+00
8.942846e+03	-5.993976e+00
8.994499e+03	-6.052126e+00
9.046451e+03	-6.079041e+00
9.098703e+03	-6.129550e+00
9.151257e+03	-6.150703e+00
9.204114e+03	-6.202397e+00
9.257277e+03	-6.221920e+00
9.310746e+03	-6.277220e+00
9.364525e+03	-6.324382e+00
9.418614e+03	-6.356485e+00
9.473015e+03	-6.388465e+00
9.527731e+03	-6.415918e+00
9.582763e+03	-6.465755e+00
9.638113e+03	-6.493889e+00
9.693782e+03	-6.535696e+00
9.749773e+03	-6.592518e+00
9.806087e+03	-6.617089e+00
9.862727e+03	-6.668155e+00
9.919693e+03	-6.686066e+00
9.976989e+03	-6.744755e+00
1.003462e+04	-6.784994e+00
1.009258e+04	-6.813850e+00
1.015087e+04	-6.852882e+00
1.020950e+04	-6.881610e+00
1.026847e+04	-6.931209e+00
1.032778e+04	-6.956673e+00
1.038743e+04	-6.998390e+00
1.044743e+04	-7.026534e+00
1.050777e+04	-7.076786e+00
1.056847e+04	-7.132208e+00
1.062951e+04	-7.165956e+00
1.069091e+04	-7.200505e+00
1.075266e+04	-7.236360e+00
1.081476e+04	-7.294873e+00
1.087723e+04	-7.313876e+00
1.094006e+04	-7.388934e+00
1.100324e+04	-7.405837e+00
1.106680e+04	-7.444939e+00
1.113072e+04	-7.488570e+00
1.119501e+04	-7.527350e+00
1.125967e+04	-7.569476e+00
1.132471e+04	-7.602102e+00
1.139012e+04	-7.655502e+00
1.145591e+04	-7.681642e+00
1.152208e+04	-7.743849e+00
1.158863e+04	-7.770490e+00
1.165556e+04	-7.818152e+00
1.172289e+04	-7.855410e+00
1.179060e+04	-7.905557e+00
1.185870e+04	-7.923053e+00
1.192719e+04	-7.982483e+00
1.199608e+04	-8.024132e+00
1.206537e+04	-8.058188e+00
1.213506e+04	-8.094606e+00
1.220515e+04	-8.151261e+00
1.227565e+04	-8.198710e+00
1.234655e+04	-8.219394e+00
1.241787e+04	-8.276453e+00
1.248959e+04	-8.310740e+00
1.256173e+04	-8.361451e+00
1.263429e+04	-8.405334e+00
1.270726e+04	-8.422827e+00
1.278066e+04	-8.495006e+00
1.285448e+04	-8.511189e+00
1.292873e+04	-8.567409e+00
1.300340e+04	-8.610514e+00
1.307851e+04	-8.643683e+00
1.315405e+04	-8.692633e+00
1.323003e+04	-8.720208e+00
1.330644e+04	-8.773645e+00
1.338330e+04	-8.820858e+00
1.346060e+04	-8.876997e+00
1.353835e+04	-8.882460e+00
1.361655e+04	-8.945971e+00
1.369520e+04	-8.993850e+00
1.377430e+04	-9.032618e+00
1.385386e+04	-9.053756e+00
1.393388e+04	-9.104014e+00
1.401436e+04	-9.171153e+00
1.409531e+04	-9.190825e+00
1.417672e+04	-9.234897e+00
1.425861e+04	-9.281783e+00
1.434096e+04	-9.345884e+00
1.442379e+04	-9.373190e+00
1.450711e+04	-9.410740e+00
1.459090e+04	-9.473451e+00
1.467518e+04	-9.516011e+00
1.475994e+04	-9.557186e+00
1.484519e+04	-9.592221e+00
1.493094e+04	-9.612168e+00
1.501718e+04	-9.677178e+00
1.510392e+04	-9.735781e+00
1.519116e+04	-9.762776e+00
1.527890e+04	-9.815460e+00
1.536715e+04	-9.864843e+00
1.545591e+04	-9.891645e+00
1.554518e+04	-9.945233e+00
1.563497e+04	-9.995659e+00
1.572528e+04	-1.004546e+01
1.581611e+04	-1.008682e+01
1.590746e+04	-1.011303e+01
1.599934e+04	-1.015700e+01
1.609175e+04	-1.021129e+01
1.618470e+04	-1.025848e+01
1.627818e+04	-1.029857e+01
1.637220e+04	-1.035086e+01
1.646677e+04	-1.039127e+01
1.656188e+04	-1.042366e+01
1.665754e+04	-1.047149e+01
1.675375e+04	-1.050323e+01
1.685052e+04	-1.056966e+01
1.694785e+04	-1.060148e+01
1.704574e+04	-1.065705e+01
1.714419e+04	-1.068694e+01
1.724322e+04	-1.075736e+01
1.734281e+04	-1.078444e+01
1.744299e+04	-1.081965e+01
1.754374e+04	-1.088587e+01
1.764507e+04	-1.090496e+01
1.774698e+04	-1.096504e+01
1.784949e+04	-1.099269e+01
1.795259e+04	-1.105543e+01
1.805628e+04	-1.108118e+01
1.816057e+04	-1.112451e+01
1.826547e+04	-1.116320e+01
1.837097e+04	-1.121949e+01
1.847708e+04	-1.126943e+01
1.858380e+04	-1.132117e+01
1.869114e+04	-1.136403e+01
1.879910e+04	-1.139306e+01
1.890768e+04	-1.143380e+01
1.901689e+04	-1.148908e+01
1.912673e+04	-1.153877e+01
1.923721e+04	-1.158047e+01
1.934832e+04	-1.163325e+01
1.946008e+04	-1.169838e+01
1.957248e+04	-1.170331e+01
1.968553e+04	-1.176593e+01
1.979923e+04	-1.180683e+01
1.991359e+04	-1.185873e+01
2.002861e+04	-1.188131e+01
2.014430e+04	-1.195608e+01
2.026065e+04	-1.198632e+01
2.037767e+04	-1.202848e+01
2.049537e+04	-1.207637e+01
2.061375e+04	-1.210625e+01
2.073282e+04	-1.217066e+01
2.085257e+04	-1.220432e+01
2.097301e+04	-1.222401e+01
2.109415e+04	-1.229146e+01
2.121599e+04	-1.235473e+01
2.133853e+04	-1.238058e+01
2.146178e+04	-1.243265e+01
2.158575e+04	-1.247548e+01
2.171043e+04	-1.252940e+01
2.183582e+04	-1.256470e+01
2.196195e+04	-1.260074e+01
2.208880e+04	-1.264996e+01
2.221638e+04	-1.268479e+01
2.234470e+04	-1.274606e+01
2.247377e+04	-1.278751e+01
2.260357e+04	-1.284406e+01
2.273413e+04	-1.287807e+01
2.286544e+04	-1.290987e+01
2.299751e+04	-1.295534e+01
2.313034e+04	-1.300987e+01
2.326394e+04	-1.305754e+01
2.339832e+04	-1.309076e+01
2.353346e+04	-1.313535e+01
2.366939e+04	-1.318809e+01
2.380610e+04	-1.322148e+01
2.394361e+04	-1.328979e+01
2.408191e+04	-1.332751e+01
2.422100e+04	-1.338071e+01
2.436090e+04	-1.340435e+01
2.450161e+04	-1.345257e+01
2.464313e+04	-1.351037e+01
2.478547e+04	-1.352948e+01
2.492863e+04	-1.358636e+01
2.507261e+04	-1.365056e+01
2.521743e+04	-1.367557e+01
2.536309e+04	-1.372835e+01
2.550958e+04	-1.376137e+01
2.565692e+04	-1.382728e+01
2.580512e+04	-1.385327e+01
2.595417e+04	-1.388752e+01
2.610408e+04	-1.393771e+01
2.625485e+04	-1.400305e+01
2.640650e+04	-1.404360e+01
2.655902e+04	-1.408330e+01
2.671243e+04	-1.413532e+01
2.686672e+04	-1.415249e+01
2.702190e+04	-1.420380e+01
2.717798e+04	-1.425545e+01
2.733495e+04	-1.429964e+01
2.749284e+04	-1.436715e+01
2.765164e+04	-1.437735e+01
2.781135e+04	-1.443686e+01
2.797199e+04	-1.448110e+01
2.813355e+04	-1.451946e+01
2.829605e+04	-1.457993e+01
2.845949e+04	-1.460174e+01
2.862387e+04	-1.466866e+01
2.878920e+04	-1.466603e+01
2.895549e+04	-1.474216e+01
2.912273e+04	-1.479242e+01
2.929094e+04	-1.481201e+01
2.946013e+04	-1.487164e+01
2.963029e+04	-1.491741e+01
2.980143e+04	-1.492807e+01
2.997356e+04	-1.500299e+01
3.014669e+04	-1.504543e+01
3.032081e+04	-1.509266e+01
3.049595e+04	-1.512684e+01
3.067209e+04	-1.519323e+01
3.084925e+04	-1.520214e+01
3.102743e+04	-1.526468e+01
3.120665e+04	-1.529523e+01
3.138690e+04	-1.533846e+01
3.156819e+04	-1.540303e+01
3.175052e+04	-1.544495e+01
3.193391e+04	-1.548976e+01
3.211836e+04	-1.551391e+01
3.230388e+04	-1.556192e+01
3.249046e+04	-1.560370e+01
3.267812e+04	-1.564340e+01
3.286687e+04	-1.568754e+01
3.305671e+04	-1.572947e+01
3.324764e+04	-1.578186e+01
3.343968e+04	-1.580635e+01
3.363283e+04	-1.585651e+01
3.382709e+04	-1.589165e+01
3.402247e+04	-1.596962e+01
3.421899e+04	-1.599211e+01
3.441663e+04	-1.602979e+01
3.461542e+04	-1.606299e+01
3.481536e+04	-1.613207e+01
3.501645e+04	-1.615873e+01
3.521871e+04	-1.619921e+01
3.542213e+04	-1.625263e+01
3.562672e+04	-1.628538e+01
3.583250e+04	-1.632145e+01
3.603947e+04	-1.637385e+01
3.624763e+04	-1.642933e+01
3.645700e+04	-1.645320e+01
3.666757e+04	-1.648233e+01
3.687936e+04	-1.653337e+01
3.709238e+04	-1.659647e+01
3.730662e+04	-1.660372e+01
3.752210e+04	-1.664493e+01
3.773883e+04	-1.669293e+01
3.795680e+04	-1.674220e+01
3.817604e+04	-1.677185e+01
3.839654e+04	-1.680858e+01
3.861832e+04	-1.686035e+01
3.884138e+04	-1.689672e+01
3.906573e+04	-1.694183e+01
3.929137e+04	-1.699554e+01
3.951831e+04	-1.701629e+01
3.974657e+04	-1.705131e+01
3.997614e+04	-1.710649e+01
4.020704e+04	-1.714635e+01
4.043928e+04	-1.718483e+01
4.067285e+04	-1.721216e+01
4.090778e+04	-1.724746e+01
4.114406e+04	-1.730470e+01
4.138171e+04	-1.731215e+01
4.162073e+04	-1.737789e+01
4.186113e+04	-1.739680e+01
4.210291e+04	-1.744914e+01
4.234610e+04	-1.748965e+01
4.259069e+04	-1.753296e+01
4.283669e+04	-1.757190e+01
4.308411e+04	-1.761200e+01
4.333297e+04	-1.766140e+01
4.358325e+04	-1.767232e+01
4.383499e+04	-1.773423e+01
4.408818e+04	-1.775330e+01
4.434283e+04	-1.780525e+01
4.459895e+04	-1.784026e+01
4.485655e+04	-1.787790e+01
4.511564e+04	-1.791353e+01
4.537623e+04	-1.795711e+01
4.563832e+04	-1.798610e+01
4.590193e+04	-1.803437e+01
4.616705e+04	-1.807438e+01
4.643371e+04	-1.808999e+01
4.670191e+04	-1.812122e+01
4.697166e+04	-1.816772e+01
4.724297e+04	-1.820309e+01
4.751584e+04	-1.824715e+01
4.779029e+04	-1.828462e+01
4.806633e+04	-1.832933e+01
4.834395e+04	-1.835334e+01
4.862319e+04	-1.838429e+01
4.890403e+04	-1.841758e+01
4.918650e+04	-1.845616e+01
4.947060e+04	-1.850039e+01
4.975634e+04	-1.853145e+01
5.004373e+04	-1.855054e+01
5.033278e+04	-1.859378e+01
5.062350e+04	-1.862588e+01
5.091590e+04	-1.866605e+01
5.120999e+04	-1.870663e+01
5.150578e+04	-1.874398e+01
5.180327e+04	-1.875223e+01
5.210248e+04	-1.880710e+01
5.240343e+04	-1.883943e+01
5.270611e+04	-1.886045e+01
5.301053e+04	-1.889176e+01
5.331672e+04	-1.893492e+01
5.362468e+04	-1.897695e+01
5.393441e+04	-1.900363e+01
5.424593e+04	-1.903875e+01
5.455926e+04	-1.906438e+01
5.487439e+04	-1.907699e+01
5.519134e+04	-1.911710e+01
5.551012e+04	-1.915715e+01
5.583075e+04	-1.919939e+01
5.615322e+04	-1.923211e+01
5.647756e+04	-1.923131e+01
5.680377e+04	-1.928182e+01
5.713187e+04	-1.932646e+01
5.746186e+04	-1.934181e+01
5.779376e+04	-1.938526e+01
5.812757e+04	-1.938023e+01
5.846332e+04	-1.942984e+01
5.880100e+04	-1.945854e+01
5.914063e+04	-1.948743e+01
5.948222e+04	-1.950722e+01
5.982579e+04	-1.955019e+01
6.017134e+04	-1.956699e+01
6.051889e+04	-1.959761e+01
6.086844e+04	-1.961285e+01
6.122002e+04	-1.964461e+01
6.157362e+04	-1.966381e+01
6.192927e+04	-1.970912e+01
6.228697e+04	-1.974547e+01
6.264674e+04	-1.974604e+01
6.300858e+04	-1.978596e+01
6.337252e+04	-1.981004e+01
6.373855e+04	-1.981346e+01
6.410670e+04	-1.983420e+01
6.447698e+04	-1.988400e+01
6.484940e+04	-1.989318e+01
6.522397e+04	-1.991940e+01
6.560070e+04	-1.994642e+01
6.597960e+04	-1.996183e+01
6.636070e+04	-1.999602e+01
6.674400e+04	-2.000403e+01
6.712951e+04	-2.001678e+01
6.751724e+04	-2.005854e+01
6.790722e+04	-2.008017e+01
6.829945e+04	-2.009729e+01
6.869395e+04	-2.013428e+01
6.909072e+04	-2.013356e+01
6.948978e+04	-2.013995e+01
6.989115e+04	-2.016518e+01
7.029484e+04	-2.018131e+01
7.070086e+04	-2.019992e+01
7.110923e+04	-2.022528e+01
7.151995e+04	-2.024806e+01
7.193305e+04	-2.027868e+01
7.234853e+04	-2.028311e+01
7.276641e+04	-2.029322e+01
7.318671e+04	-2.031775e+01
7.360943e+04	-2.033656e+01
7.403460e+04	-2.034034e+01
7.446222e+04	-2.035867e+01
7.489231e+04	-2.036699e+01
7.532488e+04	-2.039230e+01
7.575996e+04	-2.039952e+01
7.619754e+04	-2.042535e+01
7.663766e+04	-2.041573e+01
7.708031e+04	-2.043944e+01
7.752553e+04	-2.045497e+01
7.797331e+04	-2.047606e+01
7.842368e+04	-2.048319e+01
7.887665e+04	-2.045703e+01
7.933224e+04	-2.045882e+01
7.979046e+04	-2.047818e+01
8.025133e+04	-2.050210e+01
8.071486e+04	-2.050924e+01
8.118106e+04	-2.051781e+01
8.164996e+04	-2.050463e+01
8.212157e+04	-2.050689e+01
8.259590e+04	-2.051357e+01
8.307297e+04	-2.053614e+01
8.355279e+04	-2.053703e+01
8.403539e+04	-2.054470e+01
8.452078e+04	-2.053730e+01
8.500897e+04	-2.052728e+01
8.549997e+04	-2.054980e+01
8.599382e+04	-2.054003e+01
8.649052e+04	-2.052684e+01
8.699008e+04	-2.053925e+01
8.749253e+04	-2.052099e+01
8.799789e+04	-2.053662e+01
8.850616e+04	-2.053170e+01
8.901737e+04	-2.053908e+01
8.953153e+04	-2.050299e+01
9.004866e+04	-2.049274e+01
9.056877e+04	-2.048567e+01
9.109190e+04	-2.047871e+01
9.161804e+04	-2.047495e+01
9.214722e+04	-2.046969e+01
9.267946e+04	-2.045747e+01
9.321477e+04	-2.045806e+01
9.375318e+04	-2.041812e+01
9.429469e+04	-2.041341e+01
9.483933e+04	-2.041999e+01
9.538712e+04	-2.038364e+01
9.593807e+04	-2.035852e+01
9.649221e+04	-2.034121e+01
9.704954e+04	-2.034753e+01
9.761010e+04	-2.031468e+01
9.817389e+04	-2.029091e+01
9.874094e+04	-2.028515e+01
9.931126e+04	-2.024308e+01
9.988488e+04	-2.023250e+01
1.004618e+05	-2.018469e+01
1.010421e+05	-2.018948e+01
1.016257e+05	-2.015492e+01
1.022127e+05	-2.012705e+01
1.028031e+05	-2.010361e+01
1.033968e+05	-2.006354e+01
1.039941e+05	-2.002338e+01
1.045947e+05	-1.997811e+01
1.051989e+05	-1.995368e+01
1.058065e+05	-1.990923e+01
1.064176e+05	-1.987189e+01
1.070323e+05	-1.984131e+01
1.076505e+05	-1.978474e+01
1.082723e+05	-1.975482e+01
1.088977e+05	-1.971808e+01
1.095266e+05	-1.966528e+01
1.101593e+05	-1.960418e+01
1.107955e+05	-1.953963e+01
1.114355e+05	-1.949789e+01
1.120791e+05	-1.946231e+01
1.127265e+05	-1.939026e+01
1.133776e+05	-1.935194e+01
1.140325e+05	-1.927725e+01
1.146911e+05	-1.922459e+01
1.153536e+05	-1.915243e+01
1.160198e+05	-1.908898e+01
1.166900e+05	-1.900236e+01
1.173640e+05	-1.893202e+01
1.180419e+05	-1.887962e+01
1.187237e+05	-1.880613e+01
1.194094e+05	-1.873645e+01
1.200991e+05	-1.863354e+01
1.207928e+05	-1.855825e+01
1.214905e+05	-1.846511e+01
1.221922e+05	-1.837632e+01
1.228980e+05	-1.829401e+01
1.236078e+05	-1.818888e+01
1.243218e+05	-1.811072e+01
1.250399e+05	-1.799713e+01
1.257621e+05	-1.788148e+01
1.264885e+05	-1.780066e+01
1.272191e+05	-1.767556e+01
1.279539e+05	-1.755051e+01
1.286930e+05	-1.743188e+01
1.294363e+05	-1.729312e+01
1.301839e+05	-1.718472e+01
1.309358e+05	-1.705895e+01
1.316921e+05	-1.691410e+01
1.324528e+05	-1.676813e+01
1.332178e+05	-1.664705e+01
1.339873e+05	-1.647604e+01
1.347612e+05	-1.630941e+01
1.355395e+05	-1.617584e+01
1.363224e+05	-1.598265e+01
1.371098e+05	-1.581567e+01
1.379018e+05	-1.566359e+01
1.386983e+05	-1.545452e+01
1.394994e+05	-1.526732e+01
1.403051e+05	-1.508498e+01
1.411155e+05	-1.485387e+01
1.419306e+05	-1.463838e+01
1.427504e+05	-1.441345e+01
1.435749e+05	-1.418234e+01
1.444042e+05	-1.394747e+01
1.452383e+05	-1.368476e+01
1.460772e+05	-1.341691e+01
1.469209e+05	-1.314696e+01
1.477695e+05	-1.284114e+01
1.486230e+05	-1.253518e+01
1.494814e+05	-1.222958e+01
1.503448e+05	-1.188251e+01
1.512132e+05	-1.155426e+01
1.520866e+05	-1.115308e+01
1.529651e+05	-1.078458e+01
1.538486e+05	-1.033574e+01
1.547372e+05	-9.921422e+00
1.556310e+05	-9.474174e+00
1.565299e+05	-8.977588e+00
1.574340e+05	-8.464204e+00
1.583433e+05	-7.905507e+00
1.592579e+05	-7.336609e+00
1.601778e+05	-6.721804e+00
1.611030e+05	-6.046728e+00
1.620335e+05	-5.338782e+00
1.629694e+05	-4.595401e+00
1.639107e+05	-3.808513e+00
1.648574e+05	-3.025617e+00
1.658097e+05	-2.199236e+00
1.667674e+05	-1.396135e+00
1.677306e+05	-7.160337e-01
1.686994e+05	-2.246693e-01
1.696738e+05	-1.672950e-02
1.706538e+05	-1.109177e-01
1.716395e+05	-4.972887e-01
1.726309e+05	-1.143498e+00
1.736280e+05	-1.927381e+00
1.746309e+05	-2.780894e+00
1.756395e+05	-3.662488e+00
1.766540e+05	-4.515344e+00
1.776744e+05	-5.335548e+00
1.787006e+05	-6.114924e+00
1.797328e+05	-6.854478e+00
1.807709e+05	-7.563733e+00
1.818150e+05	-8.210120e+00
1.828652e+05	-8.846951e+00
1.839214e+05	-9.406673e+00
1.849837e+05	-9.969236e+00
1.860522e+05	-1.048040e+01
1.871268e+05	-1.099955e+01
1.882077e+05	-1.146281e+01
1.892948e+05	-1.190651e+01
1.903881e+05	-1.233240e+01
1.914878e+05	-1.274057e+01
1.925938e+05	-1.313244e+01
1.937062e+05	-1.349943e+01
1.948251e+05	-1.387359e+01
1.959504e+05	-1.419224e+01
1.970822e+05	-1.453952e+01
1.982205e+05	-1.483592e+01
1.993654e+05	-1.514532e+01
2.005169e+05	-1.545026e+01
2.016751e+05	-1.571318e+01
2.028400e+05	-1.598335e+01
2.040116e+05	-1.625200e+01
2.051899e+05	-1.649772e+01
2.063751e+05	-1.674309e+01
2.075671e+05	-1.695879e+01
2.087660e+05	-1.717461e+01
2.099719e+05	-1.740813e+01
2.111846e+05	-1.758992e+01
2.124044e+05	-1.779727e+01
2.136313e+05	-1.798289e+01
2.148652e+05	-1.817110e+01
2.161063e+05	-1.833753e+01
2.173545e+05	-1.849065e+01
2.186099e+05	-1.868415e+01
2.198726e+05	-1.882552e+01
2.211426e+05	-1.897058e+01
2.224199e+05	-1.910221e+01
2.237046e+05	-1.924260e+01
2.249967e+05	-1.938764e+01
2.262962e+05	-1.951515e+01
2.276033e+05	-1.964730e+01
2.289179e+05	-1.971102e+01
2.302402e+05	-1.983858e+01
2.315700e+05	-1.993160e+01
2.329076e+05	-2.003349e+01
2.342528e+05	-2.012302e+01
2.356059e+05	-2.019465e+01
2.369667e+05	-2.027577e+01
2.383354e+05	-2.033775e+01
2.397120e+05	-2.039793e+01
2.410966e+05	-2.045888e+01
2.424892e+05	-2.052357e+01
2.438898e+05	-2.054439e+01
2.452985e+05	-2.059827e+01
2.467153e+05	-2.061671e+01
2.481403e+05	-2.066857e+01
2.495736e+05	-2.070486e+01
2.510151e+05	-2.068352e+01
2.524650e+05	-2.068308e+01
2.539232e+05	-2.070171e+01
2.553898e+05	-2.071217e+01
2.568650e+05	-2.067288e+01
2.583486e+05	-2.066695e+01
2.598408e+05	-2.063159e+01
2.613416e+05	-2.061138e+01
2.628511e+05	-2.054548e+01
2.643694e+05	-2.051570e+01
2.658963e+05	-2.044559e+01
2.674321e+05	-2.039751e+01
2.689768e+05	-2.030936e+01
2.705304e+05	-2.021212e+01
2.720930e+05	-2.012534e+01
2.736646e+05	-2.002792e+01
2.752453e+05	-1.989707e+01
2.768351e+05	-1.980214e+01
2.784341e+05	-1.964556e+01
2.800423e+05	-1.951005e+01
2.816598e+05	-1.936547e+01
2.832867e+05	-1.918037e+01
2.849229e+05	-1.899109e+01
2.865686e+05	-1.881153e+01
2.882238e+05	-1.860078e+01
2.898886e+05	-1.836535e+01
2.915630e+05	-1.811777e+01
2.932470e+05	-1.784356e+01
2.949408e+05	-1.758005e+01
2.966444e+05	-1.726921e+01
2.983578e+05	-1.693992e+01
3.000811e+05	-1.658428e+01
3.018143e+05	-1.621384e+01
3.035576e+05	-1.578841e+01
3.053109e+05	-1.536413e+01
3.070744e+05	-1.488422e+01
3.088481e+05	-1.435560e+01
3.106320e+05	-1.378474e+01
3.124261e+05	-1.317862e+01
3.142307e+05	-1.247654e+01
3.160457e+05	-1.170820e+01
3.178712e+05	-1.088374e+01
3.197072e+05	-9.943465e+00
3.215538e+05	-8.868671e+00
3.234111e+05	-7.698397e+00
3.252791e+05	-6.325208e+00
3.271579e+05	-4.760152e+00
3.290475e+05	-3.032200e+00
3.309481e+05	-1.337134e+00
3.328596e+05	-1.468103e-01
3.347822e+05	-2.333904e-01
3.367159e+05	-1.536685e+00
3.386608e+05	-3.331033e+00
3.406169e+05	-5.100797e+00
3.425842e+05	-6.718606e+00
3.445630e+05	-8.117441e+00
3.465532e+05	-9.380335e+00
3.485549e+05	-1.050162e+01
3.505681e+05	-1.151063e+01
3.525930e+05	-1.237059e+01
3.546295e+05	-1.317344e+01
3.566778e+05	-1.391242e+01
3.587380e+05	-1.457825e+01
3.608101e+05	-1.520296e+01
3.628941e+05	-1.575945e+01
3.649901e+05	-1.630093e+01
3.670983e+05	-1.679922e+01
3.692187e+05	-1.721901e+01
3.713513e+05	-1.763716e+01
3.734962e+05	-1.803085e+01
3.756535e+05	-1.837206e+01
3.778232e+05	-1.870630e+01
3.800055e+05	-1.901680e+01
3.822004e+05	-1.929012e+01
3.844080e+05	-1.955732e+01
3.866283e+05	-1.976697e+01
3.888615e+05	-1.999830e+01
3.911075e+05	-2.017879e+01
3.933665e+05	-2.034939e+01
3.956386e+05	-2.049940e+01
3.979238e+05	-2.064332e+01
4.002222e+05	-2.075514e+01
4.025338e+05	-2.085766e+01
4.048589e+05	-2.092408e+01
4.071973e+05	-2.097718e+01
4.095493e+05	-2.101694e+01
4.119148e+05	-2.103775e+01
4.142940e+05	-2.102552e+01
4.166870e+05	-2.099474e+01
4.190937e+05	-2.095627e+01
4.215144e+05	-2.088402e+01
4.239490e+05	-2.079628e+01
4.263978e+05	-2.067387e+01
4.288606e+05	-2.053437e+01
4.313377e+05	-2.036272e+01
4.338291e+05	-2.016990e+01
4.363349e+05	-1.994709e+01
4.388551e+05	-1.968002e+01
4.413899e+05	-1.938043e+01
4.439394e+05	-1.904529e+01
4.465035e+05	-1.868133e+01
4.490825e+05	-1.826916e+01
4.516764e+05	-1.776913e+01
4.542853e+05	-1.725378e+01
4.569092e+05	-1.666949e+01
4.595483e+05	-1.596981e+01
4.622026e+05	-1.521480e+01
4.648723e+05	-1.433111e+01
4.675574e+05	-1.330956e+01
4.702580e+05	-1.213925e+01
4.729742e+05	-1.073564e+01
4.757060e+05	-9.042629e+00
4.784537e+05	-6.978636e+00
4.812172e+05	-4.404451e+00
4.839967e+05	-1.503363e+00
4.867923e+05	6.720120e-03
4.896040e+05	-1.908603e+00
4.924319e+05	-4.889818e+00
4.952762e+05	-7.480350e+00
4.981369e+05	-9.591490e+00
5.010141e+05	-1.132222e+01
5.039079e+05	-1.276417e+01
5.068185e+05	-1.397889e+01
5.097458e+05	-1.506994e+01
5.126901e+05	-1.598410e+01
5.156514e+05	-1.680487e+01
5.186298e+05	-1.752855e+01
5.216253e+05	-1.818075e+01
5.246382e+05	-1.876043e+01
5.276685e+05	-1.924704e+01
5.307163e+05	-1.969769e+01
5.337817e+05	-2.011838e+01
5.368648e+05	-2.041427e+01
5.399657e+05	-2.070487e+01
5.430845e+05	-2.095245e+01
5.462214e+05	-2.115191e+01
5.493763e+05	-2.130853e+01
5.525495e+05	-2.140514e+01
5.557410e+05	-2.149930e+01
5.589509e+05	-2.149565e+01
5.621794e+05	-2.147038e+01
5.654265e+05	-2.140275e+01
5.686924e+05	-2.127281e+01
5.719772e+05	-2.109990e+01
5.752809e+05	-2.084765e+01
5.786037e+05	-2.056397e+01
5.819457e+05	-2.019052e+01
5.853070e+05	-1.973218e+01
5.886877e+05	-1.921334e+01
5.920879e+05	-1.857865e+01
5.955078e+05	-1.785823e+01
5.989474e+05	-1.697956e+01
6.024069e+05	-1.594141e+01
6.058864e+05	-1.467093e+01
6.093860e+05	-1.310171e+01
6.129058e+05	-1.110260e+01
6.164459e+05	-8.471128e+00
6.200064e+05	-4.877842e+00
6.235876e+05	-6.261313e-01
6.271894e+05	-1.608085e+00
6.308120e+05	-6.052325e+00
6.344555e+05	-9.491410e+00
6.381201e+05	-1.204061e+01
6.418059e+05	-1.399649e+01
6.455129e+05	-1.558308e+01
6.492414e+05	-1.689091e+01
6.529914e+05	-1.796196e+01
6.567630e+05	-1.888818e+01
6.605565e+05	-1.964938e+01
6.643718e+05	-2.028691e+01
6.682092e+05	-2.082069e+01
6.720688e+05	-2.125836e+01
6.759506e+05	-2.159102e+01
6.798549e+05	-2.185003e+01
6.837817e+05	-2.197584e+01
6.877312e+05	-2.206318e+01
6.917035e+05	-2.204772e+01
6.956987e+05	-2.194076e+01
6.997171e+05	-2.171729e+01
7.037586e+05	-2.140293e+01
7.078235e+05	-2.094730e+01
7.119118e+05	-2.038728e+01
7.160238e+05	-1.962539e+01
7.201595e+05	-1.871148e+01
7.243191e+05	-1.751547e+01
7.285028e+05	-1.599207e+01
7.327106e+05	-1.398224e+01
7.369427e+05	-1.118640e+01
7.411992e+05	-6.936192e+00
7.454804e+05	-7.639187e-01
7.497862e+05	-3.577291e+00
7.541170e+05	-9.256940e+00
7.584727e+05	-1.290344e+01
7.628536e+05	-1.544475e+01
7.672598e+05	-1.738448e+01
7.716915e+05	-1.889930e+01
7.761488e+05	-2.004282e+01
7.806318e+05	-2.096600e+01
7.851407e+05	-2.170070e+01
7.896756e+05	-2.224293e+01
7.942367e+05	-2.258781e+01
7.988242e+05	-2.281157e+01
8.034382e+05	-2.285590e+01
8.080788e+05	-2.272853e+01
8.127463e+05	-2.244611e+01
8.174406e+05	-2.193847e+01
8.221621e+05	-2.122486e+01
8.269109e+05	-2.020469e+01
8.316871e+05	-1.880631e+01
8.364909e+05	-1.684932e+01
8.413225e+05	-1.401904e+01
8.461819e+05	-9.443011e+00
8.510694e+05	-1.161286e+00
8.559852e+05	-6.126970e+00
8.609293e+05	-1.247651e+01
8.659020e+05	-1.617624e+01
8.709034e+05	-1.863141e+01
8.759337e+05	-2.041893e+01
8.809931e+05	-2.173778e+01
8.860816e+05	-2.267081e+01
8.911996e+05	-2.326184e+01
8.963471e+05	-2.360005e+01
9.015244e+05	-2.363030e+01
9.067316e+05	-2.338199e+01
9.119688e+05	-2.275620e+01
9.172363e+05	-2.177206e+01
9.225342e+05	-2.020893e+01
9.278628e+05	-1.779788e+01
9.332221e+05	-1.385633e+01
9.386123e+05	-5.674758e+00
9.440337e+05	-5.947051e+00
9.494864e+05	-1.433649e+01
9.549706e+05	-1.855501e+01
9.604865e+05	-2.119106e+01
9.660342e+05	-2.293139e+01
9.716140e+05	-2.406752e+01
9.772260e+05	-2.466084e+01
9.828704e+05	-2.481765e+01
9.885474e+05	-2.444948e+01
9.942572e+05	-2.350001e+01
1.000000e+06	-2.176790e+01
