Frequency(Hz)	Magnitude(dB)
1.000000e+01	-2.337889e+00
1.005776e+01	-2.358807e+00
1.011585e+01	-2.379895e+00
1.017428e+01	-2.401036e+00
1.023305e+01	-2.422289e+00
1.029215e+01	-2.443758e+00
1.035160e+01	-2.465452e+00
1.041139e+01	-2.487191e+00
1.047153e+01	-2.509043e+00
1.053201e+01	-2.530977e+00
1.059284e+01	-2.553324e+00
1.065403e+01	-2.575663e+00
1.071556e+01	-2.598018e+00
1.077746e+01	-2.620569e+00
1.083971e+01	-2.643193e+00
1.090232e+01	-2.666224e+00
1.096529e+01	-2.689143e+00
1.102862e+01	-2.712187e+00
1.109232e+01	-2.735736e+00
1.115639e+01	-2.759055e+00
1.122083e+01	-2.782656e+00
1.128564e+01	-2.806168e+00
1.135083e+01	-2.830397e+00
1.141639e+01	-2.854423e+00
1.148233e+01	-2.878490e+00
1.154865e+01	-2.902788e+00
1.161536e+01	-2.927362e+00
1.168245e+01	-2.951865e+00
1.174992e+01	-2.976664e+00
1.181779e+01	-3.001525e+00
1.188605e+01	-3.026376e+00
1.195470e+01	-3.051715e+00
1.202375e+01	-3.076916e+00
1.209320e+01	-3.102579e+00
1.216305e+01	-3.128116e+00
1.223330e+01	-3.153871e+00
1.230396e+01	-3.179620e+00
1.237503e+01	-3.206023e+00
1.244651e+01	-3.231836e+00
1.251840e+01	-3.258073e+00
1.259070e+01	-3.284938e+00
1.266343e+01	-3.311468e+00
1.273657e+01	-3.338239e+00
1.281014e+01	-3.364779e+00
1.288413e+01	-3.392145e+00
1.295855e+01	-3.419336e+00
1.303339e+01	-3.446531e+00
1.310867e+01	-3.474378e+00
1.318439e+01	-3.501754e+00
1.326054e+01	-3.529632e+00
1.333713e+01	-3.557387e+00
1.341417e+01	-3.585438e+00
1.349165e+01	-3.613760e+00
1.356958e+01	-3.641818e+00
1.364795e+01	-3.670304e+00
1.372678e+01	-3.699096e+00
1.380607e+01	-3.727758e+00
1.388581e+01	-3.756539e+00
1.396602e+01	-3.785563e+00
1.404668e+01	-3.814805e+00
1.412782e+01	-3.844118e+00
1.420942e+01	-3.873732e+00
1.429149e+01	-3.903101e+00
1.437404e+01	-3.932882e+00
1.445706e+01	-3.963026e+00
1.454057e+01	-3.992986e+00
1.462455e+01	-4.023085e+00
1.470902e+01	-4.053114e+00
1.479398e+01	-4.083658e+00
1.487943e+01	-4.114237e+00
1.496537e+01	-4.145099e+00
1.505181e+01	-4.176070e+00
1.513875e+01	-4.206740e+00
1.522619e+01	-4.237759e+00
1.531414e+01	-4.269111e+00
1.540259e+01	-4.300362e+00
1.549156e+01	-4.331831e+00
1.558103e+01	-4.363483e+00
1.567103e+01	-4.395474e+00
1.576155e+01	-4.427453e+00
1.585258e+01	-4.459039e+00
1.594415e+01	-4.491538e+00
1.603624e+01	-4.523986e+00
1.612886e+01	-4.556086e+00
1.622202e+01	-4.588844e+00
1.631572e+01	-4.621702e+00
1.640996e+01	-4.654377e+00
1.650474e+01	-4.687383e+00
1.660008e+01	-4.720385e+00
1.669596e+01	-4.753491e+00
1.679239e+01	-4.786898e+00
1.688938e+01	-4.820553e+00
1.698694e+01	-4.854083e+00
1.708505e+01	-4.887507e+00
1.718373e+01	-4.921705e+00
1.728299e+01	-4.955892e+00
1.738281e+01	-4.989754e+00
1.748322e+01	-5.023611e+00
1.758420e+01	-5.058551e+00
1.768576e+01	-5.092754e+00
1.778792e+01	-5.127337e+00
1.789066e+01	-5.162225e+00
1.799399e+01	-5.196782e+00
1.809793e+01	-5.231967e+00
1.820246e+01	-5.266805e+00
1.830760e+01	-5.302030e+00
1.841334e+01	-5.337431e+00
1.851969e+01	-5.373353e+00
1.862666e+01	-5.408526e+00
1.873425e+01	-5.444228e+00
1.884246e+01	-5.480194e+00
1.895129e+01	-5.516173e+00
1.906075e+01	-5.552112e+00
1.917085e+01	-5.588165e+00
1.928158e+01	-5.624282e+00
1.939295e+01	-5.660797e+00
1.950496e+01	-5.697510e+00
1.961762e+01	-5.733602e+00
1.973093e+01	-5.770645e+00
1.984490e+01	-5.807525e+00
1.995952e+01	-5.844469e+00
2.007480e+01	-5.881722e+00
2.019076e+01	-5.918552e+00
2.030738e+01	-5.955984e+00
2.042467e+01	-5.993366e+00
2.054264e+01	-6.030627e+00
2.066130e+01	-6.068551e+00
2.078064e+01	-6.106321e+00
2.090066e+01	-6.143964e+00
2.102139e+01	-6.181793e+00
2.114280e+01	-6.219869e+00
2.126492e+01	-6.257981e+00
2.138775e+01	-6.296231e+00
2.151128e+01	-6.334279e+00
2.163553e+01	-6.373095e+00
2.176050e+01	-6.411423e+00
2.188619e+01	-6.450275e+00
2.201260e+01	-6.488534e+00
2.213974e+01	-6.527796e+00
2.226762e+01	-6.566456e+00
2.239624e+01	-6.605820e+00
2.252560e+01	-6.644843e+00
2.265571e+01	-6.684178e+00
2.278656e+01	-6.723105e+00
2.291818e+01	-6.762838e+00
2.305055e+01	-6.802127e+00
2.318369e+01	-6.842009e+00
2.331760e+01	-6.881613e+00
2.345228e+01	-6.921860e+00
2.358774e+01	-6.961674e+00
2.372398e+01	-7.001133e+00
2.386101e+01	-7.041685e+00
2.399883e+01	-7.081889e+00
2.413745e+01	-7.122364e+00
2.427686e+01	-7.162625e+00
2.441709e+01	-7.202696e+00
2.455812e+01	-7.243516e+00
2.469997e+01	-7.284014e+00
2.484263e+01	-7.325119e+00
2.498612e+01	-7.365804e+00
2.513044e+01	-7.406449e+00
2.527559e+01	-7.447399e+00
2.542158e+01	-7.488816e+00
2.556842e+01	-7.529349e+00
2.571610e+01	-7.570931e+00
2.586463e+01	-7.611964e+00
2.601403e+01	-7.653337e+00
2.616428e+01	-7.695253e+00
2.631541e+01	-7.737026e+00
2.646740e+01	-7.778178e+00
2.662028e+01	-7.820264e+00
2.677404e+01	-7.861744e+00
2.692868e+01	-7.903590e+00
2.708422e+01	-7.945647e+00
2.724066e+01	-7.987784e+00
2.739800e+01	-8.029611e+00
2.755625e+01	-8.072288e+00
2.771541e+01	-8.114037e+00
2.787550e+01	-8.156711e+00
2.803650e+01	-8.198729e+00
2.819844e+01	-8.241380e+00
2.836131e+01	-8.284231e+00
2.852513e+01	-8.326947e+00
2.868989e+01	-8.369577e+00
2.885560e+01	-8.412098e+00
2.902227e+01	-8.455124e+00
2.918990e+01	-8.497750e+00
2.935850e+01	-8.541201e+00
2.952807e+01	-8.583996e+00
2.969863e+01	-8.627496e+00
2.987016e+01	-8.670561e+00
3.004269e+01	-8.713505e+00
3.021622e+01	-8.756920e+00
3.039075e+01	-8.799994e+00
3.056628e+01	-8.844407e+00
3.074283e+01	-8.887275e+00
3.092040e+01	-8.930561e+00
3.109900e+01	-8.974824e+00
3.127862e+01	-9.018067e+00
3.145929e+01	-9.062373e+00
3.164099e+01	-9.106140e+00
3.182375e+01	-9.149559e+00
3.200756e+01	-9.193685e+00
3.219244e+01	-9.238005e+00
3.237838e+01	-9.281879e+00
3.256540e+01	-9.326616e+00
3.275349e+01	-9.369932e+00
3.294268e+01	-9.414588e+00
3.313295e+01	-9.458939e+00
3.332433e+01	-9.503391e+00
3.351681e+01	-9.547589e+00
3.371040e+01	-9.592012e+00
3.390511e+01	-9.636884e+00
3.410094e+01	-9.681145e+00
3.429791e+01	-9.725869e+00
3.449601e+01	-9.771211e+00
3.469526e+01	-9.815067e+00
3.489566e+01	-9.860554e+00
3.509721e+01	-9.905364e+00
3.529993e+01	-9.950491e+00
3.550382e+01	-9.995422e+00
3.570889e+01	-1.004049e+01
3.591515e+01	-1.008507e+01
3.612259e+01	-1.013043e+01
3.633123e+01	-1.017589e+01
3.654108e+01	-1.022136e+01
3.675214e+01	-1.026673e+01
3.696442e+01	-1.031160e+01
3.717792e+01	-1.035730e+01
3.739266e+01	-1.040260e+01
3.760864e+01	-1.044802e+01
3.782587e+01	-1.049355e+01
3.804435e+01	-1.053927e+01
3.826409e+01	-1.058510e+01
3.848510e+01	-1.063005e+01
3.870739e+01	-1.067613e+01
3.893096e+01	-1.072219e+01
3.915583e+01	-1.076720e+01
3.938199e+01	-1.081314e+01
3.960946e+01	-1.085975e+01
3.983824e+01	-1.090548e+01
4.006834e+01	-1.095104e+01
4.029978e+01	-1.099705e+01
4.053255e+01	-1.104329e+01
4.076666e+01	-1.108934e+01
4.100213e+01	-1.113597e+01
4.123896e+01	-1.118187e+01
4.147715e+01	-1.122824e+01
4.171672e+01	-1.127469e+01
4.195767e+01	-1.132037e+01
4.220002e+01	-1.136723e+01
4.244377e+01	-1.141375e+01
4.268892e+01	-1.146027e+01
4.293549e+01	-1.150607e+01
4.318348e+01	-1.155251e+01
4.343291e+01	-1.159944e+01
4.368377e+01	-1.164562e+01
4.393609e+01	-1.169290e+01
4.418986e+01	-1.173975e+01
4.444510e+01	-1.178621e+01
4.470182e+01	-1.183364e+01
4.496001e+01	-1.187942e+01
4.521970e+01	-1.192674e+01
4.548089e+01	-1.197333e+01
4.574358e+01	-1.201958e+01
4.600779e+01	-1.206654e+01
4.627353e+01	-1.211443e+01
4.654081e+01	-1.216080e+01
4.680963e+01	-1.220694e+01
4.708000e+01	-1.225515e+01
4.735193e+01	-1.230237e+01
4.762543e+01	-1.234925e+01
4.790051e+01	-1.239635e+01
4.817719e+01	-1.244357e+01
4.845545e+01	-1.249008e+01
4.873533e+01	-1.253746e+01
4.901682e+01	-1.258476e+01
4.929994e+01	-1.263266e+01
4.958470e+01	-1.267997e+01
4.987110e+01	-1.272682e+01
5.015915e+01	-1.277471e+01
5.044887e+01	-1.282230e+01
5.074026e+01	-1.286938e+01
5.103333e+01	-1.291622e+01
5.132810e+01	-1.296407e+01
5.162457e+01	-1.301165e+01
5.192275e+01	-1.305905e+01
5.222265e+01	-1.310648e+01
5.252429e+01	-1.315430e+01
5.282767e+01	-1.320128e+01
5.313280e+01	-1.324958e+01
5.343969e+01	-1.329650e+01
5.374836e+01	-1.334460e+01
5.405880e+01	-1.339285e+01
5.437105e+01	-1.344081e+01
5.468509e+01	-1.348874e+01
5.500095e+01	-1.353552e+01
5.531863e+01	-1.358414e+01
5.563815e+01	-1.363192e+01
5.595951e+01	-1.367990e+01
5.628273e+01	-1.372754e+01
5.660782e+01	-1.377569e+01
5.693479e+01	-1.382243e+01
5.726364e+01	-1.387112e+01
5.759439e+01	-1.391954e+01
5.792705e+01	-1.396809e+01
5.826164e+01	-1.401500e+01
5.859815e+01	-1.406343e+01
5.893662e+01	-1.411109e+01
5.927703e+01	-1.415999e+01
5.961941e+01	-1.420855e+01
5.996377e+01	-1.425517e+01
6.031012e+01	-1.430451e+01
6.065847e+01	-1.435203e+01
6.100883e+01	-1.440038e+01
6.136121e+01	-1.444881e+01
6.171563e+01	-1.449681e+01
6.207210e+01	-1.454482e+01
6.243063e+01	-1.459375e+01
6.279122e+01	-1.464170e+01
6.315390e+01	-1.469017e+01
6.351868e+01	-1.473850e+01
6.388556e+01	-1.478720e+01
6.425456e+01	-1.483525e+01
6.462569e+01	-1.488342e+01
6.499897e+01	-1.493168e+01
6.537440e+01	-1.497942e+01
6.575200e+01	-1.502844e+01
6.613178e+01	-1.507759e+01
6.651375e+01	-1.512655e+01
6.689793e+01	-1.517498e+01
6.728433e+01	-1.522130e+01
6.767297e+01	-1.527165e+01
6.806384e+01	-1.531959e+01
6.845698e+01	-1.536833e+01
6.885238e+01	-1.541544e+01
6.925007e+01	-1.546553e+01
6.965005e+01	-1.551459e+01
7.005235e+01	-1.556321e+01
7.045697e+01	-1.561190e+01
7.086393e+01	-1.566026e+01
7.127323e+01	-1.571000e+01
7.168490e+01	-1.575711e+01
7.209895e+01	-1.580671e+01
7.251539e+01	-1.585491e+01
7.293424e+01	-1.590295e+01
7.335551e+01	-1.595275e+01
7.377920e+01	-1.600223e+01
7.420535e+01	-1.604976e+01
7.463396e+01	-1.609948e+01
7.506504e+01	-1.614708e+01
7.549861e+01	-1.619679e+01
7.593469e+01	-1.624530e+01
7.637328e+01	-1.629334e+01
7.681441e+01	-1.634378e+01
7.725809e+01	-1.639120e+01
7.770433e+01	-1.644106e+01
7.815315e+01	-1.648854e+01
7.860456e+01	-1.653847e+01
7.905857e+01	-1.658844e+01
7.951521e+01	-1.663567e+01
7.997449e+01	-1.668648e+01
8.043642e+01	-1.673549e+01
8.090102e+01	-1.678217e+01
8.136830e+01	-1.683266e+01
8.183828e+01	-1.688128e+01
8.231097e+01	-1.692986e+01
8.278640e+01	-1.697943e+01
8.326457e+01	-1.702813e+01
8.374550e+01	-1.707725e+01
8.422921e+01	-1.712659e+01
8.471572e+01	-1.717594e+01
8.520503e+01	-1.722366e+01
8.569717e+01	-1.727362e+01
8.619215e+01	-1.732323e+01
8.669000e+01	-1.737174e+01
8.719071e+01	-1.742169e+01
8.769432e+01	-1.746995e+01
8.820084e+01	-1.751955e+01
8.871029e+01	-1.756865e+01
8.922267e+01	-1.761717e+01
8.973802e+01	-1.766652e+01
9.025634e+01	-1.771551e+01
9.077766e+01	-1.776532e+01
9.130199e+01	-1.781708e+01
9.182935e+01	-1.786334e+01
9.235975e+01	-1.791199e+01
9.289321e+01	-1.796201e+01
9.342976e+01	-1.801130e+01
9.396941e+01	-1.806094e+01
9.451217e+01	-1.811037e+01
9.505807e+01	-1.815990e+01
9.560712e+01	-1.820804e+01
9.615934e+01	-1.825746e+01
9.671476e+01	-1.830748e+01
9.727338e+01	-1.835598e+01
9.783522e+01	-1.840426e+01
9.840032e+01	-1.845510e+01
9.896867e+01	-1.850393e+01
9.954031e+01	-1.855225e+01
1.001153e+02	-1.860287e+01
1.006935e+02	-1.865264e+01
1.012751e+02	-1.870080e+01
1.018601e+02	-1.874976e+01
1.024484e+02	-1.880008e+01
1.030402e+02	-1.885002e+01
1.036353e+02	-1.890134e+01
1.042339e+02	-1.894869e+01
1.048360e+02	-1.899894e+01
1.054415e+02	-1.904781e+01
1.060505e+02	-1.909529e+01
1.066631e+02	-1.914491e+01
1.072791e+02	-1.919744e+01
1.078988e+02	-1.924454e+01
1.085220e+02	-1.929394e+01
1.091488e+02	-1.934352e+01
1.097793e+02	-1.939292e+01
1.104133e+02	-1.944394e+01
1.110511e+02	-1.949209e+01
1.116925e+02	-1.954019e+01
1.123376e+02	-1.958932e+01
1.129865e+02	-1.963918e+01
1.136391e+02	-1.969109e+01
1.142955e+02	-1.973948e+01
1.149556e+02	-1.979042e+01
1.156196e+02	-1.983876e+01
1.162874e+02	-1.988927e+01
1.169591e+02	-1.993853e+01
1.176347e+02	-1.998603e+01
1.183141e+02	-2.003806e+01
1.189975e+02	-2.008645e+01
1.196848e+02	-2.013593e+01
1.203761e+02	-2.018485e+01
1.210714e+02	-2.023560e+01
1.217707e+02	-2.028376e+01
1.224740e+02	-2.033428e+01
1.231814e+02	-2.038196e+01
1.238929e+02	-2.043106e+01
1.246085e+02	-2.048197e+01
1.253283e+02	-2.053137e+01
1.260522e+02	-2.058380e+01
1.267802e+02	-2.063217e+01
1.275125e+02	-2.068260e+01
1.282490e+02	-2.073223e+01
1.289898e+02	-2.077867e+01
1.297348e+02	-2.083023e+01
1.304842e+02	-2.087865e+01
1.312378e+02	-2.092888e+01
1.319959e+02	-2.097811e+01
1.327583e+02	-2.102986e+01
1.335251e+02	-2.107814e+01
1.342963e+02	-2.112696e+01
1.350720e+02	-2.117597e+01
1.358522e+02	-2.122669e+01
1.366368e+02	-2.127664e+01
1.374260e+02	-2.132700e+01
1.382198e+02	-2.137548e+01
1.390182e+02	-2.142434e+01
1.398211e+02	-2.147453e+01
1.406287e+02	-2.152487e+01
1.414410e+02	-2.157443e+01
1.422579e+02	-2.162610e+01
1.430796e+02	-2.167320e+01
1.439060e+02	-2.172316e+01
1.447372e+02	-2.177407e+01
1.455732e+02	-2.182406e+01
1.464141e+02	-2.187240e+01
1.472597e+02	-2.192167e+01
1.481103e+02	-2.197153e+01
1.489658e+02	-2.202275e+01
1.498262e+02	-2.207219e+01
1.506916e+02	-2.212238e+01
1.515620e+02	-2.217219e+01
1.524374e+02	-2.222078e+01
1.533179e+02	-2.227129e+01
1.542034e+02	-2.232005e+01
1.550941e+02	-2.236910e+01
1.559899e+02	-2.242100e+01
1.568909e+02	-2.247253e+01
1.577971e+02	-2.251901e+01
1.587085e+02	-2.257185e+01
1.596252e+02	-2.261917e+01
1.605472e+02	-2.266904e+01
1.614745e+02	-2.271952e+01
1.624072e+02	-2.276911e+01
1.633453e+02	-2.281919e+01
1.642887e+02	-2.287093e+01
1.652377e+02	-2.291737e+01
1.661921e+02	-2.296778e+01
1.671520e+02	-2.301662e+01
1.681175e+02	-2.306469e+01
1.690885e+02	-2.311807e+01
1.700651e+02	-2.316560e+01
1.710474e+02	-2.321653e+01
1.720354e+02	-2.326751e+01
1.730291e+02	-2.331607e+01
1.740285e+02	-2.336453e+01
1.750337e+02	-2.341462e+01
1.760446e+02	-2.346509e+01
1.770615e+02	-2.351809e+01
1.780842e+02	-2.356523e+01
1.791128e+02	-2.361582e+01
1.801473e+02	-2.366455e+01
1.811878e+02	-2.371460e+01
1.822344e+02	-2.376268e+01
1.832870e+02	-2.381885e+01
1.843456e+02	-2.386556e+01
1.854104e+02	-2.391569e+01
1.864813e+02	-2.396225e+01
1.875584e+02	-2.401303e+01
1.886418e+02	-2.406368e+01
1.897313e+02	-2.411439e+01
1.908272e+02	-2.416207e+01
1.919294e+02	-2.421395e+01
1.930380e+02	-2.426132e+01
1.941530e+02	-2.431375e+01
1.952744e+02	-2.436116e+01
1.964023e+02	-2.441287e+01
1.975367e+02	-2.446230e+01
1.986777e+02	-2.451197e+01
1.998252e+02	-2.456301e+01
2.009794e+02	-2.461226e+01
2.021403e+02	-2.466025e+01
2.033078e+02	-2.471057e+01
2.044821e+02	-2.476206e+01
2.056632e+02	-2.481085e+01
2.068511e+02	-2.486066e+01
2.080459e+02	-2.491282e+01
2.092475e+02	-2.495779e+01
2.104561e+02	-2.501154e+01
2.116717e+02	-2.506182e+01
2.128943e+02	-2.511118e+01
2.141240e+02	-2.516179e+01
2.153608e+02	-2.521415e+01
2.166047e+02	-2.526278e+01
2.178558e+02	-2.531060e+01
2.191141e+02	-2.536034e+01
2.203797e+02	-2.541084e+01
2.216526e+02	-2.546133e+01
2.229329e+02	-2.550787e+01
2.242205e+02	-2.555855e+01
2.255156e+02	-2.561326e+01
2.268182e+02	-2.566092e+01
2.281283e+02	-2.571041e+01
2.294459e+02	-2.576250e+01
2.307712e+02	-2.580895e+01
2.321041e+02	-2.585979e+01
2.334447e+02	-2.591429e+01
2.347931e+02	-2.595982e+01
2.361493e+02	-2.600970e+01
2.375133e+02	-2.606073e+01
2.388851e+02	-2.611030e+01
2.402649e+02	-2.615825e+01
2.416527e+02	-2.620837e+01
2.430484e+02	-2.625967e+01
2.444523e+02	-2.630959e+01
2.458642e+02	-2.635820e+01
2.472843e+02	-2.641175e+01
2.487126e+02	-2.646063e+01
2.501492e+02	-2.651171e+01
2.515940e+02	-2.656097e+01
2.530472e+02	-2.660874e+01
2.545088e+02	-2.666102e+01
2.559789e+02	-2.670908e+01
2.574574e+02	-2.675697e+01
2.589444e+02	-2.680699e+01
2.604401e+02	-2.685940e+01
2.619444e+02	-2.691312e+01
2.634574e+02	-2.696062e+01
2.649791e+02	-2.700866e+01
2.665096e+02	-2.705510e+01
2.680489e+02	-2.710875e+01
2.695972e+02	-2.716148e+01
2.711544e+02	-2.720812e+01
2.727205e+02	-2.726119e+01
2.742958e+02	-2.731103e+01
2.758801e+02	-2.736142e+01
2.774736e+02	-2.741133e+01
2.790762e+02	-2.745972e+01
2.806882e+02	-2.751309e+01
2.823094e+02	-2.755883e+01
2.839400e+02	-2.760910e+01
2.855800e+02	-2.765979e+01
2.872295e+02	-2.770981e+01
2.888886e+02	-2.775910e+01
2.905572e+02	-2.780685e+01
2.922354e+02	-2.785859e+01
2.939234e+02	-2.791036e+01
2.956211e+02	-2.795821e+01
2.973286e+02	-2.800834e+01
2.990459e+02	-2.806036e+01
3.007732e+02	-2.811128e+01
3.025104e+02	-2.815918e+01
3.042577e+02	-2.820592e+01
3.060151e+02	-2.825481e+01
3.077826e+02	-2.831012e+01
3.095604e+02	-2.835755e+01
3.113484e+02	-2.840597e+01
3.131467e+02	-2.845797e+01
3.149554e+02	-2.850835e+01
3.167746e+02	-2.856105e+01
3.186043e+02	-2.860807e+01
3.204445e+02	-2.865876e+01
3.222954e+02	-2.870788e+01
3.241570e+02	-2.875599e+01
3.260293e+02	-2.881001e+01
3.279124e+02	-2.885818e+01
3.298064e+02	-2.891233e+01
3.317114e+02	-2.896223e+01
3.336273e+02	-2.900731e+01
3.355544e+02	-2.906417e+01
3.374925e+02	-2.910580e+01
3.394418e+02	-2.916035e+01
3.414024e+02	-2.921307e+01
3.433744e+02	-2.926230e+01
3.453577e+02	-2.930855e+01
3.473525e+02	-2.936019e+01
3.493588e+02	-2.940932e+01
3.513766e+02	-2.946568e+01
3.534062e+02	-2.951106e+01
3.554474e+02	-2.956343e+01
3.575005e+02	-2.961219e+01
3.595654e+02	-2.965974e+01
3.616422e+02	-2.971205e+01
3.637311e+02	-2.976239e+01
3.658320e+02	-2.981384e+01
3.679450e+02	-2.986026e+01
3.700702e+02	-2.991346e+01
3.722077e+02	-2.996240e+01
3.743576e+02	-3.000970e+01
3.765199e+02	-3.005966e+01
3.786946e+02	-3.011087e+01
3.808820e+02	-3.016045e+01
3.830819e+02	-3.021017e+01
3.852946e+02	-3.026166e+01
3.875200e+02	-3.031142e+01
3.897583e+02	-3.036368e+01
3.920096e+02	-3.040524e+01
3.942738e+02	-3.046615e+01
3.965511e+02	-3.051002e+01
3.988416e+02	-3.055962e+01
4.011452e+02	-3.061382e+01
4.034622e+02	-3.066999e+01
4.057926e+02	-3.071415e+01
4.081365e+02	-3.076244e+01
4.104938e+02	-3.081598e+01
4.128648e+02	-3.085681e+01
4.152495e+02	-3.091438e+01
4.176480e+02	-3.096195e+01
4.200603e+02	-3.101796e+01
4.224866e+02	-3.106358e+01
4.249268e+02	-3.111439e+01
4.273812e+02	-3.116483e+01
4.298497e+02	-3.121391e+01
4.323325e+02	-3.126636e+01
4.348297e+02	-3.131550e+01
4.373412e+02	-3.136857e+01
4.398673e+02	-3.141402e+01
4.424079e+02	-3.146316e+01
4.449633e+02	-3.151464e+01
4.475334e+02	-3.156608e+01
4.501183e+02	-3.161487e+01
4.527182e+02	-3.166752e+01
4.553330e+02	-3.171756e+01
4.579630e+02	-3.176294e+01
4.606082e+02	-3.181618e+01
4.632687e+02	-3.186925e+01
4.659445e+02	-3.191695e+01
4.686358e+02	-3.196664e+01
4.713426e+02	-3.201931e+01
4.740650e+02	-3.207062e+01
4.768032e+02	-3.211670e+01
4.795572e+02	-3.217016e+01
4.823271e+02	-3.221588e+01
4.851130e+02	-3.226952e+01
4.879150e+02	-3.231378e+01
4.907332e+02	-3.236796e+01
4.935676e+02	-3.241249e+01
4.964185e+02	-3.246554e+01
4.992858e+02	-3.251678e+01
5.021696e+02	-3.256454e+01
5.050701e+02	-3.262106e+01
5.079874e+02	-3.266936e+01
5.109215e+02	-3.272157e+01
5.138726e+02	-3.276046e+01
5.168407e+02	-3.282319e+01
5.198259e+02	-3.286876e+01
5.228284e+02	-3.291935e+01
5.258482e+02	-3.297554e+01
5.288855e+02	-3.302200e+01
5.319403e+02	-3.306732e+01
5.350128e+02	-3.312369e+01
5.381030e+02	-3.316428e+01
5.412111e+02	-3.323181e+01
5.443371e+02	-3.326343e+01
5.474812e+02	-3.332955e+01
5.506434e+02	-3.337233e+01
5.538239e+02	-3.342892e+01
5.570228e+02	-3.347579e+01
5.602401e+02	-3.352479e+01
5.634760e+02	-3.358229e+01
5.667306e+02	-3.362955e+01
5.700040e+02	-3.368098e+01
5.732964e+02	-3.372658e+01
5.766077e+02	-3.377709e+01
5.799382e+02	-3.382692e+01
5.832879e+02	-3.387364e+01
5.866569e+02	-3.392843e+01
5.900454e+02	-3.397051e+01
5.934535e+02	-3.403135e+01
5.968813e+02	-3.407132e+01
6.003288e+02	-3.413090e+01
6.037963e+02	-3.417574e+01
6.072838e+02	-3.423489e+01
6.107914e+02	-3.428304e+01
6.143194e+02	-3.432666e+01
6.178676e+02	-3.438681e+01
6.214364e+02	-3.442949e+01
6.250258e+02	-3.448275e+01
6.286359e+02	-3.453278e+01
6.322669e+02	-3.457738e+01
6.359189e+02	-3.463568e+01
6.395919e+02	-3.469010e+01
6.432862e+02	-3.473352e+01
6.470017e+02	-3.478211e+01
6.507388e+02	-3.483095e+01
6.544974e+02	-3.488464e+01
6.582778e+02	-3.493003e+01
6.620800e+02	-3.498671e+01
6.659041e+02	-3.502806e+01
6.697504e+02	-3.508244e+01
6.736188e+02	-3.513534e+01
6.775096e+02	-3.519138e+01
6.814229e+02	-3.523840e+01
6.853587e+02	-3.528680e+01
6.893173e+02	-3.534159e+01
6.932988e+02	-3.538189e+01
6.973033e+02	-3.543340e+01
7.013309e+02	-3.549359e+01
7.053817e+02	-3.553636e+01
7.094560e+02	-3.558463e+01
7.135538e+02	-3.563645e+01
7.176752e+02	-3.568709e+01
7.218205e+02	-3.573934e+01
7.259897e+02	-3.579901e+01
7.301830e+02	-3.584025e+01
7.344005e+02	-3.589825e+01
7.386424e+02	-3.593429e+01
7.429087e+02	-3.599241e+01
7.471998e+02	-3.604737e+01
7.515155e+02	-3.608754e+01
7.558563e+02	-3.612684e+01
7.602221e+02	-3.619665e+01
7.646131e+02	-3.623873e+01
7.690295e+02	-3.629417e+01
7.734713e+02	-3.634908e+01
7.779389e+02	-3.639265e+01
7.824322e+02	-3.643834e+01
7.869515e+02	-3.649853e+01
7.914969e+02	-3.655115e+01
7.960686e+02	-3.660027e+01
8.006666e+02	-3.665025e+01
8.052912e+02	-3.669124e+01
8.099426e+02	-3.674272e+01
8.146208e+02	-3.680371e+01
8.193260e+02	-3.685984e+01
8.240584e+02	-3.690635e+01
8.288181e+02	-3.694199e+01
8.336053e+02	-3.699253e+01
8.384202e+02	-3.705739e+01
8.432629e+02	-3.710485e+01
8.481335e+02	-3.714791e+01
8.530323e+02	-3.721559e+01
8.579594e+02	-3.726251e+01
8.629149e+02	-3.730267e+01
8.678991e+02	-3.736028e+01
8.729120e+02	-3.741507e+01
8.779539e+02	-3.746190e+01
8.830250e+02	-3.750613e+01
8.881253e+02	-3.756819e+01
8.932551e+02	-3.760122e+01
8.984145e+02	-3.765061e+01
9.036037e+02	-3.771208e+01
9.088229e+02	-3.774971e+01
9.140722e+02	-3.781255e+01
9.193518e+02	-3.785935e+01
9.246620e+02	-3.791112e+01
9.300028e+02	-3.797178e+01
9.353744e+02	-3.800829e+01
9.407771e+02	-3.806875e+01
9.462110e+02	-3.812136e+01
9.516763e+02	-3.816645e+01
9.571731e+02	-3.822680e+01
9.627017e+02	-3.825867e+01
9.682622e+02	-3.832630e+01
9.738549e+02	-3.836767e+01
9.794798e+02	-3.843381e+01
9.851373e+02	-3.847131e+01
9.908274e+02	-3.851757e+01
9.965504e+02	-3.858453e+01
1.002306e+03	-3.862703e+01
1.008096e+03	-3.867703e+01
1.013918e+03	-3.872496e+01
1.019775e+03	-3.878461e+01
1.025665e+03	-3.883769e+01
1.031589e+03	-3.888246e+01
1.037548e+03	-3.894375e+01
1.043540e+03	-3.898927e+01
1.049568e+03	-3.902913e+01
1.055630e+03	-3.907394e+01
1.061727e+03	-3.914292e+01
1.067860e+03	-3.917929e+01
1.074028e+03	-3.923400e+01
1.080231e+03	-3.928934e+01
1.086471e+03	-3.934029e+01
1.092746e+03	-3.939819e+01
1.099058e+03	-3.944132e+01
1.105406e+03	-3.948931e+01
1.111791e+03	-3.954096e+01
1.118212e+03	-3.959047e+01
1.124671e+03	-3.964033e+01
1.131167e+03	-3.969488e+01
1.137701e+03	-3.974172e+01
1.144272e+03	-3.979570e+01
1.150881e+03	-3.984345e+01
1.157529e+03	-3.989450e+01
1.164215e+03	-3.992688e+01
1.170939e+03	-3.999313e+01
1.177702e+03	-4.005577e+01
1.184505e+03	-4.011005e+01
1.191346e+03	-4.014672e+01
1.198227e+03	-4.019885e+01
1.205148e+03	-4.024195e+01
1.212109e+03	-4.031686e+01
1.219110e+03	-4.036208e+01
1.226152e+03	-4.039826e+01
1.233234e+03	-4.046937e+01
1.240357e+03	-4.052311e+01
1.247521e+03	-4.057072e+01
1.254727e+03	-4.060245e+01
1.261974e+03	-4.068102e+01
1.269263e+03	-4.073959e+01
1.276595e+03	-4.077507e+01
1.283968e+03	-4.081677e+01
1.291384e+03	-4.086406e+01
1.298843e+03	-4.092193e+01
1.306345e+03	-4.098404e+01
1.313891e+03	-4.102424e+01
1.321480e+03	-4.108197e+01
1.329113e+03	-4.115301e+01
1.336790e+03	-4.117187e+01
1.344511e+03	-4.124862e+01
1.352277e+03	-4.129859e+01
1.360087e+03	-4.134377e+01
1.367943e+03	-4.137997e+01
1.375844e+03	-4.144595e+01
1.383791e+03	-4.149897e+01
1.391784e+03	-4.153166e+01
1.399823e+03	-4.159807e+01
1.407908e+03	-4.163528e+01
1.416040e+03	-4.169350e+01
1.424219e+03	-4.176077e+01
1.432445e+03	-4.180662e+01
1.440719e+03	-4.183545e+01
1.449041e+03	-4.189286e+01
1.457410e+03	-4.194241e+01
1.465828e+03	-4.201901e+01
1.474295e+03	-4.208583e+01
1.482810e+03	-4.210606e+01
1.491375e+03	-4.216363e+01
1.499989e+03	-4.223097e+01
1.508653e+03	-4.225207e+01
1.517367e+03	-4.234633e+01
1.526131e+03	-4.235369e+01
1.534946e+03	-4.244827e+01
1.543812e+03	-4.248971e+01
1.552729e+03	-4.255129e+01
1.561697e+03	-4.258426e+01
1.570717e+03	-4.264877e+01
1.579790e+03	-4.269377e+01
1.588915e+03	-4.273837e+01
1.598092e+03	-4.278997e+01
1.607323e+03	-4.285544e+01
1.616606e+03	-4.290630e+01
1.625944e+03	-4.294929e+01
1.635335e+03	-4.300379e+01
1.644781e+03	-4.305939e+01
1.654281e+03	-4.309233e+01
1.663836e+03	-4.317907e+01
1.673446e+03	-4.321773e+01
1.683112e+03	-4.327278e+01
1.692834e+03	-4.328911e+01
1.702611e+03	-4.336288e+01
1.712446e+03	-4.340229e+01
1.722337e+03	-4.348227e+01
1.732285e+03	-4.350490e+01
1.742290e+03	-4.358195e+01
1.752354e+03	-4.364215e+01
1.762475e+03	-4.364929e+01
1.772655e+03	-4.374193e+01
1.782894e+03	-4.377575e+01
1.793192e+03	-4.386002e+01
1.803549e+03	-4.391296e+01
1.813967e+03	-4.394492e+01
1.824444e+03	-4.397994e+01
1.834982e+03	-4.405604e+01
1.845581e+03	-4.408569e+01
1.856241e+03	-4.416889e+01
1.866962e+03	-4.423710e+01
1.877746e+03	-4.427011e+01
1.888592e+03	-4.430752e+01
1.899500e+03	-4.435569e+01
1.910472e+03	-4.445721e+01
1.921506e+03	-4.449337e+01
1.932605e+03	-4.451310e+01
1.943768e+03	-4.458146e+01
1.954995e+03	-4.464768e+01
1.966287e+03	-4.466960e+01
1.977644e+03	-4.475490e+01
1.989067e+03	-4.481656e+01
2.000555e+03	-4.481311e+01
2.012110e+03	-4.489421e+01
2.023732e+03	-4.495865e+01
2.035421e+03	-4.501023e+01
2.047178e+03	-4.508116e+01
2.059002e+03	-4.511025e+01
2.070895e+03	-4.518717e+01
2.082856e+03	-4.523283e+01
2.094887e+03	-4.521446e+01
2.106987e+03	-4.531412e+01
2.119157e+03	-4.539584e+01
2.131397e+03	-4.541548e+01
2.143708e+03	-4.550236e+01
2.156090e+03	-4.553131e+01
2.168543e+03	-4.560618e+01
2.181069e+03	-4.566095e+01
2.193666e+03	-4.574908e+01
2.206337e+03	-4.574543e+01
2.219081e+03	-4.582518e+01
2.231898e+03	-4.585642e+01
2.244789e+03	-4.590604e+01
2.257755e+03	-4.599590e+01
2.270796e+03	-4.604714e+01
2.283912e+03	-4.610565e+01
2.297104e+03	-4.613199e+01
2.310372e+03	-4.618733e+01
2.323716e+03	-4.625002e+01
2.337138e+03	-4.630876e+01
2.350637e+03	-4.638030e+01
2.364214e+03	-4.640814e+01
2.377870e+03	-4.647101e+01
2.391604e+03	-4.653492e+01
2.405418e+03	-4.658297e+01
2.419312e+03	-4.666280e+01
2.433286e+03	-4.666381e+01
2.447340e+03	-4.674062e+01
2.461476e+03	-4.681231e+01
2.475693e+03	-4.680959e+01
2.489993e+03	-4.689943e+01
2.504375e+03	-4.696403e+01
2.518840e+03	-4.704255e+01
2.533389e+03	-4.707989e+01
2.548022e+03	-4.711757e+01
2.562739e+03	-4.720308e+01
2.577541e+03	-4.727278e+01
2.592429e+03	-4.730046e+01
2.607403e+03	-4.740643e+01
2.622463e+03	-4.742222e+01
2.637610e+03	-4.744545e+01
2.652845e+03	-4.753297e+01
2.668168e+03	-4.755797e+01
2.683579e+03	-4.767117e+01
2.699079e+03	-4.768101e+01
2.714669e+03	-4.776102e+01
2.730349e+03	-4.781226e+01
2.746119e+03	-4.788196e+01
2.761981e+03	-4.791011e+01
2.777934e+03	-4.797968e+01
2.793979e+03	-4.806503e+01
2.810117e+03	-4.810326e+01
2.826348e+03	-4.818157e+01
2.842673e+03	-4.824178e+01
2.859092e+03	-4.827399e+01
2.875606e+03	-4.833314e+01
2.892215e+03	-4.841917e+01
2.908921e+03	-4.842142e+01
2.925722e+03	-4.852435e+01
2.942621e+03	-4.849818e+01
2.959618e+03	-4.860344e+01
2.976712e+03	-4.869323e+01
2.993906e+03	-4.873725e+01
3.011198e+03	-4.879256e+01
3.028591e+03	-4.884693e+01
3.046084e+03	-4.889597e+01
3.063678e+03	-4.900544e+01
3.081374e+03	-4.905508e+01
3.099172e+03	-4.908480e+01
3.117072e+03	-4.908827e+01
3.135076e+03	-4.926766e+01
3.153184e+03	-4.927867e+01
3.171397e+03	-4.932088e+01
3.189715e+03	-4.932409e+01
3.208139e+03	-4.943948e+01
3.226669e+03	-4.948313e+01
3.245306e+03	-4.953033e+01
3.264051e+03	-4.960004e+01
3.282904e+03	-4.971667e+01
3.301866e+03	-4.971597e+01
3.320937e+03	-4.982076e+01
3.340119e+03	-4.987520e+01
3.359411e+03	-4.989784e+01
3.378815e+03	-4.998489e+01
3.398331e+03	-5.004616e+01
3.417959e+03	-5.007190e+01
3.437701e+03	-5.017108e+01
3.457557e+03	-5.023919e+01
3.477528e+03	-5.028875e+01
3.497614e+03	-5.028871e+01
3.517816e+03	-5.040563e+01
3.538135e+03	-5.042715e+01
3.558571e+03	-5.048853e+01
3.579125e+03	-5.061753e+01
3.599798e+03	-5.064825e+01
3.620590e+03	-5.073961e+01
3.641503e+03	-5.076945e+01
3.662536e+03	-5.086750e+01
3.683691e+03	-5.087036e+01
3.704967e+03	-5.094989e+01
3.726367e+03	-5.095329e+01
3.747890e+03	-5.109619e+01
3.769538e+03	-5.114365e+01
3.791311e+03	-5.122029e+01
3.813209e+03	-5.128677e+01
3.835234e+03	-5.129276e+01
3.857386e+03	-5.135443e+01
3.879667e+03	-5.145242e+01
3.902075e+03	-5.150735e+01
3.924614e+03	-5.160785e+01
3.947282e+03	-5.165277e+01
3.970081e+03	-5.177113e+01
3.993012e+03	-5.178559e+01
4.016076e+03	-5.191290e+01
4.039272e+03	-5.195859e+01
4.062603e+03	-5.203488e+01
4.086069e+03	-5.206211e+01
4.109670e+03	-5.213762e+01
4.133407e+03	-5.216591e+01
4.157281e+03	-5.229504e+01
4.181294e+03	-5.228717e+01
4.205445e+03	-5.241457e+01
4.229735e+03	-5.250625e+01
4.254166e+03	-5.251628e+01
4.278738e+03	-5.253174e+01
4.303451e+03	-5.266499e+01
4.328308e+03	-5.270124e+01
4.353308e+03	-5.273414e+01
4.378453e+03	-5.282301e+01
4.403742e+03	-5.288600e+01
4.429178e+03	-5.303639e+01
4.454761e+03	-5.306874e+01
4.480492e+03	-5.317660e+01
4.506371e+03	-5.322563e+01
4.532399e+03	-5.330932e+01
4.558578e+03	-5.337807e+01
4.584908e+03	-5.347297e+01
4.611391e+03	-5.350867e+01
4.638026e+03	-5.351358e+01
4.664815e+03	-5.361502e+01
4.691759e+03	-5.368154e+01
4.718858e+03	-5.376685e+01
4.746114e+03	-5.379222e+01
4.773527e+03	-5.390385e+01
4.801099e+03	-5.396511e+01
4.828830e+03	-5.400084e+01
4.856721e+03	-5.405032e+01
4.884773e+03	-5.423792e+01
4.912988e+03	-5.433444e+01
4.941365e+03	-5.435880e+01
4.969906e+03	-5.447893e+01
4.998612e+03	-5.445864e+01
5.027484e+03	-5.451723e+01
5.056522e+03	-5.473281e+01
5.085729e+03	-5.476682e+01
5.115104e+03	-5.482038e+01
5.144648e+03	-5.492271e+01
5.174363e+03	-5.496890e+01
5.204250e+03	-5.504327e+01
5.234310e+03	-5.506013e+01
5.264543e+03	-5.527211e+01
5.294951e+03	-5.526517e+01
5.325534e+03	-5.535926e+01
5.356294e+03	-5.548107e+01
5.387232e+03	-5.562530e+01
5.418348e+03	-5.567347e+01
5.449645e+03	-5.567448e+01
5.481122e+03	-5.568837e+01
5.512780e+03	-5.594298e+01
5.544622e+03	-5.595093e+01
5.576647e+03	-5.607143e+01
5.608858e+03	-5.606970e+01
5.641254e+03	-5.621192e+01
5.673838e+03	-5.634405e+01
5.706610e+03	-5.629048e+01
5.739571e+03	-5.641275e+01
5.772723e+03	-5.646422e+01
5.806066e+03	-5.665343e+01
5.839601e+03	-5.659619e+01
5.873331e+03	-5.676641e+01
5.907255e+03	-5.695630e+01
5.941375e+03	-5.698341e+01
5.975692e+03	-5.707229e+01
6.010207e+03	-5.708894e+01
6.044922e+03	-5.718186e+01
6.079837e+03	-5.735581e+01
6.114954e+03	-5.741409e+01
6.150274e+03	-5.752107e+01
6.185797e+03	-5.764440e+01
6.221526e+03	-5.778169e+01
6.257462e+03	-5.779158e+01
6.293605e+03	-5.782544e+01
6.329956e+03	-5.798539e+01
6.366518e+03	-5.811190e+01
6.403290e+03	-5.818283e+01
6.440276e+03	-5.825686e+01
6.477474e+03	-5.836857e+01
6.514888e+03	-5.833939e+01
6.552518e+03	-5.865368e+01
6.590365e+03	-5.866479e+01
6.628430e+03	-5.877663e+01
6.666716e+03	-5.889273e+01
6.705223e+03	-5.908801e+01
6.743952e+03	-5.906230e+01
6.782905e+03	-5.923293e+01
6.822082e+03	-5.933057e+01
6.861486e+03	-5.940070e+01
6.901118e+03	-5.957059e+01
6.940979e+03	-5.962269e+01
6.981069e+03	-5.975079e+01
7.021392e+03	-5.983992e+01
7.061947e+03	-5.986328e+01
7.102737e+03	-6.014232e+01
7.143762e+03	-6.020244e+01
7.185024e+03	-6.037996e+01
7.226524e+03	-6.019561e+01
7.268264e+03	-6.052456e+01
7.310246e+03	-6.048930e+01
7.352469e+03	-6.056483e+01
7.394937e+03	-6.073582e+01
7.437650e+03	-6.096479e+01
7.480609e+03	-6.109328e+01
7.523817e+03	-6.125169e+01
7.567274e+03	-6.129856e+01
7.610982e+03	-6.139356e+01
7.654943e+03	-6.149346e+01
7.699158e+03	-6.163144e+01
7.743628e+03	-6.194980e+01
7.788355e+03	-6.185643e+01
7.833340e+03	-6.207275e+01
7.878585e+03	-6.208742e+01
7.924091e+03	-6.219715e+01
7.969861e+03	-6.233133e+01
8.015894e+03	-6.246529e+01
8.062194e+03	-6.252027e+01
8.108761e+03	-6.270332e+01
8.155596e+03	-6.282307e+01
8.202703e+03	-6.278534e+01
8.250081e+03	-6.303552e+01
8.297733e+03	-6.299359e+01
8.345661e+03	-6.299012e+01
8.393865e+03	-6.310827e+01
8.442348e+03	-6.319328e+01
8.491110e+03	-6.326096e+01
8.540155e+03	-6.323726e+01
8.589482e+03	-6.325954e+01
8.639095e+03	-6.325368e+01
8.688994e+03	-6.297393e+01
8.739181e+03	-6.323570e+01
8.789658e+03	-6.291723e+01
8.840427e+03	-6.284224e+01
8.891489e+03	-6.230894e+01
8.942846e+03	-6.197275e+01
8.994499e+03	-6.163644e+01
9.046451e+03	-6.128502e+01
9.098703e+03	-6.082633e+01
9.151257e+03	-6.061420e+01
9.204114e+03	-6.075109e+01
9.257277e+03	-6.211997e+01
9.310746e+03	-6.411547e+01
9.364525e+03	-6.661626e+01
9.418614e+03	-6.998187e+01
9.473015e+03	-7.275393e+01
9.527731e+03	-7.596399e+01
9.582763e+03	-7.903711e+01
9.638113e+03	-8.413267e+01
9.693782e+03	-9.362109e+01
9.749773e+03	-9.718352e+01
9.806087e+03	-1.043525e+02
9.862727e+03	-9.551857e+01
9.919693e+03	-9.567325e+01
9.976989e+03	-9.779058e+01
1.003462e+04	-9.290453e+01
1.009258e+04	-9.730473e+01
1.015087e+04	-1.009523e+02
1.020950e+04	-8.904679e+01
1.026847e+04	-8.889332e+01
1.032778e+04	-9.469493e+01
1.038743e+04	-8.862194e+01
1.044743e+04	-8.745181e+01
1.050777e+04	-8.554731e+01
1.056847e+04	-8.330446e+01
1.062951e+04	-8.288854e+01
1.069091e+04	-8.068419e+01
1.075266e+04	-8.131601e+01
1.081476e+04	-8.117937e+01
1.087723e+04	-8.062857e+01
1.094006e+04	-7.947695e+01
1.100324e+04	-7.884414e+01
1.106680e+04	-7.721612e+01
1.113072e+04	-7.768185e+01
1.119501e+04	-7.498342e+01
1.125967e+04	-7.538409e+01
1.132471e+04	-7.409058e+01
1.139012e+04	-7.367835e+01
1.145591e+04	-7.340550e+01
1.152208e+04	-7.357325e+01
1.158863e+04	-7.342586e+01
1.165556e+04	-7.262199e+01
1.172289e+04	-7.189162e+01
1.179060e+04	-7.173501e+01
1.185870e+04	-7.096409e+01
1.192719e+04	-7.099312e+01
1.199608e+04	-7.055025e+01
1.206537e+04	-7.077127e+01
1.213506e+04	-7.059007e+01
1.220515e+04	-6.957621e+01
1.227565e+04	-6.966451e+01
1.234655e+04	-6.891215e+01
1.241787e+04	-6.905588e+01
1.248959e+04	-6.836354e+01
1.256173e+04	-6.818140e+01
1.263429e+04	-6.817908e+01
1.270726e+04	-6.750371e+01
1.278066e+04	-6.734994e+01
1.285448e+04	-6.712707e+01
1.292873e+04	-6.700566e+01
1.300340e+04	-6.726137e+01
1.307851e+04	-6.652569e+01
1.315405e+04	-6.650273e+01
1.323003e+04	-6.590940e+01
1.330644e+04	-6.599817e+01
1.338330e+04	-6.581589e+01
1.346060e+04	-6.545056e+01
1.353835e+04	-6.518936e+01
1.361655e+04	-6.506944e+01
1.369520e+04	-6.467338e+01
1.377430e+04	-6.465978e+01
1.385386e+04	-6.474312e+01
1.393388e+04	-6.449629e+01
1.401436e+04	-6.418038e+01
1.409531e+04	-6.374382e+01
1.417672e+04	-6.373102e+01
1.425861e+04	-6.354975e+01
1.434096e+04	-6.365569e+01
1.442379e+04	-6.310243e+01
1.450711e+04	-6.320016e+01
1.459090e+04	-6.283985e+01
1.467518e+04	-6.297255e+01
1.475994e+04	-6.267990e+01
1.484519e+04	-6.257415e+01
1.493094e+04	-6.235673e+01
1.501718e+04	-6.223288e+01
1.510392e+04	-6.194197e+01
1.519116e+04	-6.200061e+01
1.527890e+04	-6.182569e+01
1.536715e+04	-6.181186e+01
1.545591e+04	-6.149172e+01
1.554518e+04	-6.150645e+01
1.563497e+04	-6.125393e+01
1.572528e+04	-6.111698e+01
1.581611e+04	-6.117803e+01
1.590746e+04	-6.061148e+01
1.599934e+04	-6.073708e+01
1.609175e+04	-6.063421e+01
1.618470e+04	-6.041443e+01
1.627818e+04	-6.030079e+01
1.637220e+04	-6.007061e+01
1.646677e+04	-6.004562e+01
1.656188e+04	-6.015605e+01
1.665754e+04	-5.978726e+01
1.675375e+04	-5.967524e+01
1.685052e+04	-5.963537e+01
1.694785e+04	-5.958454e+01
1.704574e+04	-5.957088e+01
1.714419e+04	-5.932484e+01
1.724322e+04	-5.930376e+01
1.734281e+04	-5.918486e+01
1.744299e+04	-5.890881e+01
1.754374e+04	-5.900524e+01
1.764507e+04	-5.889649e+01
1.774698e+04	-5.872717e+01
1.784949e+04	-5.859478e+01
1.795259e+04	-5.852101e+01
1.805628e+04	-5.839562e+01
1.816057e+04	-5.816224e+01
1.826547e+04	-5.803850e+01
1.837097e+04	-5.808766e+01
1.847708e+04	-5.798985e+01
1.858380e+04	-5.791975e+01
1.869114e+04	-5.778995e+01
1.879910e+04	-5.767224e+01
1.890768e+04	-5.751298e+01
1.901689e+04	-5.747980e+01
1.912673e+04	-5.741631e+01
1.923721e+04	-5.725287e+01
1.934832e+04	-5.716950e+01
1.946008e+04	-5.710964e+01
1.957248e+04	-5.702990e+01
1.968553e+04	-5.684461e+01
1.979923e+04	-5.675395e+01
1.991359e+04	-5.671976e+01
2.002861e+04	-5.664103e+01
2.014430e+04	-5.663846e+01
2.026065e+04	-5.640314e+01
2.037767e+04	-5.631307e+01
2.049537e+04	-5.616865e+01
2.061375e+04	-5.619313e+01
2.073282e+04	-5.607115e+01
2.085257e+04	-5.601312e+01
2.097301e+04	-5.597718e+01
2.109415e+04	-5.583346e+01
2.121599e+04	-5.586839e+01
2.133853e+04	-5.568782e+01
2.146178e+04	-5.558629e+01
2.158575e+04	-5.542770e+01
2.171043e+04	-5.550002e+01
2.183582e+04	-5.545522e+01
2.196195e+04	-5.536806e+01
2.208880e+04	-5.512268e+01
2.221638e+04	-5.521503e+01
2.234470e+04	-5.500822e+01
2.247377e+04	-5.501662e+01
2.260357e+04	-5.495575e+01
2.273413e+04	-5.480361e+01
2.286544e+04	-5.476456e+01
2.299751e+04	-5.471497e+01
2.313034e+04	-5.468151e+01
2.326394e+04	-5.446106e+01
2.339832e+04	-5.452765e+01
2.353346e+04	-5.440519e+01
2.366939e+04	-5.428085e+01
2.380610e+04	-5.420110e+01
2.394361e+04	-5.416735e+01
2.408191e+04	-5.406578e+01
2.422100e+04	-5.400376e+01
2.436090e+04	-5.394256e+01
2.450161e+04	-5.382023e+01
2.464313e+04	-5.380751e+01
2.478547e+04	-5.372805e+01
2.492863e+04	-5.358127e+01
2.507261e+04	-5.353774e+01
2.521743e+04	-5.349213e+01
2.536309e+04	-5.345057e+01
2.550958e+04	-5.332765e+01
2.565692e+04	-5.319473e+01
2.580512e+04	-5.322732e+01
2.595417e+04	-5.313552e+01
2.610408e+04	-5.297832e+01
2.625485e+04	-5.302079e+01
2.640650e+04	-5.298746e+01
2.655902e+04	-5.290517e+01
2.671243e+04	-5.280613e+01
2.686672e+04	-5.271880e+01
2.702190e+04	-5.271745e+01
2.717798e+04	-5.261484e+01
2.733495e+04	-5.254354e+01
2.749284e+04	-5.247294e+01
2.765164e+04	-5.238191e+01
2.781135e+04	-5.235172e+01
2.797199e+04	-5.217220e+01
2.813355e+04	-5.215406e+01
2.829605e+04	-5.211212e+01
2.845949e+04	-5.204866e+01
2.862387e+04	-5.200053e+01
2.878920e+04	-5.187831e+01
2.895549e+04	-5.181498e+01
2.912273e+04	-5.179782e+01
2.929094e+04	-5.168322e+01
2.946013e+04	-5.161485e+01
2.963029e+04	-5.156021e+01
2.980143e+04	-5.151976e+01
2.997356e+04	-5.144902e+01
3.014669e+04	-5.136702e+01
3.032081e+04	-5.128388e+01
3.049595e+04	-5.125401e+01
3.067209e+04	-5.117049e+01
3.084925e+04	-5.113042e+01
3.102743e+04	-5.109688e+01
3.120665e+04	-5.103433e+01
3.138690e+04	-5.086754e+01
3.156819e+04	-5.085031e+01
3.175052e+04	-5.082424e+01
3.193391e+04	-5.078842e+01
3.211836e+04	-5.074168e+01
3.230388e+04	-5.064044e+01
3.249046e+04	-5.053559e+01
3.267812e+04	-5.052891e+01
3.286687e+04	-5.046831e+01
3.305671e+04	-5.041608e+01
3.324764e+04	-5.031627e+01
3.343968e+04	-5.021243e+01
3.363283e+04	-5.019508e+01
3.382709e+04	-5.016081e+01
3.402247e+04	-5.007507e+01
3.421899e+04	-5.006039e+01
3.441663e+04	-4.999650e+01
3.461542e+04	-4.989574e+01
3.481536e+04	-4.986787e+01
3.501645e+04	-4.973860e+01
3.521871e+04	-4.967853e+01
3.542213e+04	-4.961590e+01
3.562672e+04	-4.957121e+01
3.583250e+04	-4.952028e+01
3.603947e+04	-4.946935e+01
3.624763e+04	-4.942378e+01
3.645700e+04	-4.933640e+01
3.666757e+04	-4.930657e+01
3.687936e+04	-4.924728e+01
3.709238e+04	-4.918662e+01
3.730662e+04	-4.912060e+01
3.752210e+04	-4.903848e+01
3.773883e+04	-4.903199e+01
3.795680e+04	-4.896819e+01
3.817604e+04	-4.891888e+01
3.839654e+04	-4.883014e+01
3.861832e+04	-4.875923e+01
3.884138e+04	-4.866513e+01
3.906573e+04	-4.863122e+01
3.929137e+04	-4.860460e+01
3.951831e+04	-4.851406e+01
3.974657e+04	-4.847833e+01
3.997614e+04	-4.840939e+01
4.020704e+04	-4.840125e+01
4.043928e+04	-4.832915e+01
4.067285e+04	-4.828402e+01
4.090778e+04	-4.821235e+01
4.114406e+04	-4.814130e+01
4.138171e+04	-4.808034e+01
4.162073e+04	-4.801667e+01
4.186113e+04	-4.797364e+01
4.210291e+04	-4.786124e+01
4.234610e+04	-4.780978e+01
4.259069e+04	-4.780233e+01
4.283669e+04	-4.773115e+01
4.308411e+04	-4.767449e+01
4.333297e+04	-4.764259e+01
4.358325e+04	-4.757561e+01
4.383499e+04	-4.749032e+01
4.408818e+04	-4.747059e+01
4.434283e+04	-4.736676e+01
4.459895e+04	-4.733716e+01
4.485655e+04	-4.727537e+01
4.511564e+04	-4.726417e+01
4.537623e+04	-4.715856e+01
4.563832e+04	-4.710530e+01
4.590193e+04	-4.703918e+01
4.616705e+04	-4.701512e+01
4.643371e+04	-4.692186e+01
4.670191e+04	-4.689168e+01
4.697166e+04	-4.683894e+01
4.724297e+04	-4.676846e+01
4.751584e+04	-4.670905e+01
4.779029e+04	-4.669297e+01
4.806633e+04	-4.659940e+01
4.834395e+04	-4.653608e+01
4.862319e+04	-4.650096e+01
4.890403e+04	-4.643421e+01
4.918650e+04	-4.637487e+01
4.947060e+04	-4.632313e+01
4.975634e+04	-4.627431e+01
5.004373e+04	-4.623496e+01
5.033278e+04	-4.619054e+01
5.062350e+04	-4.614099e+01
5.091590e+04	-4.606243e+01
5.120999e+04	-4.599709e+01
5.150578e+04	-4.598957e+01
5.180327e+04	-4.589221e+01
5.210248e+04	-4.585563e+01
5.240343e+04	-4.581059e+01
5.270611e+04	-4.576005e+01
5.301053e+04	-4.565472e+01
5.331672e+04	-4.564264e+01
5.362468e+04	-4.558447e+01
5.393441e+04	-4.552831e+01
5.424593e+04	-4.548580e+01
5.455926e+04	-4.543904e+01
5.487439e+04	-4.535241e+01
5.519134e+04	-4.530634e+01
5.551012e+04	-4.523124e+01
5.583075e+04	-4.517819e+01
5.615322e+04	-4.516254e+01
5.647756e+04	-4.507754e+01
5.680377e+04	-4.504995e+01
5.713187e+04	-4.497249e+01
5.746186e+04	-4.496710e+01
5.779376e+04	-4.487671e+01
5.812757e+04	-4.484265e+01
5.846332e+04	-4.476245e+01
5.880100e+04	-4.469478e+01
5.914063e+04	-4.467101e+01
5.948222e+04	-4.460491e+01
5.982579e+04	-4.455069e+01
6.017134e+04	-4.450838e+01
6.051889e+04	-4.447339e+01
6.086844e+04	-4.441414e+01
6.122002e+04	-4.435078e+01
6.157362e+04	-4.429187e+01
6.192927e+04	-4.425726e+01
6.228697e+04	-4.417222e+01
6.264674e+04	-4.413250e+01
6.300858e+04	-4.409821e+01
6.337252e+04	-4.402144e+01
6.373855e+04	-4.398038e+01
6.410670e+04	-4.393289e+01
6.447698e+04	-4.389041e+01
6.484940e+04	-4.381743e+01
6.522397e+04	-4.375806e+01
6.560070e+04	-4.372566e+01
6.597960e+04	-4.365056e+01
6.636070e+04	-4.361702e+01
6.674400e+04	-4.353905e+01
6.712951e+04	-4.351606e+01
6.751724e+04	-4.343923e+01
6.790722e+04	-4.340057e+01
6.829945e+04	-4.333978e+01
6.869395e+04	-4.328301e+01
6.909072e+04	-4.324158e+01
6.948978e+04	-4.319618e+01
6.989115e+04	-4.313264e+01
7.029484e+04	-4.308598e+01
7.070086e+04	-4.303779e+01
7.110923e+04	-4.295965e+01
7.151995e+04	-4.290746e+01
7.193305e+04	-4.285318e+01
7.234853e+04	-4.280701e+01
7.276641e+04	-4.277215e+01
7.318671e+04	-4.271568e+01
7.360943e+04	-4.266058e+01
7.403460e+04	-4.261064e+01
7.446222e+04	-4.256373e+01
7.489231e+04	-4.251678e+01
7.532488e+04	-4.245950e+01
7.575996e+04	-4.240964e+01
7.619754e+04	-4.234761e+01
7.663766e+04	-4.228608e+01
7.708031e+04	-4.225332e+01
7.752553e+04	-4.220307e+01
7.797331e+04	-4.214651e+01
7.842368e+04	-4.209215e+01
7.887665e+04	-4.204464e+01
7.933224e+04	-4.198343e+01
7.979046e+04	-4.192889e+01
8.025133e+04	-4.190974e+01
8.071486e+04	-4.184109e+01
8.118106e+04	-4.177137e+01
8.164996e+04	-4.173082e+01
8.212157e+04	-4.168338e+01
8.259590e+04	-4.161788e+01
8.307297e+04	-4.157945e+01
8.355279e+04	-4.153777e+01
8.403539e+04	-4.147232e+01
8.452078e+04	-4.142737e+01
8.500897e+04	-4.136812e+01
8.549997e+04	-4.133089e+01
8.599382e+04	-4.126526e+01
8.649052e+04	-4.121633e+01
8.699008e+04	-4.116256e+01
8.749253e+04	-4.110514e+01
8.799789e+04	-4.105888e+01
8.850616e+04	-4.100626e+01
8.901737e+04	-4.097564e+01
8.953153e+04	-4.091276e+01
9.004866e+04	-4.086205e+01
9.056877e+04	-4.081218e+01
9.109190e+04	-4.075611e+01
9.161804e+04	-4.069915e+01
9.214722e+04	-4.065638e+01
9.267946e+04	-4.058746e+01
9.321477e+04	-4.052978e+01
9.375318e+04	-4.049301e+01
9.429469e+04	-4.044239e+01
9.483933e+04	-4.038455e+01
9.538712e+04	-4.033118e+01
9.593807e+04	-4.030021e+01
9.649221e+04	-4.022572e+01
9.704954e+04	-4.017830e+01
9.761010e+04	-4.013048e+01
9.817389e+04	-4.008218e+01
9.874094e+04	-4.003158e+01
9.931126e+04	-3.999770e+01
9.988488e+04	-3.993562e+01
1.004618e+05	-3.989916e+01
1.010421e+05	-3.984014e+01
1.016257e+05	-3.977434e+01
1.022127e+05	-3.972754e+01
1.028031e+05	-3.966471e+01
1.033968e+05	-3.961153e+01
1.039941e+05	-3.956311e+01
1.045947e+05	-3.952227e+01
1.051989e+05	-3.944901e+01
1.058065e+05	-3.943450e+01
1.064176e+05	-3.937077e+01
1.070323e+05	-3.932437e+01
1.076505e+05	-3.926879e+01
1.082723e+05	-3.920095e+01
1.088977e+05	-3.916207e+01
1.095266e+05	-3.911962e+01
1.101593e+05	-3.907091e+01
1.107955e+05	-3.901998e+01
1.114355e+05	-3.897234e+01
1.120791e+05	-3.890497e+01
1.127265e+05	-3.885653e+01
1.133776e+05	-3.880858e+01
1.140325e+05	-3.875456e+01
1.146911e+05	-3.870992e+01
1.153536e+05	-3.867017e+01
1.160198e+05	-3.860657e+01
1.166900e+05	-3.855625e+01
1.173640e+05	-3.850613e+01
1.180419e+05	-3.845022e+01
1.187237e+05	-3.839615e+01
1.194094e+05	-3.833777e+01
1.200991e+05	-3.829232e+01
1.207928e+05	-3.824656e+01
1.214905e+05	-3.820027e+01
1.221922e+05	-3.813799e+01
1.228980e+05	-3.810952e+01
1.236078e+05	-3.805379e+01
1.243218e+05	-3.799764e+01
1.250399e+05	-3.794334e+01
1.257621e+05	-3.788865e+01
1.264885e+05	-3.784270e+01
1.272191e+05	-3.779625e+01
1.279539e+05	-3.773776e+01
1.286930e+05	-3.769215e+01
1.294363e+05	-3.764834e+01
1.301839e+05	-3.758774e+01
1.309358e+05	-3.753398e+01
1.316921e+05	-3.749022e+01
1.324528e+05	-3.744357e+01
1.332178e+05	-3.739473e+01
1.339873e+05	-3.733337e+01
1.347612e+05	-3.728905e+01
1.355395e+05	-3.724786e+01
1.363224e+05	-3.717400e+01
1.371098e+05	-3.713976e+01
1.379018e+05	-3.709459e+01
1.386983e+05	-3.704631e+01
1.394994e+05	-3.697448e+01
1.403051e+05	-3.692666e+01
1.411155e+05	-3.687547e+01
1.419306e+05	-3.682952e+01
1.427504e+05	-3.678811e+01
1.435749e+05	-3.673014e+01
1.444042e+05	-3.668725e+01
1.452383e+05	-3.662965e+01
1.460772e+05	-3.657634e+01
1.469209e+05	-3.653254e+01
1.477695e+05	-3.648570e+01
1.486230e+05	-3.642538e+01
1.494814e+05	-3.637533e+01
1.503448e+05	-3.631062e+01
1.512132e+05	-3.627477e+01
1.520866e+05	-3.621702e+01
1.529651e+05	-3.617460e+01
1.538486e+05	-3.612566e+01
1.547372e+05	-3.608125e+01
1.556310e+05	-3.602215e+01
1.565299e+05	-3.597172e+01
1.574340e+05	-3.591611e+01
1.583433e+05	-3.587590e+01
1.592579e+05	-3.582319e+01
1.601778e+05	-3.577931e+01
1.611030e+05	-3.572277e+01
1.620335e+05	-3.566870e+01
1.629694e+05	-3.562266e+01
1.639107e+05	-3.557923e+01
1.648574e+05	-3.553438e+01
1.658097e+05	-3.547430e+01
1.667674e+05	-3.542343e+01
1.677306e+05	-3.537233e+01
1.686994e+05	-3.531119e+01
1.696738e+05	-3.527549e+01
1.706538e+05	-3.521562e+01
1.716395e+05	-3.516985e+01
1.726309e+05	-3.512102e+01
1.736280e+05	-3.505872e+01
1.746309e+05	-3.502651e+01
1.756395e+05	-3.497078e+01
1.766540e+05	-3.490951e+01
1.776744e+05	-3.487242e+01
1.787006e+05	-3.481433e+01
1.797328e+05	-3.476502e+01
1.807709e+05	-3.471175e+01
1.818150e+05	-3.467196e+01
1.828652e+05	-3.462429e+01
1.839214e+05	-3.456323e+01
1.849837e+05	-3.452065e+01
1.860522e+05	-3.446803e+01
1.871268e+05	-3.442734e+01
1.882077e+05	-3.437060e+01
1.892948e+05	-3.431854e+01
1.903881e+05	-3.426553e+01
1.914878e+05	-3.421723e+01
1.925938e+05	-3.416083e+01
1.937062e+05	-3.411899e+01
1.948251e+05	-3.406163e+01
1.959504e+05	-3.401597e+01
1.970822e+05	-3.396341e+01
1.982205e+05	-3.391277e+01
1.993654e+05	-3.386351e+01
2.005169e+05	-3.381238e+01
2.016751e+05	-3.376661e+01
2.028400e+05	-3.371355e+01
2.040116e+05	-3.366140e+01
2.051899e+05	-3.361225e+01
2.063751e+05	-3.356543e+01
2.075671e+05	-3.351450e+01
2.087660e+05	-3.346177e+01
2.099719e+05	-3.341668e+01
2.111846e+05	-3.335776e+01
2.124044e+05	-3.331553e+01
2.136313e+05	-3.326320e+01
2.148652e+05	-3.321517e+01
2.161063e+05	-3.316239e+01
2.173545e+05	-3.311221e+01
2.186099e+05	-3.306261e+01
2.198726e+05	-3.300930e+01
2.211426e+05	-3.296856e+01
2.224199e+05	-3.290815e+01
2.237046e+05	-3.286356e+01
2.249967e+05	-3.280845e+01
2.262962e+05	-3.276488e+01
2.276033e+05	-3.271631e+01
2.289179e+05	-3.266535e+01
2.302402e+05	-3.260614e+01
2.315700e+05	-3.255633e+01
2.329076e+05	-3.251263e+01
2.342528e+05	-3.245959e+01
2.356059e+05	-3.240268e+01
2.369667e+05	-3.235965e+01
2.383354e+05	-3.231152e+01
2.397120e+05	-3.226315e+01
2.410966e+05	-3.221355e+01
2.424892e+05	-3.215882e+01
2.438898e+05	-3.210917e+01
2.452985e+05	-3.206403e+01
2.467153e+05	-3.200645e+01
2.481403e+05	-3.195538e+01
2.495736e+05	-3.191500e+01
2.510151e+05	-3.186403e+01
2.524650e+05	-3.181295e+01
2.539232e+05	-3.176807e+01
2.553898e+05	-3.170793e+01
2.568650e+05	-3.165843e+01
2.583486e+05	-3.161107e+01
2.598408e+05	-3.155629e+01
2.613416e+05	-3.151042e+01
2.628511e+05	-3.146289e+01
2.643694e+05	-3.141485e+01
2.658963e+05	-3.135784e+01
2.674321e+05	-3.131310e+01
2.689768e+05	-3.125974e+01
2.705304e+05	-3.120406e+01
2.720930e+05	-3.115882e+01
2.736646e+05	-3.110368e+01
2.752453e+05	-3.105642e+01
2.768351e+05	-3.101207e+01
2.784341e+05	-3.096155e+01
2.800423e+05	-3.090619e+01
2.816598e+05	-3.085859e+01
2.832867e+05	-3.080915e+01
2.849229e+05	-3.075967e+01
2.865686e+05	-3.071040e+01
2.882238e+05	-3.066272e+01
2.898886e+05	-3.060579e+01
2.915630e+05	-3.056114e+01
2.932470e+05	-3.050804e+01
2.949408e+05	-3.046009e+01
2.966444e+05	-3.040971e+01
2.983578e+05	-3.036295e+01
3.000811e+05	-3.031030e+01
3.018143e+05	-3.026642e+01
3.035576e+05	-3.021100e+01
3.053109e+05	-3.016315e+01
3.070744e+05	-3.011503e+01
3.088481e+05	-3.006027e+01
3.106320e+05	-3.001088e+01
3.124261e+05	-2.996505e+01
3.142307e+05	-2.991530e+01
3.160457e+05	-2.985960e+01
3.178712e+05	-2.981166e+01
3.197072e+05	-2.976406e+01
3.215538e+05	-2.971314e+01
3.234111e+05	-2.966458e+01
3.252791e+05	-2.961183e+01
3.271579e+05	-2.956308e+01
3.290475e+05	-2.950900e+01
3.309481e+05	-2.946338e+01
3.328596e+05	-2.941688e+01
3.347822e+05	-2.936107e+01
3.367159e+05	-2.931413e+01
3.386608e+05	-2.926243e+01
3.406169e+05	-2.921386e+01
3.425842e+05	-2.916124e+01
3.445630e+05	-2.911454e+01
3.465532e+05	-2.906344e+01
3.485549e+05	-2.901755e+01
3.505681e+05	-2.896837e+01
3.525930e+05	-2.891429e+01
3.546295e+05	-2.886522e+01
3.566778e+05	-2.881669e+01
3.587380e+05	-2.876286e+01
3.608101e+05	-2.871405e+01
3.628941e+05	-2.866658e+01
3.649901e+05	-2.861660e+01
3.670983e+05	-2.856706e+01
3.692187e+05	-2.851354e+01
3.713513e+05	-2.847146e+01
3.734962e+05	-2.841372e+01
3.756535e+05	-2.836377e+01
3.778232e+05	-2.831905e+01
3.800055e+05	-2.826992e+01
3.822004e+05	-2.821928e+01
3.844080e+05	-2.816943e+01
3.866283e+05	-2.811876e+01
3.888615e+05	-2.806604e+01
3.911075e+05	-2.801681e+01
3.933665e+05	-2.796940e+01
3.956386e+05	-2.792008e+01
3.979238e+05	-2.786786e+01
4.002222e+05	-2.782100e+01
4.025338e+05	-2.777174e+01
4.048589e+05	-2.771738e+01
4.071973e+05	-2.766924e+01
4.095493e+05	-2.762107e+01
4.119148e+05	-2.757119e+01
4.142940e+05	-2.751927e+01
4.166870e+05	-2.746818e+01
4.190937e+05	-2.742406e+01
4.215144e+05	-2.737051e+01
4.239490e+05	-2.732562e+01
4.263978e+05	-2.727261e+01
4.288606e+05	-2.722383e+01
4.313377e+05	-2.717166e+01
4.338291e+05	-2.712415e+01
4.363349e+05	-2.707438e+01
4.388551e+05	-2.702348e+01
4.413899e+05	-2.697280e+01
4.439394e+05	-2.692431e+01
4.465035e+05	-2.687435e+01
4.490825e+05	-2.682531e+01
4.516764e+05	-2.677947e+01
4.542853e+05	-2.672835e+01
4.569092e+05	-2.668007e+01
4.595483e+05	-2.662701e+01
4.622026e+05	-2.657886e+01
4.648723e+05	-2.652667e+01
4.675574e+05	-2.647713e+01
4.702580e+05	-2.642943e+01
4.729742e+05	-2.637952e+01
4.757060e+05	-2.632968e+01
4.784537e+05	-2.627998e+01
4.812172e+05	-2.623246e+01
4.839967e+05	-2.618000e+01
4.867923e+05	-2.613141e+01
4.896040e+05	-2.608091e+01
4.924319e+05	-2.603124e+01
4.952762e+05	-2.598597e+01
4.981369e+05	-2.593424e+01
5.010141e+05	-2.588556e+01
5.039079e+05	-2.583515e+01
5.068185e+05	-2.578404e+01
5.097458e+05	-2.573424e+01
5.126901e+05	-2.568627e+01
5.156514e+05	-2.563808e+01
5.186298e+05	-2.558895e+01
5.216253e+05	-2.553780e+01
5.246382e+05	-2.549005e+01
5.276685e+05	-2.543753e+01
5.307163e+05	-2.538730e+01
5.337817e+05	-2.533896e+01
5.368648e+05	-2.528894e+01
5.399657e+05	-2.524139e+01
5.430845e+05	-2.519435e+01
5.462214e+05	-2.514071e+01
5.493763e+05	-2.509258e+01
5.525495e+05	-2.504285e+01
5.557410e+05	-2.499600e+01
5.589509e+05	-2.494549e+01
5.621794e+05	-2.489480e+01
5.654265e+05	-2.484471e+01
5.686924e+05	-2.479371e+01
5.719772e+05	-2.474662e+01
5.752809e+05	-2.469615e+01
5.786037e+05	-2.464895e+01
5.819457e+05	-2.459684e+01
5.853070e+05	-2.454805e+01
5.886877e+05	-2.449912e+01
5.920879e+05	-2.445049e+01
5.955078e+05	-2.440280e+01
5.989474e+05	-2.435271e+01
6.024069e+05	-2.430166e+01
6.058864e+05	-2.425093e+01
6.093860e+05	-2.420110e+01
6.129058e+05	-2.415516e+01
6.164459e+05	-2.410582e+01
6.200064e+05	-2.405468e+01
6.235876e+05	-2.400775e+01
6.271894e+05	-2.395884e+01
6.308120e+05	-2.390512e+01
6.344555e+05	-2.385938e+01
6.381201e+05	-2.380906e+01
6.418059e+05	-2.375810e+01
6.455129e+05	-2.370997e+01
6.492414e+05	-2.366348e+01
6.529914e+05	-2.361324e+01
6.567630e+05	-2.356526e+01
6.605565e+05	-2.351272e+01
6.643718e+05	-2.346487e+01
6.682092e+05	-2.341617e+01
6.720688e+05	-2.336719e+01
6.759506e+05	-2.331904e+01
6.798549e+05	-2.326877e+01
6.837817e+05	-2.321906e+01
6.877312e+05	-2.316976e+01
6.917035e+05	-2.312274e+01
6.956987e+05	-2.307175e+01
6.997171e+05	-2.302245e+01
7.037586e+05	-2.297332e+01
7.078235e+05	-2.292492e+01
7.119118e+05	-2.287819e+01
7.160238e+05	-2.282656e+01
7.201595e+05	-2.277901e+01
7.243191e+05	-2.272758e+01
7.285028e+05	-2.267931e+01
7.327106e+05	-2.263275e+01
7.369427e+05	-2.257914e+01
7.411992e+05	-2.253310e+01
7.454804e+05	-2.248417e+01
7.497862e+05	-2.243598e+01
7.541170e+05	-2.238527e+01
7.584727e+05	-2.233845e+01
7.628536e+05	-2.228850e+01
7.672598e+05	-2.223962e+01
7.716915e+05	-2.218929e+01
7.761488e+05	-2.214192e+01
7.806318e+05	-2.209420e+01
7.851407e+05	-2.204267e+01
7.896756e+05	-2.199389e+01
7.942367e+05	-2.194486e+01
7.988242e+05	-2.189696e+01
8.034382e+05	-2.184925e+01
8.080788e+05	-2.179975e+01
8.127463e+05	-2.174836e+01
8.174406e+05	-2.170166e+01
8.221621e+05	-2.165238e+01
8.269109e+05	-2.160435e+01
8.316871e+05	-2.155730e+01
8.364909e+05	-2.150677e+01
8.413225e+05	-2.145652e+01
8.461819e+05	-2.140923e+01
8.510694e+05	-2.136047e+01
8.559852e+05	-2.131323e+01
8.609293e+05	-2.126386e+01
8.659020e+05	-2.121369e+01
8.709034e+05	-2.116545e+01
8.759337e+05	-2.111742e+01
8.809931e+05	-2.106836e+01
8.860816e+05	-2.102175e+01
8.911996e+05	-2.097168e+01
8.963471e+05	-2.092529e+01
9.015244e+05	-2.087569e+01
9.067316e+05	-2.082573e+01
9.119688e+05	-2.077602e+01
9.172363e+05	-2.073184e+01
9.225342e+05	-2.068163e+01
9.278628e+05	-2.063232e+01
9.332221e+05	-2.058359e+01
9.386123e+05	-2.053691e+01
9.440337e+05	-2.048691e+01
9.494864e+05	-2.043912e+01
9.549706e+05	-2.038903e+01
9.604865e+05	-2.034102e+01
9.660342e+05	-2.029277e+01
9.716140e+05	-2.024589e+01
9.772260e+05	-2.019616e+01
9.828704e+05	-2.014809e+01
9.885474e+05	-2.010038e+01
9.942572e+05	-2.005231e+01
1.000000e+06	-2.000408e+01
