Frequency(Hz)	Magnitude(dB)
1.000000e+01	1.043996e-03
1.005776e+01	-2.837255e-03
1.011585e+01	-5.441147e-03
1.017428e+01	4.351885e-03
1.023305e+01	2.342572e-03
1.029215e+01	5.709546e-03
1.035160e+01	-5.336675e-03
1.041139e+01	7.121837e-03
1.047153e+01	-1.781851e-02
1.053201e+01	4.935217e-03
1.059284e+01	-1.990198e-02
1.065403e+01	-2.326083e-03
1.071556e+01	-1.775112e-02
1.077746e+01	-2.823383e-03
1.083971e+01	1.340481e-02
1.090232e+01	4.912740e-03
1.096529e+01	-2.013444e-02
1.102862e+01	8.842303e-03
1.109232e+01	1.731106e-02
1.115639e+01	-5.040828e-03
1.122083e+01	-2.346454e-02
1.128564e+01	1.535861e-02
1.135083e+01	-1.662252e-02
1.141639e+01	-1.427987e-02
1.148233e+01	1.819369e-02
1.154865e+01	5.317913e-03
1.161536e+01	-1.132910e-03
1.168245e+01	-7.189445e-03
1.174992e+01	5.427358e-03
1.181779e+01	1.529858e-02
1.188605e+01	6.620150e-03
1.195470e+01	1.335263e-02
1.202375e+01	-1.115942e-02
1.209320e+01	-7.269754e-03
1.216305e+01	-6.324482e-04
1.223330e+01	2.311251e-02
1.230396e+01	-1.871647e-02
1.237503e+01	1.934152e-03
1.244651e+01	-1.465197e-02
1.251840e+01	1.141502e-02
1.259070e+01	-4.848502e-03
1.266343e+01	-1.975188e-02
1.273657e+01	-7.127463e-03
1.281014e+01	-1.004024e-02
1.288413e+01	-1.127223e-02
1.295855e+01	-5.852700e-04
1.303339e+01	-9.727951e-03
1.310867e+01	2.238811e-02
1.318439e+01	2.066563e-03
1.326054e+01	-1.595136e-02
1.333713e+01	9.305839e-03
1.341417e+01	-6.291060e-04
1.349165e+01	1.823979e-03
1.356958e+01	-9.299713e-04
1.364795e+01	-3.362008e-03
1.372678e+01	1.826782e-02
1.380607e+01	-8.109442e-03
1.388581e+01	1.448248e-03
1.396602e+01	2.494185e-02
1.404668e+01	-4.639169e-03
1.412782e+01	-1.632414e-02
1.420942e+01	-1.750017e-02
1.429149e+01	9.548460e-03
1.437404e+01	-6.753155e-03
1.445706e+01	2.095125e-02
1.454057e+01	2.002050e-02
1.462455e+01	1.740833e-02
1.470902e+01	-6.109458e-03
1.479398e+01	-1.219465e-02
1.487943e+01	-1.492100e-02
1.496537e+01	-2.756213e-03
1.505181e+01	-5.839764e-03
1.513875e+01	1.236621e-03
1.522619e+01	-1.420304e-02
1.531414e+01	-1.343109e-02
1.540259e+01	-1.603400e-02
1.549156e+01	1.646378e-02
1.558103e+01	-1.911432e-02
1.567103e+01	-1.673894e-02
1.576155e+01	1.911399e-02
1.585258e+01	-1.506274e-02
1.594415e+01	1.717270e-02
1.603624e+01	-5.760883e-03
1.612886e+01	3.023396e-02
1.622202e+01	-1.784992e-02
1.631572e+01	1.201120e-02
1.640996e+01	-4.802946e-03
1.650474e+01	2.251657e-02
1.660008e+01	1.685059e-02
1.669596e+01	-2.514333e-03
1.679239e+01	1.472656e-02
1.688938e+01	-2.631500e-02
1.698694e+01	1.122475e-02
1.708505e+01	1.300674e-02
1.718373e+01	-5.742934e-03
1.728299e+01	-6.501841e-03
1.738281e+01	1.048802e-03
1.748322e+01	3.182175e-03
1.758420e+01	-1.545319e-02
1.768576e+01	1.522804e-03
1.778792e+01	-1.545939e-02
1.789066e+01	5.845019e-03
1.799399e+01	-1.141611e-02
1.809793e+01	8.276620e-03
1.820246e+01	1.029811e-02
1.830760e+01	-1.339415e-03
1.841334e+01	-3.585898e-02
1.851969e+01	1.252650e-02
1.862666e+01	-7.379949e-03
1.873425e+01	1.190255e-02
1.884246e+01	-7.010042e-03
1.895129e+01	1.845650e-02
1.906075e+01	-1.899993e-02
1.917085e+01	-2.293022e-04
1.928158e+01	5.330804e-03
1.939295e+01	-1.217940e-02
1.950496e+01	2.281614e-02
1.961762e+01	1.248963e-02
1.973093e+01	2.046092e-02
1.984490e+01	1.948777e-02
1.995952e+01	-1.025637e-02
2.007480e+01	4.790342e-03
2.019076e+01	-8.130245e-03
2.030738e+01	2.067212e-02
2.042467e+01	2.628212e-02
2.054264e+01	-1.832774e-02
2.066130e+01	3.673655e-03
2.078064e+01	-1.505253e-02
2.090066e+01	1.084999e-02
2.102139e+01	3.464148e-02
2.114280e+01	-2.766994e-02
2.126492e+01	-7.803768e-04
2.138775e+01	-1.773929e-02
2.151128e+01	-2.133458e-02
2.163553e+01	-3.320825e-02
2.176050e+01	1.997491e-02
2.188619e+01	-3.842059e-03
2.201260e+01	4.365669e-03
2.213974e+01	-1.843420e-02
2.226762e+01	5.645918e-03
2.239624e+01	-2.519588e-02
2.252560e+01	-3.835178e-02
2.265571e+01	1.523392e-03
2.278656e+01	-7.406058e-03
2.291818e+01	-2.470385e-02
2.305055e+01	-9.775614e-03
2.318369e+01	-2.236135e-02
2.331760e+01	7.660663e-03
2.345228e+01	5.427941e-02
2.358774e+01	-1.205595e-02
2.372398e+01	-6.603242e-02
2.386101e+01	-3.155402e-02
2.399883e+01	-1.220594e-02
2.413745e+01	4.043095e-02
2.427686e+01	-3.458166e-02
2.441709e+01	3.082306e-02
2.455812e+01	-2.084159e-02
2.469997e+01	-6.017033e-03
2.484263e+01	2.788055e-02
2.498612e+01	1.582447e-02
2.513044e+01	4.421304e-03
2.527559e+01	-4.917096e-02
2.542158e+01	-8.505295e-02
2.556842e+01	1.314871e-02
2.571610e+01	-2.213248e-02
2.586463e+01	3.451911e-02
2.601403e+01	7.870781e-03
2.616428e+01	-5.953824e-02
2.631541e+01	3.100391e-02
2.646740e+01	2.083147e-02
2.662028e+01	8.140818e-02
2.677404e+01	-4.758388e-02
2.692868e+01	3.563650e-02
2.708422e+01	2.974267e-02
2.724066e+01	1.063387e-02
2.739800e+01	-4.488051e-02
2.755625e+01	-5.693542e-02
2.771541e+01	-7.208793e-02
2.787550e+01	-4.689090e-02
2.803650e+01	-1.751656e-03
2.819844e+01	1.644082e-02
2.836131e+01	2.383025e-02
2.852513e+01	-9.891538e-03
2.868989e+01	-4.851844e-02
2.885560e+01	1.538643e-02
2.902227e+01	1.169274e-02
2.918990e+01	5.502062e-02
2.935850e+01	4.455714e-02
2.952807e+01	-3.042053e-02
2.969863e+01	5.189343e-02
2.987016e+01	-1.332134e-02
3.004269e+01	-1.655527e-02
3.021622e+01	-6.881033e-02
3.039075e+01	-1.310837e-03
3.056628e+01	3.693961e-02
3.074283e+01	-7.214890e-04
3.092040e+01	5.380718e-03
3.109900e+01	9.544080e-02
3.127862e+01	7.283822e-03
3.145929e+01	1.643860e-02
3.164099e+01	-5.404055e-03
3.182375e+01	9.556849e-02
3.200756e+01	-3.855084e-02
3.219244e+01	4.016496e-02
3.237838e+01	6.917050e-02
3.256540e+01	-4.757914e-02
3.275349e+01	7.785015e-02
3.294268e+01	-1.080543e-02
3.313295e+01	7.166526e-03
3.332433e+01	-1.186889e-01
3.351681e+01	6.453371e-02
3.371040e+01	-5.060828e-02
3.390511e+01	2.095403e-02
3.410094e+01	3.745155e-02
3.429791e+01	-1.591121e-02
3.449601e+01	-1.571479e-03
3.469526e+01	-3.189751e-02
3.489566e+01	1.077122e-01
3.509721e+01	3.485149e-02
3.529993e+01	-1.054739e-02
3.550382e+01	4.253810e-02
3.570889e+01	-4.215266e-02
3.591515e+01	8.316022e-02
3.612259e+01	-1.268598e-02
3.633123e+01	-2.269170e-02
3.654108e+01	6.183602e-03
3.675214e+01	-4.416749e-02
3.696442e+01	2.016053e-02
3.717792e+01	1.174618e-01
3.739266e+01	3.294121e-02
3.760864e+01	-1.346159e-02
3.782587e+01	-1.500129e-02
3.804435e+01	1.346245e-02
3.826409e+01	-1.844051e-02
3.848510e+01	-1.663186e-02
3.870739e+01	2.759668e-02
3.893096e+01	5.269613e-02
3.915583e+01	9.690776e-02
3.938199e+01	-3.176576e-02
3.960946e+01	9.845896e-02
3.983824e+01	-7.033975e-04
4.006834e+01	-4.327667e-02
4.029978e+01	-4.942842e-02
4.053255e+01	1.928956e-02
4.076666e+01	3.685236e-04
4.100213e+01	-2.447744e-03
4.123896e+01	-8.307195e-03
4.147715e+01	-8.383346e-02
4.171672e+01	-6.532382e-03
4.195767e+01	1.526414e-01
4.220002e+01	4.240304e-03
4.244377e+01	8.063325e-03
4.268892e+01	-5.806778e-02
4.293549e+01	1.951677e-02
4.318348e+01	-1.115946e-02
4.343291e+01	-6.344371e-02
4.368377e+01	6.096969e-02
4.393609e+01	9.447113e-02
4.418986e+01	-4.426297e-02
4.444510e+01	1.205540e-02
4.470182e+01	-3.834831e-02
4.496001e+01	-5.440791e-03
4.521970e+01	8.539018e-02
4.548089e+01	-4.703282e-02
4.574358e+01	-1.361014e-01
4.600779e+01	8.042885e-02
4.627353e+01	-1.890891e-01
4.654081e+01	4.836629e-02
4.680963e+01	-2.822107e-02
4.708000e+01	2.195499e-01
4.735193e+01	-3.634659e-02
4.762543e+01	3.724903e-02
4.790051e+01	-4.952828e-02
4.817719e+01	2.196541e-01
4.845545e+01	-2.736163e-02
4.873533e+01	6.193323e-02
4.901682e+01	3.883743e-03
4.929994e+01	1.137742e-01
4.958470e+01	2.150093e-01
4.987110e+01	1.744116e-01
5.015915e+01	-6.369165e-02
5.044887e+01	-1.293097e-01
5.074026e+01	-1.592658e-03
5.103333e+01	-2.200719e-01
5.132810e+01	-7.829602e-02
5.162457e+01	4.628083e-02
5.192275e+01	1.925088e-01
5.222265e+01	-4.866751e-03
5.252429e+01	1.511071e-01
5.282767e+01	1.149551e-01
5.313280e+01	-9.147750e-02
5.343969e+01	6.486119e-02
5.374836e+01	-1.516370e-01
5.405880e+01	3.693489e-02
5.437105e+01	1.808788e-02
5.468509e+01	2.017622e-01
5.500095e+01	-1.930726e-03
5.531863e+01	-1.958405e-01
5.563815e+01	2.206944e-02
5.595951e+01	2.013151e-01
5.628273e+01	2.552088e-02
5.660782e+01	2.395024e-02
5.693479e+01	6.086123e-02
5.726364e+01	8.540264e-02
5.759439e+01	-1.219904e-01
5.792705e+01	1.130673e-01
5.826164e+01	1.424086e-01
5.859815e+01	-4.705077e-02
5.893662e+01	-1.394622e-02
5.927703e+01	-1.616879e-01
5.961941e+01	9.448799e-02
5.996377e+01	-8.614030e-02
6.031012e+01	-1.358777e-02
6.065847e+01	-3.995263e-01
6.100883e+01	1.076577e-01
6.136121e+01	-5.585015e-02
6.171563e+01	-3.708463e-03
6.207210e+01	-1.504096e-01
6.243063e+01	1.516039e-01
6.279122e+01	-2.091999e-01
6.315390e+01	9.528731e-02
6.351868e+01	-7.990446e-02
6.388556e+01	-4.089858e-01
6.425456e+01	1.329716e-01
6.462569e+01	-7.608370e-03
6.499897e+01	1.102472e-01
6.537440e+01	1.977204e-01
6.575200e+01	6.673455e-02
6.613178e+01	-2.825377e-01
6.651375e+01	8.963221e-02
6.689793e+01	-3.210804e-02
6.728433e+01	-3.808045e-01
6.767297e+01	-2.681169e-01
6.806384e+01	1.121200e-01
6.845698e+01	1.485869e-02
6.885238e+01	-3.269193e-01
6.925007e+01	-2.061306e-01
6.965005e+01	-4.499807e-02
7.005235e+01	3.561758e-01
7.045697e+01	-2.341364e-01
7.086393e+01	-6.977237e-02
7.127323e+01	9.808978e-02
7.168490e+01	1.123758e-02
7.209895e+01	-3.079818e-01
7.251539e+01	-1.492579e-01
7.293424e+01	4.131522e-02
7.335551e+01	5.322473e-01
7.377920e+01	-9.029058e-02
7.420535e+01	8.878120e-02
7.463396e+01	3.556245e-02
7.506504e+01	-1.266116e-02
7.549861e+01	-3.298779e-01
7.593469e+01	1.640529e-01
7.637328e+01	3.766344e-01
7.681441e+01	6.288814e-02
7.725809e+01	3.100146e-02
7.770433e+01	7.389249e-03
7.815315e+01	2.077453e-01
7.860456e+01	1.945871e-01
7.905857e+01	1.533299e-01
7.951521e+01	-1.485005e-01
7.997449e+01	1.165397e-01
8.043642e+01	9.291915e-02
8.090102e+01	-4.936060e-01
8.136830e+01	-5.026606e-01
8.183828e+01	-2.606796e-01
8.231097e+01	3.635717e-01
8.278640e+01	-2.384993e-01
8.326457e+01	3.379688e-01
8.374550e+01	-2.665412e-01
8.422921e+01	-2.331126e-01
8.471572e+01	7.350786e-02
8.520503e+01	8.138072e-02
8.569717e+01	4.025316e-01
8.619215e+01	-4.796341e-01
8.669000e+01	-1.495636e-01
8.719071e+01	1.810247e-01
8.769432e+01	5.405508e-01
8.820084e+01	-6.156041e-02
8.871029e+01	3.044361e-01
8.922267e+01	3.273172e-01
8.973802e+01	3.954799e-01
9.025634e+01	-2.190981e-01
9.077766e+01	-7.738120e-01
9.130199e+01	-7.341875e-01
9.182935e+01	-3.867966e-02
9.235975e+01	1.857593e-02
9.289321e+01	1.035283e-01
9.342976e+01	9.043684e-01
9.396941e+01	-4.273429e-01
9.451217e+01	-3.592161e-01
9.505807e+01	-2.642020e-01
9.560712e+01	5.077442e-01
9.615934e+01	6.336766e-01
9.671476e+01	-6.618247e-01
9.727338e+01	9.536947e-02
9.783522e+01	9.839573e-01
9.840032e+01	3.362822e-01
9.896867e+01	-2.490502e-01
9.954031e+01	-1.585223e-01
1.001153e+02	-4.668700e-02
1.006935e+02	9.469709e-02
1.012751e+02	9.947087e-01
1.018601e+02	-3.867549e-01
1.024484e+02	-2.371047e-01
1.030402e+02	6.727223e-01
1.036353e+02	5.750667e-02
1.042339e+02	-5.459061e-01
1.048360e+02	3.549134e-01
1.054415e+02	5.278796e-01
1.060505e+02	-8.167380e-01
1.066631e+02	9.066377e-02
1.072791e+02	2.583946e-01
1.078988e+02	-3.524276e-01
1.085220e+02	-8.829123e-01
1.091488e+02	-7.358725e-01
1.097793e+02	2.219586e-01
1.104133e+02	-3.860086e-01
1.110511e+02	-1.884545e-01
1.116925e+02	8.572979e-01
1.123376e+02	-5.810208e-01
1.129865e+02	-3.683791e-01
1.136391e+02	-1.536661e-01
1.142955e+02	-7.120103e-01
1.149556e+02	2.866318e-01
1.156196e+02	5.679356e-01
1.162874e+02	-6.474807e-02
1.169591e+02	1.892455e-01
1.176347e+02	1.386723e+00
1.183141e+02	-9.570236e-01
1.189975e+02	8.259063e-02
1.196848e+02	-5.027953e-01
1.203761e+02	6.503105e-01
1.210714e+02	9.724767e-01
1.217707e+02	3.167277e-01
1.224740e+02	-2.993166e-01
1.231814e+02	1.994684e+00
1.238929e+02	-5.825933e-01
1.246085e+02	-3.404894e-01
1.253283e+02	9.380662e-01
1.260522e+02	-6.090802e-01
1.267802e+02	6.506683e-01
1.275125e+02	1.915215e-02
1.282490e+02	1.382348e+00
1.289898e+02	6.948370e-01
1.297348e+02	9.106467e-02
1.304842e+02	4.124184e-01
1.312378e+02	-1.067364e+00
1.319959e+02	1.756224e-01
1.327583e+02	5.440236e-01
1.335251e+02	-9.647064e-01
1.342963e+02	2.976814e-01
1.350720e+02	7.040356e-01
1.358522e+02	7.849109e-02
1.366368e+02	-5.113181e-01
1.374260e+02	-1.344913e-01
1.382198e+02	2.618401e-01
1.390182e+02	-3.406854e-01
1.398211e+02	6.397321e-02
1.406287e+02	-5.132253e-01
1.414410e+02	2.177460e+00
1.422579e+02	3.090836e-01
1.430796e+02	-2.850904e-01
1.439060e+02	-8.494873e-01
1.447372e+02	6.140199e-01
1.455732e+02	1.107853e+00
1.464141e+02	1.655278e+00
1.472597e+02	-1.145667e+00
1.481103e+02	3.214091e-01
1.489658e+02	-2.757942e-01
1.498262e+02	1.902727e-01
1.506916e+02	-3.930699e-01
1.515620e+02	1.261126e+00
1.524374e+02	-4.799979e-01
1.533179e+02	-1.049692e+00
1.542034e+02	-1.564784e+00
1.550941e+02	-9.496038e-02
1.559899e+02	-1.641977e+00
1.568909e+02	1.014343e+00
1.577971e+02	-7.548798e-01
1.587085e+02	9.773273e-01
1.596252e+02	-7.892565e-01
1.605472e+02	-1.346360e+00
1.614745e+02	-8.466425e-01
1.624072e+02	2.302863e+00
1.633453e+02	-8.836448e-01
1.642887e+02	8.953714e-01
1.652377e+02	2.554718e-01
1.661921e+02	-3.431492e-01
1.671520e+02	-8.884323e-01
1.681175e+02	-1.428170e+00
1.690885e+02	2.907726e-01
1.700651e+02	9.563831e-01
1.710474e+02	3.195155e-01
1.720354e+02	-1.407696e+00
1.730291e+02	-8.581676e-01
1.740285e+02	-1.393459e+00
1.750337e+02	1.861290e+00
1.760446e+02	-1.667668e-01
1.770615e+02	4.976626e-01
1.780842e+02	-1.012757e-01
1.791128e+02	-6.734661e-01
1.801473e+02	-2.283365e+00
1.811878e+02	2.294600e+00
1.822344e+02	1.557509e+00
1.832870e+02	8.674538e-01
1.843456e+02	-2.151732e+00
1.854104e+02	-4.406594e+00
1.864813e+02	1.917706e+00
1.875584e+02	1.220795e+00
1.886418e+02	5.389396e-01
1.897313e+02	-2.434590e+00
1.908272e+02	-2.878789e+00
1.919294e+02	1.654826e+00
1.930380e+02	9.549085e-01
1.941530e+02	2.947968e-01
1.952744e+02	-2.632896e-01
1.964023e+02	-8.257976e-01
1.975367e+02	1.477207e+00
1.986777e+02	7.967697e-01
1.998252e+02	3.768765e+00
2.009794e+02	-4.059304e-01
2.021403e+02	2.129569e+00
2.033078e+02	1.393113e+00
2.044821e+02	7.386829e-01
2.056632e+02	3.800074e+00
2.068511e+02	-4.789461e-01
2.080459e+02	-1.034734e+00
2.092475e+02	-1.567114e+00
2.104561e+02	4.914692e+00
2.116717e+02	-2.519233e+00
2.128943e+02	-4.693421e-01
2.141240e+02	-3.415359e+00
2.153608e+02	-3.819446e+00
2.166047e+02	8.687939e-01
2.178558e+02	1.208440e+01
2.191141e+02	3.385462e+00
2.203797e+02	-9.225777e-01
2.216526e+02	-1.442836e+00
2.229329e+02	-1.961866e+00
2.242205e+02	4.776336e+00
2.255156e+02	-1.650387e-01
2.268182e+02	-7.375977e-01
2.281283e+02	-1.259205e+00
2.294459e+02	-1.781661e+00
2.307712e+02	-2.273464e+00
2.321041e+02	4.466668e+00
2.334447e+02	3.558541e+00
2.347931e+02	2.727234e+00
2.361493e+02	-1.523976e+00
2.375133e+02	-2.048787e+00
2.388851e+02	-2.495129e+00
2.402649e+02	-2.786755e-02
2.416527e+02	-6.414017e-01
2.430484e+02	9.490949e+00
2.444523e+02	1.864259e+00
2.458642e+02	-2.198556e+00
2.472843e+02	-2.635951e+00
2.487126e+02	-3.096024e+00
2.501492e+02	-6.873130e-01
2.515940e+02	2.692843e+00
2.530472e+02	1.946720e+00
2.545088e+02	1.218712e+00
2.559789e+02	-5.030153e+00
2.574574e+02	-3.147098e+00
2.589444e+02	-6.287086e-01
2.604401e+02	2.925785e+00
2.619444e+02	2.162849e+00
2.634574e+02	7.763002e+00
2.649791e+02	-2.660355e+00
2.665096e+02	5.317217e+00
2.680489e+02	-5.769493e+00
2.695972e+02	-6.099631e+00
2.711544e+02	2.591816e+00
2.727205e+02	1.833106e+00
2.742958e+02	1.126339e+00
2.758801e+02	4.820182e-01
2.774736e+02	-1.596626e-01
2.790762e+02	-7.179798e-01
2.806882e+02	-1.262537e+00
2.823094e+02	2.440830e+00
2.839400e+02	9.075963e+00
2.855800e+02	1.020921e+00
2.872295e+02	3.528621e-01
2.888886e+02	-2.441633e-01
2.905572e+02	-7.997464e-01
2.922354e+02	-4.374272e+00
2.939234e+02	2.504886e+00
2.956211e+02	9.713739e+00
2.973286e+02	1.047747e+00
2.990459e+02	4.097627e-01
3.007732e+02	-2.031481e-01
3.025104e+02	-7.848204e-01
3.042577e+02	-4.448416e+00
3.060151e+02	-1.831692e+00
3.077826e+02	-2.278801e+00
3.095604e+02	-2.761416e+00
3.113484e+02	-3.210754e+00
3.131467e+02	-3.633321e+00
3.149554e+02	-4.030748e+00
3.167746e+02	-4.435601e+00
3.186043e+02	-1.620584e+00
3.204445e+02	-2.112106e+00
3.222954e+02	1.813919e+00
3.241570e+02	1.366862e+01
3.260293e+02	-3.487994e+00
3.279124e+02	6.545302e+00
3.298064e+02	-7.107446e-01
3.317114e+02	-4.631326e+00
3.336273e+02	-5.020112e+00
3.355544e+02	-5.367747e+00
3.374925e+02	-5.692242e+00
3.394418e+02	1.016298e+01
3.414024e+02	-3.586805e+00
3.433744e+02	-3.984485e+00
3.453577e+02	5.907595e+00
3.473525e+02	-4.766373e+00
3.493588e+02	-1.722721e+00
3.513766e+02	-5.463909e+00
3.534062e+02	-2.675175e+00
3.554474e+02	-3.127646e+00
3.575005e+02	9.981249e+00
3.595654e+02	2.084801e-01
3.616422e+02	-7.051902e+00
3.637311e+02	-9.762694e-01
3.658320e+02	-1.499312e+00
3.679450e+02	-7.877002e+00
3.700702e+02	-2.471005e+00
3.722077e+02	-2.926998e+00
3.743576e+02	-3.356868e+00
3.765199e+02	-3.755910e+00
3.786946e+02	-4.170828e+00
3.808820e+02	-4.549553e+00
3.830819e+02	-4.913078e+00
3.852946e+02	-5.259963e+00
3.875200e+02	-5.622267e+00
3.897583e+02	4.214318e+00
3.920096e+02	-5.372270e+00
3.942738e+02	6.082019e+00
3.965511e+02	1.014762e+00
3.988416e+02	8.513092e+00
4.011452e+02	-2.451988e-01
4.034622e+02	-8.070638e-01
4.057926e+02	-1.317461e+00
4.081365e+02	-1.844655e+00
4.104938e+02	-2.333301e+00
4.128648e+02	-2.781303e+00
4.152495e+02	-3.215247e+00
4.176480e+02	-3.646321e+00
4.200603e+02	-4.072739e+00
4.224866e+02	-4.432973e+00
4.249268e+02	-4.810853e+00
4.273812e+02	-5.184047e+00
4.298497e+02	-5.520579e+00
4.323325e+02	-5.834817e+00
4.348297e+02	-6.188692e+00
4.373412e+02	-6.491078e+00
4.398673e+02	-6.798025e+00
4.424079e+02	-6.687368e+00
4.449633e+02	4.067569e+00
4.475334e+02	4.919832e+00
4.501183e+02	5.887858e+00
4.527182e+02	-5.660099e-01
4.553330e+02	8.212527e+00
4.579630e+02	-5.360762e+00
4.606082e+02	-5.092812e+00
4.632687e+02	-2.576554e+00
4.659445e+02	-3.031806e+00
4.686358e+02	-3.466877e+00
4.713426e+02	-3.874450e+00
4.740650e+02	-4.270652e+00
4.768032e+02	1.745336e+01
4.795572e+02	1.428821e+01
4.823271e+02	-5.370561e+00
4.851130e+02	-5.695349e+00
4.879150e+02	-6.056562e+00
4.907332e+02	-6.361418e+00
4.935676e+02	-6.667692e+00
4.964185e+02	-6.973990e+00
4.992858e+02	-7.256708e+00
5.021696e+02	-7.542343e+00
5.050701e+02	-7.815600e+00
5.079874e+02	-8.092893e+00
5.109215e+02	2.006877e+00
5.138726e+02	-7.754200e+00
5.168407e+02	-4.808483e-01
5.198259e+02	-7.405580e+00
5.228284e+02	5.108313e+00
5.258482e+02	6.110716e+00
5.288855e+02	-6.828431e+00
5.319403e+02	8.531807e+00
5.350128e+02	1.002339e+01
5.381030e+02	1.186115e+01
5.412111e+02	1.412957e+01
5.443371e+02	1.707031e+01
5.474812e+02	-4.955292e+00
5.506434e+02	-5.320227e+00
5.538239e+02	-5.652529e+00
5.570228e+02	-1.169853e+01
5.602401e+02	-6.303194e+00
5.634760e+02	-6.611863e+00
5.667306e+02	-1.227163e+01
5.700040e+02	-1.244387e+01
5.732964e+02	-7.497965e+00
5.766077e+02	-1.279957e+01
5.799382e+02	-8.048083e+00
5.832879e+02	-8.327319e+00
5.866569e+02	2.744541e+00
5.900454e+02	-1.349162e+01
5.934535e+02	-9.074737e+00
5.968813e+02	-9.313283e+00
6.003288e+02	-1.397831e+01
6.037963e+02	4.852309e-01
6.072838e+02	1.028801e+00
6.107914e+02	1.603039e+00
6.143194e+02	2.257028e+00
6.178676e+02	-8.842954e+00
6.214364e+02	3.683038e+00
6.250258e+02	4.519904e+00
6.286359e+02	5.416909e+00
6.322669e+02	6.462909e+00
6.359189e+02	7.600803e+00
6.395919e+02	-1.186258e+01
6.432862e+02	-7.713384e+00
6.470017e+02	1.243809e+01
6.507388e+02	1.477450e+01
6.544974e+02	1.763642e+01
6.582778e+02	2.050328e+01
6.620800e+02	2.063570e+01
6.659041e+02	-6.551118e+00
6.697504e+02	-7.578021e+00
6.736188e+02	-7.857639e+00
6.775096e+02	-1.699152e+01
6.814229e+02	8.807014e+00
6.853587e+02	-1.394631e+01
6.893173e+02	-8.898158e+00
6.932988e+02	5.068568e+00
6.973033e+02	-1.442357e+01
7.013309e+02	-9.612655e+00
7.053817e+02	2.420286e+00
7.094560e+02	-1.006779e+01
7.135538e+02	1.005751e+00
7.176752e+02	-3.170977e+00
7.218205e+02	-2.825455e+00
7.259897e+02	-2.471381e+00
7.301830e+02	-1.576362e+01
7.344005e+02	-1.717473e+00
7.386424e+02	-1.566789e+01
7.429087e+02	-8.622463e-01
7.471998e+02	-1.560881e+01
7.515155e+02	8.559037e-02
7.558563e+02	6.279280e-01
7.602221e+02	-1.549003e+01
7.646131e+02	1.764240e+00
7.690295e+02	-1.284237e+01
7.734713e+02	-1.535970e+01
7.779389e+02	-1.529341e+01
7.824322e+02	4.707598e+00
7.869515e+02	5.638407e+00
7.914969e+02	6.666654e+00
7.960686e+02	-1.512671e+01
8.006666e+02	9.230479e+00
8.052912e+02	1.079492e+01
8.099426e+02	1.267672e+01
8.146208e+02	1.492435e+01
8.193260e+02	1.737968e+01
8.240584e+02	1.909580e+01
8.288181e+02	1.843638e+01
8.336053e+02	-1.472864e+01
8.384202e+02	1.367339e+01
8.432629e+02	1.154640e+01
8.481335e+02	9.775872e+00
8.530323e+02	8.247138e+00
8.579594e+02	6.925574e+00
8.629149e+02	5.755087e+00
8.678991e+02	4.738131e+00
8.729120e+02	3.801228e+00
8.779539e+02	2.945167e+00
8.830250e+02	2.164867e+00
8.881253e+02	1.460673e+00
8.932551e+02	7.732606e-01
8.984145e+02	1.586328e-01
9.036037e+02	-4.415387e-01
9.088229e+02	-9.867863e-01
9.140722e+02	-1.382633e+01
9.193518e+02	-2.018088e+00
9.246620e+02	-2.482686e+00
9.300028e+02	-1.762790e+01
9.353744e+02	-3.383859e+00
9.407771e+02	-1.351370e+01
9.462110e+02	-1.343126e+01
9.516763e+02	-1.810618e+01
9.571731e+02	-4.932040e+00
9.627017e+02	-5.279422e+00
9.682622e+02	-5.624870e+00
9.738549e+02	-5.967805e+00
9.794798e+02	-6.291604e+00
9.851373e+02	-6.596575e+00
9.908274e+02	-1.890997e+01
9.965504e+02	-7.187618e+00
1.002306e+03	-1.912800e+01
1.008096e+03	-7.765803e+00
1.013918e+03	-1.935076e+01
1.019775e+03	-8.279893e+00
1.025665e+03	-1.955843e+01
1.031589e+03	-1.967128e+01
1.037548e+03	-1.978111e+01
1.043540e+03	-1.990024e+01
1.049568e+03	-2.000139e+01
1.055630e+03	-2.010042e+01
1.061727e+03	-2.021390e+01
1.067860e+03	-2.484194e+01
1.074028e+03	-2.042098e+01
1.080231e+03	-2.051061e+01
1.086471e+03	-2.059433e+01
1.092746e+03	-2.518764e+01
1.099058e+03	-2.082086e+01
1.105406e+03	-1.122645e+01
1.111791e+03	-1.113970e+01
1.118212e+03	-2.083971e+01
1.124671e+03	-2.083068e+01
1.131167e+03	-1.079710e+01
1.137701e+03	-2.084117e+01
1.144272e+03	-2.085649e+01
1.150881e+03	-1.045072e+01
1.157529e+03	-2.170611e+01
1.164215e+03	-1.021976e+01
1.170939e+03	-2.084949e+01
1.177702e+03	-9.988876e+00
1.184505e+03	-9.857380e+00
1.191346e+03	-9.737222e+00
1.198227e+03	-2.226440e+01
1.205148e+03	-9.455550e+00
1.212109e+03	-9.341801e+00
1.219110e+03	-2.254613e+01
1.226152e+03	-9.037242e+00
1.233234e+03	-2.084203e+01
1.240357e+03	-2.082987e+01
1.247521e+03	-2.085353e+01
1.254727e+03	-8.434474e+00
1.261974e+03	-2.084241e+01
1.269263e+03	-8.098186e+00
1.276595e+03	-2.327684e+01
1.283968e+03	-7.785198e+00
1.291384e+03	-2.084873e+01
1.298843e+03	-7.409370e+00
1.306345e+03	-2.083545e+01
1.313891e+03	-7.048484e+00
1.321480e+03	-2.084746e+01
1.329113e+03	-6.647835e+00
1.336790e+03	-2.084225e+01
1.344511e+03	-2.403954e+01
1.352277e+03	-5.983815e+00
1.360087e+03	-5.763354e+00
1.367943e+03	-5.509068e+00
1.375844e+03	-5.283895e+00
1.383791e+03	-5.042794e+00
1.391784e+03	-2.454666e+01
1.399823e+03	-4.469910e+00
1.407908e+03	-4.215130e+00
1.416040e+03	-2.085167e+01
1.424219e+03	-3.623249e+00
1.432445e+03	-2.494002e+01
1.440719e+03	-1.829243e+01
1.449041e+03	-2.082990e+01
1.457410e+03	-2.085846e+01
1.465828e+03	-1.865270e+01
1.474295e+03	-1.877867e+01
1.482810e+03	-2.084154e+01
1.491375e+03	-1.898591e+01
1.499989e+03	-1.909280e+01
1.508653e+03	-2.932106e+01
1.517367e+03	-3.393531e+01
1.526131e+03	-3.399995e+01
1.534946e+03	-3.407989e+01
1.543812e+03	-2.961678e+01
1.552729e+03	-2.967592e+01
1.561697e+03	-2.975429e+01
1.570717e+03	-2.981119e+01
1.579790e+03	-2.988402e+01
1.588915e+03	-2.993261e+01
1.598092e+03	-3.002199e+01
1.607323e+03	-3.005488e+01
1.616606e+03	-3.017765e+01
1.625944e+03	-3.021590e+01
1.635335e+03	-3.029796e+01
1.644781e+03	-3.035786e+01
1.654281e+03	-2.085614e+01
1.663836e+03	-3.043106e+01
1.673446e+03	-3.046479e+01
1.683112e+03	-2.084793e+01
1.692834e+03	-2.084490e+01
1.702611e+03	-2.139267e+01
1.712446e+03	-2.151272e+01
1.722337e+03	-2.083607e+01
1.732285e+03	-2.083460e+01
1.742290e+03	-2.084861e+01
1.752354e+03	-2.083225e+01
1.762475e+03	-2.086381e+01
1.772655e+03	-2.083750e+01
1.782894e+03	-2.085926e+01
1.793192e+03	-2.085568e+01
1.803549e+03	-2.085128e+01
1.813967e+03	-2.085240e+01
1.824444e+03	-2.082622e+01
1.834982e+03	-3.102344e+01
1.845581e+03	-2.084989e+01
1.856241e+03	-2.086440e+01
1.866962e+03	-3.113419e+01
1.877746e+03	-3.114309e+01
1.888592e+03	-3.118471e+01
1.899500e+03	-2.085129e+01
1.910472e+03	-2.083879e+01
1.921506e+03	-2.085489e+01
1.932605e+03	-3.132850e+01
1.943768e+03	-2.086284e+01
1.954995e+03	-2.084516e+01
1.966287e+03	-3.142269e+01
1.977644e+03	-3.148255e+01
1.989067e+03	-3.152282e+01
2.000555e+03	-3.155363e+01
2.012110e+03	-2.402665e+01
2.023732e+03	-3.162623e+01
2.035421e+03	-2.085076e+01
2.047178e+03	-2.085082e+01
2.059002e+03	-2.085674e+01
2.070895e+03	-3.175996e+01
2.082856e+03	-2.085863e+01
2.094887e+03	-2.085535e+01
2.106987e+03	-2.084773e+01
2.119157e+03	-2.478073e+01
2.131397e+03	-3.193341e+01
2.143708e+03	-2.086058e+01
2.156090e+03	-2.086662e+01
2.168543e+03	-2.083862e+01
2.181069e+03	-2.086219e+01
2.193666e+03	-2.085689e+01
2.206337e+03	-2.085907e+01
2.219081e+03	-2.086724e+01
2.231898e+03	-3.224130e+01
2.244789e+03	-2.085076e+01
2.257755e+03	-2.084211e+01
2.270796e+03	-2.086137e+01
2.283912e+03	-2.085263e+01
2.297104e+03	-3.244847e+01
2.310372e+03	-2.086321e+01
2.323716e+03	-3.729297e+01
2.337138e+03	-2.086162e+01
2.350637e+03	-3.257890e+01
2.364214e+03	-2.085623e+01
2.377870e+03	-2.088079e+01
2.391604e+03	-3.452108e+01
2.405418e+03	-2.085260e+01
2.419312e+03	-3.275565e+01
2.433286e+03	-2.085866e+01
2.447340e+03	-3.474992e+01
2.461476e+03	-3.773979e+01
2.475693e+03	-2.087327e+01
2.489993e+03	-3.296317e+01
2.504375e+03	-3.301879e+01
2.518840e+03	-2.084766e+01
2.533389e+03	-2.086893e+01
2.548022e+03	-2.087847e+01
2.562739e+03	-2.087705e+01
2.577541e+03	-3.319051e+01
2.592429e+03	-2.087699e+01
2.607403e+03	-3.326402e+01
2.622463e+03	-2.087251e+01
2.637610e+03	-3.333588e+01
2.652845e+03	-2.086380e+01
2.668168e+03	-3.837081e+01
2.683579e+03	-2.086767e+01
2.699079e+03	-2.086089e+01
2.714669e+03	-2.088015e+01
2.730349e+03	-3.359177e+01
2.746119e+03	-2.087174e+01
2.761981e+03	-3.600966e+01
2.777934e+03	-2.086302e+01
2.793979e+03	-2.087591e+01
2.810117e+03	-2.085990e+01
2.826348e+03	-3.381192e+01
2.842673e+03	-2.088696e+01
2.859092e+03	-2.088402e+01
2.875606e+03	-2.085941e+01
2.892215e+03	-2.087060e+01
2.908921e+03	-2.089023e+01
2.925722e+03	-3.905819e+01
2.942621e+03	-2.088879e+01
2.959618e+03	-3.915190e+01
2.976712e+03	-3.922360e+01
2.993906e+03	-3.684624e+01
3.011198e+03	-2.085256e+01
3.028591e+03	-3.933759e+01
3.046084e+03	-3.936607e+01
3.063678e+03	-3.942095e+01
3.081374e+03	-2.089461e+01
3.099172e+03	-2.088008e+01
3.117072e+03	-3.956120e+01
3.135076e+03	-2.087647e+01
3.153184e+03	-2.088766e+01
3.171397e+03	-3.969200e+01
3.189715e+03	-2.088110e+01
3.208139e+03	-2.087624e+01
3.226669e+03	-2.088297e+01
3.245306e+03	-3.765036e+01
3.264051e+03	-2.089034e+01
3.282904e+03	-2.089189e+01
3.301866e+03	-3.783142e+01
3.320937e+03	-2.087636e+01
3.340119e+03	-2.088784e+01
3.359411e+03	-4.014263e+01
3.378815e+03	-4.019104e+01
3.398331e+03	-2.088497e+01
3.417959e+03	-4.028221e+01
3.437701e+03	-2.089407e+01
3.457557e+03	-3.832173e+01
3.477528e+03	-2.088802e+01
3.497614e+03	-2.090419e+01
3.517816e+03	-4.051679e+01
3.538135e+03	-4.056884e+01
3.558571e+03	-3.859782e+01
3.579125e+03	-4.066515e+01
3.599798e+03	-2.088771e+01
3.620590e+03	-4.075665e+01
3.641503e+03	-2.089344e+01
3.662536e+03	-4.085610e+01
3.683691e+03	-2.089481e+01
3.704967e+03	-2.089951e+01
3.726367e+03	-3.905620e+01
3.747890e+03	-2.093010e+01
3.769538e+03	-4.105767e+01
3.791311e+03	-2.092086e+01
3.813209e+03	-4.117181e+01
3.835234e+03	-2.088897e+01
3.857386e+03	-2.090650e+01
3.879667e+03	-4.132060e+01
3.902075e+03	-2.091756e+01
3.924614e+03	-4.140480e+01
3.947282e+03	-2.090287e+01
3.970081e+03	-2.088858e+01
3.993012e+03	-4.155050e+01
4.016076e+03	-2.092328e+01
4.039272e+03	-2.090531e+01
4.062603e+03	-2.092226e+01
4.086069e+03	-2.090918e+01
4.109670e+03	-2.091911e+01
4.133407e+03	-4.012850e+01
4.157281e+03	-2.091794e+01
4.181294e+03	-2.093240e+01
4.205445e+03	-2.091965e+01
4.229735e+03	-4.202356e+01
4.254166e+03	-4.205459e+01
4.278738e+03	-2.091633e+01
4.303451e+03	-2.092136e+01
4.328308e+03	-4.220172e+01
4.353308e+03	-4.225531e+01
4.378453e+03	-2.094718e+01
4.403742e+03	-2.092689e+01
4.429178e+03	-4.238070e+01
4.454761e+03	-2.094125e+01
4.480492e+03	-2.093489e+01
4.506371e+03	-4.254182e+01
4.532399e+03	-2.093695e+01
4.558578e+03	-4.749718e+01
4.584908e+03	-4.755624e+01
4.611391e+03	-2.094370e+01
4.638026e+03	-2.094413e+01
4.664815e+03	-2.093153e+01
4.691759e+03	-2.093562e+01
4.718858e+03	-2.093779e+01
4.746114e+03	-4.297596e+01
4.773527e+03	-4.300656e+01
4.801099e+03	-2.095721e+01
4.828830e+03	-2.094891e+01
4.856721e+03	-4.316817e+01
4.884773e+03	-2.095846e+01
4.912988e+03	-2.094845e+01
4.941365e+03	-4.331095e+01
4.969906e+03	-2.096544e+01
4.998612e+03	-2.096714e+01
5.027484e+03	-2.095053e+01
5.056522e+03	-2.096390e+01
5.085729e+03	-4.855817e+01
5.115104e+03	-2.095978e+01
5.144648e+03	-2.097001e+01
5.174363e+03	-2.097820e+01
5.204250e+03	-2.097309e+01
5.234310e+03	-4.881549e+01
5.264543e+03	-4.888267e+01
5.294951e+03	-4.390747e+01
5.325534e+03	-4.396531e+01
5.356294e+03	-2.097273e+01
5.387232e+03	-4.406074e+01
5.418348e+03	-2.099163e+01
5.449645e+03	-4.920788e+01
5.481122e+03	-4.927413e+01
5.512780e+03	-2.099351e+01
5.544622e+03	-2.101039e+01
5.576647e+03	-2.099299e+01
5.608858e+03	-4.440585e+01
5.641254e+03	-2.100470e+01
5.673838e+03	-4.447773e+01
5.706610e+03	-2.099998e+01
5.739571e+03	-2.101186e+01
5.772723e+03	-2.100452e+01
5.806066e+03	-5.041447e+01
5.839601e+03	-5.048315e+01
5.873331e+03	-2.101041e+01
5.907255e+03	-4.999441e+01
5.941375e+03	-5.064644e+01
5.975692e+03	-5.069085e+01
6.010207e+03	-2.102890e+01
6.044922e+03	-5.080798e+01
6.079837e+03	-5.085115e+01
6.114954e+03	-2.102088e+01
6.150274e+03	-5.095549e+01
6.185797e+03	-5.100048e+01
6.221526e+03	-2.103182e+01
6.257462e+03	-2.104835e+01
6.293605e+03	-5.059455e+01
6.329956e+03	-5.119748e+01
6.366518e+03	-5.126021e+01
6.403290e+03	-2.103524e+01
6.440276e+03	-5.082909e+01
6.477474e+03	-2.103828e+01
6.514888e+03	-2.106741e+01
6.552518e+03	-5.152763e+01
6.590365e+03	-2.107302e+01
6.628430e+03	-2.105638e+01
6.666716e+03	-5.168044e+01
6.705223e+03	-5.121524e+01
6.743952e+03	-2.105976e+01
6.782905e+03	-2.108098e+01
6.822082e+03	-2.107878e+01
6.861486e+03	-2.108857e+01
6.901118e+03	-5.200339e+01
6.940979e+03	-2.106761e+01
6.981069e+03	-2.108220e+01
7.021392e+03	-2.107289e+01
7.061947e+03	-5.220976e+01
7.102737e+03	-2.109696e+01
7.143762e+03	-2.107926e+01
7.185024e+03	-2.109081e+01
7.226524e+03	-2.110829e+01
7.268264e+03	-5.248145e+01
7.310246e+03	-2.112265e+01
7.352469e+03	-2.109850e+01
7.394937e+03	-2.111832e+01
7.437650e+03	-5.271261e+01
7.480609e+03	-2.110344e+01
7.523817e+03	-2.113553e+01
7.567274e+03	-5.287773e+01
7.610982e+03	-2.113278e+01
7.654943e+03	-2.113008e+01
7.699158e+03	-5.303186e+01
7.743628e+03	-5.308512e+01
7.788355e+03	-2.114453e+01
7.833340e+03	-5.317123e+01
7.878585e+03	-5.324762e+01
7.924091e+03	-2.116243e+01
7.969861e+03	-2.115090e+01
8.015894e+03	-5.341466e+01
8.062194e+03	-5.346088e+01
8.108761e+03	-5.353866e+01
8.155596e+03	-2.116843e+01
8.202703e+03	-2.118852e+01
8.250081e+03	-2.119297e+01
8.297733e+03	-5.377005e+01
8.345661e+03	-5.382115e+01
8.393865e+03	-2.118593e+01
8.442348e+03	-5.388791e+01
8.491110e+03	-5.355889e+01
8.540155e+03	-2.120053e+01
8.589482e+03	-5.366983e+01
8.639095e+03	-2.121704e+01
8.688994e+03	-5.419011e+01
8.739181e+03	-2.121082e+01
8.789658e+03	-5.431049e+01
8.840427e+03	-5.434961e+01
8.891489e+03	-6.014791e+01
8.942846e+03	-2.122605e+01
8.994499e+03	-6.026997e+01
9.046451e+03	-2.123890e+01
9.098703e+03	-5.464975e+01
9.151257e+03	-2.126708e+01
9.204114e+03	-5.475719e+01
9.257277e+03	-2.127002e+01
9.310746e+03	-2.126637e+01
9.364525e+03	-5.492790e+01
9.418614e+03	-5.497636e+01
9.473015e+03	-2.130613e+01
9.527731e+03	-2.130408e+01
9.582763e+03	-5.515719e+01
9.638113e+03	-5.522676e+01
9.693782e+03	-2.131359e+01
9.749773e+03	-5.532409e+01
9.806087e+03	-5.539888e+01
9.862727e+03	-2.133343e+01
9.919693e+03	-6.125436e+01
9.976989e+03	-2.134396e+01
1.003462e+04	-5.562567e+01
1.009258e+04	-5.567991e+01
1.015087e+04	-2.135626e+01
1.020950e+04	-2.136693e+01
1.026847e+04	-2.135913e+01
1.032778e+04	-6.169025e+01
1.038743e+04	-5.597049e+01
1.044743e+04	-2.139252e+01
1.050777e+04	-2.138479e+01
1.056847e+04	-2.140986e+01
1.062951e+04	-2.138652e+01
1.069091e+04	-2.142297e+01
1.075266e+04	-5.633730e+01
1.081476e+04	-6.232274e+01
1.087723e+04	-2.143806e+01
1.094006e+04	-5.649552e+01
1.100324e+04	-2.146351e+01
1.106680e+04	-2.145946e+01
1.113072e+04	-2.144237e+01
1.119501e+04	-2.146502e+01
1.125967e+04	-2.147408e+01
1.132471e+04	-2.148702e+01
1.139012e+04	-6.272132e+01
1.145591e+04	-6.276958e+01
1.152208e+04	-6.300876e+01
1.158863e+04	-6.307141e+01
1.165556e+04	-2.149749e+01
1.172289e+04	-2.152445e+01
1.179060e+04	-6.323506e+01
1.185870e+04	-6.317154e+01
1.192719e+04	-6.322030e+01
1.199608e+04	-6.343066e+01
1.206537e+04	-2.155990e+01
1.213506e+04	-2.155975e+01
1.220515e+04	-6.361582e+01
1.227565e+04	-6.366674e+01
1.234655e+04	-2.159830e+01
1.241787e+04	-2.160010e+01
1.248959e+04	-6.372467e+01
1.256173e+04	-2.160324e+01
1.263429e+04	-2.161536e+01
1.270726e+04	-2.162533e+01
1.278066e+04	-2.163958e+01
1.285448e+04	-6.415483e+01
1.292873e+04	-2.161884e+01
1.300340e+04	-6.430124e+01
1.307851e+04	-2.167405e+01
1.315405e+04	-6.444114e+01
1.323003e+04	-2.168595e+01
1.330644e+04	-2.168689e+01
1.338330e+04	-2.168153e+01
1.346060e+04	-2.170530e+01
1.353835e+04	-6.475054e+01
1.361655e+04	-6.468495e+01
1.369520e+04	-6.486417e+01
1.377430e+04	-6.492091e+01
1.385386e+04	-2.175746e+01
1.393388e+04	-6.505938e+01
1.401436e+04	-2.177853e+01
1.409531e+04	-2.177712e+01
1.417672e+04	-2.179505e+01
1.425861e+04	-2.180837e+01
1.434096e+04	-6.528078e+01
1.442379e+04	-2.182570e+01
1.450711e+04	-2.183379e+01
1.459090e+04	-2.184065e+01
1.467518e+04	-6.553465e+01
1.475994e+04	-2.185561e+01
1.484519e+04	-2.186917e+01
1.493094e+04	-2.187946e+01
1.501718e+04	-2.191238e+01
1.510392e+04	-6.597422e+01
1.519116e+04	-2.191790e+01
1.527890e+04	-2.191870e+01
1.536715e+04	-6.618470e+01
1.545591e+04	-2.194986e+01
1.554518e+04	-2.195930e+01
1.563497e+04	-2.198979e+01
1.572528e+04	-6.634771e+01
1.581611e+04	-2.198442e+01
1.590746e+04	-2.200520e+01
1.599934e+04	-2.202819e+01
1.609175e+04	-6.672485e+01
1.618470e+04	-6.679605e+01
1.627818e+04	-2.206826e+01
1.637220e+04	-6.682909e+01
1.646677e+04	-2.208123e+01
1.656188e+04	-2.211510e+01
1.665754e+04	-6.712996e+01
1.675375e+04	-2.211200e+01
1.685052e+04	-2.213927e+01
1.694785e+04	-2.213957e+01
1.704574e+04	-2.216359e+01
1.714419e+04	-2.217946e+01
1.724322e+04	-2.217492e+01
1.734281e+04	-2.219457e+01
1.744299e+04	-6.769465e+01
1.754374e+04	-2.224551e+01
1.764507e+04	-7.382231e+01
1.774698e+04	-6.787805e+01
1.784949e+04	-6.794224e+01
1.795259e+04	-2.227106e+01
1.805628e+04	-2.229452e+01
1.816057e+04	-2.231318e+01
1.826547e+04	-2.231583e+01
1.837097e+04	-2.233428e+01
1.847708e+04	-6.836866e+01
1.858380e+04	-2.236633e+01
1.869114e+04	-7.449362e+01
1.879910e+04	-7.455217e+01
1.890768e+04	-6.868302e+01
1.901689e+04	-2.242455e+01
1.912673e+04	-2.243419e+01
1.923721e+04	-2.245920e+01
1.934832e+04	-2.249214e+01
1.946008e+04	-2.249068e+01
1.957248e+04	-2.249236e+01
1.968553e+04	-2.250838e+01
1.979923e+04	-2.253628e+01
1.991359e+04	-7.530717e+01
2.002861e+04	-2.255192e+01
2.014430e+04	-7.541107e+01
2.026065e+04	-2.260498e+01
2.037767e+04	-6.961927e+01
2.049537e+04	-7.567686e+01
2.061375e+04	-6.974729e+01
2.073282e+04	-2.267782e+01
2.085257e+04	-2.268640e+01
2.097301e+04	-2.267909e+01
2.109415e+04	-7.002767e+01
2.121599e+04	-2.272759e+01
2.133853e+04	-7.617523e+01
2.146178e+04	-2.276739e+01
2.158575e+04	-7.035117e+01
2.171043e+04	-2.280024e+01
2.183582e+04	-2.280691e+01
2.196195e+04	-2.284336e+01
2.208880e+04	-2.286498e+01
2.221638e+04	-7.073637e+01
2.234470e+04	-2.288483e+01
2.247377e+04	-2.292107e+01
2.260357e+04	-7.691267e+01
2.273413e+04	-7.101714e+01
2.286544e+04	-7.706811e+01
2.299751e+04	-2.296998e+01
2.313034e+04	-7.721580e+01
2.326394e+04	-2.301821e+01
2.339832e+04	-7.740317e+01
2.353346e+04	-7.746188e+01
2.366939e+04	-7.755629e+01
2.380610e+04	-2.310476e+01
2.394361e+04	-7.769952e+01
2.408191e+04	-2.314176e+01
2.422100e+04	-2.315885e+01
2.436090e+04	-2.317911e+01
2.450161e+04	-7.802680e+01
2.464313e+04	-2.323149e+01
2.478547e+04	-2.324719e+01
2.492863e+04	-2.327530e+01
2.507261e+04	-2.327778e+01
2.521743e+04	-7.840446e+01
2.536309e+04	-2.331809e+01
2.550958e+04	-2.333759e+01
2.565692e+04	-7.864777e+01
2.580512e+04	-7.870867e+01
2.595417e+04	-2.340746e+01
2.610408e+04	-2.344165e+01
2.625485e+04	-2.344586e+01
2.640650e+04	-2.348183e+01
2.655902e+04	-2.351792e+01
2.671243e+04	-7.916292e+01
2.686672e+04	-2.352857e+01
2.702190e+04	-2.356489e+01
2.717798e+04	-2.358598e+01
2.733495e+04	-2.360541e+01
2.749284e+04	-7.959873e+01
2.765164e+04	-7.968564e+01
2.781135e+04	-2.368843e+01
2.797199e+04	-7.982264e+01
2.813355e+04	-2.371411e+01
2.829605e+04	-2.374147e+01
2.845949e+04	-2.378266e+01
2.862387e+04	-8.014984e+01
2.878920e+04	-2.380444e+01
2.895549e+04	-2.385136e+01
2.912273e+04	-8.039285e+01
2.929094e+04	-2.388743e+01
2.946013e+04	-2.391233e+01
2.963029e+04	-8.061138e+01
2.980143e+04	-8.073676e+01
2.997356e+04	-8.080656e+01
3.014669e+04	-8.086924e+01
3.032081e+04	-8.096662e+01
3.049595e+04	-8.105287e+01
3.067209e+04	-2.408259e+01
3.084925e+04	-8.120065e+01
3.102743e+04	-2.414492e+01
3.120665e+04	-8.134923e+01
3.138690e+04	-8.143652e+01
3.156819e+04	-2.422025e+01
3.175052e+04	-8.158700e+01
3.193391e+04	-2.426054e+01
3.211836e+04	-2.430530e+01
3.230388e+04	-8.186433e+01
3.249046e+04	-8.194513e+01
3.267812e+04	-2.435537e+01
3.286687e+04	-8.206790e+01
3.305671e+04	-2.440413e+01
3.324764e+04	-2.446571e+01
3.343968e+04	-8.234999e+01
3.363283e+04	-2.450169e+01
3.382709e+04	-2.453895e+01
3.402247e+04	-2.454332e+01
3.421899e+04	-8.269354e+01
3.441663e+04	-8.879115e+01
3.461542e+04	-2.462951e+01
3.481536e+04	-2.465757e+01
3.501645e+04	-2.467370e+01
3.521871e+04	-2.472345e+01
3.542213e+04	-2.473283e+01
3.562672e+04	-2.478580e+01
3.583250e+04	-2.480378e+01
3.603947e+04	-2.482737e+01
3.624763e+04	-8.953606e+01
3.645700e+04	-8.360887e+01
3.666757e+04	-2.490650e+01
3.687936e+04	-2.492922e+01
3.709238e+04	-8.385954e+01
3.730662e+04	-2.501340e+01
3.752210e+04	-2.504586e+01
3.773883e+04	-2.505667e+01
3.795680e+04	-8.421639e+01
3.817604e+04	-9.029007e+01
3.839654e+04	-8.437069e+01
3.861832e+04	-2.518814e+01
3.884138e+04	-8.452695e+01
3.906573e+04	-8.462272e+01
3.929137e+04	-2.525114e+01
3.951831e+04	-2.529568e+01
3.974657e+04	-2.531309e+01
3.997614e+04	-2.533561e+01
4.020704e+04	-2.538263e+01
4.043928e+04	-8.512215e+01
4.067285e+04	-8.520516e+01
4.090778e+04	-2.545274e+01
4.114406e+04	-8.539448e+01
4.138171e+04	-2.551717e+01
4.162073e+04	-2.555963e+01
4.186113e+04	-9.165288e+01
4.210291e+04	-2.560433e+01
4.234610e+04	-2.563141e+01
4.259069e+04	-2.566917e+01
4.283669e+04	-2.570568e+01
4.308411e+04	-8.606102e+01
4.333297e+04	-2.577239e+01
4.358325e+04	-2.578939e+01
4.383499e+04	-9.233279e+01
4.408818e+04	-9.241784e+01
4.434283e+04	-8.650362e+01
4.459895e+04	-2.590340e+01
4.485655e+04	-2.594701e+01
4.511564e+04	-2.597464e+01
4.537623e+04	-8.682384e+01
4.563832e+04	-2.604027e+01
4.590193e+04	-9.299842e+01
4.616705e+04	-2.611830e+01
4.643371e+04	-2.613257e+01
4.670191e+04	-9.326516e+01
4.697166e+04	-9.337050e+01
4.724297e+04	-2.621585e+01
4.751584e+04	-2.625030e+01
4.779029e+04	-2.630503e+01
4.806633e+04	-2.630995e+01
4.834395e+04	-9.378266e+01
4.862319e+04	-2.637171e+01
4.890403e+04	-2.640144e+01
4.918650e+04	-2.643555e+01
4.947060e+04	-2.646295e+01
4.975634e+04	-9.421015e+01
5.004373e+04	-2.652641e+01
5.033278e+04	-2.655550e+01
5.062350e+04	-2.657658e+01
5.091590e+04	-2.661168e+01
5.120999e+04	-2.666548e+01
5.150578e+04	-2.668208e+01
5.180327e+04	-2.671764e+01
5.210248e+04	-2.675366e+01
5.240343e+04	-2.679178e+01
5.270611e+04	-2.681834e+01
5.301053e+04	-9.514742e+01
5.331672e+04	-9.524763e+01
5.362468e+04	-2.688492e+01
5.393441e+04	-9.541381e+01
5.424593e+04	-9.548567e+01
5.455926e+04	-2.700143e+01
5.487439e+04	-2.704258e+01
5.519134e+04	-2.705968e+01
5.551012e+04	-9.583412e+01
5.583075e+04	-9.591770e+01
5.615322e+04	-2.717178e+01
5.647756e+04	-9.610169e+01
5.680377e+04	-2.722939e+01
5.713187e+04	-2.725957e+01
5.746186e+04	-2.729294e+01
5.779376e+04	-2.730768e+01
5.812757e+04	-9.651586e+01
5.846332e+04	-9.656844e+01
5.880100e+04	-2.740599e+01
5.914063e+04	-9.675402e+01
5.948222e+04	-2.747016e+01
5.982579e+04	-9.691587e+01
6.017134e+04	-2.752873e+01
6.051889e+04	-2.757435e+01
6.086844e+04	-2.759055e+01
6.122002e+04	-2.762135e+01
6.157362e+04	-9.734490e+01
6.192927e+04	-9.743833e+01
6.228697e+04	-2.771625e+01
6.264674e+04	-9.759880e+01
6.300858e+04	-9.768134e+01
6.337252e+04	-9.778727e+01
6.373855e+04	-2.785242e+01
6.410670e+04	-9.792347e+01
6.447698e+04	-2.790822e+01
6.484940e+04	-2.791664e+01
6.522397e+04	-2.798396e+01
6.560070e+04	-2.800106e+01
6.597960e+04	-2.803327e+01
6.636070e+04	-2.803848e+01
6.674400e+04	-2.807468e+01
6.712951e+04	-9.857990e+01
6.751724e+04	-9.867301e+01
6.790722e+04	-2.816001e+01
6.829945e+04	-2.819559e+01
6.869395e+04	-2.823482e+01
6.909072e+04	-2.826260e+01
6.948978e+04	-1.051137e+02
6.989115e+04	-2.833212e+01
7.029484e+04	-2.833241e+01
7.070086e+04	-9.932675e+01
7.110923e+04	-2.839253e+01
7.151995e+04	-1.055095e+02
7.193305e+04	-2.847201e+01
7.234853e+04	-2.849256e+01
7.276641e+04	-2.851793e+01
7.318671e+04	-1.058413e+02
7.360943e+04	-2.857009e+01
7.403460e+04	-2.859275e+01
7.446222e+04	-1.000604e+02
7.489231e+04	-1.001073e+02
7.532488e+04	-1.002102e+02
7.575996e+04	-1.062939e+02
7.619754e+04	-2.874430e+01
7.663766e+04	-2.876444e+01
7.708031e+04	-1.005109e+02
7.752553e+04	-2.883747e+01
7.797331e+04	-2.885807e+01
7.842368e+04	-2.888071e+01
7.887665e+04	-2.890786e+01
7.933224e+04	-2.892548e+01
7.979046e+04	-2.896223e+01
8.025133e+04	-1.010784e+02
8.071486e+04	-2.900713e+01
8.118106e+04	-2.902588e+01
8.164996e+04	-2.905555e+01
8.212157e+04	-2.907848e+01
8.259590e+04	-2.910139e+01
8.307297e+04	-1.015336e+02
8.355279e+04	-2.917762e+01
8.403539e+04	-2.918755e+01
8.452078e+04	-1.017638e+02
8.500897e+04	-2.923266e+01
8.549997e+04	-1.018904e+02
8.599382e+04	-2.928231e+01
8.649052e+04	-1.020621e+02
8.699008e+04	-2.932430e+01
8.749253e+04	-2.934357e+01
8.799789e+04	-2.937258e+01
8.850616e+04	-2.939490e+01
8.901737e+04	-2.942548e+01
8.953153e+04	-1.025062e+02
9.004866e+04	-2.943813e+01
9.056877e+04	-2.947800e+01
9.109190e+04	-1.087294e+02
9.161804e+04	-1.088039e+02
9.214722e+04	-1.088727e+02
9.267946e+04	-1.089474e+02
9.321477e+04	-2.956965e+01
9.375318e+04	-2.960006e+01
9.429469e+04	-1.091733e+02
9.483933e+04	-2.963171e+01
9.538712e+04	-2.965501e+01
9.593807e+04	-2.966306e+01
9.649221e+04	-2.969460e+01
9.704954e+04	-1.094855e+02
9.761010e+04	-2.973551e+01
9.817389e+04	-2.973472e+01
9.874094e+04	-2.975465e+01
9.931126e+04	-1.097625e+02
9.988488e+04	-2.979313e+01
1.004618e+05	-2.979763e+01
1.010421e+05	-2.982432e+01
1.016257e+05	-2.984258e+01
1.022127e+05	-2.985246e+01
1.028031e+05	-2.986616e+01
1.033968e+05	-2.989604e+01
1.039941e+05	-2.987703e+01
1.045947e+05	-2.990758e+01
1.051989e+05	-2.988971e+01
1.058065e+05	-2.993227e+01
1.064176e+05	-1.105330e+02
1.070323e+05	-1.105944e+02
1.076505e+05	-2.995584e+01
1.082723e+05	-2.996372e+01
1.088977e+05	-1.107503e+02
1.095266e+05	-3.000017e+01
1.101593e+05	-1.108865e+02
1.107955e+05	-2.999976e+01
1.114355e+05	-1.110042e+02
1.120791e+05	-1.110537e+02
1.127265e+05	-3.002085e+01
1.133776e+05	-1.111752e+02
1.140325e+05	-3.003285e+01
1.146911e+05	-3.004664e+01
1.153536e+05	-3.004401e+01
1.160198e+05	-3.005873e+01
1.166900e+05	-1.114450e+02
1.173640e+05	-3.008552e+01
1.180419e+05	-1.115543e+02
1.187237e+05	-1.115991e+02
1.194094e+05	-1.116388e+02
1.200991e+05	-3.005560e+01
1.207928e+05	-3.005038e+01
1.214905e+05	-3.004958e+01
1.221922e+05	-1.118388e+02
1.228980e+05	-3.006436e+01
1.236078e+05	-1.119309e+02
1.243218e+05	-3.005560e+01
1.250399e+05	-3.004653e+01
1.257621e+05	-3.004984e+01
1.264885e+05	-1.120965e+02
1.272191e+05	-3.004359e+01
1.279539e+05	-3.002597e+01
1.286930e+05	-3.002482e+01
1.294363e+05	-3.001882e+01
1.301839e+05	-2.998532e+01
1.309358e+05	-1.123516e+02
1.316921e+05	-1.124123e+02
1.324528e+05	-2.995643e+01
1.332178e+05	-2.994202e+01
1.339873e+05	-2.994528e+01
1.347612e+05	-1.125942e+02
1.355395e+05	-2.989465e+01
1.363224e+05	-2.986562e+01
1.371098e+05	-2.987519e+01
1.379018e+05	-2.984550e+01
1.386983e+05	-2.982843e+01
1.394994e+05	-2.982379e+01
1.403051e+05	-2.978238e+01
1.411155e+05	-2.976642e+01
1.419306e+05	-1.129833e+02
1.427504e+05	-2.970129e+01
1.435749e+05	-2.968879e+01
1.444042e+05	-1.130842e+02
1.452383e+05	-1.131431e+02
1.460772e+05	-1.132018e+02
1.469209e+05	-2.955902e+01
1.477695e+05	-2.952728e+01
1.486230e+05	-1.133277e+02
1.494814e+05	-1.133866e+02
1.503448e+05	-1.134356e+02
1.512132e+05	-1.134761e+02
1.520866e+05	-1.135058e+02
1.529651e+05	-1.135448e+02
1.538486e+05	-2.927068e+01
1.547372e+05	-2.923839e+01
1.556310e+05	-2.918016e+01
1.565299e+05	-2.915591e+01
1.574340e+05	-1.137300e+02
1.583433e+05	-2.904106e+01
1.592579e+05	-2.899070e+01
1.601778e+05	-2.893841e+01
1.611030e+05	-2.887008e+01
1.620335e+05	-2.884260e+01
1.629694e+05	-1.140006e+02
1.639107e+05	-2.869938e+01
1.648574e+05	-2.863128e+01
1.658097e+05	-2.856130e+01
1.667674e+05	-2.851682e+01
1.677306e+05	-1.142135e+02
1.686994e+05	-2.836204e+01
1.696738e+05	-1.143351e+02
1.706538e+05	-1.143496e+02
1.716395e+05	-2.813998e+01
1.726309e+05	-2.806549e+01
1.736280e+05	-1.144726e+02
1.746309e+05	-1.205411e+02
1.756395e+05	-1.145389e+02
1.766540e+05	-1.145876e+02
1.776744e+05	-2.761178e+01
1.787006e+05	-1.146535e+02
1.797328e+05	-1.207125e+02
1.807709e+05	-2.730155e+01
1.818150e+05	-1.207840e+02
1.828652e+05	-2.708195e+01
1.839214e+05	-1.148351e+02
1.849837e+05	-2.686302e+01
1.860522e+05	-2.674981e+01
1.871268e+05	-2.661219e+01
1.882077e+05	-2.647121e+01
1.892948e+05	-2.635368e+01
1.903881e+05	-1.151077e+02
1.914878e+05	-1.151699e+02
1.925938e+05	-2.590637e+01
1.937062e+05	-2.575407e+01
1.948251e+05	-2.559748e+01
1.959504e+05	-2.543428e+01
1.970822e+05	-2.526273e+01
1.982205e+05	-1.153830e+02
1.993654e+05	-1.154449e+02
2.005169e+05	-2.472412e+01
2.016751e+05	-1.154981e+02
2.028400e+05	-2.431780e+01
2.040116e+05	-2.409866e+01
2.051899e+05	-2.388710e+01
2.063751e+05	-2.365383e+01
2.075671e+05	-1.156409e+02
2.087660e+05	-2.316135e+01
2.099719e+05	-2.288461e+01
2.111846e+05	-2.262869e+01
2.124044e+05	-2.233756e+01
2.136313e+05	-1.098116e+02
2.148652e+05	-2.174065e+01
2.161063e+05	-1.098888e+02
2.173545e+05	-1.159555e+02
2.186099e+05	-1.099667e+02
2.198726e+05	-2.031957e+01
2.211426e+05	-1.990402e+01
2.224199e+05	-1.948799e+01
2.237046e+05	-1.904744e+01
2.249967e+05	-1.856369e+01
2.262962e+05	-1.804364e+01
2.276033e+05	-1.102405e+02
2.289179e+05	-1.688484e+01
2.302402e+05	-1.626220e+01
2.315700e+05	-1.553839e+01
2.329076e+05	-1.043454e+02
2.342528e+05	-1.391803e+01
2.356059e+05	-1.044230e+02
2.369667e+05	-1.188563e+01
2.383354e+05	-1.064389e+01
2.397120e+05	-9.179317e+00
2.410966e+05	-7.401174e+00
2.424892e+05	-5.183165e+00
2.438898e+05	-9.251162e+01
2.452985e+05	-9.255258e+01
2.467153e+05	1.403422e+01
2.481403e+05	9.265140e+00
2.495736e+05	-9.261058e+01
2.510151e+05	-3.162970e+00
2.524650e+05	-5.951853e+00
2.539232e+05	-8.061744e+00
2.553898e+05	-1.048174e+02
2.568650e+05	-1.048554e+02
2.583486e+05	-1.109234e+02
2.598408e+05	-1.351851e+01
2.613416e+05	-1.446800e+01
2.628511e+05	-1.534659e+01
2.643694e+05	-1.110379e+02
2.658963e+05	-1.110731e+02
2.674321e+05	-1.750440e+01
2.689768e+05	-1.812498e+01
2.705304e+05	-1.111360e+02
2.720930e+05	-1.921113e+01
2.736646e+05	-1.974214e+01
2.752453e+05	-2.019275e+01
2.768351e+05	-1.172653e+02
2.784341e+05	-2.107924e+01
2.800423e+05	-2.147030e+01
2.816598e+05	-1.173453e+02
2.832867e+05	-2.220061e+01
2.849229e+05	-2.253290e+01
2.865686e+05	-1.173973e+02
2.882238e+05	-2.318494e+01
2.898886e+05	-2.348958e+01
2.915630e+05	-1.174149e+02
2.932470e+05	-2.404681e+01
2.949408e+05	-2.431334e+01
2.966444e+05	-2.456024e+01
2.983578e+05	-2.479318e+01
3.000811e+05	-2.502171e+01
3.018143e+05	-2.525294e+01
3.035576e+05	-2.545260e+01
3.053109e+05	-2.565812e+01
3.070744e+05	-2.584487e+01
3.088481e+05	-1.236045e+02
3.106320e+05	-2.621194e+01
3.124261e+05	-1.236710e+02
3.142307e+05	-2.653236e+01
3.160457e+05	-2.667026e+01
3.178712e+05	-2.682018e+01
3.197072e+05	-2.696071e+01
3.215538e+05	-1.237611e+02
3.234111e+05	-1.238028e+02
3.252791e+05	-2.733096e+01
3.271579e+05	-1.238193e+02
3.290475e+05	-1.238500e+02
3.309481e+05	-1.238467e+02
3.328596e+05	-2.773658e+01
3.347822e+05	-2.778173e+01
3.367159e+05	-2.785152e+01
3.386608e+05	-1.239029e+02
3.406169e+05	-1.238951e+02
3.425842e+05	-2.805885e+01
3.445630e+05	-2.809357e+01
3.465532e+05	-1.238900e+02
3.485549e+05	-1.238908e+02
3.505681e+05	-1.239105e+02
3.525930e+05	-2.821709e+01
3.546295e+05	-1.238805e+02
3.566778e+05	-2.823528e+01
3.587380e+05	-1.238974e+02
3.608101e+05	-2.822635e+01
3.628941e+05	-2.821515e+01
3.649901e+05	-1.239268e+02
3.670983e+05	-1.299485e+02
3.692187e+05	-2.813690e+01
3.713513e+05	-2.810388e+01
3.734962e+05	-2.804584e+01
3.756535e+05	-1.298467e+02
3.778232e+05	-2.791434e+01
3.800055e+05	-2.783425e+01
3.822004e+05	-2.774079e+01
3.844080e+05	-2.763649e+01
3.866283e+05	-2.754585e+01
3.888615e+05	-2.741174e+01
3.911075e+05	-2.727898e+01
3.933665e+05	-2.716201e+01
3.956386e+05	-2.699046e+01
3.979238e+05	-1.237561e+02
4.002222e+05	-1.237506e+02
4.025338e+05	-1.236920e+02
4.048589e+05	-2.627073e+01
4.071973e+05	-1.236148e+02
4.095493e+05	-2.581166e+01
4.119148e+05	-2.556244e+01
4.142940e+05	-1.295573e+02
4.166870e+05	-2.500615e+01
4.190937e+05	-2.471530e+01
4.215144e+05	-1.234577e+02
4.239490e+05	-1.234352e+02
4.263978e+05	-2.367552e+01
4.288606e+05	-1.233545e+02
4.313377e+05	-2.281129e+01
4.338291e+05	-2.234812e+01
4.363349e+05	-1.232334e+02
4.388551e+05	-2.128180e+01
4.413899e+05	-2.066459e+01
4.439394e+05	-2.000167e+01
4.465035e+05	-1.929054e+01
4.490825e+05	-1.169273e+02
4.516764e+05	-1.761573e+01
4.542853e+05	-1.168065e+02
4.569092e+05	-1.547079e+01
4.595483e+05	-1.413515e+01
4.622026e+05	-1.105495e+02
4.648723e+05	-1.059882e+01
4.675574e+05	-1.103683e+02
4.702580e+05	-4.524625e+00
4.729742e+05	-1.041547e+02
4.757060e+05	-6.794610e+01
4.784537e+05	1.216800e+00
4.812172e+05	-1.039468e+02
4.839967e+05	-8.119043e+00
4.867923e+05	-1.055081e+01
4.896040e+05	-1.156890e+02
4.924319e+05	-1.155680e+02
4.952762e+05	-1.154437e+02
4.981369e+05	-1.631205e+01
5.010141e+05	-1.725286e+01
5.039079e+05	-1.809744e+01
5.068185e+05	-1.882957e+01
5.097458e+05	-1.205733e+02
5.126901e+05	-2.006945e+01
5.156514e+05	-2.060114e+01
5.186298e+05	-1.259059e+02
5.216253e+05	-1.197929e+02
5.246382e+05	-1.196860e+02
5.276685e+05	-2.225745e+01
5.307163e+05	-2.254773e+01
5.337817e+05	-2.283018e+01
5.368648e+05	-1.250737e+02
5.399657e+05	-1.248708e+02
5.430845e+05	-1.246495e+02
5.462214e+05	-2.364821e+01
5.493763e+05	-2.375209e+01
5.525495e+05	-1.238240e+02
5.557410e+05	-2.394247e+01
5.589509e+05	-2.401264e+01
5.621794e+05	-2.404687e+01
5.654265e+05	-2.405689e+01
5.686924e+05	-2.401544e+01
5.719772e+05	-1.276399e+02
5.752809e+05	-2.389385e+01
5.786037e+05	-1.267443e+02
5.819457e+05	-2.366387e+01
5.853070e+05	-1.256157e+02
5.886877e+05	-2.330075e+01
5.920879e+05	-2.307649e+01
5.955078e+05	-2.283100e+01
5.989474e+05	-1.168784e+02
6.024069e+05	-2.224094e+01
6.058864e+05	-1.150933e+02
6.093860e+05	-2.147603e+01
6.129058e+05	-1.130108e+02
6.164459e+05	-2.052817e+01
6.200064e+05	-1.996514e+01
6.235876e+05	-1.937697e+01
6.271894e+05	-1.100186e+02
6.308120e+05	-1.793711e+01
6.344555e+05	-1.707595e+01
6.381201e+05	-1.615283e+01
6.418059e+05	-1.506225e+01
6.455129e+05	-1.384209e+01
6.492414e+05	-1.100676e+02
6.529914e+05	-1.071647e+01
6.567630e+05	-8.655522e+00
6.605565e+05	-6.021926e+00
6.643718e+05	-2.323184e+00
6.682092e+05	3.878511e+00
6.720688e+05	-3.716187e+01
6.759506e+05	4.317764e+00
6.798549e+05	-1.108527e+02
6.837817e+05	-1.114738e+02
6.877312e+05	-6.846471e+00
6.917035e+05	-8.404713e+00
6.956987e+05	-9.617318e+00
6.997171e+05	-1.195147e+02
7.037586e+05	-1.260895e+02
7.078235e+05	-1.174633e+01
7.119118e+05	-1.211974e+01
7.160238e+05	-1.234190e+01
7.201595e+05	-1.244983e+01
7.243191e+05	-1.283584e+02
7.285028e+05	-1.229783e+01
7.327106e+05	-1.350882e+02
7.369427e+05	-1.293863e+02
7.411992e+05	-1.121209e+01
7.454804e+05	-1.301029e+02
7.497862e+05	-9.817015e+00
7.541170e+05	-8.909358e+00
7.584727e+05	-1.370583e+02
7.628536e+05	-1.372507e+02
7.672598e+05	-5.035424e+00
7.716915e+05	-1.374676e+02
7.761488e+05	-1.374303e+02
7.806318e+05	-1.373299e+02
7.851407e+05	2.045864e-01
7.896756e+05	-4.886163e-02
7.942367e+05	-1.325880e+02
7.988242e+05	-1.406828e+00
8.034382e+05	-1.805728e+00
8.080788e+05	-1.336198e+02
8.127463e+05	-1.394912e+00
8.174406e+05	-2.492655e-01
8.221621e+05	2.010831e+00
8.269109e+05	6.590220e+00
8.316871e+05	-9.819299e+01
8.364909e+05	6.461057e+00
8.413225e+05	-7.267463e-01
8.461819e+05	-1.287261e+02
8.510694e+05	-8.228592e+00
8.559852e+05	-1.071062e+01
8.609293e+05	-1.275922e+01
8.659020e+05	-1.350287e+02
8.709034e+05	-1.591726e+01
8.759337e+05	-1.410887e+02
8.809931e+05	-1.818349e+01
8.860816e+05	-1.407330e+02
8.911996e+05	-1.972580e+01
8.963471e+05	-1.410531e+02
9.015244e+05	-2.064818e+01
9.067316e+05	-2.085003e+01
9.119688e+05	-2.090322e+01
9.172363e+05	-2.072219e+01
9.225342e+05	-2.029536e+01
9.278628e+05	-1.340830e+02
9.332221e+05	-1.853713e+01
9.386123e+05	-1.695537e+01
9.440337e+05	-1.452384e+01
9.494864e+05	-1.267973e+02
9.549706e+05	-5.304753e-01
9.604865e+05	-2.879366e+00
9.660342e+05	-1.248912e+02
9.716140e+05	-1.646746e+01
9.772260e+05	-1.289898e+02
9.828704e+05	-1.276237e+02
9.885474e+05	-2.296406e+01
9.942572e+05	-2.407024e+01
1.000000e+06	-2.483149e+01
