Frequency(Hz)	Magnitude(dB)
1.000000e+01	1.473902e-05
1.005776e+01	-2.057317e-04
1.011585e+01	-5.360083e-05
1.017428e+01	8.246263e-05
1.023305e+01	-1.932677e-05
1.029215e+01	-4.091725e-06
1.035160e+01	1.359957e-04
1.041139e+01	7.770092e-05
1.047153e+01	-8.538114e-05
1.053201e+01	3.748136e-06
1.059284e+01	1.838527e-05
1.065403e+01	-4.257905e-05
1.071556e+01	-3.922072e-05
1.077746e+01	-8.925073e-05
1.083971e+01	-3.128767e-05
1.090232e+01	-5.914187e-05
1.096529e+01	9.428467e-06
1.102862e+01	-1.092335e-05
1.109232e+01	-7.728599e-06
1.115639e+01	-1.457515e-06
1.122083e+01	-2.850910e-05
1.128564e+01	-6.851854e-05
1.135083e+01	-5.562866e-05
1.141639e+01	4.213986e-05
1.148233e+01	-6.021400e-05
1.154865e+01	8.015442e-06
1.161536e+01	3.128072e-05
1.168245e+01	4.136157e-05
1.174992e+01	1.475185e-05
1.181779e+01	1.000664e-05
1.188605e+01	5.506584e-05
1.195470e+01	-4.039633e-06
1.202375e+01	7.898026e-05
1.209320e+01	1.371108e-04
1.216305e+01	1.417059e-04
1.223330e+01	3.118021e-05
1.230396e+01	1.536446e-07
1.237503e+01	2.718527e-05
1.244651e+01	1.252840e-04
1.251840e+01	8.423187e-05
1.259070e+01	-1.300802e-04
1.266343e+01	-5.333534e-05
1.273657e+01	-7.533219e-05
1.281014e+01	-1.087799e-04
1.288413e+01	-2.013958e-05
1.295855e+01	-6.048978e-05
1.303339e+01	-6.419036e-05
1.310867e+01	1.318570e-04
1.318439e+01	-3.037352e-05
1.326054e+01	-2.085193e-04
1.333713e+01	-1.558619e-04
1.341417e+01	-1.314754e-04
1.349165e+01	-7.341526e-05
1.356958e+01	6.739702e-05
1.364795e+01	-4.702531e-05
1.372678e+01	7.050437e-05
1.380607e+01	-3.173875e-05
1.388581e+01	-2.478430e-05
1.396602e+01	-6.030199e-05
1.404668e+01	-2.152749e-05
1.412782e+01	-3.419414e-07
1.420942e+01	-9.049807e-05
1.429149e+01	-8.251405e-05
1.437404e+01	6.180438e-05
1.445706e+01	7.675239e-05
1.454057e+01	9.152333e-05
1.462455e+01	-1.134983e-04
1.470902e+01	-1.239292e-04
1.479398e+01	1.121398e-05
1.487943e+01	2.846102e-05
1.496537e+01	-2.991462e-05
1.505181e+01	-1.056428e-04
1.513875e+01	-1.728797e-04
1.522619e+01	-1.188565e-04
1.531414e+01	-4.347504e-06
1.540259e+01	6.685113e-05
1.549156e+01	-1.414398e-04
1.558103e+01	-1.337343e-05
1.567103e+01	-2.098768e-05
1.576155e+01	1.729619e-04
1.585258e+01	-5.092527e-06
1.594415e+01	-9.670980e-05
1.603624e+01	-1.471238e-04
1.612886e+01	-4.986128e-05
1.622202e+01	-4.174951e-05
1.631572e+01	-1.129596e-04
1.640996e+01	-3.838618e-05
1.650474e+01	-8.593003e-05
1.660008e+01	8.569192e-06
1.669596e+01	-1.576536e-04
1.679239e+01	-1.182364e-04
1.688938e+01	-5.103786e-05
1.698694e+01	-9.682402e-05
1.708505e+01	1.532561e-05
1.718373e+01	2.308015e-05
1.728299e+01	-1.445960e-04
1.738281e+01	-1.109736e-04
1.748322e+01	-6.977596e-05
1.758420e+01	-2.948053e-05
1.768576e+01	1.784395e-04
1.778792e+01	-2.450716e-04
1.789066e+01	-8.470502e-05
1.799399e+01	-1.103761e-04
1.809793e+01	-1.162041e-04
1.820246e+01	-9.143438e-05
1.830760e+01	-6.236681e-05
1.841334e+01	2.508865e-05
1.851969e+01	3.991987e-06
1.862666e+01	-9.844484e-06
1.873425e+01	-1.745495e-04
1.884246e+01	-6.832048e-05
1.895129e+01	-2.744111e-06
1.906075e+01	-1.646567e-04
1.917085e+01	-2.204152e-04
1.928158e+01	-2.325604e-04
1.939295e+01	-6.227268e-05
1.950496e+01	-1.271868e-04
1.961762e+01	9.170292e-05
1.973093e+01	7.718682e-05
1.984490e+01	-6.489104e-05
1.995952e+01	-4.262518e-05
2.007480e+01	-6.084931e-05
2.019076e+01	7.739252e-05
2.030738e+01	-6.401638e-05
2.042467e+01	-8.726764e-05
2.054264e+01	-1.430322e-04
2.066130e+01	-1.815408e-04
2.078064e+01	-6.959462e-05
2.090066e+01	-7.217432e-05
2.102139e+01	1.999764e-05
2.114280e+01	3.596976e-05
2.126492e+01	-1.640735e-04
2.138775e+01	-1.028398e-04
2.151128e+01	-6.982203e-05
2.163553e+01	-1.818708e-04
2.176050e+01	-3.770123e-04
2.188619e+01	-4.835108e-05
2.201260e+01	5.172950e-05
2.213974e+01	-1.400022e-04
2.226762e+01	-3.400059e-05
2.239624e+01	1.089264e-04
2.252560e+01	-1.852071e-04
2.265571e+01	-1.135360e-05
2.278656e+01	-8.194901e-05
2.291818e+01	-7.779830e-05
2.305055e+01	-5.133021e-05
2.318369e+01	7.022004e-06
2.331760e+01	6.586830e-05
2.345228e+01	-5.529320e-05
2.358774e+01	-1.173464e-04
2.372398e+01	-1.192612e-04
2.386101e+01	-7.468367e-05
2.399883e+01	-1.579289e-04
2.413745e+01	-1.668163e-04
2.427686e+01	-1.299020e-04
2.441709e+01	-4.559513e-05
2.455812e+01	-1.627217e-04
2.469997e+01	-9.222213e-05
2.484263e+01	-6.243584e-05
2.498612e+01	-8.146009e-05
2.513044e+01	-3.157063e-04
2.527559e+01	1.890091e-06
2.542158e+01	-2.371872e-04
2.556842e+01	-2.494195e-05
2.571610e+01	-1.035271e-04
2.586463e+01	-1.378396e-04
2.601403e+01	-9.480822e-05
2.616428e+01	-1.745069e-04
2.631541e+01	-1.492686e-04
2.646740e+01	-6.650862e-05
2.662028e+01	-3.016039e-05
2.677404e+01	-1.189674e-04
2.692868e+01	2.808408e-05
2.708422e+01	-6.737250e-05
2.724066e+01	-1.737107e-04
2.739800e+01	-1.083255e-04
2.755625e+01	1.239703e-04
2.771541e+01	1.022117e-04
2.787550e+01	-3.812716e-05
2.803650e+01	-4.100021e-05
2.819844e+01	-5.824886e-05
2.836131e+01	2.658574e-05
2.852513e+01	-8.547973e-05
2.868989e+01	-2.609582e-04
2.885560e+01	-1.157968e-04
2.902227e+01	-2.714687e-04
2.918990e+01	-8.761268e-05
2.935850e+01	-2.426549e-04
2.952807e+01	-9.060108e-05
2.969863e+01	-2.164817e-04
2.987016e+01	-2.096285e-04
3.004269e+01	-1.002955e-05
3.021622e+01	-1.968483e-04
3.039075e+01	-8.056981e-05
3.056628e+01	-2.105745e-04
3.074283e+01	-9.797247e-05
3.092040e+01	-2.847820e-04
3.109900e+01	-1.242071e-04
3.127862e+01	-6.980481e-05
3.145929e+01	-2.843774e-04
3.164099e+01	-2.936781e-04
3.182375e+01	-1.900757e-04
3.200756e+01	-1.958268e-04
3.219244e+01	-1.925807e-04
3.237838e+01	-7.315419e-05
3.256540e+01	-1.570301e-05
3.275349e+01	-2.073092e-04
3.294268e+01	-5.521050e-05
3.313295e+01	-1.923525e-04
3.332433e+01	-1.544521e-04
3.351681e+01	-2.393783e-04
3.371040e+01	-1.018953e-04
3.390511e+01	-4.316772e-05
3.410094e+01	-1.677416e-04
3.429791e+01	-3.034646e-04
3.449601e+01	-4.458687e-04
3.469526e+01	-2.880226e-04
3.489566e+01	-2.293460e-05
3.509721e+01	-1.926460e-04
3.529993e+01	-3.251859e-04
3.550382e+01	-1.812484e-04
3.570889e+01	-3.231994e-04
3.591515e+01	-1.179901e-04
3.612259e+01	-5.347578e-05
3.633123e+01	-2.628290e-04
3.654108e+01	-1.721854e-04
3.675214e+01	-1.908251e-04
3.696442e+01	-2.290634e-04
3.717792e+01	-1.580196e-04
3.739266e+01	-3.420359e-04
3.760864e+01	-1.853031e-04
3.782587e+01	-1.053351e-04
3.804435e+01	-2.184504e-04
3.826409e+01	-2.459946e-04
3.848510e+01	-2.899582e-04
3.870739e+01	-7.481532e-05
3.893096e+01	-2.868542e-04
3.915583e+01	-7.234580e-05
3.938199e+01	-2.582526e-04
3.960946e+01	-3.858607e-04
3.983824e+01	-1.828477e-04
4.006834e+01	-2.018753e-04
4.029978e+01	-3.748582e-04
4.053255e+01	-1.928803e-04
4.076666e+01	-2.834906e-04
4.100213e+01	-2.583000e-04
4.123896e+01	-3.017335e-04
4.147715e+01	-3.506806e-04
4.171672e+01	-3.050049e-04
4.195767e+01	-1.571678e-04
4.220002e+01	-2.453463e-04
4.244377e+01	-2.386939e-04
4.268892e+01	-2.872767e-04
4.293549e+01	-2.650978e-04
4.318348e+01	-3.249804e-04
4.343291e+01	-1.744191e-04
4.368377e+01	-2.366011e-04
4.393609e+01	-2.637531e-04
4.418986e+01	-2.940251e-04
4.444510e+01	-2.204954e-04
4.470182e+01	-2.837443e-04
4.496001e+01	-4.313705e-04
4.521970e+01	-3.225206e-04
4.548089e+01	-4.293341e-04
4.574358e+01	-3.748227e-04
4.600779e+01	-3.261813e-04
4.627353e+01	-1.932087e-04
4.654081e+01	-3.232505e-04
4.680963e+01	-3.179440e-04
4.708000e+01	-3.317668e-04
4.735193e+01	-2.488002e-04
4.762543e+01	-3.457302e-04
4.790051e+01	-3.227421e-04
4.817719e+01	-2.405307e-04
4.845545e+01	-3.953019e-04
4.873533e+01	-5.836955e-04
4.901682e+01	-5.247513e-04
4.929994e+01	-3.289635e-04
4.958470e+01	-3.508846e-04
4.987110e+01	-3.984972e-04
5.015915e+01	-3.510831e-04
5.044887e+01	-4.110060e-04
5.074026e+01	-4.159064e-04
5.103333e+01	-5.345277e-04
5.132810e+01	-4.971911e-04
5.162457e+01	-3.950070e-04
5.192275e+01	-4.860035e-04
5.222265e+01	-4.012645e-04
5.252429e+01	-4.591879e-04
5.282767e+01	-4.189484e-04
5.313280e+01	-4.342721e-04
5.343969e+01	-3.440506e-04
5.374836e+01	-4.957343e-04
5.405880e+01	-3.908874e-04
5.437105e+01	-4.632436e-04
5.468509e+01	-4.837717e-04
5.500095e+01	-5.011731e-04
5.531863e+01	-6.348089e-04
5.563815e+01	-5.543977e-04
5.595951e+01	-5.995235e-04
5.628273e+01	-4.687635e-04
5.660782e+01	-4.793584e-04
5.693479e+01	-5.323158e-04
5.726364e+01	-4.814610e-04
5.759439e+01	-4.858945e-04
5.792705e+01	-4.839481e-04
5.826164e+01	-5.143244e-04
5.859815e+01	-4.110135e-04
5.893662e+01	-4.661965e-04
5.927703e+01	-6.063888e-04
5.961941e+01	-4.849071e-04
5.996377e+01	-4.164302e-04
6.031012e+01	-5.256171e-04
6.065847e+01	-5.318187e-04
6.100883e+01	-4.656783e-04
6.136121e+01	-6.094834e-04
6.171563e+01	-6.164197e-04
6.207210e+01	-5.723259e-04
6.243063e+01	-5.300475e-04
6.279122e+01	-5.686442e-04
6.315390e+01	-5.974962e-04
6.351868e+01	-5.623129e-04
6.388556e+01	-6.852675e-04
6.425456e+01	-7.477545e-04
6.462569e+01	-6.882695e-04
6.499897e+01	-6.587366e-04
6.537440e+01	-5.524520e-04
6.575200e+01	-5.833821e-04
6.613178e+01	-6.939451e-04
6.651375e+01	-5.542597e-04
6.689793e+01	-5.881918e-04
6.728433e+01	-7.079097e-04
6.767297e+01	-6.878470e-04
6.806384e+01	-5.958264e-04
6.845698e+01	-7.912869e-04
6.885238e+01	-8.652735e-04
6.925007e+01	-7.017340e-04
6.965005e+01	-5.165133e-04
7.005235e+01	-7.239737e-04
7.045697e+01	-6.602145e-04
7.086393e+01	-6.486960e-04
7.127323e+01	-7.365274e-04
7.168490e+01	-9.527114e-04
7.209895e+01	-1.041582e-03
7.251539e+01	-7.736171e-04
7.293424e+01	-7.791284e-04
7.335551e+01	-9.206931e-04
7.377920e+01	-8.329334e-04
7.420535e+01	-7.635235e-04
7.463396e+01	-9.266612e-04
7.506504e+01	-8.083547e-04
7.549861e+01	-8.803251e-04
7.593469e+01	-9.143849e-04
7.637328e+01	-9.383964e-04
7.681441e+01	-9.145081e-04
7.725809e+01	-1.007103e-03
7.770433e+01	-9.769980e-04
7.815315e+01	-8.835745e-04
7.860456e+01	-9.036403e-04
7.905857e+01	-8.886953e-04
7.951521e+01	-8.698815e-04
7.997449e+01	-9.855056e-04
8.043642e+01	-9.165232e-04
8.090102e+01	-1.077154e-03
8.136830e+01	-1.007394e-03
8.183828e+01	-9.666901e-04
8.231097e+01	-8.956992e-04
8.278640e+01	-1.008781e-03
8.326457e+01	-8.537127e-04
8.374550e+01	-1.130225e-03
8.422921e+01	-1.115203e-03
8.471572e+01	-1.059433e-03
8.520503e+01	-1.091336e-03
8.569717e+01	-1.246265e-03
8.619215e+01	-1.015557e-03
8.669000e+01	-1.101538e-03
8.719071e+01	-1.070819e-03
8.769432e+01	-1.274202e-03
8.820084e+01	-1.222772e-03
8.871029e+01	-1.213172e-03
8.922267e+01	-1.136164e-03
8.973802e+01	-1.379231e-03
9.025634e+01	-1.218636e-03
9.077766e+01	-1.103976e-03
9.130199e+01	-1.382936e-03
9.182935e+01	-1.222490e-03
9.235975e+01	-1.396603e-03
9.289321e+01	-1.327049e-03
9.342976e+01	-1.375830e-03
9.396941e+01	-1.361254e-03
9.451217e+01	-1.260830e-03
9.505807e+01	-1.586076e-03
9.560712e+01	-1.358110e-03
9.615934e+01	-1.374754e-03
9.671476e+01	-1.327290e-03
9.727338e+01	-1.412764e-03
9.783522e+01	-1.397923e-03
9.840032e+01	-1.271751e-03
9.896867e+01	-1.434751e-03
9.954031e+01	-1.477277e-03
1.001153e+02	-1.570465e-03
1.006935e+02	-1.563912e-03
1.012751e+02	-1.564747e-03
1.018601e+02	-1.603990e-03
1.024484e+02	-1.486424e-03
1.030402e+02	-1.638397e-03
1.036353e+02	-1.681364e-03
1.042339e+02	-1.599246e-03
1.048360e+02	-1.663242e-03
1.054415e+02	-1.685591e-03
1.060505e+02	-1.722749e-03
1.066631e+02	-1.796900e-03
1.072791e+02	-1.750257e-03
1.078988e+02	-1.593699e-03
1.085220e+02	-1.746817e-03
1.091488e+02	-1.784099e-03
1.097793e+02	-1.790295e-03
1.104133e+02	-1.940924e-03
1.110511e+02	-1.863979e-03
1.116925e+02	-2.006077e-03
1.123376e+02	-1.852333e-03
1.129865e+02	-1.897608e-03
1.136391e+02	-1.941023e-03
1.142955e+02	-2.049207e-03
1.149556e+02	-1.904598e-03
1.156196e+02	-2.139509e-03
1.162874e+02	-2.039335e-03
1.169591e+02	-1.999882e-03
1.176347e+02	-2.014422e-03
1.183141e+02	-2.092387e-03
1.189975e+02	-2.155968e-03
1.196848e+02	-2.129542e-03
1.203761e+02	-2.212991e-03
1.210714e+02	-2.284618e-03
1.217707e+02	-2.169134e-03
1.224740e+02	-2.429799e-03
1.231814e+02	-2.294438e-03
1.238929e+02	-2.290886e-03
1.246085e+02	-2.314297e-03
1.253283e+02	-2.379452e-03
1.260522e+02	-2.479020e-03
1.267802e+02	-2.576735e-03
1.275125e+02	-2.443846e-03
1.282490e+02	-2.569966e-03
1.289898e+02	-2.365618e-03
1.297348e+02	-2.716280e-03
1.304842e+02	-2.486173e-03
1.312378e+02	-2.647830e-03
1.319959e+02	-2.675300e-03
1.327583e+02	-2.634573e-03
1.335251e+02	-2.791809e-03
1.342963e+02	-2.836035e-03
1.350720e+02	-2.557566e-03
1.358522e+02	-2.652307e-03
1.366368e+02	-2.836274e-03
1.374260e+02	-2.895770e-03
1.382198e+02	-2.925193e-03
1.390182e+02	-2.782951e-03
1.398211e+02	-2.928220e-03
1.406287e+02	-2.923311e-03
1.414410e+02	-3.085744e-03
1.422579e+02	-3.110734e-03
1.430796e+02	-2.948321e-03
1.439060e+02	-3.016788e-03
1.447372e+02	-3.125787e-03
1.455732e+02	-3.174956e-03
1.464141e+02	-3.134293e-03
1.472597e+02	-3.420315e-03
1.481103e+02	-3.305715e-03
1.489658e+02	-3.290604e-03
1.498262e+02	-3.334315e-03
1.506916e+02	-3.379137e-03
1.515620e+02	-3.445638e-03
1.524374e+02	-3.525001e-03
1.533179e+02	-3.636333e-03
1.542034e+02	-3.480678e-03
1.550941e+02	-3.643009e-03
1.559899e+02	-3.721860e-03
1.568909e+02	-3.816638e-03
1.577971e+02	-3.803507e-03
1.587085e+02	-3.937359e-03
1.596252e+02	-3.866567e-03
1.605472e+02	-3.845426e-03
1.614745e+02	-3.917965e-03
1.624072e+02	-4.052740e-03
1.633453e+02	-4.036813e-03
1.642887e+02	-4.079998e-03
1.652377e+02	-4.247954e-03
1.661921e+02	-4.263935e-03
1.671520e+02	-4.197765e-03
1.681175e+02	-4.375864e-03
1.690885e+02	-4.309468e-03
1.700651e+02	-4.478585e-03
1.710474e+02	-4.404353e-03
1.720354e+02	-4.581370e-03
1.730291e+02	-4.509972e-03
1.740285e+02	-4.616984e-03
1.750337e+02	-4.839716e-03
1.760446e+02	-4.557520e-03
1.770615e+02	-4.707443e-03
1.780842e+02	-4.821477e-03
1.791128e+02	-4.780899e-03
1.801473e+02	-5.117281e-03
1.811878e+02	-5.040357e-03
1.822344e+02	-5.075592e-03
1.832870e+02	-5.066319e-03
1.843456e+02	-5.291926e-03
1.854104e+02	-5.267739e-03
1.864813e+02	-5.346607e-03
1.875584e+02	-5.310140e-03
1.886418e+02	-5.461899e-03
1.897313e+02	-5.494578e-03
1.908272e+02	-5.568921e-03
1.919294e+02	-5.574008e-03
1.930380e+02	-5.634703e-03
1.941530e+02	-5.746613e-03
1.952744e+02	-5.849878e-03
1.964023e+02	-5.834392e-03
1.975367e+02	-6.048969e-03
1.986777e+02	-6.135479e-03
1.998252e+02	-6.252253e-03
2.009794e+02	-6.237522e-03
2.021403e+02	-6.137838e-03
2.033078e+02	-6.387835e-03
2.044821e+02	-6.276472e-03
2.056632e+02	-6.291083e-03
2.068511e+02	-6.575935e-03
2.080459e+02	-6.717258e-03
2.092475e+02	-6.697997e-03
2.104561e+02	-6.808280e-03
2.116717e+02	-6.717290e-03
2.128943e+02	-6.946183e-03
2.141240e+02	-7.090533e-03
2.153608e+02	-7.160451e-03
2.166047e+02	-7.143610e-03
2.178558e+02	-7.115834e-03
2.191141e+02	-7.265721e-03
2.203797e+02	-7.484719e-03
2.216526e+02	-7.380989e-03
2.229329e+02	-7.463441e-03
2.242205e+02	-7.658953e-03
2.255156e+02	-7.665802e-03
2.268182e+02	-7.826177e-03
2.281283e+02	-7.969040e-03
2.294459e+02	-7.998746e-03
2.307712e+02	-7.912115e-03
2.321041e+02	-8.231428e-03
2.334447e+02	-8.195368e-03
2.347931e+02	-8.401816e-03
2.361493e+02	-8.478297e-03
2.375133e+02	-8.612067e-03
2.388851e+02	-8.753910e-03
2.402649e+02	-8.742853e-03
2.416527e+02	-9.114479e-03
2.430484e+02	-8.943774e-03
2.444523e+02	-9.164656e-03
2.458642e+02	-9.141636e-03
2.472843e+02	-9.425405e-03
2.487126e+02	-9.539663e-03
2.501492e+02	-9.416313e-03
2.515940e+02	-9.646152e-03
2.530472e+02	-9.729512e-03
2.545088e+02	-9.718227e-03
2.559789e+02	-9.887489e-03
2.574574e+02	-1.013225e-02
2.589444e+02	-9.920759e-03
2.604401e+02	-1.035533e-02
2.619444e+02	-1.041517e-02
2.634574e+02	-1.044100e-02
2.649791e+02	-1.067680e-02
2.665096e+02	-1.070450e-02
2.680489e+02	-1.087556e-02
2.695972e+02	-1.105463e-02
2.711544e+02	-1.129217e-02
2.727205e+02	-1.140712e-02
2.742958e+02	-1.155760e-02
2.758801e+02	-1.146898e-02
2.774736e+02	-1.172659e-02
2.790762e+02	-1.182751e-02
2.806882e+02	-1.195368e-02
2.823094e+02	-1.229082e-02
2.839400e+02	-1.238656e-02
2.855800e+02	-1.248359e-02
2.872295e+02	-1.264883e-02
2.888886e+02	-1.287466e-02
2.905572e+02	-1.282437e-02
2.922354e+02	-1.286577e-02
2.939234e+02	-1.306523e-02
2.956211e+02	-1.344668e-02
2.973286e+02	-1.343906e-02
2.990459e+02	-1.358413e-02
3.007732e+02	-1.370157e-02
3.025104e+02	-1.400489e-02
3.042577e+02	-1.409416e-02
3.060151e+02	-1.421616e-02
3.077826e+02	-1.430283e-02
3.095604e+02	-1.452642e-02
3.113484e+02	-1.466275e-02
3.131467e+02	-1.474449e-02
3.149554e+02	-1.485489e-02
3.167746e+02	-1.508824e-02
3.186043e+02	-1.552315e-02
3.204445e+02	-1.550958e-02
3.222954e+02	-1.583156e-02
3.241570e+02	-1.609081e-02
3.260293e+02	-1.605047e-02
3.279124e+02	-1.637219e-02
3.298064e+02	-1.655164e-02
3.317114e+02	-1.679508e-02
3.336273e+02	-1.678839e-02
3.355544e+02	-1.716274e-02
3.374925e+02	-1.728203e-02
3.394418e+02	-1.755184e-02
3.414024e+02	-1.783872e-02
3.433744e+02	-1.788623e-02
3.453577e+02	-1.801170e-02
3.473525e+02	-1.819713e-02
3.493588e+02	-1.852216e-02
3.513766e+02	-1.868761e-02
3.534062e+02	-1.906395e-02
3.554474e+02	-1.928273e-02
3.575005e+02	-1.934018e-02
3.595654e+02	-1.963308e-02
3.616422e+02	-1.988899e-02
3.637311e+02	-2.010651e-02
3.658320e+02	-2.027502e-02
3.679450e+02	-2.061723e-02
3.700702e+02	-2.094991e-02
3.722077e+02	-2.106808e-02
3.743576e+02	-2.143535e-02
3.765199e+02	-2.161313e-02
3.786946e+02	-2.193483e-02
3.808820e+02	-2.214120e-02
3.830819e+02	-2.215102e-02
3.852946e+02	-2.247852e-02
3.875200e+02	-2.283800e-02
3.897583e+02	-2.310031e-02
3.920096e+02	-2.323410e-02
3.942738e+02	-2.357056e-02
3.965511e+02	-2.383493e-02
3.988416e+02	-2.416086e-02
4.011452e+02	-2.451692e-02
4.034622e+02	-2.478128e-02
4.057926e+02	-2.490419e-02
4.081365e+02	-2.519810e-02
4.104938e+02	-2.549535e-02
4.128648e+02	-2.584577e-02
4.152495e+02	-2.608555e-02
4.176480e+02	-2.650684e-02
4.200603e+02	-2.685838e-02
4.224866e+02	-2.707699e-02
4.249268e+02	-2.760431e-02
4.273812e+02	-2.775400e-02
4.298497e+02	-2.806585e-02
4.323325e+02	-2.856377e-02
4.348297e+02	-2.851665e-02
4.373412e+02	-2.887860e-02
4.398673e+02	-2.943537e-02
4.424079e+02	-2.966708e-02
4.449633e+02	-3.007203e-02
4.475334e+02	-3.034465e-02
4.501183e+02	-3.077528e-02
4.527182e+02	-3.115809e-02
4.553330e+02	-3.168790e-02
4.579630e+02	-3.180581e-02
4.606082e+02	-3.223822e-02
4.632687e+02	-3.253245e-02
4.659445e+02	-3.289610e-02
4.686358e+02	-3.335640e-02
4.713426e+02	-3.368823e-02
4.740650e+02	-3.389597e-02
4.768032e+02	-3.456908e-02
4.795572e+02	-3.490964e-02
4.823271e+02	-3.527536e-02
4.851130e+02	-3.561158e-02
4.879150e+02	-3.598164e-02
4.907332e+02	-3.663901e-02
4.935676e+02	-3.692308e-02
4.964185e+02	-3.738553e-02
4.992858e+02	-3.785053e-02
5.021696e+02	-3.820824e-02
5.050701e+02	-3.870672e-02
5.079874e+02	-3.917382e-02
5.109215e+02	-3.954564e-02
5.138726e+02	-3.986882e-02
5.168407e+02	-4.041918e-02
5.198259e+02	-4.106278e-02
5.228284e+02	-4.146099e-02
5.258482e+02	-4.196839e-02
5.288855e+02	-4.235551e-02
5.319403e+02	-4.291375e-02
5.350128e+02	-4.345560e-02
5.381030e+02	-4.388238e-02
5.412111e+02	-4.444632e-02
5.443371e+02	-4.485806e-02
5.474812e+02	-4.542555e-02
5.506434e+02	-4.598123e-02
5.538239e+02	-4.628342e-02
5.570228e+02	-4.684572e-02
5.602401e+02	-4.730085e-02
5.634760e+02	-4.807834e-02
5.667306e+02	-4.845031e-02
5.700040e+02	-4.912923e-02
5.732964e+02	-4.952810e-02
5.766077e+02	-5.033594e-02
5.799382e+02	-5.092804e-02
5.832879e+02	-5.137989e-02
5.866569e+02	-5.208891e-02
5.900454e+02	-5.267265e-02
5.934535e+02	-5.320810e-02
5.968813e+02	-5.401037e-02
6.003288e+02	-5.437531e-02
6.037963e+02	-5.497068e-02
6.072838e+02	-5.575598e-02
6.107914e+02	-5.640526e-02
6.143194e+02	-5.710850e-02
6.178676e+02	-5.764798e-02
6.214364e+02	-5.842646e-02
6.250258e+02	-5.908363e-02
6.286359e+02	-5.972876e-02
6.322669e+02	-6.033164e-02
6.359189e+02	-6.116830e-02
6.395919e+02	-6.184279e-02
6.432862e+02	-6.241256e-02
6.470017e+02	-6.332065e-02
6.507388e+02	-6.408788e-02
6.544974e+02	-6.475354e-02
6.582778e+02	-6.558044e-02
6.620800e+02	-6.604572e-02
6.659041e+02	-6.698804e-02
6.697504e+02	-6.779012e-02
6.736188e+02	-6.862681e-02
6.775096e+02	-6.923862e-02
6.814229e+02	-7.004748e-02
6.853587e+02	-7.096604e-02
6.893173e+02	-7.173195e-02
6.932988e+02	-7.267326e-02
6.973033e+02	-7.332834e-02
7.013309e+02	-7.432963e-02
7.053817e+02	-7.530691e-02
7.094560e+02	-7.594557e-02
7.135538e+02	-7.676383e-02
7.176752e+02	-7.786082e-02
7.218205e+02	-7.859328e-02
7.259897e+02	-7.953125e-02
7.301830e+02	-8.030054e-02
7.344005e+02	-8.130802e-02
7.386424e+02	-8.222906e-02
7.429087e+02	-8.323435e-02
7.471998e+02	-8.400332e-02
7.515155e+02	-8.515007e-02
7.558563e+02	-8.605651e-02
7.602221e+02	-8.721839e-02
7.646131e+02	-8.802121e-02
7.690295e+02	-8.914019e-02
7.734713e+02	-9.015109e-02
7.779389e+02	-9.109037e-02
7.824322e+02	-9.227297e-02
7.869515e+02	-9.329209e-02
7.914969e+02	-9.424266e-02
7.960686e+02	-9.556440e-02
8.006666e+02	-9.648756e-02
8.052912e+02	-9.771783e-02
8.099426e+02	-9.866842e-02
8.146208e+02	-9.968958e-02
8.193260e+02	-1.010614e-01
8.240584e+02	-1.021888e-01
8.288181e+02	-1.033116e-01
8.336053e+02	-1.045632e-01
8.384202e+02	-1.057972e-01
8.432629e+02	-1.070116e-01
8.481335e+02	-1.081490e-01
8.530323e+02	-1.093503e-01
8.579594e+02	-1.105845e-01
8.629149e+02	-1.118576e-01
8.678991e+02	-1.132323e-01
8.729120e+02	-1.145870e-01
8.779539e+02	-1.157066e-01
8.830250e+02	-1.171306e-01
8.881253e+02	-1.183741e-01
8.932551e+02	-1.198250e-01
8.984145e+02	-1.212395e-01
9.036037e+02	-1.225531e-01
9.088229e+02	-1.240609e-01
9.140722e+02	-1.254068e-01
9.193518e+02	-1.267840e-01
9.246620e+02	-1.284576e-01
9.300028e+02	-1.298384e-01
9.353744e+02	-1.312473e-01
9.407771e+02	-1.326369e-01
9.462110e+02	-1.341721e-01
9.516763e+02	-1.357973e-01
9.571731e+02	-1.372396e-01
9.627017e+02	-1.388752e-01
9.682622e+02	-1.404183e-01
9.738549e+02	-1.418903e-01
9.794798e+02	-1.437023e-01
9.851373e+02	-1.451230e-01
9.908274e+02	-1.469055e-01
9.965504e+02	-1.486254e-01
1.002306e+03	-1.502703e-01
1.008096e+03	-1.519013e-01
1.013918e+03	-1.538675e-01
1.019775e+03	-1.554105e-01
1.025665e+03	-1.571590e-01
1.031589e+03	-1.590469e-01
1.037548e+03	-1.607902e-01
1.043540e+03	-1.626906e-01
1.049568e+03	-1.645793e-01
1.055630e+03	-1.664554e-01
1.061727e+03	-1.683966e-01
1.067860e+03	-1.702562e-01
1.074028e+03	-1.723357e-01
1.080231e+03	-1.739706e-01
1.086471e+03	-1.760324e-01
1.092746e+03	-1.779691e-01
1.099058e+03	-1.801828e-01
1.105406e+03	-1.822380e-01
1.111791e+03	-1.842184e-01
1.118212e+03	-1.863439e-01
1.124671e+03	-1.884451e-01
1.131167e+03	-1.905716e-01
1.137701e+03	-1.927345e-01
1.144272e+03	-1.948811e-01
1.150881e+03	-1.971717e-01
1.157529e+03	-1.993823e-01
1.164215e+03	-2.015136e-01
1.170939e+03	-2.037226e-01
1.177702e+03	-2.062644e-01
1.184505e+03	-2.085459e-01
1.191346e+03	-2.109093e-01
1.198227e+03	-2.132575e-01
1.205148e+03	-2.157901e-01
1.212109e+03	-2.180767e-01
1.219110e+03	-2.205819e-01
1.226152e+03	-2.229076e-01
1.233234e+03	-2.254439e-01
1.240357e+03	-2.280993e-01
1.247521e+03	-2.306102e-01
1.254727e+03	-2.332956e-01
1.261974e+03	-2.358103e-01
1.269263e+03	-2.384552e-01
1.276595e+03	-2.412823e-01
1.283968e+03	-2.438880e-01
1.291384e+03	-2.466135e-01
1.298843e+03	-2.495069e-01
1.306345e+03	-2.523342e-01
1.313891e+03	-2.551800e-01
1.321480e+03	-2.579708e-01
1.329113e+03	-2.607826e-01
1.336790e+03	-2.640154e-01
1.344511e+03	-2.669452e-01
1.352277e+03	-2.696947e-01
1.360087e+03	-2.728862e-01
1.367943e+03	-2.758278e-01
1.375844e+03	-2.790200e-01
1.383791e+03	-2.822348e-01
1.391784e+03	-2.853355e-01
1.399823e+03	-2.884906e-01
1.407908e+03	-2.916561e-01
1.416040e+03	-2.950129e-01
1.424219e+03	-2.983729e-01
1.432445e+03	-3.018215e-01
1.440719e+03	-3.048981e-01
1.449041e+03	-3.083272e-01
1.457410e+03	-3.120107e-01
1.465828e+03	-3.153276e-01
1.474295e+03	-3.188719e-01
1.482810e+03	-3.223444e-01
1.491375e+03	-3.260469e-01
1.499989e+03	-3.295709e-01
1.508653e+03	-3.332521e-01
1.517367e+03	-3.369521e-01
1.526131e+03	-3.407000e-01
1.534946e+03	-3.447313e-01
1.543812e+03	-3.484007e-01
1.552729e+03	-3.522140e-01
1.561697e+03	-3.560951e-01
1.570717e+03	-3.602287e-01
1.579790e+03	-3.643588e-01
1.588915e+03	-3.681286e-01
1.598092e+03	-3.721949e-01
1.607323e+03	-3.763509e-01
1.616606e+03	-3.808838e-01
1.625944e+03	-3.848972e-01
1.635335e+03	-3.891255e-01
1.644781e+03	-3.933624e-01
1.654281e+03	-3.977640e-01
1.663836e+03	-4.020685e-01
1.673446e+03	-4.066005e-01
1.683112e+03	-4.112526e-01
1.692834e+03	-4.155856e-01
1.702611e+03	-4.201445e-01
1.712446e+03	-4.247766e-01
1.722337e+03	-4.295636e-01
1.732285e+03	-4.342253e-01
1.742290e+03	-4.392112e-01
1.752354e+03	-4.439785e-01
1.762475e+03	-4.487379e-01
1.772655e+03	-4.537197e-01
1.782894e+03	-4.587393e-01
1.793192e+03	-4.638095e-01
1.803549e+03	-4.689070e-01
1.813967e+03	-4.740538e-01
1.824444e+03	-4.790420e-01
1.834982e+03	-4.844102e-01
1.845581e+03	-4.898906e-01
1.856241e+03	-4.948897e-01
1.866962e+03	-5.006768e-01
1.877746e+03	-5.061050e-01
1.888592e+03	-5.115589e-01
1.899500e+03	-5.171362e-01
1.910472e+03	-5.226164e-01
1.921506e+03	-5.284733e-01
1.932605e+03	-5.342949e-01
1.943768e+03	-5.398746e-01
1.954995e+03	-5.458912e-01
1.966287e+03	-5.518407e-01
1.977644e+03	-5.578225e-01
1.989067e+03	-5.638798e-01
2.000555e+03	-5.700910e-01
2.012110e+03	-5.761518e-01
2.023732e+03	-5.823634e-01
2.035421e+03	-5.885463e-01
2.047178e+03	-5.951923e-01
2.059002e+03	-6.015114e-01
2.070895e+03	-6.080150e-01
2.082856e+03	-6.144910e-01
2.094887e+03	-6.212128e-01
2.106987e+03	-6.281069e-01
2.119157e+03	-6.346690e-01
2.131397e+03	-6.414328e-01
2.143708e+03	-6.484600e-01
2.156090e+03	-6.553528e-01
2.168543e+03	-6.623406e-01
2.181069e+03	-6.696444e-01
2.193666e+03	-6.768268e-01
2.206337e+03	-6.837474e-01
2.219081e+03	-6.913752e-01
2.231898e+03	-6.985418e-01
2.244789e+03	-7.063529e-01
2.257755e+03	-7.136909e-01
2.270796e+03	-7.213794e-01
2.283912e+03	-7.290663e-01
2.297104e+03	-7.366714e-01
2.310372e+03	-7.445747e-01
2.323716e+03	-7.526087e-01
2.337138e+03	-7.606297e-01
2.350637e+03	-7.686202e-01
2.364214e+03	-7.766790e-01
2.377870e+03	-7.850328e-01
2.391604e+03	-7.934999e-01
2.405418e+03	-8.015554e-01
2.419312e+03	-8.101884e-01
2.433286e+03	-8.187137e-01
2.447340e+03	-8.271742e-01
2.461476e+03	-8.358881e-01
2.475693e+03	-8.448618e-01
2.489993e+03	-8.536416e-01
2.504375e+03	-8.626048e-01
2.518840e+03	-8.718259e-01
2.533389e+03	-8.808968e-01
2.548022e+03	-8.900547e-01
2.562739e+03	-8.992880e-01
2.577541e+03	-9.088143e-01
2.592429e+03	-9.183160e-01
2.607403e+03	-9.276684e-01
2.622463e+03	-9.375821e-01
2.637610e+03	-9.474104e-01
2.652845e+03	-9.570418e-01
2.668168e+03	-9.670210e-01
2.683579e+03	-9.771919e-01
2.699079e+03	-9.872803e-01
2.714669e+03	-9.973390e-01
2.730349e+03	-1.007750e+00
2.746119e+03	-1.017987e+00
2.761981e+03	-1.028581e+00
2.777934e+03	-1.039193e+00
2.793979e+03	-1.049834e+00
2.810117e+03	-1.060720e+00
2.826348e+03	-1.071501e+00
2.842673e+03	-1.082363e+00
2.859092e+03	-1.093759e+00
2.875606e+03	-1.104602e+00
2.892215e+03	-1.116022e+00
2.908921e+03	-1.127487e+00
2.925722e+03	-1.138977e+00
2.942621e+03	-1.150507e+00
2.959618e+03	-1.162074e+00
2.976712e+03	-1.173969e+00
2.993906e+03	-1.185764e+00
3.011198e+03	-1.197830e+00
3.028591e+03	-1.209919e+00
3.046084e+03	-1.222167e+00
3.063678e+03	-1.234551e+00
3.081374e+03	-1.246864e+00
3.099172e+03	-1.259104e+00
3.117072e+03	-1.272007e+00
3.135076e+03	-1.284737e+00
3.153184e+03	-1.297585e+00
3.171397e+03	-1.310688e+00
3.189715e+03	-1.323693e+00
3.208139e+03	-1.336816e+00
3.226669e+03	-1.349997e+00
3.245306e+03	-1.363559e+00
3.264051e+03	-1.376732e+00
3.282904e+03	-1.390626e+00
3.301866e+03	-1.404549e+00
3.320937e+03	-1.418433e+00
3.340119e+03	-1.432003e+00
3.359411e+03	-1.446400e+00
3.378815e+03	-1.460512e+00
3.398331e+03	-1.474834e+00
3.417959e+03	-1.489324e+00
3.437701e+03	-1.504000e+00
3.457557e+03	-1.518709e+00
3.477528e+03	-1.533388e+00
3.497614e+03	-1.548372e+00
3.517816e+03	-1.563249e+00
3.538135e+03	-1.578517e+00
3.558571e+03	-1.593585e+00
3.579125e+03	-1.609399e+00
3.599798e+03	-1.624792e+00
3.620590e+03	-1.640481e+00
3.641503e+03	-1.656190e+00
3.662536e+03	-1.671990e+00
3.683691e+03	-1.688050e+00
3.704967e+03	-1.704115e+00
3.726367e+03	-1.720451e+00
3.747890e+03	-1.736876e+00
3.769538e+03	-1.753426e+00
3.791311e+03	-1.770072e+00
3.813209e+03	-1.786642e+00
3.835234e+03	-1.803828e+00
3.857386e+03	-1.820859e+00
3.879667e+03	-1.837962e+00
3.902075e+03	-1.855319e+00
3.924614e+03	-1.872909e+00
3.947282e+03	-1.890401e+00
3.970081e+03	-1.908005e+00
3.993012e+03	-1.925783e+00
4.016076e+03	-1.943881e+00
4.039272e+03	-1.961834e+00
4.062603e+03	-1.980074e+00
4.086069e+03	-1.998427e+00
4.109670e+03	-2.016842e+00
4.133407e+03	-2.035554e+00
4.157281e+03	-2.054518e+00
4.181294e+03	-2.073262e+00
4.205445e+03	-2.092315e+00
4.229735e+03	-2.111452e+00
4.254166e+03	-2.130689e+00
4.278738e+03	-2.150070e+00
4.303451e+03	-2.169666e+00
4.328308e+03	-2.189597e+00
4.353308e+03	-2.209173e+00
4.378453e+03	-2.229323e+00
4.403742e+03	-2.249392e+00
4.429178e+03	-2.269625e+00
4.454761e+03	-2.290042e+00
4.480492e+03	-2.310494e+00
4.506371e+03	-2.331172e+00
4.532399e+03	-2.351969e+00
4.558578e+03	-2.372808e+00
4.584908e+03	-2.393887e+00
4.611391e+03	-2.415033e+00
4.638026e+03	-2.436667e+00
4.664815e+03	-2.457999e+00
4.691759e+03	-2.479625e+00
4.718858e+03	-2.501681e+00
4.746114e+03	-2.523466e+00
4.773527e+03	-2.545418e+00
4.801099e+03	-2.567647e+00
4.828830e+03	-2.590075e+00
4.856721e+03	-2.612389e+00
4.884773e+03	-2.635243e+00
4.912988e+03	-2.657914e+00
4.941365e+03	-2.680841e+00
4.969906e+03	-2.704082e+00
4.998612e+03	-2.727062e+00
5.027484e+03	-2.750092e+00
5.056522e+03	-2.773809e+00
5.085729e+03	-2.797560e+00
5.115104e+03	-2.821238e+00
5.144648e+03	-2.845028e+00
5.174363e+03	-2.869247e+00
5.204250e+03	-2.893429e+00
5.234310e+03	-2.917858e+00
5.264543e+03	-2.942276e+00
5.294951e+03	-2.967009e+00
5.325534e+03	-2.991656e+00
5.356294e+03	-3.016480e+00
5.387232e+03	-3.041622e+00
5.418348e+03	-3.066687e+00
5.449645e+03	-3.092200e+00
5.481122e+03	-3.117502e+00
5.512780e+03	-3.143085e+00
5.544622e+03	-3.168797e+00
5.576647e+03	-3.194690e+00
5.608858e+03	-3.220689e+00
5.641254e+03	-3.246907e+00
5.673838e+03	-3.273202e+00
5.706610e+03	-3.299556e+00
5.739571e+03	-3.326284e+00
5.772723e+03	-3.353403e+00
5.806066e+03	-3.379985e+00
5.839601e+03	-3.406932e+00
5.873331e+03	-3.434297e+00
5.907255e+03	-3.461586e+00
5.941375e+03	-3.489115e+00
5.975692e+03	-3.516568e+00
6.010207e+03	-3.544365e+00
6.044922e+03	-3.572124e+00
6.079837e+03	-3.600180e+00
6.114954e+03	-3.628500e+00
6.150274e+03	-3.656391e+00
6.185797e+03	-3.684820e+00
6.221526e+03	-3.713306e+00
6.257462e+03	-3.742123e+00
6.293605e+03	-3.771030e+00
6.329956e+03	-3.799887e+00
6.366518e+03	-3.829223e+00
6.403290e+03	-3.858434e+00
6.440276e+03	-3.887817e+00
6.477474e+03	-3.917323e+00
6.514888e+03	-3.946924e+00
6.552518e+03	-3.976598e+00
6.590365e+03	-4.006692e+00
6.628430e+03	-4.036866e+00
6.666716e+03	-4.067037e+00
6.705223e+03	-4.097438e+00
6.743952e+03	-4.128070e+00
6.782905e+03	-4.158724e+00
6.822082e+03	-4.189178e+00
6.861486e+03	-4.220240e+00
6.901118e+03	-4.250988e+00
6.940979e+03	-4.281960e+00
6.981069e+03	-4.313285e+00
7.021392e+03	-4.344718e+00
7.061947e+03	-4.376307e+00
7.102737e+03	-4.408310e+00
7.143762e+03	-4.439881e+00
7.185024e+03	-4.472180e+00
7.226524e+03	-4.503837e+00
7.268264e+03	-4.536021e+00
7.310246e+03	-4.568261e+00
7.352469e+03	-4.600775e+00
7.394937e+03	-4.633271e+00
7.437650e+03	-4.666094e+00
7.480609e+03	-4.698689e+00
7.523817e+03	-4.731774e+00
7.567274e+03	-4.764860e+00
7.610982e+03	-4.798241e+00
7.654943e+03	-4.831147e+00
7.699158e+03	-4.865030e+00
7.743628e+03	-4.898554e+00
7.788355e+03	-4.931896e+00
7.833340e+03	-4.965617e+00
7.878585e+03	-4.999603e+00
7.924091e+03	-5.033770e+00
7.969861e+03	-5.067902e+00
8.015894e+03	-5.101988e+00
8.062194e+03	-5.136288e+00
8.108761e+03	-5.170970e+00
8.155596e+03	-5.205570e+00
8.202703e+03	-5.240388e+00
8.250081e+03	-5.275001e+00
8.297733e+03	-5.310307e+00
8.345661e+03	-5.345279e+00
8.393865e+03	-5.380477e+00
8.442348e+03	-5.415803e+00
8.491110e+03	-5.451371e+00
8.540155e+03	-5.486809e+00
8.589482e+03	-5.522711e+00
8.639095e+03	-5.558487e+00
8.688994e+03	-5.594237e+00
8.739181e+03	-5.630316e+00
8.789658e+03	-5.666442e+00
8.840427e+03	-5.702726e+00
8.891489e+03	-5.739234e+00
8.942846e+03	-5.775125e+00
8.994499e+03	-5.811712e+00
9.046451e+03	-5.848760e+00
9.098703e+03	-5.885564e+00
9.151257e+03	-5.922420e+00
9.204114e+03	-5.958864e+00
9.257277e+03	-5.996393e+00
9.310746e+03	-6.033235e+00
9.364525e+03	-6.070114e+00
9.418614e+03	-6.107888e+00
9.473015e+03	-6.145204e+00
9.527731e+03	-6.182804e+00
9.582763e+03	-6.220736e+00
9.638113e+03	-6.257843e+00
9.693782e+03	-6.296136e+00
9.749773e+03	-6.333752e+00
9.806087e+03	-6.371767e+00
9.862727e+03	-6.410302e+00
9.919693e+03	-6.448360e+00
9.976989e+03	-6.486722e+00
1.003462e+04	-6.525177e+00
1.009258e+04	-6.563276e+00
1.015087e+04	-6.602884e+00
1.020950e+04	-6.640854e+00
1.026847e+04	-6.680125e+00
1.032778e+04	-6.718625e+00
1.038743e+04	-6.757775e+00
1.044743e+04	-6.797059e+00
1.050777e+04	-6.836070e+00
1.056847e+04	-6.875419e+00
1.062951e+04	-6.914536e+00
1.069091e+04	-6.953948e+00
1.075266e+04	-6.993588e+00
1.081476e+04	-7.032721e+00
1.087723e+04	-7.072573e+00
1.094006e+04	-7.112450e+00
1.100324e+04	-7.152012e+00
1.106680e+04	-7.192118e+00
1.113072e+04	-7.231978e+00
1.119501e+04	-7.271940e+00
1.125967e+04	-7.312228e+00
1.132471e+04	-7.352934e+00
1.139012e+04	-7.392745e+00
1.145591e+04	-7.433330e+00
1.152208e+04	-7.473688e+00
1.158863e+04	-7.514052e+00
1.165556e+04	-7.554846e+00
1.172289e+04	-7.595666e+00
1.179060e+04	-7.636154e+00
1.185870e+04	-7.677065e+00
1.192719e+04	-7.717818e+00
1.199608e+04	-7.759056e+00
1.206537e+04	-7.799979e+00
1.213506e+04	-7.841029e+00
1.220515e+04	-7.882046e+00
1.227565e+04	-7.923442e+00
1.234655e+04	-7.964885e+00
1.241787e+04	-8.006151e+00
1.248959e+04	-8.047554e+00
1.256173e+04	-8.088911e+00
1.263429e+04	-8.130919e+00
1.270726e+04	-8.172041e+00
1.278066e+04	-8.213902e+00
1.285448e+04	-8.255833e+00
1.292873e+04	-8.297538e+00
1.300340e+04	-8.339383e+00
1.307851e+04	-8.381398e+00
1.315405e+04	-8.423278e+00
1.323003e+04	-8.465582e+00
1.330644e+04	-8.507245e+00
1.338330e+04	-8.549677e+00
1.346060e+04	-8.592235e+00
1.353835e+04	-8.634262e+00
1.361655e+04	-8.676722e+00
1.369520e+04	-8.719038e+00
1.377430e+04	-8.761334e+00
1.385386e+04	-8.803791e+00
1.393388e+04	-8.846532e+00
1.401436e+04	-8.889504e+00
1.409531e+04	-8.931835e+00
1.417672e+04	-8.974481e+00
1.425861e+04	-9.017425e+00
1.434096e+04	-9.060073e+00
1.442379e+04	-9.103311e+00
1.450711e+04	-9.146211e+00
1.459090e+04	-9.188781e+00
1.467518e+04	-9.231916e+00
1.475994e+04	-9.275353e+00
1.484519e+04	-9.318196e+00
1.493094e+04	-9.360598e+00
1.501718e+04	-9.404139e+00
1.510392e+04	-9.447648e+00
1.519116e+04	-9.490818e+00
1.527890e+04	-9.534133e+00
1.536715e+04	-9.577898e+00
1.545591e+04	-9.621034e+00
1.554518e+04	-9.664803e+00
1.563497e+04	-9.707682e+00
1.572528e+04	-9.750934e+00
1.581611e+04	-9.795247e+00
1.590746e+04	-9.838324e+00
1.599934e+04	-9.882002e+00
1.609175e+04	-9.925439e+00
1.618470e+04	-9.969665e+00
1.627818e+04	-1.001344e+01
1.637220e+04	-1.005660e+01
1.646677e+04	-1.010134e+01
1.656188e+04	-1.014515e+01
1.665754e+04	-1.018824e+01
1.675375e+04	-1.023265e+01
1.685052e+04	-1.027642e+01
1.694785e+04	-1.031992e+01
1.704574e+04	-1.036381e+01
1.714419e+04	-1.040868e+01
1.724322e+04	-1.045228e+01
1.734281e+04	-1.049645e+01
1.744299e+04	-1.054052e+01
1.754374e+04	-1.058439e+01
1.764507e+04	-1.062874e+01
1.774698e+04	-1.067289e+01
1.784949e+04	-1.071676e+01
1.795259e+04	-1.076135e+01
1.805628e+04	-1.080596e+01
1.816057e+04	-1.084963e+01
1.826547e+04	-1.089343e+01
1.837097e+04	-1.093832e+01
1.847708e+04	-1.098222e+01
1.858380e+04	-1.102680e+01
1.869114e+04	-1.107163e+01
1.879910e+04	-1.111591e+01
1.890768e+04	-1.116008e+01
1.901689e+04	-1.120498e+01
1.912673e+04	-1.124849e+01
1.923721e+04	-1.129317e+01
1.934832e+04	-1.133754e+01
1.946008e+04	-1.138250e+01
1.957248e+04	-1.142683e+01
1.968553e+04	-1.147088e+01
1.979923e+04	-1.151580e+01
1.991359e+04	-1.156008e+01
2.002861e+04	-1.160507e+01
2.014430e+04	-1.164871e+01
2.026065e+04	-1.169375e+01
2.037767e+04	-1.173855e+01
2.049537e+04	-1.178328e+01
2.061375e+04	-1.182771e+01
2.073282e+04	-1.187222e+01
2.085257e+04	-1.191742e+01
2.097301e+04	-1.196093e+01
2.109415e+04	-1.200599e+01
2.121599e+04	-1.205044e+01
2.133853e+04	-1.209544e+01
2.146178e+04	-1.213960e+01
2.158575e+04	-1.218479e+01
2.171043e+04	-1.222907e+01
2.183582e+04	-1.227398e+01
2.196195e+04	-1.231840e+01
2.208880e+04	-1.236289e+01
2.221638e+04	-1.240704e+01
2.234470e+04	-1.245223e+01
2.247377e+04	-1.249728e+01
2.260357e+04	-1.254151e+01
2.273413e+04	-1.258573e+01
2.286544e+04	-1.263042e+01
2.299751e+04	-1.267533e+01
2.313034e+04	-1.271949e+01
2.326394e+04	-1.276405e+01
2.339832e+04	-1.280811e+01
2.353346e+04	-1.285359e+01
2.366939e+04	-1.289867e+01
2.380610e+04	-1.294250e+01
2.394361e+04	-1.298706e+01
2.408191e+04	-1.303133e+01
2.422100e+04	-1.307611e+01
2.436090e+04	-1.312099e+01
2.450161e+04	-1.316578e+01
2.464313e+04	-1.320916e+01
2.478547e+04	-1.325443e+01
2.492863e+04	-1.329822e+01
2.507261e+04	-1.334277e+01
2.521743e+04	-1.338710e+01
2.536309e+04	-1.343157e+01
2.550958e+04	-1.347581e+01
2.565692e+04	-1.352050e+01
2.580512e+04	-1.356504e+01
2.595417e+04	-1.360933e+01
2.610408e+04	-1.365282e+01
2.625485e+04	-1.369769e+01
2.640650e+04	-1.374196e+01
2.655902e+04	-1.378666e+01
2.671243e+04	-1.383082e+01
2.686672e+04	-1.387431e+01
2.702190e+04	-1.391858e+01
2.717798e+04	-1.396308e+01
2.733495e+04	-1.400649e+01
2.749284e+04	-1.405041e+01
2.765164e+04	-1.409475e+01
2.781135e+04	-1.413958e+01
2.797199e+04	-1.418368e+01
2.813355e+04	-1.422755e+01
2.829605e+04	-1.427086e+01
2.845949e+04	-1.431482e+01
2.862387e+04	-1.435835e+01
2.878920e+04	-1.440213e+01
2.895549e+04	-1.444661e+01
2.912273e+04	-1.448885e+01
2.929094e+04	-1.453347e+01
2.946013e+04	-1.457870e+01
2.963029e+04	-1.462037e+01
2.980143e+04	-1.466471e+01
2.997356e+04	-1.470858e+01
3.014669e+04	-1.475224e+01
3.032081e+04	-1.479558e+01
3.049595e+04	-1.483829e+01
3.067209e+04	-1.488179e+01
3.084925e+04	-1.492604e+01
3.102743e+04	-1.496879e+01
3.120665e+04	-1.501203e+01
3.138690e+04	-1.505441e+01
3.156819e+04	-1.509769e+01
3.175052e+04	-1.514161e+01
3.193391e+04	-1.518384e+01
3.211836e+04	-1.522695e+01
3.230388e+04	-1.527030e+01
3.249046e+04	-1.531422e+01
3.267812e+04	-1.535499e+01
3.286687e+04	-1.539872e+01
3.305671e+04	-1.544176e+01
3.324764e+04	-1.548453e+01
3.343968e+04	-1.552720e+01
3.363283e+04	-1.556976e+01
3.382709e+04	-1.561269e+01
3.402247e+04	-1.565433e+01
3.421899e+04	-1.569666e+01
3.441663e+04	-1.573837e+01
3.461542e+04	-1.578126e+01
3.481536e+04	-1.582311e+01
3.501645e+04	-1.586570e+01
3.521871e+04	-1.590803e+01
3.542213e+04	-1.595000e+01
3.562672e+04	-1.599173e+01
3.583250e+04	-1.603350e+01
3.603947e+04	-1.607455e+01
3.624763e+04	-1.611659e+01
3.645700e+04	-1.615844e+01
3.666757e+04	-1.619998e+01
3.687936e+04	-1.624176e+01
3.709238e+04	-1.628348e+01
3.730662e+04	-1.632426e+01
3.752210e+04	-1.636524e+01
3.773883e+04	-1.640600e+01
3.795680e+04	-1.644829e+01
3.817604e+04	-1.648825e+01
3.839654e+04	-1.652998e+01
3.861832e+04	-1.656948e+01
3.884138e+04	-1.661000e+01
3.906573e+04	-1.665051e+01
3.929137e+04	-1.669134e+01
3.951831e+04	-1.673117e+01
3.974657e+04	-1.677131e+01
3.997614e+04	-1.681309e+01
4.020704e+04	-1.685380e+01
4.043928e+04	-1.689322e+01
4.067285e+04	-1.693252e+01
4.090778e+04	-1.697270e+01
4.114406e+04	-1.701141e+01
4.138171e+04	-1.705280e+01
4.162073e+04	-1.709072e+01
4.186113e+04	-1.713062e+01
4.210291e+04	-1.716963e+01
4.234610e+04	-1.720878e+01
4.259069e+04	-1.724749e+01
4.283669e+04	-1.728824e+01
4.308411e+04	-1.732631e+01
4.333297e+04	-1.736476e+01
4.358325e+04	-1.740378e+01
4.383499e+04	-1.744208e+01
4.408818e+04	-1.748082e+01
4.434283e+04	-1.751819e+01
4.459895e+04	-1.755691e+01
4.485655e+04	-1.759410e+01
4.511564e+04	-1.763359e+01
4.537623e+04	-1.766911e+01
4.563832e+04	-1.770822e+01
4.590193e+04	-1.774413e+01
4.616705e+04	-1.778236e+01
4.643371e+04	-1.781849e+01
4.670191e+04	-1.785718e+01
4.697166e+04	-1.789375e+01
4.724297e+04	-1.793077e+01
4.751584e+04	-1.796753e+01
4.779029e+04	-1.800523e+01
4.806633e+04	-1.803847e+01
4.834395e+04	-1.807524e+01
4.862319e+04	-1.811192e+01
4.890403e+04	-1.814789e+01
4.918650e+04	-1.818264e+01
4.947060e+04	-1.821959e+01
4.975634e+04	-1.825404e+01
5.004373e+04	-1.829039e+01
5.033278e+04	-1.832306e+01
5.062350e+04	-1.836049e+01
5.091590e+04	-1.839408e+01
5.120999e+04	-1.842840e+01
5.150578e+04	-1.846260e+01
5.180327e+04	-1.849680e+01
5.210248e+04	-1.853062e+01
5.240343e+04	-1.856357e+01
5.270611e+04	-1.859698e+01
5.301053e+04	-1.863104e+01
5.331672e+04	-1.866424e+01
5.362468e+04	-1.869724e+01
5.393441e+04	-1.872863e+01
5.424593e+04	-1.876240e+01
5.455926e+04	-1.879413e+01
5.487439e+04	-1.882696e+01
5.519134e+04	-1.885900e+01
5.551012e+04	-1.888913e+01
5.583075e+04	-1.892100e+01
5.615322e+04	-1.895371e+01
5.647756e+04	-1.898334e+01
5.680377e+04	-1.901442e+01
5.713187e+04	-1.904595e+01
5.746186e+04	-1.907553e+01
5.779376e+04	-1.910404e+01
5.812757e+04	-1.913583e+01
5.846332e+04	-1.916498e+01
5.880100e+04	-1.919446e+01
5.914063e+04	-1.922377e+01
5.948222e+04	-1.925355e+01
5.982579e+04	-1.928127e+01
6.017134e+04	-1.930981e+01
6.051889e+04	-1.933758e+01
6.086844e+04	-1.936522e+01
6.122002e+04	-1.939131e+01
6.157362e+04	-1.941916e+01
6.192927e+04	-1.944830e+01
6.228697e+04	-1.947470e+01
6.264674e+04	-1.950002e+01
6.300858e+04	-1.952606e+01
6.337252e+04	-1.955254e+01
6.373855e+04	-1.957820e+01
6.410670e+04	-1.960359e+01
6.447698e+04	-1.962731e+01
6.484940e+04	-1.965212e+01
6.522397e+04	-1.967600e+01
6.560070e+04	-1.970056e+01
6.597960e+04	-1.972360e+01
6.636070e+04	-1.974697e+01
6.674400e+04	-1.977036e+01
6.712951e+04	-1.979158e+01
6.751724e+04	-1.981661e+01
6.790722e+04	-1.983650e+01
6.829945e+04	-1.985784e+01
6.869395e+04	-1.987847e+01
6.909072e+04	-1.989883e+01
6.948978e+04	-1.991933e+01
6.989115e+04	-1.994055e+01
7.029484e+04	-1.995962e+01
7.070086e+04	-1.997933e+01
7.110923e+04	-1.999756e+01
7.151995e+04	-2.001787e+01
7.193305e+04	-2.003502e+01
7.234853e+04	-2.005170e+01
7.276641e+04	-2.006954e+01
7.318671e+04	-2.008607e+01
7.360943e+04	-2.010171e+01
7.403460e+04	-2.011714e+01
7.446222e+04	-2.013489e+01
7.489231e+04	-2.014842e+01
7.532488e+04	-2.016344e+01
7.575996e+04	-2.017734e+01
7.619754e+04	-2.018958e+01
7.663766e+04	-2.020220e+01
7.708031e+04	-2.021536e+01
7.752553e+04	-2.022894e+01
7.797331e+04	-2.024049e+01
7.842368e+04	-2.024969e+01
7.887665e+04	-2.025959e+01
7.933224e+04	-2.026919e+01
7.979046e+04	-2.027945e+01
8.025133e+04	-2.028741e+01
8.071486e+04	-2.029552e+01
8.118106e+04	-2.030286e+01
8.164996e+04	-2.030991e+01
8.212157e+04	-2.031647e+01
8.259590e+04	-2.032126e+01
8.307297e+04	-2.032690e+01
8.355279e+04	-2.033329e+01
8.403539e+04	-2.033790e+01
8.452078e+04	-2.033924e+01
8.500897e+04	-2.034310e+01
8.549997e+04	-2.034781e+01
8.599382e+04	-2.034629e+01
8.649052e+04	-2.034657e+01
8.699008e+04	-2.034601e+01
8.749253e+04	-2.034655e+01
8.799789e+04	-2.034387e+01
8.850616e+04	-2.034311e+01
8.901737e+04	-2.033823e+01
8.953153e+04	-2.033416e+01
9.004866e+04	-2.032978e+01
9.056877e+04	-2.032535e+01
9.109190e+04	-2.032024e+01
9.161804e+04	-2.031214e+01
9.214722e+04	-2.030301e+01
9.267946e+04	-2.029465e+01
9.321477e+04	-2.028534e+01
9.375318e+04	-2.027412e+01
9.429469e+04	-2.026370e+01
9.483933e+04	-2.025020e+01
9.538712e+04	-2.023869e+01
9.593807e+04	-2.022480e+01
9.649221e+04	-2.020855e+01
9.704954e+04	-2.019279e+01
9.761010e+04	-2.017459e+01
9.817389e+04	-2.015676e+01
9.874094e+04	-2.013756e+01
9.931126e+04	-2.011724e+01
9.988488e+04	-2.009570e+01
1.004618e+05	-2.007483e+01
1.010421e+05	-2.004990e+01
1.016257e+05	-2.002373e+01
1.022127e+05	-1.999617e+01
1.028031e+05	-1.997162e+01
1.033968e+05	-1.994200e+01
1.039941e+05	-1.991183e+01
1.045947e+05	-1.987958e+01
1.051989e+05	-1.984795e+01
1.058065e+05	-1.981552e+01
1.064176e+05	-1.977857e+01
1.070323e+05	-1.974365e+01
1.076505e+05	-1.970447e+01
1.082723e+05	-1.966405e+01
1.088977e+05	-1.962209e+01
1.095266e+05	-1.957868e+01
1.101593e+05	-1.953501e+01
1.107955e+05	-1.948997e+01
1.114355e+05	-1.944008e+01
1.120791e+05	-1.939057e+01
1.127265e+05	-1.933916e+01
1.133776e+05	-1.928824e+01
1.140325e+05	-1.923265e+01
1.146911e+05	-1.917681e+01
1.153536e+05	-1.911768e+01
1.160198e+05	-1.905481e+01
1.166900e+05	-1.899279e+01
1.173640e+05	-1.892726e+01
1.180419e+05	-1.885979e+01
1.187237e+05	-1.879041e+01
1.194094e+05	-1.872028e+01
1.200991e+05	-1.864498e+01
1.207928e+05	-1.856829e+01
1.214905e+05	-1.848899e+01
1.221922e+05	-1.840932e+01
1.228980e+05	-1.832320e+01
1.236078e+05	-1.823733e+01
1.243218e+05	-1.814779e+01
1.250399e+05	-1.805482e+01
1.257621e+05	-1.795863e+01
1.264885e+05	-1.785802e+01
1.272191e+05	-1.775798e+01
1.279539e+05	-1.765076e+01
1.286930e+05	-1.754207e+01
1.294363e+05	-1.743007e+01
1.301839e+05	-1.731246e+01
1.309358e+05	-1.719324e+01
1.316921e+05	-1.706913e+01
1.324528e+05	-1.694148e+01
1.332178e+05	-1.680899e+01
1.339873e+05	-1.667225e+01
1.347612e+05	-1.653179e+01
1.355395e+05	-1.638462e+01
1.363224e+05	-1.623321e+01
1.371098e+05	-1.607742e+01
1.379018e+05	-1.591499e+01
1.386983e+05	-1.574790e+01
1.394994e+05	-1.557444e+01
1.403051e+05	-1.539542e+01
1.411155e+05	-1.520951e+01
1.419306e+05	-1.501611e+01
1.427504e+05	-1.481690e+01
1.435749e+05	-1.460918e+01
1.444042e+05	-1.439534e+01
1.452383e+05	-1.417054e+01
1.460772e+05	-1.393898e+01
1.469209e+05	-1.369777e+01
1.477695e+05	-1.344825e+01
1.486230e+05	-1.318776e+01
1.494814e+05	-1.291680e+01
1.503448e+05	-1.263515e+01
1.512132e+05	-1.234141e+01
1.520866e+05	-1.203484e+01
1.529651e+05	-1.171541e+01
1.538486e+05	-1.138215e+01
1.547372e+05	-1.103596e+01
1.556310e+05	-1.067319e+01
1.565299e+05	-1.029533e+01
1.574340e+05	-9.902186e+00
1.583433e+05	-9.491544e+00
1.592579e+05	-9.064282e+00
1.601778e+05	-8.621026e+00
1.611030e+05	-8.161867e+00
1.620335e+05	-7.688912e+00
1.629694e+05	-7.205527e+00
1.639107e+05	-6.715000e+00
1.648574e+05	-6.224109e+00
1.658097e+05	-5.743378e+00
1.667674e+05	-5.284577e+00
1.677306e+05	-4.865484e+00
1.686994e+05	-4.505599e+00
1.696738e+05	-4.226964e+00
1.706538e+05	-4.050466e+00
1.716395e+05	-3.992835e+00
1.726309e+05	-4.060019e+00
1.736280e+05	-4.249740e+00
1.746309e+05	-4.547828e+00
1.756395e+05	-4.935645e+00
1.766540e+05	-5.390087e+00
1.776744e+05	-5.890694e+00
1.787006e+05	-6.419430e+00
1.797328e+05	-6.961691e+00
1.807709e+05	-7.506501e+00
1.818150e+05	-8.046400e+00
1.828652e+05	-8.576112e+00
1.839214e+05	-9.092801e+00
1.849837e+05	-9.594196e+00
1.860522e+05	-1.007865e+01
1.871268e+05	-1.054616e+01
1.882077e+05	-1.099671e+01
1.892948e+05	-1.143080e+01
1.903881e+05	-1.184689e+01
1.914878e+05	-1.224877e+01
1.925938e+05	-1.263468e+01
1.937062e+05	-1.300655e+01
1.948251e+05	-1.336365e+01
1.959504e+05	-1.370770e+01
1.970822e+05	-1.403870e+01
1.982205e+05	-1.435764e+01
1.993654e+05	-1.466625e+01
2.005169e+05	-1.496191e+01
2.016751e+05	-1.524809e+01
2.028400e+05	-1.552213e+01
2.040116e+05	-1.578836e+01
2.051899e+05	-1.604446e+01
2.063751e+05	-1.629151e+01
2.075671e+05	-1.653003e+01
2.087660e+05	-1.676006e+01
2.099719e+05	-1.698159e+01
2.111846e+05	-1.719460e+01
2.124044e+05	-1.740060e+01
2.136313e+05	-1.759901e+01
2.148652e+05	-1.779054e+01
2.161063e+05	-1.797534e+01
2.173545e+05	-1.815160e+01
2.186099e+05	-1.832116e+01
2.198726e+05	-1.848687e+01
2.211426e+05	-1.864364e+01
2.224199e+05	-1.879472e+01
2.237046e+05	-1.893906e+01
2.249967e+05	-1.907960e+01
2.262962e+05	-1.920889e+01
2.276033e+05	-1.933677e+01
2.289179e+05	-1.945648e+01
2.302402e+05	-1.957268e+01
2.315700e+05	-1.968163e+01
2.329076e+05	-1.978438e+01
2.342528e+05	-1.988149e+01
2.356059e+05	-1.997178e+01
2.369667e+05	-2.005814e+01
2.383354e+05	-2.013784e+01
2.397120e+05	-2.021223e+01
2.410966e+05	-2.028039e+01
2.424892e+05	-2.034190e+01
2.438898e+05	-2.039986e+01
2.452985e+05	-2.045036e+01
2.467153e+05	-2.049824e+01
2.481403e+05	-2.053376e+01
2.495736e+05	-2.056725e+01
2.510151e+05	-2.059597e+01
2.524650e+05	-2.061409e+01
2.539232e+05	-2.062935e+01
2.553898e+05	-2.063822e+01
2.568650e+05	-2.064026e+01
2.583486e+05	-2.063584e+01
2.598408e+05	-2.062056e+01
2.613416e+05	-2.060454e+01
2.628511e+05	-2.057908e+01
2.643694e+05	-2.054323e+01
2.658963e+05	-2.050627e+01
2.674321e+05	-2.045636e+01
2.689768e+05	-2.040119e+01
2.705304e+05	-2.033738e+01
2.720930e+05	-2.026414e+01
2.736646e+05	-2.018491e+01
2.752453e+05	-2.009531e+01
2.768351e+05	-1.999617e+01
2.784341e+05	-1.988786e+01
2.800423e+05	-1.976827e+01
2.816598e+05	-1.964124e+01
2.832867e+05	-1.949962e+01
2.849229e+05	-1.934987e+01
2.865686e+05	-1.918701e+01
2.882238e+05	-1.901177e+01
2.898886e+05	-1.882211e+01
2.915630e+05	-1.861973e+01
2.932470e+05	-1.840240e+01
2.949408e+05	-1.817078e+01
2.966444e+05	-1.792371e+01
2.983578e+05	-1.765541e+01
3.000811e+05	-1.737043e+01
3.018143e+05	-1.706708e+01
3.035576e+05	-1.674045e+01
3.053109e+05	-1.639134e+01
3.070744e+05	-1.601914e+01
3.088481e+05	-1.561743e+01
3.106320e+05	-1.519005e+01
3.124261e+05	-1.473161e+01
3.142307e+05	-1.423994e+01
3.160457e+05	-1.371267e+01
3.178712e+05	-1.314862e+01
3.197072e+05	-1.254582e+01
3.215538e+05	-1.190390e+01
3.234111e+05	-1.122452e+01
3.252791e+05	-1.051150e+01
3.271579e+05	-9.777517e+00
3.290475e+05	-9.045165e+00
3.309481e+05	-8.349683e+00
3.328596e+05	-7.745531e+00
3.347822e+05	-7.305074e+00
3.367159e+05	-7.097200e+00
3.386608e+05	-7.165044e+00
3.406169e+05	-7.503156e+00
3.425842e+05	-8.056840e+00
3.445630e+05	-8.755486e+00
3.465532e+05	-9.529527e+00
3.485549e+05	-1.032840e+01
3.505681e+05	-1.112156e+01
3.525930e+05	-1.188728e+01
3.546295e+05	-1.261832e+01
3.566778e+05	-1.331012e+01
3.587380e+05	-1.395937e+01
3.608101e+05	-1.456973e+01
3.628941e+05	-1.514098e+01
3.649901e+05	-1.567469e+01
3.670983e+05	-1.617326e+01
3.692187e+05	-1.663954e+01
3.713513e+05	-1.707834e+01
3.734962e+05	-1.748470e+01
3.756535e+05	-1.786387e+01
3.778232e+05	-1.821875e+01
3.800055e+05	-1.854846e+01
3.822004e+05	-1.885418e+01
3.844080e+05	-1.913630e+01
3.866283e+05	-1.939844e+01
3.888615e+05	-1.963729e+01
3.911075e+05	-1.985911e+01
3.933665e+05	-2.005938e+01
3.956386e+05	-2.024003e+01
3.979238e+05	-2.039966e+01
4.002222e+05	-2.054439e+01
4.025338e+05	-2.066829e+01
4.048589e+05	-2.077176e+01
4.071973e+05	-2.085657e+01
4.095493e+05	-2.092619e+01
4.119148e+05	-2.097454e+01
4.142940e+05	-2.100488e+01
4.166870e+05	-2.101469e+01
4.190937e+05	-2.100619e+01
4.215144e+05	-2.097687e+01
4.239490e+05	-2.092522e+01
4.263978e+05	-2.085346e+01
4.288606e+05	-2.075842e+01
4.313377e+05	-2.063881e+01
4.338291e+05	-2.049666e+01
4.363349e+05	-2.032907e+01
4.388551e+05	-2.013350e+01
4.413899e+05	-1.991108e+01
4.439394e+05	-1.965869e+01
4.465035e+05	-1.937200e+01
4.490825e+05	-1.905209e+01
4.516764e+05	-1.869369e+01
4.542853e+05	-1.829572e+01
4.569092e+05	-1.785208e+01
4.595483e+05	-1.736280e+01
4.622026e+05	-1.682361e+01
4.648723e+05	-1.622590e+01
4.675574e+05	-1.556954e+01
4.702580e+05	-1.485168e+01
4.729742e+05	-1.407205e+01
4.757060e+05	-1.323609e+01
4.784537e+05	-1.236481e+01
4.812172e+05	-1.149546e+01
4.839967e+05	-1.070666e+01
4.867923e+05	-1.011112e+01
4.896040e+05	-9.840995e+00
4.924319e+05	-9.978059e+00
4.952762e+05	-1.049633e+01
4.981369e+05	-1.128193e+01
5.010141e+05	-1.220570e+01
5.039079e+05	-1.316987e+01
5.068185e+05	-1.411445e+01
5.097458e+05	-1.500978e+01
5.126901e+05	-1.584196e+01
5.156514e+05	-1.660728e+01
5.186298e+05	-1.730734e+01
5.216253e+05	-1.794467e+01
5.246382e+05	-1.852240e+01
5.276685e+05	-1.904365e+01
5.307163e+05	-1.951356e+01
5.337817e+05	-1.993306e+01
5.368648e+05	-2.030333e+01
5.399657e+05	-2.063128e+01
5.430845e+05	-2.091184e+01
5.462214e+05	-2.115005e+01
5.493763e+05	-2.134797e+01
5.525495e+05	-2.150678e+01
5.557410e+05	-2.162088e+01
5.589509e+05	-2.169408e+01
5.621794e+05	-2.172505e+01
5.654265e+05	-2.171729e+01
5.686924e+05	-2.166100e+01
5.719772e+05	-2.156294e+01
5.752809e+05	-2.141260e+01
5.786037e+05	-2.121592e+01
5.819457e+05	-2.096581e+01
5.853070e+05	-2.065890e+01
5.886877e+05	-2.028918e+01
5.920879e+05	-1.985818e+01
5.955078e+05	-1.935397e+01
5.989474e+05	-1.877014e+01
6.024069e+05	-1.810864e+01
6.058864e+05	-1.736017e+01
6.093860e+05	-1.652601e+01
6.129058e+05	-1.561991e+01
6.164459e+05	-1.467675e+01
6.200064e+05	-1.377402e+01
6.235876e+05	-1.305374e+01
6.271894e+05	-1.269615e+01
6.308120e+05	-1.283472e+01
6.344555e+05	-1.344208e+01
6.381201e+05	-1.435675e+01
6.418059e+05	-1.540169e+01
6.455129e+05	-1.645280e+01
6.492414e+05	-1.744821e+01
6.529914e+05	-1.835797e+01
6.567630e+05	-1.917429e+01
6.605565e+05	-1.989338e+01
6.643718e+05	-2.052197e+01
6.682092e+05	-2.106363e+01
6.720688e+05	-2.151794e+01
6.759506e+05	-2.189319e+01
6.798549e+05	-2.218685e+01
6.837817e+05	-2.240261e+01
6.877312e+05	-2.254448e+01
6.917035e+05	-2.260640e+01
6.956987e+05	-2.258964e+01
6.997171e+05	-2.249105e+01
7.037586e+05	-2.230435e+01
7.078235e+05	-2.202985e+01
7.119118e+05	-2.165547e+01
7.160238e+05	-2.118047e+01
7.201595e+05	-2.059306e+01
7.243191e+05	-1.989341e+01
7.285028e+05	-1.907848e+01
7.327106e+05	-1.816250e+01
7.369427e+05	-1.719709e+01
7.411992e+05	-1.629418e+01
7.454804e+05	-1.565154e+01
7.497862e+05	-1.549881e+01
7.541170e+05	-1.593178e+01
7.584727e+05	-1.680830e+01
7.628536e+05	-1.789492e+01
7.672598e+05	-1.900789e+01
7.716915e+05	-2.004273e+01
7.761488e+05	-2.095993e+01
7.806318e+05	-2.174409e+01
7.851407e+05	-2.239105e+01
7.896756e+05	-2.290415e+01
7.942367e+05	-2.328491e+01
7.988242e+05	-2.353269e+01
8.034382e+05	-2.364720e+01
8.080788e+05	-2.362784e+01
8.127463e+05	-2.347222e+01
8.174406e+05	-2.316890e+01
8.221621e+05	-2.271591e+01
8.269109e+05	-2.211136e+01
8.316871e+05	-2.135777e+01
8.364909e+05	-2.049043e+01
8.413225e+05	-1.959817e+01
8.461819e+05	-1.886729e+01
8.510694e+05	-1.856716e+01
8.559852e+05	-1.888477e+01
8.609293e+05	-1.973019e+01
8.659020e+05	-2.083877e+01
8.709034e+05	-2.196887e+01
8.759337e+05	-2.299311e+01
8.809931e+05	-2.385452e+01
8.860816e+05	-2.452743e+01
8.911996e+05	-2.500749e+01
8.963471e+05	-2.528612e+01
9.015244e+05	-2.536693e+01
9.067316e+05	-2.524293e+01
9.119688e+05	-2.490875e+01
9.172363e+05	-2.437676e+01
9.225342e+05	-2.366161e+01
9.278628e+05	-2.285245e+01
9.332221e+05	-2.213436e+01
9.386123e+05	-2.179700e+01
9.440337e+05	-2.207752e+01
9.494864e+05	-2.290843e+01
9.549706e+05	-2.398669e+01
9.604865e+05	-2.503885e+01
9.660342e+05	-2.591110e+01
9.716140e+05	-2.653902e+01
9.772260e+05	-2.689232e+01
9.828704e+05	-2.696881e+01
9.885474e+05	-2.676659e+01
9.942572e+05	-2.633002e+01
1.000000e+06	-2.577954e+01
