Frequency(Hz)	Magnitude(dB)
1.000000e+01	5.858129e-04
1.005776e+01	-3.395643e-03
1.011585e+01	9.081870e-03
1.017428e+01	1.840431e-02
1.023305e+01	-4.952494e-03
1.029215e+01	1.725567e-02
1.035160e+01	-3.419524e-03
1.041139e+01	-5.754813e-03
1.047153e+01	1.470367e-02
1.053201e+01	-4.042347e-03
1.059284e+01	-5.395866e-03
1.065403e+01	-8.254025e-04
1.071556e+01	3.220450e-03
1.077746e+01	2.780606e-03
1.083971e+01	3.150739e-03
1.090232e+01	6.844986e-04
1.096529e+01	-2.628479e-03
1.102862e+01	-1.519719e-02
1.109232e+01	3.166038e-03
1.115639e+01	3.513653e-03
1.122083e+01	-1.632304e-02
1.128564e+01	5.797658e-03
1.135083e+01	-2.055939e-04
1.141639e+01	-3.111347e-03
1.148233e+01	3.868211e-03
1.154865e+01	4.818384e-03
1.161536e+01	-8.797533e-03
1.168245e+01	1.004519e-02
1.174992e+01	-3.303924e-03
1.181779e+01	1.551405e-02
1.188605e+01	-3.427065e-03
1.195470e+01	-1.048738e-02
1.202375e+01	2.098393e-03
1.209320e+01	-5.163721e-03
1.216305e+01	8.671612e-03
1.223330e+01	-4.952490e-03
1.230396e+01	1.776335e-03
1.237503e+01	1.674792e-03
1.244651e+01	-4.237265e-03
1.251840e+01	4.942086e-03
1.259070e+01	-3.375784e-03
1.266343e+01	4.394423e-03
1.273657e+01	2.701578e-02
1.281014e+01	-1.150025e-02
1.288413e+01	-8.226139e-04
1.295855e+01	2.295324e-02
1.303339e+01	-1.065113e-02
1.310867e+01	8.809016e-03
1.318439e+01	1.007605e-02
1.326054e+01	5.763522e-03
1.333713e+01	4.324285e-03
1.341417e+01	-6.050394e-03
1.349165e+01	2.355256e-03
1.356958e+01	6.596996e-04
1.364795e+01	-1.625279e-03
1.372678e+01	-2.019040e-03
1.380607e+01	-1.988026e-03
1.388581e+01	-5.923879e-03
1.396602e+01	-1.047711e-02
1.404668e+01	7.674660e-03
1.412782e+01	-1.532602e-02
1.420942e+01	1.961148e-02
1.429149e+01	-1.348671e-02
1.437404e+01	2.281334e-02
1.445706e+01	-1.470400e-02
1.454057e+01	3.361790e-03
1.462455e+01	-2.291801e-03
1.470902e+01	-1.443904e-02
1.479398e+01	-4.333349e-03
1.487943e+01	-4.728016e-04
1.496537e+01	5.798160e-04
1.505181e+01	5.774280e-03
1.513875e+01	2.788316e-03
1.522619e+01	-3.270940e-03
1.531414e+01	2.508317e-02
1.540259e+01	2.504233e-03
1.549156e+01	1.210603e-02
1.558103e+01	9.806284e-03
1.567103e+01	-1.776144e-02
1.576155e+01	3.152637e-03
1.585258e+01	-4.400624e-03
1.594415e+01	-2.078942e-03
1.603624e+01	-3.046737e-03
1.612886e+01	-4.267102e-03
1.622202e+01	1.807505e-02
1.631572e+01	-3.026884e-03
1.640996e+01	1.028841e-02
1.650474e+01	-3.195504e-03
1.660008e+01	-2.742665e-04
1.669596e+01	2.523110e-02
1.679239e+01	-9.339468e-04
1.688938e+01	6.345622e-03
1.698694e+01	-8.945823e-03
1.708505e+01	2.432904e-02
1.718373e+01	2.495163e-03
1.728299e+01	-2.220658e-04
1.738281e+01	5.145723e-03
1.748322e+01	6.129066e-04
1.758420e+01	-1.376435e-02
1.768576e+01	8.474804e-03
1.778792e+01	8.240396e-03
1.789066e+01	-2.196836e-02
1.799399e+01	-1.296408e-02
1.809793e+01	2.017651e-02
1.820246e+01	-4.289536e-03
1.830760e+01	-2.074139e-03
1.841334e+01	1.125045e-02
1.851969e+01	-1.138550e-02
1.862666e+01	-7.497109e-03
1.873425e+01	6.987493e-03
1.884246e+01	1.100776e-02
1.895129e+01	5.799930e-03
1.906075e+01	1.905413e-02
1.917085e+01	5.510782e-03
1.928158e+01	-3.443439e-04
1.939295e+01	-7.249934e-03
1.950496e+01	2.399251e-03
1.961762e+01	9.576217e-03
1.973093e+01	4.580819e-03
1.984490e+01	1.737690e-02
1.995952e+01	-3.030942e-03
2.007480e+01	1.270552e-02
2.019076e+01	-7.294589e-03
2.030738e+01	-4.616086e-03
2.042467e+01	-9.915478e-03
2.054264e+01	6.420797e-03
2.066130e+01	1.775271e-02
2.078064e+01	-8.122378e-04
2.090066e+01	3.548456e-03
2.102139e+01	1.600178e-02
2.114280e+01	-8.630582e-03
2.126492e+01	-8.476888e-03
2.138775e+01	-6.726334e-03
2.151128e+01	-7.769965e-03
2.163553e+01	1.402558e-02
2.176050e+01	3.737786e-05
2.188619e+01	1.179633e-03
2.201260e+01	-1.987837e-03
2.213974e+01	2.164525e-03
2.226762e+01	8.877803e-03
2.239624e+01	1.130843e-02
2.252560e+01	2.227729e-02
2.265571e+01	2.586428e-02
2.278656e+01	-7.493963e-03
2.291818e+01	1.523657e-02
2.305055e+01	-4.539773e-03
2.318369e+01	-1.779457e-02
2.331760e+01	-1.717027e-02
2.345228e+01	-3.499983e-03
2.358774e+01	6.504655e-03
2.372398e+01	2.413477e-03
2.386101e+01	2.745372e-03
2.399883e+01	1.210162e-02
2.413745e+01	4.099095e-03
2.427686e+01	-5.391404e-03
2.441709e+01	1.894098e-03
2.455812e+01	1.039611e-02
2.469997e+01	1.781071e-02
2.484263e+01	-4.237244e-03
2.498612e+01	-3.103451e-03
2.513044e+01	-4.808337e-03
2.527559e+01	1.148433e-02
2.542158e+01	-8.893887e-04
2.556842e+01	5.515983e-03
2.571610e+01	-6.146524e-03
2.586463e+01	8.834777e-03
2.601403e+01	5.410865e-03
2.616428e+01	5.249757e-03
2.631541e+01	-6.087654e-03
2.646740e+01	-1.580353e-02
2.662028e+01	-1.671314e-03
2.677404e+01	8.357081e-04
2.692868e+01	-1.703332e-02
2.708422e+01	1.965452e-03
2.724066e+01	-1.392397e-03
2.739800e+01	5.401575e-03
2.755625e+01	-6.503543e-03
2.771541e+01	-1.358799e-04
2.787550e+01	4.866033e-03
2.803650e+01	5.393850e-04
2.819844e+01	-1.325098e-03
2.836131e+01	-6.843857e-04
2.852513e+01	1.990946e-02
2.868989e+01	-9.181839e-03
2.885560e+01	1.230115e-03
2.902227e+01	4.490637e-04
2.918990e+01	-1.527568e-04
2.935850e+01	1.058544e-02
2.952807e+01	4.077499e-03
2.969863e+01	3.265191e-03
2.987016e+01	-2.366827e-03
3.004269e+01	-1.450020e-02
3.021622e+01	-1.074806e-02
3.039075e+01	1.912624e-02
3.056628e+01	-4.897980e-03
3.074283e+01	4.302899e-03
3.092040e+01	2.327337e-02
3.109900e+01	1.327114e-02
3.127862e+01	7.446313e-03
3.145929e+01	7.811924e-03
3.164099e+01	1.221392e-03
3.182375e+01	1.431083e-02
3.200756e+01	2.410979e-02
3.219244e+01	-2.136941e-03
3.237838e+01	1.035645e-03
3.256540e+01	-1.214055e-02
3.275349e+01	1.316175e-02
3.294268e+01	3.486550e-04
3.313295e+01	-4.146990e-03
3.332433e+01	-4.482043e-03
3.351681e+01	-1.537903e-02
3.371040e+01	1.901917e-02
3.390511e+01	-4.453714e-03
3.410094e+01	9.973489e-03
3.429791e+01	8.769688e-03
3.449601e+01	-2.928139e-03
3.469526e+01	7.963789e-03
3.489566e+01	5.662725e-03
3.509721e+01	-4.528414e-03
3.529993e+01	-8.674671e-03
3.550382e+01	-1.187823e-02
3.570889e+01	-1.978752e-03
3.591515e+01	-3.488905e-03
3.612259e+01	6.590538e-03
3.633123e+01	1.379414e-02
3.654108e+01	1.109129e-02
3.675214e+01	-6.470395e-03
3.696442e+01	1.717088e-03
3.717792e+01	-1.813355e-03
3.739266e+01	-5.583616e-03
3.760864e+01	1.616036e-02
3.782587e+01	3.244788e-03
3.804435e+01	2.458075e-02
3.826409e+01	1.615364e-02
3.848510e+01	-2.442420e-03
3.870739e+01	1.399743e-02
3.893096e+01	-1.075787e-02
3.915583e+01	-7.795005e-03
3.938199e+01	-5.571167e-03
3.960946e+01	9.039649e-03
3.983824e+01	-2.851961e-03
4.006834e+01	-5.917916e-03
4.029978e+01	-5.177186e-03
4.053255e+01	9.973035e-03
4.076666e+01	7.424860e-03
4.100213e+01	8.748607e-03
4.123896e+01	-1.531989e-02
4.147715e+01	3.772047e-03
4.171672e+01	1.676964e-02
4.195767e+01	1.154410e-02
4.220002e+01	-1.935837e-02
4.244377e+01	2.073486e-04
4.268892e+01	-1.980565e-02
4.293549e+01	-2.471385e-02
4.318348e+01	6.491822e-03
4.343291e+01	-5.015664e-03
4.368377e+01	-5.505742e-03
4.393609e+01	8.638254e-03
4.418986e+01	8.362565e-03
4.444510e+01	-2.277778e-02
4.470182e+01	-2.918379e-03
4.496001e+01	3.521026e-03
4.521970e+01	5.853989e-03
4.548089e+01	-1.391829e-02
4.574358e+01	2.648570e-03
4.600779e+01	-4.732069e-03
4.627353e+01	1.725004e-03
4.654081e+01	-7.207930e-03
4.680963e+01	1.118078e-02
4.708000e+01	1.953262e-02
4.735193e+01	5.043680e-03
4.762543e+01	1.146702e-03
4.790051e+01	-2.617104e-03
4.817719e+01	-5.044963e-03
4.845545e+01	6.080543e-03
4.873533e+01	-1.809885e-03
4.901682e+01	-1.859822e-02
4.929994e+01	7.591011e-03
4.958470e+01	1.126748e-02
4.987110e+01	7.091768e-03
5.015915e+01	-1.773493e-02
5.044887e+01	6.538547e-03
5.074026e+01	-1.579915e-02
5.103333e+01	-4.794024e-03
5.132810e+01	1.247327e-02
5.162457e+01	9.052938e-03
5.192275e+01	8.790488e-03
5.222265e+01	7.940708e-03
5.252429e+01	-1.986250e-03
5.282767e+01	-5.300264e-03
5.313280e+01	5.861978e-03
5.343969e+01	4.354072e-03
5.374836e+01	4.630554e-03
5.405880e+01	-1.319123e-02
5.437105e+01	-4.692438e-03
5.468509e+01	5.230307e-03
5.500095e+01	8.081594e-03
5.531863e+01	-1.424779e-02
5.563815e+01	5.766100e-03
5.595951e+01	-8.402940e-03
5.628273e+01	-1.914716e-03
5.660782e+01	-1.502679e-02
5.693479e+01	-8.242100e-03
5.726364e+01	-8.286955e-03
5.759439e+01	-1.307206e-02
5.792705e+01	-1.668269e-02
5.826164e+01	-2.070028e-02
5.859815e+01	2.005829e-02
5.893662e+01	4.255966e-03
5.927703e+01	9.426819e-04
5.961941e+01	1.320390e-03
5.996377e+01	-1.764181e-02
6.031012e+01	4.658466e-03
6.065847e+01	8.042335e-03
6.100883e+01	-2.121883e-02
6.136121e+01	1.101358e-02
6.171563e+01	-5.505386e-03
6.207210e+01	8.076896e-03
6.243063e+01	-7.840516e-03
6.279122e+01	4.750183e-03
6.315390e+01	-9.014669e-03
6.351868e+01	2.368166e-03
6.388556e+01	1.654917e-02
6.425456e+01	-2.954847e-03
6.462569e+01	-5.929984e-03
6.499897e+01	1.088693e-02
6.537440e+01	-6.658469e-03
6.575200e+01	3.727911e-03
6.613178e+01	-3.829845e-03
6.651375e+01	-7.028494e-04
6.689793e+01	-3.298895e-02
6.728433e+01	-3.251202e-03
6.767297e+01	-8.496942e-03
6.806384e+01	8.355056e-03
6.845698e+01	3.543794e-03
6.885238e+01	1.019330e-02
6.925007e+01	-7.800805e-03
6.965005e+01	-1.682176e-02
7.005235e+01	4.031883e-03
7.045697e+01	-3.162075e-03
7.086393e+01	-1.533444e-02
7.127323e+01	1.279489e-02
7.168490e+01	1.533606e-03
7.209895e+01	-3.132076e-03
7.251539e+01	2.100142e-02
7.293424e+01	-2.579333e-02
7.335551e+01	3.234433e-03
7.377920e+01	8.675644e-03
7.420535e+01	-8.947674e-03
7.463396e+01	-3.562749e-03
7.506504e+01	2.251710e-02
7.549861e+01	-1.711718e-02
7.593469e+01	-6.361597e-03
7.637328e+01	-5.355909e-03
7.681441e+01	4.000556e-03
7.725809e+01	-1.289026e-02
7.770433e+01	6.623096e-03
7.815315e+01	-7.881731e-03
7.860456e+01	-2.346520e-03
7.905857e+01	-8.010324e-03
7.951521e+01	1.507861e-03
7.997449e+01	-3.010480e-03
8.043642e+01	4.207409e-03
8.090102e+01	-8.693273e-03
8.136830e+01	-6.359239e-03
8.183828e+01	7.234035e-03
8.231097e+01	1.448601e-03
8.278640e+01	5.871689e-03
8.326457e+01	4.817970e-04
8.374550e+01	-6.109312e-03
8.422921e+01	1.264195e-02
8.471572e+01	1.915572e-02
8.520503e+01	-1.324288e-02
8.569717e+01	1.732487e-03
8.619215e+01	7.911232e-03
8.669000e+01	-1.128431e-02
8.719071e+01	-2.732640e-02
8.769432e+01	6.798048e-03
8.820084e+01	-8.350002e-04
8.871029e+01	3.427174e-03
8.922267e+01	1.097265e-02
8.973802e+01	-1.728078e-03
9.025634e+01	1.534465e-03
9.077766e+01	6.172800e-03
9.130199e+01	-1.106972e-03
9.182935e+01	-2.509626e-03
9.235975e+01	-1.762549e-02
9.289321e+01	-7.507768e-03
9.342976e+01	-5.542891e-03
9.396941e+01	5.806753e-03
9.451217e+01	-5.699829e-03
9.505807e+01	7.718384e-03
9.560712e+01	-1.379688e-02
9.615934e+01	9.004867e-03
9.671476e+01	-1.453354e-02
9.727338e+01	4.143631e-03
9.783522e+01	1.390914e-03
9.840032e+01	1.040317e-02
9.896867e+01	3.926114e-03
9.954031e+01	-6.591124e-03
1.001153e+02	3.202404e-03
1.006935e+02	-1.227101e-02
1.012751e+02	2.673758e-03
1.018601e+02	3.249400e-03
1.024484e+02	5.129028e-03
1.030402e+02	-8.517990e-03
1.036353e+02	-1.785380e-03
1.042339e+02	1.885003e-03
1.048360e+02	4.692897e-03
1.054415e+02	-1.338230e-02
1.060505e+02	-2.066559e-02
1.066631e+02	-3.520103e-03
1.072791e+02	9.423646e-03
1.078988e+02	2.221097e-02
1.085220e+02	1.796609e-03
1.091488e+02	-1.428958e-02
1.097793e+02	4.565180e-04
1.104133e+02	-1.059242e-02
1.110511e+02	-1.304488e-02
1.116925e+02	7.312110e-03
1.123376e+02	-1.739629e-02
1.129865e+02	1.505119e-02
1.136391e+02	8.899470e-03
1.142955e+02	5.710307e-03
1.149556e+02	1.015890e-03
1.156196e+02	2.011942e-03
1.162874e+02	8.418111e-03
1.169591e+02	-1.753325e-02
1.176347e+02	9.917552e-03
1.183141e+02	1.710724e-03
1.189975e+02	-5.556739e-03
1.196848e+02	-7.774160e-03
1.203761e+02	-8.984947e-03
1.210714e+02	-8.392987e-03
1.217707e+02	-1.716081e-03
1.224740e+02	2.415066e-03
1.231814e+02	8.009870e-03
1.238929e+02	-7.497166e-04
1.246085e+02	-1.849578e-02
1.253283e+02	9.893053e-04
1.260522e+02	-6.362160e-03
1.267802e+02	7.231016e-03
1.275125e+02	7.063474e-03
1.282490e+02	-1.312182e-02
1.289898e+02	-8.346285e-03
1.297348e+02	1.657081e-03
1.304842e+02	1.230889e-02
1.312378e+02	9.594777e-03
1.319959e+02	-2.458550e-02
1.327583e+02	-1.584360e-02
1.335251e+02	-2.840329e-03
1.342963e+02	-1.963579e-03
1.350720e+02	3.078150e-03
1.358522e+02	-6.416912e-03
1.366368e+02	-8.445501e-03
1.374260e+02	-1.869509e-02
1.382198e+02	-2.090302e-02
1.390182e+02	-1.145178e-02
1.398211e+02	-1.715171e-02
1.406287e+02	2.687589e-03
1.414410e+02	1.239668e-02
1.422579e+02	4.444838e-03
1.430796e+02	-3.625512e-03
1.439060e+02	-7.623349e-03
1.447372e+02	-4.103342e-03
1.455732e+02	-1.095886e-02
1.464141e+02	-1.870379e-02
1.472597e+02	-1.989787e-02
1.481103e+02	1.233078e-03
1.489658e+02	-6.893143e-03
1.498262e+02	7.289469e-04
1.506916e+02	-1.047275e-02
1.515620e+02	-2.054006e-02
1.524374e+02	9.554539e-03
1.533179e+02	1.130776e-02
1.542034e+02	-1.501731e-03
1.550941e+02	9.525913e-03
1.559899e+02	8.631675e-03
1.568909e+02	6.140369e-03
1.577971e+02	-2.763819e-03
1.587085e+02	-2.795473e-02
1.596252e+02	2.121140e-02
1.605472e+02	-3.466694e-03
1.614745e+02	-1.468299e-02
1.624072e+02	-4.917579e-03
1.633453e+02	-2.416419e-02
1.642887e+02	-8.256366e-03
1.652377e+02	-1.580248e-02
1.661921e+02	-3.603650e-04
1.671520e+02	5.536893e-03
1.681175e+02	2.255985e-03
1.690885e+02	-1.291496e-02
1.700651e+02	9.246800e-03
1.710474e+02	-3.186205e-03
1.720354e+02	4.354637e-03
1.730291e+02	-1.404262e-02
1.740285e+02	9.100886e-03
1.750337e+02	-3.031813e-03
1.760446e+02	-1.994898e-02
1.770615e+02	-2.507521e-03
1.780842e+02	-9.060884e-03
1.791128e+02	-1.374237e-02
1.801473e+02	-8.336884e-03
1.811878e+02	4.757544e-03
1.822344e+02	1.521025e-02
1.832870e+02	-1.551521e-02
1.843456e+02	4.839299e-03
1.854104e+02	-1.681682e-02
1.864813e+02	-1.210152e-02
1.875584e+02	-1.021518e-02
1.886418e+02	4.103241e-03
1.897313e+02	-1.168805e-02
1.908272e+02	1.585245e-02
1.919294e+02	-1.588553e-02
1.930380e+02	-7.714966e-03
1.941530e+02	8.528900e-03
1.952744e+02	-8.393525e-03
1.964023e+02	-1.672521e-03
1.975367e+02	9.874890e-03
1.986777e+02	1.446757e-03
1.998252e+02	3.372019e-03
2.009794e+02	-5.958193e-03
2.021403e+02	-2.979409e-03
2.033078e+02	-1.647090e-02
2.044821e+02	-5.384431e-03
2.056632e+02	-1.023324e-02
2.068511e+02	6.683394e-03
2.080459e+02	-2.317222e-02
2.092475e+02	3.901137e-03
2.104561e+02	1.493197e-03
2.116717e+02	-6.520573e-03
2.128943e+02	-5.568684e-03
2.141240e+02	4.690086e-03
2.153608e+02	-1.070214e-02
2.166047e+02	7.210549e-03
2.178558e+02	-1.164304e-02
2.191141e+02	-3.485346e-03
2.203797e+02	-8.133890e-03
2.216526e+02	6.835046e-03
2.229329e+02	5.853129e-03
2.242205e+02	-8.718568e-03
2.255156e+02	-8.602662e-03
2.268182e+02	-2.695822e-02
2.281283e+02	-6.295633e-03
2.294459e+02	-4.239095e-03
2.307712e+02	-5.511927e-03
2.321041e+02	3.270959e-03
2.334447e+02	-2.271150e-02
2.347931e+02	-1.023621e-02
2.361493e+02	-2.087733e-03
2.375133e+02	-2.418730e-02
2.388851e+02	-4.497235e-03
2.402649e+02	4.952583e-03
2.416527e+02	-1.925481e-02
2.430484e+02	-5.208966e-03
2.444523e+02	-7.274620e-03
2.458642e+02	-1.203647e-02
2.472843e+02	-2.492974e-02
2.487126e+02	8.949855e-03
2.501492e+02	-1.467691e-02
2.515940e+02	-1.103535e-02
2.530472e+02	-5.238750e-03
2.545088e+02	-2.307713e-02
2.559789e+02	-6.335377e-03
2.574574e+02	-1.816918e-02
2.589444e+02	-1.477193e-02
2.604401e+02	-2.226081e-03
2.619444e+02	-1.860136e-02
2.634574e+02	3.307721e-03
2.649791e+02	-1.609577e-02
2.665096e+02	-3.295272e-02
2.680489e+02	4.853126e-03
2.695972e+02	-1.838843e-02
2.711544e+02	-5.524443e-03
2.727205e+02	-1.778584e-02
2.742958e+02	-3.615361e-02
2.758801e+02	-6.291030e-03
2.774736e+02	5.312066e-03
2.790762e+02	-1.967339e-02
2.806882e+02	-1.631818e-02
2.823094e+02	-1.626234e-02
2.839400e+02	-1.414287e-02
2.855800e+02	-1.058504e-02
2.872295e+02	-1.410549e-02
2.888886e+02	-5.187407e-04
2.905572e+02	-1.336339e-02
2.922354e+02	-1.543403e-02
2.939234e+02	-8.479956e-03
2.956211e+02	-2.028367e-02
2.973286e+02	-2.903265e-02
2.990459e+02	-6.264824e-03
3.007732e+02	-3.722206e-03
3.025104e+02	-1.359325e-02
3.042577e+02	-1.396802e-03
3.060151e+02	-1.562248e-02
3.077826e+02	-1.678171e-02
3.095604e+02	-2.903050e-02
3.113484e+02	-1.749994e-02
3.131467e+02	-7.415166e-03
3.149554e+02	-3.426260e-02
3.167746e+02	-6.329490e-03
3.186043e+02	-1.771854e-02
3.204445e+02	-1.977838e-02
3.222954e+02	-3.976917e-03
3.241570e+02	-2.811601e-02
3.260293e+02	-1.708883e-02
3.279124e+02	-1.008673e-02
3.298064e+02	-1.667250e-02
3.317114e+02	-3.200839e-02
3.336273e+02	-2.297461e-02
3.355544e+02	-5.689264e-03
3.374925e+02	-2.871183e-03
3.394418e+02	-1.886666e-02
3.414024e+02	-2.074873e-02
3.433744e+02	-3.192161e-02
3.453577e+02	-4.033917e-02
3.473525e+02	-3.319604e-02
3.493588e+02	-7.140551e-03
3.513766e+02	8.501974e-04
3.534062e+02	-8.973520e-03
3.554474e+02	-2.056088e-02
3.575005e+02	-1.537049e-02
3.595654e+02	-2.519692e-02
3.616422e+02	-1.606380e-02
3.637311e+02	-1.265639e-02
3.658320e+02	-1.487430e-02
3.679450e+02	-1.557649e-02
3.700702e+02	-3.617571e-02
3.722077e+02	-2.206593e-03
3.743576e+02	-2.978819e-02
3.765199e+02	-3.123838e-02
3.786946e+02	-2.282197e-02
3.808820e+02	-2.455395e-02
3.830819e+02	-2.804377e-02
3.852946e+02	-2.179007e-02
3.875200e+02	-2.779785e-02
3.897583e+02	-8.488650e-03
3.920096e+02	-1.246569e-03
3.942738e+02	-3.413338e-02
3.965511e+02	-2.478262e-02
3.988416e+02	-2.301998e-02
4.011452e+02	-3.803866e-02
4.034622e+02	-2.998554e-02
4.057926e+02	-2.064257e-02
4.081365e+02	-1.795435e-02
4.104938e+02	-1.522208e-02
4.128648e+02	-2.555021e-02
4.152495e+02	-3.006700e-02
4.176480e+02	-1.647637e-02
4.200603e+02	-3.735755e-02
4.224866e+02	-2.242494e-02
4.249268e+02	-3.918577e-02
4.273812e+02	-2.970994e-02
4.298497e+02	-3.042960e-02
4.323325e+02	-3.921707e-02
4.348297e+02	-2.407833e-02
4.373412e+02	-2.074604e-02
4.398673e+02	-1.738416e-02
4.424079e+02	-3.379798e-02
4.449633e+02	-2.288095e-02
4.475334e+02	-2.494764e-02
4.501183e+02	-3.533689e-02
4.527182e+02	-5.193363e-02
4.553330e+02	-4.504907e-02
4.579630e+02	-4.092244e-02
4.606082e+02	-4.429171e-02
4.632687e+02	-5.925527e-02
4.659445e+02	-3.479661e-02
4.686358e+02	-5.974297e-02
4.713426e+02	-3.859472e-02
4.740650e+02	-4.077703e-02
4.768032e+02	-3.365099e-02
4.795572e+02	-2.848418e-02
4.823271e+02	-2.584418e-02
4.851130e+02	-6.503171e-02
4.879150e+02	-3.958485e-02
4.907332e+02	-4.748904e-02
4.935676e+02	-3.733410e-02
4.964185e+02	-3.913121e-02
4.992858e+02	-3.787571e-02
5.021696e+02	-5.943919e-02
5.050701e+02	-1.173732e-02
5.079874e+02	-4.796758e-02
5.109215e+02	-5.620203e-02
5.138726e+02	-4.800109e-02
5.168407e+02	-5.485090e-02
5.198259e+02	-3.543772e-02
5.228284e+02	-3.755104e-02
5.258482e+02	-3.925396e-02
5.288855e+02	-3.661307e-02
5.319403e+02	-4.452423e-02
5.350128e+02	-3.434876e-02
5.381030e+02	-6.715032e-02
5.412111e+02	-3.742260e-02
5.443371e+02	-4.777249e-02
5.474812e+02	-3.310362e-02
5.506434e+02	-4.572452e-02
5.538239e+02	-6.236247e-02
5.570228e+02	-5.490738e-02
5.602401e+02	-6.622970e-02
5.634760e+02	-4.485000e-02
5.667306e+02	-5.760007e-02
5.700040e+02	-3.467280e-02
5.732964e+02	-6.866698e-02
5.766077e+02	-5.224553e-02
5.799382e+02	-3.987598e-02
5.832879e+02	-4.698274e-02
5.866569e+02	-5.880185e-02
5.900454e+02	-5.500408e-02
5.934535e+02	-4.771230e-02
5.968813e+02	-7.580662e-02
6.003288e+02	-7.211261e-02
6.037963e+02	-6.862079e-02
6.072838e+02	-4.449789e-02
6.107914e+02	-4.423617e-02
6.143194e+02	-5.302138e-02
6.178676e+02	-5.922155e-02
6.214364e+02	-8.485083e-02
6.250258e+02	-5.670764e-02
6.286359e+02	-7.609538e-02
6.322669e+02	-6.256397e-02
6.359189e+02	-6.454866e-02
6.395919e+02	-5.538289e-02
6.432862e+02	-5.864717e-02
6.470017e+02	-6.791613e-02
6.507388e+02	-6.271169e-02
6.544974e+02	-5.706870e-02
6.582778e+02	-8.603199e-02
6.620800e+02	-8.136097e-02
6.659041e+02	-7.935670e-02
6.697504e+02	-7.086669e-02
6.736188e+02	-6.422099e-02
6.775096e+02	-5.906912e-02
6.814229e+02	-5.798444e-02
6.853587e+02	-8.283265e-02
6.893173e+02	-7.596974e-02
6.932988e+02	-6.216647e-02
6.973033e+02	-6.790423e-02
7.013309e+02	-9.394877e-02
7.053817e+02	-8.706672e-02
7.094560e+02	-8.118430e-02
7.135538e+02	-8.459753e-02
7.176752e+02	-6.471312e-02
7.218205e+02	-7.505268e-02
7.259897e+02	-6.495848e-02
7.301830e+02	-7.575660e-02
7.344005e+02	-8.668793e-02
7.386424e+02	-8.554567e-02
7.429087e+02	-8.398691e-02
7.471998e+02	-6.345454e-02
7.515155e+02	-8.108426e-02
7.558563e+02	-9.085174e-02
7.602221e+02	-9.748746e-02
7.646131e+02	-8.747516e-02
7.690295e+02	-9.743986e-02
7.734713e+02	-1.081077e-01
7.779389e+02	-1.129142e-01
7.824322e+02	-8.738236e-02
7.869515e+02	-8.106075e-02
7.914969e+02	-9.938947e-02
7.960686e+02	-1.005153e-01
8.006666e+02	-1.117258e-01
8.052912e+02	-1.080801e-01
8.099426e+02	-1.163061e-01
8.146208e+02	-1.116845e-01
8.193260e+02	-1.079496e-01
8.240584e+02	-1.252063e-01
8.288181e+02	-1.034518e-01
8.336053e+02	-1.231921e-01
8.384202e+02	-1.106335e-01
8.432629e+02	-1.244428e-01
8.481335e+02	-1.131217e-01
8.530323e+02	-1.164967e-01
8.579594e+02	-1.256518e-01
8.629149e+02	-1.208959e-01
8.678991e+02	-1.185666e-01
8.729120e+02	-1.205359e-01
8.779539e+02	-1.083942e-01
8.830250e+02	-1.508404e-01
8.881253e+02	-9.930366e-02
8.932551e+02	-1.428859e-01
8.984145e+02	-1.376266e-01
9.036037e+02	-1.466991e-01
9.088229e+02	-1.445049e-01
9.140722e+02	-1.373246e-01
9.193518e+02	-1.254860e-01
9.246620e+02	-1.425412e-01
9.300028e+02	-1.374771e-01
9.353744e+02	-1.404638e-01
9.407771e+02	-1.477431e-01
9.462110e+02	-1.501758e-01
9.516763e+02	-1.660803e-01
9.571731e+02	-1.350706e-01
9.627017e+02	-1.539113e-01
9.682622e+02	-1.475272e-01
9.738549e+02	-1.553020e-01
9.794798e+02	-1.485495e-01
9.851373e+02	-1.701797e-01
9.908274e+02	-1.588458e-01
9.965504e+02	-1.596286e-01
1.002306e+03	-1.579962e-01
1.008096e+03	-1.687961e-01
1.013918e+03	-1.649195e-01
1.019775e+03	-1.789578e-01
1.025665e+03	-1.552709e-01
1.031589e+03	-1.687592e-01
1.037548e+03	-1.565464e-01
1.043540e+03	-1.691007e-01
1.049568e+03	-1.881217e-01
1.055630e+03	-1.861779e-01
1.061727e+03	-1.748319e-01
1.067860e+03	-1.773041e-01
1.074028e+03	-1.916929e-01
1.080231e+03	-1.792749e-01
1.086471e+03	-1.854612e-01
1.092746e+03	-1.764061e-01
1.099058e+03	-2.102857e-01
1.105406e+03	-1.947549e-01
1.111791e+03	-1.963851e-01
1.118212e+03	-2.147618e-01
1.124671e+03	-1.984522e-01
1.131167e+03	-2.119296e-01
1.137701e+03	-1.969333e-01
1.144272e+03	-2.127827e-01
1.150881e+03	-2.121542e-01
1.157529e+03	-2.145404e-01
1.164215e+03	-2.113854e-01
1.170939e+03	-2.085348e-01
1.177702e+03	-2.088352e-01
1.184505e+03	-2.136390e-01
1.191346e+03	-2.391487e-01
1.198227e+03	-2.194108e-01
1.205148e+03	-2.374406e-01
1.212109e+03	-2.298500e-01
1.219110e+03	-2.299887e-01
1.226152e+03	-2.437388e-01
1.233234e+03	-2.462295e-01
1.240357e+03	-2.558718e-01
1.247521e+03	-2.554391e-01
1.254727e+03	-2.424767e-01
1.261974e+03	-2.400811e-01
1.269263e+03	-2.427297e-01
1.276595e+03	-2.607051e-01
1.283968e+03	-2.756110e-01
1.291384e+03	-2.711031e-01
1.298843e+03	-2.781329e-01
1.306345e+03	-2.689145e-01
1.313891e+03	-2.788715e-01
1.321480e+03	-2.816812e-01
1.329113e+03	-2.676138e-01
1.336790e+03	-2.735644e-01
1.344511e+03	-2.827032e-01
1.352277e+03	-2.830564e-01
1.360087e+03	-2.983083e-01
1.367943e+03	-3.051728e-01
1.375844e+03	-2.874115e-01
1.383791e+03	-3.125188e-01
1.391784e+03	-3.071116e-01
1.399823e+03	-3.259344e-01
1.407908e+03	-3.364098e-01
1.416040e+03	-3.288732e-01
1.424219e+03	-3.242617e-01
1.432445e+03	-3.131531e-01
1.440719e+03	-3.332758e-01
1.449041e+03	-3.181448e-01
1.457410e+03	-3.334198e-01
1.465828e+03	-3.373002e-01
1.474295e+03	-3.383832e-01
1.482810e+03	-3.417925e-01
1.491375e+03	-3.597781e-01
1.499989e+03	-3.487438e-01
1.508653e+03	-3.563023e-01
1.517367e+03	-3.638364e-01
1.526131e+03	-3.482605e-01
1.534946e+03	-3.781383e-01
1.543812e+03	-3.598759e-01
1.552729e+03	-3.639578e-01
1.561697e+03	-3.853376e-01
1.570717e+03	-3.975505e-01
1.579790e+03	-3.845216e-01
1.588915e+03	-3.986088e-01
1.598092e+03	-4.052982e-01
1.607323e+03	-3.988884e-01
1.616606e+03	-3.873326e-01
1.625944e+03	-4.085034e-01
1.635335e+03	-4.193338e-01
1.644781e+03	-4.311212e-01
1.654281e+03	-4.224066e-01
1.663836e+03	-4.298458e-01
1.673446e+03	-4.504300e-01
1.683112e+03	-4.376972e-01
1.692834e+03	-4.372744e-01
1.702611e+03	-4.477535e-01
1.712446e+03	-4.424812e-01
1.722337e+03	-4.490870e-01
1.732285e+03	-4.664846e-01
1.742290e+03	-4.742478e-01
1.752354e+03	-4.961381e-01
1.762475e+03	-4.824324e-01
1.772655e+03	-4.636042e-01
1.782894e+03	-4.699695e-01
1.793192e+03	-4.902864e-01
1.803549e+03	-4.970080e-01
1.813967e+03	-5.160191e-01
1.824444e+03	-5.005088e-01
1.834982e+03	-5.256559e-01
1.845581e+03	-5.395486e-01
1.856241e+03	-5.245173e-01
1.866962e+03	-5.495487e-01
1.877746e+03	-5.529052e-01
1.888592e+03	-5.515104e-01
1.899500e+03	-5.448418e-01
1.910472e+03	-5.572002e-01
1.921506e+03	-5.553218e-01
1.932605e+03	-5.588640e-01
1.943768e+03	-5.881837e-01
1.954995e+03	-6.069963e-01
1.966287e+03	-6.025593e-01
1.977644e+03	-5.839058e-01
1.989067e+03	-5.898161e-01
2.000555e+03	-6.090971e-01
2.012110e+03	-6.099414e-01
2.023732e+03	-5.926623e-01
2.035421e+03	-6.271833e-01
2.047178e+03	-6.273861e-01
2.059002e+03	-6.527733e-01
2.070895e+03	-6.535816e-01
2.082856e+03	-6.578110e-01
2.094887e+03	-6.548495e-01
2.106987e+03	-6.808666e-01
2.119157e+03	-6.834701e-01
2.131397e+03	-6.865175e-01
2.143708e+03	-6.936571e-01
2.156090e+03	-7.060056e-01
2.168543e+03	-6.990867e-01
2.181069e+03	-7.104214e-01
2.193666e+03	-7.179736e-01
2.206337e+03	-7.413851e-01
2.219081e+03	-7.320885e-01
2.231898e+03	-7.418630e-01
2.244789e+03	-7.415053e-01
2.257755e+03	-7.377511e-01
2.270796e+03	-7.787257e-01
2.283912e+03	-7.843259e-01
2.297104e+03	-8.075435e-01
2.310372e+03	-7.946715e-01
2.323716e+03	-7.999116e-01
2.337138e+03	-8.056130e-01
2.350637e+03	-8.211771e-01
2.364214e+03	-8.304379e-01
2.377870e+03	-8.405784e-01
2.391604e+03	-8.562641e-01
2.405418e+03	-8.573029e-01
2.419312e+03	-8.619704e-01
2.433286e+03	-8.625897e-01
2.447340e+03	-8.819509e-01
2.461476e+03	-8.854216e-01
2.475693e+03	-8.960536e-01
2.489993e+03	-8.823581e-01
2.504375e+03	-9.164649e-01
2.518840e+03	-9.256247e-01
2.533389e+03	-9.523888e-01
2.548022e+03	-9.524886e-01
2.562739e+03	-9.653081e-01
2.577541e+03	-9.774908e-01
2.592429e+03	-9.657953e-01
2.607403e+03	-9.931444e-01
2.622463e+03	-1.007643e+00
2.637610e+03	-1.015297e+00
2.652845e+03	-1.016599e+00
2.668168e+03	-1.010361e+00
2.683579e+03	-1.024217e+00
2.699079e+03	-1.058067e+00
2.714669e+03	-1.045117e+00
2.730349e+03	-1.080397e+00
2.746119e+03	-1.091489e+00
2.761981e+03	-1.100774e+00
2.777934e+03	-1.095170e+00
2.793979e+03	-1.107689e+00
2.810117e+03	-1.124109e+00
2.826348e+03	-1.156728e+00
2.842673e+03	-1.148293e+00
2.859092e+03	-1.152672e+00
2.875606e+03	-1.164526e+00
2.892215e+03	-1.208691e+00
2.908921e+03	-1.191684e+00
2.925722e+03	-1.210415e+00
2.942621e+03	-1.216573e+00
2.959618e+03	-1.239092e+00
2.976712e+03	-1.255821e+00
2.993906e+03	-1.277493e+00
3.011198e+03	-1.268533e+00
3.028591e+03	-1.285824e+00
3.046084e+03	-1.287359e+00
3.063678e+03	-1.304269e+00
3.081374e+03	-1.317354e+00
3.099172e+03	-1.329869e+00
3.117072e+03	-1.357609e+00
3.135076e+03	-1.365989e+00
3.153184e+03	-1.385198e+00
3.171397e+03	-1.391128e+00
3.189715e+03	-1.416785e+00
3.208139e+03	-1.413044e+00
3.226669e+03	-1.434289e+00
3.245306e+03	-1.454651e+00
3.264051e+03	-1.474820e+00
3.282904e+03	-1.483122e+00
3.301866e+03	-1.477894e+00
3.320937e+03	-1.506689e+00
3.340119e+03	-1.498863e+00
3.359411e+03	-1.538806e+00
3.378815e+03	-1.563682e+00
3.398331e+03	-1.582357e+00
3.417959e+03	-1.588485e+00
3.437701e+03	-1.596709e+00
3.457557e+03	-1.608949e+00
3.477528e+03	-1.613450e+00
3.497614e+03	-1.632874e+00
3.517816e+03	-1.654418e+00
3.538135e+03	-1.674858e+00
3.558571e+03	-1.689144e+00
3.579125e+03	-1.703395e+00
3.599798e+03	-1.725488e+00
3.620590e+03	-1.719164e+00
3.641503e+03	-1.745708e+00
3.662536e+03	-1.762791e+00
3.683691e+03	-1.796581e+00
3.704967e+03	-1.797388e+00
3.726367e+03	-1.815975e+00
3.747890e+03	-1.832562e+00
3.769538e+03	-1.848391e+00
3.791311e+03	-1.866291e+00
3.813209e+03	-1.894964e+00
3.835234e+03	-1.924560e+00
3.857386e+03	-1.927802e+00
3.879667e+03	-1.947014e+00
3.902075e+03	-1.941359e+00
3.924614e+03	-1.977642e+00
3.947282e+03	-2.007987e+00
3.970081e+03	-1.997934e+00
3.993012e+03	-2.037510e+00
4.016076e+03	-2.063619e+00
4.039272e+03	-2.075108e+00
4.062603e+03	-2.109333e+00
4.086069e+03	-2.098504e+00
4.109670e+03	-2.137781e+00
4.133407e+03	-2.146865e+00
4.157281e+03	-2.163581e+00
4.181294e+03	-2.203742e+00
4.205445e+03	-2.215513e+00
4.229735e+03	-2.226755e+00
4.254166e+03	-2.244799e+00
4.278738e+03	-2.259740e+00
4.303451e+03	-2.283069e+00
4.328308e+03	-2.312379e+00
4.353308e+03	-2.332141e+00
4.378453e+03	-2.334518e+00
4.403742e+03	-2.375471e+00
4.429178e+03	-2.395354e+00
4.454761e+03	-2.423858e+00
4.480492e+03	-2.455251e+00
4.506371e+03	-2.453017e+00
4.532399e+03	-2.463264e+00
4.558578e+03	-2.502615e+00
4.584908e+03	-2.520414e+00
4.611391e+03	-2.533996e+00
4.638026e+03	-2.573412e+00
4.664815e+03	-2.582243e+00
4.691759e+03	-2.616953e+00
4.718858e+03	-2.625245e+00
4.746114e+03	-2.664258e+00
4.773527e+03	-2.683127e+00
4.801099e+03	-2.702463e+00
4.828830e+03	-2.713913e+00
4.856721e+03	-2.746005e+00
4.884773e+03	-2.786739e+00
4.912988e+03	-2.794858e+00
4.941365e+03	-2.829337e+00
4.969906e+03	-2.831862e+00
4.998612e+03	-2.861890e+00
5.027484e+03	-2.896749e+00
5.056522e+03	-2.906612e+00
5.085729e+03	-2.928887e+00
5.115104e+03	-2.954610e+00
5.144648e+03	-3.000403e+00
5.174363e+03	-3.019105e+00
5.204250e+03	-3.040237e+00
5.234310e+03	-3.068204e+00
5.264543e+03	-3.095477e+00
5.294951e+03	-3.098922e+00
5.325534e+03	-3.131217e+00
5.356294e+03	-3.168521e+00
5.387232e+03	-3.205279e+00
5.418348e+03	-3.228494e+00
5.449645e+03	-3.227602e+00
5.481122e+03	-3.262919e+00
5.512780e+03	-3.295530e+00
5.544622e+03	-3.321492e+00
5.576647e+03	-3.340826e+00
5.608858e+03	-3.378989e+00
5.641254e+03	-3.406586e+00
5.673838e+03	-3.428036e+00
5.706610e+03	-3.465333e+00
5.739571e+03	-3.495350e+00
5.772723e+03	-3.518287e+00
5.806066e+03	-3.535988e+00
5.839601e+03	-3.579303e+00
5.873331e+03	-3.610669e+00
5.907255e+03	-3.626447e+00
5.941375e+03	-3.663938e+00
5.975692e+03	-3.657690e+00
6.010207e+03	-3.714793e+00
6.044922e+03	-3.728113e+00
6.079837e+03	-3.757338e+00
6.114954e+03	-3.814154e+00
6.150274e+03	-3.837266e+00
6.185797e+03	-3.854038e+00
6.221526e+03	-3.883859e+00
6.257462e+03	-3.914976e+00
6.293605e+03	-3.966586e+00
6.329956e+03	-3.979836e+00
6.366518e+03	-4.017688e+00
6.403290e+03	-4.030307e+00
6.440276e+03	-4.044937e+00
6.477474e+03	-4.104499e+00
6.514888e+03	-4.124472e+00
6.552518e+03	-4.158432e+00
6.590365e+03	-4.193169e+00
6.628430e+03	-4.220492e+00
6.666716e+03	-4.247861e+00
6.705223e+03	-4.271926e+00
6.743952e+03	-4.300857e+00
6.782905e+03	-4.336550e+00
6.822082e+03	-4.386498e+00
6.861486e+03	-4.411667e+00
6.901118e+03	-4.431237e+00
6.940979e+03	-4.475120e+00
6.981069e+03	-4.497046e+00
7.021392e+03	-4.546882e+00
7.061947e+03	-4.575471e+00
7.102737e+03	-4.607282e+00
7.143762e+03	-4.624600e+00
7.185024e+03	-4.675155e+00
7.226524e+03	-4.697392e+00
7.268264e+03	-4.723058e+00
7.310246e+03	-4.759016e+00
7.352469e+03	-4.803280e+00
7.394937e+03	-4.820257e+00
7.437650e+03	-4.855507e+00
7.480609e+03	-4.901999e+00
7.523817e+03	-4.924303e+00
7.567274e+03	-4.978888e+00
7.610982e+03	-5.009522e+00
7.654943e+03	-5.028573e+00
7.699158e+03	-5.078353e+00
7.743628e+03	-5.117117e+00
7.788355e+03	-5.146359e+00
7.833340e+03	-5.175805e+00
7.878585e+03	-5.215902e+00
7.924091e+03	-5.240039e+00
7.969861e+03	-5.256469e+00
8.015894e+03	-5.319160e+00
8.062194e+03	-5.343022e+00
8.108761e+03	-5.362851e+00
8.155596e+03	-5.414085e+00
8.202703e+03	-5.455473e+00
8.250081e+03	-5.486141e+00
8.297733e+03	-5.522686e+00
8.345661e+03	-5.547346e+00
8.393865e+03	-5.613563e+00
8.442348e+03	-5.630142e+00
8.491110e+03	-5.651339e+00
8.540155e+03	-5.714638e+00
8.589482e+03	-5.710144e+00
8.639095e+03	-5.769542e+00
8.688994e+03	-5.818950e+00
8.739181e+03	-5.850841e+00
8.789658e+03	-5.891996e+00
8.840427e+03	-5.930481e+00
8.891489e+03	-5.970721e+00
8.942846e+03	-5.978091e+00
8.994499e+03	-6.045170e+00
9.046451e+03	-6.090384e+00
9.098703e+03	-6.100828e+00
9.151257e+03	-6.152175e+00
9.204114e+03	-6.186599e+00
9.257277e+03	-6.242407e+00
9.310746e+03	-6.250904e+00
9.364525e+03	-6.295286e+00
9.418614e+03	-6.340321e+00
9.473015e+03	-6.374863e+00
9.527731e+03	-6.400742e+00
9.582763e+03	-6.443388e+00
9.638113e+03	-6.478098e+00
9.693782e+03	-6.518895e+00
9.749773e+03	-6.557247e+00
9.806087e+03	-6.591267e+00
9.862727e+03	-6.637219e+00
9.919693e+03	-6.654030e+00
9.976989e+03	-6.709814e+00
1.003462e+04	-6.747747e+00
1.009258e+04	-6.786089e+00
1.015087e+04	-6.845474e+00
1.020950e+04	-6.886813e+00
1.026847e+04	-6.892764e+00
1.032778e+04	-6.968272e+00
1.038743e+04	-6.992230e+00
1.044743e+04	-7.018375e+00
1.050777e+04	-7.070266e+00
1.056847e+04	-7.109464e+00
1.062951e+04	-7.140713e+00
1.069091e+04	-7.193807e+00
1.075266e+04	-7.228361e+00
1.081476e+04	-7.286360e+00
1.087723e+04	-7.318205e+00
1.094006e+04	-7.354982e+00
1.100324e+04	-7.385395e+00
1.106680e+04	-7.427018e+00
1.113072e+04	-7.470020e+00
1.119501e+04	-7.517421e+00
1.125967e+04	-7.562067e+00
1.132471e+04	-7.594687e+00
1.139012e+04	-7.643413e+00
1.145591e+04	-7.679328e+00
1.152208e+04	-7.708872e+00
1.158863e+04	-7.775959e+00
1.165556e+04	-7.808095e+00
1.172289e+04	-7.840731e+00
1.179060e+04	-7.884165e+00
1.185870e+04	-7.927491e+00
1.192719e+04	-7.979292e+00
1.199608e+04	-8.004959e+00
1.206537e+04	-8.043492e+00
1.213506e+04	-8.102522e+00
1.220515e+04	-8.121382e+00
1.227565e+04	-8.181311e+00
1.234655e+04	-8.208376e+00
1.241787e+04	-8.256848e+00
1.248959e+04	-8.286609e+00
1.256173e+04	-8.344787e+00
1.263429e+04	-8.386677e+00
1.270726e+04	-8.431193e+00
1.278066e+04	-8.452899e+00
1.285448e+04	-8.506931e+00
1.292873e+04	-8.540225e+00
1.300340e+04	-8.595758e+00
1.307851e+04	-8.632947e+00
1.315405e+04	-8.660955e+00
1.323003e+04	-8.715065e+00
1.330644e+04	-8.752683e+00
1.338330e+04	-8.809183e+00
1.346060e+04	-8.851208e+00
1.353835e+04	-8.894767e+00
1.361655e+04	-8.936463e+00
1.369520e+04	-8.993227e+00
1.377430e+04	-9.033376e+00
1.385386e+04	-9.072277e+00
1.393388e+04	-9.092725e+00
1.401436e+04	-9.144351e+00
1.409531e+04	-9.199981e+00
1.417672e+04	-9.226586e+00
1.425861e+04	-9.282491e+00
1.434096e+04	-9.320315e+00
1.442379e+04	-9.365964e+00
1.450711e+04	-9.418111e+00
1.459090e+04	-9.440908e+00
1.467518e+04	-9.500095e+00
1.475994e+04	-9.531529e+00
1.484519e+04	-9.584743e+00
1.493094e+04	-9.624881e+00
1.501718e+04	-9.657345e+00
1.510392e+04	-9.695408e+00
1.519116e+04	-9.752440e+00
1.527890e+04	-9.807595e+00
1.536715e+04	-9.838910e+00
1.545591e+04	-9.852758e+00
1.554518e+04	-9.929706e+00
1.563497e+04	-9.977104e+00
1.572528e+04	-1.001639e+01
1.581611e+04	-1.005698e+01
1.590746e+04	-1.012746e+01
1.599934e+04	-1.014803e+01
1.609175e+04	-1.018946e+01
1.618470e+04	-1.023298e+01
1.627818e+04	-1.026211e+01
1.637220e+04	-1.033020e+01
1.646677e+04	-1.037741e+01
1.656188e+04	-1.041912e+01
1.665754e+04	-1.046176e+01
1.675375e+04	-1.049079e+01
1.685052e+04	-1.055585e+01
1.694785e+04	-1.059340e+01
1.704574e+04	-1.062798e+01
1.714419e+04	-1.068738e+01
1.724322e+04	-1.072880e+01
1.734281e+04	-1.076675e+01
1.744299e+04	-1.081238e+01
1.754374e+04	-1.085628e+01
1.764507e+04	-1.092318e+01
1.774698e+04	-1.094343e+01
1.784949e+04	-1.097265e+01
1.795259e+04	-1.102353e+01
1.805628e+04	-1.107646e+01
1.816057e+04	-1.113507e+01
1.826547e+04	-1.115009e+01
1.837097e+04	-1.121540e+01
1.847708e+04	-1.126303e+01
1.858380e+04	-1.131407e+01
1.869114e+04	-1.133954e+01
1.879910e+04	-1.139729e+01
1.890768e+04	-1.144618e+01
1.901689e+04	-1.146068e+01
1.912673e+04	-1.152174e+01
1.923721e+04	-1.157212e+01
1.934832e+04	-1.164650e+01
1.946008e+04	-1.166522e+01
1.957248e+04	-1.168999e+01
1.968553e+04	-1.174643e+01
1.979923e+04	-1.180812e+01
1.991359e+04	-1.183525e+01
2.002861e+04	-1.189159e+01
2.014430e+04	-1.192197e+01
2.026065e+04	-1.197720e+01
2.037767e+04	-1.201625e+01
2.049537e+04	-1.204905e+01
2.061375e+04	-1.210383e+01
2.073282e+04	-1.216284e+01
2.085257e+04	-1.220673e+01
2.097301e+04	-1.224464e+01
2.109415e+04	-1.229051e+01
2.121599e+04	-1.232265e+01
2.133853e+04	-1.239330e+01
2.146178e+04	-1.242390e+01
2.158575e+04	-1.247206e+01
2.171043e+04	-1.249910e+01
2.183582e+04	-1.256922e+01
2.196195e+04	-1.259320e+01
2.208880e+04	-1.265057e+01
2.221638e+04	-1.268095e+01
2.234470e+04	-1.271956e+01
2.247377e+04	-1.277925e+01
2.260357e+04	-1.282971e+01
2.273413e+04	-1.285402e+01
2.286544e+04	-1.291359e+01
2.299751e+04	-1.296331e+01
2.313034e+04	-1.299999e+01
2.326394e+04	-1.305755e+01
2.339832e+04	-1.309332e+01
2.353346e+04	-1.312631e+01
2.366939e+04	-1.317960e+01
2.380610e+04	-1.322542e+01
2.394361e+04	-1.325138e+01
2.408191e+04	-1.330765e+01
2.422100e+04	-1.336322e+01
2.436090e+04	-1.341215e+01
2.450161e+04	-1.347165e+01
2.464313e+04	-1.348500e+01
2.478547e+04	-1.354118e+01
2.492863e+04	-1.358204e+01
2.507261e+04	-1.362141e+01
2.521743e+04	-1.367147e+01
2.536309e+04	-1.370743e+01
2.550958e+04	-1.373935e+01
2.565692e+04	-1.380130e+01
2.580512e+04	-1.386317e+01
2.595417e+04	-1.389852e+01
2.610408e+04	-1.391944e+01
2.625485e+04	-1.397586e+01
2.640650e+04	-1.403783e+01
2.655902e+04	-1.406198e+01
2.671243e+04	-1.411022e+01
2.686672e+04	-1.416270e+01
2.702190e+04	-1.418731e+01
2.717798e+04	-1.422798e+01
2.733495e+04	-1.429602e+01
2.749284e+04	-1.434211e+01
2.765164e+04	-1.437555e+01
2.781135e+04	-1.442432e+01
2.797199e+04	-1.446253e+01
2.813355e+04	-1.450400e+01
2.829605e+04	-1.454528e+01
2.845949e+04	-1.459991e+01
2.862387e+04	-1.464944e+01
2.878920e+04	-1.468437e+01
2.895549e+04	-1.471952e+01
2.912273e+04	-1.478225e+01
2.929094e+04	-1.480976e+01
2.946013e+04	-1.485642e+01
2.963029e+04	-1.490351e+01
2.980143e+04	-1.494816e+01
2.997356e+04	-1.498502e+01
3.014669e+04	-1.503568e+01
3.032081e+04	-1.507137e+01
3.049595e+04	-1.513457e+01
3.067209e+04	-1.516608e+01
3.084925e+04	-1.522473e+01
3.102743e+04	-1.524748e+01
3.120665e+04	-1.530452e+01
3.138690e+04	-1.534485e+01
3.156819e+04	-1.538182e+01
3.175052e+04	-1.543255e+01
3.193391e+04	-1.547528e+01
3.211836e+04	-1.552029e+01
3.230388e+04	-1.555973e+01
3.249046e+04	-1.559839e+01
3.267812e+04	-1.563741e+01
3.286687e+04	-1.568655e+01
3.305671e+04	-1.573583e+01
3.324764e+04	-1.577852e+01
3.343968e+04	-1.580221e+01
3.363283e+04	-1.587660e+01
3.382709e+04	-1.588085e+01
3.402247e+04	-1.594172e+01
3.421899e+04	-1.598587e+01
3.441663e+04	-1.602712e+01
3.461542e+04	-1.606224e+01
3.481536e+04	-1.610271e+01
3.501645e+04	-1.614008e+01
3.521871e+04	-1.620252e+01
3.542213e+04	-1.621807e+01
3.562672e+04	-1.628891e+01
3.583250e+04	-1.629338e+01
3.603947e+04	-1.636883e+01
3.624763e+04	-1.639699e+01
3.645700e+04	-1.645138e+01
3.666757e+04	-1.647818e+01
3.687936e+04	-1.653615e+01
3.709238e+04	-1.656949e+01
3.730662e+04	-1.659606e+01
3.752210e+04	-1.665086e+01
3.773883e+04	-1.667250e+01
3.795680e+04	-1.674300e+01
3.817604e+04	-1.676599e+01
3.839654e+04	-1.682247e+01
3.861832e+04	-1.686328e+01
3.884138e+04	-1.689213e+01
3.906573e+04	-1.693829e+01
3.929137e+04	-1.699562e+01
3.951831e+04	-1.703226e+01
3.974657e+04	-1.705247e+01
3.997614e+04	-1.710720e+01
4.020704e+04	-1.715720e+01
4.043928e+04	-1.718040e+01
4.067285e+04	-1.723251e+01
4.090778e+04	-1.725108e+01
4.114406e+04	-1.729928e+01
4.138171e+04	-1.733817e+01
4.162073e+04	-1.737704e+01
4.186113e+04	-1.743199e+01
4.210291e+04	-1.746490e+01
4.234610e+04	-1.748805e+01
4.259069e+04	-1.753549e+01
4.283669e+04	-1.758682e+01
4.308411e+04	-1.759654e+01
4.333297e+04	-1.765874e+01
4.358325e+04	-1.770314e+01
4.383499e+04	-1.774329e+01
4.408818e+04	-1.775030e+01
4.434283e+04	-1.781610e+01
4.459895e+04	-1.785420e+01
4.485655e+04	-1.788342e+01
4.511564e+04	-1.792100e+01
4.537623e+04	-1.794717e+01
4.563832e+04	-1.800974e+01
4.590193e+04	-1.804197e+01
4.616705e+04	-1.808541e+01
4.643371e+04	-1.810316e+01
4.670191e+04	-1.815524e+01
4.697166e+04	-1.816608e+01
4.724297e+04	-1.822920e+01
4.751584e+04	-1.826078e+01
4.779029e+04	-1.829317e+01
4.806633e+04	-1.833031e+01
4.834395e+04	-1.836510e+01
4.862319e+04	-1.841452e+01
4.890403e+04	-1.842861e+01
4.918650e+04	-1.847162e+01
4.947060e+04	-1.850073e+01
4.975634e+04	-1.853687e+01
5.004373e+04	-1.857499e+01
5.033278e+04	-1.860837e+01
5.062350e+04	-1.863745e+01
5.091590e+04	-1.867249e+01
5.120999e+04	-1.872524e+01
5.150578e+04	-1.876372e+01
5.180327e+04	-1.879038e+01
5.210248e+04	-1.882779e+01
5.240343e+04	-1.884998e+01
5.270611e+04	-1.889183e+01
5.301053e+04	-1.892686e+01
5.331672e+04	-1.894668e+01
5.362468e+04	-1.899199e+01
5.393441e+04	-1.902111e+01
5.424593e+04	-1.906262e+01
5.455926e+04	-1.910017e+01
5.487439e+04	-1.912383e+01
5.519134e+04	-1.915556e+01
5.551012e+04	-1.917449e+01
5.583075e+04	-1.922091e+01
5.615322e+04	-1.923705e+01
5.647756e+04	-1.927313e+01
5.680377e+04	-1.931970e+01
5.713187e+04	-1.933791e+01
5.746186e+04	-1.935440e+01
5.779376e+04	-1.938001e+01
5.812757e+04	-1.942679e+01
5.846332e+04	-1.943901e+01
5.880100e+04	-1.949485e+01
5.914063e+04	-1.952108e+01
5.948222e+04	-1.956215e+01
5.982579e+04	-1.957100e+01
6.017134e+04	-1.961236e+01
6.051889e+04	-1.962733e+01
6.086844e+04	-1.964919e+01
6.122002e+04	-1.967861e+01
6.157362e+04	-1.971348e+01
6.192927e+04	-1.973616e+01
6.228697e+04	-1.975435e+01
6.264674e+04	-1.980615e+01
6.300858e+04	-1.980804e+01
6.337252e+04	-1.983793e+01
6.373855e+04	-1.985815e+01
6.410670e+04	-1.991393e+01
6.447698e+04	-1.992473e+01
6.484940e+04	-1.994990e+01
6.522397e+04	-1.995490e+01
6.560070e+04	-1.999724e+01
6.597960e+04	-2.002587e+01
6.636070e+04	-2.004487e+01
6.674400e+04	-2.005389e+01
6.712951e+04	-2.007516e+01
6.751724e+04	-2.011250e+01
6.790722e+04	-2.012582e+01
6.829945e+04	-2.014826e+01
6.869395e+04	-2.019197e+01
6.909072e+04	-2.019458e+01
6.948978e+04	-2.020667e+01
6.989115e+04	-2.022419e+01
7.029484e+04	-2.024981e+01
7.070086e+04	-2.027291e+01
7.110923e+04	-2.029624e+01
7.151995e+04	-2.031240e+01
7.193305e+04	-2.031392e+01
7.234853e+04	-2.034918e+01
7.276641e+04	-2.034335e+01
7.318671e+04	-2.037197e+01
7.360943e+04	-2.040203e+01
7.403460e+04	-2.041010e+01
7.446222e+04	-2.039686e+01
7.489231e+04	-2.044008e+01
7.532488e+04	-2.045145e+01
7.575996e+04	-2.045991e+01
7.619754e+04	-2.047229e+01
7.663766e+04	-2.047885e+01
7.708031e+04	-2.051238e+01
7.752553e+04	-2.051968e+01
7.797331e+04	-2.053438e+01
7.842368e+04	-2.054628e+01
7.887665e+04	-2.055301e+01
7.933224e+04	-2.055894e+01
7.979046e+04	-2.058286e+01
8.025133e+04	-2.056431e+01
8.071486e+04	-2.059236e+01
8.118106e+04	-2.059830e+01
8.164996e+04	-2.061753e+01
8.212157e+04	-2.060480e+01
8.259590e+04	-2.061071e+01
8.307297e+04	-2.062743e+01
8.355279e+04	-2.064364e+01
8.403539e+04	-2.062520e+01
8.452078e+04	-2.062770e+01
8.500897e+04	-2.063517e+01
8.549997e+04	-2.062448e+01
8.599382e+04	-2.064936e+01
8.649052e+04	-2.063309e+01
8.699008e+04	-2.062940e+01
8.749253e+04	-2.063075e+01
8.799789e+04	-2.062697e+01
8.850616e+04	-2.062934e+01
8.901737e+04	-2.063252e+01
8.953153e+04	-2.063616e+01
9.004866e+04	-2.062367e+01
9.056877e+04	-2.061932e+01
9.109190e+04	-2.061747e+01
9.161804e+04	-2.060172e+01
9.214722e+04	-2.061528e+01
9.267946e+04	-2.058185e+01
9.321477e+04	-2.058535e+01
9.375318e+04	-2.056844e+01
9.429469e+04	-2.053980e+01
9.483933e+04	-2.055626e+01
9.538712e+04	-2.053475e+01
9.593807e+04	-2.053554e+01
9.649221e+04	-2.048779e+01
9.704954e+04	-2.050044e+01
9.761010e+04	-2.046474e+01
9.817389e+04	-2.044396e+01
9.874094e+04	-2.042866e+01
9.931126e+04	-2.040539e+01
9.988488e+04	-2.038327e+01
1.004618e+05	-2.037022e+01
1.010421e+05	-2.034339e+01
1.016257e+05	-2.033263e+01
1.022127e+05	-2.028637e+01
1.028031e+05	-2.028786e+01
1.033968e+05	-2.022334e+01
1.039941e+05	-2.021110e+01
1.045947e+05	-2.017574e+01
1.051989e+05	-2.014363e+01
1.058065e+05	-2.011826e+01
1.064176e+05	-2.009047e+01
1.070323e+05	-2.004084e+01
1.076505e+05	-1.999259e+01
1.082723e+05	-1.994722e+01
1.088977e+05	-1.992768e+01
1.095266e+05	-1.987667e+01
1.101593e+05	-1.982094e+01
1.107955e+05	-1.977511e+01
1.114355e+05	-1.972605e+01
1.120791e+05	-1.967514e+01
1.127265e+05	-1.962272e+01
1.133776e+05	-1.959372e+01
1.140325e+05	-1.953041e+01
1.146911e+05	-1.946436e+01
1.153536e+05	-1.940621e+01
1.160198e+05	-1.936684e+01
1.166900e+05	-1.928796e+01
1.173640e+05	-1.922517e+01
1.180419e+05	-1.914797e+01
1.187237e+05	-1.907402e+01
1.194094e+05	-1.903050e+01
1.200991e+05	-1.891899e+01
1.207928e+05	-1.886243e+01
1.214905e+05	-1.879343e+01
1.221922e+05	-1.871926e+01
1.228980e+05	-1.862628e+01
1.236078e+05	-1.851794e+01
1.243218e+05	-1.842306e+01
1.250399e+05	-1.833643e+01
1.257621e+05	-1.824311e+01
1.264885e+05	-1.815737e+01
1.272191e+05	-1.803419e+01
1.279539e+05	-1.793350e+01
1.286930e+05	-1.783112e+01
1.294363e+05	-1.772066e+01
1.301839e+05	-1.759811e+01
1.309358e+05	-1.746939e+01
1.316921e+05	-1.735253e+01
1.324528e+05	-1.721977e+01
1.332178e+05	-1.708476e+01
1.339873e+05	-1.692978e+01
1.347612e+05	-1.678788e+01
1.355395e+05	-1.665362e+01
1.363224e+05	-1.649550e+01
1.371098e+05	-1.633659e+01
1.379018e+05	-1.618008e+01
1.386983e+05	-1.598233e+01
1.394994e+05	-1.583651e+01
1.403051e+05	-1.565256e+01
1.411155e+05	-1.544240e+01
1.419306e+05	-1.523878e+01
1.427504e+05	-1.505658e+01
1.435749e+05	-1.483032e+01
1.444042e+05	-1.459975e+01
1.452383e+05	-1.438082e+01
1.460772e+05	-1.412636e+01
1.469209e+05	-1.385906e+01
1.477695e+05	-1.360973e+01
1.486230e+05	-1.335939e+01
1.494814e+05	-1.306915e+01
1.503448e+05	-1.276541e+01
1.512132e+05	-1.244721e+01
1.520866e+05	-1.210779e+01
1.529651e+05	-1.176856e+01
1.538486e+05	-1.140726e+01
1.547372e+05	-1.103091e+01
1.556310e+05	-1.061741e+01
1.565299e+05	-1.020359e+01
1.574340e+05	-9.769767e+00
1.583433e+05	-9.292055e+00
1.592579e+05	-8.765076e+00
1.601778e+05	-8.216545e+00
1.611030e+05	-7.672981e+00
1.620335e+05	-7.042452e+00
1.629694e+05	-6.400700e+00
1.639107e+05	-5.713515e+00
1.648574e+05	-4.976026e+00
1.658097e+05	-4.190966e+00
1.667674e+05	-3.392070e+00
1.677306e+05	-2.574776e+00
1.686994e+05	-1.758719e+00
1.696738e+05	-1.043984e+00
1.706538e+05	-4.471698e-01
1.716395e+05	-1.218356e-01
1.726309e+05	-1.031148e-01
1.736280e+05	-4.056270e-01
1.746309e+05	-9.708651e-01
1.756395e+05	-1.742167e+00
1.766540e+05	-2.554823e+00
1.776744e+05	-3.439569e+00
1.787006e+05	-4.292234e+00
1.797328e+05	-5.158616e+00
1.807709e+05	-5.947096e+00
1.818150e+05	-6.678675e+00
1.828652e+05	-7.410669e+00
1.839214e+05	-8.083662e+00
1.849837e+05	-8.725907e+00
1.860522e+05	-9.310652e+00
1.871268e+05	-9.885301e+00
1.882077e+05	-1.043511e+01
1.892948e+05	-1.090189e+01
1.903881e+05	-1.141585e+01
1.914878e+05	-1.185102e+01
1.925938e+05	-1.231681e+01
1.937062e+05	-1.271000e+01
1.948251e+05	-1.312001e+01
1.959504e+05	-1.348507e+01
1.970822e+05	-1.384764e+01
1.982205e+05	-1.419249e+01
1.993654e+05	-1.453146e+01
2.005169e+05	-1.484464e+01
2.016751e+05	-1.518721e+01
2.028400e+05	-1.545379e+01
2.040116e+05	-1.575280e+01
2.051899e+05	-1.600669e+01
2.063751e+05	-1.625628e+01
2.075671e+05	-1.652461e+01
2.087660e+05	-1.677304e+01
2.099719e+05	-1.699446e+01
2.111846e+05	-1.722368e+01
2.124044e+05	-1.742636e+01
2.136313e+05	-1.764811e+01
2.148652e+05	-1.784776e+01
2.161063e+05	-1.804176e+01
2.173545e+05	-1.821876e+01
2.186099e+05	-1.839375e+01
2.198726e+05	-1.856370e+01
2.211426e+05	-1.874293e+01
2.224199e+05	-1.889511e+01
2.237046e+05	-1.904857e+01
2.249967e+05	-1.920278e+01
2.262962e+05	-1.933168e+01
2.276033e+05	-1.945789e+01
2.289179e+05	-1.958703e+01
2.302402e+05	-1.970499e+01
2.315700e+05	-1.981618e+01
2.329076e+05	-1.993187e+01
2.342528e+05	-2.001685e+01
2.356059e+05	-2.011874e+01
2.369667e+05	-2.021290e+01
2.383354e+05	-2.029030e+01
2.397120e+05	-2.035272e+01
2.410966e+05	-2.043040e+01
2.424892e+05	-2.050421e+01
2.438898e+05	-2.057955e+01
2.452985e+05	-2.061015e+01
2.467153e+05	-2.066277e+01
2.481403e+05	-2.071219e+01
2.495736e+05	-2.074514e+01
2.510151e+05	-2.077148e+01
2.524650e+05	-2.078928e+01
2.539232e+05	-2.081817e+01
2.553898e+05	-2.082246e+01
2.568650e+05	-2.082111e+01
2.583486e+05	-2.081145e+01
2.598408e+05	-2.078901e+01
2.613416e+05	-2.078253e+01
2.628511e+05	-2.076937e+01
2.643694e+05	-2.072723e+01
2.658963e+05	-2.070787e+01
2.674321e+05	-2.064499e+01
2.689768e+05	-2.058495e+01
2.705304e+05	-2.053594e+01
2.720930e+05	-2.045637e+01
2.736646e+05	-2.036572e+01
2.752453e+05	-2.026329e+01
2.768351e+05	-2.016289e+01
2.784341e+05	-2.007244e+01
2.800423e+05	-1.995289e+01
2.816598e+05	-1.980756e+01
2.832867e+05	-1.966725e+01
2.849229e+05	-1.952062e+01
2.865686e+05	-1.936033e+01
2.882238e+05	-1.915891e+01
2.898886e+05	-1.897201e+01
2.915630e+05	-1.874962e+01
2.932470e+05	-1.853661e+01
2.949408e+05	-1.829622e+01
2.966444e+05	-1.803760e+01
2.983578e+05	-1.776808e+01
3.000811e+05	-1.743570e+01
3.018143e+05	-1.713823e+01
3.035576e+05	-1.678359e+01
3.053109e+05	-1.640459e+01
3.070744e+05	-1.601312e+01
3.088481e+05	-1.555811e+01
3.106320e+05	-1.508762e+01
3.124261e+05	-1.456786e+01
3.142307e+05	-1.398113e+01
3.160457e+05	-1.337274e+01
3.178712e+05	-1.268595e+01
3.197072e+05	-1.195161e+01
3.215538e+05	-1.111706e+01
3.234111e+05	-1.017992e+01
3.252791e+05	-9.135046e+00
3.271579e+05	-7.945472e+00
3.290475e+05	-6.568536e+00
3.309481e+05	-4.998655e+00
3.328596e+05	-3.255629e+00
3.347822e+05	-1.454282e+00
3.367159e+05	-1.424186e-01
3.386608e+05	-9.906115e-02
3.406169e+05	-1.394830e+00
3.425842e+05	-3.237661e+00
3.445630e+05	-5.077507e+00
3.465532e+05	-6.707888e+00
3.485549e+05	-8.180832e+00
3.505681e+05	-9.467046e+00
3.525930e+05	-1.058129e+01
3.546295e+05	-1.160572e+01
3.566778e+05	-1.250330e+01
3.587380e+05	-1.332908e+01
3.608101e+05	-1.407090e+01
3.628941e+05	-1.473453e+01
3.649901e+05	-1.535201e+01
3.670983e+05	-1.593065e+01
3.692187e+05	-1.646053e+01
3.713513e+05	-1.694810e+01
3.734962e+05	-1.741497e+01
3.756535e+05	-1.783428e+01
3.778232e+05	-1.821130e+01
3.800055e+05	-1.858396e+01
3.822004e+05	-1.889178e+01
3.844080e+05	-1.922279e+01
3.866283e+05	-1.949817e+01
3.888615e+05	-1.976356e+01
3.911075e+05	-2.002057e+01
3.933665e+05	-2.021942e+01
3.956386e+05	-2.042901e+01
3.979238e+05	-2.059802e+01
4.002222e+05	-2.075725e+01
4.025338e+05	-2.088164e+01
4.048589e+05	-2.099877e+01
4.071973e+05	-2.108606e+01
4.095493e+05	-2.118010e+01
4.119148e+05	-2.123950e+01
4.142940e+05	-2.127675e+01
4.166870e+05	-2.130640e+01
4.190937e+05	-2.130390e+01
4.215144e+05	-2.127431e+01
4.239490e+05	-2.123488e+01
4.263978e+05	-2.117392e+01
4.288606e+05	-2.108018e+01
4.313377e+05	-2.097526e+01
4.338291e+05	-2.083640e+01
4.363349e+05	-2.068656e+01
4.388551e+05	-2.048755e+01
4.413899e+05	-2.027356e+01
4.439394e+05	-2.001615e+01
4.465035e+05	-1.970760e+01
4.490825e+05	-1.940149e+01
4.516764e+05	-1.904463e+01
4.542853e+05	-1.863888e+01
4.569092e+05	-1.817540e+01
4.595483e+05	-1.762630e+01
4.622026e+05	-1.706665e+01
4.648723e+05	-1.640107e+01
4.675574e+05	-1.564827e+01
4.702580e+05	-1.481259e+01
4.729742e+05	-1.381790e+01
4.757060e+05	-1.267877e+01
4.784537e+05	-1.132629e+01
4.812172e+05	-9.715056e+00
4.839967e+05	-7.699108e+00
4.867923e+05	-5.228775e+00
4.896040e+05	-2.256344e+00
4.924319e+05	3.273253e-03
4.952762e+05	-1.276847e+00
4.981369e+05	-4.346345e+00
5.010141e+05	-7.088946e+00
5.039079e+05	-9.349157e+00
5.068185e+05	-1.113579e+01
5.097458e+05	-1.265939e+01
5.126901e+05	-1.395222e+01
5.156514e+05	-1.505401e+01
5.186298e+05	-1.598180e+01
5.216253e+05	-1.684177e+01
5.246382e+05	-1.757463e+01
5.276685e+05	-1.826108e+01
5.307163e+05	-1.882111e+01
5.337817e+05	-1.933247e+01
5.368648e+05	-1.977985e+01
5.399657e+05	-2.018930e+01
5.430845e+05	-2.051903e+01
5.462214e+05	-2.079476e+01
5.493763e+05	-2.104693e+01
5.525495e+05	-2.124566e+01
5.557410e+05	-2.139137e+01
5.589509e+05	-2.152419e+01
5.621794e+05	-2.157047e+01
5.654265e+05	-2.157440e+01
5.686924e+05	-2.153743e+01
5.719772e+05	-2.145697e+01
5.752809e+05	-2.131485e+01
5.786037e+05	-2.110314e+01
5.819457e+05	-2.085795e+01
5.853070e+05	-2.054189e+01
5.886877e+05	-2.015962e+01
5.920879e+05	-1.969051e+01
5.955078e+05	-1.915269e+01
5.989474e+05	-1.848232e+01
6.024069e+05	-1.768973e+01
6.058864e+05	-1.673789e+01
6.093860e+05	-1.563089e+01
6.129058e+05	-1.423874e+01
6.164459e+05	-1.250859e+01
6.200064e+05	-1.029088e+01
6.235876e+05	-7.281716e+00
6.271894e+05	-3.164040e+00
6.308120e+05	-1.245164e-01
6.344555e+05	-3.766948e+00
6.381201e+05	-7.880490e+00
6.418059e+05	-1.090174e+01
6.455129e+05	-1.316323e+01
6.492414e+05	-1.495533e+01
6.529914e+05	-1.641493e+01
6.567630e+05	-1.760984e+01
6.605565e+05	-1.862025e+01
6.643718e+05	-1.945870e+01
6.682092e+05	-2.015964e+01
6.720688e+05	-2.074948e+01
6.759506e+05	-2.122812e+01
6.798549e+05	-2.160910e+01
6.837817e+05	-2.187730e+01
6.877312e+05	-2.209092e+01
6.917035e+05	-2.218094e+01
6.956987e+05	-2.221337e+01
6.997171e+05	-2.211818e+01
7.037586e+05	-2.192256e+01
7.078235e+05	-2.162692e+01
7.119118e+05	-2.121867e+01
7.160238e+05	-2.067411e+01
7.201595e+05	-1.998555e+01
7.243191e+05	-1.905121e+01
7.285028e+05	-1.790600e+01
7.327106e+05	-1.642738e+01
7.369427e+05	-1.445880e+01
7.411992e+05	-1.177514e+01
7.454804e+05	-7.685801e+00
7.497862e+05	-1.370322e+00
7.541170e+05	-3.070537e+00
7.584727e+05	-9.094907e+00
7.628536e+05	-1.291128e+01
7.672598e+05	-1.557342e+01
7.716915e+05	-1.753332e+01
7.761488e+05	-1.907657e+01
7.806318e+05	-2.025718e+01
7.851407e+05	-2.121674e+01
7.896756e+05	-2.193883e+01
7.942367e+05	-2.247825e+01
7.988242e+05	-2.285409e+01
8.034382e+05	-2.307638e+01
8.080788e+05	-2.308269e+01
8.127463e+05	-2.295771e+01
8.174406e+05	-2.263360e+01
8.221621e+05	-2.208987e+01
8.269109e+05	-2.131891e+01
8.316871e+05	-2.021270e+01
8.364909e+05	-1.870999e+01
8.413225e+05	-1.657232e+01
8.461819e+05	-1.339420e+01
8.510694e+05	-8.004329e+00
8.559852e+05	4.911808e-04
8.609293e+05	-8.590677e+00
8.659020e+05	-1.402503e+01
8.709034e+05	-1.730359e+01
8.759337e+05	-1.957679e+01
8.809931e+05	-2.118548e+01
8.860816e+05	-2.236720e+01
8.911996e+05	-2.316116e+01
8.963471e+05	-2.366395e+01
9.015244e+05	-2.385723e+01
9.067316e+05	-2.376228e+01
9.119688e+05	-2.331598e+01
9.172363e+05	-2.250995e+01
9.225342e+05	-2.120393e+01
9.278628e+05	-1.915228e+01
9.332221e+05	-1.590583e+01
9.386123e+05	-9.789977e+00
9.440337e+05	-1.161302e+00
9.494864e+05	-1.256808e+01
9.549706e+05	-1.773542e+01
9.604865e+05	-2.076455e+01
9.660342e+05	-2.275158e+01
9.716140e+05	-2.403744e+01
9.772260e+05	-2.474045e+01
9.828704e+05	-2.493892e+01
9.885474e+05	-2.462063e+01
9.942572e+05	-2.367688e+01
1.000000e+06	-2.190428e+01
