Frequency(Hz)	Magnitude(dB)
1.000000e+01	-1.720277e-05
1.005776e+01	-1.740207e-05
1.011585e+01	-1.760368e-05
1.017428e+01	-1.780762e-05
1.023305e+01	-1.801393e-05
1.029215e+01	-1.822262e-05
1.035160e+01	-1.843374e-05
1.041139e+01	-1.864729e-05
1.047153e+01	-1.886333e-05
1.053201e+01	-1.908186e-05
1.059284e+01	-1.930293e-05
1.065403e+01	-1.952656e-05
1.071556e+01	-1.975278e-05
1.077746e+01	-1.998162e-05
1.083971e+01	-2.021312e-05
1.090232e+01	-2.044729e-05
1.096529e+01	-2.068418e-05
1.102862e+01	-2.092381e-05
1.109232e+01	-2.116622e-05
1.115639e+01	-2.141143e-05
1.122083e+01	-2.165949e-05
1.128564e+01	-2.191042e-05
1.135083e+01	-2.216426e-05
1.141639e+01	-2.242104e-05
1.148233e+01	-2.268079e-05
1.154865e+01	-2.294355e-05
1.161536e+01	-2.320936e-05
1.168245e+01	-2.347824e-05
1.174992e+01	-2.375025e-05
1.181779e+01	-2.402540e-05
1.188605e+01	-2.430374e-05
1.195470e+01	-2.458530e-05
1.202375e+01	-2.487013e-05
1.209320e+01	-2.515826e-05
1.216305e+01	-2.544972e-05
1.223330e+01	-2.574456e-05
1.230396e+01	-2.604282e-05
1.237503e+01	-2.634453e-05
1.244651e+01	-2.664974e-05
1.251840e+01	-2.695848e-05
1.259070e+01	-2.727080e-05
1.266343e+01	-2.758674e-05
1.273657e+01	-2.790634e-05
1.281014e+01	-2.822964e-05
1.288413e+01	-2.855669e-05
1.295855e+01	-2.888753e-05
1.303339e+01	-2.922220e-05
1.310867e+01	-2.956074e-05
1.318439e+01	-2.990321e-05
1.326054e+01	-3.024965e-05
1.333713e+01	-3.060010e-05
1.341417e+01	-3.095461e-05
1.349165e+01	-3.131322e-05
1.356958e+01	-3.167599e-05
1.364795e+01	-3.204297e-05
1.372678e+01	-3.241419e-05
1.380607e+01	-3.278972e-05
1.388581e+01	-3.316960e-05
1.396602e+01	-3.355387e-05
1.404668e+01	-3.394260e-05
1.412782e+01	-3.433584e-05
1.420942e+01	-3.473362e-05
1.429149e+01	-3.513602e-05
1.437404e+01	-3.554308e-05
1.445706e+01	-3.595485e-05
1.454057e+01	-3.637140e-05
1.462455e+01	-3.679277e-05
1.470902e+01	-3.721902e-05
1.479398e+01	-3.765022e-05
1.487943e+01	-3.808640e-05
1.496537e+01	-3.852764e-05
1.505181e+01	-3.897399e-05
1.513875e+01	-3.942552e-05
1.522619e+01	-3.988227e-05
1.531414e+01	-4.034431e-05
1.540259e+01	-4.081171e-05
1.549156e+01	-4.128452e-05
1.558103e+01	-4.176282e-05
1.567103e+01	-4.224665e-05
1.576155e+01	-4.273608e-05
1.585258e+01	-4.323119e-05
1.594415e+01	-4.373203e-05
1.603624e+01	-4.423868e-05
1.612886e+01	-4.475119e-05
1.622202e+01	-4.526965e-05
1.631572e+01	-4.579410e-05
1.640996e+01	-4.632464e-05
1.650474e+01	-4.686132e-05
1.660008e+01	-4.740422e-05
1.669596e+01	-4.795341e-05
1.679239e+01	-4.850896e-05
1.688938e+01	-4.907094e-05
1.698694e+01	-4.963944e-05
1.708505e+01	-5.021453e-05
1.718373e+01	-5.079627e-05
1.728299e+01	-5.138476e-05
1.738281e+01	-5.198006e-05
1.748322e+01	-5.258226e-05
1.758420e+01	-5.319144e-05
1.768576e+01	-5.380767e-05
1.778792e+01	-5.443104e-05
1.789066e+01	-5.506164e-05
1.799399e+01	-5.569954e-05
1.809793e+01	-5.634483e-05
1.820246e+01	-5.699760e-05
1.830760e+01	-5.765792e-05
1.841334e+01	-5.832590e-05
1.851969e+01	-5.900162e-05
1.862666e+01	-5.968517e-05
1.873425e+01	-6.037663e-05
1.884246e+01	-6.107611e-05
1.895129e+01	-6.178368e-05
1.906075e+01	-6.249946e-05
1.917085e+01	-6.322353e-05
1.928158e+01	-6.395599e-05
1.939295e+01	-6.469693e-05
1.950496e+01	-6.544645e-05
1.961762e+01	-6.620466e-05
1.973093e+01	-6.697166e-05
1.984490e+01	-6.774754e-05
1.995952e+01	-6.853240e-05
2.007480e+01	-6.932637e-05
2.019076e+01	-7.012952e-05
2.030738e+01	-7.094199e-05
2.042467e+01	-7.176386e-05
2.054264e+01	-7.259526e-05
2.066130e+01	-7.343629e-05
2.078064e+01	-7.428706e-05
2.090066e+01	-7.514769e-05
2.102139e+01	-7.601829e-05
2.114280e+01	-7.689898e-05
2.126492e+01	-7.778987e-05
2.138775e+01	-7.869107e-05
2.151128e+01	-7.960272e-05
2.163553e+01	-8.052494e-05
2.176050e+01	-8.145783e-05
2.188619e+01	-8.240153e-05
2.201260e+01	-8.335617e-05
2.213974e+01	-8.432186e-05
2.226762e+01	-8.529875e-05
2.239624e+01	-8.628695e-05
2.252560e+01	-8.728660e-05
2.265571e+01	-8.829783e-05
2.278656e+01	-8.932077e-05
2.291818e+01	-9.035556e-05
2.305055e+01	-9.140235e-05
2.318369e+01	-9.246126e-05
2.331760e+01	-9.353244e-05
2.345228e+01	-9.461602e-05
2.358774e+01	-9.571217e-05
2.372398e+01	-9.682101e-05
2.386101e+01	-9.794269e-05
2.399883e+01	-9.907737e-05
2.413745e+01	-1.002252e-04
2.427686e+01	-1.013863e-04
2.441709e+01	-1.025609e-04
2.455812e+01	-1.037491e-04
2.469997e+01	-1.049510e-04
2.484263e+01	-1.061669e-04
2.498612e+01	-1.073969e-04
2.513044e+01	-1.086411e-04
2.527559e+01	-1.098997e-04
2.542158e+01	-1.111729e-04
2.556842e+01	-1.124608e-04
2.571610e+01	-1.137637e-04
2.586463e+01	-1.150817e-04
2.601403e+01	-1.164149e-04
2.616428e+01	-1.177636e-04
2.631541e+01	-1.191279e-04
2.646740e+01	-1.205080e-04
2.662028e+01	-1.219041e-04
2.677404e+01	-1.233164e-04
2.692868e+01	-1.247450e-04
2.708422e+01	-1.261902e-04
2.724066e+01	-1.276521e-04
2.739800e+01	-1.291310e-04
2.755625e+01	-1.306270e-04
2.771541e+01	-1.321403e-04
2.787550e+01	-1.336712e-04
2.803650e+01	-1.352198e-04
2.819844e+01	-1.367863e-04
2.836131e+01	-1.383710e-04
2.852513e+01	-1.399740e-04
2.868989e+01	-1.415956e-04
2.885560e+01	-1.432360e-04
2.902227e+01	-1.448954e-04
2.918990e+01	-1.465741e-04
2.935850e+01	-1.482721e-04
2.952807e+01	-1.499899e-04
2.969863e+01	-1.517275e-04
2.987016e+01	-1.534853e-04
3.004269e+01	-1.552634e-04
3.021622e+01	-1.570622e-04
3.039075e+01	-1.588818e-04
3.056628e+01	-1.607224e-04
3.074283e+01	-1.625844e-04
3.092040e+01	-1.644679e-04
3.109900e+01	-1.663733e-04
3.127862e+01	-1.683008e-04
3.145929e+01	-1.702505e-04
3.164099e+01	-1.722229e-04
3.182375e+01	-1.742181e-04
3.200756e+01	-1.762364e-04
3.219244e+01	-1.782781e-04
3.237838e+01	-1.803435e-04
3.256540e+01	-1.824328e-04
3.275349e+01	-1.845463e-04
3.294268e+01	-1.866842e-04
3.313295e+01	-1.888470e-04
3.332433e+01	-1.910348e-04
3.351681e+01	-1.932479e-04
3.371040e+01	-1.954867e-04
3.390511e+01	-1.977514e-04
3.410094e+01	-2.000424e-04
3.429791e+01	-2.023599e-04
3.449601e+01	-2.047042e-04
3.469526e+01	-2.070757e-04
3.489566e+01	-2.094747e-04
3.509721e+01	-2.119014e-04
3.529993e+01	-2.143563e-04
3.550382e+01	-2.168396e-04
3.570889e+01	-2.193517e-04
3.591515e+01	-2.218929e-04
3.612259e+01	-2.244635e-04
3.633123e+01	-2.270639e-04
3.654108e+01	-2.296944e-04
3.675214e+01	-2.323555e-04
3.696442e+01	-2.350473e-04
3.717792e+01	-2.377703e-04
3.739266e+01	-2.405249e-04
3.760864e+01	-2.433113e-04
3.782587e+01	-2.461301e-04
3.804435e+01	-2.489815e-04
3.826409e+01	-2.518659e-04
3.848510e+01	-2.547838e-04
3.870739e+01	-2.577354e-04
3.893096e+01	-2.607213e-04
3.915583e+01	-2.637417e-04
3.938199e+01	-2.667971e-04
3.960946e+01	-2.698880e-04
3.983824e+01	-2.730146e-04
4.006834e+01	-2.761774e-04
4.029978e+01	-2.793769e-04
4.053255e+01	-2.826135e-04
4.076666e+01	-2.858875e-04
4.100213e+01	-2.891995e-04
4.123896e+01	-2.925498e-04
4.147715e+01	-2.959390e-04
4.171672e+01	-2.993674e-04
4.195767e+01	-3.028355e-04
4.220002e+01	-3.063439e-04
4.244377e+01	-3.098928e-04
4.268892e+01	-3.134829e-04
4.293549e+01	-3.171145e-04
4.318348e+01	-3.207883e-04
4.343291e+01	-3.245045e-04
4.368377e+01	-3.282639e-04
4.393609e+01	-3.320668e-04
4.418986e+01	-3.359137e-04
4.444510e+01	-3.398052e-04
4.470182e+01	-3.437418e-04
4.496001e+01	-3.477240e-04
4.521970e+01	-3.517523e-04
4.548089e+01	-3.558272e-04
4.574358e+01	-3.599494e-04
4.600779e+01	-3.641194e-04
4.627353e+01	-3.683376e-04
4.654081e+01	-3.726047e-04
4.680963e+01	-3.769213e-04
4.708000e+01	-3.812878e-04
4.735193e+01	-3.857049e-04
4.762543e+01	-3.901732e-04
4.790051e+01	-3.946933e-04
4.817719e+01	-3.992657e-04
4.845545e+01	-4.038911e-04
4.873533e+01	-4.085701e-04
4.901682e+01	-4.133033e-04
4.929994e+01	-4.180913e-04
4.958470e+01	-4.229347e-04
4.987110e+01	-4.278343e-04
5.015915e+01	-4.327906e-04
5.044887e+01	-4.378044e-04
5.074026e+01	-4.428762e-04
5.103333e+01	-4.480068e-04
5.132810e+01	-4.531968e-04
5.162457e+01	-4.584469e-04
5.192275e+01	-4.637579e-04
5.222265e+01	-4.691304e-04
5.252429e+01	-4.745651e-04
5.282767e+01	-4.800627e-04
5.313280e+01	-4.856241e-04
5.343969e+01	-4.912498e-04
5.374836e+01	-4.969408e-04
5.405880e+01	-5.026977e-04
5.437105e+01	-5.085212e-04
5.468509e+01	-5.144122e-04
5.500095e+01	-5.203715e-04
5.531863e+01	-5.263997e-04
5.563815e+01	-5.324979e-04
5.595951e+01	-5.386666e-04
5.628273e+01	-5.449068e-04
5.660782e+01	-5.512193e-04
5.693479e+01	-5.576049e-04
5.726364e+01	-5.640645e-04
5.759439e+01	-5.705989e-04
5.792705e+01	-5.772090e-04
5.826164e+01	-5.838957e-04
5.859815e+01	-5.906598e-04
5.893662e+01	-5.975023e-04
5.927703e+01	-6.044241e-04
5.961941e+01	-6.114260e-04
5.996377e+01	-6.185090e-04
6.031012e+01	-6.256741e-04
6.065847e+01	-6.329222e-04
6.100883e+01	-6.402542e-04
6.136121e+01	-6.476712e-04
6.171563e+01	-6.551741e-04
6.207210e+01	-6.627639e-04
6.243063e+01	-6.704416e-04
6.279122e+01	-6.782082e-04
6.315390e+01	-6.860648e-04
6.351868e+01	-6.940125e-04
6.388556e+01	-7.020521e-04
6.425456e+01	-7.101849e-04
6.462569e+01	-7.184119e-04
6.499897e+01	-7.267343e-04
6.537440e+01	-7.351530e-04
6.575200e+01	-7.436692e-04
6.613178e+01	-7.522840e-04
6.651375e+01	-7.609987e-04
6.689793e+01	-7.698143e-04
6.728433e+01	-7.787320e-04
6.767297e+01	-7.877530e-04
6.806384e+01	-7.968785e-04
6.845698e+01	-8.061097e-04
6.885238e+01	-8.154478e-04
6.925007e+01	-8.248941e-04
6.965005e+01	-8.344498e-04
7.005235e+01	-8.441162e-04
7.045697e+01	-8.538946e-04
7.086393e+01	-8.637862e-04
7.127323e+01	-8.737924e-04
7.168490e+01	-8.839145e-04
7.209895e+01	-8.941538e-04
7.251539e+01	-9.045118e-04
7.293424e+01	-9.149897e-04
7.335551e+01	-9.255889e-04
7.377920e+01	-9.363110e-04
7.420535e+01	-9.471572e-04
7.463396e+01	-9.581291e-04
7.506504e+01	-9.692280e-04
7.549861e+01	-9.804555e-04
7.593469e+01	-9.918131e-04
7.637328e+01	-1.003302e-03
7.681441e+01	-1.014924e-03
7.725809e+01	-1.026681e-03
7.770433e+01	-1.038574e-03
7.815315e+01	-1.050605e-03
7.860456e+01	-1.062775e-03
7.905857e+01	-1.075086e-03
7.951521e+01	-1.087539e-03
7.997449e+01	-1.100137e-03
8.043642e+01	-1.112881e-03
8.090102e+01	-1.125772e-03
8.136830e+01	-1.138813e-03
8.183828e+01	-1.152005e-03
8.231097e+01	-1.165349e-03
8.278640e+01	-1.178848e-03
8.326457e+01	-1.192504e-03
8.374550e+01	-1.206317e-03
8.422921e+01	-1.220291e-03
8.471572e+01	-1.234426e-03
8.520503e+01	-1.248725e-03
8.569717e+01	-1.263190e-03
8.619215e+01	-1.277822e-03
8.669000e+01	-1.292624e-03
8.719071e+01	-1.307597e-03
8.769432e+01	-1.322744e-03
8.820084e+01	-1.338066e-03
8.871029e+01	-1.353565e-03
8.922267e+01	-1.369244e-03
8.973802e+01	-1.385105e-03
9.025634e+01	-1.401149e-03
9.077766e+01	-1.417379e-03
9.130199e+01	-1.433797e-03
9.182935e+01	-1.450405e-03
9.235975e+01	-1.467206e-03
9.289321e+01	-1.484201e-03
9.342976e+01	-1.501393e-03
9.396941e+01	-1.518784e-03
9.451217e+01	-1.536376e-03
9.505807e+01	-1.554172e-03
9.560712e+01	-1.572174e-03
9.615934e+01	-1.590385e-03
9.671476e+01	-1.608807e-03
9.727338e+01	-1.627442e-03
9.783522e+01	-1.646292e-03
9.840032e+01	-1.665361e-03
9.896867e+01	-1.684651e-03
9.954031e+01	-1.704165e-03
1.001153e+02	-1.723904e-03
1.006935e+02	-1.743872e-03
1.012751e+02	-1.764071e-03
1.018601e+02	-1.784504e-03
1.024484e+02	-1.805174e-03
1.030402e+02	-1.826083e-03
1.036353e+02	-1.847234e-03
1.042339e+02	-1.868630e-03
1.048360e+02	-1.890274e-03
1.054415e+02	-1.912168e-03
1.060505e+02	-1.934316e-03
1.066631e+02	-1.956721e-03
1.072791e+02	-1.979385e-03
1.078988e+02	-2.002311e-03
1.085220e+02	-2.025503e-03
1.091488e+02	-2.048964e-03
1.097793e+02	-2.072696e-03
1.104133e+02	-2.096703e-03
1.110511e+02	-2.120988e-03
1.116925e+02	-2.145554e-03
1.123376e+02	-2.170404e-03
1.129865e+02	-2.195543e-03
1.136391e+02	-2.220972e-03
1.142955e+02	-2.246696e-03
1.149556e+02	-2.272718e-03
1.156196e+02	-2.299041e-03
1.162874e+02	-2.325669e-03
1.169591e+02	-2.352605e-03
1.176347e+02	-2.379853e-03
1.183141e+02	-2.407417e-03
1.189975e+02	-2.435299e-03
1.196848e+02	-2.463505e-03
1.203761e+02	-2.492037e-03
1.210714e+02	-2.520900e-03
1.217707e+02	-2.550096e-03
1.224740e+02	-2.579631e-03
1.231814e+02	-2.609508e-03
1.238929e+02	-2.639730e-03
1.246085e+02	-2.670303e-03
1.253283e+02	-2.701229e-03
1.260522e+02	-2.732514e-03
1.267802e+02	-2.764161e-03
1.275125e+02	-2.796174e-03
1.282490e+02	-2.828558e-03
1.289898e+02	-2.861317e-03
1.297348e+02	-2.894455e-03
1.304842e+02	-2.927976e-03
1.312378e+02	-2.961886e-03
1.319959e+02	-2.996189e-03
1.327583e+02	-3.030888e-03
1.335251e+02	-3.065989e-03
1.342963e+02	-3.101497e-03
1.350720e+02	-3.137416e-03
1.358522e+02	-3.173750e-03
1.366368e+02	-3.210505e-03
1.374260e+02	-3.247686e-03
1.382198e+02	-3.285297e-03
1.390182e+02	-3.323343e-03
1.398211e+02	-3.361830e-03
1.406287e+02	-3.400763e-03
1.414410e+02	-3.440146e-03
1.422579e+02	-3.479985e-03
1.430796e+02	-3.520285e-03
1.439060e+02	-3.561052e-03
1.447372e+02	-3.602290e-03
1.455732e+02	-3.644006e-03
1.464141e+02	-3.686205e-03
1.472597e+02	-3.728892e-03
1.481103e+02	-3.772074e-03
1.489658e+02	-3.815755e-03
1.498262e+02	-3.859942e-03
1.506916e+02	-3.904640e-03
1.515620e+02	-3.949856e-03
1.524374e+02	-3.995595e-03
1.533179e+02	-4.041863e-03
1.542034e+02	-4.088667e-03
1.550941e+02	-4.136013e-03
1.559899e+02	-4.183906e-03
1.568909e+02	-4.232354e-03
1.577971e+02	-4.281363e-03
1.587085e+02	-4.330939e-03
1.596252e+02	-4.381089e-03
1.605472e+02	-4.431819e-03
1.614745e+02	-4.483136e-03
1.624072e+02	-4.535047e-03
1.633453e+02	-4.587559e-03
1.642887e+02	-4.640679e-03
1.652377e+02	-4.694413e-03
1.661921e+02	-4.748769e-03
1.671520e+02	-4.803754e-03
1.681175e+02	-4.859376e-03
1.690885e+02	-4.915641e-03
1.700651e+02	-4.972557e-03
1.710474e+02	-5.030132e-03
1.720354e+02	-5.088373e-03
1.730291e+02	-5.147289e-03
1.740285e+02	-5.206885e-03
1.750337e+02	-5.267172e-03
1.760446e+02	-5.328156e-03
1.770615e+02	-5.389846e-03
1.780842e+02	-5.452249e-03
1.791128e+02	-5.515375e-03
1.801473e+02	-5.579230e-03
1.811878e+02	-5.643825e-03
1.822344e+02	-5.709167e-03
1.832870e+02	-5.775265e-03
1.843456e+02	-5.842128e-03
1.854104e+02	-5.909765e-03
1.864813e+02	-5.978184e-03
1.875584e+02	-6.047394e-03
1.886418e+02	-6.117405e-03
1.897313e+02	-6.188226e-03
1.908272e+02	-6.259867e-03
1.919294e+02	-6.332336e-03
1.930380e+02	-6.405643e-03
1.941530e+02	-6.479799e-03
1.952744e+02	-6.554812e-03
1.964023e+02	-6.630693e-03
1.975367e+02	-6.707452e-03
1.986777e+02	-6.785099e-03
1.998252e+02	-6.863644e-03
2.009794e+02	-6.943097e-03
2.021403e+02	-7.023469e-03
2.033078e+02	-7.104771e-03
2.044821e+02	-7.187013e-03
2.056632e+02	-7.270207e-03
2.068511e+02	-7.354363e-03
2.080459e+02	-7.439492e-03
2.092475e+02	-7.525605e-03
2.104561e+02	-7.612715e-03
2.116717e+02	-7.700831e-03
2.128943e+02	-7.789967e-03
2.141240e+02	-7.880134e-03
2.153608e+02	-7.971343e-03
2.166047e+02	-8.063607e-03
2.178558e+02	-8.156938e-03
2.191141e+02	-8.251349e-03
2.203797e+02	-8.346850e-03
2.216526e+02	-8.443457e-03
2.229329e+02	-8.541180e-03
2.242205e+02	-8.640033e-03
2.255156e+02	-8.740029e-03
2.268182e+02	-8.841181e-03
2.281283e+02	-8.943502e-03
2.294459e+02	-9.047007e-03
2.307712e+02	-9.151708e-03
2.321041e+02	-9.257619e-03
2.334447e+02	-9.364755e-03
2.347931e+02	-9.473130e-03
2.361493e+02	-9.582757e-03
2.375133e+02	-9.693651e-03
2.388851e+02	-9.805828e-03
2.402649e+02	-9.919300e-03
2.416527e+02	-1.003408e-02
2.430484e+02	-1.015020e-02
2.444523e+02	-1.026765e-02
2.458642e+02	-1.038646e-02
2.472843e+02	-1.050664e-02
2.487126e+02	-1.062822e-02
2.501492e+02	-1.075119e-02
2.515940e+02	-1.087559e-02
2.530472e+02	-1.100143e-02
2.545088e+02	-1.112872e-02
2.559789e+02	-1.125748e-02
2.574574e+02	-1.138773e-02
2.589444e+02	-1.151948e-02
2.604401e+02	-1.165276e-02
2.619444e+02	-1.178758e-02
2.634574e+02	-1.192395e-02
2.649791e+02	-1.206190e-02
2.665096e+02	-1.220144e-02
2.680489e+02	-1.234260e-02
2.695972e+02	-1.248539e-02
2.711544e+02	-1.262982e-02
2.727205e+02	-1.277593e-02
2.742958e+02	-1.292372e-02
2.758801e+02	-1.307321e-02
2.774736e+02	-1.322444e-02
2.790762e+02	-1.337741e-02
2.806882e+02	-1.353215e-02
2.823094e+02	-1.368868e-02
2.839400e+02	-1.384701e-02
2.855800e+02	-1.400717e-02
2.872295e+02	-1.416918e-02
2.888886e+02	-1.433306e-02
2.905572e+02	-1.449884e-02
2.922354e+02	-1.466653e-02
2.939234e+02	-1.483615e-02
2.956211e+02	-1.500773e-02
2.973286e+02	-1.518130e-02
2.990459e+02	-1.535686e-02
3.007732e+02	-1.553446e-02
3.025104e+02	-1.571410e-02
3.042577e+02	-1.589582e-02
3.060151e+02	-1.607963e-02
3.077826e+02	-1.626557e-02
3.095604e+02	-1.645365e-02
3.113484e+02	-1.664391e-02
3.131467e+02	-1.683636e-02
3.149554e+02	-1.703102e-02
3.167746e+02	-1.722794e-02
3.186043e+02	-1.742713e-02
3.204445e+02	-1.762862e-02
3.222954e+02	-1.783243e-02
3.241570e+02	-1.803859e-02
3.260293e+02	-1.824713e-02
3.279124e+02	-1.845808e-02
3.298064e+02	-1.867146e-02
3.317114e+02	-1.888730e-02
3.336273e+02	-1.910563e-02
3.355544e+02	-1.932648e-02
3.374925e+02	-1.954988e-02
3.394418e+02	-1.977585e-02
3.414024e+02	-2.000443e-02
3.433744e+02	-2.023564e-02
3.453577e+02	-2.046952e-02
3.473525e+02	-2.070610e-02
3.493588e+02	-2.094541e-02
3.513766e+02	-2.118747e-02
3.534062e+02	-2.143233e-02
3.554474e+02	-2.168000e-02
3.575005e+02	-2.193054e-02
3.595654e+02	-2.218396e-02
3.616422e+02	-2.244030e-02
3.637311e+02	-2.269959e-02
3.658320e+02	-2.296187e-02
3.679450e+02	-2.322718e-02
3.700702e+02	-2.349554e-02
3.722077e+02	-2.376700e-02
3.743576e+02	-2.404158e-02
3.765199e+02	-2.431932e-02
3.786946e+02	-2.460027e-02
3.808820e+02	-2.488445e-02
3.830819e+02	-2.517191e-02
3.852946e+02	-2.546267e-02
3.875200e+02	-2.575679e-02
3.897583e+02	-2.605429e-02
3.920096e+02	-2.635521e-02
3.942738e+02	-2.665961e-02
3.965511e+02	-2.696750e-02
3.988416e+02	-2.727894e-02
4.011452e+02	-2.759397e-02
4.034622e+02	-2.791262e-02
4.057926e+02	-2.823494e-02
4.081365e+02	-2.856097e-02
4.104938e+02	-2.889076e-02
4.128648e+02	-2.922433e-02
4.152495e+02	-2.956175e-02
4.176480e+02	-2.990305e-02
4.200603e+02	-3.024827e-02
4.224866e+02	-3.059747e-02
4.249268e+02	-3.095068e-02
4.273812e+02	-3.130796e-02
4.298497e+02	-3.166934e-02
4.323325e+02	-3.203488e-02
4.348297e+02	-3.240463e-02
4.373412e+02	-3.277862e-02
4.398673e+02	-3.315692e-02
4.424079e+02	-3.353956e-02
4.449633e+02	-3.392660e-02
4.475334e+02	-3.431809e-02
4.501183e+02	-3.471408e-02
4.527182e+02	-3.511463e-02
4.553330e+02	-3.551977e-02
4.579630e+02	-3.592957e-02
4.606082e+02	-3.634408e-02
4.632687e+02	-3.676335e-02
4.659445e+02	-3.718743e-02
4.686358e+02	-3.761639e-02
4.713426e+02	-3.805027e-02
4.740650e+02	-3.848913e-02
4.768032e+02	-3.893304e-02
4.795572e+02	-3.938203e-02
4.823271e+02	-3.983619e-02
4.851130e+02	-4.029556e-02
4.879150e+02	-4.076019e-02
4.907332e+02	-4.123016e-02
4.935676e+02	-4.170553e-02
4.964185e+02	-4.218635e-02
4.992858e+02	-4.267268e-02
5.021696e+02	-4.316459e-02
5.050701e+02	-4.366215e-02
5.079874e+02	-4.416541e-02
5.109215e+02	-4.467444e-02
5.138726e+02	-4.518930e-02
5.168407e+02	-4.571007e-02
5.198259e+02	-4.623681e-02
5.228284e+02	-4.676959e-02
5.258482e+02	-4.730847e-02
5.288855e+02	-4.785352e-02
5.319403e+02	-4.840483e-02
5.350128e+02	-4.896244e-02
5.381030e+02	-4.952644e-02
5.412111e+02	-5.009691e-02
5.443371e+02	-5.067390e-02
5.474812e+02	-5.125750e-02
5.506434e+02	-5.184778e-02
5.538239e+02	-5.244482e-02
5.570228e+02	-5.304869e-02
5.602401e+02	-5.365947e-02
5.634760e+02	-5.427724e-02
5.667306e+02	-5.490208e-02
5.700040e+02	-5.553406e-02
5.732964e+02	-5.617327e-02
5.766077e+02	-5.681979e-02
5.799382e+02	-5.747370e-02
5.832879e+02	-5.813509e-02
5.866569e+02	-5.880403e-02
5.900454e+02	-5.948062e-02
5.934535e+02	-6.016495e-02
5.968813e+02	-6.085708e-02
6.003288e+02	-6.155713e-02
6.037963e+02	-6.226517e-02
6.072838e+02	-6.298129e-02
6.107914e+02	-6.370559e-02
6.143194e+02	-6.443816e-02
6.178676e+02	-6.517909e-02
6.214364e+02	-6.592847e-02
6.250258e+02	-6.668640e-02
6.286359e+02	-6.745298e-02
6.322669e+02	-6.822830e-02
6.359189e+02	-6.901246e-02
6.395919e+02	-6.980556e-02
6.432862e+02	-7.060770e-02
6.470017e+02	-7.141898e-02
6.507388e+02	-7.223951e-02
6.544974e+02	-7.306938e-02
6.582778e+02	-7.390870e-02
6.620800e+02	-7.475759e-02
6.659041e+02	-7.561613e-02
6.697504e+02	-7.648445e-02
6.736188e+02	-7.736266e-02
6.775096e+02	-7.825085e-02
6.814229e+02	-7.914915e-02
6.853587e+02	-8.005767e-02
6.893173e+02	-8.097652e-02
6.932988e+02	-8.190581e-02
6.973033e+02	-8.284566e-02
7.013309e+02	-8.379620e-02
7.053817e+02	-8.475754e-02
7.094560e+02	-8.572979e-02
7.135538e+02	-8.671309e-02
7.176752e+02	-8.770755e-02
7.218205e+02	-8.871330e-02
7.259897e+02	-8.973046e-02
7.301830e+02	-9.075916e-02
7.344005e+02	-9.179953e-02
7.386424e+02	-9.285170e-02
7.429087e+02	-9.391580e-02
7.471998e+02	-9.499196e-02
7.515155e+02	-9.608031e-02
7.558563e+02	-9.718100e-02
7.602221e+02	-9.829415e-02
7.646131e+02	-9.941990e-02
7.690295e+02	-1.005584e-01
7.734713e+02	-1.017098e-01
7.779389e+02	-1.028742e-01
7.824322e+02	-1.040518e-01
7.869515e+02	-1.052427e-01
7.914969e+02	-1.064470e-01
7.960686e+02	-1.076650e-01
8.006666e+02	-1.088967e-01
8.052912e+02	-1.101424e-01
8.099426e+02	-1.114021e-01
8.146208e+02	-1.126760e-01
8.193260e+02	-1.139643e-01
8.240584e+02	-1.152672e-01
8.288181e+02	-1.165847e-01
8.336053e+02	-1.179171e-01
8.384202e+02	-1.192645e-01
8.432629e+02	-1.206271e-01
8.481335e+02	-1.220050e-01
8.530323e+02	-1.233985e-01
8.579594e+02	-1.248076e-01
8.629149e+02	-1.262326e-01
8.678991e+02	-1.276736e-01
8.729120e+02	-1.291309e-01
8.779539e+02	-1.306045e-01
8.830250e+02	-1.320946e-01
8.881253e+02	-1.336016e-01
8.932551e+02	-1.351254e-01
8.984145e+02	-1.366664e-01
9.036037e+02	-1.382246e-01
9.088229e+02	-1.398003e-01
9.140722e+02	-1.413937e-01
9.193518e+02	-1.430050e-01
9.246620e+02	-1.446343e-01
9.300028e+02	-1.462818e-01
9.353744e+02	-1.479478e-01
9.407771e+02	-1.496325e-01
9.462110e+02	-1.513360e-01
9.516763e+02	-1.530585e-01
9.571731e+02	-1.548004e-01
9.627017e+02	-1.565616e-01
9.682622e+02	-1.583426e-01
9.738549e+02	-1.601434e-01
9.794798e+02	-1.619644e-01
9.851373e+02	-1.638056e-01
9.908274e+02	-1.656674e-01
9.965504e+02	-1.675499e-01
1.002306e+03	-1.694534e-01
1.008096e+03	-1.713782e-01
1.013918e+03	-1.733243e-01
1.019775e+03	-1.752921e-01
1.025665e+03	-1.772818e-01
1.031589e+03	-1.792935e-01
1.037548e+03	-1.813277e-01
1.043540e+03	-1.833844e-01
1.049568e+03	-1.854640e-01
1.055630e+03	-1.875666e-01
1.061727e+03	-1.896926e-01
1.067860e+03	-1.918421e-01
1.074028e+03	-1.940155e-01
1.080231e+03	-1.962129e-01
1.086471e+03	-1.984346e-01
1.092746e+03	-2.006809e-01
1.099058e+03	-2.029521e-01
1.105406e+03	-2.052483e-01
1.111791e+03	-2.075699e-01
1.118212e+03	-2.099171e-01
1.124671e+03	-2.122902e-01
1.131167e+03	-2.146895e-01
1.137701e+03	-2.171152e-01
1.144272e+03	-2.195677e-01
1.150881e+03	-2.220471e-01
1.157529e+03	-2.245538e-01
1.164215e+03	-2.270881e-01
1.170939e+03	-2.296502e-01
1.177702e+03	-2.322405e-01
1.184505e+03	-2.348592e-01
1.191346e+03	-2.375066e-01
1.198227e+03	-2.401830e-01
1.205148e+03	-2.428888e-01
1.212109e+03	-2.456242e-01
1.219110e+03	-2.483895e-01
1.226152e+03	-2.511850e-01
1.233234e+03	-2.540111e-01
1.240357e+03	-2.568680e-01
1.247521e+03	-2.597562e-01
1.254727e+03	-2.626758e-01
1.261974e+03	-2.656272e-01
1.269263e+03	-2.686108e-01
1.276595e+03	-2.716268e-01
1.283968e+03	-2.746757e-01
1.291384e+03	-2.777576e-01
1.298843e+03	-2.808731e-01
1.306345e+03	-2.840223e-01
1.313891e+03	-2.872057e-01
1.321480e+03	-2.904236e-01
1.329113e+03	-2.936763e-01
1.336790e+03	-2.969643e-01
1.344511e+03	-3.002877e-01
1.352277e+03	-3.036471e-01
1.360087e+03	-3.070427e-01
1.367943e+03	-3.104750e-01
1.375844e+03	-3.139442e-01
1.383791e+03	-3.174508e-01
1.391784e+03	-3.209952e-01
1.399823e+03	-3.245776e-01
1.407908e+03	-3.281985e-01
1.416040e+03	-3.318583e-01
1.424219e+03	-3.355573e-01
1.432445e+03	-3.392960e-01
1.440719e+03	-3.430746e-01
1.449041e+03	-3.468937e-01
1.457410e+03	-3.507536e-01
1.465828e+03	-3.546547e-01
1.474295e+03	-3.585974e-01
1.482810e+03	-3.625822e-01
1.491375e+03	-3.666093e-01
1.499989e+03	-3.706793e-01
1.508653e+03	-3.747926e-01
1.517367e+03	-3.789495e-01
1.526131e+03	-3.831505e-01
1.534946e+03	-3.873960e-01
1.543812e+03	-3.916864e-01
1.552729e+03	-3.960223e-01
1.561697e+03	-4.004039e-01
1.570717e+03	-4.048318e-01
1.579790e+03	-4.093063e-01
1.588915e+03	-4.138280e-01
1.598092e+03	-4.183973e-01
1.607323e+03	-4.230145e-01
1.616606e+03	-4.276803e-01
1.625944e+03	-4.323949e-01
1.635335e+03	-4.371590e-01
1.644781e+03	-4.419729e-01
1.654281e+03	-4.468371e-01
1.663836e+03	-4.517521e-01
1.673446e+03	-4.567183e-01
1.683112e+03	-4.617363e-01
1.692834e+03	-4.668065e-01
1.702611e+03	-4.719293e-01
1.712446e+03	-4.771054e-01
1.722337e+03	-4.823350e-01
1.732285e+03	-4.876189e-01
1.742290e+03	-4.929574e-01
1.752354e+03	-4.983510e-01
1.762475e+03	-5.038002e-01
1.772655e+03	-5.093056e-01
1.782894e+03	-5.148676e-01
1.793192e+03	-5.204868e-01
1.803549e+03	-5.261637e-01
1.813967e+03	-5.318987e-01
1.824444e+03	-5.376924e-01
1.834982e+03	-5.435453e-01
1.845581e+03	-5.494580e-01
1.856241e+03	-5.554310e-01
1.866962e+03	-5.614647e-01
1.877746e+03	-5.675598e-01
1.888592e+03	-5.737167e-01
1.899500e+03	-5.799361e-01
1.910472e+03	-5.862184e-01
1.921506e+03	-5.925641e-01
1.932605e+03	-5.989739e-01
1.943768e+03	-6.054483e-01
1.954995e+03	-6.119879e-01
1.966287e+03	-6.185931e-01
1.977644e+03	-6.252646e-01
1.989067e+03	-6.320029e-01
2.000555e+03	-6.388085e-01
2.012110e+03	-6.456821e-01
2.023732e+03	-6.526242e-01
2.035421e+03	-6.596354e-01
2.047178e+03	-6.667163e-01
2.059002e+03	-6.738673e-01
2.070895e+03	-6.810892e-01
2.082856e+03	-6.883825e-01
2.094887e+03	-6.957477e-01
2.106987e+03	-7.031855e-01
2.119157e+03	-7.106964e-01
2.131397e+03	-7.182811e-01
2.143708e+03	-7.259401e-01
2.156090e+03	-7.336740e-01
2.168543e+03	-7.414834e-01
2.181069e+03	-7.493690e-01
2.193666e+03	-7.573312e-01
2.206337e+03	-7.653708e-01
2.219081e+03	-7.734883e-01
2.231898e+03	-7.816843e-01
2.244789e+03	-7.899595e-01
2.257755e+03	-7.983144e-01
2.270796e+03	-8.067497e-01
2.283912e+03	-8.152659e-01
2.297104e+03	-8.238638e-01
2.310372e+03	-8.325438e-01
2.323716e+03	-8.413067e-01
2.337138e+03	-8.501530e-01
2.350637e+03	-8.590834e-01
2.364214e+03	-8.680984e-01
2.377870e+03	-8.771988e-01
2.391604e+03	-8.863851e-01
2.405418e+03	-8.956579e-01
2.419312e+03	-9.050180e-01
2.433286e+03	-9.144658e-01
2.447340e+03	-9.240021e-01
2.461476e+03	-9.336275e-01
2.475693e+03	-9.433425e-01
2.489993e+03	-9.531479e-01
2.504375e+03	-9.630443e-01
2.518840e+03	-9.730323e-01
2.533389e+03	-9.831124e-01
2.548022e+03	-9.932855e-01
2.562739e+03	-1.003552e+00
2.577541e+03	-1.013913e+00
2.592429e+03	-1.024368e+00
2.607403e+03	-1.034919e+00
2.622463e+03	-1.045566e+00
2.637610e+03	-1.056309e+00
2.652845e+03	-1.067150e+00
2.668168e+03	-1.078089e+00
2.683579e+03	-1.089126e+00
2.699079e+03	-1.100263e+00
2.714669e+03	-1.111499e+00
2.730349e+03	-1.122836e+00
2.746119e+03	-1.134274e+00
2.761981e+03	-1.145813e+00
2.777934e+03	-1.157455e+00
2.793979e+03	-1.169200e+00
2.810117e+03	-1.181049e+00
2.826348e+03	-1.193001e+00
2.842673e+03	-1.205059e+00
2.859092e+03	-1.217222e+00
2.875606e+03	-1.229491e+00
2.892215e+03	-1.241867e+00
2.908921e+03	-1.254350e+00
2.925722e+03	-1.266941e+00
2.942621e+03	-1.279641e+00
2.959618e+03	-1.292449e+00
2.976712e+03	-1.305368e+00
2.993906e+03	-1.318397e+00
3.011198e+03	-1.331537e+00
3.028591e+03	-1.344788e+00
3.046084e+03	-1.358152e+00
3.063678e+03	-1.371629e+00
3.081374e+03	-1.385219e+00
3.099172e+03	-1.398922e+00
3.117072e+03	-1.412741e+00
3.135076e+03	-1.426674e+00
3.153184e+03	-1.440724e+00
3.171397e+03	-1.454889e+00
3.189715e+03	-1.469172e+00
3.208139e+03	-1.483572e+00
3.226669e+03	-1.498090e+00
3.245306e+03	-1.512726e+00
3.264051e+03	-1.527482e+00
3.282904e+03	-1.542357e+00
3.301866e+03	-1.557353e+00
3.320937e+03	-1.572469e+00
3.340119e+03	-1.587707e+00
3.359411e+03	-1.603067e+00
3.378815e+03	-1.618549e+00
3.398331e+03	-1.634154e+00
3.417959e+03	-1.649882e+00
3.437701e+03	-1.665735e+00
3.457557e+03	-1.681711e+00
3.477528e+03	-1.697813e+00
3.497614e+03	-1.714041e+00
3.517816e+03	-1.730394e+00
3.538135e+03	-1.746874e+00
3.558571e+03	-1.763481e+00
3.579125e+03	-1.780216e+00
3.599798e+03	-1.797078e+00
3.620590e+03	-1.814069e+00
3.641503e+03	-1.831189e+00
3.662536e+03	-1.848438e+00
3.683691e+03	-1.865817e+00
3.704967e+03	-1.883326e+00
3.726367e+03	-1.900966e+00
3.747890e+03	-1.918737e+00
3.769538e+03	-1.936639e+00
3.791311e+03	-1.954674e+00
3.813209e+03	-1.972840e+00
3.835234e+03	-1.991140e+00
3.857386e+03	-2.009573e+00
3.879667e+03	-2.028139e+00
3.902075e+03	-2.046839e+00
3.924614e+03	-2.065674e+00
3.947282e+03	-2.084643e+00
3.970081e+03	-2.103747e+00
3.993012e+03	-2.122987e+00
4.016076e+03	-2.142363e+00
4.039272e+03	-2.161874e+00
4.062603e+03	-2.181522e+00
4.086069e+03	-2.201307e+00
4.109670e+03	-2.221229e+00
4.133407e+03	-2.241288e+00
4.157281e+03	-2.261485e+00
4.181294e+03	-2.281820e+00
4.205445e+03	-2.302293e+00
4.229735e+03	-2.322904e+00
4.254166e+03	-2.343654e+00
4.278738e+03	-2.364544e+00
4.303451e+03	-2.385572e+00
4.328308e+03	-2.406740e+00
4.353308e+03	-2.428048e+00
4.378453e+03	-2.449496e+00
4.403742e+03	-2.471083e+00
4.429178e+03	-2.492812e+00
4.454761e+03	-2.514681e+00
4.480492e+03	-2.536690e+00
4.506371e+03	-2.558840e+00
4.532399e+03	-2.581132e+00
4.558578e+03	-2.603565e+00
4.584908e+03	-2.626139e+00
4.611391e+03	-2.648854e+00
4.638026e+03	-2.671712e+00
4.664815e+03	-2.694711e+00
4.691759e+03	-2.717852e+00
4.718858e+03	-2.741134e+00
4.746114e+03	-2.764559e+00
4.773527e+03	-2.788126e+00
4.801099e+03	-2.811836e+00
4.828830e+03	-2.835687e+00
4.856721e+03	-2.859681e+00
4.884773e+03	-2.883817e+00
4.912988e+03	-2.908096e+00
4.941365e+03	-2.932517e+00
4.969906e+03	-2.957080e+00
4.998612e+03	-2.981786e+00
5.027484e+03	-3.006634e+00
5.056522e+03	-3.031625e+00
5.085729e+03	-3.056758e+00
5.115104e+03	-3.082033e+00
5.144648e+03	-3.107451e+00
5.174363e+03	-3.133011e+00
5.204250e+03	-3.158713e+00
5.234310e+03	-3.184557e+00
5.264543e+03	-3.210543e+00
5.294951e+03	-3.236671e+00
5.325534e+03	-3.262941e+00
5.356294e+03	-3.289352e+00
5.387232e+03	-3.315905e+00
5.418348e+03	-3.342600e+00
5.449645e+03	-3.369436e+00
5.481122e+03	-3.396413e+00
5.512780e+03	-3.423530e+00
5.544622e+03	-3.450789e+00
5.576647e+03	-3.478188e+00
5.608858e+03	-3.505728e+00
5.641254e+03	-3.533408e+00
5.673838e+03	-3.561228e+00
5.706610e+03	-3.589187e+00
5.739571e+03	-3.617287e+00
5.772723e+03	-3.645525e+00
5.806066e+03	-3.673903e+00
5.839601e+03	-3.702419e+00
5.873331e+03	-3.731074e+00
5.907255e+03	-3.759868e+00
5.941375e+03	-3.788799e+00
5.975692e+03	-3.817868e+00
6.010207e+03	-3.847074e+00
6.044922e+03	-3.876418e+00
6.079837e+03	-3.905898e+00
6.114954e+03	-3.935515e+00
6.150274e+03	-3.965267e+00
6.185797e+03	-3.995156e+00
6.221526e+03	-4.025180e+00
6.257462e+03	-4.055339e+00
6.293605e+03	-4.085633e+00
6.329956e+03	-4.116061e+00
6.366518e+03	-4.146623e+00
6.403290e+03	-4.177318e+00
6.440276e+03	-4.208147e+00
6.477474e+03	-4.239108e+00
6.514888e+03	-4.270201e+00
6.552518e+03	-4.301427e+00
6.590365e+03	-4.332784e+00
6.628430e+03	-4.364272e+00
6.666716e+03	-4.395890e+00
6.705223e+03	-4.427639e+00
6.743952e+03	-4.459517e+00
6.782905e+03	-4.491524e+00
6.822082e+03	-4.523660e+00
6.861486e+03	-4.555925e+00
6.901118e+03	-4.588317e+00
6.940979e+03	-4.620836e+00
6.981069e+03	-4.653482e+00
7.021392e+03	-4.686254e+00
7.061947e+03	-4.719152e+00
7.102737e+03	-4.752175e+00
7.143762e+03	-4.785322e+00
7.185024e+03	-4.818594e+00
7.226524e+03	-4.851990e+00
7.268264e+03	-4.885508e+00
7.310246e+03	-4.919149e+00
7.352469e+03	-4.952912e+00
7.394937e+03	-4.986796e+00
7.437650e+03	-5.020801e+00
7.480609e+03	-5.054926e+00
7.523817e+03	-5.089171e+00
7.567274e+03	-5.123535e+00
7.610982e+03	-5.158017e+00
7.654943e+03	-5.192617e+00
7.699158e+03	-5.227335e+00
7.743628e+03	-5.262169e+00
7.788355e+03	-5.297119e+00
7.833340e+03	-5.332185e+00
7.878585e+03	-5.367365e+00
7.924091e+03	-5.402660e+00
7.969861e+03	-5.438068e+00
8.015894e+03	-5.473590e+00
8.062194e+03	-5.509223e+00
8.108761e+03	-5.544968e+00
8.155596e+03	-5.580825e+00
8.202703e+03	-5.616792e+00
8.250081e+03	-5.652868e+00
8.297733e+03	-5.689054e+00
8.345661e+03	-5.725348e+00
8.393865e+03	-5.761749e+00
8.442348e+03	-5.798258e+00
8.491110e+03	-5.834874e+00
8.540155e+03	-5.871595e+00
8.589482e+03	-5.908421e+00
8.639095e+03	-5.945352e+00
8.688994e+03	-5.982387e+00
8.739181e+03	-6.019524e+00
8.789658e+03	-6.056764e+00
8.840427e+03	-6.094106e+00
8.891489e+03	-6.131549e+00
8.942846e+03	-6.169092e+00
8.994499e+03	-6.206735e+00
9.046451e+03	-6.244477e+00
9.098703e+03	-6.282317e+00
9.151257e+03	-6.320254e+00
9.204114e+03	-6.358289e+00
9.257277e+03	-6.396420e+00
9.310746e+03	-6.434646e+00
9.364525e+03	-6.472967e+00
9.418614e+03	-6.511382e+00
9.473015e+03	-6.549891e+00
9.527731e+03	-6.588492e+00
9.582763e+03	-6.627185e+00
9.638113e+03	-6.665970e+00
9.693782e+03	-6.704845e+00
9.749773e+03	-6.743810e+00
9.806087e+03	-6.782864e+00
9.862727e+03	-6.822006e+00
9.919693e+03	-6.861236e+00
9.976989e+03	-6.900553e+00
1.003462e+04	-6.939957e+00
1.009258e+04	-6.979446e+00
1.015087e+04	-7.019019e+00
1.020950e+04	-7.058677e+00
1.026847e+04	-7.098419e+00
1.032778e+04	-7.138243e+00
1.038743e+04	-7.178149e+00
1.044743e+04	-7.218136e+00
1.050777e+04	-7.258204e+00
1.056847e+04	-7.298352e+00
1.062951e+04	-7.338579e+00
1.069091e+04	-7.378885e+00
1.075266e+04	-7.419268e+00
1.081476e+04	-7.459728e+00
1.087723e+04	-7.500264e+00
1.094006e+04	-7.540876e+00
1.100324e+04	-7.581563e+00
1.106680e+04	-7.622324e+00
1.113072e+04	-7.663158e+00
1.119501e+04	-7.704065e+00
1.125967e+04	-7.745044e+00
1.132471e+04	-7.786095e+00
1.139012e+04	-7.827216e+00
1.145591e+04	-7.868406e+00
1.152208e+04	-7.909666e+00
1.158863e+04	-7.950995e+00
1.165556e+04	-7.992391e+00
1.172289e+04	-8.033854e+00
1.179060e+04	-8.075384e+00
1.185870e+04	-8.116979e+00
1.192719e+04	-8.158639e+00
1.199608e+04	-8.200364e+00
1.206537e+04	-8.242152e+00
1.213506e+04	-8.284002e+00
1.220515e+04	-8.325915e+00
1.227565e+04	-8.367889e+00
1.234655e+04	-8.409925e+00
1.241787e+04	-8.452020e+00
1.248959e+04	-8.494174e+00
1.256173e+04	-8.536387e+00
1.263429e+04	-8.578658e+00
1.270726e+04	-8.620987e+00
1.278066e+04	-8.663371e+00
1.285448e+04	-8.705812e+00
1.292873e+04	-8.748308e+00
1.300340e+04	-8.790859e+00
1.307851e+04	-8.833463e+00
1.315405e+04	-8.876121e+00
1.323003e+04	-8.918831e+00
1.330644e+04	-8.961592e+00
1.338330e+04	-9.004405e+00
1.346060e+04	-9.047269e+00
1.353835e+04	-9.090182e+00
1.361655e+04	-9.133144e+00
1.369520e+04	-9.176154e+00
1.377430e+04	-9.219212e+00
1.385386e+04	-9.262318e+00
1.393388e+04	-9.305469e+00
1.401436e+04	-9.348667e+00
1.409531e+04	-9.391909e+00
1.417672e+04	-9.435196e+00
1.425861e+04	-9.478527e+00
1.434096e+04	-9.521900e+00
1.442379e+04	-9.565316e+00
1.450711e+04	-9.608774e+00
1.459090e+04	-9.652273e+00
1.467518e+04	-9.695812e+00
1.475994e+04	-9.739391e+00
1.484519e+04	-9.783009e+00
1.493094e+04	-9.826665e+00
1.501718e+04	-9.870359e+00
1.510392e+04	-9.914091e+00
1.519116e+04	-9.957859e+00
1.527890e+04	-1.000166e+01
1.536715e+04	-1.004550e+01
1.545591e+04	-1.008937e+01
1.554518e+04	-1.013328e+01
1.563497e+04	-1.017722e+01
1.572528e+04	-1.022119e+01
1.581611e+04	-1.026520e+01
1.590746e+04	-1.030924e+01
1.599934e+04	-1.035330e+01
1.609175e+04	-1.039740e+01
1.618470e+04	-1.044153e+01
1.627818e+04	-1.048568e+01
1.637220e+04	-1.052986e+01
1.646677e+04	-1.057407e+01
1.656188e+04	-1.061831e+01
1.665754e+04	-1.066258e+01
1.675375e+04	-1.070686e+01
1.685052e+04	-1.075118e+01
1.694785e+04	-1.079552e+01
1.704574e+04	-1.083988e+01
1.714419e+04	-1.088426e+01
1.724322e+04	-1.092867e+01
1.734281e+04	-1.097310e+01
1.744299e+04	-1.101755e+01
1.754374e+04	-1.106202e+01
1.764507e+04	-1.110651e+01
1.774698e+04	-1.115102e+01
1.784949e+04	-1.119555e+01
1.795259e+04	-1.124009e+01
1.805628e+04	-1.128466e+01
1.816057e+04	-1.132924e+01
1.826547e+04	-1.137383e+01
1.837097e+04	-1.141844e+01
1.847708e+04	-1.146307e+01
1.858380e+04	-1.150771e+01
1.869114e+04	-1.155236e+01
1.879910e+04	-1.159703e+01
1.890768e+04	-1.164171e+01
1.901689e+04	-1.168640e+01
1.912673e+04	-1.173110e+01
1.923721e+04	-1.177581e+01
1.934832e+04	-1.182053e+01
1.946008e+04	-1.186526e+01
1.957248e+04	-1.191000e+01
1.968553e+04	-1.195475e+01
1.979923e+04	-1.199950e+01
1.991359e+04	-1.204426e+01
2.002861e+04	-1.208903e+01
2.014430e+04	-1.213380e+01
2.026065e+04	-1.217858e+01
2.037767e+04	-1.222336e+01
2.049537e+04	-1.226814e+01
2.061375e+04	-1.231292e+01
2.073282e+04	-1.235771e+01
2.085257e+04	-1.240250e+01
2.097301e+04	-1.244729e+01
2.109415e+04	-1.249208e+01
2.121599e+04	-1.253687e+01
2.133853e+04	-1.258166e+01
2.146178e+04	-1.262645e+01
2.158575e+04	-1.267123e+01
2.171043e+04	-1.271601e+01
2.183582e+04	-1.276079e+01
2.196195e+04	-1.280556e+01
2.208880e+04	-1.285033e+01
2.221638e+04	-1.289509e+01
2.234470e+04	-1.293984e+01
2.247377e+04	-1.298459e+01
2.260357e+04	-1.302933e+01
2.273413e+04	-1.307406e+01
2.286544e+04	-1.311879e+01
2.299751e+04	-1.316350e+01
2.313034e+04	-1.320820e+01
2.326394e+04	-1.325289e+01
2.339832e+04	-1.329757e+01
2.353346e+04	-1.334224e+01
2.366939e+04	-1.338689e+01
2.380610e+04	-1.343153e+01
2.394361e+04	-1.347615e+01
2.408191e+04	-1.352076e+01
2.422100e+04	-1.356535e+01
2.436090e+04	-1.360993e+01
2.450161e+04	-1.365449e+01
2.464313e+04	-1.369903e+01
2.478547e+04	-1.374355e+01
2.492863e+04	-1.378805e+01
2.507261e+04	-1.383253e+01
2.521743e+04	-1.387699e+01
2.536309e+04	-1.392143e+01
2.550958e+04	-1.396585e+01
2.565692e+04	-1.401024e+01
2.580512e+04	-1.405461e+01
2.595417e+04	-1.409895e+01
2.610408e+04	-1.414327e+01
2.625485e+04	-1.418756e+01
2.640650e+04	-1.423182e+01
2.655902e+04	-1.427606e+01
2.671243e+04	-1.432027e+01
2.686672e+04	-1.436445e+01
2.702190e+04	-1.440860e+01
2.717798e+04	-1.445271e+01
2.733495e+04	-1.449680e+01
2.749284e+04	-1.454085e+01
2.765164e+04	-1.458487e+01
2.781135e+04	-1.462886e+01
2.797199e+04	-1.467281e+01
2.813355e+04	-1.471672e+01
2.829605e+04	-1.476060e+01
2.845949e+04	-1.480444e+01
2.862387e+04	-1.484824e+01
2.878920e+04	-1.489201e+01
2.895549e+04	-1.493573e+01
2.912273e+04	-1.497941e+01
2.929094e+04	-1.502305e+01
2.946013e+04	-1.506665e+01
2.963029e+04	-1.511021e+01
2.980143e+04	-1.515372e+01
2.997356e+04	-1.519718e+01
3.014669e+04	-1.524060e+01
3.032081e+04	-1.528397e+01
3.049595e+04	-1.532729e+01
3.067209e+04	-1.537057e+01
3.084925e+04	-1.541379e+01
3.102743e+04	-1.545697e+01
3.120665e+04	-1.550009e+01
3.138690e+04	-1.554316e+01
3.156819e+04	-1.558617e+01
3.175052e+04	-1.562913e+01
3.193391e+04	-1.567204e+01
3.211836e+04	-1.571489e+01
3.230388e+04	-1.575768e+01
3.249046e+04	-1.580041e+01
3.267812e+04	-1.584308e+01
3.286687e+04	-1.588569e+01
3.305671e+04	-1.592824e+01
3.324764e+04	-1.597073e+01
3.343968e+04	-1.601315e+01
3.363283e+04	-1.605551e+01
3.382709e+04	-1.609780e+01
3.402247e+04	-1.614003e+01
3.421899e+04	-1.618219e+01
3.441663e+04	-1.622427e+01
3.461542e+04	-1.626629e+01
3.481536e+04	-1.630824e+01
3.501645e+04	-1.635011e+01
3.521871e+04	-1.639191e+01
3.542213e+04	-1.643363e+01
3.562672e+04	-1.647528e+01
3.583250e+04	-1.651685e+01
3.603947e+04	-1.655834e+01
3.624763e+04	-1.659975e+01
3.645700e+04	-1.664108e+01
3.666757e+04	-1.668233e+01
3.687936e+04	-1.672349e+01
3.709238e+04	-1.676457e+01
3.730662e+04	-1.680556e+01
3.752210e+04	-1.684647e+01
3.773883e+04	-1.688728e+01
3.795680e+04	-1.692801e+01
3.817604e+04	-1.696864e+01
3.839654e+04	-1.700918e+01
3.861832e+04	-1.704963e+01
3.884138e+04	-1.708998e+01
3.906573e+04	-1.713023e+01
3.929137e+04	-1.717039e+01
3.951831e+04	-1.721044e+01
3.974657e+04	-1.725040e+01
3.997614e+04	-1.729025e+01
4.020704e+04	-1.732999e+01
4.043928e+04	-1.736963e+01
4.067285e+04	-1.740916e+01
4.090778e+04	-1.744859e+01
4.114406e+04	-1.748790e+01
4.138171e+04	-1.752710e+01
4.162073e+04	-1.756619e+01
4.186113e+04	-1.760516e+01
4.210291e+04	-1.764401e+01
4.234610e+04	-1.768274e+01
4.259069e+04	-1.772136e+01
4.283669e+04	-1.775985e+01
4.308411e+04	-1.779822e+01
4.333297e+04	-1.783646e+01
4.358325e+04	-1.787457e+01
4.383499e+04	-1.791256e+01
4.408818e+04	-1.795041e+01
4.434283e+04	-1.798813e+01
4.459895e+04	-1.802572e+01
4.485655e+04	-1.806316e+01
4.511564e+04	-1.810047e+01
4.537623e+04	-1.813764e+01
4.563832e+04	-1.817467e+01
4.590193e+04	-1.821155e+01
4.616705e+04	-1.824828e+01
4.643371e+04	-1.828487e+01
4.670191e+04	-1.832130e+01
4.697166e+04	-1.835759e+01
4.724297e+04	-1.839371e+01
4.751584e+04	-1.842968e+01
4.779029e+04	-1.846549e+01
4.806633e+04	-1.850114e+01
4.834395e+04	-1.853662e+01
4.862319e+04	-1.857194e+01
4.890403e+04	-1.860709e+01
4.918650e+04	-1.864207e+01
4.947060e+04	-1.867687e+01
4.975634e+04	-1.871150e+01
5.004373e+04	-1.874595e+01
5.033278e+04	-1.878022e+01
5.062350e+04	-1.881431e+01
5.091590e+04	-1.884821e+01
5.120999e+04	-1.888192e+01
5.150578e+04	-1.891544e+01
5.180327e+04	-1.894877e+01
5.210248e+04	-1.898190e+01
5.240343e+04	-1.901483e+01
5.270611e+04	-1.904756e+01
5.301053e+04	-1.908009e+01
5.331672e+04	-1.911241e+01
5.362468e+04	-1.914452e+01
5.393441e+04	-1.917641e+01
5.424593e+04	-1.920809e+01
5.455926e+04	-1.923954e+01
5.487439e+04	-1.927078e+01
5.519134e+04	-1.930179e+01
5.551012e+04	-1.933257e+01
5.583075e+04	-1.936312e+01
5.615322e+04	-1.939343e+01
5.647756e+04	-1.942350e+01
5.680377e+04	-1.945334e+01
5.713187e+04	-1.948292e+01
5.746186e+04	-1.951226e+01
5.779376e+04	-1.954134e+01
5.812757e+04	-1.957017e+01
5.846332e+04	-1.959874e+01
5.880100e+04	-1.962704e+01
5.914063e+04	-1.965508e+01
5.948222e+04	-1.968285e+01
5.982579e+04	-1.971034e+01
6.017134e+04	-1.973755e+01
6.051889e+04	-1.976448e+01
6.086844e+04	-1.979112e+01
6.122002e+04	-1.981747e+01
6.157362e+04	-1.984353e+01
6.192927e+04	-1.986928e+01
6.228697e+04	-1.989474e+01
6.264674e+04	-1.991988e+01
6.300858e+04	-1.994471e+01
6.337252e+04	-1.996922e+01
6.373855e+04	-1.999341e+01
6.410670e+04	-2.001727e+01
6.447698e+04	-2.004081e+01
6.484940e+04	-2.006400e+01
6.522397e+04	-2.008685e+01
6.560070e+04	-2.010936e+01
6.597960e+04	-2.013151e+01
6.636070e+04	-2.015331e+01
6.674400e+04	-2.017475e+01
6.712951e+04	-2.019581e+01
6.751724e+04	-2.021651e+01
6.790722e+04	-2.023682e+01
6.829945e+04	-2.025675e+01
6.869395e+04	-2.027629e+01
6.909072e+04	-2.029544e+01
6.948978e+04	-2.031418e+01
6.989115e+04	-2.033251e+01
7.029484e+04	-2.035043e+01
7.070086e+04	-2.036792e+01
7.110923e+04	-2.038499e+01
7.151995e+04	-2.040162e+01
7.193305e+04	-2.041782e+01
7.234853e+04	-2.043356e+01
7.276641e+04	-2.044885e+01
7.318671e+04	-2.046368e+01
7.360943e+04	-2.047804e+01
7.403460e+04	-2.049192e+01
7.446222e+04	-2.050532e+01
7.489231e+04	-2.051822e+01
7.532488e+04	-2.053063e+01
7.575996e+04	-2.054252e+01
7.619754e+04	-2.055391e+01
7.663766e+04	-2.056476e+01
7.708031e+04	-2.057509e+01
7.752553e+04	-2.058487e+01
7.797331e+04	-2.059410e+01
7.842368e+04	-2.060278e+01
7.887665e+04	-2.061088e+01
7.933224e+04	-2.061841e+01
7.979046e+04	-2.062534e+01
8.025133e+04	-2.063168e+01
8.071486e+04	-2.063742e+01
8.118106e+04	-2.064253e+01
8.164996e+04	-2.064702e+01
8.212157e+04	-2.065087e+01
8.259590e+04	-2.065407e+01
8.307297e+04	-2.065660e+01
8.355279e+04	-2.065847e+01
8.403539e+04	-2.065965e+01
8.452078e+04	-2.066013e+01
8.500897e+04	-2.065990e+01
8.549997e+04	-2.065896e+01
8.599382e+04	-2.065728e+01
8.649052e+04	-2.065485e+01
8.699008e+04	-2.065166e+01
8.749253e+04	-2.064770e+01
8.799789e+04	-2.064295e+01
8.850616e+04	-2.063739e+01
8.901737e+04	-2.063102e+01
8.953153e+04	-2.062382e+01
9.004866e+04	-2.061576e+01
9.056877e+04	-2.060684e+01
9.109190e+04	-2.059705e+01
9.161804e+04	-2.058635e+01
9.214722e+04	-2.057474e+01
9.267946e+04	-2.056220e+01
9.321477e+04	-2.054870e+01
9.375318e+04	-2.053424e+01
9.429469e+04	-2.051879e+01
9.483933e+04	-2.050233e+01
9.538712e+04	-2.048484e+01
9.593807e+04	-2.046631e+01
9.649221e+04	-2.044670e+01
9.704954e+04	-2.042600e+01
9.761010e+04	-2.040419e+01
9.817389e+04	-2.038124e+01
9.874094e+04	-2.035712e+01
9.931126e+04	-2.033182e+01
9.988488e+04	-2.030531e+01
1.004618e+05	-2.027756e+01
1.010421e+05	-2.024854e+01
1.016257e+05	-2.021823e+01
1.022127e+05	-2.018660e+01
1.028031e+05	-2.015361e+01
1.033968e+05	-2.011925e+01
1.039941e+05	-2.008347e+01
1.045947e+05	-2.004624e+01
1.051989e+05	-2.000753e+01
1.058065e+05	-1.996731e+01
1.064176e+05	-1.992554e+01
1.070323e+05	-1.988218e+01
1.076505e+05	-1.983719e+01
1.082723e+05	-1.979053e+01
1.088977e+05	-1.974217e+01
1.095266e+05	-1.969205e+01
1.101593e+05	-1.964013e+01
1.107955e+05	-1.958638e+01
1.114355e+05	-1.953073e+01
1.120791e+05	-1.947314e+01
1.127265e+05	-1.941356e+01
1.133776e+05	-1.935193e+01
1.140325e+05	-1.928819e+01
1.146911e+05	-1.922230e+01
1.153536e+05	-1.915418e+01
1.160198e+05	-1.908377e+01
1.166900e+05	-1.901101e+01
1.173640e+05	-1.893583e+01
1.180419e+05	-1.885815e+01
1.187237e+05	-1.877790e+01
1.194094e+05	-1.869500e+01
1.200991e+05	-1.860937e+01
1.207928e+05	-1.852091e+01
1.214905e+05	-1.842954e+01
1.221922e+05	-1.833517e+01
1.228980e+05	-1.823769e+01
1.236078e+05	-1.813699e+01
1.243218e+05	-1.803296e+01
1.250399e+05	-1.792550e+01
1.257621e+05	-1.781446e+01
1.264885e+05	-1.769973e+01
1.272191e+05	-1.758116e+01
1.279539e+05	-1.745861e+01
1.286930e+05	-1.733192e+01
1.294363e+05	-1.720093e+01
1.301839e+05	-1.706547e+01
1.309358e+05	-1.692534e+01
1.316921e+05	-1.678036e+01
1.324528e+05	-1.663031e+01
1.332178e+05	-1.647498e+01
1.339873e+05	-1.631411e+01
1.347612e+05	-1.614745e+01
1.355395e+05	-1.597474e+01
1.363224e+05	-1.579566e+01
1.371098e+05	-1.560992e+01
1.379018e+05	-1.541716e+01
1.386983e+05	-1.521701e+01
1.394994e+05	-1.500909e+01
1.403051e+05	-1.479295e+01
1.411155e+05	-1.456812e+01
1.419306e+05	-1.433411e+01
1.427504e+05	-1.409034e+01
1.435749e+05	-1.383622e+01
1.444042e+05	-1.357107e+01
1.452383e+05	-1.329417e+01
1.460772e+05	-1.300472e+01
1.469209e+05	-1.270182e+01
1.477695e+05	-1.238450e+01
1.486230e+05	-1.205168e+01
1.494814e+05	-1.170214e+01
1.503448e+05	-1.133456e+01
1.512132e+05	-1.094744e+01
1.520866e+05	-1.053912e+01
1.529651e+05	-1.010775e+01
1.538486e+05	-9.651277e+00
1.547372e+05	-9.167415e+00
1.556310e+05	-8.653660e+00
1.565299e+05	-8.107295e+00
1.574340e+05	-7.525448e+00
1.583433e+05	-6.905216e+00
1.592579e+05	-6.243926e+00
1.601778e+05	-5.539632e+00
1.611030e+05	-4.792036e+00
1.620335e+05	-4.004143e+00
1.629694e+05	-3.185130e+00
1.639107e+05	-2.354986e+00
1.648574e+05	-1.551124e+00
1.658097e+05	-8.351769e-01
1.667674e+05	-2.934105e-01
1.677306e+05	-1.920198e-02
1.686994e+05	-7.400467e-02
1.696738e+05	-4.517189e-01
1.706538e+05	-1.082543e+00
1.716395e+05	-1.872003e+00
1.726309e+05	-2.737272e+00
1.736280e+05	-3.620995e+00
1.746309e+05	-4.489101e+00
1.756395e+05	-5.323754e+00
1.766540e+05	-6.117025e+00
1.776744e+05	-6.866572e+00
1.787006e+05	-7.573021e+00
1.797328e+05	-8.238449e+00
1.807709e+05	-8.865559e+00
1.818150e+05	-9.457224e+00
1.828652e+05	-1.001626e+01
1.839214e+05	-1.054532e+01
1.849837e+05	-1.104683e+01
1.860522e+05	-1.152300e+01
1.871268e+05	-1.197581e+01
1.882077e+05	-1.240704e+01
1.892948e+05	-1.281828e+01
1.903881e+05	-1.321096e+01
1.914878e+05	-1.358636e+01
1.925938e+05	-1.394561e+01
1.937062e+05	-1.428974e+01
1.948251e+05	-1.461968e+01
1.959504e+05	-1.493625e+01
1.970822e+05	-1.524019e+01
1.982205e+05	-1.553219e+01
1.993654e+05	-1.581286e+01
2.005169e+05	-1.608274e+01
2.016751e+05	-1.634234e+01
2.028400e+05	-1.659212e+01
2.040116e+05	-1.683249e+01
2.051899e+05	-1.706382e+01
2.063751e+05	-1.728646e+01
2.075671e+05	-1.750073e+01
2.087660e+05	-1.770689e+01
2.099719e+05	-1.790523e+01
2.111846e+05	-1.809596e+01
2.124044e+05	-1.827931e+01
2.136313e+05	-1.845547e+01
2.148652e+05	-1.862461e+01
2.161063e+05	-1.878690e+01
2.173545e+05	-1.894248e+01
2.186099e+05	-1.909147e+01
2.198726e+05	-1.923400e+01
2.211426e+05	-1.937016e+01
2.224199e+05	-1.950005e+01
2.237046e+05	-1.962374e+01
2.249967e+05	-1.974130e+01
2.262962e+05	-1.985279e+01
2.276033e+05	-1.995826e+01
2.289179e+05	-2.005773e+01
2.302402e+05	-2.015125e+01
2.315700e+05	-2.023883e+01
2.329076e+05	-2.032047e+01
2.342528e+05	-2.039617e+01
2.356059e+05	-2.046594e+01
2.369667e+05	-2.052974e+01
2.383354e+05	-2.058755e+01
2.397120e+05	-2.063935e+01
2.410966e+05	-2.068507e+01
2.424892e+05	-2.072467e+01
2.438898e+05	-2.075808e+01
2.452985e+05	-2.078523e+01
2.467153e+05	-2.080604e+01
2.481403e+05	-2.082042e+01
2.495736e+05	-2.082825e+01
2.510151e+05	-2.082942e+01
2.524650e+05	-2.082380e+01
2.539232e+05	-2.081126e+01
2.553898e+05	-2.079163e+01
2.568650e+05	-2.076475e+01
2.583486e+05	-2.073044e+01
2.598408e+05	-2.068848e+01
2.613416e+05	-2.063867e+01
2.628511e+05	-2.058077e+01
2.643694e+05	-2.051451e+01
2.658963e+05	-2.043961e+01
2.674321e+05	-2.035577e+01
2.689768e+05	-2.026265e+01
2.705304e+05	-2.015988e+01
2.720930e+05	-2.004707e+01
2.736646e+05	-1.992377e+01
2.752453e+05	-1.978951e+01
2.768351e+05	-1.964376e+01
2.784341e+05	-1.948594e+01
2.800423e+05	-1.931542e+01
2.816598e+05	-1.913148e+01
2.832867e+05	-1.893335e+01
2.849229e+05	-1.872015e+01
2.865686e+05	-1.849092e+01
2.882238e+05	-1.824455e+01
2.898886e+05	-1.797983e+01
2.915630e+05	-1.769537e+01
2.932470e+05	-1.738959e+01
2.949408e+05	-1.706070e+01
2.966444e+05	-1.670662e+01
2.983578e+05	-1.632498e+01
3.000811e+05	-1.591299e+01
3.018143e+05	-1.546740e+01
3.035576e+05	-1.498436e+01
3.053109e+05	-1.445928e+01
3.070744e+05	-1.388664e+01
3.088481e+05	-1.325974e+01
3.106320e+05	-1.257034e+01
3.124261e+05	-1.180822e+01
3.142307e+05	-1.096059e+01
3.160457e+05	-1.001132e+01
3.178712e+05	-8.940181e+00
3.197072e+05	-7.722394e+00
3.215538e+05	-6.330349e+00
3.234111e+05	-4.743409e+00
3.252791e+05	-2.985915e+00
3.271579e+05	-1.247090e+00
3.290475e+05	-1.023939e-01
3.309481e+05	-3.031737e-01
3.328596e+05	-1.719960e+00
3.347822e+05	-3.561544e+00
3.367159e+05	-5.353413e+00
3.386608e+05	-6.960566e+00
3.406169e+05	-8.374890e+00
3.425842e+05	-9.620180e+00
3.445630e+05	-1.072364e+01
3.465532e+05	-1.170887e+01
3.485549e+05	-1.259494e+01
3.505681e+05	-1.339698e+01
3.525930e+05	-1.412695e+01
3.546295e+05	-1.479439e+01
3.566778e+05	-1.540697e+01
3.587380e+05	-1.597089e+01
3.608101e+05	-1.649123e+01
3.628941e+05	-1.697220e+01
3.649901e+05	-1.741726e+01
3.670983e+05	-1.782932e+01
3.692187e+05	-1.821083e+01
3.713513e+05	-1.856384e+01
3.734962e+05	-1.889010e+01
3.756535e+05	-1.919106e+01
3.778232e+05	-1.946796e+01
3.800055e+05	-1.972186e+01
3.822004e+05	-1.995360e+01
3.844080e+05	-2.016393e+01
3.866283e+05	-2.035341e+01
3.888615e+05	-2.052250e+01
3.911075e+05	-2.067157e+01
3.933665e+05	-2.080085e+01
3.956386e+05	-2.091049e+01
3.979238e+05	-2.100054e+01
4.002222e+05	-2.107097e+01
4.025338e+05	-2.112163e+01
4.048589e+05	-2.115229e+01
4.071973e+05	-2.116265e+01
4.095493e+05	-2.115226e+01
4.119148e+05	-2.112060e+01
4.142940e+05	-2.106700e+01
4.166870e+05	-2.099070e+01
4.190937e+05	-2.089076e+01
4.215144e+05	-2.076609e+01
4.239490e+05	-2.061542e+01
4.263978e+05	-2.043725e+01
4.288606e+05	-2.022983e+01
4.313377e+05	-1.999112e+01
4.338291e+05	-1.971870e+01
4.363349e+05	-1.940972e+01
4.388551e+05	-1.906078e+01
4.413899e+05	-1.866781e+01
4.439394e+05	-1.822588e+01
4.465035e+05	-1.772894e+01
4.490825e+05	-1.716951e+01
4.516764e+05	-1.653818e+01
4.542853e+05	-1.582289e+01
4.569092e+05	-1.500789e+01
4.595483e+05	-1.407217e+01
4.622026e+05	-1.298691e+01
4.648723e+05	-1.171147e+01
4.675574e+05	-1.018700e+01
4.702580e+05	-8.327350e+00
4.729742e+05	-6.015267e+00
4.757060e+05	-3.180695e+00
4.784537e+05	-4.662680e-01
4.812172e+05	-5.618377e-01
4.839967e+05	-3.392825e+00
4.867923e+05	-6.300919e+00
4.896040e+05	-8.683671e+00
4.924319e+05	-1.061557e+01
4.952762e+05	-1.221275e+01
4.981369e+05	-1.355999e+01
5.010141e+05	-1.471497e+01
5.039079e+05	-1.571739e+01
5.068185e+05	-1.659522e+01
5.097458e+05	-1.736867e+01
5.126901e+05	-1.805273e+01
5.156514e+05	-1.865866e+01
5.186298e+05	-1.919509e+01
5.216253e+05	-1.966865e+01
5.246382e+05	-2.008451e+01
5.276685e+05	-2.044663e+01
5.307163e+05	-2.075805e+01
5.337817e+05	-2.102105e+01
5.368648e+05	-2.123722e+01
5.399657e+05	-2.140760e+01
5.430845e+05	-2.153271e+01
5.462214e+05	-2.161256e+01
5.493763e+05	-2.164666e+01
5.525495e+05	-2.163405e+01
5.557410e+05	-2.157322e+01
5.589509e+05	-2.146206e+01
5.621794e+05	-2.129779e+01
5.654265e+05	-2.107680e+01
5.686924e+05	-2.079451e+01
5.719772e+05	-2.044507e+01
5.752809e+05	-2.002104e+01
5.786037e+05	-1.951279e+01
5.819457e+05	-1.890777e+01
5.853070e+05	-1.818926e+01
5.886877e+05	-1.733439e+01
5.920879e+05	-1.631096e+01
5.955078e+05	-1.507172e+01
5.989474e+05	-1.354386e+01
6.024069e+05	-1.160813e+01
6.058864e+05	-9.056475e+00
6.093860e+05	-5.531355e+00
6.129058e+05	-1.065019e+00
6.164459e+05	-1.206568e+00
6.200064e+05	-5.793563e+00
6.235876e+05	-9.409036e+00
6.271894e+05	-1.205653e+01
6.308120e+05	-1.408922e+01
6.344555e+05	-1.571130e+01
6.381201e+05	-1.703928e+01
6.418059e+05	-1.814373e+01
6.455129e+05	-1.906983e+01
6.492414e+05	-1.984773e+01
6.529914e+05	-2.049813e+01
6.567630e+05	-2.103542e+01
6.605565e+05	-2.146958e+01
6.643718e+05	-2.180727e+01
6.682092e+05	-2.205258e+01
6.720688e+05	-2.220743e+01
6.759506e+05	-2.227172e+01
6.798549e+05	-2.224343e+01
6.837817e+05	-2.211842e+01
6.877312e+05	-2.189014e+01
6.917035e+05	-2.154902e+01
6.956987e+05	-2.108154e+01
6.997171e+05	-2.046859e+01
7.037586e+05	-1.968280e+01
7.078235e+05	-1.868386e+01
7.119118e+05	-1.740962e+01
7.160238e+05	-1.575800e+01
7.201595e+05	-1.354565e+01
7.243191e+05	-1.040024e+01
7.285028e+05	-5.481995e+00
7.327106e+05	4.219761e-03
7.369427e+05	-5.786074e+00
7.411992e+05	-1.080586e+01
7.454804e+05	-1.407350e+01
7.497862e+05	-1.641118e+01
7.541170e+05	-1.818126e+01
7.584727e+05	-1.956073e+01
7.628536e+05	-2.064632e+01
7.672598e+05	-2.149486e+01
7.716915e+05	-2.214084e+01
7.761488e+05	-2.260494e+01
7.806318e+05	-2.289822e+01
7.851407e+05	-2.302428e+01
7.896756e+05	-2.297996e+01
7.942367e+05	-2.275499e+01
7.988242e+05	-2.233044e+01
8.034382e+05	-2.167533e+01
8.080788e+05	-2.073992e+01
8.127463e+05	-1.944194e+01
8.174406e+05	-1.763546e+01
8.221621e+05	-1.502903e+01
8.269109e+05	-1.091543e+01
8.316871e+05	-3.198537e+00
8.364909e+05	-4.569788e+00
8.413225e+05	-1.188822e+01
8.461819e+05	-1.595021e+01
8.510694e+05	-1.861877e+01
8.559852e+05	-2.051115e+01
8.609293e+05	-2.188354e+01
8.659020e+05	-2.286029e+01
8.709034e+05	-2.350497e+01
8.759337e+05	-2.384694e+01
8.809931e+05	-2.389172e+01
8.860816e+05	-2.362324e+01
8.911996e+05	-2.299965e+01
8.963471e+05	-2.193966e+01
9.015244e+05	-2.028756e+01
9.067316e+05	-1.771412e+01
9.119688e+05	-1.334812e+01
9.172363e+05	-3.684291e+00
9.225342e+05	-8.286970e+00
9.278628e+05	-1.562561e+01
9.332221e+05	-1.947223e+01
9.386123e+05	-2.189540e+01
9.440337e+05	-2.347830e+01
9.494864e+05	-2.444553e+01
9.549706e+05	-2.488515e+01
9.604865e+05	-2.480897e+01
9.660342e+05	-2.416173e+01
9.716140e+05	-2.279168e+01
9.772260e+05	-2.033738e+01
9.828704e+05	-1.574970e+01
9.885474e+05	-3.432522e+00
9.942572e+05	-1.264573e+01
1.000000e+06	-1.946671e+01
