Frequency(Hz)	Magnitude(dB)
1.000000e+01	6.510291e-05
1.005776e+01	2.270664e-04
1.011585e+01	1.728271e-05
1.017428e+01	-6.692449e-05
1.023305e+01	-1.434133e-04
1.029215e+01	-9.386850e-05
1.035160e+01	-4.890854e-05
1.041139e+01	2.504375e-05
1.047153e+01	4.042433e-05
1.053201e+01	9.661976e-07
1.059284e+01	-7.010559e-05
1.065403e+01	2.441932e-05
1.071556e+01	2.335680e-05
1.077746e+01	-4.233408e-05
1.083971e+01	-3.043342e-05
1.090232e+01	-5.514201e-05
1.096529e+01	5.949304e-05
1.102862e+01	-1.966299e-04
1.109232e+01	-1.629296e-04
1.115639e+01	-1.930007e-04
1.122083e+01	7.224692e-05
1.128564e+01	-1.536571e-04
1.135083e+01	1.276515e-04
1.141639e+01	-1.151443e-04
1.148233e+01	4.475347e-05
1.154865e+01	-6.678668e-05
1.161536e+01	-5.266331e-05
1.168245e+01	-1.885017e-04
1.174992e+01	-1.717116e-04
1.181779e+01	-1.015354e-04
1.188605e+01	-1.429831e-04
1.195470e+01	-9.152312e-05
1.202375e+01	6.756046e-05
1.209320e+01	2.236360e-05
1.216305e+01	-8.821054e-05
1.223330e+01	-6.351153e-05
1.230396e+01	-4.999119e-05
1.237503e+01	-6.700133e-05
1.244651e+01	-1.083463e-04
1.251840e+01	-5.369086e-05
1.259070e+01	-9.529408e-05
1.266343e+01	-1.544007e-05
1.273657e+01	8.262933e-05
1.281014e+01	3.979659e-05
1.288413e+01	-1.527565e-04
1.295855e+01	4.216460e-05
1.303339e+01	5.540861e-05
1.310867e+01	2.705481e-05
1.318439e+01	-9.286226e-05
1.326054e+01	-2.132100e-04
1.333713e+01	-6.014925e-05
1.341417e+01	3.002198e-05
1.349165e+01	-1.531628e-04
1.356958e+01	-2.351292e-05
1.364795e+01	-2.799788e-06
1.372678e+01	2.360819e-05
1.380607e+01	-1.105488e-05
1.388581e+01	-2.214252e-05
1.396602e+01	6.054685e-05
1.404668e+01	1.311642e-04
1.412782e+01	-5.103859e-05
1.420942e+01	-7.259275e-05
1.429149e+01	-7.580081e-05
1.437404e+01	-1.115084e-04
1.445706e+01	1.415097e-04
1.454057e+01	-3.448008e-05
1.462455e+01	-4.694160e-05
1.470902e+01	5.370488e-05
1.479398e+01	5.070998e-05
1.487943e+01	2.461386e-05
1.496537e+01	1.870172e-05
1.505181e+01	-9.278363e-05
1.513875e+01	4.789591e-05
1.522619e+01	1.387096e-05
1.531414e+01	8.646372e-05
1.540259e+01	-1.523226e-04
1.549156e+01	5.761432e-05
1.558103e+01	-8.997094e-05
1.567103e+01	4.498943e-05
1.576155e+01	-6.127582e-05
1.585258e+01	3.529395e-05
1.594415e+01	-1.060348e-04
1.603624e+01	-7.562677e-06
1.612886e+01	-1.149990e-04
1.622202e+01	7.219636e-05
1.631572e+01	-1.419532e-04
1.640996e+01	-4.103539e-05
1.650474e+01	-1.005628e-04
1.660008e+01	1.075122e-05
1.669596e+01	-1.354839e-04
1.679239e+01	-5.357453e-05
1.688938e+01	-8.658484e-05
1.698694e+01	2.372489e-06
1.708505e+01	-5.909296e-05
1.718373e+01	-6.794371e-05
1.728299e+01	-8.708997e-06
1.738281e+01	-8.388379e-05
1.748322e+01	-1.563485e-04
1.758420e+01	-2.678328e-05
1.768576e+01	-1.351849e-04
1.778792e+01	-6.407013e-05
1.789066e+01	-1.382261e-04
1.799399e+01	-8.818652e-05
1.809793e+01	2.304662e-05
1.820246e+01	-2.963256e-04
1.830760e+01	-1.184222e-04
1.841334e+01	1.771098e-05
1.851969e+01	-1.550459e-04
1.862666e+01	5.310585e-05
1.873425e+01	1.323236e-04
1.884246e+01	-1.137850e-04
1.895129e+01	-1.234321e-04
1.906075e+01	-4.332187e-05
1.917085e+01	-1.120441e-04
1.928158e+01	-3.914693e-05
1.939295e+01	-1.348601e-04
1.950496e+01	-9.512803e-05
1.961762e+01	1.144969e-04
1.973093e+01	-1.388087e-04
1.984490e+01	-2.306269e-05
1.995952e+01	-6.161393e-05
2.007480e+01	-1.319458e-06
2.019076e+01	-7.931448e-05
2.030738e+01	-2.114039e-05
2.042467e+01	-1.450051e-04
2.054264e+01	-1.347020e-04
2.066130e+01	-5.632198e-05
2.078064e+01	-1.346792e-06
2.090066e+01	-1.147548e-04
2.102139e+01	5.557505e-05
2.114280e+01	-1.383049e-04
2.126492e+01	-1.048069e-04
2.138775e+01	-3.328841e-05
2.151128e+01	-1.583695e-04
2.163553e+01	-2.117707e-04
2.176050e+01	-1.179501e-04
2.188619e+01	-9.062100e-05
2.201260e+01	-1.916969e-04
2.213974e+01	-1.933128e-04
2.226762e+01	-1.488071e-04
2.239624e+01	-1.275594e-04
2.252560e+01	-2.223656e-04
2.265571e+01	-2.361287e-04
2.278656e+01	-4.980232e-05
2.291818e+01	-1.687813e-04
2.305055e+01	-1.612342e-04
2.318369e+01	-1.775785e-04
2.331760e+01	2.983762e-05
2.345228e+01	-1.122850e-04
2.358774e+01	2.547081e-05
2.372398e+01	-2.949311e-05
2.386101e+01	9.517837e-06
2.399883e+01	-9.363426e-05
2.413745e+01	-2.173638e-05
2.427686e+01	-1.218832e-04
2.441709e+01	-1.258010e-04
2.455812e+01	-3.199500e-04
2.469997e+01	-3.006214e-04
2.484263e+01	-2.508149e-04
2.498612e+01	-2.076904e-04
2.513044e+01	-1.767779e-04
2.527559e+01	-2.031514e-04
2.542158e+01	-4.295784e-05
2.556842e+01	-1.538776e-04
2.571610e+01	-7.242648e-05
2.586463e+01	-1.351928e-04
2.601403e+01	-2.257666e-04
2.616428e+01	-5.003630e-05
2.631541e+01	-1.036668e-04
2.646740e+01	-2.397512e-04
2.662028e+01	-2.207423e-04
2.677404e+01	-1.065548e-04
2.692868e+01	-1.959355e-04
2.708422e+01	-8.017023e-05
2.724066e+01	-1.156704e-04
2.739800e+01	-2.130636e-04
2.755625e+01	-2.477301e-04
2.771541e+01	-2.564368e-04
2.787550e+01	-1.181875e-04
2.803650e+01	-1.238063e-04
2.819844e+01	2.683957e-05
2.836131e+01	-3.170234e-04
2.852513e+01	-3.315151e-04
2.868989e+01	-1.342592e-04
2.885560e+01	-2.511845e-04
2.902227e+01	-2.874399e-04
2.918990e+01	-5.768575e-05
2.935850e+01	-1.314221e-04
2.952807e+01	-3.558572e-04
2.969863e+01	-1.863173e-04
2.987016e+01	-1.515339e-05
3.004269e+01	-1.307003e-04
3.021622e+01	-1.137604e-04
3.039075e+01	-1.652516e-04
3.056628e+01	-3.296330e-04
3.074283e+01	-1.572171e-04
3.092040e+01	-1.372689e-04
3.109900e+01	-1.801677e-04
3.127862e+01	-1.299478e-04
3.145929e+01	-1.779738e-04
3.164099e+01	-1.250522e-04
3.182375e+01	-7.762983e-05
3.200756e+01	-2.708563e-04
3.219244e+01	-1.040294e-04
3.237838e+01	-8.566466e-05
3.256540e+01	-1.388523e-04
3.275349e+01	-2.005012e-04
3.294268e+01	-1.243922e-04
3.313295e+01	-1.652448e-04
3.332433e+01	-1.888057e-04
3.351681e+01	-1.414821e-04
3.371040e+01	-2.809063e-04
3.390511e+01	1.005840e-05
3.410094e+01	-2.805367e-05
3.429791e+01	-1.853344e-04
3.449601e+01	-3.150902e-04
3.469526e+01	-1.790256e-04
3.489566e+01	-2.182442e-04
3.509721e+01	-2.115792e-04
3.529993e+01	-2.939779e-04
3.550382e+01	-2.669361e-04
3.570889e+01	-2.305987e-04
3.591515e+01	-2.232802e-04
3.612259e+01	-2.791784e-04
3.633123e+01	-3.583414e-04
3.654108e+01	-2.051304e-04
3.675214e+01	-1.785141e-04
3.696442e+01	-2.349584e-04
3.717792e+01	-2.938832e-04
3.739266e+01	-3.918036e-04
3.760864e+01	-1.252113e-04
3.782587e+01	-2.505341e-04
3.804435e+01	-4.145547e-04
3.826409e+01	-1.784622e-04
3.848510e+01	-3.372083e-04
3.870739e+01	-3.066577e-04
3.893096e+01	-3.684135e-04
3.915583e+01	-1.467524e-04
3.938199e+01	-2.734928e-04
3.960946e+01	-5.565769e-05
3.983824e+01	-3.275637e-04
4.006834e+01	-3.796403e-04
4.029978e+01	-2.079181e-04
4.053255e+01	-2.852401e-04
4.076666e+01	-2.690769e-04
4.100213e+01	-1.152961e-04
4.123896e+01	-1.931848e-04
4.147715e+01	-2.472011e-04
4.171672e+01	-2.893924e-04
4.195767e+01	-3.971193e-04
4.220002e+01	-3.942771e-04
4.244377e+01	-1.929356e-04
4.268892e+01	-3.683111e-04
4.293549e+01	-2.628362e-04
4.318348e+01	-3.416896e-04
4.343291e+01	-3.766523e-04
4.368377e+01	-4.541974e-04
4.393609e+01	-3.549309e-04
4.418986e+01	-3.191744e-04
4.444510e+01	-3.248639e-04
4.470182e+01	-4.510073e-04
4.496001e+01	-5.713738e-04
4.521970e+01	-3.681342e-04
4.548089e+01	-6.009394e-04
4.574358e+01	-3.193094e-04
4.600779e+01	-3.591137e-04
4.627353e+01	-2.349843e-04
4.654081e+01	-3.546742e-04
4.680963e+01	-3.866911e-04
4.708000e+01	-3.527961e-04
4.735193e+01	-3.620935e-04
4.762543e+01	-1.757783e-04
4.790051e+01	-5.334034e-04
4.817719e+01	-5.012986e-04
4.845545e+01	-2.840540e-04
4.873533e+01	-3.889037e-04
4.901682e+01	-4.281505e-04
4.929994e+01	-4.411652e-04
4.958470e+01	-4.544518e-04
4.987110e+01	-3.777602e-04
5.015915e+01	-5.194509e-04
5.044887e+01	-4.491207e-04
5.074026e+01	-4.624647e-04
5.103333e+01	-5.276730e-04
5.132810e+01	-4.716421e-04
5.162457e+01	-3.124053e-04
5.192275e+01	-5.433340e-04
5.222265e+01	-5.018415e-04
5.252429e+01	-7.065972e-04
5.282767e+01	-6.269779e-04
5.313280e+01	-4.851623e-04
5.343969e+01	-4.708116e-04
5.374836e+01	-4.944632e-04
5.405880e+01	-6.980671e-04
5.437105e+01	-7.080801e-04
5.468509e+01	-5.685950e-04
5.500095e+01	-5.643294e-04
5.531863e+01	-5.625827e-04
5.563815e+01	-6.066133e-04
5.595951e+01	-5.213206e-04
5.628273e+01	-5.644055e-04
5.660782e+01	-3.832381e-04
5.693479e+01	-5.428866e-04
5.726364e+01	-5.307864e-04
5.759439e+01	-4.854982e-04
5.792705e+01	-4.676321e-04
5.826164e+01	-7.488206e-04
5.859815e+01	-6.367153e-04
5.893662e+01	-7.006082e-04
5.927703e+01	-6.863792e-04
5.961941e+01	-6.827382e-04
5.996377e+01	-7.042425e-04
6.031012e+01	-5.178085e-04
6.065847e+01	-5.754671e-04
6.100883e+01	-6.003138e-04
6.136121e+01	-7.512397e-04
6.171563e+01	-6.433145e-04
6.207210e+01	-7.789530e-04
6.243063e+01	-6.972007e-04
6.279122e+01	-6.842922e-04
6.315390e+01	-7.332604e-04
6.351868e+01	-6.449981e-04
6.388556e+01	-7.239243e-04
6.425456e+01	-8.268897e-04
6.462569e+01	-6.823383e-04
6.499897e+01	-7.479275e-04
6.537440e+01	-8.227696e-04
6.575200e+01	-8.759229e-04
6.613178e+01	-5.691839e-04
6.651375e+01	-6.893024e-04
6.689793e+01	-8.601064e-04
6.728433e+01	-7.781917e-04
6.767297e+01	-7.344482e-04
6.806384e+01	-7.092316e-04
6.845698e+01	-8.429258e-04
6.885238e+01	-8.552393e-04
6.925007e+01	-8.193453e-04
6.965005e+01	-8.722567e-04
7.005235e+01	-1.036065e-03
7.045697e+01	-9.620499e-04
7.086393e+01	-8.207093e-04
7.127323e+01	-9.051728e-04
7.168490e+01	-8.066611e-04
7.209895e+01	-8.126785e-04
7.251539e+01	-9.453795e-04
7.293424e+01	-8.766249e-04
7.335551e+01	-1.044927e-03
7.377920e+01	-9.848336e-04
7.420535e+01	-1.095545e-03
7.463396e+01	-1.080399e-03
7.506504e+01	-9.422144e-04
7.549861e+01	-9.893884e-04
7.593469e+01	-1.056862e-03
7.637328e+01	-9.393627e-04
7.681441e+01	-1.078724e-03
7.725809e+01	-1.078948e-03
7.770433e+01	-1.162786e-03
7.815315e+01	-1.195516e-03
7.860456e+01	-1.039372e-03
7.905857e+01	-1.047334e-03
7.951521e+01	-1.209680e-03
7.997449e+01	-1.102648e-03
8.043642e+01	-1.045756e-03
8.090102e+01	-9.441290e-04
8.136830e+01	-1.165177e-03
8.183828e+01	-1.105066e-03
8.231097e+01	-1.212450e-03
8.278640e+01	-1.274818e-03
8.326457e+01	-1.084642e-03
8.374550e+01	-1.284073e-03
8.422921e+01	-1.074793e-03
8.471572e+01	-1.223123e-03
8.520503e+01	-1.218521e-03
8.569717e+01	-1.453012e-03
8.619215e+01	-1.334468e-03
8.669000e+01	-1.313142e-03
8.719071e+01	-1.251027e-03
8.769432e+01	-1.258008e-03
8.820084e+01	-1.325277e-03
8.871029e+01	-1.293855e-03
8.922267e+01	-1.479410e-03
8.973802e+01	-1.383325e-03
9.025634e+01	-1.537437e-03
9.077766e+01	-1.491335e-03
9.130199e+01	-1.530458e-03
9.182935e+01	-1.423714e-03
9.235975e+01	-1.462899e-03
9.289321e+01	-1.440354e-03
9.342976e+01	-1.540845e-03
9.396941e+01	-1.646079e-03
9.451217e+01	-1.660422e-03
9.505807e+01	-1.616609e-03
9.560712e+01	-1.652490e-03
9.615934e+01	-1.582647e-03
9.671476e+01	-1.655618e-03
9.727338e+01	-1.656046e-03
9.783522e+01	-1.676784e-03
9.840032e+01	-1.535933e-03
9.896867e+01	-1.700359e-03
9.954031e+01	-1.672201e-03
1.001153e+02	-1.774778e-03
1.006935e+02	-1.668525e-03
1.012751e+02	-1.920361e-03
1.018601e+02	-1.849809e-03
1.024484e+02	-1.794549e-03
1.030402e+02	-1.835883e-03
1.036353e+02	-1.924951e-03
1.042339e+02	-1.779440e-03
1.048360e+02	-1.935098e-03
1.054415e+02	-1.981764e-03
1.060505e+02	-1.894536e-03
1.066631e+02	-1.996583e-03
1.072791e+02	-1.858241e-03
1.078988e+02	-2.150616e-03
1.085220e+02	-1.946554e-03
1.091488e+02	-2.073456e-03
1.097793e+02	-2.161533e-03
1.104133e+02	-2.401966e-03
1.110511e+02	-2.103291e-03
1.116925e+02	-2.158379e-03
1.123376e+02	-2.253913e-03
1.129865e+02	-2.256133e-03
1.136391e+02	-2.208773e-03
1.142955e+02	-2.392135e-03
1.149556e+02	-2.256576e-03
1.156196e+02	-2.356137e-03
1.162874e+02	-2.296028e-03
1.169591e+02	-2.457895e-03
1.176347e+02	-2.536713e-03
1.183141e+02	-2.476552e-03
1.189975e+02	-2.399381e-03
1.196848e+02	-2.632325e-03
1.203761e+02	-2.641397e-03
1.210714e+02	-2.608588e-03
1.217707e+02	-2.569018e-03
1.224740e+02	-2.554463e-03
1.231814e+02	-2.585679e-03
1.238929e+02	-2.757968e-03
1.246085e+02	-2.699116e-03
1.253283e+02	-2.594127e-03
1.260522e+02	-2.841274e-03
1.267802e+02	-3.000631e-03
1.275125e+02	-2.935143e-03
1.282490e+02	-2.912740e-03
1.289898e+02	-2.859678e-03
1.297348e+02	-3.007973e-03
1.304842e+02	-3.038543e-03
1.312378e+02	-3.032557e-03
1.319959e+02	-3.139384e-03
1.327583e+02	-3.031282e-03
1.335251e+02	-3.003073e-03
1.342963e+02	-3.084644e-03
1.350720e+02	-3.249507e-03
1.358522e+02	-3.370191e-03
1.366368e+02	-3.179131e-03
1.374260e+02	-3.310811e-03
1.382198e+02	-3.195022e-03
1.390182e+02	-3.426543e-03
1.398211e+02	-3.480987e-03
1.406287e+02	-3.528217e-03
1.414410e+02	-3.666444e-03
1.422579e+02	-3.536484e-03
1.430796e+02	-3.670326e-03
1.439060e+02	-3.701163e-03
1.447372e+02	-3.661019e-03
1.455732e+02	-3.584214e-03
1.464141e+02	-3.628037e-03
1.472597e+02	-3.869109e-03
1.481103e+02	-3.854403e-03
1.489658e+02	-3.739190e-03
1.498262e+02	-3.869151e-03
1.506916e+02	-3.952495e-03
1.515620e+02	-4.057809e-03
1.524374e+02	-4.130210e-03
1.533179e+02	-4.139894e-03
1.542034e+02	-4.105746e-03
1.550941e+02	-4.199276e-03
1.559899e+02	-4.022040e-03
1.568909e+02	-4.281946e-03
1.577971e+02	-4.551656e-03
1.587085e+02	-4.305098e-03
1.596252e+02	-4.501394e-03
1.605472e+02	-4.468749e-03
1.614745e+02	-4.790162e-03
1.624072e+02	-4.585783e-03
1.633453e+02	-4.762987e-03
1.642887e+02	-4.641083e-03
1.652377e+02	-4.794610e-03
1.661921e+02	-4.873717e-03
1.671520e+02	-4.987771e-03
1.681175e+02	-5.009571e-03
1.690885e+02	-4.874147e-03
1.700651e+02	-4.924879e-03
1.710474e+02	-5.130512e-03
1.720354e+02	-5.142648e-03
1.730291e+02	-5.329671e-03
1.740285e+02	-5.401207e-03
1.750337e+02	-5.499450e-03
1.760446e+02	-5.480002e-03
1.770615e+02	-5.388280e-03
1.780842e+02	-5.611984e-03
1.791128e+02	-5.726904e-03
1.801473e+02	-5.583751e-03
1.811878e+02	-5.704611e-03
1.822344e+02	-5.905946e-03
1.832870e+02	-5.988379e-03
1.843456e+02	-5.982906e-03
1.854104e+02	-5.858914e-03
1.864813e+02	-6.177284e-03
1.875584e+02	-6.212034e-03
1.886418e+02	-6.193198e-03
1.897313e+02	-6.257939e-03
1.908272e+02	-6.389378e-03
1.919294e+02	-6.668686e-03
1.930380e+02	-6.594310e-03
1.941530e+02	-6.513706e-03
1.952744e+02	-6.727873e-03
1.964023e+02	-6.681153e-03
1.975367e+02	-6.910114e-03
1.986777e+02	-7.140797e-03
1.998252e+02	-7.038273e-03
2.009794e+02	-7.173818e-03
2.021403e+02	-7.147214e-03
2.033078e+02	-7.201191e-03
2.044821e+02	-7.396869e-03
2.056632e+02	-7.499200e-03
2.068511e+02	-7.522400e-03
2.080459e+02	-7.600533e-03
2.092475e+02	-7.697453e-03
2.104561e+02	-7.903989e-03
2.116717e+02	-7.900715e-03
2.128943e+02	-7.914124e-03
2.141240e+02	-8.222260e-03
2.153608e+02	-7.983369e-03
2.166047e+02	-8.204498e-03
2.178558e+02	-8.369649e-03
2.191141e+02	-8.274237e-03
2.203797e+02	-8.572205e-03
2.216526e+02	-8.617073e-03
2.229329e+02	-8.759705e-03
2.242205e+02	-8.726711e-03
2.255156e+02	-8.860192e-03
2.268182e+02	-8.897170e-03
2.281283e+02	-9.297439e-03
2.294459e+02	-9.030544e-03
2.307712e+02	-9.548534e-03
2.321041e+02	-9.446506e-03
2.334447e+02	-9.727498e-03
2.347931e+02	-9.730125e-03
2.361493e+02	-9.875564e-03
2.375133e+02	-9.909341e-03
2.388851e+02	-1.001947e-02
2.402649e+02	-1.009695e-02
2.416527e+02	-1.028401e-02
2.430484e+02	-1.021756e-02
2.444523e+02	-1.036724e-02
2.458642e+02	-1.059904e-02
2.472843e+02	-1.062981e-02
2.487126e+02	-1.082618e-02
2.501492e+02	-1.107028e-02
2.515940e+02	-1.111469e-02
2.530472e+02	-1.135960e-02
2.545088e+02	-1.140440e-02
2.559789e+02	-1.153636e-02
2.574574e+02	-1.156015e-02
2.589444e+02	-1.173913e-02
2.604401e+02	-1.197267e-02
2.619444e+02	-1.199950e-02
2.634574e+02	-1.224280e-02
2.649791e+02	-1.229629e-02
2.665096e+02	-1.254763e-02
2.680489e+02	-1.245409e-02
2.695972e+02	-1.292495e-02
2.711544e+02	-1.282904e-02
2.727205e+02	-1.311501e-02
2.742958e+02	-1.313324e-02
2.758801e+02	-1.339306e-02
2.774736e+02	-1.345845e-02
2.790762e+02	-1.359373e-02
2.806882e+02	-1.383590e-02
2.823094e+02	-1.400689e-02
2.839400e+02	-1.409366e-02
2.855800e+02	-1.439658e-02
2.872295e+02	-1.419857e-02
2.888886e+02	-1.467531e-02
2.905572e+02	-1.481568e-02
2.922354e+02	-1.510310e-02
2.939234e+02	-1.501330e-02
2.956211e+02	-1.544800e-02
2.973286e+02	-1.548086e-02
2.990459e+02	-1.572239e-02
3.007732e+02	-1.595536e-02
3.025104e+02	-1.607912e-02
3.042577e+02	-1.620302e-02
3.060151e+02	-1.641387e-02
3.077826e+02	-1.680317e-02
3.095604e+02	-1.676389e-02
3.113484e+02	-1.699859e-02
3.131467e+02	-1.735515e-02
3.149554e+02	-1.746171e-02
3.167746e+02	-1.752681e-02
3.186043e+02	-1.772887e-02
3.204445e+02	-1.793547e-02
3.222954e+02	-1.816274e-02
3.241570e+02	-1.850471e-02
3.260293e+02	-1.884019e-02
3.279124e+02	-1.894664e-02
3.298064e+02	-1.899973e-02
3.317114e+02	-1.928447e-02
3.336273e+02	-1.940307e-02
3.355544e+02	-1.971521e-02
3.374925e+02	-2.005355e-02
3.394418e+02	-2.029941e-02
3.414024e+02	-2.041078e-02
3.433744e+02	-2.068749e-02
3.453577e+02	-2.101170e-02
3.473525e+02	-2.111599e-02
3.493588e+02	-2.159525e-02
3.513766e+02	-2.170225e-02
3.534062e+02	-2.187630e-02
3.554474e+02	-2.223355e-02
3.575005e+02	-2.247828e-02
3.595654e+02	-2.264681e-02
3.616422e+02	-2.298093e-02
3.637311e+02	-2.310308e-02
3.658320e+02	-2.357463e-02
3.679450e+02	-2.385677e-02
3.700702e+02	-2.406326e-02
3.722077e+02	-2.425087e-02
3.743576e+02	-2.449701e-02
3.765199e+02	-2.505055e-02
3.786946e+02	-2.523473e-02
3.808820e+02	-2.544878e-02
3.830819e+02	-2.575624e-02
3.852946e+02	-2.597010e-02
3.875200e+02	-2.625098e-02
3.897583e+02	-2.673998e-02
3.920096e+02	-2.699275e-02
3.942738e+02	-2.717805e-02
3.965511e+02	-2.769713e-02
3.988416e+02	-2.779387e-02
4.011452e+02	-2.823495e-02
4.034622e+02	-2.853301e-02
4.057926e+02	-2.883232e-02
4.081365e+02	-2.928561e-02
4.104938e+02	-2.951508e-02
4.128648e+02	-2.998182e-02
4.152495e+02	-3.029454e-02
4.176480e+02	-3.053804e-02
4.200603e+02	-3.088991e-02
4.224866e+02	-3.121848e-02
4.249268e+02	-3.168072e-02
4.273812e+02	-3.222928e-02
4.298497e+02	-3.237298e-02
4.323325e+02	-3.280907e-02
4.348297e+02	-3.307321e-02
4.373412e+02	-3.340228e-02
4.398673e+02	-3.379470e-02
4.424079e+02	-3.422328e-02
4.449633e+02	-3.460046e-02
4.475334e+02	-3.510570e-02
4.501183e+02	-3.564167e-02
4.527182e+02	-3.586135e-02
4.553330e+02	-3.628860e-02
4.579630e+02	-3.686581e-02
4.606082e+02	-3.706332e-02
4.632687e+02	-3.753546e-02
4.659445e+02	-3.810711e-02
4.686358e+02	-3.818518e-02
4.713426e+02	-3.896929e-02
4.740650e+02	-3.936142e-02
4.768032e+02	-3.973496e-02
4.795572e+02	-4.020922e-02
4.823271e+02	-4.055120e-02
4.851130e+02	-4.104596e-02
4.879150e+02	-4.163294e-02
4.907332e+02	-4.226342e-02
4.935676e+02	-4.279249e-02
4.964185e+02	-4.313054e-02
4.992858e+02	-4.348577e-02
5.021696e+02	-4.415921e-02
5.050701e+02	-4.478405e-02
5.079874e+02	-4.517445e-02
5.109215e+02	-4.561627e-02
5.138726e+02	-4.609165e-02
5.168407e+02	-4.662478e-02
5.198259e+02	-4.739293e-02
5.228284e+02	-4.795714e-02
5.258482e+02	-4.826543e-02
5.288855e+02	-4.887054e-02
5.319403e+02	-4.954766e-02
5.350128e+02	-5.009390e-02
5.381030e+02	-5.067535e-02
5.412111e+02	-5.115025e-02
5.443371e+02	-5.179212e-02
5.474812e+02	-5.232899e-02
5.506434e+02	-5.307495e-02
5.538239e+02	-5.355931e-02
5.570228e+02	-5.426865e-02
5.602401e+02	-5.484038e-02
5.634760e+02	-5.538770e-02
5.667306e+02	-5.619105e-02
5.700040e+02	-5.662829e-02
5.732964e+02	-5.740817e-02
5.766077e+02	-5.804626e-02
5.799382e+02	-5.860286e-02
5.832879e+02	-5.945728e-02
5.866569e+02	-6.017351e-02
5.900454e+02	-6.070688e-02
5.934535e+02	-6.156872e-02
5.968813e+02	-6.216572e-02
6.003288e+02	-6.295168e-02
6.037963e+02	-6.374092e-02
6.072838e+02	-6.441868e-02
6.107914e+02	-6.502518e-02
6.143194e+02	-6.589988e-02
6.178676e+02	-6.658312e-02
6.214364e+02	-6.747627e-02
6.250258e+02	-6.807658e-02
6.286359e+02	-6.893630e-02
6.322669e+02	-6.981366e-02
6.359189e+02	-7.060563e-02
6.395919e+02	-7.129446e-02
6.432862e+02	-7.235000e-02
6.470017e+02	-7.300080e-02
6.507388e+02	-7.381419e-02
6.544974e+02	-7.473241e-02
6.582778e+02	-7.560048e-02
6.620800e+02	-7.658821e-02
6.659041e+02	-7.720466e-02
6.697504e+02	-7.811864e-02
6.736188e+02	-7.906168e-02
6.775096e+02	-7.994722e-02
6.814229e+02	-8.081005e-02
6.853587e+02	-8.170069e-02
6.893173e+02	-8.281075e-02
6.932988e+02	-8.379400e-02
6.973033e+02	-8.472615e-02
7.013309e+02	-8.570601e-02
7.053817e+02	-8.659470e-02
7.094560e+02	-8.754465e-02
7.135538e+02	-8.859230e-02
7.176752e+02	-8.954608e-02
7.218205e+02	-9.071522e-02
7.259897e+02	-9.183221e-02
7.301830e+02	-9.264590e-02
7.344005e+02	-9.398845e-02
7.386424e+02	-9.498291e-02
7.429087e+02	-9.601392e-02
7.471998e+02	-9.705873e-02
7.515155e+02	-9.805297e-02
7.558563e+02	-9.947562e-02
7.602221e+02	-1.004300e-01
7.646131e+02	-1.016834e-01
7.690295e+02	-1.028457e-01
7.734713e+02	-1.039521e-01
7.779389e+02	-1.053277e-01
7.824322e+02	-1.062482e-01
7.869515e+02	-1.076046e-01
7.914969e+02	-1.088799e-01
7.960686e+02	-1.100136e-01
8.006666e+02	-1.114732e-01
8.052912e+02	-1.125955e-01
8.099426e+02	-1.138192e-01
8.146208e+02	-1.151020e-01
8.193260e+02	-1.164320e-01
8.240584e+02	-1.178749e-01
8.288181e+02	-1.191606e-01
8.336053e+02	-1.204586e-01
8.384202e+02	-1.218697e-01
8.432629e+02	-1.232572e-01
8.481335e+02	-1.246002e-01
8.530323e+02	-1.262291e-01
8.579594e+02	-1.276680e-01
8.629149e+02	-1.290963e-01
8.678991e+02	-1.305783e-01
8.729120e+02	-1.320673e-01
8.779539e+02	-1.335400e-01
8.830250e+02	-1.349872e-01
8.881253e+02	-1.366487e-01
8.932551e+02	-1.381169e-01
8.984145e+02	-1.398040e-01
9.036037e+02	-1.413420e-01
9.088229e+02	-1.430115e-01
9.140722e+02	-1.445999e-01
9.193518e+02	-1.461263e-01
9.246620e+02	-1.479795e-01
9.300028e+02	-1.495015e-01
9.353744e+02	-1.512661e-01
9.407771e+02	-1.529354e-01
9.462110e+02	-1.547796e-01
9.516763e+02	-1.563700e-01
9.571731e+02	-1.581202e-01
9.627017e+02	-1.600308e-01
9.682622e+02	-1.618084e-01
9.738549e+02	-1.637874e-01
9.794798e+02	-1.655748e-01
9.851373e+02	-1.673799e-01
9.908274e+02	-1.693351e-01
9.965504e+02	-1.711648e-01
1.002306e+03	-1.731351e-01
1.008096e+03	-1.752273e-01
1.013918e+03	-1.770490e-01
1.019775e+03	-1.791841e-01
1.025665e+03	-1.812346e-01
1.031589e+03	-1.833480e-01
1.037548e+03	-1.851908e-01
1.043540e+03	-1.873369e-01
1.049568e+03	-1.894416e-01
1.055630e+03	-1.917196e-01
1.061727e+03	-1.937208e-01
1.067860e+03	-1.959023e-01
1.074028e+03	-1.983216e-01
1.080231e+03	-2.004976e-01
1.086471e+03	-2.028195e-01
1.092746e+03	-2.051502e-01
1.099058e+03	-2.073964e-01
1.105406e+03	-2.096331e-01
1.111791e+03	-2.119793e-01
1.118212e+03	-2.145728e-01
1.124671e+03	-2.169284e-01
1.131167e+03	-2.194249e-01
1.137701e+03	-2.219078e-01
1.144272e+03	-2.244563e-01
1.150881e+03	-2.269652e-01
1.157529e+03	-2.294105e-01
1.164215e+03	-2.320928e-01
1.170939e+03	-2.348281e-01
1.177702e+03	-2.372138e-01
1.184505e+03	-2.400849e-01
1.191346e+03	-2.427293e-01
1.198227e+03	-2.454717e-01
1.205148e+03	-2.482047e-01
1.212109e+03	-2.510342e-01
1.219110e+03	-2.537940e-01
1.226152e+03	-2.565575e-01
1.233234e+03	-2.595199e-01
1.240357e+03	-2.624755e-01
1.247521e+03	-2.655501e-01
1.254727e+03	-2.684461e-01
1.261974e+03	-2.714460e-01
1.269263e+03	-2.745208e-01
1.276595e+03	-2.775025e-01
1.283968e+03	-2.805646e-01
1.291384e+03	-2.839296e-01
1.298843e+03	-2.870628e-01
1.306345e+03	-2.902781e-01
1.313891e+03	-2.935629e-01
1.321480e+03	-2.968999e-01
1.329113e+03	-3.000367e-01
1.336790e+03	-3.033217e-01
1.344511e+03	-3.068542e-01
1.352277e+03	-3.100998e-01
1.360087e+03	-3.137060e-01
1.367943e+03	-3.172597e-01
1.375844e+03	-3.206369e-01
1.383791e+03	-3.243624e-01
1.391784e+03	-3.279378e-01
1.399823e+03	-3.314851e-01
1.407908e+03	-3.352865e-01
1.416040e+03	-3.392185e-01
1.424219e+03	-3.427660e-01
1.432445e+03	-3.465245e-01
1.440719e+03	-3.506135e-01
1.449041e+03	-3.544452e-01
1.457410e+03	-3.583180e-01
1.465828e+03	-3.621674e-01
1.474295e+03	-3.664283e-01
1.482810e+03	-3.706054e-01
1.491375e+03	-3.745846e-01
1.499989e+03	-3.786699e-01
1.508653e+03	-3.829533e-01
1.517367e+03	-3.870950e-01
1.526131e+03	-3.913887e-01
1.534946e+03	-3.958707e-01
1.543812e+03	-4.001582e-01
1.552729e+03	-4.045167e-01
1.561697e+03	-4.088383e-01
1.570717e+03	-4.134912e-01
1.579790e+03	-4.180679e-01
1.588915e+03	-4.226800e-01
1.598092e+03	-4.273160e-01
1.607323e+03	-4.320941e-01
1.616606e+03	-4.369078e-01
1.625944e+03	-4.416135e-01
1.635335e+03	-4.464876e-01
1.644781e+03	-4.514855e-01
1.654281e+03	-4.562585e-01
1.663836e+03	-4.614491e-01
1.673446e+03	-4.665449e-01
1.683112e+03	-4.716030e-01
1.692834e+03	-4.766959e-01
1.702611e+03	-4.819669e-01
1.712446e+03	-4.873988e-01
1.722337e+03	-4.926801e-01
1.732285e+03	-4.979796e-01
1.742290e+03	-5.034032e-01
1.752354e+03	-5.088000e-01
1.762475e+03	-5.145629e-01
1.772655e+03	-5.201651e-01
1.782894e+03	-5.256187e-01
1.793192e+03	-5.315510e-01
1.803549e+03	-5.372115e-01
1.813967e+03	-5.431185e-01
1.824444e+03	-5.490558e-01
1.834982e+03	-5.551194e-01
1.845581e+03	-5.609877e-01
1.856241e+03	-5.671604e-01
1.866962e+03	-5.736102e-01
1.877746e+03	-5.794829e-01
1.888592e+03	-5.857442e-01
1.899500e+03	-5.922365e-01
1.910472e+03	-5.986142e-01
1.921506e+03	-6.050157e-01
1.932605e+03	-6.115685e-01
1.943768e+03	-6.181057e-01
1.954995e+03	-6.248007e-01
1.966287e+03	-6.317239e-01
1.977644e+03	-6.385115e-01
1.989067e+03	-6.450469e-01
2.000555e+03	-6.521391e-01
2.012110e+03	-6.591346e-01
2.023732e+03	-6.662353e-01
2.035421e+03	-6.733652e-01
2.047178e+03	-6.806843e-01
2.059002e+03	-6.880131e-01
2.070895e+03	-6.954230e-01
2.082856e+03	-7.027825e-01
2.094887e+03	-7.100647e-01
2.106987e+03	-7.177434e-01
2.119157e+03	-7.254888e-01
2.131397e+03	-7.331987e-01
2.143708e+03	-7.410770e-01
2.156090e+03	-7.486556e-01
2.168543e+03	-7.568519e-01
2.181069e+03	-7.649666e-01
2.193666e+03	-7.731433e-01
2.206337e+03	-7.812229e-01
2.219081e+03	-7.893399e-01
2.231898e+03	-7.977938e-01
2.244789e+03	-8.060297e-01
2.257755e+03	-8.147809e-01
2.270796e+03	-8.232925e-01
2.283912e+03	-8.320508e-01
2.297104e+03	-8.408976e-01
2.310372e+03	-8.495957e-01
2.323716e+03	-8.588116e-01
2.337138e+03	-8.675056e-01
2.350637e+03	-8.763889e-01
2.364214e+03	-8.859319e-01
2.377870e+03	-8.950301e-01
2.391604e+03	-9.042813e-01
2.405418e+03	-9.137616e-01
2.419312e+03	-9.234295e-01
2.433286e+03	-9.329236e-01
2.447340e+03	-9.426701e-01
2.461476e+03	-9.526059e-01
2.475693e+03	-9.624414e-01
2.489993e+03	-9.724892e-01
2.504375e+03	-9.825206e-01
2.518840e+03	-9.924997e-01
2.533389e+03	-1.002844e+00
2.548022e+03	-1.013241e+00
2.562739e+03	-1.023753e+00
2.577541e+03	-1.034217e+00
2.592429e+03	-1.044970e+00
2.607403e+03	-1.055736e+00
2.622463e+03	-1.066401e+00
2.637610e+03	-1.077417e+00
2.652845e+03	-1.088629e+00
2.668168e+03	-1.099594e+00
2.683579e+03	-1.110742e+00
2.699079e+03	-1.122072e+00
2.714669e+03	-1.133473e+00
2.730349e+03	-1.145176e+00
2.746119e+03	-1.156827e+00
2.761981e+03	-1.168594e+00
2.777934e+03	-1.180407e+00
2.793979e+03	-1.192129e+00
2.810117e+03	-1.204276e+00
2.826348e+03	-1.216487e+00
2.842673e+03	-1.228862e+00
2.859092e+03	-1.241087e+00
2.875606e+03	-1.253716e+00
2.892215e+03	-1.266185e+00
2.908921e+03	-1.278913e+00
2.925722e+03	-1.291862e+00
2.942621e+03	-1.304708e+00
2.959618e+03	-1.317622e+00
2.976712e+03	-1.330684e+00
2.993906e+03	-1.343811e+00
3.011198e+03	-1.357331e+00
3.028591e+03	-1.370567e+00
3.046084e+03	-1.384446e+00
3.063678e+03	-1.398075e+00
3.081374e+03	-1.412124e+00
3.099172e+03	-1.425743e+00
3.117072e+03	-1.439918e+00
3.135076e+03	-1.453870e+00
3.153184e+03	-1.468404e+00
3.171397e+03	-1.482729e+00
3.189715e+03	-1.497259e+00
3.208139e+03	-1.511641e+00
3.226669e+03	-1.526351e+00
3.245306e+03	-1.541366e+00
3.264051e+03	-1.556543e+00
3.282904e+03	-1.571449e+00
3.301866e+03	-1.586858e+00
3.320937e+03	-1.602041e+00
3.340119e+03	-1.617717e+00
3.359411e+03	-1.633422e+00
3.378815e+03	-1.648935e+00
3.398331e+03	-1.664928e+00
3.417959e+03	-1.680939e+00
3.437701e+03	-1.696843e+00
3.457557e+03	-1.713245e+00
3.477528e+03	-1.729432e+00
3.497614e+03	-1.745766e+00
3.517816e+03	-1.762567e+00
3.538135e+03	-1.779402e+00
3.558571e+03	-1.796278e+00
3.579125e+03	-1.813018e+00
3.599798e+03	-1.830266e+00
3.620590e+03	-1.847408e+00
3.641503e+03	-1.864884e+00
3.662536e+03	-1.882191e+00
3.683691e+03	-1.899993e+00
3.704967e+03	-1.917845e+00
3.726367e+03	-1.935668e+00
3.747890e+03	-1.953692e+00
3.769538e+03	-1.971621e+00
3.791311e+03	-1.990117e+00
3.813209e+03	-2.008335e+00
3.835234e+03	-2.027198e+00
3.857386e+03	-2.045872e+00
3.879667e+03	-2.064702e+00
3.902075e+03	-2.083613e+00
3.924614e+03	-2.102532e+00
3.947282e+03	-2.121881e+00
3.970081e+03	-2.141278e+00
3.993012e+03	-2.160923e+00
4.016076e+03	-2.180501e+00
4.039272e+03	-2.200196e+00
4.062603e+03	-2.220322e+00
4.086069e+03	-2.240105e+00
4.109670e+03	-2.260277e+00
4.133407e+03	-2.280844e+00
4.157281e+03	-2.301245e+00
4.181294e+03	-2.321705e+00
4.205445e+03	-2.342689e+00
4.229735e+03	-2.363475e+00
4.254166e+03	-2.384553e+00
4.278738e+03	-2.405686e+00
4.303451e+03	-2.427040e+00
4.328308e+03	-2.448257e+00
4.353308e+03	-2.469943e+00
4.378453e+03	-2.491822e+00
4.403742e+03	-2.513532e+00
4.429178e+03	-2.535465e+00
4.454761e+03	-2.557674e+00
4.480492e+03	-2.579958e+00
4.506371e+03	-2.602446e+00
4.532399e+03	-2.625118e+00
4.558578e+03	-2.647703e+00
4.584908e+03	-2.670457e+00
4.611391e+03	-2.693617e+00
4.638026e+03	-2.716764e+00
4.664815e+03	-2.740017e+00
4.691759e+03	-2.763391e+00
4.718858e+03	-2.787016e+00
4.746114e+03	-2.810716e+00
4.773527e+03	-2.834587e+00
4.801099e+03	-2.858346e+00
4.828830e+03	-2.882608e+00
4.856721e+03	-2.906775e+00
4.884773e+03	-2.931433e+00
4.912988e+03	-2.955757e+00
4.941365e+03	-2.980822e+00
4.969906e+03	-3.005347e+00
4.998612e+03	-3.030397e+00
5.027484e+03	-3.055589e+00
5.056522e+03	-3.081005e+00
5.085729e+03	-3.106047e+00
5.115104e+03	-3.131694e+00
5.144648e+03	-3.157608e+00
5.174363e+03	-3.183323e+00
5.204250e+03	-3.209120e+00
5.234310e+03	-3.235518e+00
5.264543e+03	-3.261718e+00
5.294951e+03	-3.288142e+00
5.325534e+03	-3.314451e+00
5.356294e+03	-3.341553e+00
5.387232e+03	-3.368187e+00
5.418348e+03	-3.395119e+00
5.449645e+03	-3.422332e+00
5.481122e+03	-3.449448e+00
5.512780e+03	-3.477074e+00
5.544622e+03	-3.504504e+00
5.576647e+03	-3.532319e+00
5.608858e+03	-3.559752e+00
5.641254e+03	-3.587892e+00
5.673838e+03	-3.616149e+00
5.706610e+03	-3.644189e+00
5.739571e+03	-3.672848e+00
5.772723e+03	-3.701240e+00
5.806066e+03	-3.729851e+00
5.839601e+03	-3.758727e+00
5.873331e+03	-3.787573e+00
5.907255e+03	-3.816524e+00
5.941375e+03	-3.846012e+00
5.975692e+03	-3.875366e+00
6.010207e+03	-3.904718e+00
6.044922e+03	-3.934237e+00
6.079837e+03	-3.963796e+00
6.114954e+03	-3.994035e+00
6.150274e+03	-4.024009e+00
6.185797e+03	-4.053982e+00
6.221526e+03	-4.084193e+00
6.257462e+03	-4.114772e+00
6.293605e+03	-4.145350e+00
6.329956e+03	-4.176293e+00
6.366518e+03	-4.206723e+00
6.403290e+03	-4.237782e+00
6.440276e+03	-4.269041e+00
6.477474e+03	-4.300196e+00
6.514888e+03	-4.331833e+00
6.552518e+03	-4.362995e+00
6.590365e+03	-4.395041e+00
6.628430e+03	-4.426276e+00
6.666716e+03	-4.458423e+00
6.705223e+03	-4.490494e+00
6.743952e+03	-4.522628e+00
6.782905e+03	-4.555033e+00
6.822082e+03	-4.587342e+00
6.861486e+03	-4.619864e+00
6.901118e+03	-4.652299e+00
6.940979e+03	-4.685150e+00
6.981069e+03	-4.717950e+00
7.021392e+03	-4.751179e+00
7.061947e+03	-4.784148e+00
7.102737e+03	-4.817711e+00
7.143762e+03	-4.851299e+00
7.185024e+03	-4.884532e+00
7.226524e+03	-4.918524e+00
7.268264e+03	-4.951915e+00
7.310246e+03	-4.985818e+00
7.352469e+03	-5.020030e+00
7.394937e+03	-5.054001e+00
7.437650e+03	-5.088269e+00
7.480609e+03	-5.122540e+00
7.523817e+03	-5.156988e+00
7.567274e+03	-5.191502e+00
7.610982e+03	-5.226134e+00
7.654943e+03	-5.261209e+00
7.699158e+03	-5.296141e+00
7.743628e+03	-5.331524e+00
7.788355e+03	-5.366483e+00
7.833340e+03	-5.401765e+00
7.878585e+03	-5.437042e+00
7.924091e+03	-5.472596e+00
7.969861e+03	-5.508749e+00
8.015894e+03	-5.544282e+00
8.062194e+03	-5.580184e+00
8.108761e+03	-5.616055e+00
8.155596e+03	-5.651994e+00
8.202703e+03	-5.687992e+00
8.250081e+03	-5.724470e+00
8.297733e+03	-5.761154e+00
8.345661e+03	-5.797505e+00
8.393865e+03	-5.834217e+00
8.442348e+03	-5.871234e+00
8.491110e+03	-5.907976e+00
8.540155e+03	-5.944678e+00
8.589482e+03	-5.981962e+00
8.639095e+03	-6.018650e+00
8.688994e+03	-6.056182e+00
8.739181e+03	-6.093605e+00
8.789658e+03	-6.131101e+00
8.840427e+03	-6.168945e+00
8.891489e+03	-6.205863e+00
8.942846e+03	-6.243664e+00
8.994499e+03	-6.281644e+00
9.046451e+03	-6.319776e+00
9.098703e+03	-6.357824e+00
9.151257e+03	-6.395985e+00
9.204114e+03	-6.434419e+00
9.257277e+03	-6.472643e+00
9.310746e+03	-6.510980e+00
9.364525e+03	-6.549611e+00
9.418614e+03	-6.588240e+00
9.473015e+03	-6.626631e+00
9.527731e+03	-6.665856e+00
9.582763e+03	-6.704908e+00
9.638113e+03	-6.743838e+00
9.693782e+03	-6.783152e+00
9.749773e+03	-6.822051e+00
9.806087e+03	-6.860968e+00
9.862727e+03	-6.900621e+00
9.919693e+03	-6.939819e+00
9.976989e+03	-6.979334e+00
1.003462e+04	-7.019183e+00
1.009258e+04	-7.058719e+00
1.015087e+04	-7.098722e+00
1.020950e+04	-7.138211e+00
1.026847e+04	-7.178632e+00
1.032778e+04	-7.217912e+00
1.038743e+04	-7.258680e+00
1.044743e+04	-7.298521e+00
1.050777e+04	-7.338593e+00
1.056847e+04	-7.379359e+00
1.062951e+04	-7.419439e+00
1.069091e+04	-7.459936e+00
1.075266e+04	-7.500568e+00
1.081476e+04	-7.541188e+00
1.087723e+04	-7.582228e+00
1.094006e+04	-7.623020e+00
1.100324e+04	-7.663791e+00
1.106680e+04	-7.704423e+00
1.113072e+04	-7.745655e+00
1.119501e+04	-7.786366e+00
1.125967e+04	-7.827775e+00
1.132471e+04	-7.869079e+00
1.139012e+04	-7.910446e+00
1.145591e+04	-7.951381e+00
1.152208e+04	-7.992976e+00
1.158863e+04	-8.034582e+00
1.165556e+04	-8.076532e+00
1.172289e+04	-8.118055e+00
1.179060e+04	-8.159432e+00
1.185870e+04	-8.201235e+00
1.192719e+04	-8.243252e+00
1.199608e+04	-8.285141e+00
1.206537e+04	-8.326857e+00
1.213506e+04	-8.368962e+00
1.220515e+04	-8.410903e+00
1.227565e+04	-8.453291e+00
1.234655e+04	-8.495378e+00
1.241787e+04	-8.537679e+00
1.248959e+04	-8.579809e+00
1.256173e+04	-8.622161e+00
1.263429e+04	-8.664485e+00
1.270726e+04	-8.707225e+00
1.278066e+04	-8.749756e+00
1.285448e+04	-8.792007e+00
1.292873e+04	-8.835038e+00
1.300340e+04	-8.877587e+00
1.307851e+04	-8.920672e+00
1.315405e+04	-8.963156e+00
1.323003e+04	-9.006395e+00
1.330644e+04	-9.048778e+00
1.338330e+04	-9.092092e+00
1.346060e+04	-9.134791e+00
1.353835e+04	-9.178126e+00
1.361655e+04	-9.221094e+00
1.369520e+04	-9.264970e+00
1.377430e+04	-9.307580e+00
1.385386e+04	-9.350057e+00
1.393388e+04	-9.394120e+00
1.401436e+04	-9.437643e+00
1.409531e+04	-9.480935e+00
1.417672e+04	-9.524728e+00
1.425861e+04	-9.567905e+00
1.434096e+04	-9.611296e+00
1.442379e+04	-9.654568e+00
1.450711e+04	-9.698358e+00
1.459090e+04	-9.742386e+00
1.467518e+04	-9.785659e+00
1.475994e+04	-9.829508e+00
1.484519e+04	-9.873027e+00
1.493094e+04	-9.916990e+00
1.501718e+04	-9.960835e+00
1.510392e+04	-1.000428e+01
1.519116e+04	-1.004815e+01
1.527890e+04	-1.009265e+01
1.536715e+04	-1.013653e+01
1.545591e+04	-1.018021e+01
1.554518e+04	-1.022445e+01
1.563497e+04	-1.026820e+01
1.572528e+04	-1.031258e+01
1.581611e+04	-1.035630e+01
1.590746e+04	-1.040111e+01
1.599934e+04	-1.044566e+01
1.609175e+04	-1.048930e+01
1.618470e+04	-1.053407e+01
1.627818e+04	-1.057793e+01
1.637220e+04	-1.062208e+01
1.646677e+04	-1.066639e+01
1.656188e+04	-1.071118e+01
1.665754e+04	-1.075534e+01
1.675375e+04	-1.079929e+01
1.685052e+04	-1.084439e+01
1.694785e+04	-1.088914e+01
1.704574e+04	-1.093344e+01
1.714419e+04	-1.097795e+01
1.724322e+04	-1.102228e+01
1.734281e+04	-1.106709e+01
1.744299e+04	-1.111110e+01
1.754374e+04	-1.115638e+01
1.764507e+04	-1.120081e+01
1.774698e+04	-1.124479e+01
1.784949e+04	-1.128970e+01
1.795259e+04	-1.133436e+01
1.805628e+04	-1.137888e+01
1.816057e+04	-1.142317e+01
1.826547e+04	-1.146864e+01
1.837097e+04	-1.151341e+01
1.847708e+04	-1.155742e+01
1.858380e+04	-1.160251e+01
1.869114e+04	-1.164704e+01
1.879910e+04	-1.169217e+01
1.890768e+04	-1.173668e+01
1.901689e+04	-1.178197e+01
1.912673e+04	-1.182680e+01
1.923721e+04	-1.187110e+01
1.934832e+04	-1.191593e+01
1.946008e+04	-1.196102e+01
1.957248e+04	-1.200550e+01
1.968553e+04	-1.205075e+01
1.979923e+04	-1.209613e+01
1.991359e+04	-1.214041e+01
2.002861e+04	-1.218480e+01
2.014430e+04	-1.223014e+01
2.026065e+04	-1.227537e+01
2.037767e+04	-1.232035e+01
2.049537e+04	-1.236526e+01
2.061375e+04	-1.240999e+01
2.073282e+04	-1.245470e+01
2.085257e+04	-1.249938e+01
2.097301e+04	-1.254423e+01
2.109415e+04	-1.258952e+01
2.121599e+04	-1.263436e+01
2.133853e+04	-1.267975e+01
2.146178e+04	-1.272428e+01
2.158575e+04	-1.276962e+01
2.171043e+04	-1.281400e+01
2.183582e+04	-1.285875e+01
2.196195e+04	-1.290374e+01
2.208880e+04	-1.294909e+01
2.221638e+04	-1.299307e+01
2.234470e+04	-1.303844e+01
2.247377e+04	-1.308315e+01
2.260357e+04	-1.312831e+01
2.273413e+04	-1.317342e+01
2.286544e+04	-1.321754e+01
2.299751e+04	-1.326253e+01
2.313034e+04	-1.330826e+01
2.326394e+04	-1.335256e+01
2.339832e+04	-1.339668e+01
2.353346e+04	-1.344189e+01
2.366939e+04	-1.348669e+01
2.380610e+04	-1.353132e+01
2.394361e+04	-1.357609e+01
2.408191e+04	-1.362134e+01
2.422100e+04	-1.366658e+01
2.436090e+04	-1.371029e+01
2.450161e+04	-1.375463e+01
2.464313e+04	-1.380041e+01
2.478547e+04	-1.384383e+01
2.492863e+04	-1.388905e+01
2.507261e+04	-1.393366e+01
2.521743e+04	-1.397814e+01
2.536309e+04	-1.402272e+01
2.550958e+04	-1.406727e+01
2.565692e+04	-1.411163e+01
2.580512e+04	-1.415603e+01
2.595417e+04	-1.420033e+01
2.610408e+04	-1.424530e+01
2.625485e+04	-1.428945e+01
2.640650e+04	-1.433443e+01
2.655902e+04	-1.437807e+01
2.671243e+04	-1.442248e+01
2.686672e+04	-1.446715e+01
2.702190e+04	-1.451169e+01
2.717798e+04	-1.455618e+01
2.733495e+04	-1.459967e+01
2.749284e+04	-1.464335e+01
2.765164e+04	-1.468866e+01
2.781135e+04	-1.473186e+01
2.797199e+04	-1.477606e+01
2.813355e+04	-1.482058e+01
2.829605e+04	-1.486434e+01
2.845949e+04	-1.490830e+01
2.862387e+04	-1.495187e+01
2.878920e+04	-1.499671e+01
2.895549e+04	-1.503948e+01
2.912273e+04	-1.508366e+01
2.929094e+04	-1.512717e+01
2.946013e+04	-1.517142e+01
2.963029e+04	-1.521492e+01
2.980143e+04	-1.525905e+01
2.997356e+04	-1.530281e+01
3.014669e+04	-1.534501e+01
3.032081e+04	-1.539008e+01
3.049595e+04	-1.543275e+01
3.067209e+04	-1.547640e+01
3.084925e+04	-1.551959e+01
3.102743e+04	-1.556347e+01
3.120665e+04	-1.560643e+01
3.138690e+04	-1.564855e+01
3.156819e+04	-1.569291e+01
3.175052e+04	-1.573466e+01
3.193391e+04	-1.577925e+01
3.211836e+04	-1.582116e+01
3.230388e+04	-1.586413e+01
3.249046e+04	-1.590736e+01
3.267812e+04	-1.595098e+01
3.286687e+04	-1.599279e+01
3.305671e+04	-1.603586e+01
3.324764e+04	-1.607881e+01
3.343968e+04	-1.612197e+01
3.363283e+04	-1.616378e+01
3.382709e+04	-1.620539e+01
3.402247e+04	-1.624771e+01
3.421899e+04	-1.629065e+01
3.441663e+04	-1.633352e+01
3.461542e+04	-1.637532e+01
3.481536e+04	-1.641761e+01
3.501645e+04	-1.645877e+01
3.521871e+04	-1.650143e+01
3.542213e+04	-1.654279e+01
3.562672e+04	-1.658519e+01
3.583250e+04	-1.662713e+01
3.603947e+04	-1.666788e+01
3.624763e+04	-1.671047e+01
3.645700e+04	-1.675299e+01
3.666757e+04	-1.679280e+01
3.687936e+04	-1.683400e+01
3.709238e+04	-1.687590e+01
3.730662e+04	-1.691633e+01
3.752210e+04	-1.695750e+01
3.773883e+04	-1.699852e+01
3.795680e+04	-1.703973e+01
3.817604e+04	-1.708063e+01
3.839654e+04	-1.712159e+01
3.861832e+04	-1.716194e+01
3.884138e+04	-1.720225e+01
3.906573e+04	-1.724334e+01
3.929137e+04	-1.728205e+01
3.951831e+04	-1.732447e+01
3.974657e+04	-1.736291e+01
3.997614e+04	-1.740408e+01
4.020704e+04	-1.744393e+01
4.043928e+04	-1.748298e+01
4.067285e+04	-1.752249e+01
4.090778e+04	-1.756443e+01
4.114406e+04	-1.760177e+01
4.138171e+04	-1.764180e+01
4.162073e+04	-1.768128e+01
4.186113e+04	-1.772133e+01
4.210291e+04	-1.775976e+01
4.234610e+04	-1.779788e+01
4.259069e+04	-1.783738e+01
4.283669e+04	-1.787648e+01
4.308411e+04	-1.791461e+01
4.333297e+04	-1.795278e+01
4.358325e+04	-1.799123e+01
4.383499e+04	-1.802932e+01
4.408818e+04	-1.806757e+01
4.434283e+04	-1.810580e+01
4.459895e+04	-1.814423e+01
4.485655e+04	-1.818129e+01
4.511564e+04	-1.821814e+01
4.537623e+04	-1.825551e+01
4.563832e+04	-1.829385e+01
4.590193e+04	-1.833068e+01
4.616705e+04	-1.836814e+01
4.643371e+04	-1.840417e+01
4.670191e+04	-1.844158e+01
4.697166e+04	-1.847719e+01
4.724297e+04	-1.851476e+01
4.751584e+04	-1.855059e+01
4.779029e+04	-1.858564e+01
4.806633e+04	-1.862015e+01
4.834395e+04	-1.865799e+01
4.862319e+04	-1.869312e+01
4.890403e+04	-1.872958e+01
4.918650e+04	-1.876326e+01
4.947060e+04	-1.880003e+01
4.975634e+04	-1.883424e+01
5.004373e+04	-1.886937e+01
5.033278e+04	-1.890301e+01
5.062350e+04	-1.893746e+01
5.091590e+04	-1.897338e+01
5.120999e+04	-1.900680e+01
5.150578e+04	-1.904029e+01
5.180327e+04	-1.907494e+01
5.210248e+04	-1.910636e+01
5.240343e+04	-1.913897e+01
5.270611e+04	-1.917355e+01
5.301053e+04	-1.920697e+01
5.331672e+04	-1.923816e+01
5.362468e+04	-1.927149e+01
5.393441e+04	-1.930522e+01
5.424593e+04	-1.933649e+01
5.455926e+04	-1.936938e+01
5.487439e+04	-1.939782e+01
5.519134e+04	-1.943064e+01
5.551012e+04	-1.946035e+01
5.583075e+04	-1.949112e+01
5.615322e+04	-1.952381e+01
5.647756e+04	-1.955437e+01
5.680377e+04	-1.958488e+01
5.713187e+04	-1.961405e+01
5.746186e+04	-1.964400e+01
5.779376e+04	-1.967234e+01
5.812757e+04	-1.970289e+01
5.846332e+04	-1.973068e+01
5.880100e+04	-1.976075e+01
5.914063e+04	-1.978924e+01
5.948222e+04	-1.981885e+01
5.982579e+04	-1.984409e+01
6.017134e+04	-1.987203e+01
6.051889e+04	-1.990029e+01
6.086844e+04	-1.992670e+01
6.122002e+04	-1.995414e+01
6.157362e+04	-1.998012e+01
6.192927e+04	-2.000738e+01
6.228697e+04	-2.003419e+01
6.264674e+04	-2.005684e+01
6.300858e+04	-2.008244e+01
6.337252e+04	-2.010712e+01
6.373855e+04	-2.013192e+01
6.410670e+04	-2.015786e+01
6.447698e+04	-2.018072e+01
6.484940e+04	-2.020478e+01
6.522397e+04	-2.022892e+01
6.560070e+04	-2.025206e+01
6.597960e+04	-2.027384e+01
6.636070e+04	-2.029691e+01
6.674400e+04	-2.031904e+01
6.712951e+04	-2.034049e+01
6.751724e+04	-2.036141e+01
6.790722e+04	-2.038279e+01
6.829945e+04	-2.040352e+01
6.869395e+04	-2.042211e+01
6.909072e+04	-2.044367e+01
6.948978e+04	-2.046198e+01
6.989115e+04	-2.048289e+01
7.029484e+04	-2.050154e+01
7.070086e+04	-2.051816e+01
7.110923e+04	-2.053491e+01
7.151995e+04	-2.055340e+01
7.193305e+04	-2.056890e+01
7.234853e+04	-2.058606e+01
7.276641e+04	-2.060374e+01
7.318671e+04	-2.061713e+01
7.360943e+04	-2.063409e+01
7.403460e+04	-2.064916e+01
7.446222e+04	-2.066346e+01
7.489231e+04	-2.067487e+01
7.532488e+04	-2.068965e+01
7.575996e+04	-2.070141e+01
7.619754e+04	-2.071351e+01
7.663766e+04	-2.072489e+01
7.708031e+04	-2.073721e+01
7.752553e+04	-2.074785e+01
7.797331e+04	-2.075628e+01
7.842368e+04	-2.076720e+01
7.887665e+04	-2.077892e+01
7.933224e+04	-2.078483e+01
7.979046e+04	-2.079243e+01
8.025133e+04	-2.079963e+01
8.071486e+04	-2.080563e+01
8.118106e+04	-2.081257e+01
8.164996e+04	-2.081820e+01
8.212157e+04	-2.082414e+01
8.259590e+04	-2.082697e+01
8.307297e+04	-2.082910e+01
8.355279e+04	-2.083335e+01
8.403539e+04	-2.083683e+01
8.452078e+04	-2.083912e+01
8.500897e+04	-2.083938e+01
8.549997e+04	-2.083776e+01
8.599382e+04	-2.083690e+01
8.649052e+04	-2.083712e+01
8.699008e+04	-2.083518e+01
8.749253e+04	-2.083374e+01
8.799789e+04	-2.082737e+01
8.850616e+04	-2.082447e+01
8.901737e+04	-2.081946e+01
8.953153e+04	-2.081422e+01
9.004866e+04	-2.080701e+01
9.056877e+04	-2.080167e+01
9.109190e+04	-2.079179e+01
9.161804e+04	-2.078137e+01
9.214722e+04	-2.077129e+01
9.267946e+04	-2.075869e+01
9.321477e+04	-2.075007e+01
9.375318e+04	-2.073546e+01
9.429469e+04	-2.072012e+01
9.483933e+04	-2.070889e+01
9.538712e+04	-2.069164e+01
9.593807e+04	-2.067523e+01
9.649221e+04	-2.065498e+01
9.704954e+04	-2.063811e+01
9.761010e+04	-2.061657e+01
9.817389e+04	-2.059553e+01
9.874094e+04	-2.057312e+01
9.931126e+04	-2.054992e+01
9.988488e+04	-2.052684e+01
1.004618e+05	-2.049957e+01
1.010421e+05	-2.047265e+01
1.016257e+05	-2.044636e+01
1.022127e+05	-2.041748e+01
1.028031e+05	-2.038484e+01
1.033968e+05	-2.035318e+01
1.039941e+05	-2.032082e+01
1.045947e+05	-2.028597e+01
1.051989e+05	-2.024949e+01
1.058065e+05	-2.021216e+01
1.064176e+05	-2.017072e+01
1.070323e+05	-2.013270e+01
1.076505e+05	-2.008752e+01
1.082723e+05	-2.004481e+01
1.088977e+05	-2.000072e+01
1.095266e+05	-1.995413e+01
1.101593e+05	-1.990438e+01
1.107955e+05	-1.985455e+01
1.114355e+05	-1.980177e+01
1.120791e+05	-1.974782e+01
1.127265e+05	-1.968979e+01
1.133776e+05	-1.963472e+01
1.140325e+05	-1.957182e+01
1.146911e+05	-1.951172e+01
1.153536e+05	-1.944741e+01
1.160198e+05	-1.938096e+01
1.166900e+05	-1.931120e+01
1.173640e+05	-1.924090e+01
1.180419e+05	-1.916898e+01
1.187237e+05	-1.909237e+01
1.194094e+05	-1.901414e+01
1.200991e+05	-1.893457e+01
1.207928e+05	-1.885108e+01
1.214905e+05	-1.876409e+01
1.221922e+05	-1.867599e+01
1.228980e+05	-1.858596e+01
1.236078e+05	-1.849106e+01
1.243218e+05	-1.839288e+01
1.250399e+05	-1.829263e+01
1.257621e+05	-1.818785e+01
1.264885e+05	-1.808051e+01
1.272191e+05	-1.796898e+01
1.279539e+05	-1.785481e+01
1.286930e+05	-1.773687e+01
1.294363e+05	-1.761414e+01
1.301839e+05	-1.748677e+01
1.309358e+05	-1.735652e+01
1.316921e+05	-1.722201e+01
1.324528e+05	-1.708201e+01
1.332178e+05	-1.693762e+01
1.339873e+05	-1.678889e+01
1.347612e+05	-1.663439e+01
1.355395e+05	-1.647517e+01
1.363224e+05	-1.631119e+01
1.371098e+05	-1.613917e+01
1.379018e+05	-1.596283e+01
1.386983e+05	-1.577931e+01
1.394994e+05	-1.558880e+01
1.403051e+05	-1.539270e+01
1.411155e+05	-1.518756e+01
1.419306e+05	-1.497502e+01
1.427504e+05	-1.475581e+01
1.435749e+05	-1.452757e+01
1.444042e+05	-1.428888e+01
1.452383e+05	-1.404267e+01
1.460772e+05	-1.378524e+01
1.469209e+05	-1.351890e+01
1.477695e+05	-1.324118e+01
1.486230e+05	-1.295055e+01
1.494814e+05	-1.264824e+01
1.503448e+05	-1.233317e+01
1.512132e+05	-1.200368e+01
1.520866e+05	-1.166114e+01
1.529651e+05	-1.130274e+01
1.538486e+05	-1.092826e+01
1.547372e+05	-1.053748e+01
1.556310e+05	-1.012906e+01
1.565299e+05	-9.704049e+00
1.574340e+05	-9.259842e+00
1.583433e+05	-8.798875e+00
1.592579e+05	-8.320843e+00
1.601778e+05	-7.828468e+00
1.611030e+05	-7.324351e+00
1.620335e+05	-6.813828e+00
1.629694e+05	-6.305314e+00
1.639107e+05	-5.808853e+00
1.648574e+05	-5.340257e+00
1.658097e+05	-4.919140e+00
1.667674e+05	-4.568483e+00
1.677306e+05	-4.312950e+00
1.686994e+05	-4.174524e+00
1.696738e+05	-4.167308e+00
1.706538e+05	-4.294160e+00
1.716395e+05	-4.546432e+00
1.726309e+05	-4.905476e+00
1.736280e+05	-5.347024e+00
1.746309e+05	-5.848044e+00
1.756395e+05	-6.384826e+00
1.766540e+05	-6.941938e+00
1.776744e+05	-7.505544e+00
1.787006e+05	-8.065933e+00
1.797328e+05	-8.616939e+00
1.807709e+05	-9.153988e+00
1.818150e+05	-9.674514e+00
1.828652e+05	-1.017764e+01
1.839214e+05	-1.066327e+01
1.849837e+05	-1.112994e+01
1.860522e+05	-1.157836e+01
1.871268e+05	-1.201043e+01
1.882077e+05	-1.242458e+01
1.892948e+05	-1.282352e+01
1.903881e+05	-1.320608e+01
1.914878e+05	-1.357307e+01
1.925938e+05	-1.392864e+01
1.937062e+05	-1.426778e+01
1.948251e+05	-1.459549e+01
1.959504e+05	-1.491116e+01
1.970822e+05	-1.521533e+01
1.982205e+05	-1.550879e+01
1.993654e+05	-1.579038e+01
2.005169e+05	-1.606220e+01
2.016751e+05	-1.632259e+01
2.028400e+05	-1.657513e+01
2.040116e+05	-1.681938e+01
2.051899e+05	-1.705356e+01
2.063751e+05	-1.727951e+01
2.075671e+05	-1.749740e+01
2.087660e+05	-1.770855e+01
2.099719e+05	-1.791027e+01
2.111846e+05	-1.810486e+01
2.124044e+05	-1.829348e+01
2.136313e+05	-1.847632e+01
2.148652e+05	-1.864727e+01
2.161063e+05	-1.881524e+01
2.173545e+05	-1.897645e+01
2.186099e+05	-1.912983e+01
2.198726e+05	-1.927641e+01
2.211426e+05	-1.941688e+01
2.224199e+05	-1.955491e+01
2.237046e+05	-1.968385e+01
2.249967e+05	-1.980630e+01
2.262962e+05	-1.992410e+01
2.276033e+05	-2.003337e+01
2.289179e+05	-2.013948e+01
2.302402e+05	-2.023868e+01
2.315700e+05	-2.033329e+01
2.329076e+05	-2.042087e+01
2.342528e+05	-2.050092e+01
2.356059e+05	-2.057855e+01
2.369667e+05	-2.064823e+01
2.383354e+05	-2.071212e+01
2.397120e+05	-2.077302e+01
2.410966e+05	-2.082405e+01
2.424892e+05	-2.087008e+01
2.438898e+05	-2.091141e+01
2.452985e+05	-2.094632e+01
2.467153e+05	-2.097457e+01
2.481403e+05	-2.099707e+01
2.495736e+05	-2.101377e+01
2.510151e+05	-2.102472e+01
2.524650e+05	-2.102571e+01
2.539232e+05	-2.102268e+01
2.553898e+05	-2.101310e+01
2.568650e+05	-2.099544e+01
2.583486e+05	-2.097103e+01
2.598408e+05	-2.093847e+01
2.613416e+05	-2.090041e+01
2.628511e+05	-2.085740e+01
2.643694e+05	-2.080225e+01
2.658963e+05	-2.073954e+01
2.674321e+05	-2.066961e+01
2.689768e+05	-2.058820e+01
2.705304e+05	-2.050104e+01
2.720930e+05	-2.040422e+01
2.736646e+05	-2.029806e+01
2.752453e+05	-2.018181e+01
2.768351e+05	-2.005319e+01
2.784341e+05	-1.991580e+01
2.800423e+05	-1.976670e+01
2.816598e+05	-1.960560e+01
2.832867e+05	-1.943419e+01
2.849229e+05	-1.924587e+01
2.865686e+05	-1.904706e+01
2.882238e+05	-1.883164e+01
2.898886e+05	-1.860141e+01
2.915630e+05	-1.835466e+01
2.932470e+05	-1.809199e+01
2.949408e+05	-1.780920e+01
2.966444e+05	-1.750666e+01
2.983578e+05	-1.718380e+01
3.000811e+05	-1.683806e+01
3.018143e+05	-1.646739e+01
3.035576e+05	-1.607002e+01
3.053109e+05	-1.564509e+01
3.070744e+05	-1.518748e+01
3.088481e+05	-1.469862e+01
3.106320e+05	-1.417403e+01
3.124261e+05	-1.361198e+01
3.142307e+05	-1.300850e+01
3.160457e+05	-1.236407e+01
3.178712e+05	-1.167954e+01
3.197072e+05	-1.095761e+01
3.215538e+05	-1.020739e+01
3.234111e+05	-9.448899e+00
3.252791e+05	-8.714486e+00
3.271579e+05	-8.057465e+00
3.290475e+05	-7.550644e+00
3.309481e+05	-7.272878e+00
3.328596e+05	-7.280397e+00
3.347822e+05	-7.577925e+00
3.367159e+05	-8.115801e+00
3.386608e+05	-8.816998e+00
3.406169e+05	-9.606351e+00
3.425842e+05	-1.042651e+01
3.445630e+05	-1.124144e+01
3.465532e+05	-1.203008e+01
3.485549e+05	-1.278087e+01
3.505681e+05	-1.349141e+01
3.525930e+05	-1.415606e+01
3.546295e+05	-1.478022e+01
3.566778e+05	-1.536584e+01
3.587380e+05	-1.591103e+01
3.608101e+05	-1.642151e+01
3.628941e+05	-1.689762e+01
3.649901e+05	-1.734185e+01
3.670983e+05	-1.775616e+01
3.692187e+05	-1.814377e+01
3.713513e+05	-1.850304e+01
3.734962e+05	-1.883732e+01
3.756535e+05	-1.915007e+01
3.778232e+05	-1.943738e+01
3.800055e+05	-1.970419e+01
3.822004e+05	-1.994958e+01
3.844080e+05	-2.017366e+01
3.866283e+05	-2.037814e+01
3.888615e+05	-2.056257e+01
3.911075e+05	-2.072718e+01
3.933665e+05	-2.087365e+01
3.956386e+05	-2.100182e+01
3.979238e+05	-2.110878e+01
4.002222e+05	-2.119901e+01
4.025338e+05	-2.127006e+01
4.048589e+05	-2.132113e+01
4.071973e+05	-2.135517e+01
4.095493e+05	-2.136909e+01
4.119148e+05	-2.135810e+01
4.142940e+05	-2.133560e+01
4.166870e+05	-2.128705e+01
4.190937e+05	-2.121853e+01
4.215144e+05	-2.112572e+01
4.239490e+05	-2.101425e+01
4.263978e+05	-2.087522e+01
4.288606e+05	-2.071222e+01
4.313377e+05	-2.051995e+01
4.338291e+05	-2.030109e+01
4.363349e+05	-2.005276e+01
4.388551e+05	-1.977188e+01
4.413899e+05	-1.945621e+01
4.439394e+05	-1.910571e+01
4.465035e+05	-1.871312e+01
4.490825e+05	-1.827692e+01
4.516764e+05	-1.779539e+01
4.542853e+05	-1.726204e+01
4.569092e+05	-1.667248e+01
4.595483e+05	-1.602460e+01
4.622026e+05	-1.531254e+01
4.648723e+05	-1.453501e+01
4.675574e+05	-1.369827e+01
4.702580e+05	-1.281616e+01
4.729742e+05	-1.192179e+01
4.757060e+05	-1.108173e+01
4.784537e+05	-1.040610e+01
4.812172e+05	-1.003191e+01
4.839967e+05	-1.006639e+01
4.867923e+05	-1.051164e+01
4.896040e+05	-1.126241e+01
4.924319e+05	-1.218215e+01
4.952762e+05	-1.315792e+01
4.981369e+05	-1.412134e+01
5.010141e+05	-1.503665e+01
5.039079e+05	-1.588898e+01
5.068185e+05	-1.667390e+01
5.097458e+05	-1.739015e+01
5.126901e+05	-1.804274e+01
5.156514e+05	-1.863267e+01
5.186298e+05	-1.916474e+01
5.216253e+05	-1.964334e+01
5.246382e+05	-2.007098e+01
5.276685e+05	-2.045100e+01
5.307163e+05	-2.078257e+01
5.337817e+05	-2.107046e+01
5.368648e+05	-2.131556e+01
5.399657e+05	-2.151800e+01
5.430845e+05	-2.167881e+01
5.462214e+05	-2.179596e+01
5.493763e+05	-2.187184e+01
5.525495e+05	-2.190674e+01
5.557410e+05	-2.189701e+01
5.589509e+05	-2.184390e+01
5.621794e+05	-2.174735e+01
5.654265e+05	-2.159830e+01
5.686924e+05	-2.140031e+01
5.719772e+05	-2.115115e+01
5.752809e+05	-2.084230e+01
5.786037e+05	-2.047385e+01
5.819457e+05	-2.003913e+01
5.853070e+05	-1.953016e+01
5.886877e+05	-1.894659e+01
5.920879e+05	-1.827724e+01
5.955078e+05	-1.752075e+01
5.989474e+05	-1.667715e+01
6.024069e+05	-1.575479e+01
6.058864e+05	-1.479091e+01
6.093860e+05	-1.386325e+01
6.129058e+05	-1.311373e+01
6.164459e+05	-1.273288e+01
6.200064e+05	-1.286305e+01
6.235876e+05	-1.347986e+01
6.271894e+05	-1.441112e+01
6.308120e+05	-1.547240e+01
6.344555e+05	-1.654004e+01
6.381201e+05	-1.754503e+01
6.418059e+05	-1.846148e+01
6.455129e+05	-1.928216e+01
6.492414e+05	-2.000579e+01
6.529914e+05	-2.063612e+01
6.567630e+05	-2.117415e+01
6.605565e+05	-2.162676e+01
6.643718e+05	-2.200049e+01
6.682092e+05	-2.229020e+01
6.720688e+05	-2.250308e+01
6.759506e+05	-2.263527e+01
6.798549e+05	-2.269143e+01
6.837817e+05	-2.266508e+01
6.877312e+05	-2.255646e+01
6.917035e+05	-2.235677e+01
6.956987e+05	-2.206924e+01
6.997171e+05	-2.167953e+01
7.037586e+05	-2.118607e+01
7.078235e+05	-2.058285e+01
7.119118e+05	-1.985845e+01
7.160238e+05	-1.902009e+01
7.201595e+05	-1.808777e+01
7.243191e+05	-1.711659e+01
7.285028e+05	-1.623496e+01
7.327106e+05	-1.566116e+01
7.369427e+05	-1.561644e+01
7.411992e+05	-1.615438e+01
7.454804e+05	-1.710073e+01
7.497862e+05	-1.821832e+01
7.541170e+05	-1.933222e+01
7.584727e+05	-2.035704e+01
7.628536e+05	-2.125787e+01
7.672598e+05	-2.201968e+01
7.716915e+05	-2.265066e+01
7.761488e+05	-2.314317e+01
7.806318e+05	-2.349997e+01
7.851407e+05	-2.373082e+01
7.896756e+05	-2.382492e+01
7.942367e+05	-2.378328e+01
7.988242e+05	-2.360302e+01
8.034382e+05	-2.327359e+01
8.080788e+05	-2.279657e+01
8.127463e+05	-2.216141e+01
8.174406e+05	-2.138264e+01
8.221621e+05	-2.048951e+01
8.269109e+05	-1.958604e+01
8.316871e+05	-1.887839e+01
8.364909e+05	-1.863846e+01
8.413225e+05	-1.903021e+01
8.461819e+05	-1.993120e+01
8.510694e+05	-2.105957e+01
8.559852e+05	-2.218287e+01
8.609293e+05	-2.318630e+01
8.659020e+05	-2.401979e+01
8.709034e+05	-2.465739e+01
8.759337e+05	-2.509774e+01
8.809931e+05	-2.533898e+01
8.860816e+05	-2.537468e+01
8.911996e+05	-2.520185e+01
8.963471e+05	-2.482049e+01
9.015244e+05	-2.424278e+01
9.067316e+05	-2.350624e+01
9.119688e+05	-2.272782e+01
9.172363e+05	-2.213883e+01
9.225342e+05	-2.204915e+01
9.278628e+05	-2.259757e+01
9.332221e+05	-2.360364e+01
9.386123e+05	-2.473801e+01
9.440337e+05	-2.578110e+01
9.494864e+05	-2.661494e+01
9.549706e+05	-2.719126e+01
9.604865e+05	-2.749926e+01
9.660342e+05	-2.751614e+01
9.716140e+05	-2.727240e+01
9.772260e+05	-2.680213e+01
9.828704e+05	-2.623142e+01
9.885474e+05	-2.580416e+01
9.942572e+05	-2.587252e+01
1.000000e+06	-2.654594e+01
