Frequency(Hz)	Magnitude(dB)
1.000000e+01	-1.945728e+00
1.005776e+01	-1.964099e+00
1.011585e+01	-1.982251e+00
1.017428e+01	-2.000776e+00
1.023305e+01	-2.019263e+00
1.029215e+01	-2.037898e+00
1.035160e+01	-2.056794e+00
1.041139e+01	-2.075431e+00
1.047153e+01	-2.094756e+00
1.053201e+01	-2.114015e+00
1.059284e+01	-2.133290e+00
1.065403e+01	-2.152509e+00
1.071556e+01	-2.172425e+00
1.077746e+01	-2.191993e+00
1.083971e+01	-2.211972e+00
1.090232e+01	-2.232019e+00
1.096529e+01	-2.252056e+00
1.102862e+01	-2.272436e+00
1.109232e+01	-2.293045e+00
1.115639e+01	-2.313588e+00
1.122083e+01	-2.334214e+00
1.128564e+01	-2.355222e+00
1.135083e+01	-2.376272e+00
1.141639e+01	-2.397277e+00
1.148233e+01	-2.418519e+00
1.154865e+01	-2.440059e+00
1.161536e+01	-2.461641e+00
1.168245e+01	-2.483198e+00
1.174992e+01	-2.505186e+00
1.181779e+01	-2.527057e+00
1.188605e+01	-2.549185e+00
1.195470e+01	-2.571653e+00
1.202375e+01	-2.594068e+00
1.209320e+01	-2.616703e+00
1.216305e+01	-2.639493e+00
1.223330e+01	-2.662201e+00
1.230396e+01	-2.684987e+00
1.237503e+01	-2.708131e+00
1.244651e+01	-2.731634e+00
1.251840e+01	-2.755296e+00
1.259070e+01	-2.778553e+00
1.266343e+01	-2.802218e+00
1.273657e+01	-2.826230e+00
1.281014e+01	-2.850266e+00
1.288413e+01	-2.874388e+00
1.295855e+01	-2.898526e+00
1.303339e+01	-2.923110e+00
1.310867e+01	-2.947540e+00
1.318439e+01	-2.972261e+00
1.326054e+01	-2.997223e+00
1.333713e+01	-3.021969e+00
1.341417e+01	-3.047169e+00
1.349165e+01	-3.072423e+00
1.356958e+01	-3.098116e+00
1.364795e+01	-3.123835e+00
1.372678e+01	-3.149422e+00
1.380607e+01	-3.175185e+00
1.388581e+01	-3.201151e+00
1.396602e+01	-3.227261e+00
1.404668e+01	-3.253720e+00
1.412782e+01	-3.280336e+00
1.420942e+01	-3.306726e+00
1.429149e+01	-3.333557e+00
1.437404e+01	-3.360276e+00
1.445706e+01	-3.387252e+00
1.454057e+01	-3.414520e+00
1.462455e+01	-3.442065e+00
1.470902e+01	-3.469362e+00
1.479398e+01	-3.496925e+00
1.487943e+01	-3.524871e+00
1.496537e+01	-3.552488e+00
1.505181e+01	-3.580464e+00
1.513875e+01	-3.608661e+00
1.522619e+01	-3.637103e+00
1.531414e+01	-3.665676e+00
1.540259e+01	-3.693956e+00
1.549156e+01	-3.722869e+00
1.558103e+01	-3.751575e+00
1.567103e+01	-3.780635e+00
1.576155e+01	-3.809560e+00
1.585258e+01	-3.839213e+00
1.594415e+01	-3.868574e+00
1.603624e+01	-3.898190e+00
1.612886e+01	-3.927864e+00
1.622202e+01	-3.957643e+00
1.631572e+01	-3.987691e+00
1.640996e+01	-4.017792e+00
1.650474e+01	-4.047991e+00
1.660008e+01	-4.078548e+00
1.669596e+01	-4.108924e+00
1.679239e+01	-4.139672e+00
1.688938e+01	-4.170709e+00
1.698694e+01	-4.201236e+00
1.708505e+01	-4.232372e+00
1.718373e+01	-4.263712e+00
1.728299e+01	-4.295295e+00
1.738281e+01	-4.326412e+00
1.748322e+01	-4.358004e+00
1.758420e+01	-4.389860e+00
1.768576e+01	-4.421696e+00
1.778792e+01	-4.453905e+00
1.789066e+01	-4.485819e+00
1.799399e+01	-4.518300e+00
1.809793e+01	-4.550113e+00
1.820246e+01	-4.583307e+00
1.830760e+01	-4.615738e+00
1.841334e+01	-4.648718e+00
1.851969e+01	-4.681556e+00
1.862666e+01	-4.714989e+00
1.873425e+01	-4.747885e+00
1.884246e+01	-4.781041e+00
1.895129e+01	-4.814450e+00
1.906075e+01	-4.848114e+00
1.917085e+01	-4.881961e+00
1.928158e+01	-4.915672e+00
1.939295e+01	-4.949748e+00
1.950496e+01	-4.983654e+00
1.961762e+01	-5.017817e+00
1.973093e+01	-5.052274e+00
1.984490e+01	-5.087052e+00
1.995952e+01	-5.121311e+00
2.007480e+01	-5.155944e+00
2.019076e+01	-5.191078e+00
2.030738e+01	-5.225891e+00
2.042467e+01	-5.260697e+00
2.054264e+01	-5.295935e+00
2.066130e+01	-5.331678e+00
2.078064e+01	-5.366764e+00
2.090066e+01	-5.402344e+00
2.102139e+01	-5.438027e+00
2.114280e+01	-5.473676e+00
2.126492e+01	-5.509729e+00
2.138775e+01	-5.546017e+00
2.151128e+01	-5.581993e+00
2.163553e+01	-5.617995e+00
2.176050e+01	-5.654607e+00
2.188619e+01	-5.690890e+00
2.201260e+01	-5.727664e+00
2.213974e+01	-5.764104e+00
2.226762e+01	-5.801185e+00
2.239624e+01	-5.837928e+00
2.252560e+01	-5.874968e+00
2.265571e+01	-5.911848e+00
2.278656e+01	-5.949412e+00
2.291818e+01	-5.987155e+00
2.305055e+01	-6.024380e+00
2.318369e+01	-6.061717e+00
2.331760e+01	-6.099396e+00
2.345228e+01	-6.137573e+00
2.358774e+01	-6.175435e+00
2.372398e+01	-6.213279e+00
2.386101e+01	-6.251366e+00
2.399883e+01	-6.289647e+00
2.413745e+01	-6.328135e+00
2.427686e+01	-6.366363e+00
2.441709e+01	-6.405063e+00
2.455812e+01	-6.443416e+00
2.469997e+01	-6.482112e+00
2.484263e+01	-6.521183e+00
2.498612e+01	-6.559944e+00
2.513044e+01	-6.599135e+00
2.527559e+01	-6.638010e+00
2.542158e+01	-6.677235e+00
2.556842e+01	-6.716276e+00
2.571610e+01	-6.756109e+00
2.586463e+01	-6.795722e+00
2.601403e+01	-6.835181e+00
2.616428e+01	-6.875150e+00
2.631541e+01	-6.914597e+00
2.646740e+01	-6.954463e+00
2.662028e+01	-6.994707e+00
2.677404e+01	-7.034597e+00
2.692868e+01	-7.074668e+00
2.708422e+01	-7.114986e+00
2.724066e+01	-7.156052e+00
2.739800e+01	-7.195640e+00
2.755625e+01	-7.236606e+00
2.771541e+01	-7.277264e+00
2.787550e+01	-7.317662e+00
2.803650e+01	-7.358936e+00
2.819844e+01	-7.399363e+00
2.836131e+01	-7.440275e+00
2.852513e+01	-7.481323e+00
2.868989e+01	-7.522350e+00
2.885560e+01	-7.563810e+00
2.902227e+01	-7.605077e+00
2.918990e+01	-7.646318e+00
2.935850e+01	-7.688036e+00
2.952807e+01	-7.729825e+00
2.969863e+01	-7.771519e+00
2.987016e+01	-7.812542e+00
3.004269e+01	-7.854498e+00
3.021622e+01	-7.896603e+00
3.039075e+01	-7.938564e+00
3.056628e+01	-7.980058e+00
3.074283e+01	-8.022525e+00
3.092040e+01	-8.064716e+00
3.109900e+01	-8.106878e+00
3.127862e+01	-8.149152e+00
3.145929e+01	-8.191912e+00
3.164099e+01	-8.233799e+00
3.182375e+01	-8.276834e+00
3.200756e+01	-8.319240e+00
3.219244e+01	-8.361837e+00
3.237838e+01	-8.404858e+00
3.256540e+01	-8.447942e+00
3.275349e+01	-8.490513e+00
3.294268e+01	-8.534020e+00
3.313295e+01	-8.576736e+00
3.332433e+01	-8.619512e+00
3.351681e+01	-8.663092e+00
3.371040e+01	-8.706305e+00
3.390511e+01	-8.749757e+00
3.410094e+01	-8.792993e+00
3.429791e+01	-8.836381e+00
3.449601e+01	-8.879876e+00
3.469526e+01	-8.923597e+00
3.489566e+01	-8.967273e+00
3.509721e+01	-9.010756e+00
3.529993e+01	-9.054907e+00
3.550382e+01	-9.098475e+00
3.570889e+01	-9.142333e+00
3.591515e+01	-9.186267e+00
3.612259e+01	-9.230093e+00
3.633123e+01	-9.274552e+00
3.654108e+01	-9.318474e+00
3.675214e+01	-9.362916e+00
3.696442e+01	-9.407465e+00
3.717792e+01	-9.451352e+00
3.739266e+01	-9.495314e+00
3.760864e+01	-9.540048e+00
3.782587e+01	-9.584835e+00
3.804435e+01	-9.629111e+00
3.826409e+01	-9.673776e+00
3.848510e+01	-9.718638e+00
3.870739e+01	-9.762833e+00
3.893096e+01	-9.808010e+00
3.915583e+01	-9.852619e+00
3.938199e+01	-9.897411e+00
3.960946e+01	-9.942511e+00
3.983824e+01	-9.987118e+00
4.006834e+01	-1.003278e+01
4.029978e+01	-1.007763e+01
4.053255e+01	-1.012280e+01
4.076666e+01	-1.016762e+01
4.100213e+01	-1.021361e+01
4.123896e+01	-1.025851e+01
4.147715e+01	-1.030417e+01
4.171672e+01	-1.034920e+01
4.195767e+01	-1.039425e+01
4.220002e+01	-1.043983e+01
4.244377e+01	-1.048591e+01
4.268892e+01	-1.053134e+01
4.293549e+01	-1.057676e+01
4.318348e+01	-1.062271e+01
4.343291e+01	-1.066870e+01
4.368377e+01	-1.071349e+01
4.393609e+01	-1.075974e+01
4.418986e+01	-1.080590e+01
4.444510e+01	-1.085142e+01
4.470182e+01	-1.089756e+01
4.496001e+01	-1.094398e+01
4.521970e+01	-1.098918e+01
4.548089e+01	-1.103569e+01
4.574358e+01	-1.108173e+01
4.600779e+01	-1.112795e+01
4.627353e+01	-1.117380e+01
4.654081e+01	-1.122037e+01
4.680963e+01	-1.126666e+01
4.708000e+01	-1.131297e+01
4.735193e+01	-1.135888e+01
4.762543e+01	-1.140573e+01
4.790051e+01	-1.145181e+01
4.817719e+01	-1.149835e+01
4.845545e+01	-1.154453e+01
4.873533e+01	-1.159130e+01
4.901682e+01	-1.163789e+01
4.929994e+01	-1.168456e+01
4.958470e+01	-1.173160e+01
4.987110e+01	-1.177766e+01
5.015915e+01	-1.182483e+01
5.044887e+01	-1.187078e+01
5.074026e+01	-1.191867e+01
5.103333e+01	-1.196522e+01
5.132810e+01	-1.201219e+01
5.162457e+01	-1.205935e+01
5.192275e+01	-1.210576e+01
5.222265e+01	-1.215318e+01
5.252429e+01	-1.219950e+01
5.282767e+01	-1.224659e+01
5.313280e+01	-1.229426e+01
5.343969e+01	-1.234101e+01
5.374836e+01	-1.238772e+01
5.405880e+01	-1.243508e+01
5.437105e+01	-1.248270e+01
5.468509e+01	-1.253009e+01
5.500095e+01	-1.257648e+01
5.531863e+01	-1.262429e+01
5.563815e+01	-1.267214e+01
5.595951e+01	-1.271919e+01
5.628273e+01	-1.276609e+01
5.660782e+01	-1.281344e+01
5.693479e+01	-1.286009e+01
5.726364e+01	-1.290827e+01
5.759439e+01	-1.295594e+01
5.792705e+01	-1.300342e+01
5.826164e+01	-1.305087e+01
5.859815e+01	-1.309861e+01
5.893662e+01	-1.314566e+01
5.927703e+01	-1.319353e+01
5.961941e+01	-1.324182e+01
5.996377e+01	-1.328917e+01
6.031012e+01	-1.333671e+01
6.065847e+01	-1.338418e+01
6.100883e+01	-1.343206e+01
6.136121e+01	-1.348069e+01
6.171563e+01	-1.352754e+01
6.207210e+01	-1.357543e+01
6.243063e+01	-1.362320e+01
6.279122e+01	-1.367148e+01
6.315390e+01	-1.371926e+01
6.351868e+01	-1.376700e+01
6.388556e+01	-1.381423e+01
6.425456e+01	-1.386331e+01
6.462569e+01	-1.391120e+01
6.499897e+01	-1.395926e+01
6.537440e+01	-1.400687e+01
6.575200e+01	-1.405505e+01
6.613178e+01	-1.410345e+01
6.651375e+01	-1.415134e+01
6.689793e+01	-1.419877e+01
6.728433e+01	-1.424773e+01
6.767297e+01	-1.429545e+01
6.806384e+01	-1.434352e+01
6.845698e+01	-1.439236e+01
6.885238e+01	-1.444104e+01
6.925007e+01	-1.448828e+01
6.965005e+01	-1.453676e+01
7.005235e+01	-1.458502e+01
7.045697e+01	-1.463380e+01
7.086393e+01	-1.468220e+01
7.127323e+01	-1.473014e+01
7.168490e+01	-1.477832e+01
7.209895e+01	-1.482630e+01
7.251539e+01	-1.487557e+01
7.293424e+01	-1.492357e+01
7.335551e+01	-1.497212e+01
7.377920e+01	-1.502119e+01
7.420535e+01	-1.506956e+01
7.463396e+01	-1.511774e+01
7.506504e+01	-1.516488e+01
7.549861e+01	-1.521508e+01
7.593469e+01	-1.526194e+01
7.637328e+01	-1.531217e+01
7.681441e+01	-1.536033e+01
7.725809e+01	-1.540834e+01
7.770433e+01	-1.545735e+01
7.815315e+01	-1.550522e+01
7.860456e+01	-1.555407e+01
7.905857e+01	-1.560366e+01
7.951521e+01	-1.565165e+01
7.997449e+01	-1.569992e+01
8.043642e+01	-1.574892e+01
8.090102e+01	-1.579787e+01
8.136830e+01	-1.584633e+01
8.183828e+01	-1.589504e+01
8.231097e+01	-1.594459e+01
8.278640e+01	-1.599375e+01
8.326457e+01	-1.604084e+01
8.374550e+01	-1.609045e+01
8.422921e+01	-1.613899e+01
8.471572e+01	-1.618837e+01
8.520503e+01	-1.623691e+01
8.569717e+01	-1.628638e+01
8.619215e+01	-1.633492e+01
8.669000e+01	-1.638381e+01
8.719071e+01	-1.643285e+01
8.769432e+01	-1.648191e+01
8.820084e+01	-1.653012e+01
8.871029e+01	-1.658013e+01
8.922267e+01	-1.662764e+01
8.973802e+01	-1.667631e+01
9.025634e+01	-1.672571e+01
9.077766e+01	-1.677627e+01
9.130199e+01	-1.682269e+01
9.182935e+01	-1.687194e+01
9.235975e+01	-1.692206e+01
9.289321e+01	-1.697060e+01
9.342976e+01	-1.702111e+01
9.396941e+01	-1.706847e+01
9.451217e+01	-1.711849e+01
9.505807e+01	-1.716827e+01
9.560712e+01	-1.721670e+01
9.615934e+01	-1.726483e+01
9.671476e+01	-1.731376e+01
9.727338e+01	-1.736278e+01
9.783522e+01	-1.741229e+01
9.840032e+01	-1.746173e+01
9.896867e+01	-1.750990e+01
9.954031e+01	-1.755998e+01
1.001153e+02	-1.760988e+01
1.006935e+02	-1.765838e+01
1.012751e+02	-1.770690e+01
1.018601e+02	-1.775671e+01
1.024484e+02	-1.780632e+01
1.030402e+02	-1.785581e+01
1.036353e+02	-1.790440e+01
1.042339e+02	-1.795382e+01
1.048360e+02	-1.800197e+01
1.054415e+02	-1.805184e+01
1.060505e+02	-1.810145e+01
1.066631e+02	-1.815024e+01
1.072791e+02	-1.820044e+01
1.078988e+02	-1.824870e+01
1.085220e+02	-1.829895e+01
1.091488e+02	-1.834666e+01
1.097793e+02	-1.839669e+01
1.104133e+02	-1.844705e+01
1.110511e+02	-1.849619e+01
1.116925e+02	-1.854515e+01
1.123376e+02	-1.859320e+01
1.129865e+02	-1.864431e+01
1.136391e+02	-1.869260e+01
1.142955e+02	-1.874161e+01
1.149556e+02	-1.879133e+01
1.156196e+02	-1.884097e+01
1.162874e+02	-1.889045e+01
1.169591e+02	-1.893851e+01
1.176347e+02	-1.899099e+01
1.183141e+02	-1.903889e+01
1.189975e+02	-1.908748e+01
1.196848e+02	-1.913693e+01
1.203761e+02	-1.918585e+01
1.210714e+02	-1.923607e+01
1.217707e+02	-1.928569e+01
1.224740e+02	-1.933710e+01
1.231814e+02	-1.938481e+01
1.238929e+02	-1.943467e+01
1.246085e+02	-1.948365e+01
1.253283e+02	-1.953321e+01
1.260522e+02	-1.958297e+01
1.267802e+02	-1.963068e+01
1.275125e+02	-1.968230e+01
1.282490e+02	-1.973102e+01
1.289898e+02	-1.978182e+01
1.297348e+02	-1.983035e+01
1.304842e+02	-1.988066e+01
1.312378e+02	-1.993075e+01
1.319959e+02	-1.997827e+01
1.327583e+02	-2.002852e+01
1.335251e+02	-2.007825e+01
1.342963e+02	-2.012633e+01
1.350720e+02	-2.017594e+01
1.358522e+02	-2.022641e+01
1.366368e+02	-2.027763e+01
1.374260e+02	-2.032477e+01
1.382198e+02	-2.037608e+01
1.390182e+02	-2.042360e+01
1.398211e+02	-2.047514e+01
1.406287e+02	-2.052316e+01
1.414410e+02	-2.057464e+01
1.422579e+02	-2.062361e+01
1.430796e+02	-2.067317e+01
1.439060e+02	-2.072204e+01
1.447372e+02	-2.077254e+01
1.455732e+02	-2.082276e+01
1.464141e+02	-2.087168e+01
1.472597e+02	-2.092222e+01
1.481103e+02	-2.097087e+01
1.489658e+02	-2.101865e+01
1.498262e+02	-2.107026e+01
1.506916e+02	-2.111946e+01
1.515620e+02	-2.117163e+01
1.524374e+02	-2.121796e+01
1.533179e+02	-2.126700e+01
1.542034e+02	-2.131840e+01
1.550941e+02	-2.136918e+01
1.559899e+02	-2.141773e+01
1.568909e+02	-2.146880e+01
1.577971e+02	-2.151681e+01
1.587085e+02	-2.156630e+01
1.596252e+02	-2.161838e+01
1.605472e+02	-2.166525e+01
1.614745e+02	-2.171663e+01
1.624072e+02	-2.176810e+01
1.633453e+02	-2.181409e+01
1.642887e+02	-2.186387e+01
1.652377e+02	-2.191547e+01
1.661921e+02	-2.196447e+01
1.671520e+02	-2.201419e+01
1.681175e+02	-2.206261e+01
1.690885e+02	-2.211342e+01
1.700651e+02	-2.216342e+01
1.710474e+02	-2.221359e+01
1.720354e+02	-2.226361e+01
1.730291e+02	-2.231242e+01
1.740285e+02	-2.236236e+01
1.750337e+02	-2.241275e+01
1.760446e+02	-2.246254e+01
1.770615e+02	-2.251327e+01
1.780842e+02	-2.256034e+01
1.791128e+02	-2.261074e+01
1.801473e+02	-2.266150e+01
1.811878e+02	-2.271180e+01
1.822344e+02	-2.276194e+01
1.832870e+02	-2.280966e+01
1.843456e+02	-2.285886e+01
1.854104e+02	-2.290754e+01
1.864813e+02	-2.295924e+01
1.875584e+02	-2.300949e+01
1.886418e+02	-2.305890e+01
1.897313e+02	-2.310988e+01
1.908272e+02	-2.315893e+01
1.919294e+02	-2.320847e+01
1.930380e+02	-2.325712e+01
1.941530e+02	-2.330715e+01
1.952744e+02	-2.336030e+01
1.964023e+02	-2.340723e+01
1.975367e+02	-2.345681e+01
1.986777e+02	-2.350747e+01
1.998252e+02	-2.355621e+01
2.009794e+02	-2.360551e+01
2.021403e+02	-2.365771e+01
2.033078e+02	-2.370635e+01
2.044821e+02	-2.375719e+01
2.056632e+02	-2.380517e+01
2.068511e+02	-2.385286e+01
2.080459e+02	-2.390711e+01
2.092475e+02	-2.395599e+01
2.104561e+02	-2.400695e+01
2.116717e+02	-2.405418e+01
2.128943e+02	-2.410385e+01
2.141240e+02	-2.415598e+01
2.153608e+02	-2.420463e+01
2.166047e+02	-2.425701e+01
2.178558e+02	-2.430501e+01
2.191141e+02	-2.435384e+01
2.203797e+02	-2.440481e+01
2.216526e+02	-2.445592e+01
2.229329e+02	-2.450582e+01
2.242205e+02	-2.455297e+01
2.255156e+02	-2.460469e+01
2.268182e+02	-2.465685e+01
2.281283e+02	-2.470529e+01
2.294459e+02	-2.475160e+01
2.307712e+02	-2.480525e+01
2.321041e+02	-2.485102e+01
2.334447e+02	-2.489850e+01
2.347931e+02	-2.495513e+01
2.361493e+02	-2.500434e+01
2.375133e+02	-2.505451e+01
2.388851e+02	-2.510471e+01
2.402649e+02	-2.515241e+01
2.416527e+02	-2.520421e+01
2.430484e+02	-2.525172e+01
2.444523e+02	-2.530560e+01
2.458642e+02	-2.535280e+01
2.472843e+02	-2.540476e+01
2.487126e+02	-2.545211e+01
2.501492e+02	-2.550374e+01
2.515940e+02	-2.555221e+01
2.530472e+02	-2.560426e+01
2.545088e+02	-2.565116e+01
2.559789e+02	-2.570201e+01
2.574574e+02	-2.575223e+01
2.589444e+02	-2.580154e+01
2.604401e+02	-2.585286e+01
2.619444e+02	-2.590149e+01
2.634574e+02	-2.594966e+01
2.649791e+02	-2.600212e+01
2.665096e+02	-2.605298e+01
2.680489e+02	-2.610173e+01
2.695972e+02	-2.615324e+01
2.711544e+02	-2.620536e+01
2.727205e+02	-2.624910e+01
2.742958e+02	-2.630162e+01
2.758801e+02	-2.635166e+01
2.774736e+02	-2.640232e+01
2.790762e+02	-2.645212e+01
2.806882e+02	-2.650249e+01
2.823094e+02	-2.655068e+01
2.839400e+02	-2.659856e+01
2.855800e+02	-2.665413e+01
2.872295e+02	-2.670354e+01
2.888886e+02	-2.674988e+01
2.905572e+02	-2.680094e+01
2.922354e+02	-2.684899e+01
2.939234e+02	-2.690550e+01
2.956211e+02	-2.695158e+01
2.973286e+02	-2.700079e+01
2.990459e+02	-2.705329e+01
3.007732e+02	-2.710668e+01
3.025104e+02	-2.715280e+01
3.042577e+02	-2.719967e+01
3.060151e+02	-2.725272e+01
3.077826e+02	-2.729937e+01
3.095604e+02	-2.734974e+01
3.113484e+02	-2.740472e+01
3.131467e+02	-2.745065e+01
3.149554e+02	-2.749906e+01
3.167746e+02	-2.755286e+01
3.186043e+02	-2.759993e+01
3.204445e+02	-2.765343e+01
3.222954e+02	-2.770195e+01
3.241570e+02	-2.775515e+01
3.260293e+02	-2.780272e+01
3.279124e+02	-2.785167e+01
3.298064e+02	-2.790281e+01
3.317114e+02	-2.795399e+01
3.336273e+02	-2.799955e+01
3.355544e+02	-2.805786e+01
3.374925e+02	-2.810122e+01
3.394418e+02	-2.815333e+01
3.414024e+02	-2.820243e+01
3.433744e+02	-2.825250e+01
3.453577e+02	-2.830213e+01
3.473525e+02	-2.835177e+01
3.493588e+02	-2.840226e+01
3.513766e+02	-2.845210e+01
3.534062e+02	-2.850019e+01
3.554474e+02	-2.855320e+01
3.575005e+02	-2.860034e+01
3.595654e+02	-2.865106e+01
3.616422e+02	-2.869985e+01
3.637311e+02	-2.875440e+01
3.658320e+02	-2.880351e+01
3.679450e+02	-2.885277e+01
3.700702e+02	-2.890428e+01
3.722077e+02	-2.895518e+01
3.743576e+02	-2.900685e+01
3.765199e+02	-2.905813e+01
3.786946e+02	-2.910420e+01
3.808820e+02	-2.915273e+01
3.830819e+02	-2.920342e+01
3.852946e+02	-2.925357e+01
3.875200e+02	-2.930191e+01
3.897583e+02	-2.935520e+01
3.920096e+02	-2.941382e+01
3.942738e+02	-2.944935e+01
3.965511e+02	-2.950135e+01
3.988416e+02	-2.955760e+01
4.011452e+02	-2.960379e+01
4.034622e+02	-2.964977e+01
4.057926e+02	-2.970362e+01
4.081365e+02	-2.975808e+01
4.104938e+02	-2.980393e+01
4.128648e+02	-2.985291e+01
4.152495e+02	-2.990191e+01
4.176480e+02	-2.994781e+01
4.200603e+02	-3.000331e+01
4.224866e+02	-3.005441e+01
4.249268e+02	-3.010822e+01
4.273812e+02	-3.015183e+01
4.298497e+02	-3.020174e+01
4.323325e+02	-3.025417e+01
4.348297e+02	-3.030240e+01
4.373412e+02	-3.036183e+01
4.398673e+02	-3.041036e+01
4.424079e+02	-3.045751e+01
4.449633e+02	-3.051354e+01
4.475334e+02	-3.055753e+01
4.501183e+02	-3.060375e+01
4.527182e+02	-3.065536e+01
4.553330e+02	-3.070799e+01
4.579630e+02	-3.075380e+01
4.606082e+02	-3.080857e+01
4.632687e+02	-3.085484e+01
4.659445e+02	-3.090982e+01
4.686358e+02	-3.095862e+01
4.713426e+02	-3.100713e+01
4.740650e+02	-3.105820e+01
4.768032e+02	-3.110607e+01
4.795572e+02	-3.116122e+01
4.823271e+02	-3.121340e+01
4.851130e+02	-3.125782e+01
4.879150e+02	-3.130589e+01
4.907332e+02	-3.135950e+01
4.935676e+02	-3.140966e+01
4.964185e+02	-3.145735e+01
4.992858e+02	-3.151323e+01
5.021696e+02	-3.155981e+01
5.050701e+02	-3.161543e+01
5.079874e+02	-3.165652e+01
5.109215e+02	-3.171325e+01
5.138726e+02	-3.176244e+01
5.168407e+02	-3.181630e+01
5.198259e+02	-3.185722e+01
5.228284e+02	-3.191288e+01
5.258482e+02	-3.196860e+01
5.288855e+02	-3.200934e+01
5.319403e+02	-3.206478e+01
5.350128e+02	-3.211102e+01
5.381030e+02	-3.216700e+01
5.412111e+02	-3.221371e+01
5.443371e+02	-3.226518e+01
5.474812e+02	-3.231181e+01
5.506434e+02	-3.236032e+01
5.538239e+02	-3.241540e+01
5.570228e+02	-3.246651e+01
5.602401e+02	-3.251353e+01
5.634760e+02	-3.256292e+01
5.667306e+02	-3.260850e+01
5.700040e+02	-3.267254e+01
5.732964e+02	-3.271290e+01
5.766077e+02	-3.276682e+01
5.799382e+02	-3.281776e+01
5.832879e+02	-3.286206e+01
5.866569e+02	-3.291081e+01
5.900454e+02	-3.297060e+01
5.934535e+02	-3.301451e+01
5.968813e+02	-3.306705e+01
6.003288e+02	-3.311733e+01
6.037963e+02	-3.316837e+01
6.072838e+02	-3.321400e+01
6.107914e+02	-3.326872e+01
6.143194e+02	-3.332021e+01
6.178676e+02	-3.336886e+01
6.214364e+02	-3.341820e+01
6.250258e+02	-3.347031e+01
6.286359e+02	-3.351414e+01
6.322669e+02	-3.356710e+01
6.359189e+02	-3.362425e+01
6.395919e+02	-3.366575e+01
6.432862e+02	-3.371566e+01
6.470017e+02	-3.376644e+01
6.507388e+02	-3.382853e+01
6.544974e+02	-3.387367e+01
6.582778e+02	-3.392420e+01
6.620800e+02	-3.397004e+01
6.659041e+02	-3.402367e+01
6.697504e+02	-3.407188e+01
6.736188e+02	-3.412011e+01
6.775096e+02	-3.418138e+01
6.814229e+02	-3.422113e+01
6.853587e+02	-3.427682e+01
6.893173e+02	-3.432473e+01
6.932988e+02	-3.437830e+01
6.973033e+02	-3.442698e+01
7.013309e+02	-3.447355e+01
7.053817e+02	-3.453100e+01
7.094560e+02	-3.457292e+01
7.135538e+02	-3.462202e+01
7.176752e+02	-3.467288e+01
7.218205e+02	-3.472854e+01
7.259897e+02	-3.477917e+01
7.301830e+02	-3.483139e+01
7.344005e+02	-3.487673e+01
7.386424e+02	-3.492817e+01
7.429087e+02	-3.498138e+01
7.471998e+02	-3.503665e+01
7.515155e+02	-3.508058e+01
7.558563e+02	-3.512950e+01
7.602221e+02	-3.517935e+01
7.646131e+02	-3.523007e+01
7.690295e+02	-3.529192e+01
7.734713e+02	-3.533373e+01
7.779389e+02	-3.538077e+01
7.824322e+02	-3.543246e+01
7.869515e+02	-3.548528e+01
7.914969e+02	-3.554349e+01
7.960686e+02	-3.558250e+01
8.006666e+02	-3.563342e+01
8.052912e+02	-3.569567e+01
8.099426e+02	-3.574267e+01
8.146208e+02	-3.579781e+01
8.193260e+02	-3.583807e+01
8.240584e+02	-3.588301e+01
8.288181e+02	-3.593642e+01
8.336053e+02	-3.598959e+01
8.384202e+02	-3.604039e+01
8.432629e+02	-3.610774e+01
8.481335e+02	-3.615260e+01
8.530323e+02	-3.619199e+01
8.579594e+02	-3.623069e+01
8.629149e+02	-3.629394e+01
8.678991e+02	-3.634675e+01
8.729120e+02	-3.640117e+01
8.779539e+02	-3.644526e+01
8.830250e+02	-3.649385e+01
8.881253e+02	-3.654823e+01
8.932551e+02	-3.659375e+01
8.984145e+02	-3.664823e+01
9.036037e+02	-3.668971e+01
9.088229e+02	-3.675394e+01
9.140722e+02	-3.680253e+01
9.193518e+02	-3.685885e+01
9.246620e+02	-3.689691e+01
9.300028e+02	-3.695323e+01
9.353744e+02	-3.700417e+01
9.407771e+02	-3.705643e+01
9.462110e+02	-3.710240e+01
9.516763e+02	-3.716136e+01
9.571731e+02	-3.719658e+01
9.627017e+02	-3.725877e+01
9.682622e+02	-3.731026e+01
9.738549e+02	-3.735940e+01
9.794798e+02	-3.740578e+01
9.851373e+02	-3.746871e+01
9.908274e+02	-3.752006e+01
9.965504e+02	-3.755964e+01
1.002306e+03	-3.761597e+01
1.008096e+03	-3.766703e+01
1.013918e+03	-3.770897e+01
1.019775e+03	-3.777183e+01
1.025665e+03	-3.780322e+01
1.031589e+03	-3.786470e+01
1.037548e+03	-3.792076e+01
1.043540e+03	-3.797950e+01
1.049568e+03	-3.801012e+01
1.055630e+03	-3.806766e+01
1.061727e+03	-3.812671e+01
1.067860e+03	-3.818084e+01
1.074028e+03	-3.822870e+01
1.080231e+03	-3.826701e+01
1.086471e+03	-3.832994e+01
1.092746e+03	-3.837490e+01
1.099058e+03	-3.843566e+01
1.105406e+03	-3.847514e+01
1.111791e+03	-3.852150e+01
1.118212e+03	-3.859231e+01
1.124671e+03	-3.863608e+01
1.131167e+03	-3.867131e+01
1.137701e+03	-3.873487e+01
1.144272e+03	-3.877059e+01
1.150881e+03	-3.884519e+01
1.157529e+03	-3.888756e+01
1.164215e+03	-3.893790e+01
1.170939e+03	-3.899486e+01
1.177702e+03	-3.903996e+01
1.184505e+03	-3.908460e+01
1.191346e+03	-3.914230e+01
1.198227e+03	-3.918615e+01
1.205148e+03	-3.923740e+01
1.212109e+03	-3.930022e+01
1.219110e+03	-3.934212e+01
1.226152e+03	-3.937609e+01
1.233234e+03	-3.944632e+01
1.240357e+03	-3.950522e+01
1.247521e+03	-3.956517e+01
1.254727e+03	-3.961756e+01
1.261974e+03	-3.964792e+01
1.269263e+03	-3.969422e+01
1.276595e+03	-3.975300e+01
1.283968e+03	-3.980071e+01
1.291384e+03	-3.985881e+01
1.298843e+03	-3.991150e+01
1.306345e+03	-3.996848e+01
1.313891e+03	-4.002181e+01
1.321480e+03	-4.008037e+01
1.329113e+03	-4.012993e+01
1.336790e+03	-4.017188e+01
1.344511e+03	-4.020772e+01
1.352277e+03	-4.027450e+01
1.360087e+03	-4.030302e+01
1.367943e+03	-4.037998e+01
1.375844e+03	-4.043552e+01
1.383791e+03	-4.048735e+01
1.391784e+03	-4.052164e+01
1.399823e+03	-4.058404e+01
1.407908e+03	-4.064238e+01
1.416040e+03	-4.066834e+01
1.424219e+03	-4.072141e+01
1.432445e+03	-4.079701e+01
1.440719e+03	-4.084305e+01
1.449041e+03	-4.090081e+01
1.457410e+03	-4.095324e+01
1.465828e+03	-4.100491e+01
1.474295e+03	-4.104202e+01
1.482810e+03	-4.108298e+01
1.491375e+03	-4.114252e+01
1.499989e+03	-4.119113e+01
1.508653e+03	-4.126403e+01
1.517367e+03	-4.131277e+01
1.526131e+03	-4.137105e+01
1.534946e+03	-4.141925e+01
1.543812e+03	-4.146427e+01
1.552729e+03	-4.152864e+01
1.561697e+03	-4.156532e+01
1.570717e+03	-4.161019e+01
1.579790e+03	-4.168464e+01
1.588915e+03	-4.173535e+01
1.598092e+03	-4.178153e+01
1.607323e+03	-4.183566e+01
1.616606e+03	-4.188429e+01
1.625944e+03	-4.193766e+01
1.635335e+03	-4.197810e+01
1.644781e+03	-4.202359e+01
1.654281e+03	-4.207930e+01
1.663836e+03	-4.217657e+01
1.673446e+03	-4.219245e+01
1.683112e+03	-4.225898e+01
1.692834e+03	-4.231730e+01
1.702611e+03	-4.234901e+01
1.712446e+03	-4.240139e+01
1.722337e+03	-4.244515e+01
1.732285e+03	-4.250369e+01
1.742290e+03	-4.256507e+01
1.752354e+03	-4.262218e+01
1.762475e+03	-4.266866e+01
1.772655e+03	-4.270945e+01
1.782894e+03	-4.276532e+01
1.793192e+03	-4.281103e+01
1.803549e+03	-4.285442e+01
1.813967e+03	-4.290726e+01
1.824444e+03	-4.295822e+01
1.834982e+03	-4.303993e+01
1.845581e+03	-4.308288e+01
1.856241e+03	-4.313838e+01
1.866962e+03	-4.319640e+01
1.877746e+03	-4.324312e+01
1.888592e+03	-4.330152e+01
1.899500e+03	-4.335301e+01
1.910472e+03	-4.341679e+01
1.921506e+03	-4.344951e+01
1.932605e+03	-4.349312e+01
1.943768e+03	-4.356216e+01
1.954995e+03	-4.360508e+01
1.966287e+03	-4.368109e+01
1.977644e+03	-4.374313e+01
1.989067e+03	-4.377738e+01
2.000555e+03	-4.384087e+01
2.012110e+03	-4.390145e+01
2.023732e+03	-4.395325e+01
2.035421e+03	-4.399418e+01
2.047178e+03	-4.405844e+01
2.059002e+03	-4.409999e+01
2.070895e+03	-4.416759e+01
2.082856e+03	-4.419739e+01
2.094887e+03	-4.426182e+01
2.106987e+03	-4.430804e+01
2.119157e+03	-4.438709e+01
2.131397e+03	-4.442906e+01
2.143708e+03	-4.448391e+01
2.156090e+03	-4.453274e+01
2.168543e+03	-4.460016e+01
2.181069e+03	-4.460148e+01
2.193666e+03	-4.470297e+01
2.206337e+03	-4.475225e+01
2.219081e+03	-4.481456e+01
2.231898e+03	-4.482761e+01
2.244789e+03	-4.489816e+01
2.257755e+03	-4.496180e+01
2.270796e+03	-4.502901e+01
2.283912e+03	-4.504879e+01
2.297104e+03	-4.510787e+01
2.310372e+03	-4.517027e+01
2.323716e+03	-4.524490e+01
2.337138e+03	-4.532325e+01
2.350637e+03	-4.533966e+01
2.364214e+03	-4.542534e+01
2.377870e+03	-4.547118e+01
2.391604e+03	-4.550018e+01
2.405418e+03	-4.555870e+01
2.419312e+03	-4.559439e+01
2.433286e+03	-4.566918e+01
2.447340e+03	-4.570004e+01
2.461476e+03	-4.576027e+01
2.475693e+03	-4.584710e+01
2.489993e+03	-4.590402e+01
2.504375e+03	-4.593363e+01
2.518840e+03	-4.602463e+01
2.533389e+03	-4.606043e+01
2.548022e+03	-4.610519e+01
2.562739e+03	-4.619193e+01
2.577541e+03	-4.621906e+01
2.592429e+03	-4.627484e+01
2.607403e+03	-4.634664e+01
2.622463e+03	-4.640621e+01
2.637610e+03	-4.644876e+01
2.652845e+03	-4.651549e+01
2.668168e+03	-4.650604e+01
2.683579e+03	-4.660233e+01
2.699079e+03	-4.664929e+01
2.714669e+03	-4.668246e+01
2.730349e+03	-4.681741e+01
2.746119e+03	-4.684063e+01
2.761981e+03	-4.688281e+01
2.777934e+03	-4.694911e+01
2.793979e+03	-4.703466e+01
2.810117e+03	-4.706194e+01
2.826348e+03	-4.707675e+01
2.842673e+03	-4.718081e+01
2.859092e+03	-4.722737e+01
2.875606e+03	-4.728140e+01
2.892215e+03	-4.735691e+01
2.908921e+03	-4.736441e+01
2.925722e+03	-4.747351e+01
2.942621e+03	-4.753110e+01
2.959618e+03	-4.757626e+01
2.976712e+03	-4.765550e+01
2.993906e+03	-4.770725e+01
3.011198e+03	-4.772995e+01
3.028591e+03	-4.781291e+01
3.046084e+03	-4.784573e+01
3.063678e+03	-4.790773e+01
3.081374e+03	-4.799996e+01
3.099172e+03	-4.808699e+01
3.117072e+03	-4.810609e+01
3.135076e+03	-4.817848e+01
3.153184e+03	-4.824464e+01
3.171397e+03	-4.826449e+01
3.189715e+03	-4.831282e+01
3.208139e+03	-4.841014e+01
3.226669e+03	-4.845877e+01
3.245306e+03	-4.850451e+01
3.264051e+03	-4.857229e+01
3.282904e+03	-4.859900e+01
3.301866e+03	-4.876044e+01
3.320937e+03	-4.865652e+01
3.340119e+03	-4.876969e+01
3.359411e+03	-4.889545e+01
3.378815e+03	-4.889632e+01
3.398331e+03	-4.897067e+01
3.417959e+03	-4.903839e+01
3.437701e+03	-4.912392e+01
3.457557e+03	-4.920611e+01
3.477528e+03	-4.925195e+01
3.497614e+03	-4.928908e+01
3.517816e+03	-4.934964e+01
3.538135e+03	-4.945042e+01
3.558571e+03	-4.946673e+01
3.579125e+03	-4.954170e+01
3.599798e+03	-4.961676e+01
3.620590e+03	-4.967109e+01
3.641503e+03	-4.972210e+01
3.662536e+03	-4.977683e+01
3.683691e+03	-4.979542e+01
3.704967e+03	-4.988760e+01
3.726367e+03	-4.999113e+01
3.747890e+03	-5.003000e+01
3.769538e+03	-5.003876e+01
3.791311e+03	-5.019086e+01
3.813209e+03	-5.025765e+01
3.835234e+03	-5.026890e+01
3.857386e+03	-5.028904e+01
3.879667e+03	-5.037951e+01
3.902075e+03	-5.044121e+01
3.924614e+03	-5.054912e+01
3.947282e+03	-5.059095e+01
3.970081e+03	-5.064391e+01
3.993012e+03	-5.069358e+01
4.016076e+03	-5.082807e+01
4.039272e+03	-5.089182e+01
4.062603e+03	-5.091714e+01
4.086069e+03	-5.098704e+01
4.109670e+03	-5.108483e+01
4.133407e+03	-5.116580e+01
4.157281e+03	-5.118920e+01
4.181294e+03	-5.130484e+01
4.205445e+03	-5.133146e+01
4.229735e+03	-5.144217e+01
4.254166e+03	-5.142866e+01
4.278738e+03	-5.153143e+01
4.303451e+03	-5.155857e+01
4.328308e+03	-5.171714e+01
4.353308e+03	-5.166553e+01
4.378453e+03	-5.178383e+01
4.403742e+03	-5.184172e+01
4.429178e+03	-5.195255e+01
4.454761e+03	-5.201060e+01
4.480492e+03	-5.212229e+01
4.506371e+03	-5.210457e+01
4.532399e+03	-5.211452e+01
4.558578e+03	-5.224522e+01
4.584908e+03	-5.234898e+01
4.611391e+03	-5.243039e+01
4.638026e+03	-5.248897e+01
4.664815e+03	-5.253172e+01
4.691759e+03	-5.262978e+01
4.718858e+03	-5.265931e+01
4.746114e+03	-5.270294e+01
4.773527e+03	-5.278421e+01
4.801099e+03	-5.289764e+01
4.828830e+03	-5.297516e+01
4.856721e+03	-5.307570e+01
4.884773e+03	-5.313544e+01
4.912988e+03	-5.325131e+01
4.941365e+03	-5.328246e+01
4.969906e+03	-5.337272e+01
4.998612e+03	-5.339756e+01
5.027484e+03	-5.357216e+01
5.056522e+03	-5.359098e+01
5.085729e+03	-5.372879e+01
5.115104e+03	-5.374924e+01
5.144648e+03	-5.387812e+01
5.174363e+03	-5.388890e+01
5.204250e+03	-5.400930e+01
5.234310e+03	-5.403092e+01
5.264543e+03	-5.406148e+01
5.294951e+03	-5.419176e+01
5.325534e+03	-5.431217e+01
5.356294e+03	-5.429796e+01
5.387232e+03	-5.445545e+01
5.418348e+03	-5.458192e+01
5.449645e+03	-5.465389e+01
5.481122e+03	-5.464427e+01
5.512780e+03	-5.476665e+01
5.544622e+03	-5.488732e+01
5.576647e+03	-5.496358e+01
5.608858e+03	-5.500031e+01
5.641254e+03	-5.514208e+01
5.673838e+03	-5.517892e+01
5.706610e+03	-5.528730e+01
5.739571e+03	-5.530642e+01
5.772723e+03	-5.539626e+01
5.806066e+03	-5.541487e+01
5.839601e+03	-5.561708e+01
5.873331e+03	-5.567070e+01
5.907255e+03	-5.571127e+01
5.941375e+03	-5.580228e+01
5.975692e+03	-5.596134e+01
6.010207e+03	-5.610992e+01
6.044922e+03	-5.601279e+01
6.079837e+03	-5.604628e+01
6.114954e+03	-5.629801e+01
6.150274e+03	-5.634562e+01
6.185797e+03	-5.643388e+01
6.221526e+03	-5.663420e+01
6.257462e+03	-5.656328e+01
6.293605e+03	-5.675738e+01
6.329956e+03	-5.674260e+01
6.366518e+03	-5.690605e+01
6.403290e+03	-5.705083e+01
6.440276e+03	-5.701471e+01
6.477474e+03	-5.714327e+01
6.514888e+03	-5.730489e+01
6.552518e+03	-5.737380e+01
6.590365e+03	-5.740074e+01
6.628430e+03	-5.754703e+01
6.666716e+03	-5.778535e+01
6.705223e+03	-5.783000e+01
6.743952e+03	-5.781097e+01
6.782905e+03	-5.807975e+01
6.822082e+03	-5.819176e+01
6.861486e+03	-5.816291e+01
6.901118e+03	-5.823636e+01
6.940979e+03	-5.842803e+01
6.981069e+03	-5.851436e+01
7.021392e+03	-5.861889e+01
7.061947e+03	-5.871120e+01
7.102737e+03	-5.890962e+01
7.143762e+03	-5.897244e+01
7.185024e+03	-5.900904e+01
7.226524e+03	-5.926256e+01
7.268264e+03	-5.932445e+01
7.310246e+03	-5.941079e+01
7.352469e+03	-5.963651e+01
7.394937e+03	-5.964452e+01
7.437650e+03	-5.968332e+01
7.480609e+03	-5.975824e+01
7.523817e+03	-6.001902e+01
7.567274e+03	-5.996889e+01
7.610982e+03	-6.014608e+01
7.654943e+03	-6.031417e+01
7.699158e+03	-6.017980e+01
7.743628e+03	-6.058322e+01
7.788355e+03	-6.077326e+01
7.833340e+03	-6.074105e+01
7.878585e+03	-6.081575e+01
7.924091e+03	-6.095804e+01
7.969861e+03	-6.114758e+01
8.015894e+03	-6.103706e+01
8.062194e+03	-6.137153e+01
8.108761e+03	-6.143286e+01
8.155596e+03	-6.156184e+01
8.202703e+03	-6.172746e+01
8.250081e+03	-6.189401e+01
8.297733e+03	-6.172623e+01
8.345661e+03	-6.195221e+01
8.393865e+03	-6.210505e+01
8.442348e+03	-6.215887e+01
8.491110e+03	-6.231376e+01
8.540155e+03	-6.229247e+01
8.589482e+03	-6.237782e+01
8.639095e+03	-6.236812e+01
8.688994e+03	-6.270538e+01
8.739181e+03	-6.235254e+01
8.789658e+03	-6.262067e+01
8.840427e+03	-6.251898e+01
8.891489e+03	-6.222734e+01
8.942846e+03	-6.198885e+01
8.994499e+03	-6.205199e+01
9.046451e+03	-6.181593e+01
9.098703e+03	-6.170780e+01
9.151257e+03	-6.128238e+01
9.204114e+03	-6.059547e+01
9.257277e+03	-6.018755e+01
9.310746e+03	-5.986339e+01
9.364525e+03	-5.982067e+01
9.418614e+03	-6.036353e+01
9.473015e+03	-6.218631e+01
9.527731e+03	-6.428002e+01
9.582763e+03	-6.745780e+01
9.638113e+03	-7.027570e+01
9.693782e+03	-7.271808e+01
9.749773e+03	-7.639679e+01
9.806087e+03	-8.210201e+01
9.862727e+03	-8.627674e+01
9.919693e+03	-9.341388e+01
9.976989e+03	-1.027947e+02
1.003462e+04	-9.520687e+01
1.009258e+04	-9.965271e+01
1.015087e+04	-8.975101e+01
1.020950e+04	-9.366023e+01
1.026847e+04	-9.678214e+01
1.032778e+04	-9.513598e+01
1.038743e+04	-8.801773e+01
1.044743e+04	-8.746693e+01
1.050777e+04	-9.379397e+01
1.056847e+04	-8.933240e+01
1.062951e+04	-8.751952e+01
1.069091e+04	-8.420652e+01
1.075266e+04	-8.401418e+01
1.081476e+04	-8.468392e+01
1.087723e+04	-8.163120e+01
1.094006e+04	-8.038852e+01
1.100324e+04	-7.937195e+01
1.106680e+04	-7.841581e+01
1.113072e+04	-7.824006e+01
1.119501e+04	-7.766676e+01
1.125967e+04	-7.503178e+01
1.132471e+04	-7.548225e+01
1.139012e+04	-7.484590e+01
1.145591e+04	-7.420717e+01
1.152208e+04	-7.399891e+01
1.158863e+04	-7.337216e+01
1.165556e+04	-7.328662e+01
1.172289e+04	-7.263776e+01
1.179060e+04	-7.251632e+01
1.185870e+04	-7.168886e+01
1.192719e+04	-7.079128e+01
1.199608e+04	-7.095085e+01
1.206537e+04	-7.127679e+01
1.213506e+04	-7.014987e+01
1.220515e+04	-6.971326e+01
1.227565e+04	-6.987084e+01
1.234655e+04	-6.952780e+01
1.241787e+04	-6.898631e+01
1.248959e+04	-6.869720e+01
1.256173e+04	-6.828165e+01
1.263429e+04	-6.826288e+01
1.270726e+04	-6.772042e+01
1.278066e+04	-6.763803e+01
1.285448e+04	-6.723881e+01
1.292873e+04	-6.696897e+01
1.300340e+04	-6.653304e+01
1.307851e+04	-6.642194e+01
1.315405e+04	-6.601253e+01
1.323003e+04	-6.600535e+01
1.330644e+04	-6.562874e+01
1.338330e+04	-6.550916e+01
1.346060e+04	-6.513531e+01
1.353835e+04	-6.498967e+01
1.361655e+04	-6.456621e+01
1.369520e+04	-6.465342e+01
1.377430e+04	-6.440919e+01
1.385386e+04	-6.424357e+01
1.393388e+04	-6.418449e+01
1.401436e+04	-6.372866e+01
1.409531e+04	-6.369648e+01
1.417672e+04	-6.359020e+01
1.425861e+04	-6.317405e+01
1.434096e+04	-6.303652e+01
1.442379e+04	-6.290683e+01
1.450711e+04	-6.273286e+01
1.459090e+04	-6.260022e+01
1.467518e+04	-6.254290e+01
1.475994e+04	-6.242093e+01
1.484519e+04	-6.229898e+01
1.493094e+04	-6.209093e+01
1.501718e+04	-6.200375e+01
1.510392e+04	-6.170825e+01
1.519116e+04	-6.159329e+01
1.527890e+04	-6.139088e+01
1.536715e+04	-6.130048e+01
1.545591e+04	-6.123027e+01
1.554518e+04	-6.092807e+01
1.563497e+04	-6.078745e+01
1.572528e+04	-6.071916e+01
1.581611e+04	-6.046230e+01
1.590746e+04	-6.040248e+01
1.599934e+04	-6.044104e+01
1.609175e+04	-6.013675e+01
1.618470e+04	-5.997300e+01
1.627818e+04	-6.001657e+01
1.637220e+04	-5.972019e+01
1.646677e+04	-5.975725e+01
1.656188e+04	-5.950354e+01
1.665754e+04	-5.940576e+01
1.675375e+04	-5.930068e+01
1.685052e+04	-5.924186e+01
1.694785e+04	-5.907234e+01
1.704574e+04	-5.893482e+01
1.714419e+04	-5.877829e+01
1.724322e+04	-5.886438e+01
1.734281e+04	-5.861170e+01
1.744299e+04	-5.850708e+01
1.754374e+04	-5.835867e+01
1.764507e+04	-5.832533e+01
1.774698e+04	-5.819116e+01
1.784949e+04	-5.814781e+01
1.795259e+04	-5.800723e+01
1.805628e+04	-5.788055e+01
1.816057e+04	-5.769265e+01
1.826547e+04	-5.773878e+01
1.837097e+04	-5.752953e+01
1.847708e+04	-5.749459e+01
1.858380e+04	-5.732386e+01
1.869114e+04	-5.737125e+01
1.879910e+04	-5.712893e+01
1.890768e+04	-5.707756e+01
1.901689e+04	-5.699037e+01
1.912673e+04	-5.685045e+01
1.923721e+04	-5.679301e+01
1.934832e+04	-5.664417e+01
1.946008e+04	-5.667767e+01
1.957248e+04	-5.643066e+01
1.968553e+04	-5.632962e+01
1.979923e+04	-5.618797e+01
1.991359e+04	-5.613474e+01
2.002861e+04	-5.618792e+01
2.014430e+04	-5.610517e+01
2.026065e+04	-5.589487e+01
2.037767e+04	-5.580504e+01
2.049537e+04	-5.583074e+01
2.061375e+04	-5.578061e+01
2.073282e+04	-5.555868e+01
2.085257e+04	-5.543979e+01
2.097301e+04	-5.534672e+01
2.109415e+04	-5.528915e+01
2.121599e+04	-5.513981e+01
2.133853e+04	-5.507858e+01
2.146178e+04	-5.508257e+01
2.158575e+04	-5.496205e+01
2.171043e+04	-5.488807e+01
2.183582e+04	-5.480420e+01
2.196195e+04	-5.468929e+01
2.208880e+04	-5.472572e+01
2.221638e+04	-5.456314e+01
2.234470e+04	-5.445947e+01
2.247377e+04	-5.436364e+01
2.260357e+04	-5.426634e+01
2.273413e+04	-5.421428e+01
2.286544e+04	-5.417523e+01
2.299751e+04	-5.403865e+01
2.313034e+04	-5.396614e+01
2.326394e+04	-5.394877e+01
2.339832e+04	-5.381907e+01
2.353346e+04	-5.377261e+01
2.366939e+04	-5.368558e+01
2.380610e+04	-5.359965e+01
2.394361e+04	-5.352095e+01
2.408191e+04	-5.344641e+01
2.422100e+04	-5.337926e+01
2.436090e+04	-5.327468e+01
2.450161e+04	-5.325193e+01
2.464313e+04	-5.319139e+01
2.478547e+04	-5.308077e+01
2.492863e+04	-5.298158e+01
2.507261e+04	-5.293359e+01
2.521743e+04	-5.286499e+01
2.536309e+04	-5.273162e+01
2.550958e+04	-5.274935e+01
2.565692e+04	-5.265368e+01
2.580512e+04	-5.255973e+01
2.595417e+04	-5.249055e+01
2.610408e+04	-5.242514e+01
2.625485e+04	-5.242679e+01
2.640650e+04	-5.231157e+01
2.655902e+04	-5.219830e+01
2.671243e+04	-5.223468e+01
2.686672e+04	-5.207119e+01
2.702190e+04	-5.202616e+01
2.717798e+04	-5.193089e+01
2.733495e+04	-5.192341e+01
2.749284e+04	-5.180650e+01
2.765164e+04	-5.175813e+01
2.781135e+04	-5.175645e+01
2.797199e+04	-5.156179e+01
2.813355e+04	-5.153452e+01
2.829605e+04	-5.142244e+01
2.845949e+04	-5.137339e+01
2.862387e+04	-5.127993e+01
2.878920e+04	-5.128615e+01
2.895549e+04	-5.116525e+01
2.912273e+04	-5.112581e+01
2.929094e+04	-5.108664e+01
2.946013e+04	-5.098081e+01
2.963029e+04	-5.097174e+01
2.980143e+04	-5.092596e+01
2.997356e+04	-5.082093e+01
3.014669e+04	-5.072057e+01
3.032081e+04	-5.061119e+01
3.049595e+04	-5.057987e+01
3.067209e+04	-5.051508e+01
3.084925e+04	-5.045352e+01
3.102743e+04	-5.044080e+01
3.120665e+04	-5.037601e+01
3.138690e+04	-5.028467e+01
3.156819e+04	-5.020872e+01
3.175052e+04	-5.019937e+01
3.193391e+04	-5.009413e+01
3.211836e+04	-5.004884e+01
3.230388e+04	-5.005798e+01
3.249046e+04	-4.993701e+01
3.267812e+04	-4.984878e+01
3.286687e+04	-4.979866e+01
3.305671e+04	-4.969844e+01
3.324764e+04	-4.971708e+01
3.343968e+04	-4.958496e+01
3.363283e+04	-4.955357e+01
3.382709e+04	-4.948512e+01
3.402247e+04	-4.941291e+01
3.421899e+04	-4.936892e+01
3.441663e+04	-4.935764e+01
3.461542e+04	-4.921828e+01
3.481536e+04	-4.917212e+01
3.501645e+04	-4.916825e+01
3.521871e+04	-4.908402e+01
3.542213e+04	-4.895913e+01
3.562672e+04	-4.892415e+01
3.583250e+04	-4.889411e+01
3.603947e+04	-4.879823e+01
3.624763e+04	-4.876082e+01
3.645700e+04	-4.868511e+01
3.666757e+04	-4.867994e+01
3.687936e+04	-4.857985e+01
3.709238e+04	-4.855003e+01
3.730662e+04	-4.847709e+01
3.752210e+04	-4.842383e+01
3.773883e+04	-4.839447e+01
3.795680e+04	-4.833210e+01
3.817604e+04	-4.825543e+01
3.839654e+04	-4.817166e+01
3.861832e+04	-4.811692e+01
3.884138e+04	-4.807174e+01
3.906573e+04	-4.798414e+01
3.929137e+04	-4.796211e+01
3.951831e+04	-4.791918e+01
3.974657e+04	-4.782554e+01
3.997614e+04	-4.779319e+01
4.020704e+04	-4.768671e+01
4.043928e+04	-4.767798e+01
4.067285e+04	-4.757187e+01
4.090778e+04	-4.753570e+01
4.114406e+04	-4.746400e+01
4.138171e+04	-4.746403e+01
4.162073e+04	-4.737935e+01
4.186113e+04	-4.728330e+01
4.210291e+04	-4.724829e+01
4.234610e+04	-4.716832e+01
4.259069e+04	-4.715161e+01
4.283669e+04	-4.710207e+01
4.308411e+04	-4.701648e+01
4.333297e+04	-4.694684e+01
4.358325e+04	-4.689206e+01
4.383499e+04	-4.683859e+01
4.408818e+04	-4.679136e+01
4.434283e+04	-4.675197e+01
4.459895e+04	-4.668581e+01
4.485655e+04	-4.662392e+01
4.511564e+04	-4.657060e+01
4.537623e+04	-4.654505e+01
4.563832e+04	-4.648508e+01
4.590193e+04	-4.642308e+01
4.616705e+04	-4.630533e+01
4.643371e+04	-4.627699e+01
4.670191e+04	-4.623818e+01
4.697166e+04	-4.618209e+01
4.724297e+04	-4.611970e+01
4.751584e+04	-4.607632e+01
4.779029e+04	-4.598425e+01
4.806633e+04	-4.595510e+01
4.834395e+04	-4.587436e+01
4.862319e+04	-4.584546e+01
4.890403e+04	-4.577633e+01
4.918650e+04	-4.571283e+01
4.947060e+04	-4.566680e+01
4.975634e+04	-4.565143e+01
5.004373e+04	-4.559844e+01
5.033278e+04	-4.552421e+01
5.062350e+04	-4.547053e+01
5.091590e+04	-4.537205e+01
5.120999e+04	-4.533464e+01
5.150578e+04	-4.527762e+01
5.180327e+04	-4.524461e+01
5.210248e+04	-4.517922e+01
5.240343e+04	-4.516287e+01
5.270611e+04	-4.506846e+01
5.301053e+04	-4.504370e+01
5.331672e+04	-4.496610e+01
5.362468e+04	-4.492796e+01
5.393441e+04	-4.484844e+01
5.424593e+04	-4.481099e+01
5.455926e+04	-4.474077e+01
5.487439e+04	-4.467046e+01
5.519134e+04	-4.463866e+01
5.551012e+04	-4.457506e+01
5.583075e+04	-4.453541e+01
5.615322e+04	-4.445833e+01
5.647756e+04	-4.441040e+01
5.680377e+04	-4.436882e+01
5.713187e+04	-4.433182e+01
5.746186e+04	-4.428181e+01
5.779376e+04	-4.423772e+01
5.812757e+04	-4.418458e+01
5.846332e+04	-4.411501e+01
5.880100e+04	-4.406180e+01
5.914063e+04	-4.399519e+01
5.948222e+04	-4.396226e+01
5.982579e+04	-4.391755e+01
6.017134e+04	-4.383546e+01
6.051889e+04	-4.379724e+01
6.086844e+04	-4.372228e+01
6.122002e+04	-4.366774e+01
6.157362e+04	-4.363141e+01
6.192927e+04	-4.356504e+01
6.228697e+04	-4.351274e+01
6.264674e+04	-4.345904e+01
6.300858e+04	-4.339808e+01
6.337252e+04	-4.336448e+01
6.373855e+04	-4.328185e+01
6.410670e+04	-4.322803e+01
6.447698e+04	-4.321754e+01
6.484940e+04	-4.317326e+01
6.522397e+04	-4.309409e+01
6.560070e+04	-4.304462e+01
6.597960e+04	-4.301066e+01
6.636070e+04	-4.292012e+01
6.674400e+04	-4.288296e+01
6.712951e+04	-4.283379e+01
6.751724e+04	-4.275386e+01
6.790722e+04	-4.273254e+01
6.829945e+04	-4.268309e+01
6.869395e+04	-4.263066e+01
6.909072e+04	-4.258006e+01
6.948978e+04	-4.251460e+01
6.989115e+04	-4.245561e+01
7.029484e+04	-4.242144e+01
7.070086e+04	-4.233708e+01
7.110923e+04	-4.232265e+01
7.151995e+04	-4.226083e+01
7.193305e+04	-4.219688e+01
7.234853e+04	-4.214482e+01
7.276641e+04	-4.211243e+01
7.318671e+04	-4.205022e+01
7.360943e+04	-4.199255e+01
7.403460e+04	-4.193478e+01
7.446222e+04	-4.189198e+01
7.489231e+04	-4.183397e+01
7.532488e+04	-4.179378e+01
7.575996e+04	-4.173413e+01
7.619754e+04	-4.168445e+01
7.663766e+04	-4.163498e+01
7.708031e+04	-4.156152e+01
7.752553e+04	-4.152633e+01
7.797331e+04	-4.148754e+01
7.842368e+04	-4.141881e+01
7.887665e+04	-4.138185e+01
7.933224e+04	-4.132282e+01
7.979046e+04	-4.127648e+01
8.025133e+04	-4.122542e+01
8.071486e+04	-4.117749e+01
8.118106e+04	-4.110492e+01
8.164996e+04	-4.104855e+01
8.212157e+04	-4.100142e+01
8.259590e+04	-4.093080e+01
8.307297e+04	-4.091107e+01
8.355279e+04	-4.084136e+01
8.403539e+04	-4.080282e+01
8.452078e+04	-4.075796e+01
8.500897e+04	-4.068049e+01
8.549997e+04	-4.063462e+01
8.599382e+04	-4.057508e+01
8.649052e+04	-4.054893e+01
8.699008e+04	-4.049213e+01
8.749253e+04	-4.045635e+01
8.799789e+04	-4.040225e+01
8.850616e+04	-4.034102e+01
8.901737e+04	-4.028425e+01
8.953153e+04	-4.022548e+01
9.004866e+04	-4.018674e+01
9.056877e+04	-4.012245e+01
9.109190e+04	-4.006579e+01
9.161804e+04	-4.002939e+01
9.214722e+04	-3.997378e+01
9.267946e+04	-3.991445e+01
9.321477e+04	-3.987181e+01
9.375318e+04	-3.981539e+01
9.429469e+04	-3.976843e+01
9.483933e+04	-3.971130e+01
9.538712e+04	-3.965962e+01
9.593807e+04	-3.960861e+01
9.649221e+04	-3.957618e+01
9.704954e+04	-3.950018e+01
9.761010e+04	-3.945913e+01
9.817389e+04	-3.942260e+01
9.874094e+04	-3.935160e+01
9.931126e+04	-3.930896e+01
9.988488e+04	-3.925937e+01
1.004618e+05	-3.919735e+01
1.010421e+05	-3.916314e+01
1.016257e+05	-3.909565e+01
1.022127e+05	-3.905104e+01
1.028031e+05	-3.898662e+01
1.033968e+05	-3.894225e+01
1.039941e+05	-3.890486e+01
1.045947e+05	-3.886088e+01
1.051989e+05	-3.879194e+01
1.058065e+05	-3.874805e+01
1.064176e+05	-3.870170e+01
1.070323e+05	-3.864568e+01
1.076505e+05	-3.857789e+01
1.082723e+05	-3.854678e+01
1.088977e+05	-3.848610e+01
1.095266e+05	-3.844013e+01
1.101593e+05	-3.838730e+01
1.107955e+05	-3.834210e+01
1.114355e+05	-3.828155e+01
1.120791e+05	-3.823338e+01
1.127265e+05	-3.818836e+01
1.133776e+05	-3.813433e+01
1.140325e+05	-3.809773e+01
1.146911e+05	-3.803664e+01
1.153536e+05	-3.797493e+01
1.160198e+05	-3.793122e+01
1.166900e+05	-3.787544e+01
1.173640e+05	-3.783994e+01
1.180419e+05	-3.778822e+01
1.187237e+05	-3.772086e+01
1.194094e+05	-3.767053e+01
1.200991e+05	-3.762559e+01
1.207928e+05	-3.757490e+01
1.214905e+05	-3.752710e+01
1.221922e+05	-3.747333e+01
1.228980e+05	-3.740897e+01
1.236078e+05	-3.737368e+01
1.243218e+05	-3.731106e+01
1.250399e+05	-3.726284e+01
1.257621e+05	-3.722545e+01
1.264885e+05	-3.716713e+01
1.272191e+05	-3.711306e+01
1.279539e+05	-3.705776e+01
1.286930e+05	-3.701121e+01
1.294363e+05	-3.696211e+01
1.301839e+05	-3.691481e+01
1.309358e+05	-3.686926e+01
1.316921e+05	-3.681035e+01
1.324528e+05	-3.676536e+01
1.332178e+05	-3.672502e+01
1.339873e+05	-3.665684e+01
1.347612e+05	-3.660581e+01
1.355395e+05	-3.655637e+01
1.363224e+05	-3.651133e+01
1.371098e+05	-3.646091e+01
1.379018e+05	-3.641339e+01
1.386983e+05	-3.635255e+01
1.394994e+05	-3.630640e+01
1.403051e+05	-3.625053e+01
1.411155e+05	-3.621098e+01
1.419306e+05	-3.615276e+01
1.427504e+05	-3.610202e+01
1.435749e+05	-3.606096e+01
1.444042e+05	-3.600066e+01
1.452383e+05	-3.595941e+01
1.460772e+05	-3.590813e+01
1.469209e+05	-3.584887e+01
1.477695e+05	-3.580285e+01
1.486230e+05	-3.575303e+01
1.494814e+05	-3.570295e+01
1.503448e+05	-3.564508e+01
1.512132e+05	-3.560099e+01
1.520866e+05	-3.555010e+01
1.529651e+05	-3.549400e+01
1.538486e+05	-3.545969e+01
1.547372e+05	-3.540826e+01
1.556310e+05	-3.535460e+01
1.565299e+05	-3.530089e+01
1.574340e+05	-3.524838e+01
1.583433e+05	-3.519438e+01
1.592579e+05	-3.515236e+01
1.601778e+05	-3.508918e+01
1.611030e+05	-3.504528e+01
1.620335e+05	-3.499875e+01
1.629694e+05	-3.494265e+01
1.639107e+05	-3.490204e+01
1.648574e+05	-3.484023e+01
1.658097e+05	-3.479251e+01
1.667674e+05	-3.475444e+01
1.677306e+05	-3.469046e+01
1.686994e+05	-3.464844e+01
1.696738e+05	-3.460169e+01
1.706538e+05	-3.454945e+01
1.716395e+05	-3.448742e+01
1.726309e+05	-3.444460e+01
1.736280e+05	-3.438967e+01
1.746309e+05	-3.433627e+01
1.756395e+05	-3.429103e+01
1.766540e+05	-3.424775e+01
1.776744e+05	-3.418862e+01
1.787006e+05	-3.414622e+01
1.797328e+05	-3.409177e+01
1.807709e+05	-3.403789e+01
1.818150e+05	-3.399166e+01
1.828652e+05	-3.394217e+01
1.839214e+05	-3.388704e+01
1.849837e+05	-3.384465e+01
1.860522e+05	-3.378591e+01
1.871268e+05	-3.374457e+01
1.882077e+05	-3.369401e+01
1.892948e+05	-3.363347e+01
1.903881e+05	-3.358896e+01
1.914878e+05	-3.353726e+01
1.925938e+05	-3.348823e+01
1.937062e+05	-3.344429e+01
1.948251e+05	-3.338735e+01
1.959504e+05	-3.333532e+01
1.970822e+05	-3.328723e+01
1.982205e+05	-3.323632e+01
1.993654e+05	-3.318061e+01
2.005169e+05	-3.314431e+01
2.016751e+05	-3.308401e+01
2.028400e+05	-3.303421e+01
2.040116e+05	-3.299072e+01
2.051899e+05	-3.293590e+01
2.063751e+05	-3.287902e+01
2.075671e+05	-3.283778e+01
2.087660e+05	-3.278486e+01
2.099719e+05	-3.273745e+01
2.111846e+05	-3.269105e+01
2.124044e+05	-3.263920e+01
2.136313e+05	-3.258564e+01
2.148652e+05	-3.253573e+01
2.161063e+05	-3.248603e+01
2.173545e+05	-3.243563e+01
2.186099e+05	-3.238671e+01
2.198726e+05	-3.234417e+01
2.211426e+05	-3.228725e+01
2.224199e+05	-3.223115e+01
2.237046e+05	-3.218505e+01
2.249967e+05	-3.213382e+01
2.262962e+05	-3.207653e+01
2.276033e+05	-3.203879e+01
2.289179e+05	-3.198394e+01
2.302402e+05	-3.193859e+01
2.315700e+05	-3.188244e+01
2.329076e+05	-3.183520e+01
2.342528e+05	-3.177983e+01
2.356059e+05	-3.173084e+01
2.369667e+05	-3.168303e+01
2.383354e+05	-3.164048e+01
2.397120e+05	-3.158642e+01
2.410966e+05	-3.153828e+01
2.424892e+05	-3.147549e+01
2.438898e+05	-3.143057e+01
2.452985e+05	-3.138128e+01
2.467153e+05	-3.133480e+01
2.481403e+05	-3.128486e+01
2.495736e+05	-3.123034e+01
2.510151e+05	-3.118284e+01
2.524650e+05	-3.113283e+01
2.539232e+05	-3.108188e+01
2.553898e+05	-3.102610e+01
2.568650e+05	-3.098178e+01
2.583486e+05	-3.093654e+01
2.598408e+05	-3.087842e+01
2.613416e+05	-3.083302e+01
2.628511e+05	-3.078793e+01
2.643694e+05	-3.073430e+01
2.658963e+05	-3.067965e+01
2.674321e+05	-3.063303e+01
2.689768e+05	-3.058182e+01
2.705304e+05	-3.053620e+01
2.720930e+05	-3.048023e+01
2.736646e+05	-3.043260e+01
2.752453e+05	-3.038173e+01
2.768351e+05	-3.033095e+01
2.784341e+05	-3.028395e+01
2.800423e+05	-3.023833e+01
2.816598e+05	-3.018304e+01
2.832867e+05	-3.013521e+01
2.849229e+05	-3.008532e+01
2.865686e+05	-3.003305e+01
2.882238e+05	-2.998223e+01
2.898886e+05	-2.993751e+01
2.915630e+05	-2.988650e+01
2.932470e+05	-2.983176e+01
2.949408e+05	-2.978485e+01
2.966444e+05	-2.973407e+01
2.983578e+05	-2.967936e+01
3.000811e+05	-2.963179e+01
3.018143e+05	-2.958080e+01
3.035576e+05	-2.954069e+01
3.053109e+05	-2.948272e+01
3.070744e+05	-2.943486e+01
3.088481e+05	-2.938136e+01
3.106320e+05	-2.933474e+01
3.124261e+05	-2.928288e+01
3.142307e+05	-2.923274e+01
3.160457e+05	-2.918718e+01
3.178712e+05	-2.913490e+01
3.197072e+05	-2.908494e+01
3.215538e+05	-2.903657e+01
3.234111e+05	-2.898946e+01
3.252791e+05	-2.893617e+01
3.271579e+05	-2.888377e+01
3.290475e+05	-2.883575e+01
3.309481e+05	-2.878517e+01
3.328596e+05	-2.873720e+01
3.347822e+05	-2.868842e+01
3.367159e+05	-2.863514e+01
3.386608e+05	-2.858916e+01
3.406169e+05	-2.854088e+01
3.425842e+05	-2.848863e+01
3.445630e+05	-2.843690e+01
3.465532e+05	-2.838400e+01
3.485549e+05	-2.833232e+01
3.505681e+05	-2.828982e+01
3.525930e+05	-2.823775e+01
3.546295e+05	-2.818840e+01
3.566778e+05	-2.814192e+01
3.587380e+05	-2.809105e+01
3.608101e+05	-2.803840e+01
3.628941e+05	-2.799492e+01
3.649901e+05	-2.794173e+01
3.670983e+05	-2.789107e+01
3.692187e+05	-2.784150e+01
3.713513e+05	-2.779116e+01
3.734962e+05	-2.774258e+01
3.756535e+05	-2.768980e+01
3.778232e+05	-2.764237e+01
3.800055e+05	-2.758567e+01
3.822004e+05	-2.754422e+01
3.844080e+05	-2.749431e+01
3.866283e+05	-2.744593e+01
3.888615e+05	-2.739457e+01
3.911075e+05	-2.734143e+01
3.933665e+05	-2.729682e+01
3.956386e+05	-2.724522e+01
3.979238e+05	-2.719518e+01
4.002222e+05	-2.714813e+01
4.025338e+05	-2.709412e+01
4.048589e+05	-2.704472e+01
4.071973e+05	-2.699573e+01
4.095493e+05	-2.694543e+01
4.119148e+05	-2.689585e+01
4.142940e+05	-2.684622e+01
4.166870e+05	-2.679600e+01
4.190937e+05	-2.674736e+01
4.215144e+05	-2.669995e+01
4.239490e+05	-2.664831e+01
4.263978e+05	-2.659937e+01
4.288606e+05	-2.655018e+01
4.313377e+05	-2.650071e+01
4.338291e+05	-2.644828e+01
4.363349e+05	-2.639840e+01
4.388551e+05	-2.635169e+01
4.413899e+05	-2.630013e+01
4.439394e+05	-2.625207e+01
4.465035e+05	-2.620129e+01
4.490825e+05	-2.615268e+01
4.516764e+05	-2.610300e+01
4.542853e+05	-2.605433e+01
4.569092e+05	-2.600320e+01
4.595483e+05	-2.595830e+01
4.622026e+05	-2.590413e+01
4.648723e+05	-2.585514e+01
4.675574e+05	-2.580536e+01
4.702580e+05	-2.575762e+01
4.729742e+05	-2.570798e+01
4.757060e+05	-2.565716e+01
4.784537e+05	-2.561105e+01
4.812172e+05	-2.555801e+01
4.839967e+05	-2.551016e+01
4.867923e+05	-2.545797e+01
4.896040e+05	-2.541087e+01
4.924319e+05	-2.535965e+01
4.952762e+05	-2.531012e+01
4.981369e+05	-2.526383e+01
5.010141e+05	-2.521336e+01
5.039079e+05	-2.516184e+01
5.068185e+05	-2.511300e+01
5.097458e+05	-2.506221e+01
5.126901e+05	-2.501372e+01
5.156514e+05	-2.496542e+01
5.186298e+05	-2.491319e+01
5.216253e+05	-2.486655e+01
5.246382e+05	-2.481758e+01
5.276685e+05	-2.476716e+01
5.307163e+05	-2.471757e+01
5.337817e+05	-2.466880e+01
5.368648e+05	-2.461832e+01
5.399657e+05	-2.456590e+01
5.430845e+05	-2.452087e+01
5.462214e+05	-2.447137e+01
5.493763e+05	-2.442121e+01
5.525495e+05	-2.437054e+01
5.557410e+05	-2.432368e+01
5.589509e+05	-2.427277e+01
5.621794e+05	-2.422289e+01
5.654265e+05	-2.417371e+01
5.686924e+05	-2.412340e+01
5.719772e+05	-2.407555e+01
5.752809e+05	-2.403136e+01
5.786037e+05	-2.397583e+01
5.819457e+05	-2.392810e+01
5.853070e+05	-2.388059e+01
5.886877e+05	-2.382813e+01
5.920879e+05	-2.377895e+01
5.955078e+05	-2.373079e+01
5.989474e+05	-2.368039e+01
6.024069e+05	-2.363414e+01
6.058864e+05	-2.358155e+01
6.093860e+05	-2.353416e+01
6.129058e+05	-2.348618e+01
6.164459e+05	-2.343375e+01
6.200064e+05	-2.338653e+01
6.235876e+05	-2.334031e+01
6.271894e+05	-2.328829e+01
6.308120e+05	-2.323884e+01
6.344555e+05	-2.319037e+01
6.381201e+05	-2.314102e+01
6.418059e+05	-2.309227e+01
6.455129e+05	-2.303850e+01
6.492414e+05	-2.299172e+01
6.529914e+05	-2.294199e+01
6.567630e+05	-2.289623e+01
6.605565e+05	-2.284597e+01
6.643718e+05	-2.279441e+01
6.682092e+05	-2.274898e+01
6.720688e+05	-2.269852e+01
6.759506e+05	-2.265080e+01
6.798549e+05	-2.260208e+01
6.837817e+05	-2.255175e+01
6.877312e+05	-2.250501e+01
6.917035e+05	-2.245537e+01
6.956987e+05	-2.240400e+01
6.997171e+05	-2.235334e+01
7.037586e+05	-2.230816e+01
7.078235e+05	-2.225995e+01
7.119118e+05	-2.221059e+01
7.160238e+05	-2.216290e+01
7.201595e+05	-2.211049e+01
7.243191e+05	-2.206186e+01
7.285028e+05	-2.201492e+01
7.327106e+05	-2.196515e+01
7.369427e+05	-2.191742e+01
7.411992e+05	-2.186579e+01
7.454804e+05	-2.181870e+01
7.497862e+05	-2.176999e+01
7.541170e+05	-2.171933e+01
7.584727e+05	-2.167191e+01
7.628536e+05	-2.162315e+01
7.672598e+05	-2.157554e+01
7.716915e+05	-2.152626e+01
7.761488e+05	-2.147730e+01
7.806318e+05	-2.143218e+01
7.851407e+05	-2.137985e+01
7.896756e+05	-2.133224e+01
7.942367e+05	-2.128312e+01
7.988242e+05	-2.123390e+01
8.034382e+05	-2.118642e+01
8.080788e+05	-2.113785e+01
8.127463e+05	-2.108866e+01
8.174406e+05	-2.104164e+01
8.221621e+05	-2.099064e+01
8.269109e+05	-2.094273e+01
8.316871e+05	-2.089516e+01
8.364909e+05	-2.084617e+01
8.413225e+05	-2.079687e+01
8.461819e+05	-2.075023e+01
8.510694e+05	-2.070007e+01
8.559852e+05	-2.065241e+01
8.609293e+05	-2.060431e+01
8.659020e+05	-2.055634e+01
8.709034e+05	-2.050739e+01
8.759337e+05	-2.045734e+01
8.809931e+05	-2.041075e+01
8.860816e+05	-2.036087e+01
8.911996e+05	-2.031288e+01
8.963471e+05	-2.026466e+01
9.015244e+05	-2.021497e+01
9.067316e+05	-2.016655e+01
9.119688e+05	-2.011926e+01
9.172363e+05	-2.007167e+01
9.225342e+05	-2.002219e+01
9.278628e+05	-1.997288e+01
9.332221e+05	-1.992696e+01
9.386123e+05	-1.987861e+01
9.440337e+05	-1.983143e+01
9.494864e+05	-1.978123e+01
9.549706e+05	-1.973214e+01
9.604865e+05	-1.968602e+01
9.660342e+05	-1.963718e+01
9.716140e+05	-1.958888e+01
9.772260e+05	-1.954239e+01
9.828704e+05	-1.949266e+01
9.885474e+05	-1.944384e+01
9.942572e+05	-1.939881e+01
1.000000e+06	-1.934753e+01
