Frequency(Hz)	Magnitude(dB)
1.000000e+01	-9.681982e-03
1.005776e+01	-1.193743e-02
1.011585e+01	-1.403770e-03
1.017428e+01	2.887817e-03
1.023305e+01	-1.284968e-02
1.029215e+01	4.057574e-03
1.035160e+01	-1.732608e-03
1.041139e+01	1.061073e-02
1.047153e+01	6.982833e-04
1.053201e+01	9.522603e-03
1.059284e+01	6.088999e-03
1.065403e+01	1.898643e-03
1.071556e+01	-1.078221e-02
1.077746e+01	2.041619e-03
1.083971e+01	-1.345815e-02
1.090232e+01	1.580970e-02
1.096529e+01	-4.015789e-03
1.102862e+01	-2.247915e-03
1.109232e+01	1.811269e-02
1.115639e+01	1.354868e-02
1.122083e+01	1.660725e-02
1.128564e+01	-9.497125e-03
1.135083e+01	1.101890e-02
1.141639e+01	-1.813526e-03
1.148233e+01	5.076048e-03
1.154865e+01	-1.236698e-02
1.161536e+01	-2.139776e-02
1.168245e+01	-2.258361e-03
1.174992e+01	-9.924804e-03
1.181779e+01	2.495985e-03
1.188605e+01	8.734926e-04
1.195470e+01	3.004516e-03
1.202375e+01	-5.822399e-03
1.209320e+01	7.962571e-04
1.216305e+01	-3.473724e-03
1.223330e+01	2.067409e-03
1.230396e+01	1.435385e-04
1.237503e+01	5.423522e-03
1.244651e+01	-1.268471e-03
1.251840e+01	3.601286e-03
1.259070e+01	6.678485e-03
1.266343e+01	-9.802133e-03
1.273657e+01	-9.882011e-03
1.281014e+01	-1.484149e-02
1.288413e+01	-1.847828e-03
1.295855e+01	-6.159332e-03
1.303339e+01	-1.359547e-02
1.310867e+01	-9.527752e-03
1.318439e+01	1.047225e-02
1.326054e+01	1.528741e-02
1.333713e+01	1.090170e-02
1.341417e+01	-2.942750e-03
1.349165e+01	-6.806204e-03
1.356958e+01	-1.777832e-02
1.364795e+01	-8.848038e-03
1.372678e+01	-9.901950e-03
1.380607e+01	-9.234991e-03
1.388581e+01	-4.625837e-03
1.396602e+01	-4.818128e-03
1.404668e+01	6.092554e-03
1.412782e+01	1.034720e-02
1.420942e+01	1.821133e-02
1.429149e+01	8.614831e-03
1.437404e+01	2.943040e-03
1.445706e+01	8.429903e-03
1.454057e+01	-3.216831e-03
1.462455e+01	-1.861592e-03
1.470902e+01	-1.804484e-02
1.479398e+01	-6.735644e-03
1.487943e+01	1.007049e-02
1.496537e+01	-1.746185e-02
1.505181e+01	4.746753e-03
1.513875e+01	1.445770e-03
1.522619e+01	-1.910049e-02
1.531414e+01	-1.160408e-02
1.540259e+01	1.068979e-02
1.549156e+01	3.052927e-03
1.558103e+01	-4.862962e-03
1.567103e+01	6.074115e-04
1.576155e+01	7.886967e-03
1.585258e+01	2.030271e-02
1.594415e+01	-5.948683e-03
1.603624e+01	1.164203e-02
1.612886e+01	-1.485464e-02
1.622202e+01	-2.652353e-03
1.631572e+01	2.823758e-03
1.640996e+01	1.790999e-03
1.650474e+01	7.325473e-03
1.660008e+01	8.140855e-03
1.669596e+01	1.784816e-02
1.679239e+01	-4.554242e-03
1.688938e+01	-3.469790e-03
1.698694e+01	9.317098e-04
1.708505e+01	1.590420e-02
1.718373e+01	9.000088e-03
1.728299e+01	1.231464e-02
1.738281e+01	3.410425e-03
1.748322e+01	9.196895e-04
1.758420e+01	3.799569e-03
1.768576e+01	1.145228e-02
1.778792e+01	1.514121e-02
1.789066e+01	-1.313192e-02
1.799399e+01	-4.058718e-03
1.809793e+01	2.978806e-03
1.820246e+01	5.438604e-03
1.830760e+01	-3.792790e-05
1.841334e+01	-3.142608e-03
1.851969e+01	-5.340374e-03
1.862666e+01	-4.480786e-03
1.873425e+01	4.723599e-03
1.884246e+01	4.934021e-03
1.895129e+01	-4.656341e-03
1.906075e+01	-3.041860e-03
1.917085e+01	-3.325955e-03
1.928158e+01	2.406467e-02
1.939295e+01	1.187535e-02
1.950496e+01	-1.539889e-02
1.961762e+01	-1.123399e-03
1.973093e+01	-1.324365e-02
1.984490e+01	8.912152e-04
1.995952e+01	-3.197212e-03
2.007480e+01	7.577294e-03
2.019076e+01	5.042751e-03
2.030738e+01	-7.546109e-03
2.042467e+01	-2.966543e-04
2.054264e+01	-1.214685e-02
2.066130e+01	-1.252247e-02
2.078064e+01	4.901902e-03
2.090066e+01	-1.574506e-02
2.102139e+01	5.640016e-03
2.114280e+01	1.446267e-03
2.126492e+01	-6.036083e-03
2.138775e+01	1.147792e-03
2.151128e+01	-1.218524e-02
2.163553e+01	3.160191e-03
2.176050e+01	1.712202e-03
2.188619e+01	-6.007700e-03
2.201260e+01	2.947227e-02
2.213974e+01	8.300013e-03
2.226762e+01	7.754475e-03
2.239624e+01	9.491651e-03
2.252560e+01	-3.818641e-03
2.265571e+01	5.878067e-03
2.278656e+01	-6.675600e-03
2.291818e+01	1.755360e-02
2.305055e+01	5.150830e-03
2.318369e+01	-1.512798e-02
2.331760e+01	3.293854e-03
2.345228e+01	5.185567e-03
2.358774e+01	1.757230e-03
2.372398e+01	-4.090396e-03
2.386101e+01	-9.580719e-03
2.399883e+01	1.664702e-02
2.413745e+01	4.126692e-03
2.427686e+01	1.650038e-02
2.441709e+01	3.935457e-03
2.455812e+01	7.899236e-03
2.469997e+01	-4.863557e-03
2.484263e+01	4.575425e-03
2.498612e+01	-2.032877e-02
2.513044e+01	6.180742e-03
2.527559e+01	-2.058615e-03
2.542158e+01	3.819051e-03
2.556842e+01	6.983514e-03
2.571610e+01	-1.283464e-02
2.586463e+01	-1.198737e-03
2.601403e+01	-4.966246e-03
2.616428e+01	-5.752468e-03
2.631541e+01	-1.050589e-02
2.646740e+01	-6.713272e-03
2.662028e+01	-7.283056e-04
2.677404e+01	9.025513e-03
2.692868e+01	-3.584917e-03
2.708422e+01	-1.571771e-02
2.724066e+01	-4.568972e-03
2.739800e+01	5.850649e-05
2.755625e+01	3.069269e-03
2.771541e+01	-2.290099e-02
2.787550e+01	-6.343010e-03
2.803650e+01	-1.274464e-03
2.819844e+01	-1.816259e-02
2.836131e+01	5.578600e-03
2.852513e+01	1.125730e-02
2.868989e+01	-6.955351e-03
2.885560e+01	-6.190963e-03
2.902227e+01	1.631764e-04
2.918990e+01	7.509578e-03
2.935850e+01	1.200125e-02
2.952807e+01	-1.137365e-02
2.969863e+01	9.141229e-03
2.987016e+01	9.383932e-03
3.004269e+01	-1.590944e-02
3.021622e+01	6.194937e-04
3.039075e+01	2.244313e-02
3.056628e+01	5.769417e-03
3.074283e+01	-1.859201e-03
3.092040e+01	-5.687588e-03
3.109900e+01	-1.388601e-02
3.127862e+01	4.420333e-03
3.145929e+01	-3.293363e-03
3.164099e+01	2.052089e-03
3.182375e+01	-1.075616e-02
3.200756e+01	-4.465926e-03
3.219244e+01	1.073681e-02
3.237838e+01	-1.093737e-02
3.256540e+01	1.770462e-02
3.275349e+01	8.970520e-03
3.294268e+01	-4.512226e-03
3.313295e+01	-1.471731e-02
3.332433e+01	1.271442e-02
3.351681e+01	-8.027958e-03
3.371040e+01	6.428703e-03
3.390511e+01	2.410893e-03
3.410094e+01	7.627169e-03
3.429791e+01	-3.734182e-03
3.449601e+01	6.790105e-03
3.469526e+01	1.959367e-02
3.489566e+01	3.803823e-03
3.509721e+01	-1.307116e-03
3.529993e+01	-6.247208e-03
3.550382e+01	-5.890332e-04
3.570889e+01	9.842570e-03
3.591515e+01	-1.271539e-03
3.612259e+01	7.340500e-03
3.633123e+01	-1.368085e-02
3.654108e+01	1.075061e-02
3.675214e+01	8.789879e-04
3.696442e+01	-9.804371e-03
3.717792e+01	-4.637560e-03
3.739266e+01	-9.781976e-03
3.760864e+01	6.480433e-04
3.782587e+01	8.965184e-03
3.804435e+01	1.166835e-02
3.826409e+01	1.512789e-02
3.848510e+01	4.909742e-03
3.870739e+01	-1.005572e-02
3.893096e+01	1.344247e-04
3.915583e+01	-1.027204e-02
3.938199e+01	2.010096e-02
3.960946e+01	-9.790296e-03
3.983824e+01	4.729017e-03
4.006834e+01	-2.196825e-03
4.029978e+01	-1.181389e-02
4.053255e+01	-4.695119e-03
4.076666e+01	-8.222889e-03
4.100213e+01	-1.583902e-02
4.123896e+01	7.302524e-04
4.147715e+01	8.593561e-04
4.171672e+01	2.086392e-03
4.195767e+01	3.558740e-03
4.220002e+01	-3.682884e-03
4.244377e+01	2.152203e-02
4.268892e+01	1.661799e-02
4.293549e+01	-2.750173e-03
4.318348e+01	2.847287e-03
4.343291e+01	-3.975636e-03
4.368377e+01	2.453236e-02
4.393609e+01	-1.406122e-03
4.418986e+01	1.253815e-02
4.444510e+01	8.115795e-03
4.470182e+01	-2.064197e-03
4.496001e+01	4.887554e-03
4.521970e+01	-1.877080e-02
4.548089e+01	-2.416002e-03
4.574358e+01	-1.241106e-03
4.600779e+01	2.430792e-02
4.627353e+01	1.117558e-02
4.654081e+01	-7.595732e-04
4.680963e+01	4.418523e-03
4.708000e+01	-8.156252e-03
4.735193e+01	-8.345538e-03
4.762543e+01	5.590219e-03
4.790051e+01	-7.333685e-03
4.817719e+01	-1.251483e-02
4.845545e+01	-7.771205e-03
4.873533e+01	3.603506e-03
4.901682e+01	2.117054e-03
4.929994e+01	-1.454181e-02
4.958470e+01	-8.186823e-03
4.987110e+01	-1.438757e-02
5.015915e+01	-2.361039e-03
5.044887e+01	-1.013364e-02
5.074026e+01	-1.768210e-03
5.103333e+01	1.021635e-02
5.132810e+01	9.982508e-03
5.162457e+01	-1.281970e-02
5.192275e+01	-1.345308e-02
5.222265e+01	-1.435596e-02
5.252429e+01	-7.794279e-03
5.282767e+01	-4.756819e-03
5.313280e+01	2.825123e-03
5.343969e+01	1.242506e-02
5.374836e+01	-7.021333e-03
5.405880e+01	1.057440e-02
5.437105e+01	-1.076503e-02
5.468509e+01	4.823853e-03
5.500095e+01	3.967951e-03
5.531863e+01	2.357362e-02
5.563815e+01	1.529047e-02
5.595951e+01	-1.522022e-02
5.628273e+01	8.993733e-03
5.660782e+01	9.244302e-03
5.693479e+01	-1.018048e-02
5.726364e+01	-3.089798e-03
5.759439e+01	-1.069061e-02
5.792705e+01	3.580945e-03
5.826164e+01	7.571254e-03
5.859815e+01	-1.501744e-02
5.893662e+01	-1.076566e-02
5.927703e+01	-1.005040e-02
5.961941e+01	9.546619e-03
5.996377e+01	1.251786e-03
6.031012e+01	-7.962948e-03
6.065847e+01	5.284172e-03
6.100883e+01	-1.120446e-02
6.136121e+01	1.263674e-02
6.171563e+01	1.495963e-02
6.207210e+01	1.809252e-02
6.243063e+01	-6.924806e-03
6.279122e+01	-2.083802e-03
6.315390e+01	7.887578e-03
6.351868e+01	-4.050569e-03
6.388556e+01	-9.022733e-04
6.425456e+01	-7.337215e-03
6.462569e+01	1.264390e-03
6.499897e+01	-1.236635e-02
6.537440e+01	6.911249e-03
6.575200e+01	1.924926e-02
6.613178e+01	1.181881e-02
6.651375e+01	-1.362480e-02
6.689793e+01	5.721777e-03
6.728433e+01	7.123208e-03
6.767297e+01	2.660218e-03
6.806384e+01	3.113075e-03
6.845698e+01	-7.147863e-03
6.885238e+01	-2.139795e-02
6.925007e+01	-2.934160e-03
6.965005e+01	1.600992e-02
7.005235e+01	-2.372822e-03
7.045697e+01	8.967583e-03
7.086393e+01	6.116289e-05
7.127323e+01	-1.532242e-03
7.168490e+01	-4.724202e-03
7.209895e+01	-1.631166e-02
7.251539e+01	1.692560e-03
7.293424e+01	1.751647e-02
7.335551e+01	-1.838886e-02
7.377920e+01	-6.374256e-03
7.420535e+01	1.669842e-02
7.463396e+01	-7.998029e-03
7.506504e+01	-8.409403e-03
7.549861e+01	-4.638673e-03
7.593469e+01	-1.182277e-02
7.637328e+01	-8.393610e-03
7.681441e+01	1.226089e-02
7.725809e+01	-2.359517e-02
7.770433e+01	-1.237642e-02
7.815315e+01	-1.562471e-03
7.860456e+01	9.137740e-03
7.905857e+01	-4.258759e-03
7.951521e+01	9.859709e-03
7.997449e+01	-1.837904e-03
8.043642e+01	-9.433555e-03
8.090102e+01	2.083050e-04
8.136830e+01	1.749512e-02
8.183828e+01	4.993821e-03
8.231097e+01	-1.636388e-02
8.278640e+01	-1.049364e-03
8.326457e+01	-6.545348e-03
8.374550e+01	-2.704334e-02
8.422921e+01	-1.110984e-02
8.471572e+01	-1.360110e-02
8.520503e+01	1.361020e-02
8.569717e+01	-1.286411e-02
8.619215e+01	2.101757e-03
8.669000e+01	3.575542e-03
8.719071e+01	9.189069e-03
8.769432e+01	-7.150096e-03
8.820084e+01	-1.238285e-02
8.871029e+01	-2.889084e-02
8.922267e+01	-3.554165e-04
8.973802e+01	1.008644e-02
9.025634e+01	1.634606e-04
9.077766e+01	4.701429e-03
9.130199e+01	-2.151122e-03
9.182935e+01	1.191110e-02
9.235975e+01	8.151610e-03
9.289321e+01	1.306838e-02
9.342976e+01	-6.664505e-03
9.396941e+01	-1.482046e-02
9.451217e+01	-1.069084e-02
9.505807e+01	-1.273478e-02
9.560712e+01	-6.560810e-03
9.615934e+01	-1.282997e-03
9.671476e+01	-1.212609e-02
9.727338e+01	7.029327e-03
9.783522e+01	-6.243693e-03
9.840032e+01	1.591238e-03
9.896867e+01	1.191526e-02
9.954031e+01	-3.786879e-03
1.001153e+02	4.541354e-03
1.006935e+02	-4.459371e-03
1.012751e+02	-2.090608e-02
1.018601e+02	9.217436e-03
1.024484e+02	1.094308e-02
1.030402e+02	1.118601e-02
1.036353e+02	-7.935742e-03
1.042339e+02	3.652755e-04
1.048360e+02	-4.571724e-03
1.054415e+02	7.965620e-03
1.060505e+02	-3.802534e-03
1.066631e+02	1.699642e-03
1.072791e+02	-2.012142e-02
1.078988e+02	-9.013482e-03
1.085220e+02	-1.559884e-02
1.091488e+02	1.529139e-02
1.097793e+02	-5.505225e-03
1.104133e+02	7.467222e-03
1.110511e+02	8.298044e-03
1.116925e+02	5.776609e-03
1.123376e+02	-4.950154e-03
1.129865e+02	8.795645e-03
1.136391e+02	7.681788e-03
1.142955e+02	-1.210154e-04
1.149556e+02	-5.331851e-03
1.156196e+02	-5.708027e-03
1.162874e+02	-2.095017e-02
1.169591e+02	-5.599313e-03
1.176347e+02	-1.558573e-03
1.183141e+02	-9.195058e-03
1.189975e+02	8.906146e-03
1.196848e+02	8.560207e-03
1.203761e+02	-6.400636e-03
1.210714e+02	-7.946141e-03
1.217707e+02	-8.259584e-03
1.224740e+02	-1.563382e-02
1.231814e+02	-1.637648e-02
1.238929e+02	-2.428131e-03
1.246085e+02	-4.719078e-03
1.253283e+02	5.035225e-03
1.260522e+02	1.218481e-02
1.267802e+02	-1.530079e-02
1.275125e+02	-1.464379e-02
1.282490e+02	-8.869019e-03
1.289898e+02	-2.903453e-03
1.297348e+02	-1.937988e-02
1.304842e+02	4.654101e-03
1.312378e+02	8.832919e-03
1.319959e+02	-1.048827e-02
1.327583e+02	-6.043711e-03
1.335251e+02	6.124572e-03
1.342963e+02	-1.636099e-02
1.350720e+02	1.401486e-02
1.358522e+02	1.411206e-02
1.366368e+02	-6.808906e-03
1.374260e+02	4.765134e-03
1.382198e+02	4.497382e-03
1.390182e+02	-5.471327e-03
1.398211e+02	-1.179507e-02
1.406287e+02	1.199960e-03
1.414410e+02	-6.102586e-03
1.422579e+02	3.858636e-03
1.430796e+02	-8.034213e-03
1.439060e+02	-1.834515e-03
1.447372e+02	1.312094e-02
1.455732e+02	8.820132e-03
1.464141e+02	-1.098536e-02
1.472597e+02	-5.238105e-03
1.481103e+02	1.288815e-03
1.489658e+02	1.171386e-03
1.498262e+02	-9.426533e-03
1.506916e+02	-1.016488e-02
1.515620e+02	9.684590e-03
1.524374e+02	6.148068e-03
1.533179e+02	1.308700e-03
1.542034e+02	-8.345935e-03
1.550941e+02	-5.228370e-03
1.559899e+02	-1.338679e-02
1.568909e+02	-1.813142e-02
1.577971e+02	-5.671827e-03
1.587085e+02	-6.373959e-03
1.596252e+02	5.432778e-05
1.605472e+02	-1.342317e-02
1.614745e+02	1.476328e-02
1.624072e+02	-1.031265e-02
1.633453e+02	2.566968e-03
1.642887e+02	6.509822e-05
1.652377e+02	-1.507826e-02
1.661921e+02	-1.558061e-02
1.671520e+02	-5.949432e-03
1.681175e+02	6.262835e-03
1.690885e+02	-1.493479e-02
1.700651e+02	-1.484816e-03
1.710474e+02	-5.411828e-03
1.720354e+02	-3.441393e-02
1.730291e+02	7.375127e-03
1.740285e+02	-8.113593e-04
1.750337e+02	6.138900e-03
1.760446e+02	3.707378e-03
1.770615e+02	-1.020921e-02
1.780842e+02	1.213827e-03
1.791128e+02	-2.214206e-03
1.801473e+02	-1.042858e-02
1.811878e+02	-2.415074e-02
1.822344e+02	1.236260e-02
1.832870e+02	-6.492817e-03
1.843456e+02	-4.471970e-03
1.854104e+02	-1.507791e-02
1.864813e+02	-4.705329e-03
1.875584e+02	-1.827706e-02
1.886418e+02	-2.528494e-02
1.897313e+02	-7.732069e-03
1.908272e+02	4.845371e-03
1.919294e+02	-6.675333e-03
1.930380e+02	8.961237e-03
1.941530e+02	-1.377160e-02
1.952744e+02	-1.169091e-02
1.964023e+02	6.548647e-03
1.975367e+02	-1.619215e-02
1.986777e+02	-5.833378e-03
1.998252e+02	-1.953509e-02
2.009794e+02	-6.739486e-03
2.021403e+02	6.567106e-03
2.033078e+02	-3.471009e-03
2.044821e+02	4.740699e-03
2.056632e+02	-1.749600e-02
2.068511e+02	-1.961549e-03
2.080459e+02	1.509018e-03
2.092475e+02	-1.539410e-02
2.104561e+02	-1.810284e-02
2.116717e+02	-7.633813e-03
2.128943e+02	-9.024463e-03
2.141240e+02	-1.729885e-02
2.153608e+02	4.868890e-03
2.166047e+02	3.910422e-03
2.178558e+02	-1.932116e-02
2.191141e+02	-1.435809e-02
2.203797e+02	-9.627030e-03
2.216526e+02	-2.062256e-03
2.229329e+02	1.984910e-02
2.242205e+02	-1.186232e-02
2.255156e+02	-6.322396e-03
2.268182e+02	-7.513440e-03
2.281283e+02	5.894260e-04
2.294459e+02	-5.395622e-03
2.307712e+02	6.865836e-03
2.321041e+02	-1.669667e-03
2.334447e+02	-1.478009e-02
2.347931e+02	-1.281960e-02
2.361493e+02	-2.553999e-02
2.375133e+02	-2.447231e-02
2.388851e+02	-2.966922e-03
2.402649e+02	6.207367e-04
2.416527e+02	-2.472784e-03
2.430484e+02	-1.031976e-02
2.444523e+02	-1.045824e-02
2.458642e+02	-3.836179e-03
2.472843e+02	-3.363708e-02
2.487126e+02	-9.497790e-03
2.501492e+02	-1.536075e-02
2.515940e+02	-1.460724e-02
2.530472e+02	-2.397131e-02
2.545088e+02	-1.158446e-02
2.559789e+02	-1.435710e-02
2.574574e+02	-1.916872e-02
2.589444e+02	-1.354562e-04
2.604401e+02	-2.054027e-02
2.619444e+02	-1.551715e-02
2.634574e+02	-1.936166e-02
2.649791e+02	-2.321507e-02
2.665096e+02	1.961040e-03
2.680489e+02	-8.989998e-03
2.695972e+02	-1.844878e-02
2.711544e+02	-3.261036e-02
2.727205e+02	-2.560409e-02
2.742958e+02	-7.528458e-03
2.758801e+02	-1.647015e-02
2.774736e+02	-2.155905e-02
2.790762e+02	-2.311888e-03
2.806882e+02	-1.414121e-02
2.823094e+02	-4.716791e-03
2.839400e+02	-1.226495e-02
2.855800e+02	-9.914802e-03
2.872295e+02	3.467664e-03
2.888886e+02	-1.322058e-02
2.905572e+02	-1.304754e-02
2.922354e+02	-5.403870e-03
2.939234e+02	-2.148594e-02
2.956211e+02	-7.808833e-03
2.973286e+02	-2.869519e-02
2.990459e+02	-8.696277e-03
3.007732e+02	-2.021580e-02
3.025104e+02	-4.842315e-03
3.042577e+02	-2.291774e-02
3.060151e+02	-8.293431e-03
3.077826e+02	-1.891750e-02
3.095604e+02	-9.469579e-03
3.113484e+02	-3.929897e-03
3.131467e+02	2.462929e-03
3.149554e+02	-1.076235e-02
3.167746e+02	-8.191598e-03
3.186043e+02	-1.409270e-02
3.204445e+02	-2.960094e-02
3.222954e+02	-2.888289e-02
3.241570e+02	-2.507230e-02
3.260293e+02	-9.382193e-03
3.279124e+02	-1.475275e-02
3.298064e+02	-2.934068e-02
3.317114e+02	4.499811e-03
3.336273e+02	-1.196600e-02
3.355544e+02	-3.102821e-02
3.374925e+02	-3.211811e-02
3.394418e+02	-2.372926e-02
3.414024e+02	-2.095244e-02
3.433744e+02	-3.246342e-02
3.453577e+02	-7.936636e-03
3.473525e+02	-1.266654e-02
3.493588e+02	-3.303638e-02
3.513766e+02	2.258273e-03
3.534062e+02	-2.481839e-02
3.554474e+02	-1.961889e-02
3.575005e+02	-4.900077e-02
3.595654e+02	-3.622793e-02
3.616422e+02	-2.819341e-02
3.637311e+02	-2.062219e-02
3.658320e+02	-2.409549e-02
3.679450e+02	-1.791312e-02
3.700702e+02	-3.008860e-02
3.722077e+02	-8.534992e-03
3.743576e+02	-3.350326e-02
3.765199e+02	-2.691570e-02
3.786946e+02	-1.009260e-02
3.808820e+02	-2.937048e-02
3.830819e+02	-3.812745e-02
3.852946e+02	-1.935388e-02
3.875200e+02	-2.041110e-02
3.897583e+02	-1.503982e-02
3.920096e+02	-1.619926e-02
3.942738e+02	-3.829306e-02
3.965511e+02	-2.974919e-02
3.988416e+02	-1.136890e-02
4.011452e+02	-3.473715e-02
4.034622e+02	-3.115907e-02
4.057926e+02	-3.163973e-02
4.081365e+02	-2.449937e-02
4.104938e+02	-3.303283e-02
4.128648e+02	-2.880134e-02
4.152495e+02	-2.257640e-02
4.176480e+02	-3.154630e-02
4.200603e+02	-3.230982e-02
4.224866e+02	-3.473466e-02
4.249268e+02	-2.303846e-02
4.273812e+02	-2.144398e-02
4.298497e+02	-7.345344e-03
4.323325e+02	-4.586094e-02
4.348297e+02	-1.633121e-02
4.373412e+02	-3.964701e-02
4.398673e+02	-3.164712e-02
4.424079e+02	-3.156171e-02
4.449633e+02	-2.720408e-02
4.475334e+02	-2.749878e-02
4.501183e+02	-3.499236e-02
4.527182e+02	-3.663339e-02
4.553330e+02	-4.970201e-02
4.579630e+02	-4.528783e-02
4.606082e+02	-1.245988e-02
4.632687e+02	-3.867645e-02
4.659445e+02	-2.029373e-02
4.686358e+02	-3.464012e-02
4.713426e+02	-4.329969e-02
4.740650e+02	-2.660353e-02
4.768032e+02	-4.700072e-02
4.795572e+02	-3.734534e-02
4.823271e+02	-2.860019e-02
4.851130e+02	-3.240692e-02
4.879150e+02	-3.304928e-02
4.907332e+02	-2.751491e-02
4.935676e+02	-3.885997e-02
4.964185e+02	-3.688772e-02
4.992858e+02	-3.754804e-02
5.021696e+02	-5.340942e-02
5.050701e+02	-3.629678e-02
5.079874e+02	-3.471657e-02
5.109215e+02	-4.025339e-02
5.138726e+02	-3.939446e-02
5.168407e+02	-4.441324e-02
5.198259e+02	-3.014108e-02
5.228284e+02	-3.674924e-02
5.258482e+02	-5.762734e-02
5.288855e+02	-3.543369e-02
5.319403e+02	-4.161801e-02
5.350128e+02	-4.774132e-02
5.381030e+02	-3.616670e-02
5.412111e+02	-6.460660e-02
5.443371e+02	-5.624908e-02
5.474812e+02	-5.228089e-02
5.506434e+02	-8.020589e-02
5.538239e+02	-6.700076e-02
5.570228e+02	-5.941728e-02
5.602401e+02	-2.292535e-02
5.634760e+02	-5.095719e-02
5.667306e+02	-5.293255e-02
5.700040e+02	-6.599638e-02
5.732964e+02	-6.856041e-02
5.766077e+02	-4.706641e-02
5.799382e+02	-3.978692e-02
5.832879e+02	-4.447385e-02
5.866569e+02	-5.309857e-02
5.900454e+02	-6.101743e-02
5.934535e+02	-5.693645e-02
5.968813e+02	-4.378287e-02
6.003288e+02	-6.004334e-02
6.037963e+02	-4.051967e-02
6.072838e+02	-4.048413e-02
6.107914e+02	-4.849027e-02
6.143194e+02	-7.386518e-02
6.178676e+02	-6.355329e-02
6.214364e+02	-6.865629e-02
6.250258e+02	-5.315005e-02
6.286359e+02	-5.222695e-02
6.322669e+02	-5.395060e-02
6.359189e+02	-6.845536e-02
6.395919e+02	-8.206924e-02
6.432862e+02	-5.711944e-02
6.470017e+02	-5.962878e-02
6.507388e+02	-5.393112e-02
6.544974e+02	-5.583402e-02
6.582778e+02	-7.562126e-02
6.620800e+02	-6.331258e-02
6.659041e+02	-9.009199e-02
6.697504e+02	-7.297645e-02
6.736188e+02	-7.021408e-02
6.775096e+02	-6.230242e-02
6.814229e+02	-6.266912e-02
6.853587e+02	-7.435183e-02
6.893173e+02	-8.157248e-02
6.932988e+02	-8.110704e-02
6.973033e+02	-7.692950e-02
7.013309e+02	-7.684894e-02
7.053817e+02	-8.341701e-02
7.094560e+02	-7.229799e-02
7.135538e+02	-8.151133e-02
7.176752e+02	-8.646074e-02
7.218205e+02	-1.010014e-01
7.259897e+02	-7.730043e-02
7.301830e+02	-8.743399e-02
7.344005e+02	-6.734587e-02
7.386424e+02	-9.707772e-02
7.429087e+02	-8.524152e-02
7.471998e+02	-9.225827e-02
7.515155e+02	-8.314314e-02
7.558563e+02	-8.596126e-02
7.602221e+02	-9.603914e-02
7.646131e+02	-9.732111e-02
7.690295e+02	-7.958924e-02
7.734713e+02	-1.001504e-01
7.779389e+02	-1.050967e-01
7.824322e+02	-1.024370e-01
7.869515e+02	-1.028283e-01
7.914969e+02	-1.082687e-01
7.960686e+02	-9.851779e-02
8.006666e+02	-1.077391e-01
8.052912e+02	-1.103005e-01
8.099426e+02	-8.795265e-02
8.146208e+02	-9.323593e-02
8.193260e+02	-8.656000e-02
8.240584e+02	-1.153414e-01
8.288181e+02	-1.266628e-01
8.336053e+02	-1.035571e-01
8.384202e+02	-1.078127e-01
8.432629e+02	-1.201781e-01
8.481335e+02	-1.101969e-01
8.530323e+02	-1.289567e-01
8.579594e+02	-1.003930e-01
8.629149e+02	-1.064795e-01
8.678991e+02	-1.382681e-01
8.729120e+02	-1.214483e-01
8.779539e+02	-1.164005e-01
8.830250e+02	-1.230503e-01
8.881253e+02	-1.120387e-01
8.932551e+02	-1.081940e-01
8.984145e+02	-1.222976e-01
9.036037e+02	-1.419229e-01
9.088229e+02	-1.280094e-01
9.140722e+02	-1.306150e-01
9.193518e+02	-1.360084e-01
9.246620e+02	-1.295231e-01
9.300028e+02	-1.442901e-01
9.353744e+02	-1.291783e-01
9.407771e+02	-1.436370e-01
9.462110e+02	-1.366667e-01
9.516763e+02	-1.328846e-01
9.571731e+02	-1.330002e-01
9.627017e+02	-1.431082e-01
9.682622e+02	-1.390938e-01
9.738549e+02	-1.457477e-01
9.794798e+02	-1.394196e-01
9.851373e+02	-1.644726e-01
9.908274e+02	-1.578949e-01
9.965504e+02	-1.443673e-01
1.002306e+03	-1.489541e-01
1.008096e+03	-1.644854e-01
1.013918e+03	-1.495732e-01
1.019775e+03	-1.731660e-01
1.025665e+03	-1.651711e-01
1.031589e+03	-1.819949e-01
1.037548e+03	-1.567591e-01
1.043540e+03	-1.693921e-01
1.049568e+03	-1.724777e-01
1.055630e+03	-1.703919e-01
1.061727e+03	-1.734788e-01
1.067860e+03	-1.894819e-01
1.074028e+03	-1.672678e-01
1.080231e+03	-1.888238e-01
1.086471e+03	-1.873516e-01
1.092746e+03	-1.868014e-01
1.099058e+03	-1.837873e-01
1.105406e+03	-1.943255e-01
1.111791e+03	-1.773847e-01
1.118212e+03	-2.002408e-01
1.124671e+03	-1.801832e-01
1.131167e+03	-2.049064e-01
1.137701e+03	-1.984511e-01
1.144272e+03	-2.098150e-01
1.150881e+03	-1.981373e-01
1.157529e+03	-2.010069e-01
1.164215e+03	-1.957704e-01
1.170939e+03	-2.209460e-01
1.177702e+03	-2.077372e-01
1.184505e+03	-2.244159e-01
1.191346e+03	-2.250015e-01
1.198227e+03	-2.295623e-01
1.205148e+03	-2.264584e-01
1.212109e+03	-2.072287e-01
1.219110e+03	-2.257954e-01
1.226152e+03	-2.291301e-01
1.233234e+03	-2.335136e-01
1.240357e+03	-2.580205e-01
1.247521e+03	-2.501695e-01
1.254727e+03	-2.470546e-01
1.261974e+03	-2.335397e-01
1.269263e+03	-2.439501e-01
1.276595e+03	-2.441702e-01
1.283968e+03	-2.393857e-01
1.291384e+03	-2.662736e-01
1.298843e+03	-2.582456e-01
1.306345e+03	-2.644118e-01
1.313891e+03	-2.761968e-01
1.321480e+03	-2.769618e-01
1.329113e+03	-2.700185e-01
1.336790e+03	-2.807219e-01
1.344511e+03	-2.854095e-01
1.352277e+03	-2.678929e-01
1.360087e+03	-3.000659e-01
1.367943e+03	-2.983933e-01
1.375844e+03	-3.039517e-01
1.383791e+03	-3.030811e-01
1.391784e+03	-3.043496e-01
1.399823e+03	-2.927179e-01
1.407908e+03	-2.981947e-01
1.416040e+03	-3.084528e-01
1.424219e+03	-3.049092e-01
1.432445e+03	-3.121423e-01
1.440719e+03	-3.145866e-01
1.449041e+03	-3.338632e-01
1.457410e+03	-3.119012e-01
1.465828e+03	-3.316251e-01
1.474295e+03	-3.399683e-01
1.482810e+03	-3.385239e-01
1.491375e+03	-3.279607e-01
1.499989e+03	-3.505092e-01
1.508653e+03	-3.266083e-01
1.517367e+03	-3.445787e-01
1.526131e+03	-3.489546e-01
1.534946e+03	-3.442045e-01
1.543812e+03	-3.929374e-01
1.552729e+03	-3.430162e-01
1.561697e+03	-3.620618e-01
1.570717e+03	-3.786037e-01
1.579790e+03	-3.802856e-01
1.588915e+03	-3.932842e-01
1.598092e+03	-4.012786e-01
1.607323e+03	-4.064162e-01
1.616606e+03	-4.000527e-01
1.625944e+03	-4.114279e-01
1.635335e+03	-4.024152e-01
1.644781e+03	-4.163539e-01
1.654281e+03	-4.248592e-01
1.663836e+03	-4.102820e-01
1.673446e+03	-4.186587e-01
1.683112e+03	-4.172718e-01
1.692834e+03	-4.319419e-01
1.702611e+03	-4.336639e-01
1.712446e+03	-4.382638e-01
1.722337e+03	-4.582862e-01
1.732285e+03	-4.493779e-01
1.742290e+03	-4.461552e-01
1.752354e+03	-4.558093e-01
1.762475e+03	-4.721092e-01
1.772655e+03	-4.687232e-01
1.782894e+03	-4.756725e-01
1.793192e+03	-4.744742e-01
1.803549e+03	-4.899910e-01
1.813967e+03	-4.899093e-01
1.824444e+03	-5.044599e-01
1.834982e+03	-5.118750e-01
1.845581e+03	-5.090790e-01
1.856241e+03	-5.216444e-01
1.866962e+03	-5.164353e-01
1.877746e+03	-5.362980e-01
1.888592e+03	-5.319378e-01
1.899500e+03	-5.320073e-01
1.910472e+03	-5.424020e-01
1.921506e+03	-5.528183e-01
1.932605e+03	-5.446846e-01
1.943768e+03	-5.488662e-01
1.954995e+03	-5.695086e-01
1.966287e+03	-5.700765e-01
1.977644e+03	-5.840861e-01
1.989067e+03	-5.719539e-01
2.000555e+03	-5.966556e-01
2.012110e+03	-6.069060e-01
2.023732e+03	-6.152303e-01
2.035421e+03	-6.193960e-01
2.047178e+03	-6.090077e-01
2.059002e+03	-6.440756e-01
2.070895e+03	-6.437882e-01
2.082856e+03	-6.392498e-01
2.094887e+03	-6.349591e-01
2.106987e+03	-6.459654e-01
2.119157e+03	-6.679134e-01
2.131397e+03	-6.587744e-01
2.143708e+03	-6.766054e-01
2.156090e+03	-6.652337e-01
2.168543e+03	-6.746324e-01
2.181069e+03	-6.800513e-01
2.193666e+03	-7.041232e-01
2.206337e+03	-7.032424e-01
2.219081e+03	-7.350553e-01
2.231898e+03	-7.331454e-01
2.244789e+03	-7.225848e-01
2.257755e+03	-7.339783e-01
2.270796e+03	-7.524729e-01
2.283912e+03	-7.580549e-01
2.297104e+03	-7.663955e-01
2.310372e+03	-7.507031e-01
2.323716e+03	-7.843393e-01
2.337138e+03	-7.599762e-01
2.350637e+03	-7.867992e-01
2.364214e+03	-7.961608e-01
2.377870e+03	-8.173869e-01
2.391604e+03	-8.169066e-01
2.405418e+03	-8.225065e-01
2.419312e+03	-8.372015e-01
2.433286e+03	-8.527610e-01
2.447340e+03	-8.370345e-01
2.461476e+03	-8.794515e-01
2.475693e+03	-8.714960e-01
2.489993e+03	-8.889958e-01
2.504375e+03	-9.046624e-01
2.518840e+03	-9.107337e-01
2.533389e+03	-9.126834e-01
2.548022e+03	-9.338375e-01
2.562739e+03	-9.312469e-01
2.577541e+03	-9.260465e-01
2.592429e+03	-9.501691e-01
2.607403e+03	-9.588351e-01
2.622463e+03	-9.727379e-01
2.637610e+03	-9.734174e-01
2.652845e+03	-9.980723e-01
2.668168e+03	-9.855087e-01
2.683579e+03	-1.017288e+00
2.699079e+03	-1.026391e+00
2.714669e+03	-1.021804e+00
2.730349e+03	-1.033636e+00
2.746119e+03	-1.051709e+00
2.761981e+03	-1.073060e+00
2.777934e+03	-1.080215e+00
2.793979e+03	-1.101263e+00
2.810117e+03	-1.086885e+00
2.826348e+03	-1.137548e+00
2.842673e+03	-1.126474e+00
2.859092e+03	-1.122493e+00
2.875606e+03	-1.140630e+00
2.892215e+03	-1.147132e+00
2.908921e+03	-1.165234e+00
2.925722e+03	-1.174637e+00
2.942621e+03	-1.176415e+00
2.959618e+03	-1.229626e+00
2.976712e+03	-1.190939e+00
2.993906e+03	-1.228506e+00
3.011198e+03	-1.236233e+00
3.028591e+03	-1.251208e+00
3.046084e+03	-1.256608e+00
3.063678e+03	-1.276108e+00
3.081374e+03	-1.292483e+00
3.099172e+03	-1.299608e+00
3.117072e+03	-1.307799e+00
3.135076e+03	-1.328542e+00
3.153184e+03	-1.349843e+00
3.171397e+03	-1.370409e+00
3.189715e+03	-1.354217e+00
3.208139e+03	-1.374525e+00
3.226669e+03	-1.400710e+00
3.245306e+03	-1.423553e+00
3.264051e+03	-1.411033e+00
3.282904e+03	-1.440794e+00
3.301866e+03	-1.465489e+00
3.320937e+03	-1.468934e+00
3.340119e+03	-1.504602e+00
3.359411e+03	-1.500680e+00
3.378815e+03	-1.521570e+00
3.398331e+03	-1.531102e+00
3.417959e+03	-1.530689e+00
3.437701e+03	-1.556736e+00
3.457557e+03	-1.578381e+00
3.477528e+03	-1.578263e+00
3.497614e+03	-1.601970e+00
3.517816e+03	-1.611740e+00
3.538135e+03	-1.641691e+00
3.558571e+03	-1.643798e+00
3.579125e+03	-1.671692e+00
3.599798e+03	-1.681854e+00
3.620590e+03	-1.703572e+00
3.641503e+03	-1.698558e+00
3.662536e+03	-1.725373e+00
3.683691e+03	-1.753958e+00
3.704967e+03	-1.754110e+00
3.726367e+03	-1.781580e+00
3.747890e+03	-1.801311e+00
3.769538e+03	-1.820064e+00
3.791311e+03	-1.838957e+00
3.813209e+03	-1.865112e+00
3.835234e+03	-1.870671e+00
3.857386e+03	-1.885632e+00
3.879667e+03	-1.889171e+00
3.902075e+03	-1.909535e+00
3.924614e+03	-1.937802e+00
3.947282e+03	-1.953925e+00
3.970081e+03	-1.952180e+00
3.993012e+03	-1.986619e+00
4.016076e+03	-1.999121e+00
4.039272e+03	-2.022959e+00
4.062603e+03	-2.038103e+00
4.086069e+03	-2.071434e+00
4.109670e+03	-2.080524e+00
4.133407e+03	-2.095983e+00
4.157281e+03	-2.123487e+00
4.181294e+03	-2.132827e+00
4.205445e+03	-2.153490e+00
4.229735e+03	-2.173321e+00
4.254166e+03	-2.185279e+00
4.278738e+03	-2.226267e+00
4.303451e+03	-2.230005e+00
4.328308e+03	-2.262124e+00
4.353308e+03	-2.293979e+00
4.378453e+03	-2.294001e+00
4.403742e+03	-2.322222e+00
4.429178e+03	-2.341269e+00
4.454761e+03	-2.363438e+00
4.480492e+03	-2.385041e+00
4.506371e+03	-2.392425e+00
4.532399e+03	-2.413475e+00
4.558578e+03	-2.432937e+00
4.584908e+03	-2.469957e+00
4.611391e+03	-2.484716e+00
4.638026e+03	-2.526706e+00
4.664815e+03	-2.543750e+00
4.691759e+03	-2.564978e+00
4.718858e+03	-2.568461e+00
4.746114e+03	-2.589300e+00
4.773527e+03	-2.621035e+00
4.801099e+03	-2.655144e+00
4.828830e+03	-2.678881e+00
4.856721e+03	-2.693639e+00
4.884773e+03	-2.747419e+00
4.912988e+03	-2.735717e+00
4.941365e+03	-2.756558e+00
4.969906e+03	-2.778511e+00
4.998612e+03	-2.821662e+00
5.027484e+03	-2.835849e+00
5.056522e+03	-2.861216e+00
5.085729e+03	-2.883359e+00
5.115104e+03	-2.897667e+00
5.144648e+03	-2.940571e+00
5.174363e+03	-2.944367e+00
5.204250e+03	-2.982120e+00
5.234310e+03	-2.996527e+00
5.264543e+03	-3.053028e+00
5.294951e+03	-3.047930e+00
5.325534e+03	-3.085102e+00
5.356294e+03	-3.093493e+00
5.387232e+03	-3.144079e+00
5.418348e+03	-3.141656e+00
5.449645e+03	-3.184022e+00
5.481122e+03	-3.214834e+00
5.512780e+03	-3.231165e+00
5.544622e+03	-3.268209e+00
5.576647e+03	-3.300751e+00
5.608858e+03	-3.324559e+00
5.641254e+03	-3.351313e+00
5.673838e+03	-3.373620e+00
5.706610e+03	-3.417165e+00
5.739571e+03	-3.425523e+00
5.772723e+03	-3.444687e+00
5.806066e+03	-3.473801e+00
5.839601e+03	-3.494733e+00
5.873331e+03	-3.535705e+00
5.907255e+03	-3.572058e+00
5.941375e+03	-3.583838e+00
5.975692e+03	-3.610628e+00
6.010207e+03	-3.642396e+00
6.044922e+03	-3.684853e+00
6.079837e+03	-3.697600e+00
6.114954e+03	-3.722754e+00
6.150274e+03	-3.749082e+00
6.185797e+03	-3.787091e+00
6.221526e+03	-3.800233e+00
6.257462e+03	-3.855789e+00
6.293605e+03	-3.862547e+00
6.329956e+03	-3.914140e+00
6.366518e+03	-3.932764e+00
6.403290e+03	-3.950324e+00
6.440276e+03	-3.980823e+00
6.477474e+03	-4.019131e+00
6.514888e+03	-4.065472e+00
6.552518e+03	-4.088185e+00
6.590365e+03	-4.106847e+00
6.628430e+03	-4.131776e+00
6.666716e+03	-4.173596e+00
6.705223e+03	-4.210728e+00
6.743952e+03	-4.215763e+00
6.782905e+03	-4.273333e+00
6.822082e+03	-4.299119e+00
6.861486e+03	-4.341553e+00
6.901118e+03	-4.369838e+00
6.940979e+03	-4.399643e+00
6.981069e+03	-4.423887e+00
7.021392e+03	-4.457041e+00
7.061947e+03	-4.500838e+00
7.102737e+03	-4.525967e+00
7.143762e+03	-4.562082e+00
7.185024e+03	-4.595461e+00
7.226524e+03	-4.620780e+00
7.268264e+03	-4.658261e+00
7.310246e+03	-4.681241e+00
7.352469e+03	-4.706945e+00
7.394937e+03	-4.754572e+00
7.437650e+03	-4.771026e+00
7.480609e+03	-4.812877e+00
7.523817e+03	-4.835055e+00
7.567274e+03	-4.895421e+00
7.610982e+03	-4.906788e+00
7.654943e+03	-4.951557e+00
7.699158e+03	-4.985348e+00
7.743628e+03	-5.008630e+00
7.788355e+03	-5.066387e+00
7.833340e+03	-5.090301e+00
7.878585e+03	-5.123287e+00
7.924091e+03	-5.154739e+00
7.969861e+03	-5.210754e+00
8.015894e+03	-5.215730e+00
8.062194e+03	-5.267065e+00
8.108761e+03	-5.300827e+00
8.155596e+03	-5.330458e+00
8.202703e+03	-5.367947e+00
8.250081e+03	-5.404010e+00
8.297733e+03	-5.431633e+00
8.345661e+03	-5.499825e+00
8.393865e+03	-5.495910e+00
8.442348e+03	-5.550484e+00
8.491110e+03	-5.582256e+00
8.540155e+03	-5.607187e+00
8.589482e+03	-5.648618e+00
8.639095e+03	-5.681460e+00
8.688994e+03	-5.702399e+00
8.739181e+03	-5.750389e+00
8.789658e+03	-5.793285e+00
8.840427e+03	-5.829805e+00
8.891489e+03	-5.867125e+00
8.942846e+03	-5.898562e+00
8.994499e+03	-5.930745e+00
9.046451e+03	-5.971941e+00
9.098703e+03	-6.021383e+00
9.151257e+03	-6.060241e+00
9.204114e+03	-6.087176e+00
9.257277e+03	-6.136156e+00
9.310746e+03	-6.148814e+00
9.364525e+03	-6.209870e+00
9.418614e+03	-6.238985e+00
9.473015e+03	-6.287407e+00
9.527731e+03	-6.322453e+00
9.582763e+03	-6.368055e+00
9.638113e+03	-6.401494e+00
9.693782e+03	-6.419745e+00
9.749773e+03	-6.466730e+00
9.806087e+03	-6.503901e+00
9.862727e+03	-6.540526e+00
9.919693e+03	-6.581968e+00
9.976989e+03	-6.620219e+00
1.003462e+04	-6.676787e+00
1.009258e+04	-6.713218e+00
1.015087e+04	-6.749126e+00
1.020950e+04	-6.781666e+00
1.026847e+04	-6.812248e+00
1.032778e+04	-6.845138e+00
1.038743e+04	-6.905199e+00
1.044743e+04	-6.943873e+00
1.050777e+04	-6.983009e+00
1.056847e+04	-7.017715e+00
1.062951e+04	-7.078243e+00
1.069091e+04	-7.080847e+00
1.075266e+04	-7.124036e+00
1.081476e+04	-7.188008e+00
1.087723e+04	-7.201649e+00
1.094006e+04	-7.251594e+00
1.100324e+04	-7.295250e+00
1.106680e+04	-7.336099e+00
1.113072e+04	-7.374576e+00
1.119501e+04	-7.419509e+00
1.125967e+04	-7.463450e+00
1.132471e+04	-7.482883e+00
1.139012e+04	-7.543744e+00
1.145591e+04	-7.573933e+00
1.152208e+04	-7.607122e+00
1.158863e+04	-7.640998e+00
1.165556e+04	-7.708459e+00
1.172289e+04	-7.741240e+00
1.179060e+04	-7.772161e+00
1.185870e+04	-7.836545e+00
1.192719e+04	-7.897352e+00
1.199608e+04	-7.915208e+00
1.206537e+04	-7.947775e+00
1.213506e+04	-7.990118e+00
1.220515e+04	-8.026130e+00
1.227565e+04	-8.072170e+00
1.234655e+04	-8.102201e+00
1.241787e+04	-8.144754e+00
1.248959e+04	-8.210977e+00
1.256173e+04	-8.239596e+00
1.263429e+04	-8.296949e+00
1.270726e+04	-8.323169e+00
1.278066e+04	-8.357531e+00
1.285448e+04	-8.394697e+00
1.292873e+04	-8.447457e+00
1.300340e+04	-8.490854e+00
1.307851e+04	-8.530366e+00
1.315405e+04	-8.575031e+00
1.323003e+04	-8.630655e+00
1.330644e+04	-8.655528e+00
1.338330e+04	-8.699610e+00
1.346060e+04	-8.740302e+00
1.353835e+04	-8.770679e+00
1.361655e+04	-8.837323e+00
1.369520e+04	-8.885136e+00
1.377430e+04	-8.918945e+00
1.385386e+04	-8.952722e+00
1.393388e+04	-9.000298e+00
1.401436e+04	-9.059828e+00
1.409531e+04	-9.072143e+00
1.417672e+04	-9.132183e+00
1.425861e+04	-9.151966e+00
1.434096e+04	-9.219809e+00
1.442379e+04	-9.246294e+00
1.450711e+04	-9.313826e+00
1.459090e+04	-9.339716e+00
1.467518e+04	-9.380246e+00
1.475994e+04	-9.431480e+00
1.484519e+04	-9.468282e+00
1.493094e+04	-9.545730e+00
1.501718e+04	-9.577586e+00
1.510392e+04	-9.608846e+00
1.519116e+04	-9.663655e+00
1.527890e+04	-9.694187e+00
1.536715e+04	-9.721746e+00
1.545591e+04	-9.790590e+00
1.554518e+04	-9.815918e+00
1.563497e+04	-9.867467e+00
1.572528e+04	-9.935406e+00
1.581611e+04	-9.957849e+00
1.590746e+04	-1.000617e+01
1.599934e+04	-1.004985e+01
1.609175e+04	-1.008866e+01
1.618470e+04	-1.014266e+01
1.627818e+04	-1.017663e+01
1.637220e+04	-1.022664e+01
1.646677e+04	-1.027281e+01
1.656188e+04	-1.031713e+01
1.665754e+04	-1.034916e+01
1.675375e+04	-1.039339e+01
1.685052e+04	-1.043509e+01
1.694785e+04	-1.049219e+01
1.704574e+04	-1.054724e+01
1.714419e+04	-1.056776e+01
1.724322e+04	-1.062605e+01
1.734281e+04	-1.065276e+01
1.744299e+04	-1.070728e+01
1.754374e+04	-1.076351e+01
1.764507e+04	-1.079743e+01
1.774698e+04	-1.084663e+01
1.784949e+04	-1.086525e+01
1.795259e+04	-1.092352e+01
1.805628e+04	-1.096218e+01
1.816057e+04	-1.101487e+01
1.826547e+04	-1.104616e+01
1.837097e+04	-1.110279e+01
1.847708e+04	-1.115349e+01
1.858380e+04	-1.118521e+01
1.869114e+04	-1.123467e+01
1.879910e+04	-1.125886e+01
1.890768e+04	-1.133832e+01
1.901689e+04	-1.136757e+01
1.912673e+04	-1.142605e+01
1.923721e+04	-1.145934e+01
1.934832e+04	-1.152066e+01
1.946008e+04	-1.156441e+01
1.957248e+04	-1.158728e+01
1.968553e+04	-1.165789e+01
1.979923e+04	-1.168070e+01
1.991359e+04	-1.172324e+01
2.002861e+04	-1.177912e+01
2.014430e+04	-1.180634e+01
2.026065e+04	-1.187291e+01
2.037767e+04	-1.190175e+01
2.049537e+04	-1.195981e+01
2.061375e+04	-1.199139e+01
2.073282e+04	-1.205327e+01
2.085257e+04	-1.209115e+01
2.097301e+04	-1.212919e+01
2.109415e+04	-1.217699e+01
2.121599e+04	-1.221079e+01
2.133853e+04	-1.225565e+01
2.146178e+04	-1.230604e+01
2.158575e+04	-1.236265e+01
2.171043e+04	-1.240088e+01
2.183582e+04	-1.245099e+01
2.196195e+04	-1.249203e+01
2.208880e+04	-1.253907e+01
2.221638e+04	-1.258451e+01
2.234470e+04	-1.262825e+01
2.247377e+04	-1.264904e+01
2.260357e+04	-1.271364e+01
2.273413e+04	-1.277007e+01
2.286544e+04	-1.279692e+01
2.299751e+04	-1.286546e+01
2.313034e+04	-1.289801e+01
2.326394e+04	-1.293842e+01
2.339832e+04	-1.297968e+01
2.353346e+04	-1.302750e+01
2.366939e+04	-1.309003e+01
2.380610e+04	-1.312178e+01
2.394361e+04	-1.317664e+01
2.408191e+04	-1.319946e+01
2.422100e+04	-1.325702e+01
2.436090e+04	-1.329222e+01
2.450161e+04	-1.334360e+01
2.464313e+04	-1.336907e+01
2.478547e+04	-1.342205e+01
2.492863e+04	-1.347277e+01
2.507261e+04	-1.353090e+01
2.521743e+04	-1.357236e+01
2.536309e+04	-1.359883e+01
2.550958e+04	-1.367146e+01
2.565692e+04	-1.367959e+01
2.580512e+04	-1.375476e+01
2.595417e+04	-1.379332e+01
2.610408e+04	-1.382063e+01
2.625485e+04	-1.387737e+01
2.640650e+04	-1.391734e+01
2.655902e+04	-1.397849e+01
2.671243e+04	-1.400947e+01
2.686672e+04	-1.405130e+01
2.702190e+04	-1.408864e+01
2.717798e+04	-1.414870e+01
2.733495e+04	-1.418678e+01
2.749284e+04	-1.424176e+01
2.765164e+04	-1.429088e+01
2.781135e+04	-1.431192e+01
2.797199e+04	-1.437133e+01
2.813355e+04	-1.441310e+01
2.829605e+04	-1.445761e+01
2.845949e+04	-1.450394e+01
2.862387e+04	-1.455277e+01
2.878920e+04	-1.459258e+01
2.895549e+04	-1.464262e+01
2.912273e+04	-1.467355e+01
2.929094e+04	-1.470938e+01
2.946013e+04	-1.476790e+01
2.963029e+04	-1.478464e+01
2.980143e+04	-1.482935e+01
2.997356e+04	-1.486608e+01
3.014669e+04	-1.493824e+01
3.032081e+04	-1.497375e+01
3.049595e+04	-1.503181e+01
3.067209e+04	-1.507351e+01
3.084925e+04	-1.510509e+01
3.102743e+04	-1.513415e+01
3.120665e+04	-1.519926e+01
3.138690e+04	-1.522068e+01
3.156819e+04	-1.526602e+01
3.175052e+04	-1.533835e+01
3.193391e+04	-1.537280e+01
3.211836e+04	-1.541964e+01
3.230388e+04	-1.545156e+01
3.249046e+04	-1.550917e+01
3.267812e+04	-1.553694e+01
3.286687e+04	-1.557761e+01
3.305671e+04	-1.563770e+01
3.324764e+04	-1.567098e+01
3.343968e+04	-1.570120e+01
3.363283e+04	-1.576377e+01
3.382709e+04	-1.579459e+01
3.402247e+04	-1.585606e+01
3.421899e+04	-1.589338e+01
3.441663e+04	-1.593709e+01
3.461542e+04	-1.597822e+01
3.481536e+04	-1.601537e+01
3.501645e+04	-1.607403e+01
3.521871e+04	-1.610444e+01
3.542213e+04	-1.613349e+01
3.562672e+04	-1.619701e+01
3.583250e+04	-1.621752e+01
3.603947e+04	-1.627487e+01
3.624763e+04	-1.631184e+01
3.645700e+04	-1.635097e+01
3.666757e+04	-1.639987e+01
3.687936e+04	-1.644488e+01
3.709238e+04	-1.648046e+01
3.730662e+04	-1.651926e+01
3.752210e+04	-1.656609e+01
3.773883e+04	-1.661890e+01
3.795680e+04	-1.664273e+01
3.817604e+04	-1.668701e+01
3.839654e+04	-1.671765e+01
3.861832e+04	-1.675922e+01
3.884138e+04	-1.681574e+01
3.906573e+04	-1.685271e+01
3.929137e+04	-1.688329e+01
3.951831e+04	-1.692950e+01
3.974657e+04	-1.698577e+01
3.997614e+04	-1.701787e+01
4.020704e+04	-1.703288e+01
4.043928e+04	-1.708845e+01
4.067285e+04	-1.713656e+01
4.090778e+04	-1.716339e+01
4.114406e+04	-1.723166e+01
4.138171e+04	-1.726228e+01
4.162073e+04	-1.728697e+01
4.186113e+04	-1.733952e+01
4.210291e+04	-1.737713e+01
4.234610e+04	-1.741777e+01
4.259069e+04	-1.743352e+01
4.283669e+04	-1.749892e+01
4.308411e+04	-1.753995e+01
4.333297e+04	-1.757059e+01
4.358325e+04	-1.759383e+01
4.383499e+04	-1.764312e+01
4.408818e+04	-1.768570e+01
4.434283e+04	-1.771867e+01
4.459895e+04	-1.777736e+01
4.485655e+04	-1.780589e+01
4.511564e+04	-1.783130e+01
4.537623e+04	-1.787182e+01
4.563832e+04	-1.790006e+01
4.590193e+04	-1.793803e+01
4.616705e+04	-1.799817e+01
4.643371e+04	-1.801471e+01
4.670191e+04	-1.807586e+01
4.697166e+04	-1.809728e+01
4.724297e+04	-1.813536e+01
4.751584e+04	-1.817906e+01
4.779029e+04	-1.822235e+01
4.806633e+04	-1.824745e+01
4.834395e+04	-1.828522e+01
4.862319e+04	-1.830413e+01
4.890403e+04	-1.834857e+01
4.918650e+04	-1.840088e+01
4.947060e+04	-1.844064e+01
4.975634e+04	-1.846801e+01
5.004373e+04	-1.849022e+01
5.033278e+04	-1.852839e+01
5.062350e+04	-1.856195e+01
5.091590e+04	-1.860925e+01
5.120999e+04	-1.864332e+01
5.150578e+04	-1.867558e+01
5.180327e+04	-1.870954e+01
5.210248e+04	-1.876002e+01
5.240343e+04	-1.877861e+01
5.270611e+04	-1.881699e+01
5.301053e+04	-1.884846e+01
5.331672e+04	-1.888781e+01
5.362468e+04	-1.892145e+01
5.393441e+04	-1.896405e+01
5.424593e+04	-1.899780e+01
5.455926e+04	-1.900144e+01
5.487439e+04	-1.904701e+01
5.519134e+04	-1.909186e+01
5.551012e+04	-1.912442e+01
5.583075e+04	-1.914778e+01
5.615322e+04	-1.916737e+01
5.647756e+04	-1.921568e+01
5.680377e+04	-1.924283e+01
5.713187e+04	-1.925560e+01
5.746186e+04	-1.929832e+01
5.779376e+04	-1.932676e+01
5.812757e+04	-1.937789e+01
5.846332e+04	-1.940510e+01
5.880100e+04	-1.943431e+01
5.914063e+04	-1.945177e+01
5.948222e+04	-1.949108e+01
5.982579e+04	-1.950430e+01
6.017134e+04	-1.954582e+01
6.051889e+04	-1.956948e+01
6.086844e+04	-1.958240e+01
6.122002e+04	-1.963951e+01
6.157362e+04	-1.966463e+01
6.192927e+04	-1.969293e+01
6.228697e+04	-1.972898e+01
6.264674e+04	-1.974234e+01
6.300858e+04	-1.976639e+01
6.337252e+04	-1.979451e+01
6.373855e+04	-1.984742e+01
6.410670e+04	-1.984411e+01
6.447698e+04	-1.986581e+01
6.484940e+04	-1.991649e+01
6.522397e+04	-1.994061e+01
6.560070e+04	-1.995227e+01
6.597960e+04	-1.997792e+01
6.636070e+04	-2.000057e+01
6.674400e+04	-2.001459e+01
6.712951e+04	-2.005961e+01
6.751724e+04	-2.006696e+01
6.790722e+04	-2.009400e+01
6.829945e+04	-2.010963e+01
6.869395e+04	-2.013053e+01
6.909072e+04	-2.016334e+01
6.948978e+04	-2.017974e+01
6.989115e+04	-2.020303e+01
7.029484e+04	-2.022426e+01
7.070086e+04	-2.024212e+01
7.110923e+04	-2.026554e+01
7.151995e+04	-2.028938e+01
7.193305e+04	-2.031584e+01
7.234853e+04	-2.032295e+01
7.276641e+04	-2.034605e+01
7.318671e+04	-2.033667e+01
7.360943e+04	-2.037067e+01
7.403460e+04	-2.037953e+01
7.446222e+04	-2.040578e+01
7.489231e+04	-2.041844e+01
7.532488e+04	-2.043838e+01
7.575996e+04	-2.045629e+01
7.619754e+04	-2.047336e+01
7.663766e+04	-2.047632e+01
7.708031e+04	-2.049709e+01
7.752553e+04	-2.054124e+01
7.797331e+04	-2.051341e+01
7.842368e+04	-2.054990e+01
7.887665e+04	-2.056759e+01
7.933224e+04	-2.056268e+01
7.979046e+04	-2.057649e+01
8.025133e+04	-2.059034e+01
8.071486e+04	-2.059404e+01
8.118106e+04	-2.061084e+01
8.164996e+04	-2.062065e+01
8.212157e+04	-2.063837e+01
8.259590e+04	-2.064960e+01
8.307297e+04	-2.063746e+01
8.355279e+04	-2.065279e+01
8.403539e+04	-2.064018e+01
8.452078e+04	-2.066935e+01
8.500897e+04	-2.066123e+01
8.549997e+04	-2.067573e+01
8.599382e+04	-2.067420e+01
8.649052e+04	-2.069259e+01
8.699008e+04	-2.068238e+01
8.749253e+04	-2.067215e+01
8.799789e+04	-2.067299e+01
8.850616e+04	-2.066857e+01
8.901737e+04	-2.067996e+01
8.953153e+04	-2.069436e+01
9.004866e+04	-2.065967e+01
9.056877e+04	-2.066555e+01
9.109190e+04	-2.066871e+01
9.161804e+04	-2.065163e+01
9.214722e+04	-2.065213e+01
9.267946e+04	-2.065987e+01
9.321477e+04	-2.064514e+01
9.375318e+04	-2.064351e+01
9.429469e+04	-2.061113e+01
9.483933e+04	-2.060869e+01
9.538712e+04	-2.060005e+01
9.593807e+04	-2.059719e+01
9.649221e+04	-2.057664e+01
9.704954e+04	-2.058738e+01
9.761010e+04	-2.055205e+01
9.817389e+04	-2.054719e+01
9.874094e+04	-2.053948e+01
9.931126e+04	-2.050028e+01
9.988488e+04	-2.046860e+01
1.004618e+05	-2.045857e+01
1.010421e+05	-2.044893e+01
1.016257e+05	-2.043060e+01
1.022127e+05	-2.040539e+01
1.028031e+05	-2.037334e+01
1.033968e+05	-2.035953e+01
1.039941e+05	-2.034030e+01
1.045947e+05	-2.031325e+01
1.051989e+05	-2.026800e+01
1.058065e+05	-2.024940e+01
1.064176e+05	-2.020811e+01
1.070323e+05	-2.019451e+01
1.076505e+05	-2.013097e+01
1.082723e+05	-2.011201e+01
1.088977e+05	-2.005998e+01
1.095266e+05	-2.002944e+01
1.101593e+05	-1.999052e+01
1.107955e+05	-1.994338e+01
1.114355e+05	-1.992238e+01
1.120791e+05	-1.987673e+01
1.127265e+05	-1.982656e+01
1.133776e+05	-1.977629e+01
1.140325e+05	-1.970905e+01
1.146911e+05	-1.967059e+01
1.153536e+05	-1.960942e+01
1.160198e+05	-1.956921e+01
1.166900e+05	-1.950441e+01
1.173640e+05	-1.944615e+01
1.180419e+05	-1.938599e+01
1.187237e+05	-1.932390e+01
1.194094e+05	-1.925625e+01
1.200991e+05	-1.917073e+01
1.207928e+05	-1.912301e+01
1.214905e+05	-1.904120e+01
1.221922e+05	-1.897346e+01
1.228980e+05	-1.890007e+01
1.236078e+05	-1.882961e+01
1.243218e+05	-1.872807e+01
1.250399e+05	-1.863915e+01
1.257621e+05	-1.856642e+01
1.264885e+05	-1.847512e+01
1.272191e+05	-1.839765e+01
1.279539e+05	-1.828621e+01
1.286930e+05	-1.818043e+01
1.294363e+05	-1.806750e+01
1.301839e+05	-1.797211e+01
1.309358e+05	-1.786538e+01
1.316921e+05	-1.775881e+01
1.324528e+05	-1.762850e+01
1.332178e+05	-1.751066e+01
1.339873e+05	-1.737160e+01
1.347612e+05	-1.724310e+01
1.355395e+05	-1.711241e+01
1.363224e+05	-1.697158e+01
1.371098e+05	-1.685518e+01
1.379018e+05	-1.668245e+01
1.386983e+05	-1.655277e+01
1.394994e+05	-1.636746e+01
1.403051e+05	-1.622364e+01
1.411155e+05	-1.604208e+01
1.419306e+05	-1.584084e+01
1.427504e+05	-1.567561e+01
1.435749e+05	-1.549019e+01
1.444042e+05	-1.528862e+01
1.452383e+05	-1.509468e+01
1.460772e+05	-1.487491e+01
1.469209e+05	-1.462551e+01
1.477695e+05	-1.438930e+01
1.486230e+05	-1.417127e+01
1.494814e+05	-1.391032e+01
1.503448e+05	-1.366199e+01
1.512132e+05	-1.336912e+01
1.520866e+05	-1.308375e+01
1.529651e+05	-1.277619e+01
1.538486e+05	-1.249420e+01
1.547372e+05	-1.215049e+01
1.556310e+05	-1.180969e+01
1.565299e+05	-1.145183e+01
1.574340e+05	-1.105612e+01
1.583433e+05	-1.064976e+01
1.592579e+05	-1.022848e+01
1.601778e+05	-9.766630e+00
1.611030e+05	-9.284654e+00
1.620335e+05	-8.795077e+00
1.629694e+05	-8.238265e+00
1.639107e+05	-7.669938e+00
1.648574e+05	-7.040802e+00
1.658097e+05	-6.394833e+00
1.667674e+05	-5.706408e+00
1.677306e+05	-4.958331e+00
1.686994e+05	-4.163330e+00
1.696738e+05	-3.345330e+00
1.706538e+05	-2.519101e+00
1.716395e+05	-1.702824e+00
1.726309e+05	-9.597868e-01
1.736280e+05	-3.757700e-01
1.746309e+05	-3.866403e-02
1.756395e+05	-4.688979e-02
1.766540e+05	-3.503287e-01
1.776744e+05	-9.398950e-01
1.787006e+05	-1.713951e+00
1.797328e+05	-2.597831e+00
1.807709e+05	-3.487731e+00
1.818150e+05	-4.363862e+00
1.828652e+05	-5.209683e+00
1.839214e+05	-6.020355e+00
1.849837e+05	-6.757613e+00
1.860522e+05	-7.476672e+00
1.871268e+05	-8.170988e+00
1.882077e+05	-8.794109e+00
1.892948e+05	-9.402016e+00
1.903881e+05	-9.959259e+00
1.914878e+05	-1.050712e+01
1.925938e+05	-1.099004e+01
1.937062e+05	-1.149319e+01
1.948251e+05	-1.193702e+01
1.959504e+05	-1.238962e+01
1.970822e+05	-1.278143e+01
1.982205e+05	-1.319001e+01
1.993654e+05	-1.356511e+01
2.005169e+05	-1.392959e+01
2.016751e+05	-1.427701e+01
2.028400e+05	-1.460105e+01
2.040116e+05	-1.493254e+01
2.051899e+05	-1.523715e+01
2.063751e+05	-1.552282e+01
2.075671e+05	-1.581247e+01
2.087660e+05	-1.607582e+01
2.099719e+05	-1.635080e+01
2.111846e+05	-1.659723e+01
2.124044e+05	-1.683849e+01
2.136313e+05	-1.706824e+01
2.148652e+05	-1.729525e+01
2.161063e+05	-1.750167e+01
2.173545e+05	-1.772110e+01
2.186099e+05	-1.791714e+01
2.198726e+05	-1.810834e+01
2.211426e+05	-1.830786e+01
2.224199e+05	-1.847167e+01
2.237046e+05	-1.863779e+01
2.249967e+05	-1.879198e+01
2.262962e+05	-1.897158e+01
2.276033e+05	-1.911661e+01
2.289179e+05	-1.925138e+01
2.302402e+05	-1.940800e+01
2.315700e+05	-1.951156e+01
2.329076e+05	-1.965354e+01
2.342528e+05	-1.975916e+01
2.356059e+05	-1.987619e+01
2.369667e+05	-1.998534e+01
2.383354e+05	-2.008694e+01
2.397120e+05	-2.017922e+01
2.410966e+05	-2.027095e+01
2.424892e+05	-2.033766e+01
2.438898e+05	-2.042164e+01
2.452985e+05	-2.049328e+01
2.467153e+05	-2.056626e+01
2.481403e+05	-2.063113e+01
2.495736e+05	-2.065529e+01
2.510151e+05	-2.072667e+01
2.524650e+05	-2.075293e+01
2.539232e+05	-2.079543e+01
2.553898e+05	-2.081644e+01
2.568650e+05	-2.085212e+01
2.583486e+05	-2.085384e+01
2.598408e+05	-2.087252e+01
2.613416e+05	-2.085955e+01
2.628511e+05	-2.086517e+01
2.643694e+05	-2.083404e+01
2.658963e+05	-2.084282e+01
2.674321e+05	-2.080300e+01
2.689768e+05	-2.077897e+01
2.705304e+05	-2.073584e+01
2.720930e+05	-2.068252e+01
2.736646e+05	-2.062019e+01
2.752453e+05	-2.055550e+01
2.768351e+05	-2.047277e+01
2.784341e+05	-2.037065e+01
2.800423e+05	-2.028559e+01
2.816598e+05	-2.018798e+01
2.832867e+05	-2.008209e+01
2.849229e+05	-1.993292e+01
2.865686e+05	-1.981919e+01
2.882238e+05	-1.966797e+01
2.898886e+05	-1.950891e+01
2.915630e+05	-1.934834e+01
2.932470e+05	-1.915395e+01
2.949408e+05	-1.896934e+01
2.966444e+05	-1.873491e+01
2.983578e+05	-1.849477e+01
3.000811e+05	-1.824194e+01
3.018143e+05	-1.799286e+01
3.035576e+05	-1.771872e+01
3.053109e+05	-1.739844e+01
3.070744e+05	-1.705821e+01
3.088481e+05	-1.669884e+01
3.106320e+05	-1.629954e+01
3.124261e+05	-1.588699e+01
3.142307e+05	-1.543109e+01
3.160457e+05	-1.496603e+01
3.178712e+05	-1.440326e+01
3.197072e+05	-1.382804e+01
3.215538e+05	-1.317302e+01
3.234111e+05	-1.247419e+01
3.252791e+05	-1.170514e+01
3.271579e+05	-1.081231e+01
3.290475e+05	-9.852187e+00
3.309481e+05	-8.717283e+00
3.328596e+05	-7.465640e+00
3.347822e+05	-6.042214e+00
3.367159e+05	-4.372682e+00
3.386608e+05	-2.559168e+00
3.406169e+05	-8.703646e-01
3.425842e+05	-2.338054e-02
3.445630e+05	-6.232901e-01
3.465532e+05	-2.247213e+00
3.485549e+05	-4.117111e+00
3.505681e+05	-5.885529e+00
3.525930e+05	-7.462228e+00
3.546295e+05	-8.833116e+00
3.566778e+05	-1.004541e+01
3.587380e+05	-1.112847e+01
3.608101e+05	-1.207709e+01
3.628941e+05	-1.294058e+01
3.649901e+05	-1.371386e+01
3.670983e+05	-1.442641e+01
3.692187e+05	-1.508945e+01
3.713513e+05	-1.568856e+01
3.734962e+05	-1.624483e+01
3.756535e+05	-1.675368e+01
3.778232e+05	-1.720512e+01
3.800055e+05	-1.765932e+01
3.822004e+05	-1.806090e+01
3.844080e+05	-1.843548e+01
3.866283e+05	-1.877812e+01
3.888615e+05	-1.911391e+01
3.911075e+05	-1.938578e+01
3.933665e+05	-1.965542e+01
3.956386e+05	-1.988576e+01
3.979238e+05	-2.013095e+01
4.002222e+05	-2.034416e+01
4.025338e+05	-2.048634e+01
4.048589e+05	-2.068280e+01
4.071973e+05	-2.082016e+01
4.095493e+05	-2.094113e+01
4.119148e+05	-2.105780e+01
4.142940e+05	-2.110247e+01
4.166870e+05	-2.116336e+01
4.190937e+05	-2.122336e+01
4.215144e+05	-2.124538e+01
4.239490e+05	-2.124339e+01
4.263978e+05	-2.123631e+01
4.288606e+05	-2.118010e+01
4.313377e+05	-2.110502e+01
4.338291e+05	-2.102185e+01
4.363349e+05	-2.091540e+01
4.388551e+05	-2.075042e+01
4.413899e+05	-2.058073e+01
4.439394e+05	-2.040194e+01
4.465035e+05	-2.016075e+01
4.490825e+05	-1.991478e+01
4.516764e+05	-1.961719e+01
4.542853e+05	-1.925281e+01
4.569092e+05	-1.886847e+01
4.595483e+05	-1.843990e+01
4.622026e+05	-1.793602e+01
4.648723e+05	-1.740126e+01
4.675574e+05	-1.677855e+01
4.702580e+05	-1.609171e+01
4.729742e+05	-1.526697e+01
4.757060e+05	-1.434245e+01
4.784537e+05	-1.325954e+01
4.812172e+05	-1.200693e+01
4.839967e+05	-1.050912e+01
4.867923e+05	-8.666229e+00
4.896040e+05	-6.345841e+00
4.924319e+05	-3.505983e+00
4.952762e+05	-5.950907e-01
4.981369e+05	-4.385648e-01
5.010141e+05	-3.312893e+00
5.039079e+05	-6.306030e+00
5.068185e+05	-8.768788e+00
5.097458e+05	-1.073265e+01
5.126901e+05	-1.234749e+01
5.156514e+05	-1.373554e+01
5.186298e+05	-1.490561e+01
5.216253e+05	-1.590651e+01
5.246382e+05	-1.677460e+01
5.276685e+05	-1.759014e+01
5.307163e+05	-1.825903e+01
5.337817e+05	-1.886538e+01
5.368648e+05	-1.940688e+01
5.399657e+05	-1.988004e+01
5.430845e+05	-2.028198e+01
5.462214e+05	-2.065430e+01
5.493763e+05	-2.096099e+01
5.525495e+05	-2.122009e+01
5.557410e+05	-2.144222e+01
5.589509e+05	-2.160273e+01
5.621794e+05	-2.172723e+01
5.654265e+05	-2.177513e+01
5.686924e+05	-2.181620e+01
5.719772e+05	-2.178495e+01
5.752809e+05	-2.171044e+01
5.786037e+05	-2.156009e+01
5.819457e+05	-2.137669e+01
5.853070e+05	-2.112572e+01
5.886877e+05	-2.082308e+01
5.920879e+05	-2.043382e+01
5.955078e+05	-1.996152e+01
5.989474e+05	-1.939254e+01
6.024069e+05	-1.871686e+01
6.058864e+05	-1.791371e+01
6.093860e+05	-1.695611e+01
6.129058e+05	-1.577556e+01
6.164459e+05	-1.434382e+01
6.200064e+05	-1.253638e+01
6.235876e+05	-1.017394e+01
6.271894e+05	-6.918726e+00
6.308120e+05	-2.417192e+00
6.344555e+05	-3.408355e-01
6.381201e+05	-4.887856e+00
6.418059e+05	-8.902427e+00
6.455129e+05	-1.179308e+01
6.492414e+05	-1.400877e+01
6.529914e+05	-1.571022e+01
6.567630e+05	-1.710629e+01
6.605565e+05	-1.827566e+01
6.643718e+05	-1.923946e+01
6.682092e+05	-2.002772e+01
6.720688e+05	-2.071146e+01
6.759506e+05	-2.124842e+01
6.798549e+05	-2.171749e+01
6.837817e+05	-2.202766e+01
6.877312e+05	-2.231473e+01
6.917035e+05	-2.243851e+01
6.956987e+05	-2.250155e+01
6.997171e+05	-2.246249e+01
7.037586e+05	-2.232363e+01
7.078235e+05	-2.205056e+01
7.119118e+05	-2.168139e+01
7.160238e+05	-2.113634e+01
7.201595e+05	-2.045496e+01
7.243191e+05	-1.955134e+01
7.285028e+05	-1.842765e+01
7.327106e+05	-1.694977e+01
7.369427e+05	-1.498724e+01
7.411992e+05	-1.225472e+01
7.454804e+05	-8.101959e+00
7.497862e+05	-1.425913e+00
7.541170e+05	-3.531390e+00
7.584727e+05	-9.720867e+00
7.628536e+05	-1.355051e+01
7.672598e+05	-1.618307e+01
7.716915e+05	-1.814544e+01
7.761488e+05	-1.964548e+01
7.806318e+05	-2.081109e+01
7.851407e+05	-2.172495e+01
7.896756e+05	-2.243691e+01
7.942367e+05	-2.289295e+01
7.988242e+05	-2.322156e+01
8.034382e+05	-2.334469e+01
8.080788e+05	-2.328659e+01
8.127463e+05	-2.305470e+01
8.174406e+05	-2.256785e+01
8.221621e+05	-2.183335e+01
8.269109e+05	-2.075444e+01
8.316871e+05	-1.925008e+01
8.364909e+05	-1.710741e+01
8.413225e+05	-1.387043e+01
8.461819e+05	-8.229706e+00
8.510694e+05	-2.243711e-01
8.559852e+05	-9.692260e+00
8.609293e+05	-1.499886e+01
8.659020e+05	-1.823596e+01
8.709034e+05	-2.042772e+01
8.759337e+05	-2.200779e+01
8.809931e+05	-2.312615e+01
8.860816e+05	-2.383638e+01
8.911996e+05	-2.424663e+01
8.963471e+05	-2.429018e+01
9.015244e+05	-2.402079e+01
9.067316e+05	-2.335095e+01
9.119688e+05	-2.214078e+01
9.172363e+05	-2.023564e+01
9.225342e+05	-1.714102e+01
9.278628e+05	-1.131540e+01
9.332221e+05	-4.712528e-01
9.386123e+05	-1.305410e+01
9.440337e+05	-1.849215e+01
9.494864e+05	-2.160398e+01
9.549706e+05	-2.359619e+01
9.604865e+05	-2.480425e+01
9.660342e+05	-2.541132e+01
9.716140e+05	-2.543710e+01
9.772260e+05	-2.481505e+01
9.828704e+05	-2.337961e+01
9.885474e+05	-2.069959e+01
9.942572e+05	-1.530691e+01
1.000000e+06	-2.420874e-02
