Frequency(Hz)	Magnitude(dB)
1.000000e+01	-1.955148e+00
1.005776e+01	-1.973388e+00
1.011585e+01	-1.991629e+00
1.017428e+01	-2.009973e+00
1.023305e+01	-2.028665e+00
1.029215e+01	-2.047514e+00
1.035160e+01	-2.066486e+00
1.041139e+01	-2.085219e+00
1.047153e+01	-2.104507e+00
1.053201e+01	-2.123942e+00
1.059284e+01	-2.143123e+00
1.065403e+01	-2.162675e+00
1.071556e+01	-2.182509e+00
1.077746e+01	-2.202424e+00
1.083971e+01	-2.222113e+00
1.090232e+01	-2.242468e+00
1.096529e+01	-2.262378e+00
1.102862e+01	-2.283051e+00
1.109232e+01	-2.303482e+00
1.115639e+01	-2.324242e+00
1.122083e+01	-2.344936e+00
1.128564e+01	-2.365919e+00
1.135083e+01	-2.386976e+00
1.141639e+01	-2.408318e+00
1.148233e+01	-2.429541e+00
1.154865e+01	-2.451270e+00
1.161536e+01	-2.472689e+00
1.168245e+01	-2.494766e+00
1.174992e+01	-2.516385e+00
1.181779e+01	-2.538393e+00
1.188605e+01	-2.560604e+00
1.195470e+01	-2.582990e+00
1.202375e+01	-2.605518e+00
1.209320e+01	-2.628030e+00
1.216305e+01	-2.650881e+00
1.223330e+01	-2.673691e+00
1.230396e+01	-2.697044e+00
1.237503e+01	-2.719956e+00
1.244651e+01	-2.743415e+00
1.251840e+01	-2.767050e+00
1.259070e+01	-2.790640e+00
1.266343e+01	-2.814226e+00
1.273657e+01	-2.838346e+00
1.281014e+01	-2.862381e+00
1.288413e+01	-2.886628e+00
1.295855e+01	-2.911025e+00
1.303339e+01	-2.935447e+00
1.310867e+01	-2.959996e+00
1.318439e+01	-2.985051e+00
1.326054e+01	-3.009974e+00
1.333713e+01	-3.034874e+00
1.341417e+01	-3.060296e+00
1.349165e+01	-3.085708e+00
1.356958e+01	-3.110928e+00
1.364795e+01	-3.136776e+00
1.372678e+01	-3.162752e+00
1.380607e+01	-3.188385e+00
1.388581e+01	-3.214663e+00
1.396602e+01	-3.240873e+00
1.404668e+01	-3.267343e+00
1.412782e+01	-3.293733e+00
1.420942e+01	-3.320386e+00
1.429149e+01	-3.347161e+00
1.437404e+01	-3.374187e+00
1.445706e+01	-3.401358e+00
1.454057e+01	-3.428504e+00
1.462455e+01	-3.455841e+00
1.470902e+01	-3.483217e+00
1.479398e+01	-3.511249e+00
1.487943e+01	-3.538759e+00
1.496537e+01	-3.566840e+00
1.505181e+01	-3.594848e+00
1.513875e+01	-3.622845e+00
1.522619e+01	-3.651392e+00
1.531414e+01	-3.679825e+00
1.540259e+01	-3.708591e+00
1.549156e+01	-3.737225e+00
1.558103e+01	-3.766279e+00
1.567103e+01	-3.795669e+00
1.576155e+01	-3.824551e+00
1.585258e+01	-3.854182e+00
1.594415e+01	-3.883699e+00
1.603624e+01	-3.913028e+00
1.612886e+01	-3.942950e+00
1.622202e+01	-3.973052e+00
1.631572e+01	-4.002897e+00
1.640996e+01	-4.033067e+00
1.650474e+01	-4.063374e+00
1.660008e+01	-4.094122e+00
1.669596e+01	-4.124532e+00
1.679239e+01	-4.155319e+00
1.688938e+01	-4.186216e+00
1.698694e+01	-4.217187e+00
1.708505e+01	-4.248342e+00
1.718373e+01	-4.279753e+00
1.728299e+01	-4.311245e+00
1.738281e+01	-4.342359e+00
1.748322e+01	-4.374206e+00
1.758420e+01	-4.406136e+00
1.768576e+01	-4.437767e+00
1.778792e+01	-4.469847e+00
1.789066e+01	-4.502617e+00
1.799399e+01	-4.534486e+00
1.809793e+01	-4.567154e+00
1.820246e+01	-4.599702e+00
1.830760e+01	-4.632654e+00
1.841334e+01	-4.665541e+00
1.851969e+01	-4.698495e+00
1.862666e+01	-4.731710e+00
1.873425e+01	-4.764785e+00
1.884246e+01	-4.798022e+00
1.895129e+01	-4.831800e+00
1.906075e+01	-4.865321e+00
1.917085e+01	-4.899145e+00
1.928158e+01	-4.932964e+00
1.939295e+01	-4.966931e+00
1.950496e+01	-5.001267e+00
1.961762e+01	-5.035606e+00
1.973093e+01	-5.070133e+00
1.984490e+01	-5.104175e+00
1.995952e+01	-5.138907e+00
2.007480e+01	-5.173806e+00
2.019076e+01	-5.208801e+00
2.030738e+01	-5.243151e+00
2.042467e+01	-5.278784e+00
2.054264e+01	-5.313987e+00
2.066130e+01	-5.349432e+00
2.078064e+01	-5.384903e+00
2.090066e+01	-5.420578e+00
2.102139e+01	-5.456283e+00
2.114280e+01	-5.492328e+00
2.126492e+01	-5.527744e+00
2.138775e+01	-5.564093e+00
2.151128e+01	-5.600315e+00
2.163553e+01	-5.636755e+00
2.176050e+01	-5.673283e+00
2.188619e+01	-5.709760e+00
2.201260e+01	-5.746497e+00
2.213974e+01	-5.783013e+00
2.226762e+01	-5.819804e+00
2.239624e+01	-5.856803e+00
2.252560e+01	-5.894026e+00
2.265571e+01	-5.931001e+00
2.278656e+01	-5.968354e+00
2.291818e+01	-6.006085e+00
2.305055e+01	-6.043217e+00
2.318369e+01	-6.080752e+00
2.331760e+01	-6.118944e+00
2.345228e+01	-6.156597e+00
2.358774e+01	-6.194770e+00
2.372398e+01	-6.232480e+00
2.386101e+01	-6.270810e+00
2.399883e+01	-6.309204e+00
2.413745e+01	-6.347896e+00
2.427686e+01	-6.385784e+00
2.441709e+01	-6.424318e+00
2.455812e+01	-6.463405e+00
2.469997e+01	-6.502396e+00
2.484263e+01	-6.540910e+00
2.498612e+01	-6.580118e+00
2.513044e+01	-6.619002e+00
2.527559e+01	-6.658121e+00
2.542158e+01	-6.697483e+00
2.556842e+01	-6.736628e+00
2.571610e+01	-6.776655e+00
2.586463e+01	-6.815826e+00
2.601403e+01	-6.855325e+00
2.616428e+01	-6.895316e+00
2.631541e+01	-6.935314e+00
2.646740e+01	-6.975026e+00
2.662028e+01	-7.015184e+00
2.677404e+01	-7.054891e+00
2.692868e+01	-7.095371e+00
2.708422e+01	-7.135923e+00
2.724066e+01	-7.176396e+00
2.739800e+01	-7.216963e+00
2.755625e+01	-7.257079e+00
2.771541e+01	-7.297745e+00
2.787550e+01	-7.338600e+00
2.803650e+01	-7.379320e+00
2.819844e+01	-7.420125e+00
2.836131e+01	-7.460934e+00
2.852513e+01	-7.502450e+00
2.868989e+01	-7.543428e+00
2.885560e+01	-7.585238e+00
2.902227e+01	-7.626216e+00
2.918990e+01	-7.667668e+00
2.935850e+01	-7.708921e+00
2.952807e+01	-7.750758e+00
2.969863e+01	-7.792606e+00
2.987016e+01	-7.834182e+00
3.004269e+01	-7.875601e+00
3.021622e+01	-7.917861e+00
3.039075e+01	-7.960283e+00
3.056628e+01	-8.001893e+00
3.074283e+01	-8.044176e+00
3.092040e+01	-8.086162e+00
3.109900e+01	-8.128403e+00
3.127862e+01	-8.170877e+00
3.145929e+01	-8.213571e+00
3.164099e+01	-8.255967e+00
3.182375e+01	-8.298487e+00
3.200756e+01	-8.341557e+00
3.219244e+01	-8.383842e+00
3.237838e+01	-8.426504e+00
3.256540e+01	-8.469461e+00
3.275349e+01	-8.512621e+00
3.294268e+01	-8.555301e+00
3.313295e+01	-8.598421e+00
3.332433e+01	-8.641967e+00
3.351681e+01	-8.684603e+00
3.371040e+01	-8.728275e+00
3.390511e+01	-8.771371e+00
3.410094e+01	-8.815330e+00
3.429791e+01	-8.858137e+00
3.449601e+01	-8.902161e+00
3.469526e+01	-8.945249e+00
3.489566e+01	-8.989577e+00
3.509721e+01	-9.032989e+00
3.529993e+01	-9.077146e+00
3.550382e+01	-9.121033e+00
3.570889e+01	-9.165050e+00
3.591515e+01	-9.208422e+00
3.612259e+01	-9.253183e+00
3.633123e+01	-9.296810e+00
3.654108e+01	-9.340738e+00
3.675214e+01	-9.385665e+00
3.696442e+01	-9.429242e+00
3.717792e+01	-9.473786e+00
3.739266e+01	-9.517989e+00
3.760864e+01	-9.562918e+00
3.782587e+01	-9.607229e+00
3.804435e+01	-9.652004e+00
3.826409e+01	-9.696285e+00
3.848510e+01	-9.741428e+00
3.870739e+01	-9.785758e+00
3.893096e+01	-9.830417e+00
3.915583e+01	-9.875477e+00
3.938199e+01	-9.920609e+00
3.960946e+01	-9.965431e+00
3.983824e+01	-1.001044e+01
4.006834e+01	-1.005560e+01
4.029978e+01	-1.010057e+01
4.053255e+01	-1.014551e+01
4.076666e+01	-1.019052e+01
4.100213e+01	-1.023600e+01
4.123896e+01	-1.028120e+01
4.147715e+01	-1.032679e+01
4.171672e+01	-1.037247e+01
4.195767e+01	-1.041747e+01
4.220002e+01	-1.046345e+01
4.244377e+01	-1.050901e+01
4.268892e+01	-1.055424e+01
4.293549e+01	-1.060024e+01
4.318348e+01	-1.064614e+01
4.343291e+01	-1.069157e+01
4.368377e+01	-1.073761e+01
4.393609e+01	-1.078364e+01
4.418986e+01	-1.082919e+01
4.444510e+01	-1.087527e+01
4.470182e+01	-1.092086e+01
4.496001e+01	-1.096695e+01
4.521970e+01	-1.101247e+01
4.548089e+01	-1.105936e+01
4.574358e+01	-1.110544e+01
4.600779e+01	-1.115170e+01
4.627353e+01	-1.119795e+01
4.654081e+01	-1.124389e+01
4.680963e+01	-1.129016e+01
4.708000e+01	-1.133613e+01
4.735193e+01	-1.138294e+01
4.762543e+01	-1.142945e+01
4.790051e+01	-1.147527e+01
4.817719e+01	-1.152245e+01
4.845545e+01	-1.156834e+01
4.873533e+01	-1.161497e+01
4.901682e+01	-1.166191e+01
4.929994e+01	-1.170791e+01
4.958470e+01	-1.175550e+01
4.987110e+01	-1.180225e+01
5.015915e+01	-1.184837e+01
5.044887e+01	-1.189563e+01
5.074026e+01	-1.194225e+01
5.103333e+01	-1.198924e+01
5.132810e+01	-1.203574e+01
5.162457e+01	-1.208260e+01
5.192275e+01	-1.212974e+01
5.222265e+01	-1.217676e+01
5.252429e+01	-1.222391e+01
5.282767e+01	-1.227062e+01
5.313280e+01	-1.231815e+01
5.343969e+01	-1.236517e+01
5.374836e+01	-1.241209e+01
5.405880e+01	-1.245919e+01
5.437105e+01	-1.250627e+01
5.468509e+01	-1.255354e+01
5.500095e+01	-1.260110e+01
5.531863e+01	-1.264881e+01
5.563815e+01	-1.269588e+01
5.595951e+01	-1.274314e+01
5.628273e+01	-1.279014e+01
5.660782e+01	-1.283774e+01
5.693479e+01	-1.288483e+01
5.726364e+01	-1.293276e+01
5.759439e+01	-1.298048e+01
5.792705e+01	-1.302839e+01
5.826164e+01	-1.307483e+01
5.859815e+01	-1.312275e+01
5.893662e+01	-1.316999e+01
5.927703e+01	-1.321839e+01
5.961941e+01	-1.326565e+01
5.996377e+01	-1.331315e+01
6.031012e+01	-1.336085e+01
6.065847e+01	-1.340911e+01
6.100883e+01	-1.345639e+01
6.136121e+01	-1.350335e+01
6.171563e+01	-1.355253e+01
6.207210e+01	-1.360008e+01
6.243063e+01	-1.364877e+01
6.279122e+01	-1.369569e+01
6.315390e+01	-1.374349e+01
6.351868e+01	-1.379192e+01
6.388556e+01	-1.383949e+01
6.425456e+01	-1.388704e+01
6.462569e+01	-1.393498e+01
6.499897e+01	-1.398348e+01
6.537440e+01	-1.403129e+01
6.575200e+01	-1.408032e+01
6.613178e+01	-1.412802e+01
6.651375e+01	-1.417619e+01
6.689793e+01	-1.422395e+01
6.728433e+01	-1.427206e+01
6.767297e+01	-1.432055e+01
6.806384e+01	-1.436851e+01
6.845698e+01	-1.441744e+01
6.885238e+01	-1.446556e+01
6.925007e+01	-1.451269e+01
6.965005e+01	-1.456157e+01
7.005235e+01	-1.460880e+01
7.045697e+01	-1.465883e+01
7.086393e+01	-1.470640e+01
7.127323e+01	-1.475492e+01
7.168490e+01	-1.480395e+01
7.209895e+01	-1.485104e+01
7.251539e+01	-1.489874e+01
7.293424e+01	-1.494774e+01
7.335551e+01	-1.499731e+01
7.377920e+01	-1.504493e+01
7.420535e+01	-1.509299e+01
7.463396e+01	-1.514146e+01
7.506504e+01	-1.519010e+01
7.549861e+01	-1.523918e+01
7.593469e+01	-1.528752e+01
7.637328e+01	-1.533623e+01
7.681441e+01	-1.538481e+01
7.725809e+01	-1.543297e+01
7.770433e+01	-1.548175e+01
7.815315e+01	-1.553058e+01
7.860456e+01	-1.557960e+01
7.905857e+01	-1.562738e+01
7.951521e+01	-1.567774e+01
7.997449e+01	-1.572562e+01
8.043642e+01	-1.577470e+01
8.090102e+01	-1.582290e+01
8.136830e+01	-1.587208e+01
8.183828e+01	-1.591931e+01
8.231097e+01	-1.596925e+01
8.278640e+01	-1.601784e+01
8.326457e+01	-1.606613e+01
8.374550e+01	-1.611510e+01
8.422921e+01	-1.616522e+01
8.471572e+01	-1.621354e+01
8.520503e+01	-1.626289e+01
8.569717e+01	-1.631059e+01
8.619215e+01	-1.635993e+01
8.669000e+01	-1.640833e+01
8.719071e+01	-1.645754e+01
8.769432e+01	-1.650722e+01
8.820084e+01	-1.655491e+01
8.871029e+01	-1.660399e+01
8.922267e+01	-1.665252e+01
8.973802e+01	-1.670214e+01
9.025634e+01	-1.675070e+01
9.077766e+01	-1.680046e+01
9.130199e+01	-1.684832e+01
9.182935e+01	-1.689663e+01
9.235975e+01	-1.694662e+01
9.289321e+01	-1.699513e+01
9.342976e+01	-1.704518e+01
9.396941e+01	-1.709421e+01
9.451217e+01	-1.714328e+01
9.505807e+01	-1.719160e+01
9.560712e+01	-1.724105e+01
9.615934e+01	-1.729068e+01
9.671476e+01	-1.733916e+01
9.727338e+01	-1.738812e+01
9.783522e+01	-1.743773e+01
9.840032e+01	-1.748711e+01
9.896867e+01	-1.753531e+01
9.954031e+01	-1.758500e+01
1.001153e+02	-1.763529e+01
1.006935e+02	-1.768424e+01
1.012751e+02	-1.773226e+01
1.018601e+02	-1.778225e+01
1.024484e+02	-1.783169e+01
1.030402e+02	-1.788042e+01
1.036353e+02	-1.793052e+01
1.042339e+02	-1.797852e+01
1.048360e+02	-1.802753e+01
1.054415e+02	-1.807524e+01
1.060505e+02	-1.812535e+01
1.066631e+02	-1.817596e+01
1.072791e+02	-1.822533e+01
1.078988e+02	-1.827377e+01
1.085220e+02	-1.832485e+01
1.091488e+02	-1.837349e+01
1.097793e+02	-1.842230e+01
1.104133e+02	-1.847161e+01
1.110511e+02	-1.852133e+01
1.116925e+02	-1.856871e+01
1.123376e+02	-1.862025e+01
1.129865e+02	-1.867065e+01
1.136391e+02	-1.871788e+01
1.142955e+02	-1.876712e+01
1.149556e+02	-1.881580e+01
1.156196e+02	-1.886635e+01
1.162874e+02	-1.891450e+01
1.169591e+02	-1.896440e+01
1.176347e+02	-1.901482e+01
1.183141e+02	-1.906385e+01
1.189975e+02	-1.911352e+01
1.196848e+02	-1.916238e+01
1.203761e+02	-1.921175e+01
1.210714e+02	-1.926149e+01
1.217707e+02	-1.931149e+01
1.224740e+02	-1.936020e+01
1.231814e+02	-1.941022e+01
1.238929e+02	-1.945898e+01
1.246085e+02	-1.950893e+01
1.253283e+02	-1.955722e+01
1.260522e+02	-1.960818e+01
1.267802e+02	-1.965744e+01
1.275125e+02	-1.970745e+01
1.282490e+02	-1.975687e+01
1.289898e+02	-1.980602e+01
1.297348e+02	-1.985536e+01
1.304842e+02	-1.990587e+01
1.312378e+02	-1.995573e+01
1.319959e+02	-2.000384e+01
1.327583e+02	-2.005373e+01
1.335251e+02	-2.010332e+01
1.342963e+02	-2.015307e+01
1.350720e+02	-2.020223e+01
1.358522e+02	-2.025239e+01
1.366368e+02	-2.030036e+01
1.374260e+02	-2.035073e+01
1.382198e+02	-2.040136e+01
1.390182e+02	-2.045183e+01
1.398211e+02	-2.049949e+01
1.406287e+02	-2.054849e+01
1.414410e+02	-2.059776e+01
1.422579e+02	-2.064948e+01
1.430796e+02	-2.069946e+01
1.439060e+02	-2.074812e+01
1.447372e+02	-2.079756e+01
1.455732e+02	-2.084633e+01
1.464141e+02	-2.089709e+01
1.472597e+02	-2.094692e+01
1.481103e+02	-2.099624e+01
1.489658e+02	-2.104672e+01
1.498262e+02	-2.109495e+01
1.506916e+02	-2.114438e+01
1.515620e+02	-2.119459e+01
1.524374e+02	-2.124439e+01
1.533179e+02	-2.129369e+01
1.542034e+02	-2.134365e+01
1.550941e+02	-2.139272e+01
1.559899e+02	-2.144281e+01
1.568909e+02	-2.149263e+01
1.577971e+02	-2.154130e+01
1.587085e+02	-2.159092e+01
1.596252e+02	-2.164071e+01
1.605472e+02	-2.169117e+01
1.614745e+02	-2.174133e+01
1.624072e+02	-2.178881e+01
1.633453e+02	-2.184181e+01
1.642887e+02	-2.188981e+01
1.652377e+02	-2.194064e+01
1.661921e+02	-2.198782e+01
1.671520e+02	-2.203781e+01
1.681175e+02	-2.208931e+01
1.690885e+02	-2.213811e+01
1.700651e+02	-2.218879e+01
1.710474e+02	-2.223907e+01
1.720354e+02	-2.228942e+01
1.730291e+02	-2.233779e+01
1.740285e+02	-2.238837e+01
1.750337e+02	-2.243824e+01
1.760446e+02	-2.248805e+01
1.770615e+02	-2.253587e+01
1.780842e+02	-2.258637e+01
1.791128e+02	-2.263740e+01
1.801473e+02	-2.268632e+01
1.811878e+02	-2.273701e+01
1.822344e+02	-2.278631e+01
1.832870e+02	-2.283529e+01
1.843456e+02	-2.288499e+01
1.854104e+02	-2.293497e+01
1.864813e+02	-2.298549e+01
1.875584e+02	-2.303486e+01
1.886418e+02	-2.308578e+01
1.897313e+02	-2.313607e+01
1.908272e+02	-2.318418e+01
1.919294e+02	-2.323425e+01
1.930380e+02	-2.328509e+01
1.941530e+02	-2.333475e+01
1.952744e+02	-2.338233e+01
1.964023e+02	-2.343086e+01
1.975367e+02	-2.348240e+01
1.986777e+02	-2.353230e+01
1.998252e+02	-2.358286e+01
2.009794e+02	-2.363297e+01
2.021403e+02	-2.368181e+01
2.033078e+02	-2.373236e+01
2.044821e+02	-2.378274e+01
2.056632e+02	-2.383117e+01
2.068511e+02	-2.387963e+01
2.080459e+02	-2.393228e+01
2.092475e+02	-2.398228e+01
2.104561e+02	-2.403210e+01
2.116717e+02	-2.408217e+01
2.128943e+02	-2.412987e+01
2.141240e+02	-2.418076e+01
2.153608e+02	-2.423003e+01
2.166047e+02	-2.427979e+01
2.178558e+02	-2.433171e+01
2.191141e+02	-2.438045e+01
2.203797e+02	-2.443200e+01
2.216526e+02	-2.447947e+01
2.229329e+02	-2.452986e+01
2.242205e+02	-2.458027e+01
2.255156e+02	-2.463112e+01
2.268182e+02	-2.467975e+01
2.281283e+02	-2.473220e+01
2.294459e+02	-2.478156e+01
2.307712e+02	-2.482949e+01
2.321041e+02	-2.487884e+01
2.334447e+02	-2.493037e+01
2.347931e+02	-2.497777e+01
2.361493e+02	-2.502977e+01
2.375133e+02	-2.507756e+01
2.388851e+02	-2.512861e+01
2.402649e+02	-2.517975e+01
2.416527e+02	-2.522602e+01
2.430484e+02	-2.527859e+01
2.444523e+02	-2.532794e+01
2.458642e+02	-2.537880e+01
2.472843e+02	-2.543013e+01
2.487126e+02	-2.547893e+01
2.501492e+02	-2.552663e+01
2.515940e+02	-2.557650e+01
2.530472e+02	-2.562643e+01
2.545088e+02	-2.567737e+01
2.559789e+02	-2.572798e+01
2.574574e+02	-2.577528e+01
2.589444e+02	-2.582839e+01
2.604401e+02	-2.587945e+01
2.619444e+02	-2.592912e+01
2.634574e+02	-2.598003e+01
2.649791e+02	-2.602613e+01
2.665096e+02	-2.607580e+01
2.680489e+02	-2.613134e+01
2.695972e+02	-2.617971e+01
2.711544e+02	-2.622852e+01
2.727205e+02	-2.627706e+01
2.742958e+02	-2.632873e+01
2.758801e+02	-2.637585e+01
2.774736e+02	-2.643031e+01
2.790762e+02	-2.647731e+01
2.806882e+02	-2.652416e+01
2.823094e+02	-2.657567e+01
2.839400e+02	-2.662771e+01
2.855800e+02	-2.667913e+01
2.872295e+02	-2.672897e+01
2.888886e+02	-2.677681e+01
2.905572e+02	-2.682577e+01
2.922354e+02	-2.687571e+01
2.939234e+02	-2.692784e+01
2.956211e+02	-2.697462e+01
2.973286e+02	-2.702292e+01
2.990459e+02	-2.707932e+01
3.007732e+02	-2.712817e+01
3.025104e+02	-2.717551e+01
3.042577e+02	-2.722685e+01
3.060151e+02	-2.727679e+01
3.077826e+02	-2.732858e+01
3.095604e+02	-2.737593e+01
3.113484e+02	-2.743071e+01
3.131467e+02	-2.747663e+01
3.149554e+02	-2.752925e+01
3.167746e+02	-2.757734e+01
3.186043e+02	-2.762778e+01
3.204445e+02	-2.767806e+01
3.222954e+02	-2.772588e+01
3.241570e+02	-2.777890e+01
3.260293e+02	-2.782426e+01
3.279124e+02	-2.787793e+01
3.298064e+02	-2.792459e+01
3.317114e+02	-2.797487e+01
3.336273e+02	-2.802753e+01
3.355544e+02	-2.807467e+01
3.374925e+02	-2.813169e+01
3.394418e+02	-2.817890e+01
3.414024e+02	-2.822554e+01
3.433744e+02	-2.827805e+01
3.453577e+02	-2.832662e+01
3.473525e+02	-2.837652e+01
3.493588e+02	-2.843157e+01
3.513766e+02	-2.847644e+01
3.534062e+02	-2.852863e+01
3.554474e+02	-2.858206e+01
3.575005e+02	-2.862991e+01
3.595654e+02	-2.867740e+01
3.616422e+02	-2.872981e+01
3.637311e+02	-2.877899e+01
3.658320e+02	-2.882707e+01
3.679450e+02	-2.887663e+01
3.700702e+02	-2.893083e+01
3.722077e+02	-2.897919e+01
3.743576e+02	-2.902741e+01
3.765199e+02	-2.908086e+01
3.786946e+02	-2.912632e+01
3.808820e+02	-2.918231e+01
3.830819e+02	-2.923127e+01
3.852946e+02	-2.927756e+01
3.875200e+02	-2.932919e+01
3.897583e+02	-2.937782e+01
3.920096e+02	-2.942899e+01
3.942738e+02	-2.948159e+01
3.965511e+02	-2.952911e+01
3.988416e+02	-2.957891e+01
4.011452e+02	-2.962873e+01
4.034622e+02	-2.967831e+01
4.057926e+02	-2.972816e+01
4.081365e+02	-2.978418e+01
4.104938e+02	-2.982359e+01
4.128648e+02	-2.988171e+01
4.152495e+02	-2.993003e+01
4.176480e+02	-2.997913e+01
4.200603e+02	-3.003413e+01
4.224866e+02	-3.007641e+01
4.249268e+02	-3.013406e+01
4.273812e+02	-3.017821e+01
4.298497e+02	-3.022644e+01
4.323325e+02	-3.028384e+01
4.348297e+02	-3.033088e+01
4.373412e+02	-3.038716e+01
4.398673e+02	-3.043593e+01
4.424079e+02	-3.048304e+01
4.449633e+02	-3.053058e+01
4.475334e+02	-3.058515e+01
4.501183e+02	-3.063301e+01
4.527182e+02	-3.068385e+01
4.553330e+02	-3.073901e+01
4.579630e+02	-3.078189e+01
4.606082e+02	-3.082943e+01
4.632687e+02	-3.088342e+01
4.659445e+02	-3.092678e+01
4.686358e+02	-3.097972e+01
4.713426e+02	-3.103056e+01
4.740650e+02	-3.108509e+01
4.768032e+02	-3.113602e+01
4.795572e+02	-3.117970e+01
4.823271e+02	-3.123148e+01
4.851130e+02	-3.128315e+01
4.879150e+02	-3.133503e+01
4.907332e+02	-3.138584e+01
4.935676e+02	-3.143552e+01
4.964185e+02	-3.148189e+01
4.992858e+02	-3.154358e+01
5.021696e+02	-3.158807e+01
5.050701e+02	-3.163808e+01
5.079874e+02	-3.168876e+01
5.109215e+02	-3.174028e+01
5.138726e+02	-3.178555e+01
5.168407e+02	-3.183938e+01
5.198259e+02	-3.188663e+01
5.228284e+02	-3.193878e+01
5.258482e+02	-3.198317e+01
5.288855e+02	-3.203546e+01
5.319403e+02	-3.208911e+01
5.350128e+02	-3.213564e+01
5.381030e+02	-3.218465e+01
5.412111e+02	-3.223702e+01
5.443371e+02	-3.228509e+01
5.474812e+02	-3.233979e+01
5.506434e+02	-3.238657e+01
5.538239e+02	-3.244717e+01
5.570228e+02	-3.248711e+01
5.602401e+02	-3.254070e+01
5.634760e+02	-3.259007e+01
5.667306e+02	-3.263895e+01
5.700040e+02	-3.269350e+01
5.732964e+02	-3.274476e+01
5.766077e+02	-3.279010e+01
5.799382e+02	-3.284570e+01
5.832879e+02	-3.289193e+01
5.866569e+02	-3.294225e+01
5.900454e+02	-3.299153e+01
5.934535e+02	-3.304111e+01
5.968813e+02	-3.309606e+01
6.003288e+02	-3.314338e+01
6.037963e+02	-3.319654e+01
6.072838e+02	-3.325469e+01
6.107914e+02	-3.329064e+01
6.143194e+02	-3.334581e+01
6.178676e+02	-3.339313e+01
6.214364e+02	-3.345243e+01
6.250258e+02	-3.349447e+01
6.286359e+02	-3.354447e+01
6.322669e+02	-3.360078e+01
6.359189e+02	-3.364123e+01
6.395919e+02	-3.369351e+01
6.432862e+02	-3.374459e+01
6.470017e+02	-3.379411e+01
6.507388e+02	-3.384344e+01
6.544974e+02	-3.389050e+01
6.582778e+02	-3.395209e+01
6.620800e+02	-3.399675e+01
6.659041e+02	-3.405116e+01
6.697504e+02	-3.410100e+01
6.736188e+02	-3.415219e+01
6.775096e+02	-3.420307e+01
6.814229e+02	-3.425409e+01
6.853587e+02	-3.428979e+01
6.893173e+02	-3.435331e+01
6.932988e+02	-3.440191e+01
6.973033e+02	-3.445090e+01
7.013309e+02	-3.450376e+01
7.053817e+02	-3.454640e+01
7.094560e+02	-3.461075e+01
7.135538e+02	-3.465582e+01
7.176752e+02	-3.470507e+01
7.218205e+02	-3.475702e+01
7.259897e+02	-3.480251e+01
7.301830e+02	-3.485610e+01
7.344005e+02	-3.490674e+01
7.386424e+02	-3.495221e+01
7.429087e+02	-3.500754e+01
7.471998e+02	-3.505507e+01
7.515155e+02	-3.510508e+01
7.558563e+02	-3.515055e+01
7.602221e+02	-3.520396e+01
7.646131e+02	-3.525631e+01
7.690295e+02	-3.530833e+01
7.734713e+02	-3.535203e+01
7.779389e+02	-3.541107e+01
7.824322e+02	-3.546334e+01
7.869515e+02	-3.550958e+01
7.914969e+02	-3.555703e+01
7.960686e+02	-3.561042e+01
8.006666e+02	-3.566529e+01
8.052912e+02	-3.570254e+01
8.099426e+02	-3.576361e+01
8.146208e+02	-3.581484e+01
8.193260e+02	-3.586954e+01
8.240584e+02	-3.591504e+01
8.288181e+02	-3.597001e+01
8.336053e+02	-3.601312e+01
8.384202e+02	-3.606923e+01
8.432629e+02	-3.611668e+01
8.481335e+02	-3.617675e+01
8.530323e+02	-3.621587e+01
8.579594e+02	-3.627554e+01
8.629149e+02	-3.631592e+01
8.678991e+02	-3.636749e+01
8.729120e+02	-3.640928e+01
8.779539e+02	-3.648077e+01
8.830250e+02	-3.652857e+01
8.881253e+02	-3.657314e+01
8.932551e+02	-3.661527e+01
8.984145e+02	-3.667636e+01
9.036037e+02	-3.672240e+01
9.088229e+02	-3.677284e+01
9.140722e+02	-3.682416e+01
9.193518e+02	-3.687655e+01
9.246620e+02	-3.692832e+01
9.300028e+02	-3.698637e+01
9.353744e+02	-3.703434e+01
9.407771e+02	-3.708339e+01
9.462110e+02	-3.713077e+01
9.516763e+02	-3.717871e+01
9.571731e+02	-3.722660e+01
9.627017e+02	-3.727831e+01
9.682622e+02	-3.733642e+01
9.738549e+02	-3.737933e+01
9.794798e+02	-3.743597e+01
9.851373e+02	-3.749420e+01
9.908274e+02	-3.752978e+01
9.965504e+02	-3.758775e+01
1.002306e+03	-3.763443e+01
1.008096e+03	-3.768853e+01
1.013918e+03	-3.774055e+01
1.019775e+03	-3.779535e+01
1.025665e+03	-3.783705e+01
1.031589e+03	-3.789264e+01
1.037548e+03	-3.794940e+01
1.043540e+03	-3.799846e+01
1.049568e+03	-3.804480e+01
1.055630e+03	-3.809977e+01
1.061727e+03	-3.815269e+01
1.067860e+03	-3.820851e+01
1.074028e+03	-3.824229e+01
1.080231e+03	-3.831535e+01
1.086471e+03	-3.834116e+01
1.092746e+03	-3.840916e+01
1.099058e+03	-3.846451e+01
1.105406e+03	-3.849865e+01
1.111791e+03	-3.855248e+01
1.118212e+03	-3.860343e+01
1.124671e+03	-3.864608e+01
1.131167e+03	-3.870671e+01
1.137701e+03	-3.875342e+01
1.144272e+03	-3.881539e+01
1.150881e+03	-3.886932e+01
1.157529e+03	-3.892608e+01
1.164215e+03	-3.895131e+01
1.170939e+03	-3.901670e+01
1.177702e+03	-3.905209e+01
1.184505e+03	-3.911270e+01
1.191346e+03	-3.916380e+01
1.198227e+03	-3.922256e+01
1.205148e+03	-3.926737e+01
1.212109e+03	-3.933094e+01
1.219110e+03	-3.936795e+01
1.226152e+03	-3.940560e+01
1.233234e+03	-3.945346e+01
1.240357e+03	-3.953449e+01
1.247521e+03	-3.957497e+01
1.254727e+03	-3.962232e+01
1.261974e+03	-3.967868e+01
1.269263e+03	-3.971642e+01
1.276595e+03	-3.978255e+01
1.283968e+03	-3.983504e+01
1.291384e+03	-3.988098e+01
1.298843e+03	-3.993422e+01
1.306345e+03	-3.998728e+01
1.313891e+03	-4.003931e+01
1.321480e+03	-4.008548e+01
1.329113e+03	-4.014086e+01
1.336790e+03	-4.020719e+01
1.344511e+03	-4.024284e+01
1.352277e+03	-4.029867e+01
1.360087e+03	-4.034014e+01
1.367943e+03	-4.039001e+01
1.375844e+03	-4.045906e+01
1.383791e+03	-4.051768e+01
1.391784e+03	-4.054572e+01
1.399823e+03	-4.059990e+01
1.407908e+03	-4.065443e+01
1.416040e+03	-4.070522e+01
1.424219e+03	-4.076667e+01
1.432445e+03	-4.082617e+01
1.440719e+03	-4.085565e+01
1.449041e+03	-4.091601e+01
1.457410e+03	-4.095663e+01
1.465828e+03	-4.101510e+01
1.474295e+03	-4.105735e+01
1.482810e+03	-4.112651e+01
1.491375e+03	-4.117027e+01
1.499989e+03	-4.121522e+01
1.508653e+03	-4.127443e+01
1.517367e+03	-4.130974e+01
1.526131e+03	-4.138475e+01
1.534946e+03	-4.142717e+01
1.543812e+03	-4.149850e+01
1.552729e+03	-4.153384e+01
1.561697e+03	-4.159925e+01
1.570717e+03	-4.163599e+01
1.579790e+03	-4.168588e+01
1.588915e+03	-4.175043e+01
1.598092e+03	-4.180472e+01
1.607323e+03	-4.185211e+01
1.616606e+03	-4.189983e+01
1.625944e+03	-4.196950e+01
1.635335e+03	-4.198928e+01
1.644781e+03	-4.207904e+01
1.654281e+03	-4.212625e+01
1.663836e+03	-4.217750e+01
1.673446e+03	-4.223677e+01
1.683112e+03	-4.227007e+01
1.692834e+03	-4.231559e+01
1.702611e+03	-4.237879e+01
1.712446e+03	-4.242270e+01
1.722337e+03	-4.247946e+01
1.732285e+03	-4.251799e+01
1.742290e+03	-4.259553e+01
1.752354e+03	-4.264413e+01
1.762475e+03	-4.269484e+01
1.772655e+03	-4.274869e+01
1.782894e+03	-4.279103e+01
1.793192e+03	-4.286073e+01
1.803549e+03	-4.289266e+01
1.813967e+03	-4.294533e+01
1.824444e+03	-4.298464e+01
1.834982e+03	-4.304843e+01
1.845581e+03	-4.313656e+01
1.856241e+03	-4.316642e+01
1.866962e+03	-4.321794e+01
1.877746e+03	-4.324669e+01
1.888592e+03	-4.332061e+01
1.899500e+03	-4.337383e+01
1.910472e+03	-4.340592e+01
1.921506e+03	-4.346758e+01
1.932605e+03	-4.351411e+01
1.943768e+03	-4.357294e+01
1.954995e+03	-4.363890e+01
1.966287e+03	-4.370779e+01
1.977644e+03	-4.375393e+01
1.989067e+03	-4.378729e+01
2.000555e+03	-4.383028e+01
2.012110e+03	-4.390661e+01
2.023732e+03	-4.395443e+01
2.035421e+03	-4.402401e+01
2.047178e+03	-4.406642e+01
2.059002e+03	-4.410474e+01
2.070895e+03	-4.418531e+01
2.082856e+03	-4.423199e+01
2.094887e+03	-4.426673e+01
2.106987e+03	-4.430990e+01
2.119157e+03	-4.439579e+01
2.131397e+03	-4.443304e+01
2.143708e+03	-4.447844e+01
2.156090e+03	-4.454828e+01
2.168543e+03	-4.460743e+01
2.181069e+03	-4.464382e+01
2.193666e+03	-4.472306e+01
2.206337e+03	-4.474533e+01
2.219081e+03	-4.481459e+01
2.231898e+03	-4.485643e+01
2.244789e+03	-4.491479e+01
2.257755e+03	-4.496593e+01
2.270796e+03	-4.504086e+01
2.283912e+03	-4.508668e+01
2.297104e+03	-4.512051e+01
2.310372e+03	-4.521124e+01
2.323716e+03	-4.523899e+01
2.337138e+03	-4.530868e+01
2.350637e+03	-4.537034e+01
2.364214e+03	-4.542206e+01
2.377870e+03	-4.548102e+01
2.391604e+03	-4.552192e+01
2.405418e+03	-4.558593e+01
2.419312e+03	-4.564980e+01
2.433286e+03	-4.569539e+01
2.447340e+03	-4.571539e+01
2.461476e+03	-4.580843e+01
2.475693e+03	-4.587793e+01
2.489993e+03	-4.591286e+01
2.504375e+03	-4.596633e+01
2.518840e+03	-4.600368e+01
2.533389e+03	-4.607779e+01
2.548022e+03	-4.611679e+01
2.562739e+03	-4.619709e+01
2.577541e+03	-4.622986e+01
2.592429e+03	-4.630267e+01
2.607403e+03	-4.637382e+01
2.622463e+03	-4.640125e+01
2.637610e+03	-4.645494e+01
2.652845e+03	-4.649639e+01
2.668168e+03	-4.655016e+01
2.683579e+03	-4.662258e+01
2.699079e+03	-4.669105e+01
2.714669e+03	-4.673843e+01
2.730349e+03	-4.679668e+01
2.746119e+03	-4.685241e+01
2.761981e+03	-4.694374e+01
2.777934e+03	-4.693111e+01
2.793979e+03	-4.702650e+01
2.810117e+03	-4.708571e+01
2.826348e+03	-4.714581e+01
2.842673e+03	-4.720138e+01
2.859092e+03	-4.726206e+01
2.875606e+03	-4.731465e+01
2.892215e+03	-4.738767e+01
2.908921e+03	-4.743529e+01
2.925722e+03	-4.746836e+01
2.942621e+03	-4.753509e+01
2.959618e+03	-4.759724e+01
2.976712e+03	-4.766174e+01
2.993906e+03	-4.767922e+01
3.011198e+03	-4.775932e+01
3.028591e+03	-4.780714e+01
3.046084e+03	-4.787711e+01
3.063678e+03	-4.795849e+01
3.081374e+03	-4.796113e+01
3.099172e+03	-4.809626e+01
3.117072e+03	-4.812275e+01
3.135076e+03	-4.817490e+01
3.153184e+03	-4.822368e+01
3.171397e+03	-4.825533e+01
3.189715e+03	-4.833537e+01
3.208139e+03	-4.835889e+01
3.226669e+03	-4.849334e+01
3.245306e+03	-4.852554e+01
3.264051e+03	-4.859227e+01
3.282904e+03	-4.865373e+01
3.301866e+03	-4.869656e+01
3.320937e+03	-4.875807e+01
3.340119e+03	-4.878236e+01
3.359411e+03	-4.886631e+01
3.378815e+03	-4.894800e+01
3.398331e+03	-4.897182e+01
3.417959e+03	-4.905649e+01
3.437701e+03	-4.910192e+01
3.457557e+03	-4.916328e+01
3.477528e+03	-4.922994e+01
3.497614e+03	-4.929905e+01
3.517816e+03	-4.935731e+01
3.538135e+03	-4.940729e+01
3.558571e+03	-4.950876e+01
3.579125e+03	-4.955227e+01
3.599798e+03	-4.964049e+01
3.620590e+03	-4.968251e+01
3.641503e+03	-4.979593e+01
3.662536e+03	-4.976120e+01
3.683691e+03	-4.985852e+01
3.704967e+03	-4.993026e+01
3.726367e+03	-4.997626e+01
3.747890e+03	-5.001956e+01
3.769538e+03	-5.008100e+01
3.791311e+03	-5.019195e+01
3.813209e+03	-5.025158e+01
3.835234e+03	-5.030470e+01
3.857386e+03	-5.033668e+01
3.879667e+03	-5.038104e+01
3.902075e+03	-5.044702e+01
3.924614e+03	-5.051049e+01
3.947282e+03	-5.056623e+01
3.970081e+03	-5.066720e+01
3.993012e+03	-5.072820e+01
4.016076e+03	-5.082810e+01
4.039272e+03	-5.082563e+01
4.062603e+03	-5.088564e+01
4.086069e+03	-5.101773e+01
4.109670e+03	-5.102503e+01
4.133407e+03	-5.110874e+01
4.157281e+03	-5.123807e+01
4.181294e+03	-5.125994e+01
4.205445e+03	-5.127431e+01
4.229735e+03	-5.135068e+01
4.254166e+03	-5.150061e+01
4.278738e+03	-5.141255e+01
4.303451e+03	-5.155645e+01
4.328308e+03	-5.163428e+01
4.353308e+03	-5.171758e+01
4.378453e+03	-5.172245e+01
4.403742e+03	-5.185266e+01
4.429178e+03	-5.187253e+01
4.454761e+03	-5.199873e+01
4.480492e+03	-5.203848e+01
4.506371e+03	-5.210787e+01
4.532399e+03	-5.221255e+01
4.558578e+03	-5.229699e+01
4.584908e+03	-5.228114e+01
4.611391e+03	-5.242210e+01
4.638026e+03	-5.243989e+01
4.664815e+03	-5.254762e+01
4.691759e+03	-5.262675e+01
4.718858e+03	-5.269195e+01
4.746114e+03	-5.269449e+01
4.773527e+03	-5.290428e+01
4.801099e+03	-5.293817e+01
4.828830e+03	-5.303654e+01
4.856721e+03	-5.302365e+01
4.884773e+03	-5.306434e+01
4.912988e+03	-5.315752e+01
4.941365e+03	-5.330110e+01
4.969906e+03	-5.333246e+01
4.998612e+03	-5.336556e+01
5.027484e+03	-5.343237e+01
5.056522e+03	-5.355733e+01
5.085729e+03	-5.362907e+01
5.115104e+03	-5.367668e+01
5.144648e+03	-5.370329e+01
5.174363e+03	-5.383146e+01
5.204250e+03	-5.389887e+01
5.234310e+03	-5.400517e+01
5.264543e+03	-5.398124e+01
5.294951e+03	-5.412677e+01
5.325534e+03	-5.421788e+01
5.356294e+03	-5.433523e+01
5.387232e+03	-5.433068e+01
5.418348e+03	-5.439146e+01
5.449645e+03	-5.449998e+01
5.481122e+03	-5.466608e+01
5.512780e+03	-5.458233e+01
5.544622e+03	-5.472479e+01
5.576647e+03	-5.486662e+01
5.608858e+03	-5.489910e+01
5.641254e+03	-5.508289e+01
5.673838e+03	-5.512938e+01
5.706610e+03	-5.514723e+01
5.739571e+03	-5.538999e+01
5.772723e+03	-5.527978e+01
5.806066e+03	-5.546305e+01
5.839601e+03	-5.549448e+01
5.873331e+03	-5.562394e+01
5.907255e+03	-5.570258e+01
5.941375e+03	-5.578389e+01
5.975692e+03	-5.596796e+01
6.010207e+03	-5.583197e+01
6.044922e+03	-5.605776e+01
6.079837e+03	-5.608187e+01
6.114954e+03	-5.613213e+01
6.150274e+03	-5.631719e+01
6.185797e+03	-5.629798e+01
6.221526e+03	-5.642120e+01
6.257462e+03	-5.655339e+01
6.293605e+03	-5.671268e+01
6.329956e+03	-5.677370e+01
6.366518e+03	-5.680449e+01
6.403290e+03	-5.695869e+01
6.440276e+03	-5.700298e+01
6.477474e+03	-5.710520e+01
6.514888e+03	-5.713726e+01
6.552518e+03	-5.735436e+01
6.590365e+03	-5.746048e+01
6.628430e+03	-5.751947e+01
6.666716e+03	-5.761094e+01
6.705223e+03	-5.763987e+01
6.743952e+03	-5.771534e+01
6.782905e+03	-5.794186e+01
6.822082e+03	-5.775853e+01
6.861486e+03	-5.807982e+01
6.901118e+03	-5.810317e+01
6.940979e+03	-5.831698e+01
6.981069e+03	-5.848172e+01
7.021392e+03	-5.856621e+01
7.061947e+03	-5.859694e+01
7.102737e+03	-5.877120e+01
7.143762e+03	-5.889916e+01
7.185024e+03	-5.888514e+01
7.226524e+03	-5.901686e+01
7.268264e+03	-5.914070e+01
7.310246e+03	-5.931682e+01
7.352469e+03	-5.941689e+01
7.394937e+03	-5.947381e+01
7.437650e+03	-5.956878e+01
7.480609e+03	-5.968873e+01
7.523817e+03	-5.982647e+01
7.567274e+03	-5.999710e+01
7.610982e+03	-6.000462e+01
7.654943e+03	-6.022886e+01
7.699158e+03	-6.037958e+01
7.743628e+03	-6.040989e+01
7.788355e+03	-6.071454e+01
7.833340e+03	-6.050974e+01
7.878585e+03	-6.065676e+01
7.924091e+03	-6.081904e+01
7.969861e+03	-6.102091e+01
8.015894e+03	-6.107928e+01
8.062194e+03	-6.104245e+01
8.108761e+03	-6.138843e+01
8.155596e+03	-6.155859e+01
8.202703e+03	-6.152917e+01
8.250081e+03	-6.175682e+01
8.297733e+03	-6.178783e+01
8.345661e+03	-6.204574e+01
8.393865e+03	-6.203843e+01
8.442348e+03	-6.223308e+01
8.491110e+03	-6.209971e+01
8.540155e+03	-6.221239e+01
8.589482e+03	-6.218827e+01
8.639095e+03	-6.230541e+01
8.688994e+03	-6.244735e+01
8.739181e+03	-6.215439e+01
8.789658e+03	-6.232263e+01
8.840427e+03	-6.250591e+01
8.891489e+03	-6.253877e+01
8.942846e+03	-6.263820e+01
8.994499e+03	-6.257843e+01
9.046451e+03	-6.229852e+01
9.098703e+03	-6.202991e+01
9.151257e+03	-6.191538e+01
9.204114e+03	-6.162113e+01
9.257277e+03	-6.126573e+01
9.310746e+03	-6.076200e+01
9.364525e+03	-6.017437e+01
9.418614e+03	-5.974926e+01
9.473015e+03	-5.965969e+01
9.527731e+03	-6.051851e+01
9.582763e+03	-6.189365e+01
9.638113e+03	-6.425810e+01
9.693782e+03	-6.686730e+01
9.749773e+03	-7.008387e+01
9.806087e+03	-7.278373e+01
9.862727e+03	-7.685493e+01
9.919693e+03	-8.043419e+01
9.976989e+03	-8.596010e+01
1.003462e+04	-9.122292e+01
1.009258e+04	-9.949489e+01
1.015087e+04	-9.529187e+01
1.020950e+04	-1.010991e+02
1.026847e+04	-9.798759e+01
1.032778e+04	-9.191663e+01
1.038743e+04	-1.028067e+02
1.044743e+04	-1.039583e+02
1.050777e+04	-9.123158e+01
1.056847e+04	-8.995104e+01
1.062951e+04	-8.930741e+01
1.069091e+04	-8.625961e+01
1.075266e+04	-8.736113e+01
1.081476e+04	-8.471370e+01
1.087723e+04	-8.493330e+01
1.094006e+04	-8.256540e+01
1.100324e+04	-8.089528e+01
1.106680e+04	-7.956382e+01
1.113072e+04	-8.043387e+01
1.119501e+04	-7.905022e+01
1.125967e+04	-7.789687e+01
1.132471e+04	-7.811242e+01
1.139012e+04	-7.680543e+01
1.145591e+04	-7.578887e+01
1.152208e+04	-7.605304e+01
1.158863e+04	-7.428025e+01
1.165556e+04	-7.460904e+01
1.172289e+04	-7.422535e+01
1.179060e+04	-7.365938e+01
1.185870e+04	-7.309585e+01
1.192719e+04	-7.271386e+01
1.199608e+04	-7.231344e+01
1.206537e+04	-7.128930e+01
1.213506e+04	-7.113568e+01
1.220515e+04	-7.067393e+01
1.227565e+04	-7.045231e+01
1.234655e+04	-7.022761e+01
1.241787e+04	-6.970562e+01
1.248959e+04	-6.904136e+01
1.256173e+04	-6.916432e+01
1.263429e+04	-6.895243e+01
1.270726e+04	-6.866187e+01
1.278066e+04	-6.842705e+01
1.285448e+04	-6.839088e+01
1.292873e+04	-6.778208e+01
1.300340e+04	-6.733421e+01
1.307851e+04	-6.713667e+01
1.315405e+04	-6.712988e+01
1.323003e+04	-6.673394e+01
1.330644e+04	-6.633312e+01
1.338330e+04	-6.627373e+01
1.346060e+04	-6.622015e+01
1.353835e+04	-6.597701e+01
1.361655e+04	-6.548447e+01
1.369520e+04	-6.522419e+01
1.377430e+04	-6.517450e+01
1.385386e+04	-6.500294e+01
1.393388e+04	-6.468052e+01
1.401436e+04	-6.447659e+01
1.409531e+04	-6.418867e+01
1.417672e+04	-6.400589e+01
1.425861e+04	-6.411760e+01
1.434096e+04	-6.372360e+01
1.442379e+04	-6.362890e+01
1.450711e+04	-6.324661e+01
1.459090e+04	-6.327946e+01
1.467518e+04	-6.285987e+01
1.475994e+04	-6.278189e+01
1.484519e+04	-6.264151e+01
1.493094e+04	-6.234175e+01
1.501718e+04	-6.225081e+01
1.510392e+04	-6.216162e+01
1.519116e+04	-6.200263e+01
1.527890e+04	-6.191834e+01
1.536715e+04	-6.182824e+01
1.545591e+04	-6.146092e+01
1.554518e+04	-6.147816e+01
1.563497e+04	-6.143343e+01
1.572528e+04	-6.113212e+01
1.581611e+04	-6.118789e+01
1.590746e+04	-6.091406e+01
1.599934e+04	-6.082082e+01
1.609175e+04	-6.056728e+01
1.618470e+04	-6.053941e+01
1.627818e+04	-6.021932e+01
1.637220e+04	-6.016345e+01
1.646677e+04	-6.017977e+01
1.656188e+04	-6.000503e+01
1.665754e+04	-5.974852e+01
1.675375e+04	-5.963127e+01
1.685052e+04	-5.953146e+01
1.694785e+04	-5.942771e+01
1.704574e+04	-5.932023e+01
1.714419e+04	-5.917830e+01
1.724322e+04	-5.899959e+01
1.734281e+04	-5.903227e+01
1.744299e+04	-5.888206e+01
1.754374e+04	-5.884826e+01
1.764507e+04	-5.869359e+01
1.774698e+04	-5.863774e+01
1.784949e+04	-5.847360e+01
1.795259e+04	-5.827371e+01
1.805628e+04	-5.828165e+01
1.816057e+04	-5.807556e+01
1.826547e+04	-5.808745e+01
1.837097e+04	-5.793783e+01
1.847708e+04	-5.793182e+01
1.858380e+04	-5.773338e+01
1.869114e+04	-5.766421e+01
1.879910e+04	-5.754947e+01
1.890768e+04	-5.747547e+01
1.901689e+04	-5.724948e+01
1.912673e+04	-5.717900e+01
1.923721e+04	-5.710337e+01
1.934832e+04	-5.699514e+01
1.946008e+04	-5.688914e+01
1.957248e+04	-5.685940e+01
1.968553e+04	-5.669708e+01
1.979923e+04	-5.652500e+01
1.991359e+04	-5.642448e+01
2.002861e+04	-5.657525e+01
2.014430e+04	-5.635220e+01
2.026065e+04	-5.630001e+01
2.037767e+04	-5.620315e+01
2.049537e+04	-5.619626e+01
2.061375e+04	-5.601902e+01
2.073282e+04	-5.579879e+01
2.085257e+04	-5.575440e+01
2.097301e+04	-5.575232e+01
2.109415e+04	-5.554657e+01
2.121599e+04	-5.557154e+01
2.133853e+04	-5.540360e+01
2.146178e+04	-5.529561e+01
2.158575e+04	-5.531166e+01
2.171043e+04	-5.519646e+01
2.183582e+04	-5.511717e+01
2.196195e+04	-5.509867e+01
2.208880e+04	-5.501565e+01
2.221638e+04	-5.482805e+01
2.234470e+04	-5.481703e+01
2.247377e+04	-5.475567e+01
2.260357e+04	-5.461525e+01
2.273413e+04	-5.451197e+01
2.286544e+04	-5.442848e+01
2.299751e+04	-5.432808e+01
2.313034e+04	-5.431546e+01
2.326394e+04	-5.418323e+01
2.339832e+04	-5.415211e+01
2.353346e+04	-5.411463e+01
2.366939e+04	-5.398503e+01
2.380610e+04	-5.393443e+01
2.394361e+04	-5.386635e+01
2.408191e+04	-5.375694e+01
2.422100e+04	-5.365487e+01
2.436090e+04	-5.360584e+01
2.450161e+04	-5.351403e+01
2.464313e+04	-5.344799e+01
2.478547e+04	-5.340432e+01
2.492863e+04	-5.331055e+01
2.507261e+04	-5.329507e+01
2.521743e+04	-5.317837e+01
2.536309e+04	-5.306725e+01
2.550958e+04	-5.299922e+01
2.565692e+04	-5.300037e+01
2.580512e+04	-5.292706e+01
2.595417e+04	-5.283929e+01
2.610408e+04	-5.266129e+01
2.625485e+04	-5.265381e+01
2.640650e+04	-5.259934e+01
2.655902e+04	-5.253235e+01
2.671243e+04	-5.243765e+01
2.686672e+04	-5.238485e+01
2.702190e+04	-5.237595e+01
2.717798e+04	-5.227058e+01
2.733495e+04	-5.215082e+01
2.749284e+04	-5.216566e+01
2.765164e+04	-5.206723e+01
2.781135e+04	-5.200511e+01
2.797199e+04	-5.187360e+01
2.813355e+04	-5.186905e+01
2.829605e+04	-5.175768e+01
2.845949e+04	-5.172062e+01
2.862387e+04	-5.166596e+01
2.878920e+04	-5.154354e+01
2.895549e+04	-5.149153e+01
2.912273e+04	-5.138133e+01
2.929094e+04	-5.135157e+01
2.946013e+04	-5.131853e+01
2.963029e+04	-5.120731e+01
2.980143e+04	-5.116424e+01
2.997356e+04	-5.112799e+01
3.014669e+04	-5.100921e+01
3.032081e+04	-5.090537e+01
3.049595e+04	-5.092003e+01
3.067209e+04	-5.083235e+01
3.084925e+04	-5.073239e+01
3.102743e+04	-5.070014e+01
3.120665e+04	-5.061793e+01
3.138690e+04	-5.061810e+01
3.156819e+04	-5.049271e+01
3.175052e+04	-5.042375e+01
3.193391e+04	-5.044751e+01
3.211836e+04	-5.033364e+01
3.230388e+04	-5.027799e+01
3.249046e+04	-5.019440e+01
3.267812e+04	-5.017964e+01
3.286687e+04	-5.010101e+01
3.305671e+04	-5.000426e+01
3.324764e+04	-4.992419e+01
3.343968e+04	-4.986793e+01
3.363283e+04	-4.982296e+01
3.382709e+04	-4.976792e+01
3.402247e+04	-4.966662e+01
3.421899e+04	-4.961883e+01
3.441663e+04	-4.957907e+01
3.461542e+04	-4.949807e+01
3.481536e+04	-4.943502e+01
3.501645e+04	-4.939938e+01
3.521871e+04	-4.934098e+01
3.542213e+04	-4.924129e+01
3.562672e+04	-4.922065e+01
3.583250e+04	-4.916877e+01
3.603947e+04	-4.909358e+01
3.624763e+04	-4.902757e+01
3.645700e+04	-4.895213e+01
3.666757e+04	-4.889642e+01
3.687936e+04	-4.885806e+01
3.709238e+04	-4.884615e+01
3.730662e+04	-4.874522e+01
3.752210e+04	-4.872931e+01
3.773883e+04	-4.861194e+01
3.795680e+04	-4.854662e+01
3.817604e+04	-4.849807e+01
3.839654e+04	-4.842774e+01
3.861832e+04	-4.839166e+01
3.884138e+04	-4.829428e+01
3.906573e+04	-4.825193e+01
3.929137e+04	-4.823711e+01
3.951831e+04	-4.813175e+01
3.974657e+04	-4.812128e+01
3.997614e+04	-4.803632e+01
4.020704e+04	-4.797056e+01
4.043928e+04	-4.786282e+01
4.067285e+04	-4.785069e+01
4.090778e+04	-4.783102e+01
4.114406e+04	-4.773090e+01
4.138171e+04	-4.770905e+01
4.162073e+04	-4.762784e+01
4.186113e+04	-4.758629e+01
4.210291e+04	-4.752324e+01
4.234610e+04	-4.745943e+01
4.259069e+04	-4.737622e+01
4.283669e+04	-4.730967e+01
4.308411e+04	-4.730540e+01
4.333297e+04	-4.722746e+01
4.358325e+04	-4.717214e+01
4.383499e+04	-4.717353e+01
4.408818e+04	-4.704230e+01
4.434283e+04	-4.699953e+01
4.459895e+04	-4.695089e+01
4.485655e+04	-4.687630e+01
4.511564e+04	-4.684407e+01
4.537623e+04	-4.678494e+01
4.563832e+04	-4.668720e+01
4.590193e+04	-4.667670e+01
4.616705e+04	-4.661925e+01
4.643371e+04	-4.654956e+01
4.670191e+04	-4.651727e+01
4.697166e+04	-4.642608e+01
4.724297e+04	-4.642278e+01
4.751584e+04	-4.631103e+01
4.779029e+04	-4.625557e+01
4.806633e+04	-4.620308e+01
4.834395e+04	-4.615060e+01
4.862319e+04	-4.610929e+01
4.890403e+04	-4.606479e+01
4.918650e+04	-4.599332e+01
4.947060e+04	-4.593680e+01
4.975634e+04	-4.587352e+01
5.004373e+04	-4.585783e+01
5.033278e+04	-4.577969e+01
5.062350e+04	-4.570606e+01
5.091590e+04	-4.565468e+01
5.120999e+04	-4.561563e+01
5.150578e+04	-4.557383e+01
5.180327e+04	-4.551148e+01
5.210248e+04	-4.544819e+01
5.240343e+04	-4.538863e+01
5.270611e+04	-4.533428e+01
5.301053e+04	-4.529582e+01
5.331672e+04	-4.522062e+01
5.362468e+04	-4.517621e+01
5.393441e+04	-4.510372e+01
5.424593e+04	-4.508565e+01
5.455926e+04	-4.497813e+01
5.487439e+04	-4.492700e+01
5.519134e+04	-4.490160e+01
5.551012e+04	-4.484273e+01
5.583075e+04	-4.481024e+01
5.615322e+04	-4.471958e+01
5.647756e+04	-4.467055e+01
5.680377e+04	-4.461242e+01
5.713187e+04	-4.456322e+01
5.746186e+04	-4.453883e+01
5.779376e+04	-4.446968e+01
5.812757e+04	-4.440954e+01
5.846332e+04	-4.434243e+01
5.880100e+04	-4.429909e+01
5.914063e+04	-4.427581e+01
5.948222e+04	-4.419783e+01
5.982579e+04	-4.415213e+01
6.017134e+04	-4.409164e+01
6.051889e+04	-4.403212e+01
6.086844e+04	-4.398314e+01
6.122002e+04	-4.393620e+01
6.157362e+04	-4.391843e+01
6.192927e+04	-4.381358e+01
6.228697e+04	-4.378774e+01
6.264674e+04	-4.371349e+01
6.300858e+04	-4.362994e+01
6.337252e+04	-4.361551e+01
6.373855e+04	-4.354439e+01
6.410670e+04	-4.351841e+01
6.447698e+04	-4.346322e+01
6.484940e+04	-4.338941e+01
6.522397e+04	-4.335300e+01
6.560070e+04	-4.331658e+01
6.597960e+04	-4.324607e+01
6.636070e+04	-4.319500e+01
6.674400e+04	-4.313572e+01
6.712951e+04	-4.308557e+01
6.751724e+04	-4.302508e+01
6.790722e+04	-4.295722e+01
6.829945e+04	-4.295490e+01
6.869395e+04	-4.288569e+01
6.909072e+04	-4.282806e+01
6.948978e+04	-4.276838e+01
6.989115e+04	-4.269707e+01
7.029484e+04	-4.266959e+01
7.070086e+04	-4.260668e+01
7.110923e+04	-4.256992e+01
7.151995e+04	-4.250091e+01
7.193305e+04	-4.247799e+01
7.234853e+04	-4.240360e+01
7.276641e+04	-4.235039e+01
7.318671e+04	-4.230936e+01
7.360943e+04	-4.226307e+01
7.403460e+04	-4.216773e+01
7.446222e+04	-4.213387e+01
7.489231e+04	-4.207610e+01
7.532488e+04	-4.204780e+01
7.575996e+04	-4.197870e+01
7.619754e+04	-4.192443e+01
7.663766e+04	-4.187394e+01
7.708031e+04	-4.183331e+01
7.752553e+04	-4.177270e+01
7.797331e+04	-4.171893e+01
7.842368e+04	-4.167397e+01
7.887665e+04	-4.162161e+01
7.933224e+04	-4.157490e+01
7.979046e+04	-4.151762e+01
8.025133e+04	-4.147057e+01
8.071486e+04	-4.141231e+01
8.118106e+04	-4.136546e+01
8.164996e+04	-4.129897e+01
8.212157e+04	-4.126394e+01
8.259590e+04	-4.123213e+01
8.307297e+04	-4.115164e+01
8.355279e+04	-4.109634e+01
8.403539e+04	-4.104130e+01
8.452078e+04	-4.100920e+01
8.500897e+04	-4.093613e+01
8.549997e+04	-4.090450e+01
8.599382e+04	-4.085798e+01
8.649052e+04	-4.078753e+01
8.699008e+04	-4.074263e+01
8.749253e+04	-4.067829e+01
8.799789e+04	-4.061050e+01
8.850616e+04	-4.059150e+01
8.901737e+04	-4.052399e+01
8.953153e+04	-4.048349e+01
9.004866e+04	-4.043504e+01
9.056877e+04	-4.037168e+01
9.109190e+04	-4.031128e+01
9.161804e+04	-4.027415e+01
9.214722e+04	-4.023877e+01
9.267946e+04	-4.018184e+01
9.321477e+04	-4.010468e+01
9.375318e+04	-4.007493e+01
9.429469e+04	-4.000770e+01
9.483933e+04	-3.996344e+01
9.538712e+04	-3.991639e+01
9.593807e+04	-3.987203e+01
9.649221e+04	-3.980322e+01
9.704954e+04	-3.977215e+01
9.761010e+04	-3.971454e+01
9.817389e+04	-3.966195e+01
9.874094e+04	-3.961038e+01
9.931126e+04	-3.956188e+01
9.988488e+04	-3.950407e+01
1.004618e+05	-3.944491e+01
1.010421e+05	-3.940651e+01
1.016257e+05	-3.934229e+01
1.022127e+05	-3.929988e+01
1.028031e+05	-3.924958e+01
1.033968e+05	-3.919464e+01
1.039941e+05	-3.913328e+01
1.045947e+05	-3.908988e+01
1.051989e+05	-3.904179e+01
1.058065e+05	-3.898691e+01
1.064176e+05	-3.895688e+01
1.070323e+05	-3.889627e+01
1.076505e+05	-3.883565e+01
1.082723e+05	-3.878919e+01
1.088977e+05	-3.874261e+01
1.095266e+05	-3.868556e+01
1.101593e+05	-3.862066e+01
1.107955e+05	-3.858313e+01
1.114355e+05	-3.853507e+01
1.120791e+05	-3.849185e+01
1.127265e+05	-3.843237e+01
1.133776e+05	-3.838419e+01
1.140325e+05	-3.833561e+01
1.146911e+05	-3.827802e+01
1.153536e+05	-3.821453e+01
1.160198e+05	-3.818130e+01
1.166900e+05	-3.813445e+01
1.173640e+05	-3.808215e+01
1.180419e+05	-3.801884e+01
1.187237e+05	-3.797165e+01
1.194094e+05	-3.792750e+01
1.200991e+05	-3.786928e+01
1.207928e+05	-3.781776e+01
1.214905e+05	-3.777716e+01
1.221922e+05	-3.772650e+01
1.228980e+05	-3.766983e+01
1.236078e+05	-3.760824e+01
1.243218e+05	-3.757023e+01
1.250399e+05	-3.751714e+01
1.257621e+05	-3.747876e+01
1.264885e+05	-3.741874e+01
1.272191e+05	-3.737144e+01
1.279539e+05	-3.730839e+01
1.286930e+05	-3.726814e+01
1.294363e+05	-3.722375e+01
1.301839e+05	-3.716233e+01
1.309358e+05	-3.711263e+01
1.316921e+05	-3.707302e+01
1.324528e+05	-3.702249e+01
1.332178e+05	-3.696541e+01
1.339873e+05	-3.691658e+01
1.347612e+05	-3.685867e+01
1.355395e+05	-3.680216e+01
1.363224e+05	-3.675692e+01
1.371098e+05	-3.670900e+01
1.379018e+05	-3.665264e+01
1.386983e+05	-3.660779e+01
1.394994e+05	-3.655611e+01
1.403051e+05	-3.651332e+01
1.411155e+05	-3.644944e+01
1.419306e+05	-3.640441e+01
1.427504e+05	-3.635478e+01
1.435749e+05	-3.630912e+01
1.444042e+05	-3.625362e+01
1.452383e+05	-3.620394e+01
1.460772e+05	-3.615048e+01
1.469209e+05	-3.610246e+01
1.477695e+05	-3.604885e+01
1.486230e+05	-3.600048e+01
1.494814e+05	-3.594325e+01
1.503448e+05	-3.590155e+01
1.512132e+05	-3.585776e+01
1.520866e+05	-3.580691e+01
1.529651e+05	-3.574768e+01
1.538486e+05	-3.569282e+01
1.547372e+05	-3.565379e+01
1.556310e+05	-3.559780e+01
1.565299e+05	-3.554372e+01
1.574340e+05	-3.549931e+01
1.583433e+05	-3.544093e+01
1.592579e+05	-3.538103e+01
1.601778e+05	-3.534433e+01
1.611030e+05	-3.528904e+01
1.620335e+05	-3.524481e+01
1.629694e+05	-3.519292e+01
1.639107e+05	-3.514082e+01
1.648574e+05	-3.508932e+01
1.658097e+05	-3.504037e+01
1.667674e+05	-3.499097e+01
1.677306e+05	-3.494139e+01
1.686994e+05	-3.488437e+01
1.696738e+05	-3.482884e+01
1.706538e+05	-3.479706e+01
1.716395e+05	-3.473759e+01
1.726309e+05	-3.468745e+01
1.736280e+05	-3.464130e+01
1.746309e+05	-3.459350e+01
1.756395e+05	-3.454325e+01
1.766540e+05	-3.448294e+01
1.776744e+05	-3.444087e+01
1.787006e+05	-3.438589e+01
1.797328e+05	-3.434515e+01
1.807709e+05	-3.428636e+01
1.818150e+05	-3.423804e+01
1.828652e+05	-3.419393e+01
1.839214e+05	-3.413522e+01
1.849837e+05	-3.408064e+01
1.860522e+05	-3.403037e+01
1.871268e+05	-3.398786e+01
1.882077e+05	-3.393612e+01
1.892948e+05	-3.388576e+01
1.903881e+05	-3.383496e+01
1.914878e+05	-3.378400e+01
1.925938e+05	-3.373135e+01
1.937062e+05	-3.368828e+01
1.948251e+05	-3.363309e+01
1.959504e+05	-3.358034e+01
1.970822e+05	-3.354259e+01
1.982205e+05	-3.347773e+01
1.993654e+05	-3.343542e+01
2.005169e+05	-3.338627e+01
2.016751e+05	-3.332583e+01
2.028400e+05	-3.328069e+01
2.040116e+05	-3.323401e+01
2.051899e+05	-3.318387e+01
2.063751e+05	-3.313072e+01
2.075671e+05	-3.308013e+01
2.087660e+05	-3.303154e+01
2.099719e+05	-3.298821e+01
2.111846e+05	-3.293133e+01
2.124044e+05	-3.287791e+01
2.136313e+05	-3.282657e+01
2.148652e+05	-3.277909e+01
2.161063e+05	-3.273402e+01
2.173545e+05	-3.267786e+01
2.186099e+05	-3.263842e+01
2.198726e+05	-3.258396e+01
2.211426e+05	-3.253087e+01
2.224199e+05	-3.248590e+01
2.237046e+05	-3.242964e+01
2.249967e+05	-3.237723e+01
2.262962e+05	-3.233429e+01
2.276033e+05	-3.227915e+01
2.289179e+05	-3.223475e+01
2.302402e+05	-3.217345e+01
2.315700e+05	-3.212166e+01
2.329076e+05	-3.207981e+01
2.342528e+05	-3.202951e+01
2.356059e+05	-3.197669e+01
2.369667e+05	-3.192751e+01
2.383354e+05	-3.188164e+01
2.397120e+05	-3.182746e+01
2.410966e+05	-3.178540e+01
2.424892e+05	-3.173585e+01
2.438898e+05	-3.168098e+01
2.452985e+05	-3.163052e+01
2.467153e+05	-3.158021e+01
2.481403e+05	-3.153069e+01
2.495736e+05	-3.147886e+01
2.510151e+05	-3.143325e+01
2.524650e+05	-3.137732e+01
2.539232e+05	-3.133073e+01
2.553898e+05	-3.127971e+01
2.568650e+05	-3.122905e+01
2.583486e+05	-3.117511e+01
2.598408e+05	-3.113101e+01
2.613416e+05	-3.107942e+01
2.628511e+05	-3.103889e+01
2.643694e+05	-3.098099e+01
2.658963e+05	-3.092764e+01
2.674321e+05	-3.087906e+01
2.689768e+05	-3.082562e+01
2.705304e+05	-3.077483e+01
2.720930e+05	-3.073166e+01
2.736646e+05	-3.068325e+01
2.752453e+05	-3.062283e+01
2.768351e+05	-3.058352e+01
2.784341e+05	-3.052991e+01
2.800423e+05	-3.047826e+01
2.816598e+05	-3.042726e+01
2.832867e+05	-3.037930e+01
2.849229e+05	-3.032818e+01
2.865686e+05	-3.028156e+01
2.882238e+05	-3.023123e+01
2.898886e+05	-3.017549e+01
2.915630e+05	-3.012640e+01
2.932470e+05	-3.008344e+01
2.949408e+05	-3.002945e+01
2.966444e+05	-2.997747e+01
2.983578e+05	-2.992484e+01
3.000811e+05	-2.987675e+01
3.018143e+05	-2.982833e+01
3.035576e+05	-2.978096e+01
3.053109e+05	-2.973283e+01
3.070744e+05	-2.968033e+01
3.088481e+05	-2.962748e+01
3.106320e+05	-2.958120e+01
3.124261e+05	-2.952984e+01
3.142307e+05	-2.947635e+01
3.160457e+05	-2.943454e+01
3.178712e+05	-2.938969e+01
3.197072e+05	-2.933382e+01
3.215538e+05	-2.928104e+01
3.234111e+05	-2.923023e+01
3.252791e+05	-2.918013e+01
3.271579e+05	-2.913075e+01
3.290475e+05	-2.908164e+01
3.309481e+05	-2.903462e+01
3.328596e+05	-2.898469e+01
3.347822e+05	-2.893594e+01
3.367159e+05	-2.888088e+01
3.386608e+05	-2.882936e+01
3.406169e+05	-2.878661e+01
3.425842e+05	-2.873615e+01
3.445630e+05	-2.868369e+01
3.465532e+05	-2.863156e+01
3.485549e+05	-2.858850e+01
3.505681e+05	-2.853276e+01
3.525930e+05	-2.848599e+01
3.546295e+05	-2.843395e+01
3.566778e+05	-2.838612e+01
3.587380e+05	-2.833723e+01
3.608101e+05	-2.828537e+01
3.628941e+05	-2.823640e+01
3.649901e+05	-2.818814e+01
3.670983e+05	-2.813738e+01
3.692187e+05	-2.808304e+01
3.713513e+05	-2.803644e+01
3.734962e+05	-2.798564e+01
3.756535e+05	-2.793659e+01
3.778232e+05	-2.788635e+01
3.800055e+05	-2.783805e+01
3.822004e+05	-2.778724e+01
3.844080e+05	-2.773692e+01
3.866283e+05	-2.768766e+01
3.888615e+05	-2.764096e+01
3.911075e+05	-2.758457e+01
3.933665e+05	-2.753493e+01
3.956386e+05	-2.748973e+01
3.979238e+05	-2.743843e+01
4.002222e+05	-2.738740e+01
4.025338e+05	-2.733943e+01
4.048589e+05	-2.728887e+01
4.071973e+05	-2.723784e+01
4.095493e+05	-2.719220e+01
4.119148e+05	-2.714218e+01
4.142940e+05	-2.708841e+01
4.166870e+05	-2.704219e+01
4.190937e+05	-2.699222e+01
4.215144e+05	-2.694726e+01
4.239490e+05	-2.689281e+01
4.263978e+05	-2.684442e+01
4.288606e+05	-2.679638e+01
4.313377e+05	-2.674395e+01
4.338291e+05	-2.669513e+01
4.363349e+05	-2.664575e+01
4.388551e+05	-2.659582e+01
4.413899e+05	-2.654556e+01
4.439394e+05	-2.649308e+01
4.465035e+05	-2.644612e+01
4.490825e+05	-2.639802e+01
4.516764e+05	-2.634828e+01
4.542853e+05	-2.629828e+01
4.569092e+05	-2.625057e+01
4.595483e+05	-2.619989e+01
4.622026e+05	-2.615173e+01
4.648723e+05	-2.609949e+01
4.675574e+05	-2.605059e+01
4.702580e+05	-2.599603e+01
4.729742e+05	-2.595076e+01
4.757060e+05	-2.590037e+01
4.784537e+05	-2.585276e+01
4.812172e+05	-2.580016e+01
4.839967e+05	-2.575195e+01
4.867923e+05	-2.570376e+01
4.896040e+05	-2.565510e+01
4.924319e+05	-2.560462e+01
4.952762e+05	-2.555385e+01
4.981369e+05	-2.550396e+01
5.010141e+05	-2.545340e+01
5.039079e+05	-2.540597e+01
5.068185e+05	-2.535631e+01
5.097458e+05	-2.530754e+01
5.126901e+05	-2.525963e+01
5.156514e+05	-2.521220e+01
5.186298e+05	-2.515920e+01
5.216253e+05	-2.511148e+01
5.246382e+05	-2.505827e+01
5.276685e+05	-2.501211e+01
5.307163e+05	-2.496054e+01
5.337817e+05	-2.491007e+01
5.368648e+05	-2.486280e+01
5.399657e+05	-2.481333e+01
5.430845e+05	-2.476269e+01
5.462214e+05	-2.471825e+01
5.493763e+05	-2.466301e+01
5.525495e+05	-2.461733e+01
5.557410e+05	-2.456378e+01
5.589509e+05	-2.451756e+01
5.621794e+05	-2.446732e+01
5.654265e+05	-2.442009e+01
5.686924e+05	-2.436699e+01
5.719772e+05	-2.432128e+01
5.752809e+05	-2.426851e+01
5.786037e+05	-2.421963e+01
5.819457e+05	-2.417054e+01
5.853070e+05	-2.412262e+01
5.886877e+05	-2.407289e+01
5.920879e+05	-2.402315e+01
5.955078e+05	-2.397654e+01
5.989474e+05	-2.392143e+01
6.024069e+05	-2.387450e+01
6.058864e+05	-2.382742e+01
6.093860e+05	-2.377951e+01
6.129058e+05	-2.372933e+01
6.164459e+05	-2.367852e+01
6.200064e+05	-2.362981e+01
6.235876e+05	-2.358130e+01
6.271894e+05	-2.353115e+01
6.308120e+05	-2.348216e+01
6.344555e+05	-2.343210e+01
6.381201e+05	-2.338227e+01
6.418059e+05	-2.333601e+01
6.455129e+05	-2.328350e+01
6.492414e+05	-2.323570e+01
6.529914e+05	-2.318806e+01
6.567630e+05	-2.313919e+01
6.605565e+05	-2.308846e+01
6.643718e+05	-2.303955e+01
6.682092e+05	-2.298916e+01
6.720688e+05	-2.294043e+01
6.759506e+05	-2.289535e+01
6.798549e+05	-2.284520e+01
6.837817e+05	-2.279436e+01
6.877312e+05	-2.274359e+01
6.917035e+05	-2.269876e+01
6.956987e+05	-2.264582e+01
6.997171e+05	-2.259891e+01
7.037586e+05	-2.254965e+01
7.078235e+05	-2.250067e+01
7.119118e+05	-2.245142e+01
7.160238e+05	-2.240446e+01
7.201595e+05	-2.235427e+01
7.243191e+05	-2.230327e+01
7.285028e+05	-2.225614e+01
7.327106e+05	-2.220593e+01
7.369427e+05	-2.215879e+01
7.411992e+05	-2.210939e+01
7.454804e+05	-2.205846e+01
7.497862e+05	-2.200991e+01
7.541170e+05	-2.196301e+01
7.584727e+05	-2.191455e+01
7.628536e+05	-2.186383e+01
7.672598e+05	-2.181546e+01
7.716915e+05	-2.176776e+01
7.761488e+05	-2.171840e+01
7.806318e+05	-2.166887e+01
7.851407e+05	-2.162070e+01
7.896756e+05	-2.157192e+01
7.942367e+05	-2.152364e+01
7.988242e+05	-2.147336e+01
8.034382e+05	-2.142576e+01
8.080788e+05	-2.137723e+01
8.127463e+05	-2.132919e+01
8.174406e+05	-2.127901e+01
8.221621e+05	-2.123342e+01
8.269109e+05	-2.118193e+01
8.316871e+05	-2.113448e+01
8.364909e+05	-2.108650e+01
8.413225e+05	-2.103608e+01
8.461819e+05	-2.098850e+01
8.510694e+05	-2.093853e+01
8.559852e+05	-2.089050e+01
8.609293e+05	-2.084281e+01
8.659020e+05	-2.079501e+01
8.709034e+05	-2.074640e+01
8.759337e+05	-2.069775e+01
8.809931e+05	-2.064952e+01
8.860816e+05	-2.059999e+01
8.911996e+05	-2.055046e+01
8.963471e+05	-2.050262e+01
9.015244e+05	-2.045518e+01
9.067316e+05	-2.040603e+01
9.119688e+05	-2.035686e+01
9.172363e+05	-2.030988e+01
9.225342e+05	-2.026159e+01
9.278628e+05	-2.021370e+01
9.332221e+05	-2.016499e+01
9.386123e+05	-2.011660e+01
9.440337e+05	-2.006695e+01
9.494864e+05	-2.002116e+01
9.549706e+05	-1.997405e+01
9.604865e+05	-1.992231e+01
9.660342e+05	-1.987774e+01
9.716140e+05	-1.982622e+01
9.772260e+05	-1.977930e+01
9.828704e+05	-1.973118e+01
9.885474e+05	-1.968399e+01
9.942572e+05	-1.963501e+01
1.000000e+06	-1.958727e+01
