Frequency(Hz)	Magnitude(dB)
1.000000e+01	-1.768706e-03
1.005776e+01	6.539352e-03
1.011585e+01	1.898758e-04
1.017428e+01	4.555182e-03
1.023305e+01	-1.733220e-02
1.029215e+01	-3.164497e-03
1.035160e+01	8.987459e-03
1.041139e+01	-3.489254e-03
1.047153e+01	1.890735e-02
1.053201e+01	-6.539517e-04
1.059284e+01	9.216979e-03
1.065403e+01	5.195900e-03
1.071556e+01	1.095938e-02
1.077746e+01	-7.843491e-03
1.083971e+01	-1.937584e-02
1.090232e+01	1.778942e-02
1.096529e+01	-6.235854e-03
1.102862e+01	-8.654867e-03
1.109232e+01	8.063058e-03
1.115639e+01	-2.655035e-03
1.122083e+01	2.536708e-02
1.128564e+01	-3.178550e-03
1.135083e+01	6.451622e-03
1.141639e+01	-1.647655e-04
1.148233e+01	1.073333e-02
1.154865e+01	-2.440270e-02
1.161536e+01	-5.415330e-03
1.168245e+01	3.427694e-03
1.174992e+01	-1.210196e-03
1.181779e+01	3.248287e-03
1.188605e+01	5.479041e-03
1.195470e+01	-7.695206e-03
1.202375e+01	2.689753e-03
1.209320e+01	-3.473531e-03
1.216305e+01	-3.979128e-03
1.223330e+01	-3.672653e-03
1.230396e+01	1.403807e-03
1.237503e+01	-2.018806e-02
1.244651e+01	-1.585245e-05
1.251840e+01	-4.957069e-04
1.259070e+01	1.599371e-03
1.266343e+01	-1.304126e-02
1.273657e+01	1.483123e-02
1.281014e+01	1.645791e-02
1.288413e+01	1.181299e-02
1.295855e+01	1.148849e-02
1.303339e+01	-3.459534e-03
1.310867e+01	2.854225e-04
1.318439e+01	-1.727326e-03
1.326054e+01	-1.179722e-02
1.333713e+01	9.735411e-03
1.341417e+01	-6.796357e-03
1.349165e+01	-2.684131e-02
1.356958e+01	7.546831e-03
1.364795e+01	4.423013e-03
1.372678e+01	6.719648e-03
1.380607e+01	-2.098361e-02
1.388581e+01	1.632142e-02
1.396602e+01	-7.245132e-03
1.404668e+01	1.319139e-02
1.412782e+01	1.103517e-02
1.420942e+01	-2.243179e-03
1.429149e+01	-5.753527e-03
1.437404e+01	1.060290e-03
1.445706e+01	-1.721566e-02
1.454057e+01	1.211294e-02
1.462455e+01	-7.952953e-03
1.470902e+01	-2.906638e-02
1.479398e+01	4.527345e-03
1.487943e+01	-2.143902e-03
1.496537e+01	2.089887e-02
1.505181e+01	1.822102e-02
1.513875e+01	1.847149e-02
1.522619e+01	1.788691e-03
1.531414e+01	1.235989e-02
1.540259e+01	1.454894e-02
1.549156e+01	-2.472262e-03
1.558103e+01	-2.633805e-02
1.567103e+01	-6.589363e-03
1.576155e+01	-1.293645e-02
1.585258e+01	-7.357111e-03
1.594415e+01	-2.320696e-02
1.603624e+01	-2.561498e-03
1.612886e+01	3.472385e-03
1.622202e+01	5.478639e-03
1.631572e+01	-6.434702e-03
1.640996e+01	-1.392181e-02
1.650474e+01	6.272419e-04
1.660008e+01	-3.513328e-03
1.669596e+01	2.156884e-02
1.679239e+01	-1.336559e-02
1.688938e+01	-7.034299e-03
1.698694e+01	6.385434e-03
1.708505e+01	-3.113855e-03
1.718373e+01	-8.895918e-03
1.728299e+01	5.765348e-03
1.738281e+01	1.781594e-03
1.748322e+01	3.190037e-03
1.758420e+01	5.213246e-03
1.768576e+01	-1.281259e-02
1.778792e+01	9.627227e-03
1.789066e+01	-1.164718e-02
1.799399e+01	-6.123340e-03
1.809793e+01	4.044025e-03
1.820246e+01	-6.529635e-03
1.830760e+01	4.849961e-04
1.841334e+01	9.613214e-03
1.851969e+01	-9.978451e-03
1.862666e+01	5.758358e-03
1.873425e+01	2.049246e-02
1.884246e+01	-4.662567e-03
1.895129e+01	5.172101e-04
1.906075e+01	7.508544e-03
1.917085e+01	-2.099001e-03
1.928158e+01	7.199335e-03
1.939295e+01	9.174054e-03
1.950496e+01	1.020311e-03
1.961762e+01	-3.187679e-03
1.973093e+01	-7.778572e-04
1.984490e+01	5.862285e-03
1.995952e+01	-1.133030e-02
2.007480e+01	-2.433463e-03
2.019076e+01	8.544118e-03
2.030738e+01	-1.917255e-02
2.042467e+01	-4.985277e-03
2.054264e+01	-7.805873e-03
2.066130e+01	-1.324328e-02
2.078064e+01	6.065024e-03
2.090066e+01	-6.978909e-03
2.102139e+01	-3.444284e-03
2.114280e+01	1.160183e-02
2.126492e+01	-9.525778e-03
2.138775e+01	1.343710e-03
2.151128e+01	-9.380120e-03
2.163553e+01	-1.536577e-02
2.176050e+01	3.257269e-03
2.188619e+01	-4.575165e-04
2.201260e+01	3.497322e-03
2.213974e+01	4.680653e-03
2.226762e+01	-7.843736e-03
2.239624e+01	2.037592e-03
2.252560e+01	1.183076e-02
2.265571e+01	1.839510e-02
2.278656e+01	-2.883431e-02
2.291818e+01	2.173230e-03
2.305055e+01	-2.206919e-03
2.318369e+01	1.901996e-03
2.331760e+01	5.570071e-03
2.345228e+01	1.177876e-02
2.358774e+01	-3.833688e-03
2.372398e+01	-9.454420e-03
2.386101e+01	1.432241e-02
2.399883e+01	1.198281e-02
2.413745e+01	-6.421472e-04
2.427686e+01	-1.420565e-02
2.441709e+01	-1.243386e-03
2.455812e+01	-4.246300e-03
2.469997e+01	4.662570e-03
2.484263e+01	5.015992e-03
2.498612e+01	8.672080e-03
2.513044e+01	1.546044e-04
2.527559e+01	2.109048e-03
2.542158e+01	1.427678e-02
2.556842e+01	-7.182905e-03
2.571610e+01	-1.936936e-02
2.586463e+01	-1.943025e-02
2.601403e+01	-2.021050e-02
2.616428e+01	-1.685995e-02
2.631541e+01	1.714881e-03
2.646740e+01	-1.112243e-02
2.662028e+01	6.988039e-03
2.677404e+01	-5.858021e-03
2.692868e+01	-7.822856e-03
2.708422e+01	-5.768480e-03
2.724066e+01	-9.519916e-03
2.739800e+01	9.646507e-04
2.755625e+01	-8.333314e-03
2.771541e+01	-9.387607e-03
2.787550e+01	1.171091e-02
2.803650e+01	6.343465e-03
2.819844e+01	8.998383e-03
2.836131e+01	1.093081e-02
2.852513e+01	2.800932e-03
2.868989e+01	7.470599e-03
2.885560e+01	6.358168e-03
2.902227e+01	-5.032894e-03
2.918990e+01	-1.556987e-02
2.935850e+01	-1.804529e-02
2.952807e+01	-1.902151e-02
2.969863e+01	1.377822e-03
2.987016e+01	2.619366e-02
3.004269e+01	-3.769907e-03
3.021622e+01	1.000022e-02
3.039075e+01	6.871613e-03
3.056628e+01	4.812128e-03
3.074283e+01	-4.338829e-03
3.092040e+01	-4.677282e-04
3.109900e+01	-7.180953e-03
3.127862e+01	-9.444433e-03
3.145929e+01	7.649002e-05
3.164099e+01	4.051054e-03
3.182375e+01	7.789865e-03
3.200756e+01	3.939023e-04
3.219244e+01	1.642761e-03
3.237838e+01	1.236412e-03
3.256540e+01	6.595154e-03
3.275349e+01	-1.678858e-04
3.294268e+01	1.714387e-02
3.313295e+01	-1.438567e-02
3.332433e+01	-5.023108e-03
3.351681e+01	-3.131589e-04
3.371040e+01	1.274916e-02
3.390511e+01	-4.413855e-03
3.410094e+01	-1.162469e-03
3.429791e+01	1.259569e-02
3.449601e+01	7.799534e-03
3.469526e+01	5.541925e-03
3.489566e+01	-6.477005e-03
3.509721e+01	-1.231125e-02
3.529993e+01	5.107146e-04
3.550382e+01	-1.437073e-02
3.570889e+01	-2.046415e-02
3.591515e+01	4.253530e-04
3.612259e+01	-2.321726e-02
3.633123e+01	6.363883e-05
3.654108e+01	7.125081e-03
3.675214e+01	8.892277e-04
3.696442e+01	6.278947e-03
3.717792e+01	3.873936e-03
3.739266e+01	9.218462e-03
3.760864e+01	-2.658834e-03
3.782587e+01	-3.145257e-03
3.804435e+01	9.470681e-03
3.826409e+01	7.832005e-03
3.848510e+01	-3.425563e-03
3.870739e+01	7.720772e-03
3.893096e+01	1.235976e-02
3.915583e+01	1.336584e-03
3.938199e+01	-3.306741e-03
3.960946e+01	-3.909602e-03
3.983824e+01	-4.466980e-03
4.006834e+01	-2.767418e-03
4.029978e+01	5.991965e-03
4.053255e+01	6.332570e-03
4.076666e+01	-1.080023e-02
4.100213e+01	8.268872e-04
4.123896e+01	-6.159655e-03
4.147715e+01	-4.187201e-03
4.171672e+01	-1.864525e-02
4.195767e+01	2.031820e-03
4.220002e+01	-2.310672e-03
4.244377e+01	-6.379255e-04
4.268892e+01	7.241399e-03
4.293549e+01	1.142698e-02
4.318348e+01	2.063576e-04
4.343291e+01	-1.988207e-03
4.368377e+01	-1.501464e-02
4.393609e+01	1.635976e-02
4.418986e+01	2.992476e-03
4.444510e+01	-1.723218e-03
4.470182e+01	-5.365179e-03
4.496001e+01	1.094116e-02
4.521970e+01	-1.114281e-02
4.548089e+01	9.484726e-03
4.574358e+01	-1.035440e-02
4.600779e+01	-3.946925e-03
4.627353e+01	-5.512377e-03
4.654081e+01	9.509065e-03
4.680963e+01	-9.259923e-03
4.708000e+01	-1.509613e-02
4.735193e+01	1.150922e-02
4.762543e+01	4.577522e-03
4.790051e+01	-1.892521e-02
4.817719e+01	-7.183333e-03
4.845545e+01	1.166893e-02
4.873533e+01	-3.360490e-04
4.901682e+01	-1.457523e-02
4.929994e+01	-8.536941e-04
4.958470e+01	-4.541250e-03
4.987110e+01	-8.289547e-03
5.015915e+01	-3.702251e-03
5.044887e+01	5.269240e-03
5.074026e+01	1.838000e-02
5.103333e+01	3.812024e-03
5.132810e+01	-3.379304e-03
5.162457e+01	-1.105725e-02
5.192275e+01	1.049698e-03
5.222265e+01	1.850572e-02
5.252429e+01	-3.100315e-02
5.282767e+01	-1.341703e-02
5.313280e+01	-7.936987e-03
5.343969e+01	8.577100e-03
5.374836e+01	4.957019e-03
5.405880e+01	-1.365466e-02
5.437105e+01	-4.537958e-03
5.468509e+01	-1.841147e-02
5.500095e+01	-1.202184e-02
5.531863e+01	5.259463e-03
5.563815e+01	-3.370370e-03
5.595951e+01	1.515774e-02
5.628273e+01	1.096875e-04
5.660782e+01	-5.397937e-03
5.693479e+01	5.327437e-03
5.726364e+01	-2.111259e-02
5.759439e+01	1.287481e-02
5.792705e+01	1.896125e-03
5.826164e+01	-6.841598e-03
5.859815e+01	-1.391025e-03
5.893662e+01	-1.813541e-02
5.927703e+01	-3.573309e-03
5.961941e+01	-1.756205e-03
5.996377e+01	-9.194343e-03
6.031012e+01	-1.196589e-03
6.065847e+01	-7.621659e-03
6.100883e+01	-5.221882e-03
6.136121e+01	7.040201e-03
6.171563e+01	-5.001720e-03
6.207210e+01	-1.074896e-02
6.243063e+01	-2.076872e-03
6.279122e+01	1.692823e-03
6.315390e+01	2.468127e-03
6.351868e+01	-1.659388e-02
6.388556e+01	-3.593858e-03
6.425456e+01	-5.250294e-03
6.462569e+01	-6.579574e-03
6.499897e+01	8.247536e-03
6.537440e+01	-3.640659e-03
6.575200e+01	4.506186e-03
6.613178e+01	-1.148186e-02
6.651375e+01	-1.113726e-02
6.689793e+01	3.610662e-03
6.728433e+01	-3.218129e-03
6.767297e+01	-5.950501e-03
6.806384e+01	2.307100e-02
6.845698e+01	1.986353e-02
6.885238e+01	-7.645489e-03
6.925007e+01	4.008623e-03
6.965005e+01	4.480526e-03
7.005235e+01	1.071082e-02
7.045697e+01	-3.902333e-03
7.086393e+01	5.505436e-03
7.127323e+01	3.193655e-03
7.168490e+01	-1.051559e-02
7.209895e+01	-4.519371e-03
7.251539e+01	5.398070e-04
7.293424e+01	8.558824e-03
7.335551e+01	2.671039e-03
7.377920e+01	2.863838e-03
7.420535e+01	-7.987469e-03
7.463396e+01	6.584316e-03
7.506504e+01	1.937375e-02
7.549861e+01	1.112379e-02
7.593469e+01	1.020064e-02
7.637328e+01	1.215859e-02
7.681441e+01	1.762280e-03
7.725809e+01	9.640377e-03
7.770433e+01	7.547621e-03
7.815315e+01	5.490708e-03
7.860456e+01	1.467882e-02
7.905857e+01	1.149042e-02
7.951521e+01	6.321060e-04
7.997449e+01	3.058082e-03
8.043642e+01	-2.681190e-02
8.090102e+01	1.530146e-02
8.136830e+01	5.111726e-03
8.183828e+01	5.352281e-03
8.231097e+01	-6.029101e-03
8.278640e+01	2.401998e-03
8.326457e+01	1.300617e-03
8.374550e+01	9.823744e-04
8.422921e+01	9.206795e-03
8.471572e+01	7.674640e-03
8.520503e+01	4.650986e-03
8.569717e+01	1.351813e-02
8.619215e+01	-1.022845e-02
8.669000e+01	-6.839968e-03
8.719071e+01	2.682429e-03
8.769432e+01	-1.140511e-02
8.820084e+01	-5.567020e-04
8.871029e+01	-7.043251e-03
8.922267e+01	-1.082231e-02
8.973802e+01	1.079485e-02
9.025634e+01	-7.318896e-03
9.077766e+01	9.591847e-03
9.130199e+01	-9.800617e-03
9.182935e+01	-1.322115e-02
9.235975e+01	-4.480425e-03
9.289321e+01	1.038493e-02
9.342976e+01	-1.064576e-02
9.396941e+01	-4.172395e-03
9.451217e+01	-1.418486e-02
9.505807e+01	9.622352e-04
9.560712e+01	2.373762e-03
9.615934e+01	5.374501e-03
9.671476e+01	-1.938564e-02
9.727338e+01	1.159087e-02
9.783522e+01	-2.863286e-03
9.840032e+01	-7.260841e-03
9.896867e+01	1.030973e-02
9.954031e+01	1.643060e-03
1.001153e+02	6.108206e-03
1.006935e+02	-1.153914e-02
1.012751e+02	8.816706e-03
1.018601e+02	1.972995e-02
1.024484e+02	-1.861867e-02
1.030402e+02	-3.177696e-04
1.036353e+02	9.499579e-03
1.042339e+02	-1.538306e-02
1.048360e+02	-2.501478e-02
1.054415e+02	2.438476e-03
1.060505e+02	4.567973e-03
1.066631e+02	-2.183141e-02
1.072791e+02	2.052685e-02
1.078988e+02	7.512513e-03
1.085220e+02	-1.418923e-02
1.091488e+02	1.424284e-02
1.097793e+02	-1.057337e-02
1.104133e+02	-1.405950e-02
1.110511e+02	-3.097031e-05
1.116925e+02	7.645284e-03
1.123376e+02	1.163653e-02
1.129865e+02	-2.160548e-02
1.136391e+02	6.135228e-03
1.142955e+02	-1.601278e-02
1.149556e+02	1.276712e-03
1.156196e+02	-9.625669e-03
1.162874e+02	2.091085e-02
1.169591e+02	-1.020510e-02
1.176347e+02	-1.585065e-02
1.183141e+02	1.926777e-03
1.189975e+02	-2.116448e-02
1.196848e+02	1.299066e-02
1.203761e+02	-1.604100e-02
1.210714e+02	-9.291610e-03
1.217707e+02	-2.935426e-03
1.224740e+02	1.678751e-02
1.231814e+02	-6.109431e-03
1.238929e+02	-5.825378e-03
1.246085e+02	-2.359485e-02
1.253283e+02	-2.753490e-02
1.260522e+02	1.197911e-02
1.267802e+02	-6.476015e-03
1.275125e+02	4.496452e-04
1.282490e+02	1.281121e-02
1.289898e+02	-1.891081e-03
1.297348e+02	1.024384e-03
1.304842e+02	-9.918558e-03
1.312378e+02	-4.043243e-03
1.319959e+02	6.649835e-03
1.327583e+02	-3.080267e-03
1.335251e+02	8.850144e-03
1.342963e+02	1.067592e-02
1.350720e+02	6.708409e-03
1.358522e+02	-1.698504e-02
1.366368e+02	-1.826215e-03
1.374260e+02	6.401061e-03
1.382198e+02	-1.126689e-02
1.390182e+02	4.667298e-03
1.398211e+02	-2.380541e-02
1.406287e+02	-1.185660e-03
1.414410e+02	-9.686382e-03
1.422579e+02	8.956147e-03
1.430796e+02	-1.166017e-02
1.439060e+02	2.516719e-03
1.447372e+02	1.610328e-02
1.455732e+02	-6.035750e-03
1.464141e+02	-8.889327e-03
1.472597e+02	-3.059335e-03
1.481103e+02	2.200633e-03
1.489658e+02	-2.518909e-04
1.498262e+02	-1.457411e-02
1.506916e+02	3.602281e-04
1.515620e+02	-8.947128e-03
1.524374e+02	9.670484e-03
1.533179e+02	-9.015953e-03
1.542034e+02	1.896963e-02
1.550941e+02	-1.063487e-02
1.559899e+02	-3.167694e-03
1.568909e+02	-9.703815e-04
1.577971e+02	7.126217e-03
1.587085e+02	9.483724e-03
1.596252e+02	-1.356432e-02
1.605472e+02	5.791480e-03
1.614745e+02	-1.007556e-02
1.624072e+02	7.278819e-03
1.633453e+02	-4.854724e-03
1.642887e+02	-6.753442e-03
1.652377e+02	-9.201443e-03
1.661921e+02	-7.596909e-03
1.671520e+02	3.927774e-03
1.681175e+02	-5.367582e-03
1.690885e+02	-1.925071e-02
1.700651e+02	-6.492608e-03
1.710474e+02	-1.713634e-03
1.720354e+02	-1.277783e-02
1.730291e+02	-1.673342e-03
1.740285e+02	-4.927935e-04
1.750337e+02	5.175154e-03
1.760446e+02	-1.873153e-02
1.770615e+02	-1.113428e-02
1.780842e+02	9.093473e-03
1.791128e+02	-1.470073e-02
1.801473e+02	-9.139750e-03
1.811878e+02	-1.971049e-02
1.822344e+02	1.832373e-03
1.832870e+02	-9.123717e-04
1.843456e+02	-6.858510e-03
1.854104e+02	-1.186373e-03
1.864813e+02	-6.032454e-03
1.875584e+02	-2.558185e-03
1.886418e+02	-1.174080e-03
1.897313e+02	-2.645416e-03
1.908272e+02	-7.091807e-03
1.919294e+02	-1.339462e-02
1.930380e+02	-8.681381e-03
1.941530e+02	-2.985055e-02
1.952744e+02	4.198534e-03
1.964023e+02	-2.862214e-03
1.975367e+02	-6.500530e-03
1.986777e+02	2.771473e-03
1.998252e+02	-1.058557e-02
2.009794e+02	-1.919317e-03
2.021403e+02	-2.591488e-02
2.033078e+02	-6.413285e-03
2.044821e+02	-1.088356e-02
2.056632e+02	-1.742363e-02
2.068511e+02	-2.203416e-02
2.080459e+02	5.345901e-03
2.092475e+02	-6.911081e-03
2.104561e+02	-1.574254e-02
2.116717e+02	-1.804878e-02
2.128943e+02	-2.925664e-02
2.141240e+02	-1.197652e-02
2.153608e+02	-9.811074e-03
2.166047e+02	-4.509161e-03
2.178558e+02	-9.019637e-03
2.191141e+02	-3.640389e-03
2.203797e+02	-9.266279e-03
2.216526e+02	-1.765627e-02
2.229329e+02	-5.336496e-03
2.242205e+02	-1.393471e-02
2.255156e+02	-1.202997e-02
2.268182e+02	8.259152e-04
2.281283e+02	-4.696149e-03
2.294459e+02	-1.943018e-02
2.307712e+02	-1.415185e-02
2.321041e+02	-9.301677e-03
2.334447e+02	-6.664396e-03
2.347931e+02	-3.110601e-04
2.361493e+02	-7.973015e-03
2.375133e+02	6.713929e-04
2.388851e+02	-8.214454e-03
2.402649e+02	3.903099e-03
2.416527e+02	-1.377064e-03
2.430484e+02	-8.921536e-03
2.444523e+02	-9.932619e-03
2.458642e+02	-2.751502e-02
2.472843e+02	-4.314878e-03
2.487126e+02	-2.265364e-02
2.501492e+02	-7.994814e-03
2.515940e+02	-1.201497e-02
2.530472e+02	-1.462587e-02
2.545088e+02	-1.028368e-02
2.559789e+02	-9.744199e-03
2.574574e+02	7.560727e-04
2.589444e+02	6.507804e-03
2.604401e+02	-1.038192e-02
2.619444e+02	-1.019880e-02
2.634574e+02	-1.266720e-02
2.649791e+02	-1.471266e-02
2.665096e+02	-1.358569e-03
2.680489e+02	-2.218611e-02
2.695972e+02	-1.866634e-02
2.711544e+02	-1.069010e-02
2.727205e+02	3.525860e-03
2.742958e+02	-2.018564e-02
2.758801e+02	-3.463124e-02
2.774736e+02	-3.339236e-02
2.790762e+02	-1.531706e-02
2.806882e+02	-1.066800e-02
2.823094e+02	-1.117888e-02
2.839400e+02	-2.442756e-02
2.855800e+02	-1.954986e-02
2.872295e+02	-1.413371e-02
2.888886e+02	-4.287149e-02
2.905572e+02	-2.227852e-02
2.922354e+02	-8.715059e-03
2.939234e+02	-1.721443e-03
2.956211e+02	-2.827323e-02
2.973286e+02	-1.290299e-02
2.990459e+02	-2.753264e-02
3.007732e+02	-1.664467e-02
3.025104e+02	-1.988286e-02
3.042577e+02	-7.484662e-03
3.060151e+02	-1.940373e-02
3.077826e+02	-3.676976e-03
3.095604e+02	-4.219205e-02
3.113484e+02	3.038206e-04
3.131467e+02	-2.166997e-02
3.149554e+02	-2.502373e-02
3.167746e+02	-2.742048e-02
3.186043e+02	-7.445277e-03
3.204445e+02	-1.744909e-02
3.222954e+02	-1.796027e-02
3.241570e+02	-2.006694e-02
3.260293e+02	-1.092875e-02
3.279124e+02	-1.175529e-02
3.298064e+02	-1.732648e-02
3.317114e+02	-8.178878e-03
3.336273e+02	2.294698e-03
3.355544e+02	-8.027044e-03
3.374925e+02	-1.944286e-02
3.394418e+02	-1.710785e-02
3.414024e+02	-1.298287e-02
3.433744e+02	-1.915015e-02
3.453577e+02	-2.095063e-02
3.473525e+02	-4.199587e-02
3.493588e+02	-8.736966e-03
3.513766e+02	-1.807512e-02
3.534062e+02	-2.339499e-03
3.554474e+02	-1.679049e-02
3.575005e+02	-2.320989e-02
3.595654e+02	-4.065141e-02
3.616422e+02	-1.961922e-02
3.637311e+02	-9.903145e-03
3.658320e+02	-3.903309e-02
3.679450e+02	-1.649375e-02
3.700702e+02	-1.079683e-02
3.722077e+02	-2.780178e-02
3.743576e+02	-4.318743e-02
3.765199e+02	-2.788010e-02
3.786946e+02	-4.305467e-02
3.808820e+02	-3.244180e-03
3.830819e+02	-1.438212e-02
3.852946e+02	-3.183791e-02
3.875200e+02	-1.010599e-02
3.897583e+02	-2.176096e-02
3.920096e+02	-2.837245e-02
3.942738e+02	-3.674675e-02
3.965511e+02	-1.352231e-02
3.988416e+02	-2.209649e-02
4.011452e+02	-2.501643e-02
4.034622e+02	-3.315250e-02
4.057926e+02	-3.882502e-02
4.081365e+02	-2.404903e-02
4.104938e+02	-1.625149e-02
4.128648e+02	-2.247376e-02
4.152495e+02	-2.791461e-02
4.176480e+02	-2.190003e-02
4.200603e+02	-4.337190e-02
4.224866e+02	-2.626434e-02
4.249268e+02	-4.671770e-02
4.273812e+02	-2.989397e-02
4.298497e+02	-3.298216e-02
4.323325e+02	-5.126915e-02
4.348297e+02	-2.063229e-02
4.373412e+02	-1.989368e-02
4.398673e+02	-5.338982e-02
4.424079e+02	-3.987927e-02
4.449633e+02	-2.744322e-02
4.475334e+02	-2.383680e-02
4.501183e+02	-3.266739e-02
4.527182e+02	-3.961558e-02
4.553330e+02	-5.366565e-02
4.579630e+02	-3.653178e-02
4.606082e+02	-3.130498e-02
4.632687e+02	-3.194794e-02
4.659445e+02	-5.065962e-02
4.686358e+02	-1.207978e-02
4.713426e+02	-3.734649e-02
4.740650e+02	-3.752629e-02
4.768032e+02	-5.353700e-02
4.795572e+02	-5.833580e-02
4.823271e+02	-4.816581e-02
4.851130e+02	-2.921848e-02
4.879150e+02	-4.056528e-02
4.907332e+02	-3.703047e-02
4.935676e+02	-4.536731e-02
4.964185e+02	-3.646709e-02
4.992858e+02	-4.482295e-02
5.021696e+02	-5.864847e-02
5.050701e+02	-5.459122e-02
5.079874e+02	-3.368626e-02
5.109215e+02	-2.943200e-02
5.138726e+02	-4.227308e-02
5.168407e+02	-4.747845e-02
5.198259e+02	-3.804842e-02
5.228284e+02	-5.325581e-02
5.258482e+02	-4.655543e-02
5.288855e+02	-4.680739e-02
5.319403e+02	-6.614832e-02
5.350128e+02	-5.901635e-02
5.381030e+02	-4.919302e-02
5.412111e+02	-6.119981e-02
5.443371e+02	-5.411789e-02
5.474812e+02	-4.727815e-02
5.506434e+02	-6.327667e-02
5.538239e+02	-4.063517e-02
5.570228e+02	-5.162259e-02
5.602401e+02	-6.729344e-02
5.634760e+02	-5.123825e-02
5.667306e+02	-5.177368e-02
5.700040e+02	-5.919645e-02
5.732964e+02	-4.393526e-02
5.766077e+02	-3.885563e-02
5.799382e+02	-6.837175e-02
5.832879e+02	-4.117573e-02
5.866569e+02	-5.879105e-02
5.900454e+02	-4.719372e-02
5.934535e+02	-6.025312e-02
5.968813e+02	-4.801625e-02
6.003288e+02	-5.944247e-02
6.037963e+02	-4.771394e-02
6.072838e+02	-4.387289e-02
6.107914e+02	-6.477885e-02
6.143194e+02	-5.969862e-02
6.178676e+02	-6.504631e-02
6.214364e+02	-8.542807e-02
6.250258e+02	-8.573237e-02
6.286359e+02	-6.853879e-02
6.322669e+02	-7.961091e-02
6.359189e+02	-6.229564e-02
6.395919e+02	-7.324521e-02
6.432862e+02	-7.741998e-02
6.470017e+02	-6.653390e-02
6.507388e+02	-5.664420e-02
6.544974e+02	-8.909080e-02
6.582778e+02	-8.664361e-02
6.620800e+02	-6.685483e-02
6.659041e+02	-8.502608e-02
6.697504e+02	-8.810050e-02
6.736188e+02	-8.137344e-02
6.775096e+02	-7.108306e-02
6.814229e+02	-8.718970e-02
6.853587e+02	-6.792590e-02
6.893173e+02	-8.872069e-02
6.932988e+02	-9.014695e-02
6.973033e+02	-8.576160e-02
7.013309e+02	-8.666483e-02
7.053817e+02	-7.828030e-02
7.094560e+02	-9.108538e-02
7.135538e+02	-8.986599e-02
7.176752e+02	-8.434208e-02
7.218205e+02	-7.709517e-02
7.259897e+02	-1.044762e-01
7.301830e+02	-8.715372e-02
7.344005e+02	-8.682730e-02
7.386424e+02	-1.033680e-01
7.429087e+02	-9.001195e-02
7.471998e+02	-9.296591e-02
7.515155e+02	-9.876743e-02
7.558563e+02	-9.286344e-02
7.602221e+02	-1.142167e-01
7.646131e+02	-1.011011e-01
7.690295e+02	-1.074391e-01
7.734713e+02	-1.010141e-01
7.779389e+02	-1.002702e-01
7.824322e+02	-1.166349e-01
7.869515e+02	-9.858346e-02
7.914969e+02	-1.033931e-01
7.960686e+02	-1.078845e-01
8.006666e+02	-1.087324e-01
8.052912e+02	-1.209760e-01
8.099426e+02	-1.194960e-01
8.146208e+02	-1.105279e-01
8.193260e+02	-1.225718e-01
8.240584e+02	-1.228448e-01
8.288181e+02	-1.259599e-01
8.336053e+02	-1.119326e-01
8.384202e+02	-1.336187e-01
8.432629e+02	-1.270945e-01
8.481335e+02	-1.323413e-01
8.530323e+02	-1.148962e-01
8.579594e+02	-1.250628e-01
8.629149e+02	-1.379935e-01
8.678991e+02	-1.298949e-01
8.729120e+02	-1.479669e-01
8.779539e+02	-1.153544e-01
8.830250e+02	-1.271947e-01
8.881253e+02	-1.429173e-01
8.932551e+02	-1.471089e-01
8.984145e+02	-1.356062e-01
9.036037e+02	-1.353098e-01
9.088229e+02	-1.535644e-01
9.140722e+02	-1.375447e-01
9.193518e+02	-1.289154e-01
9.246620e+02	-1.376886e-01
9.300028e+02	-1.547564e-01
9.353744e+02	-1.349490e-01
9.407771e+02	-1.573969e-01
9.462110e+02	-1.295042e-01
9.516763e+02	-1.487501e-01
9.571731e+02	-1.553443e-01
9.627017e+02	-1.756488e-01
9.682622e+02	-1.641393e-01
9.738549e+02	-1.783941e-01
9.794798e+02	-1.533017e-01
9.851373e+02	-1.564705e-01
9.908274e+02	-1.627773e-01
9.965504e+02	-1.837151e-01
1.002306e+03	-1.590031e-01
1.008096e+03	-1.619815e-01
1.013918e+03	-1.697850e-01
1.019775e+03	-1.745304e-01
1.025665e+03	-1.781029e-01
1.031589e+03	-1.868887e-01
1.037548e+03	-1.725281e-01
1.043540e+03	-1.815955e-01
1.049568e+03	-1.828815e-01
1.055630e+03	-1.941234e-01
1.061727e+03	-1.959860e-01
1.067860e+03	-1.961547e-01
1.074028e+03	-2.097656e-01
1.080231e+03	-2.110921e-01
1.086471e+03	-2.070100e-01
1.092746e+03	-2.100858e-01
1.099058e+03	-2.079931e-01
1.105406e+03	-2.050842e-01
1.111791e+03	-2.031301e-01
1.118212e+03	-2.131023e-01
1.124671e+03	-2.165425e-01
1.131167e+03	-2.199492e-01
1.137701e+03	-2.174329e-01
1.144272e+03	-2.016423e-01
1.150881e+03	-2.070559e-01
1.157529e+03	-2.145946e-01
1.164215e+03	-2.320914e-01
1.170939e+03	-2.457913e-01
1.177702e+03	-2.222566e-01
1.184505e+03	-2.419411e-01
1.191346e+03	-2.393788e-01
1.198227e+03	-2.543426e-01
1.205148e+03	-2.412404e-01
1.212109e+03	-2.472973e-01
1.219110e+03	-2.564176e-01
1.226152e+03	-2.366431e-01
1.233234e+03	-2.696963e-01
1.240357e+03	-2.621779e-01
1.247521e+03	-2.640468e-01
1.254727e+03	-2.723506e-01
1.261974e+03	-2.622695e-01
1.269263e+03	-2.899022e-01
1.276595e+03	-2.878585e-01
1.283968e+03	-3.139746e-01
1.291384e+03	-2.748616e-01
1.298843e+03	-2.854287e-01
1.306345e+03	-2.973330e-01
1.313891e+03	-2.851213e-01
1.321480e+03	-2.997233e-01
1.329113e+03	-2.895335e-01
1.336790e+03	-3.006831e-01
1.344511e+03	-3.263437e-01
1.352277e+03	-2.920033e-01
1.360087e+03	-3.206454e-01
1.367943e+03	-3.159761e-01
1.375844e+03	-3.218673e-01
1.383791e+03	-3.116718e-01
1.391784e+03	-3.202444e-01
1.399823e+03	-3.265688e-01
1.407908e+03	-3.312548e-01
1.416040e+03	-3.396770e-01
1.424219e+03	-3.420938e-01
1.432445e+03	-3.409326e-01
1.440719e+03	-3.422318e-01
1.449041e+03	-3.470494e-01
1.457410e+03	-3.421428e-01
1.465828e+03	-3.542444e-01
1.474295e+03	-3.687282e-01
1.482810e+03	-3.864862e-01
1.491375e+03	-3.785368e-01
1.499989e+03	-3.906502e-01
1.508653e+03	-3.635567e-01
1.517367e+03	-3.875098e-01
1.526131e+03	-3.771616e-01
1.534946e+03	-3.857064e-01
1.543812e+03	-4.077416e-01
1.552729e+03	-3.974904e-01
1.561697e+03	-4.023950e-01
1.570717e+03	-4.254039e-01
1.579790e+03	-4.099373e-01
1.588915e+03	-4.280565e-01
1.598092e+03	-4.339175e-01
1.607323e+03	-4.294936e-01
1.616606e+03	-4.460248e-01
1.625944e+03	-4.584366e-01
1.635335e+03	-4.396137e-01
1.644781e+03	-4.497757e-01
1.654281e+03	-4.449422e-01
1.663836e+03	-4.613992e-01
1.673446e+03	-4.562782e-01
1.683112e+03	-4.735899e-01
1.692834e+03	-4.741284e-01
1.702611e+03	-4.917093e-01
1.712446e+03	-4.913355e-01
1.722337e+03	-4.968606e-01
1.732285e+03	-5.033198e-01
1.742290e+03	-5.117029e-01
1.752354e+03	-5.163396e-01
1.762475e+03	-5.107707e-01
1.772655e+03	-5.366995e-01
1.782894e+03	-5.200522e-01
1.793192e+03	-5.275584e-01
1.803549e+03	-5.400696e-01
1.813967e+03	-5.309501e-01
1.824444e+03	-5.363317e-01
1.834982e+03	-5.378291e-01
1.845581e+03	-5.504873e-01
1.856241e+03	-5.652330e-01
1.866962e+03	-5.715164e-01
1.877746e+03	-5.670739e-01
1.888592e+03	-5.572148e-01
1.899500e+03	-5.944714e-01
1.910472e+03	-5.923512e-01
1.921506e+03	-5.916686e-01
1.932605e+03	-6.015799e-01
1.943768e+03	-6.170436e-01
1.954995e+03	-6.159442e-01
1.966287e+03	-6.230519e-01
1.977644e+03	-5.992017e-01
1.989067e+03	-6.256887e-01
2.000555e+03	-6.406473e-01
2.012110e+03	-6.549037e-01
2.023732e+03	-6.561387e-01
2.035421e+03	-6.578360e-01
2.047178e+03	-6.825929e-01
2.059002e+03	-6.970555e-01
2.070895e+03	-6.872979e-01
2.082856e+03	-6.882695e-01
2.094887e+03	-7.043776e-01
2.106987e+03	-7.100897e-01
2.119157e+03	-6.934621e-01
2.131397e+03	-7.388964e-01
2.143708e+03	-7.444079e-01
2.156090e+03	-7.536444e-01
2.168543e+03	-7.479761e-01
2.181069e+03	-7.782380e-01
2.193666e+03	-7.719325e-01
2.206337e+03	-7.682694e-01
2.219081e+03	-7.972343e-01
2.231898e+03	-7.942592e-01
2.244789e+03	-8.071450e-01
2.257755e+03	-8.049147e-01
2.270796e+03	-8.253852e-01
2.283912e+03	-8.389199e-01
2.297104e+03	-8.338854e-01
2.310372e+03	-8.579670e-01
2.323716e+03	-8.632156e-01
2.337138e+03	-8.696141e-01
2.350637e+03	-8.819924e-01
2.364214e+03	-8.841305e-01
2.377870e+03	-8.742706e-01
2.391604e+03	-8.960830e-01
2.405418e+03	-9.161622e-01
2.419312e+03	-9.344933e-01
2.433286e+03	-9.351274e-01
2.447340e+03	-9.486380e-01
2.461476e+03	-9.334920e-01
2.475693e+03	-9.576744e-01
2.489993e+03	-9.636956e-01
2.504375e+03	-9.758136e-01
2.518840e+03	-9.893838e-01
2.533389e+03	-9.807628e-01
2.548022e+03	-9.985727e-01
2.562739e+03	-1.015470e+00
2.577541e+03	-1.040249e+00
2.592429e+03	-1.031986e+00
2.607403e+03	-1.041563e+00
2.622463e+03	-1.063635e+00
2.637610e+03	-1.076453e+00
2.652845e+03	-1.095309e+00
2.668168e+03	-1.097706e+00
2.683579e+03	-1.090098e+00
2.699079e+03	-1.103731e+00
2.714669e+03	-1.109639e+00
2.730349e+03	-1.128462e+00
2.746119e+03	-1.154366e+00
2.761981e+03	-1.172913e+00
2.777934e+03	-1.189014e+00
2.793979e+03	-1.192170e+00
2.810117e+03	-1.195610e+00
2.826348e+03	-1.208357e+00
2.842673e+03	-1.227265e+00
2.859092e+03	-1.235836e+00
2.875606e+03	-1.249794e+00
2.892215e+03	-1.270275e+00
2.908921e+03	-1.276274e+00
2.925722e+03	-1.290015e+00
2.942621e+03	-1.292130e+00
2.959618e+03	-1.305601e+00
2.976712e+03	-1.314003e+00
2.993906e+03	-1.341978e+00
3.011198e+03	-1.341915e+00
3.028591e+03	-1.370482e+00
3.046084e+03	-1.377633e+00
3.063678e+03	-1.381940e+00
3.081374e+03	-1.388123e+00
3.099172e+03	-1.420117e+00
3.117072e+03	-1.417818e+00
3.135076e+03	-1.447576e+00
3.153184e+03	-1.450078e+00
3.171397e+03	-1.470811e+00
3.189715e+03	-1.506773e+00
3.208139e+03	-1.493418e+00
3.226669e+03	-1.519190e+00
3.245306e+03	-1.525574e+00
3.264051e+03	-1.552356e+00
3.282904e+03	-1.557301e+00
3.301866e+03	-1.591649e+00
3.320937e+03	-1.616717e+00
3.340119e+03	-1.597763e+00
3.359411e+03	-1.647659e+00
3.378815e+03	-1.641139e+00
3.398331e+03	-1.635346e+00
3.417959e+03	-1.677901e+00
3.437701e+03	-1.692215e+00
3.457557e+03	-1.699792e+00
3.477528e+03	-1.728723e+00
3.497614e+03	-1.763711e+00
3.517816e+03	-1.750994e+00
3.538135e+03	-1.768600e+00
3.558571e+03	-1.784840e+00
3.579125e+03	-1.817672e+00
3.599798e+03	-1.828576e+00
3.620590e+03	-1.835416e+00
3.641503e+03	-1.853735e+00
3.662536e+03	-1.877790e+00
3.683691e+03	-1.889123e+00
3.704967e+03	-1.910958e+00
3.726367e+03	-1.923376e+00
3.747890e+03	-1.950618e+00
3.769538e+03	-1.957214e+00
3.791311e+03	-1.982319e+00
3.813209e+03	-1.982179e+00
3.835234e+03	-2.008069e+00
3.857386e+03	-2.039405e+00
3.879667e+03	-2.052352e+00
3.902075e+03	-2.083485e+00
3.924614e+03	-2.075107e+00
3.947282e+03	-2.114996e+00
3.970081e+03	-2.119423e+00
3.993012e+03	-2.157678e+00
4.016076e+03	-2.167471e+00
4.039272e+03	-2.200927e+00
4.062603e+03	-2.203532e+00
4.086069e+03	-2.219075e+00
4.109670e+03	-2.249203e+00
4.133407e+03	-2.277864e+00
4.157281e+03	-2.305426e+00
4.181294e+03	-2.313024e+00
4.205445e+03	-2.321047e+00
4.229735e+03	-2.357377e+00
4.254166e+03	-2.360492e+00
4.278738e+03	-2.398100e+00
4.303451e+03	-2.416367e+00
4.328308e+03	-2.433066e+00
4.353308e+03	-2.425704e+00
4.378453e+03	-2.471740e+00
4.403742e+03	-2.490837e+00
4.429178e+03	-2.534470e+00
4.454761e+03	-2.552495e+00
4.480492e+03	-2.566048e+00
4.506371e+03	-2.576436e+00
4.532399e+03	-2.612262e+00
4.558578e+03	-2.620960e+00
4.584908e+03	-2.659246e+00
4.611391e+03	-2.688311e+00
4.638026e+03	-2.698754e+00
4.664815e+03	-2.720301e+00
4.691759e+03	-2.757863e+00
4.718858e+03	-2.795630e+00
4.746114e+03	-2.811419e+00
4.773527e+03	-2.826245e+00
4.801099e+03	-2.862732e+00
4.828830e+03	-2.870033e+00
4.856721e+03	-2.905719e+00
4.884773e+03	-2.907324e+00
4.912988e+03	-2.935191e+00
4.941365e+03	-2.977779e+00
4.969906e+03	-2.989940e+00
4.998612e+03	-2.997898e+00
5.027484e+03	-3.036133e+00
5.056522e+03	-3.061483e+00
5.085729e+03	-3.075494e+00
5.115104e+03	-3.119845e+00
5.144648e+03	-3.127961e+00
5.174363e+03	-3.175084e+00
5.204250e+03	-3.182737e+00
5.234310e+03	-3.203992e+00
5.264543e+03	-3.235747e+00
5.294951e+03	-3.271279e+00
5.325534e+03	-3.292215e+00
5.356294e+03	-3.303091e+00
5.387232e+03	-3.349887e+00
5.418348e+03	-3.382062e+00
5.449645e+03	-3.410392e+00
5.481122e+03	-3.417938e+00
5.512780e+03	-3.449093e+00
5.544622e+03	-3.496102e+00
5.576647e+03	-3.502981e+00
5.608858e+03	-3.539742e+00
5.641254e+03	-3.560484e+00
5.673838e+03	-3.596298e+00
5.706610e+03	-3.611081e+00
5.739571e+03	-3.679791e+00
5.772723e+03	-3.673728e+00
5.806066e+03	-3.720080e+00
5.839601e+03	-3.753256e+00
5.873331e+03	-3.764341e+00
5.907255e+03	-3.809362e+00
5.941375e+03	-3.817379e+00
5.975692e+03	-3.865498e+00
6.010207e+03	-3.888800e+00
6.044922e+03	-3.918724e+00
6.079837e+03	-3.951757e+00
6.114954e+03	-3.981294e+00
6.150274e+03	-3.997636e+00
6.185797e+03	-4.040139e+00
6.221526e+03	-4.059504e+00
6.257462e+03	-4.097038e+00
6.293605e+03	-4.119390e+00
6.329956e+03	-4.143379e+00
6.366518e+03	-4.186941e+00
6.403290e+03	-4.223959e+00
6.440276e+03	-4.234647e+00
6.477474e+03	-4.274689e+00
6.514888e+03	-4.312062e+00
6.552518e+03	-4.345550e+00
6.590365e+03	-4.380367e+00
6.628430e+03	-4.402435e+00
6.666716e+03	-4.432516e+00
6.705223e+03	-4.478733e+00
6.743952e+03	-4.493179e+00
6.782905e+03	-4.531986e+00
6.822082e+03	-4.562676e+00
6.861486e+03	-4.589886e+00
6.901118e+03	-4.618676e+00
6.940979e+03	-4.667569e+00
6.981069e+03	-4.698882e+00
7.021392e+03	-4.736535e+00
7.061947e+03	-4.776319e+00
7.102737e+03	-4.807605e+00
7.143762e+03	-4.829980e+00
7.185024e+03	-4.868852e+00
7.226524e+03	-4.896105e+00
7.268264e+03	-4.936712e+00
7.310246e+03	-4.970625e+00
7.352469e+03	-5.000551e+00
7.394937e+03	-5.010426e+00
7.437650e+03	-5.073227e+00
7.480609e+03	-5.101686e+00
7.523817e+03	-5.123112e+00
7.567274e+03	-5.145830e+00
7.610982e+03	-5.197381e+00
7.654943e+03	-5.222813e+00
7.699158e+03	-5.256547e+00
7.743628e+03	-5.299477e+00
7.788355e+03	-5.356342e+00
7.833340e+03	-5.366434e+00
7.878585e+03	-5.419520e+00
7.924091e+03	-5.435033e+00
7.969861e+03	-5.485594e+00
8.015894e+03	-5.516501e+00
8.062194e+03	-5.553294e+00
8.108761e+03	-5.590913e+00
8.155596e+03	-5.651514e+00
8.202703e+03	-5.650572e+00
8.250081e+03	-5.701895e+00
8.297733e+03	-5.727697e+00
8.345661e+03	-5.768702e+00
8.393865e+03	-5.806377e+00
8.442348e+03	-5.848287e+00
8.491110e+03	-5.870146e+00
8.540155e+03	-5.908762e+00
8.589482e+03	-5.958228e+00
8.639095e+03	-5.979020e+00
8.688994e+03	-6.054541e+00
8.739181e+03	-6.053138e+00
8.789658e+03	-6.100381e+00
8.840427e+03	-6.136050e+00
8.891489e+03	-6.185632e+00
8.942846e+03	-6.212659e+00
8.994499e+03	-6.254910e+00
9.046451e+03	-6.311864e+00
9.098703e+03	-6.328522e+00
9.151257e+03	-6.372294e+00
9.204114e+03	-6.410032e+00
9.257277e+03	-6.450275e+00
9.310746e+03	-6.483475e+00
9.364525e+03	-6.527364e+00
9.418614e+03	-6.543436e+00
9.473015e+03	-6.604453e+00
9.527731e+03	-6.641812e+00
9.582763e+03	-6.680469e+00
9.638113e+03	-6.729583e+00
9.693782e+03	-6.742783e+00
9.749773e+03	-6.817380e+00
9.806087e+03	-6.827515e+00
9.862727e+03	-6.896604e+00
9.919693e+03	-6.906663e+00
9.976989e+03	-6.951083e+00
1.003462e+04	-6.995051e+00
1.009258e+04	-7.022035e+00
1.015087e+04	-7.083223e+00
1.020950e+04	-7.112305e+00
1.026847e+04	-7.139514e+00
1.032778e+04	-7.185343e+00
1.038743e+04	-7.245154e+00
1.044743e+04	-7.261593e+00
1.050777e+04	-7.305123e+00
1.056847e+04	-7.349549e+00
1.062951e+04	-7.386552e+00
1.069091e+04	-7.426271e+00
1.075266e+04	-7.464540e+00
1.081476e+04	-7.518489e+00
1.087723e+04	-7.554767e+00
1.094006e+04	-7.605914e+00
1.100324e+04	-7.638029e+00
1.106680e+04	-7.676025e+00
1.113072e+04	-7.701268e+00
1.119501e+04	-7.767128e+00
1.125967e+04	-7.792364e+00
1.132471e+04	-7.851089e+00
1.139012e+04	-7.880436e+00
1.145591e+04	-7.926760e+00
1.152208e+04	-7.947216e+00
1.158863e+04	-7.997515e+00
1.165556e+04	-8.030894e+00
1.172289e+04	-8.088123e+00
1.179060e+04	-8.125294e+00
1.185870e+04	-8.159947e+00
1.192719e+04	-8.210944e+00
1.199608e+04	-8.254155e+00
1.206537e+04	-8.309173e+00
1.213506e+04	-8.342622e+00
1.220515e+04	-8.387880e+00
1.227565e+04	-8.424996e+00
1.234655e+04	-8.480740e+00
1.241787e+04	-8.505610e+00
1.248959e+04	-8.535376e+00
1.256173e+04	-8.602896e+00
1.263429e+04	-8.641658e+00
1.270726e+04	-8.661463e+00
1.278066e+04	-8.714875e+00
1.285448e+04	-8.769975e+00
1.292873e+04	-8.818113e+00
1.300340e+04	-8.859187e+00
1.307851e+04	-8.883335e+00
1.315405e+04	-8.921434e+00
1.323003e+04	-8.972098e+00
1.330644e+04	-9.021538e+00
1.338330e+04	-9.060991e+00
1.346060e+04	-9.099854e+00
1.353835e+04	-9.131058e+00
1.361655e+04	-9.176189e+00
1.369520e+04	-9.234332e+00
1.377430e+04	-9.261907e+00
1.385386e+04	-9.319339e+00
1.393388e+04	-9.360222e+00
1.401436e+04	-9.395346e+00
1.409531e+04	-9.442744e+00
1.417672e+04	-9.478318e+00
1.425861e+04	-9.539955e+00
1.434096e+04	-9.562907e+00
1.442379e+04	-9.611606e+00
1.450711e+04	-9.654784e+00
1.459090e+04	-9.699632e+00
1.467518e+04	-9.756265e+00
1.475994e+04	-9.790152e+00
1.484519e+04	-9.825132e+00
1.493094e+04	-9.885883e+00
1.501718e+04	-9.927606e+00
1.510392e+04	-9.961934e+00
1.519116e+04	-1.000354e+01
1.527890e+04	-1.004552e+01
1.536715e+04	-1.011118e+01
1.545591e+04	-1.014074e+01
1.554518e+04	-1.018212e+01
1.563497e+04	-1.022580e+01
1.572528e+04	-1.027237e+01
1.581611e+04	-1.032960e+01
1.590746e+04	-1.034386e+01
1.599934e+04	-1.041275e+01
1.609175e+04	-1.044350e+01
1.618470e+04	-1.049104e+01
1.627818e+04	-1.053336e+01
1.637220e+04	-1.057444e+01
1.646677e+04	-1.062323e+01
1.656188e+04	-1.067269e+01
1.665754e+04	-1.070207e+01
1.675375e+04	-1.076239e+01
1.685052e+04	-1.080555e+01
1.694785e+04	-1.084353e+01
1.704574e+04	-1.088863e+01
1.714419e+04	-1.093828e+01
1.724322e+04	-1.097344e+01
1.734281e+04	-1.101274e+01
1.744299e+04	-1.108593e+01
1.754374e+04	-1.110561e+01
1.764507e+04	-1.116603e+01
1.774698e+04	-1.119306e+01
1.784949e+04	-1.125122e+01
1.795259e+04	-1.126505e+01
1.805628e+04	-1.131463e+01
1.816057e+04	-1.137481e+01
1.826547e+04	-1.141326e+01
1.837097e+04	-1.146628e+01
1.847708e+04	-1.151603e+01
1.858380e+04	-1.155251e+01
1.869114e+04	-1.158231e+01
1.879910e+04	-1.162477e+01
1.890768e+04	-1.170173e+01
1.901689e+04	-1.173821e+01
1.912673e+04	-1.177530e+01
1.923721e+04	-1.182605e+01
1.934832e+04	-1.186199e+01
1.946008e+04	-1.189924e+01
1.957248e+04	-1.194081e+01
1.968553e+04	-1.199325e+01
1.979923e+04	-1.202939e+01
1.991359e+04	-1.208833e+01
2.002861e+04	-1.212823e+01
2.014430e+04	-1.218972e+01
2.026065e+04	-1.222359e+01
2.037767e+04	-1.226971e+01
2.049537e+04	-1.230287e+01
2.061375e+04	-1.236590e+01
2.073282e+04	-1.240826e+01
2.085257e+04	-1.246277e+01
2.097301e+04	-1.248273e+01
2.109415e+04	-1.252446e+01
2.121599e+04	-1.256879e+01
2.133853e+04	-1.262130e+01
2.146178e+04	-1.266754e+01
2.158575e+04	-1.270349e+01
2.171043e+04	-1.276282e+01
2.183582e+04	-1.279755e+01
2.196195e+04	-1.283818e+01
2.208880e+04	-1.287850e+01
2.221638e+04	-1.294359e+01
2.234470e+04	-1.296896e+01
2.247377e+04	-1.302633e+01
2.260357e+04	-1.306801e+01
2.273413e+04	-1.309723e+01
2.286544e+04	-1.314668e+01
2.299751e+04	-1.319264e+01
2.313034e+04	-1.323657e+01
2.326394e+04	-1.327451e+01
2.339832e+04	-1.333360e+01
2.353346e+04	-1.337883e+01
2.366939e+04	-1.342126e+01
2.380610e+04	-1.343668e+01
2.394361e+04	-1.350182e+01
2.408191e+04	-1.355113e+01
2.422100e+04	-1.359836e+01
2.436090e+04	-1.363818e+01
2.450161e+04	-1.367967e+01
2.464313e+04	-1.372377e+01
2.478547e+04	-1.376370e+01
2.492863e+04	-1.381306e+01
2.507261e+04	-1.387461e+01
2.521743e+04	-1.389786e+01
2.536309e+04	-1.394513e+01
2.550958e+04	-1.399489e+01
2.565692e+04	-1.403703e+01
2.580512e+04	-1.406702e+01
2.595417e+04	-1.412408e+01
2.610408e+04	-1.417841e+01
2.625485e+04	-1.420929e+01
2.640650e+04	-1.427558e+01
2.655902e+04	-1.429174e+01
2.671243e+04	-1.434582e+01
2.686672e+04	-1.437482e+01
2.702190e+04	-1.441879e+01
2.717798e+04	-1.447727e+01
2.733495e+04	-1.451273e+01
2.749284e+04	-1.455571e+01
2.765164e+04	-1.461528e+01
2.781135e+04	-1.465633e+01
2.797199e+04	-1.468498e+01
2.813355e+04	-1.474235e+01
2.829605e+04	-1.477251e+01
2.845949e+04	-1.481178e+01
2.862387e+04	-1.487094e+01
2.878920e+04	-1.490815e+01
2.895549e+04	-1.495800e+01
2.912273e+04	-1.499832e+01
2.929094e+04	-1.502139e+01
2.946013e+04	-1.507751e+01
2.963029e+04	-1.512801e+01
2.980143e+04	-1.517958e+01
2.997356e+04	-1.522253e+01
3.014669e+04	-1.525202e+01
3.032081e+04	-1.529789e+01
3.049595e+04	-1.534378e+01
3.067209e+04	-1.538231e+01
3.084925e+04	-1.540961e+01
3.102743e+04	-1.546752e+01
3.120665e+04	-1.548609e+01
3.138690e+04	-1.555088e+01
3.156819e+04	-1.559268e+01
3.175052e+04	-1.564653e+01
3.193391e+04	-1.569122e+01
3.211836e+04	-1.571715e+01
3.230388e+04	-1.577099e+01
3.249046e+04	-1.580602e+01
3.267812e+04	-1.584568e+01
3.286687e+04	-1.588182e+01
3.305671e+04	-1.591907e+01
3.324764e+04	-1.597705e+01
3.343968e+04	-1.601773e+01
3.363283e+04	-1.606250e+01
3.382709e+04	-1.610293e+01
3.402247e+04	-1.613573e+01
3.421899e+04	-1.615997e+01
3.441663e+04	-1.622574e+01
3.461542e+04	-1.626992e+01
3.481536e+04	-1.631962e+01
3.501645e+04	-1.634525e+01
3.521871e+04	-1.637902e+01
3.542213e+04	-1.641629e+01
3.562672e+04	-1.645778e+01
3.583250e+04	-1.650593e+01
3.603947e+04	-1.654835e+01
3.624763e+04	-1.657781e+01
3.645700e+04	-1.662380e+01
3.666757e+04	-1.666030e+01
3.687936e+04	-1.670814e+01
3.709238e+04	-1.675748e+01
3.730662e+04	-1.678884e+01
3.752210e+04	-1.682930e+01
3.773883e+04	-1.685374e+01
3.795680e+04	-1.691721e+01
3.817604e+04	-1.695438e+01
3.839654e+04	-1.701431e+01
3.861832e+04	-1.703308e+01
3.884138e+04	-1.706866e+01
3.906573e+04	-1.710721e+01
3.929137e+04	-1.715691e+01
3.951831e+04	-1.719471e+01
3.974657e+04	-1.721415e+01
3.997614e+04	-1.724565e+01
4.020704e+04	-1.729209e+01
4.043928e+04	-1.732298e+01
4.067285e+04	-1.737821e+01
4.090778e+04	-1.742127e+01
4.114406e+04	-1.744661e+01
4.138171e+04	-1.750830e+01
4.162073e+04	-1.752577e+01
4.186113e+04	-1.758129e+01
4.210291e+04	-1.760890e+01
4.234610e+04	-1.763778e+01
4.259069e+04	-1.767962e+01
4.283669e+04	-1.771725e+01
4.308411e+04	-1.774831e+01
4.333297e+04	-1.778280e+01
4.358325e+04	-1.781390e+01
4.383499e+04	-1.787345e+01
4.408818e+04	-1.791223e+01
4.434283e+04	-1.793247e+01
4.459895e+04	-1.796172e+01
4.485655e+04	-1.800429e+01
4.511564e+04	-1.804318e+01
4.537623e+04	-1.805532e+01
4.563832e+04	-1.810255e+01
4.590193e+04	-1.814493e+01
4.616705e+04	-1.817890e+01
4.643371e+04	-1.823702e+01
4.670191e+04	-1.825524e+01
4.697166e+04	-1.827959e+01
4.724297e+04	-1.833486e+01
4.751584e+04	-1.836673e+01
4.779029e+04	-1.838083e+01
4.806633e+04	-1.841872e+01
4.834395e+04	-1.845372e+01
4.862319e+04	-1.849167e+01
4.890403e+04	-1.850143e+01
4.918650e+04	-1.855579e+01
4.947060e+04	-1.857805e+01
4.975634e+04	-1.863344e+01
5.004373e+04	-1.866158e+01
5.033278e+04	-1.869238e+01
5.062350e+04	-1.871363e+01
5.091590e+04	-1.875720e+01
5.120999e+04	-1.878347e+01
5.150578e+04	-1.881404e+01
5.180327e+04	-1.884493e+01
5.210248e+04	-1.887804e+01
5.240343e+04	-1.890442e+01
5.270611e+04	-1.894006e+01
5.301053e+04	-1.898421e+01
5.331672e+04	-1.900859e+01
5.362468e+04	-1.902215e+01
5.393441e+04	-1.906409e+01
5.424593e+04	-1.909977e+01
5.455926e+04	-1.911097e+01
5.487439e+04	-1.913196e+01
5.519134e+04	-1.919138e+01
5.551012e+04	-1.920749e+01
5.583075e+04	-1.923270e+01
5.615322e+04	-1.927078e+01
5.647756e+04	-1.927330e+01
5.680377e+04	-1.930878e+01
5.713187e+04	-1.935021e+01
5.746186e+04	-1.935016e+01
5.779376e+04	-1.939853e+01
5.812757e+04	-1.942558e+01
5.846332e+04	-1.944595e+01
5.880100e+04	-1.947384e+01
5.914063e+04	-1.947928e+01
5.948222e+04	-1.951589e+01
5.982579e+04	-1.955601e+01
6.017134e+04	-1.955344e+01
6.051889e+04	-1.959302e+01
6.086844e+04	-1.961403e+01
6.122002e+04	-1.962558e+01
6.157362e+04	-1.965550e+01
6.192927e+04	-1.968577e+01
6.228697e+04	-1.971478e+01
6.264674e+04	-1.973245e+01
6.300858e+04	-1.973166e+01
6.337252e+04	-1.976909e+01
6.373855e+04	-1.979573e+01
6.410670e+04	-1.982613e+01
6.447698e+04	-1.984122e+01
6.484940e+04	-1.983457e+01
6.522397e+04	-1.986212e+01
6.560070e+04	-1.989529e+01
6.597960e+04	-1.990199e+01
6.636070e+04	-1.992045e+01
6.674400e+04	-1.995815e+01
6.712951e+04	-1.995307e+01
6.751724e+04	-1.998990e+01
6.790722e+04	-1.999374e+01
6.829945e+04	-2.001120e+01
6.869395e+04	-2.002250e+01
6.909072e+04	-2.003412e+01
6.948978e+04	-2.005617e+01
6.989115e+04	-2.006330e+01
7.029484e+04	-2.007261e+01
7.070086e+04	-2.010842e+01
7.110923e+04	-2.010704e+01
7.151995e+04	-2.011883e+01
7.193305e+04	-2.012460e+01
7.234853e+04	-2.014460e+01
7.276641e+04	-2.015994e+01
7.318671e+04	-2.016311e+01
7.360943e+04	-2.017493e+01
7.403460e+04	-2.016768e+01
7.446222e+04	-2.019009e+01
7.489231e+04	-2.021074e+01
7.532488e+04	-2.020899e+01
7.575996e+04	-2.021627e+01
7.619754e+04	-2.022678e+01
7.663766e+04	-2.021354e+01
7.708031e+04	-2.021931e+01
7.752553e+04	-2.022059e+01
7.797331e+04	-2.024086e+01
7.842368e+04	-2.022300e+01
7.887665e+04	-2.023169e+01
7.933224e+04	-2.024965e+01
7.979046e+04	-2.024277e+01
8.025133e+04	-2.023957e+01
8.071486e+04	-2.024346e+01
8.118106e+04	-2.022189e+01
8.164996e+04	-2.022396e+01
8.212157e+04	-2.021879e+01
8.259590e+04	-2.021588e+01
8.307297e+04	-2.021782e+01
8.355279e+04	-2.021195e+01
8.403539e+04	-2.019519e+01
8.452078e+04	-2.018432e+01
8.500897e+04	-2.020043e+01
8.549997e+04	-2.018417e+01
8.599382e+04	-2.019780e+01
8.649052e+04	-2.016860e+01
8.699008e+04	-2.014190e+01
8.749253e+04	-2.013363e+01
8.799789e+04	-2.012869e+01
8.850616e+04	-2.011691e+01
8.901737e+04	-2.009200e+01
8.953153e+04	-2.008331e+01
9.004866e+04	-2.005119e+01
9.056877e+04	-2.004694e+01
9.109190e+04	-2.002488e+01
9.161804e+04	-2.001073e+01
9.214722e+04	-1.999721e+01
9.267946e+04	-1.997548e+01
9.321477e+04	-1.991342e+01
9.375318e+04	-1.988999e+01
9.429469e+04	-1.989791e+01
9.483933e+04	-1.986684e+01
9.538712e+04	-1.984470e+01
9.593807e+04	-1.979285e+01
9.649221e+04	-1.976017e+01
9.704954e+04	-1.974857e+01
9.761010e+04	-1.970249e+01
9.817389e+04	-1.967185e+01
9.874094e+04	-1.963991e+01
9.931126e+04	-1.958296e+01
9.988488e+04	-1.955107e+01
1.004618e+05	-1.951414e+01
1.010421e+05	-1.947468e+01
1.016257e+05	-1.943117e+01
1.022127e+05	-1.937663e+01
1.028031e+05	-1.933809e+01
1.033968e+05	-1.927257e+01
1.039941e+05	-1.921654e+01
1.045947e+05	-1.918282e+01
1.051989e+05	-1.910043e+01
1.058065e+05	-1.908418e+01
1.064176e+05	-1.901127e+01
1.070323e+05	-1.892728e+01
1.076505e+05	-1.887233e+01
1.082723e+05	-1.881940e+01
1.088977e+05	-1.873457e+01
1.095266e+05	-1.866309e+01
1.101593e+05	-1.857918e+01
1.107955e+05	-1.850502e+01
1.114355e+05	-1.843596e+01
1.120791e+05	-1.836085e+01
1.127265e+05	-1.830137e+01
1.133776e+05	-1.819965e+01
1.140325e+05	-1.810151e+01
1.146911e+05	-1.801816e+01
1.153536e+05	-1.792361e+01
1.160198e+05	-1.784178e+01
1.166900e+05	-1.771134e+01
1.173640e+05	-1.761730e+01
1.180419e+05	-1.751966e+01
1.187237e+05	-1.741280e+01
1.194094e+05	-1.730243e+01
1.200991e+05	-1.716663e+01
1.207928e+05	-1.704271e+01
1.214905e+05	-1.692249e+01
1.221922e+05	-1.678307e+01
1.228980e+05	-1.666069e+01
1.236078e+05	-1.651051e+01
1.243218e+05	-1.635763e+01
1.250399e+05	-1.622995e+01
1.257621e+05	-1.606295e+01
1.264885e+05	-1.590602e+01
1.272191e+05	-1.574629e+01
1.279539e+05	-1.556814e+01
1.286930e+05	-1.540142e+01
1.294363e+05	-1.522010e+01
1.301839e+05	-1.501765e+01
1.309358e+05	-1.482595e+01
1.316921e+05	-1.461785e+01
1.324528e+05	-1.439842e+01
1.332178e+05	-1.416154e+01
1.339873e+05	-1.395442e+01
1.347612e+05	-1.371122e+01
1.355395e+05	-1.344076e+01
1.363224e+05	-1.318249e+01
1.371098e+05	-1.290524e+01
1.379018e+05	-1.264450e+01
1.386983e+05	-1.232609e+01
1.394994e+05	-1.200861e+01
1.403051e+05	-1.169205e+01
1.411155e+05	-1.133191e+01
1.419306e+05	-1.097814e+01
1.427504e+05	-1.057881e+01
1.435749e+05	-1.019073e+01
1.444042e+05	-9.769206e+00
1.452383e+05	-9.308968e+00
1.460772e+05	-8.828639e+00
1.469209e+05	-8.322272e+00
1.477695e+05	-7.807106e+00
1.486230e+05	-7.238837e+00
1.494814e+05	-6.623477e+00
1.503448e+05	-5.990863e+00
1.512132e+05	-5.296470e+00
1.520866e+05	-4.568592e+00
1.529651e+05	-3.827302e+00
1.538486e+05	-3.054892e+00
1.547372e+05	-2.246831e+00
1.556310e+05	-1.494651e+00
1.565299e+05	-8.198423e-01
1.574340e+05	-3.001012e-01
1.583433e+05	-2.489931e-02
1.592579e+05	-8.031830e-02
1.601778e+05	-3.638707e-01
1.611030e+05	-9.312076e-01
1.620335e+05	-1.654739e+00
1.629694e+05	-2.463340e+00
1.639107e+05	-3.297414e+00
1.648574e+05	-4.136205e+00
1.658097e+05	-4.949338e+00
1.667674e+05	-5.735312e+00
1.677306e+05	-6.456574e+00
1.686994e+05	-7.167192e+00
1.696738e+05	-7.841996e+00
1.706538e+05	-8.432370e+00
1.716395e+05	-9.029502e+00
1.726309e+05	-9.586935e+00
1.736280e+05	-1.010131e+01
1.746309e+05	-1.061355e+01
1.756395e+05	-1.107932e+01
1.766540e+05	-1.153685e+01
1.776744e+05	-1.196709e+01
1.787006e+05	-1.236015e+01
1.797328e+05	-1.276953e+01
1.807709e+05	-1.316350e+01
1.818150e+05	-1.350227e+01
1.828652e+05	-1.384643e+01
1.839214e+05	-1.417129e+01
1.849837e+05	-1.448752e+01
1.860522e+05	-1.479449e+01
1.871268e+05	-1.508813e+01
1.882077e+05	-1.538339e+01
1.892948e+05	-1.563353e+01
1.903881e+05	-1.589814e+01
1.914878e+05	-1.616436e+01
1.925938e+05	-1.637698e+01
1.937062e+05	-1.663905e+01
1.948251e+05	-1.684651e+01
1.959504e+05	-1.705492e+01
1.970822e+05	-1.726199e+01
1.982205e+05	-1.746031e+01
1.993654e+05	-1.764345e+01
2.005169e+05	-1.785111e+01
2.016751e+05	-1.803160e+01
2.028400e+05	-1.819525e+01
2.040116e+05	-1.832905e+01
2.051899e+05	-1.849705e+01
2.063751e+05	-1.863868e+01
2.075671e+05	-1.879211e+01
2.087660e+05	-1.894146e+01
2.099719e+05	-1.907543e+01
2.111846e+05	-1.918922e+01
2.124044e+05	-1.931047e+01
2.136313e+05	-1.941953e+01
2.148652e+05	-1.951944e+01
2.161063e+05	-1.960665e+01
2.173545e+05	-1.971480e+01
2.186099e+05	-1.979756e+01
2.198726e+05	-1.991388e+01
2.211426e+05	-1.998314e+01
2.224199e+05	-2.002641e+01
2.237046e+05	-2.010014e+01
2.249967e+05	-2.015416e+01
2.262962e+05	-2.022724e+01
2.276033e+05	-2.025255e+01
2.289179e+05	-2.031342e+01
2.302402e+05	-2.034742e+01
2.315700e+05	-2.034973e+01
2.329076e+05	-2.037186e+01
2.342528e+05	-2.037254e+01
2.356059e+05	-2.041212e+01
2.369667e+05	-2.040832e+01
2.383354e+05	-2.041116e+01
2.397120e+05	-2.039213e+01
2.410966e+05	-2.035600e+01
2.424892e+05	-2.035700e+01
2.438898e+05	-2.029456e+01
2.452985e+05	-2.027571e+01
2.467153e+05	-2.022503e+01
2.481403e+05	-2.015893e+01
2.495736e+05	-2.009805e+01
2.510151e+05	-2.002316e+01
2.524650e+05	-1.995235e+01
2.539232e+05	-1.984937e+01
2.553898e+05	-1.974196e+01
2.568650e+05	-1.963119e+01
2.583486e+05	-1.951335e+01
2.598408e+05	-1.937763e+01
2.613416e+05	-1.922727e+01
2.628511e+05	-1.906536e+01
2.643694e+05	-1.889741e+01
2.658963e+05	-1.873337e+01
2.674321e+05	-1.851322e+01
2.689768e+05	-1.833210e+01
2.705304e+05	-1.809187e+01
2.720930e+05	-1.784739e+01
2.736646e+05	-1.757826e+01
2.752453e+05	-1.730141e+01
2.768351e+05	-1.700041e+01
2.784341e+05	-1.666708e+01
2.800423e+05	-1.632148e+01
2.816598e+05	-1.595579e+01
2.832867e+05	-1.553513e+01
2.849229e+05	-1.509370e+01
2.865686e+05	-1.461316e+01
2.882238e+05	-1.409315e+01
2.898886e+05	-1.353511e+01
2.915630e+05	-1.292199e+01
2.932470e+05	-1.224617e+01
2.949408e+05	-1.148734e+01
2.966444e+05	-1.064666e+01
2.983578e+05	-9.723694e+00
3.000811e+05	-8.678734e+00
3.018143e+05	-7.505880e+00
3.035576e+05	-6.154877e+00
3.053109e+05	-4.625370e+00
3.070744e+05	-2.944640e+00
3.088481e+05	-1.292855e+00
3.106320e+05	-1.482602e-01
3.124261e+05	-1.641065e-01
3.142307e+05	-1.422621e+00
3.160457e+05	-3.144988e+00
3.178712e+05	-4.887691e+00
3.197072e+05	-6.468933e+00
3.215538e+05	-7.866415e+00
3.234111e+05	-9.113790e+00
3.252791e+05	-1.023251e+01
3.271579e+05	-1.121861e+01
3.290475e+05	-1.210410e+01
3.309481e+05	-1.290800e+01
3.328596e+05	-1.363503e+01
3.347822e+05	-1.431629e+01
3.367159e+05	-1.492220e+01
3.386608e+05	-1.548926e+01
3.406169e+05	-1.600009e+01
3.425842e+05	-1.650026e+01
3.445630e+05	-1.694405e+01
3.465532e+05	-1.737541e+01
3.485549e+05	-1.774750e+01
3.505681e+05	-1.812864e+01
3.525930e+05	-1.842076e+01
3.546295e+05	-1.874223e+01
3.566778e+05	-1.899876e+01
3.587380e+05	-1.928832e+01
3.608101e+05	-1.951143e+01
3.628941e+05	-1.971411e+01
3.649901e+05	-1.990585e+01
3.670983e+05	-2.008620e+01
3.692187e+05	-2.023253e+01
3.713513e+05	-2.036231e+01
3.734962e+05	-2.044965e+01
3.756535e+05	-2.055472e+01
3.778232e+05	-2.063073e+01
3.800055e+05	-2.068524e+01
3.822004e+05	-2.074193e+01
3.844080e+05	-2.073099e+01
3.866283e+05	-2.073927e+01
3.888615e+05	-2.067805e+01
3.911075e+05	-2.065015e+01
3.933665e+05	-2.057825e+01
3.956386e+05	-2.046476e+01
3.979238e+05	-2.033489e+01
4.002222e+05	-2.020034e+01
4.025338e+05	-2.002577e+01
4.048589e+05	-1.982841e+01
4.071973e+05	-1.957469e+01
4.095493e+05	-1.932872e+01
4.119148e+05	-1.900213e+01
4.142940e+05	-1.867463e+01
4.166870e+05	-1.827509e+01
4.190937e+05	-1.783731e+01
4.215144e+05	-1.736114e+01
4.239490e+05	-1.680118e+01
4.263978e+05	-1.618156e+01
4.288606e+05	-1.546296e+01
4.313377e+05	-1.466467e+01
4.338291e+05	-1.375807e+01
4.363349e+05	-1.267305e+01
4.388551e+05	-1.142432e+01
4.413899e+05	-9.953407e+00
4.439394e+05	-8.131059e+00
4.465035e+05	-5.923989e+00
4.490825e+05	-3.226301e+00
4.516764e+05	-5.877219e-01
4.542853e+05	-3.650800e-01
4.569092e+05	-2.919523e+00
4.595483e+05	-5.744175e+00
4.622026e+05	-8.138125e+00
4.648723e+05	-1.005693e+01
4.675574e+05	-1.166559e+01
4.702580e+05	-1.302855e+01
4.729742e+05	-1.420953e+01
4.757060e+05	-1.521078e+01
4.784537e+05	-1.610460e+01
4.812172e+05	-1.687925e+01
4.839967e+05	-1.755640e+01
4.867923e+05	-1.818087e+01
4.896040e+05	-1.871261e+01
4.924319e+05	-1.920902e+01
4.952762e+05	-1.961209e+01
4.981369e+05	-1.998027e+01
5.010141e+05	-2.028699e+01
5.039079e+05	-2.056587e+01
5.068185e+05	-2.078311e+01
5.097458e+05	-2.097409e+01
5.126901e+05	-2.110778e+01
5.156514e+05	-2.114928e+01
5.186298e+05	-2.120987e+01
5.216253e+05	-2.121555e+01
5.246382e+05	-2.113714e+01
5.276685e+05	-2.104087e+01
5.307163e+05	-2.087528e+01
5.337817e+05	-2.066588e+01
5.368648e+05	-2.039850e+01
5.399657e+05	-2.002903e+01
5.430845e+05	-1.961647e+01
5.462214e+05	-1.912133e+01
5.493763e+05	-1.852506e+01
5.525495e+05	-1.782091e+01
5.557410e+05	-1.697588e+01
5.589509e+05	-1.596629e+01
5.621794e+05	-1.475662e+01
5.654265e+05	-1.324638e+01
5.686924e+05	-1.137921e+01
5.719772e+05	-8.923704e+00
5.752809e+05	-5.539808e+00
5.786037e+05	-1.298461e+00
5.819457e+05	-8.132409e-01
5.853070e+05	-5.133413e+00
5.886877e+05	-8.759422e+00
5.920879e+05	-1.147167e+01
5.955078e+05	-1.350873e+01
5.989474e+05	-1.516453e+01
6.024069e+05	-1.651549e+01
6.058864e+05	-1.763367e+01
6.093860e+05	-1.857856e+01
6.129058e+05	-1.937385e+01
6.164459e+05	-2.000685e+01
6.200064e+05	-2.055528e+01
6.235876e+05	-2.100915e+01
6.271894e+05	-2.135123e+01
6.308120e+05	-2.158230e+01
6.344555e+05	-2.176167e+01
6.381201e+05	-2.183693e+01
6.418059e+05	-2.179679e+01
6.455129e+05	-2.169441e+01
6.492414e+05	-2.146894e+01
6.529914e+05	-2.114300e+01
6.567630e+05	-2.067659e+01
6.605565e+05	-2.008715e+01
6.643718e+05	-1.929937e+01
6.682092e+05	-1.830876e+01
6.720688e+05	-1.707925e+01
6.759506e+05	-1.544653e+01
6.798549e+05	-1.328983e+01
6.837817e+05	-1.023272e+01
6.877312e+05	-5.529211e+00
6.917035e+05	3.540140e-03
6.956987e+05	-5.116168e+00
6.997171e+05	-1.019421e+01
7.037586e+05	-1.349700e+01
7.078235e+05	-1.587357e+01
7.119118e+05	-1.766971e+01
7.160238e+05	-1.907077e+01
7.201595e+05	-2.015291e+01
7.243191e+05	-2.104694e+01
7.285028e+05	-2.169206e+01
7.327106e+05	-2.216476e+01
7.369427e+05	-2.249105e+01
7.411992e+05	-2.261548e+01
7.454804e+05	-2.257649e+01
7.497862e+05	-2.238307e+01
7.541170e+05	-2.198032e+01
7.584727e+05	-2.133481e+01
7.628536e+05	-2.043283e+01
7.672598e+05	-1.917995e+01
7.716915e+05	-1.741786e+01
7.761488e+05	-1.489875e+01
7.806318e+05	-1.103245e+01
7.851407e+05	-3.876568e+00
7.896756e+05	-3.419251e+00
7.942367e+05	-1.101370e+01
7.988242e+05	-1.524111e+01
8.034382e+05	-1.800543e+01
8.080788e+05	-1.995640e+01
8.127463e+05	-2.134804e+01
8.174406e+05	-2.237478e+01
8.221621e+05	-2.303822e+01
8.269109e+05	-2.340516e+01
8.316871e+05	-2.349037e+01
8.364909e+05	-2.324829e+01
8.413225e+05	-2.266750e+01
8.461819e+05	-2.163254e+01
8.510694e+05	-2.005733e+01
8.559852e+05	-1.757728e+01
8.609293e+05	-1.348091e+01
8.659020e+05	-4.728802e+00
8.709034e+05	-6.921146e+00
8.759337e+05	-1.476734e+01
8.809931e+05	-1.879403e+01
8.860816e+05	-2.130133e+01
8.911996e+05	-2.294912e+01
8.963471e+05	-2.396339e+01
9.015244e+05	-2.447322e+01
9.067316e+05	-2.443850e+01
9.119688e+05	-2.384881e+01
9.172363e+05	-2.257863e+01
9.225342e+05	-2.025616e+01
9.278628e+05	-1.599719e+01
9.332221e+05	-5.375290e+00
9.386123e+05	-1.111291e+01
9.440337e+05	-1.856302e+01
9.494864e+05	-2.223396e+01
9.549706e+05	-2.433280e+01
9.604865e+05	-2.539629e+01
9.660342e+05	-2.559931e+01
9.716140e+05	-2.487187e+01
9.772260e+05	-2.286277e+01
9.828704e+05	-1.857871e+01
9.885474e+05	-5.433741e+00
9.942572e+05	-1.555423e+01
1.000000e+06	-2.234440e+01
