Frequency(Hz)	Magnitude(dB)
1.000000e+01	-2.035594e+00
1.005776e+01	-2.054424e+00
1.011585e+01	-2.073434e+00
1.017428e+01	-2.092671e+00
1.023305e+01	-2.111712e+00
1.029215e+01	-2.130928e+00
1.035160e+01	-2.150335e+00
1.041139e+01	-2.170098e+00
1.047153e+01	-2.189736e+00
1.053201e+01	-2.209598e+00
1.059284e+01	-2.229797e+00
1.065403e+01	-2.249988e+00
1.071556e+01	-2.270385e+00
1.077746e+01	-2.290448e+00
1.083971e+01	-2.311240e+00
1.090232e+01	-2.331986e+00
1.096529e+01	-2.352820e+00
1.102862e+01	-2.373865e+00
1.109232e+01	-2.394860e+00
1.115639e+01	-2.415889e+00
1.122083e+01	-2.437457e+00
1.128564e+01	-2.459259e+00
1.135083e+01	-2.480664e+00
1.141639e+01	-2.502674e+00
1.148233e+01	-2.524738e+00
1.154865e+01	-2.546750e+00
1.161536e+01	-2.569000e+00
1.168245e+01	-2.591353e+00
1.174992e+01	-2.614246e+00
1.181779e+01	-2.636621e+00
1.188605e+01	-2.659487e+00
1.195470e+01	-2.682471e+00
1.202375e+01	-2.705610e+00
1.209320e+01	-2.729006e+00
1.216305e+01	-2.752389e+00
1.223330e+01	-2.775896e+00
1.230396e+01	-2.799287e+00
1.237503e+01	-2.823488e+00
1.244651e+01	-2.847792e+00
1.251840e+01	-2.871481e+00
1.259070e+01	-2.895812e+00
1.266343e+01	-2.920276e+00
1.273657e+01	-2.944630e+00
1.281014e+01	-2.969334e+00
1.288413e+01	-2.994132e+00
1.295855e+01	-3.019052e+00
1.303339e+01	-3.044130e+00
1.310867e+01	-3.069848e+00
1.318439e+01	-3.095107e+00
1.326054e+01	-3.120716e+00
1.333713e+01	-3.146479e+00
1.341417e+01	-3.172292e+00
1.349165e+01	-3.198140e+00
1.356958e+01	-3.224306e+00
1.364795e+01	-3.250511e+00
1.372678e+01	-3.277201e+00
1.380607e+01	-3.303739e+00
1.388581e+01	-3.330397e+00
1.396602e+01	-3.357440e+00
1.404668e+01	-3.384307e+00
1.412782e+01	-3.411450e+00
1.420942e+01	-3.438736e+00
1.429149e+01	-3.466066e+00
1.437404e+01	-3.493518e+00
1.445706e+01	-3.521450e+00
1.454057e+01	-3.549452e+00
1.462455e+01	-3.577210e+00
1.470902e+01	-3.605347e+00
1.479398e+01	-3.633644e+00
1.487943e+01	-3.662020e+00
1.496537e+01	-3.690904e+00
1.505181e+01	-3.719404e+00
1.513875e+01	-3.748292e+00
1.522619e+01	-3.777290e+00
1.531414e+01	-3.806395e+00
1.540259e+01	-3.835847e+00
1.549156e+01	-3.865013e+00
1.558103e+01	-3.894696e+00
1.567103e+01	-3.924263e+00
1.576155e+01	-3.954048e+00
1.585258e+01	-3.983990e+00
1.594415e+01	-4.014429e+00
1.603624e+01	-4.044501e+00
1.612886e+01	-4.074858e+00
1.622202e+01	-4.105311e+00
1.631572e+01	-4.136079e+00
1.640996e+01	-4.166905e+00
1.650474e+01	-4.197522e+00
1.660008e+01	-4.228769e+00
1.669596e+01	-4.260163e+00
1.679239e+01	-4.291524e+00
1.688938e+01	-4.322968e+00
1.698694e+01	-4.354562e+00
1.708505e+01	-4.386221e+00
1.718373e+01	-4.418094e+00
1.728299e+01	-4.450049e+00
1.738281e+01	-4.482155e+00
1.748322e+01	-4.514426e+00
1.758420e+01	-4.547041e+00
1.768576e+01	-4.579346e+00
1.778792e+01	-4.612180e+00
1.789066e+01	-4.644677e+00
1.799399e+01	-4.677705e+00
1.809793e+01	-4.710781e+00
1.820246e+01	-4.743925e+00
1.830760e+01	-4.777366e+00
1.841334e+01	-4.810912e+00
1.851969e+01	-4.844095e+00
1.862666e+01	-4.878201e+00
1.873425e+01	-4.911757e+00
1.884246e+01	-4.945576e+00
1.895129e+01	-4.979914e+00
1.906075e+01	-5.014420e+00
1.917085e+01	-5.048057e+00
1.928158e+01	-5.082817e+00
1.939295e+01	-5.117658e+00
1.950496e+01	-5.152213e+00
1.961762e+01	-5.186985e+00
1.973093e+01	-5.221880e+00
1.984490e+01	-5.257008e+00
1.995952e+01	-5.292278e+00
2.007480e+01	-5.327134e+00
2.019076e+01	-5.362964e+00
2.030738e+01	-5.398364e+00
2.042467e+01	-5.433904e+00
2.054264e+01	-5.469495e+00
2.066130e+01	-5.505431e+00
2.078064e+01	-5.541734e+00
2.090066e+01	-5.577502e+00
2.102139e+01	-5.613967e+00
2.114280e+01	-5.650144e+00
2.126492e+01	-5.687007e+00
2.138775e+01	-5.723498e+00
2.151128e+01	-5.759807e+00
2.163553e+01	-5.796961e+00
2.176050e+01	-5.833920e+00
2.188619e+01	-5.870788e+00
2.201260e+01	-5.907953e+00
2.213974e+01	-5.945137e+00
2.226762e+01	-5.982345e+00
2.239624e+01	-6.019828e+00
2.252560e+01	-6.057520e+00
2.265571e+01	-6.095403e+00
2.278656e+01	-6.133107e+00
2.291818e+01	-6.170673e+00
2.305055e+01	-6.208951e+00
2.318369e+01	-6.246903e+00
2.331760e+01	-6.285298e+00
2.345228e+01	-6.323786e+00
2.358774e+01	-6.361401e+00
2.372398e+01	-6.400526e+00
2.386101e+01	-6.439155e+00
2.399883e+01	-6.477767e+00
2.413745e+01	-6.516690e+00
2.427686e+01	-6.555418e+00
2.441709e+01	-6.595207e+00
2.455812e+01	-6.633763e+00
2.469997e+01	-6.672490e+00
2.484263e+01	-6.711925e+00
2.498612e+01	-6.751440e+00
2.513044e+01	-6.791084e+00
2.527559e+01	-6.830529e+00
2.542158e+01	-6.870103e+00
2.556842e+01	-6.910169e+00
2.571610e+01	-6.949967e+00
2.586463e+01	-6.990008e+00
2.601403e+01	-7.029969e+00
2.616428e+01	-7.070241e+00
2.631541e+01	-7.110246e+00
2.646740e+01	-7.150654e+00
2.662028e+01	-7.191400e+00
2.677404e+01	-7.231618e+00
2.692868e+01	-7.272170e+00
2.708422e+01	-7.313000e+00
2.724066e+01	-7.353886e+00
2.739800e+01	-7.394645e+00
2.755625e+01	-7.435357e+00
2.771541e+01	-7.476951e+00
2.787550e+01	-7.517811e+00
2.803650e+01	-7.559115e+00
2.819844e+01	-7.600208e+00
2.836131e+01	-7.641462e+00
2.852513e+01	-7.683518e+00
2.868989e+01	-7.724473e+00
2.885560e+01	-7.766356e+00
2.902227e+01	-7.808087e+00
2.918990e+01	-7.849710e+00
2.935850e+01	-7.891779e+00
2.952807e+01	-7.933692e+00
2.969863e+01	-7.975644e+00
2.987016e+01	-8.017531e+00
3.004269e+01	-8.059981e+00
3.021622e+01	-8.102667e+00
3.039075e+01	-8.144521e+00
3.056628e+01	-8.186891e+00
3.074283e+01	-8.229001e+00
3.092040e+01	-8.271889e+00
3.109900e+01	-8.314430e+00
3.127862e+01	-8.357370e+00
3.145929e+01	-8.399524e+00
3.164099e+01	-8.442834e+00
3.182375e+01	-8.485351e+00
3.200756e+01	-8.528369e+00
3.219244e+01	-8.571486e+00
3.237838e+01	-8.614896e+00
3.256540e+01	-8.657773e+00
3.275349e+01	-8.700877e+00
3.294268e+01	-8.744290e+00
3.313295e+01	-8.787740e+00
3.332433e+01	-8.831203e+00
3.351681e+01	-8.874540e+00
3.371040e+01	-8.918422e+00
3.390511e+01	-8.961832e+00
3.410094e+01	-9.006056e+00
3.429791e+01	-9.049570e+00
3.449601e+01	-9.093504e+00
3.469526e+01	-9.137129e+00
3.489566e+01	-9.181121e+00
3.509721e+01	-9.225040e+00
3.529993e+01	-9.269164e+00
3.550382e+01	-9.313483e+00
3.570889e+01	-9.357687e+00
3.591515e+01	-9.401924e+00
3.612259e+01	-9.445736e+00
3.633123e+01	-9.490685e+00
3.654108e+01	-9.534759e+00
3.675214e+01	-9.579550e+00
3.696442e+01	-9.623755e+00
3.717792e+01	-9.668562e+00
3.739266e+01	-9.712938e+00
3.760864e+01	-9.757977e+00
3.782587e+01	-9.802001e+00
3.804435e+01	-9.847416e+00
3.826409e+01	-9.892834e+00
3.848510e+01	-9.937321e+00
3.870739e+01	-9.982597e+00
3.893096e+01	-1.002797e+01
3.915583e+01	-1.007228e+01
3.938199e+01	-1.011722e+01
3.960946e+01	-1.016258e+01
3.983824e+01	-1.020806e+01
4.006834e+01	-1.025360e+01
4.029978e+01	-1.029859e+01
4.053255e+01	-1.034414e+01
4.076666e+01	-1.038949e+01
4.100213e+01	-1.043479e+01
4.123896e+01	-1.048031e+01
4.147715e+01	-1.052608e+01
4.171672e+01	-1.057156e+01
4.195767e+01	-1.061781e+01
4.220002e+01	-1.066282e+01
4.244377e+01	-1.070865e+01
4.268892e+01	-1.075453e+01
4.293549e+01	-1.080038e+01
4.318348e+01	-1.084602e+01
4.343291e+01	-1.089225e+01
4.368377e+01	-1.093806e+01
4.393609e+01	-1.098423e+01
4.418986e+01	-1.103006e+01
4.444510e+01	-1.107694e+01
4.470182e+01	-1.112279e+01
4.496001e+01	-1.116823e+01
4.521970e+01	-1.121520e+01
4.548089e+01	-1.126161e+01
4.574358e+01	-1.130798e+01
4.600779e+01	-1.135421e+01
4.627353e+01	-1.140064e+01
4.654081e+01	-1.144649e+01
4.680963e+01	-1.149320e+01
4.708000e+01	-1.153906e+01
4.735193e+01	-1.158600e+01
4.762543e+01	-1.163221e+01
4.790051e+01	-1.167938e+01
4.817719e+01	-1.172584e+01
4.845545e+01	-1.177248e+01
4.873533e+01	-1.181959e+01
4.901682e+01	-1.186577e+01
4.929994e+01	-1.191426e+01
4.958470e+01	-1.196020e+01
4.987110e+01	-1.200676e+01
5.015915e+01	-1.205321e+01
5.044887e+01	-1.210057e+01
5.074026e+01	-1.214721e+01
5.103333e+01	-1.219431e+01
5.132810e+01	-1.224133e+01
5.162457e+01	-1.228779e+01
5.192275e+01	-1.233540e+01
5.222265e+01	-1.238230e+01
5.252429e+01	-1.242985e+01
5.282767e+01	-1.247663e+01
5.313280e+01	-1.252413e+01
5.343969e+01	-1.257162e+01
5.374836e+01	-1.261853e+01
5.405880e+01	-1.266599e+01
5.437105e+01	-1.271290e+01
5.468509e+01	-1.276058e+01
5.500095e+01	-1.280878e+01
5.531863e+01	-1.285561e+01
5.563815e+01	-1.290315e+01
5.595951e+01	-1.295048e+01
5.628273e+01	-1.299760e+01
5.660782e+01	-1.304510e+01
5.693479e+01	-1.309302e+01
5.726364e+01	-1.314060e+01
5.759439e+01	-1.318835e+01
5.792705e+01	-1.323598e+01
5.826164e+01	-1.328358e+01
5.859815e+01	-1.333107e+01
5.893662e+01	-1.337917e+01
5.927703e+01	-1.342677e+01
5.961941e+01	-1.347385e+01
5.996377e+01	-1.352300e+01
6.031012e+01	-1.357031e+01
6.065847e+01	-1.361738e+01
6.100883e+01	-1.366597e+01
6.136121e+01	-1.371404e+01
6.171563e+01	-1.376212e+01
6.207210e+01	-1.380865e+01
6.243063e+01	-1.385750e+01
6.279122e+01	-1.390550e+01
6.315390e+01	-1.395352e+01
6.351868e+01	-1.400167e+01
6.388556e+01	-1.404961e+01
6.425456e+01	-1.409704e+01
6.462569e+01	-1.414644e+01
6.499897e+01	-1.419491e+01
6.537440e+01	-1.424181e+01
6.575200e+01	-1.429016e+01
6.613178e+01	-1.433794e+01
6.651375e+01	-1.438703e+01
6.689793e+01	-1.443461e+01
6.728433e+01	-1.448300e+01
6.767297e+01	-1.453224e+01
6.806384e+01	-1.458039e+01
6.845698e+01	-1.462716e+01
6.885238e+01	-1.467654e+01
6.925007e+01	-1.472405e+01
6.965005e+01	-1.477373e+01
7.005235e+01	-1.482130e+01
7.045697e+01	-1.486937e+01
7.086393e+01	-1.491724e+01
7.127323e+01	-1.496593e+01
7.168490e+01	-1.501520e+01
7.209895e+01	-1.506299e+01
7.251539e+01	-1.511151e+01
7.293424e+01	-1.516015e+01
7.335551e+01	-1.520939e+01
7.377920e+01	-1.525816e+01
7.420535e+01	-1.530558e+01
7.463396e+01	-1.535490e+01
7.506504e+01	-1.540285e+01
7.549861e+01	-1.545203e+01
7.593469e+01	-1.549956e+01
7.637328e+01	-1.554929e+01
7.681441e+01	-1.559697e+01
7.725809e+01	-1.564582e+01
7.770433e+01	-1.569564e+01
7.815315e+01	-1.574376e+01
7.860456e+01	-1.579236e+01
7.905857e+01	-1.584036e+01
7.951521e+01	-1.588860e+01
7.997449e+01	-1.593893e+01
8.043642e+01	-1.598755e+01
8.090102e+01	-1.603596e+01
8.136830e+01	-1.608467e+01
8.183828e+01	-1.613394e+01
8.231097e+01	-1.618132e+01
8.278640e+01	-1.623077e+01
8.326457e+01	-1.627920e+01
8.374550e+01	-1.632784e+01
8.422921e+01	-1.637820e+01
8.471572e+01	-1.642682e+01
8.520503e+01	-1.647593e+01
8.569717e+01	-1.652500e+01
8.619215e+01	-1.657432e+01
8.669000e+01	-1.662123e+01
8.719071e+01	-1.667164e+01
8.769432e+01	-1.672030e+01
8.820084e+01	-1.676837e+01
8.871029e+01	-1.681812e+01
8.922267e+01	-1.686713e+01
8.973802e+01	-1.691604e+01
9.025634e+01	-1.696599e+01
9.077766e+01	-1.701493e+01
9.130199e+01	-1.706363e+01
9.182935e+01	-1.711138e+01
9.235975e+01	-1.716219e+01
9.289321e+01	-1.721106e+01
9.342976e+01	-1.725938e+01
9.396941e+01	-1.730865e+01
9.451217e+01	-1.735631e+01
9.505807e+01	-1.740710e+01
9.560712e+01	-1.745528e+01
9.615934e+01	-1.750414e+01
9.671476e+01	-1.755290e+01
9.727338e+01	-1.760331e+01
9.783522e+01	-1.765301e+01
9.840032e+01	-1.770154e+01
9.896867e+01	-1.775144e+01
9.954031e+01	-1.779968e+01
1.001153e+02	-1.784969e+01
1.006935e+02	-1.789872e+01
1.012751e+02	-1.794806e+01
1.018601e+02	-1.799712e+01
1.024484e+02	-1.804679e+01
1.030402e+02	-1.809535e+01
1.036353e+02	-1.814445e+01
1.042339e+02	-1.819288e+01
1.048360e+02	-1.824390e+01
1.054415e+02	-1.829388e+01
1.060505e+02	-1.834187e+01
1.066631e+02	-1.839020e+01
1.072791e+02	-1.843892e+01
1.078988e+02	-1.849042e+01
1.085220e+02	-1.853920e+01
1.091488e+02	-1.858813e+01
1.097793e+02	-1.863633e+01
1.104133e+02	-1.868777e+01
1.110511e+02	-1.873587e+01
1.116925e+02	-1.878496e+01
1.123376e+02	-1.883687e+01
1.129865e+02	-1.888459e+01
1.136391e+02	-1.893383e+01
1.142955e+02	-1.898446e+01
1.149556e+02	-1.903298e+01
1.156196e+02	-1.908221e+01
1.162874e+02	-1.913111e+01
1.169591e+02	-1.918240e+01
1.176347e+02	-1.923259e+01
1.183141e+02	-1.928024e+01
1.189975e+02	-1.932902e+01
1.196848e+02	-1.937900e+01
1.203761e+02	-1.942880e+01
1.210714e+02	-1.947722e+01
1.217707e+02	-1.952706e+01
1.224740e+02	-1.957801e+01
1.231814e+02	-1.962655e+01
1.238929e+02	-1.967686e+01
1.246085e+02	-1.972642e+01
1.253283e+02	-1.977514e+01
1.260522e+02	-1.982384e+01
1.267802e+02	-1.987544e+01
1.275125e+02	-1.992442e+01
1.282490e+02	-1.997410e+01
1.289898e+02	-2.002243e+01
1.297348e+02	-2.007321e+01
1.304842e+02	-2.012202e+01
1.312378e+02	-2.017322e+01
1.319959e+02	-2.022083e+01
1.327583e+02	-2.027135e+01
1.335251e+02	-2.031969e+01
1.342963e+02	-2.037075e+01
1.350720e+02	-2.042122e+01
1.358522e+02	-2.046818e+01
1.366368e+02	-2.051750e+01
1.374260e+02	-2.056796e+01
1.382198e+02	-2.061600e+01
1.390182e+02	-2.066645e+01
1.398211e+02	-2.071532e+01
1.406287e+02	-2.076546e+01
1.414410e+02	-2.081527e+01
1.422579e+02	-2.086489e+01
1.430796e+02	-2.091601e+01
1.439060e+02	-2.096371e+01
1.447372e+02	-2.101480e+01
1.455732e+02	-2.106350e+01
1.464141e+02	-2.111401e+01
1.472597e+02	-2.116544e+01
1.481103e+02	-2.121250e+01
1.489658e+02	-2.126181e+01
1.498262e+02	-2.131201e+01
1.506916e+02	-2.135953e+01
1.515620e+02	-2.141173e+01
1.524374e+02	-2.145972e+01
1.533179e+02	-2.151142e+01
1.542034e+02	-2.156276e+01
1.550941e+02	-2.161219e+01
1.559899e+02	-2.166127e+01
1.568909e+02	-2.170950e+01
1.577971e+02	-2.175911e+01
1.587085e+02	-2.180890e+01
1.596252e+02	-2.185920e+01
1.605472e+02	-2.190594e+01
1.614745e+02	-2.195771e+01
1.624072e+02	-2.200633e+01
1.633453e+02	-2.205934e+01
1.642887e+02	-2.210845e+01
1.652377e+02	-2.215904e+01
1.661921e+02	-2.220706e+01
1.671520e+02	-2.225609e+01
1.681175e+02	-2.230635e+01
1.690885e+02	-2.235666e+01
1.700651e+02	-2.240675e+01
1.710474e+02	-2.245676e+01
1.720354e+02	-2.250596e+01
1.730291e+02	-2.255672e+01
1.740285e+02	-2.260476e+01
1.750337e+02	-2.265475e+01
1.760446e+02	-2.270389e+01
1.770615e+02	-2.275403e+01
1.780842e+02	-2.280635e+01
1.791128e+02	-2.285307e+01
1.801473e+02	-2.290325e+01
1.811878e+02	-2.295483e+01
1.822344e+02	-2.300414e+01
1.832870e+02	-2.305460e+01
1.843456e+02	-2.310336e+01
1.854104e+02	-2.315155e+01
1.864813e+02	-2.320446e+01
1.875584e+02	-2.325373e+01
1.886418e+02	-2.330284e+01
1.897313e+02	-2.335169e+01
1.908272e+02	-2.340216e+01
1.919294e+02	-2.345122e+01
1.930380e+02	-2.350304e+01
1.941530e+02	-2.355411e+01
1.952744e+02	-2.360289e+01
1.964023e+02	-2.364992e+01
1.975367e+02	-2.370173e+01
1.986777e+02	-2.375082e+01
1.998252e+02	-2.380022e+01
2.009794e+02	-2.384787e+01
2.021403e+02	-2.390118e+01
2.033078e+02	-2.395140e+01
2.044821e+02	-2.400007e+01
2.056632e+02	-2.404955e+01
2.068511e+02	-2.409949e+01
2.080459e+02	-2.414855e+01
2.092475e+02	-2.419980e+01
2.104561e+02	-2.425137e+01
2.116717e+02	-2.430198e+01
2.128943e+02	-2.434715e+01
2.141240e+02	-2.439863e+01
2.153608e+02	-2.444873e+01
2.166047e+02	-2.449832e+01
2.178558e+02	-2.454691e+01
2.191141e+02	-2.459785e+01
2.203797e+02	-2.464953e+01
2.216526e+02	-2.469925e+01
2.229329e+02	-2.474792e+01
2.242205e+02	-2.479959e+01
2.255156e+02	-2.484848e+01
2.268182e+02	-2.489900e+01
2.281283e+02	-2.494711e+01
2.294459e+02	-2.499738e+01
2.307712e+02	-2.504794e+01
2.321041e+02	-2.509792e+01
2.334447e+02	-2.514723e+01
2.347931e+02	-2.519751e+01
2.361493e+02	-2.524840e+01
2.375133e+02	-2.529753e+01
2.388851e+02	-2.534789e+01
2.402649e+02	-2.539709e+01
2.416527e+02	-2.544961e+01
2.430484e+02	-2.549783e+01
2.444523e+02	-2.554626e+01
2.458642e+02	-2.559496e+01
2.472843e+02	-2.564587e+01
2.487126e+02	-2.569551e+01
2.501492e+02	-2.574812e+01
2.515940e+02	-2.579893e+01
2.530472e+02	-2.584724e+01
2.545088e+02	-2.589718e+01
2.559789e+02	-2.594607e+01
2.574574e+02	-2.599439e+01
2.589444e+02	-2.604463e+01
2.604401e+02	-2.609373e+01
2.619444e+02	-2.614367e+01
2.634574e+02	-2.619688e+01
2.649791e+02	-2.624204e+01
2.665096e+02	-2.629549e+01
2.680489e+02	-2.634594e+01
2.695972e+02	-2.639684e+01
2.711544e+02	-2.644606e+01
2.727205e+02	-2.649458e+01
2.742958e+02	-2.654891e+01
2.758801e+02	-2.659911e+01
2.774736e+02	-2.664453e+01
2.790762e+02	-2.669527e+01
2.806882e+02	-2.674380e+01
2.823094e+02	-2.679763e+01
2.839400e+02	-2.684702e+01
2.855800e+02	-2.689912e+01
2.872295e+02	-2.694769e+01
2.888886e+02	-2.699628e+01
2.905572e+02	-2.704480e+01
2.922354e+02	-2.709418e+01
2.939234e+02	-2.714728e+01
2.956211e+02	-2.719576e+01
2.973286e+02	-2.724202e+01
2.990459e+02	-2.729702e+01
3.007732e+02	-2.734373e+01
3.025104e+02	-2.739411e+01
3.042577e+02	-2.744388e+01
3.060151e+02	-2.749692e+01
3.077826e+02	-2.754583e+01
3.095604e+02	-2.759058e+01
3.113484e+02	-2.764667e+01
3.131467e+02	-2.769743e+01
3.149554e+02	-2.774357e+01
3.167746e+02	-2.779457e+01
3.186043e+02	-2.784279e+01
3.204445e+02	-2.789596e+01
3.222954e+02	-2.794365e+01
3.241570e+02	-2.799652e+01
3.260293e+02	-2.804872e+01
3.279124e+02	-2.809613e+01
3.298064e+02	-2.814327e+01
3.317114e+02	-2.819310e+01
3.336273e+02	-2.824606e+01
3.355544e+02	-2.829269e+01
3.374925e+02	-2.834458e+01
3.394418e+02	-2.839771e+01
3.414024e+02	-2.844926e+01
3.433744e+02	-2.849549e+01
3.453577e+02	-2.854659e+01
3.473525e+02	-2.859821e+01
3.493588e+02	-2.864909e+01
3.513766e+02	-2.869544e+01
3.534062e+02	-2.874614e+01
3.554474e+02	-2.879790e+01
3.575005e+02	-2.884207e+01
3.595654e+02	-2.889483e+01
3.616422e+02	-2.894699e+01
3.637311e+02	-2.899826e+01
3.658320e+02	-2.904826e+01
3.679450e+02	-2.909452e+01
3.700702e+02	-2.914710e+01
3.722077e+02	-2.919789e+01
3.743576e+02	-2.924529e+01
3.765199e+02	-2.929797e+01
3.786946e+02	-2.934661e+01
3.808820e+02	-2.939296e+01
3.830819e+02	-2.944537e+01
3.852946e+02	-2.949738e+01
3.875200e+02	-2.954724e+01
3.897583e+02	-2.960043e+01
3.920096e+02	-2.964817e+01
3.942738e+02	-2.969523e+01
3.965511e+02	-2.975037e+01
3.988416e+02	-2.979521e+01
4.011452e+02	-2.984688e+01
4.034622e+02	-2.990028e+01
4.057926e+02	-2.994690e+01
4.081365e+02	-3.000377e+01
4.104938e+02	-3.004879e+01
4.128648e+02	-3.009798e+01
4.152495e+02	-3.014946e+01
4.176480e+02	-3.019810e+01
4.200603e+02	-3.024782e+01
4.224866e+02	-3.029906e+01
4.249268e+02	-3.035098e+01
4.273812e+02	-3.040223e+01
4.298497e+02	-3.045232e+01
4.323325e+02	-3.050045e+01
4.348297e+02	-3.054833e+01
4.373412e+02	-3.059980e+01
4.398673e+02	-3.064880e+01
4.424079e+02	-3.070619e+01
4.449633e+02	-3.075178e+01
4.475334e+02	-3.080167e+01
4.501183e+02	-3.085225e+01
4.527182e+02	-3.090362e+01
4.553330e+02	-3.095487e+01
4.579630e+02	-3.100597e+01
4.606082e+02	-3.105151e+01
4.632687e+02	-3.109748e+01
4.659445e+02	-3.114931e+01
4.686358e+02	-3.119973e+01
4.713426e+02	-3.125205e+01
4.740650e+02	-3.130493e+01
4.768032e+02	-3.135327e+01
4.795572e+02	-3.140062e+01
4.823271e+02	-3.145025e+01
4.851130e+02	-3.150793e+01
4.879150e+02	-3.155533e+01
4.907332e+02	-3.160633e+01
4.935676e+02	-3.165163e+01
4.964185e+02	-3.170370e+01
4.992858e+02	-3.175215e+01
5.021696e+02	-3.179837e+01
5.050701e+02	-3.185462e+01
5.079874e+02	-3.190010e+01
5.109215e+02	-3.195146e+01
5.138726e+02	-3.200696e+01
5.168407e+02	-3.205924e+01
5.198259e+02	-3.211194e+01
5.228284e+02	-3.215407e+01
5.258482e+02	-3.220644e+01
5.288855e+02	-3.225292e+01
5.319403e+02	-3.230375e+01
5.350128e+02	-3.235681e+01
5.381030e+02	-3.240293e+01
5.412111e+02	-3.245527e+01
5.443371e+02	-3.250534e+01
5.474812e+02	-3.255504e+01
5.506434e+02	-3.260424e+01
5.538239e+02	-3.266128e+01
5.570228e+02	-3.270283e+01
5.602401e+02	-3.276364e+01
5.634760e+02	-3.281099e+01
5.667306e+02	-3.285173e+01
5.700040e+02	-3.290840e+01
5.732964e+02	-3.296127e+01
5.766077e+02	-3.301015e+01
5.799382e+02	-3.305714e+01
5.832879e+02	-3.310684e+01
5.866569e+02	-3.315834e+01
5.900454e+02	-3.321217e+01
5.934535e+02	-3.326063e+01
5.968813e+02	-3.330957e+01
6.003288e+02	-3.336476e+01
6.037963e+02	-3.341119e+01
6.072838e+02	-3.346560e+01
6.107914e+02	-3.351577e+01
6.143194e+02	-3.356434e+01
6.178676e+02	-3.361660e+01
6.214364e+02	-3.366128e+01
6.250258e+02	-3.371285e+01
6.286359e+02	-3.376339e+01
6.322669e+02	-3.381061e+01
6.359189e+02	-3.386781e+01
6.395919e+02	-3.391612e+01
6.432862e+02	-3.396343e+01
6.470017e+02	-3.401743e+01
6.507388e+02	-3.406560e+01
6.544974e+02	-3.411516e+01
6.582778e+02	-3.417215e+01
6.620800e+02	-3.421812e+01
6.659041e+02	-3.426291e+01
6.697504e+02	-3.432088e+01
6.736188e+02	-3.436966e+01
6.775096e+02	-3.441141e+01
6.814229e+02	-3.447132e+01
6.853587e+02	-3.451009e+01
6.893173e+02	-3.457055e+01
6.932988e+02	-3.461251e+01
6.973033e+02	-3.467213e+01
7.013309e+02	-3.471672e+01
7.053817e+02	-3.477770e+01
7.094560e+02	-3.482408e+01
7.135538e+02	-3.486501e+01
7.176752e+02	-3.493304e+01
7.218205e+02	-3.497454e+01
7.259897e+02	-3.501158e+01
7.301830e+02	-3.507300e+01
7.344005e+02	-3.512184e+01
7.386424e+02	-3.516359e+01
7.429087e+02	-3.523338e+01
7.471998e+02	-3.526921e+01
7.515155e+02	-3.532170e+01
7.558563e+02	-3.537657e+01
7.602221e+02	-3.543034e+01
7.646131e+02	-3.546709e+01
7.690295e+02	-3.552040e+01
7.734713e+02	-3.557823e+01
7.779389e+02	-3.562849e+01
7.824322e+02	-3.567618e+01
7.869515e+02	-3.572302e+01
7.914969e+02	-3.578153e+01
7.960686e+02	-3.583179e+01
8.006666e+02	-3.587970e+01
8.052912e+02	-3.593682e+01
8.099426e+02	-3.598491e+01
8.146208e+02	-3.602530e+01
8.193260e+02	-3.608455e+01
8.240584e+02	-3.613007e+01
8.288181e+02	-3.618117e+01
8.336053e+02	-3.623923e+01
8.384202e+02	-3.628636e+01
8.432629e+02	-3.633864e+01
8.481335e+02	-3.638781e+01
8.530323e+02	-3.643498e+01
8.579594e+02	-3.649803e+01
8.629149e+02	-3.652598e+01
8.678991e+02	-3.659415e+01
8.729120e+02	-3.664057e+01
8.779539e+02	-3.669206e+01
8.830250e+02	-3.673057e+01
8.881253e+02	-3.679243e+01
8.932551e+02	-3.683735e+01
8.984145e+02	-3.689800e+01
9.036037e+02	-3.693271e+01
9.088229e+02	-3.698450e+01
9.140722e+02	-3.704143e+01
9.193518e+02	-3.708740e+01
9.246620e+02	-3.716326e+01
9.300028e+02	-3.719418e+01
9.353744e+02	-3.724571e+01
9.407771e+02	-3.728972e+01
9.462110e+02	-3.734383e+01
9.516763e+02	-3.740891e+01
9.571731e+02	-3.744831e+01
9.627017e+02	-3.750473e+01
9.682622e+02	-3.756060e+01
9.738549e+02	-3.760642e+01
9.794798e+02	-3.766175e+01
9.851373e+02	-3.770039e+01
9.908274e+02	-3.775965e+01
9.965504e+02	-3.780799e+01
1.002306e+03	-3.784497e+01
1.008096e+03	-3.791246e+01
1.013918e+03	-3.795751e+01
1.019775e+03	-3.801558e+01
1.025665e+03	-3.805650e+01
1.031589e+03	-3.810619e+01
1.037548e+03	-3.816493e+01
1.043540e+03	-3.820664e+01
1.049568e+03	-3.825561e+01
1.055630e+03	-3.830722e+01
1.061727e+03	-3.835880e+01
1.067860e+03	-3.841543e+01
1.074028e+03	-3.846012e+01
1.080231e+03	-3.852085e+01
1.086471e+03	-3.857622e+01
1.092746e+03	-3.862239e+01
1.099058e+03	-3.867101e+01
1.105406e+03	-3.872570e+01
1.111791e+03	-3.876689e+01
1.118212e+03	-3.883054e+01
1.124671e+03	-3.887190e+01
1.131167e+03	-3.891517e+01
1.137701e+03	-3.896674e+01
1.144272e+03	-3.903637e+01
1.150881e+03	-3.907700e+01
1.157529e+03	-3.912824e+01
1.164215e+03	-3.917598e+01
1.170939e+03	-3.923531e+01
1.177702e+03	-3.926504e+01
1.184505e+03	-3.931149e+01
1.191346e+03	-3.939637e+01
1.198227e+03	-3.943719e+01
1.205148e+03	-3.948856e+01
1.212109e+03	-3.954250e+01
1.219110e+03	-3.957343e+01
1.226152e+03	-3.963875e+01
1.233234e+03	-3.969480e+01
1.240357e+03	-3.973454e+01
1.247521e+03	-3.978379e+01
1.254727e+03	-3.984921e+01
1.261974e+03	-3.990097e+01
1.269263e+03	-3.994231e+01
1.276595e+03	-4.000507e+01
1.283968e+03	-4.005575e+01
1.291384e+03	-4.009710e+01
1.298843e+03	-4.016381e+01
1.306345e+03	-4.021058e+01
1.313891e+03	-4.023611e+01
1.321480e+03	-4.031041e+01
1.329113e+03	-4.035898e+01
1.336790e+03	-4.040331e+01
1.344511e+03	-4.045846e+01
1.352277e+03	-4.049384e+01
1.360087e+03	-4.057438e+01
1.367943e+03	-4.061094e+01
1.375844e+03	-4.066459e+01
1.383791e+03	-4.071328e+01
1.391784e+03	-4.075869e+01
1.399823e+03	-4.081161e+01
1.407908e+03	-4.086779e+01
1.416040e+03	-4.093561e+01
1.424219e+03	-4.098109e+01
1.432445e+03	-4.101897e+01
1.440719e+03	-4.110069e+01
1.449041e+03	-4.113059e+01
1.457410e+03	-4.119831e+01
1.465828e+03	-4.122941e+01
1.474295e+03	-4.129020e+01
1.482810e+03	-4.133355e+01
1.491375e+03	-4.138601e+01
1.499989e+03	-4.141860e+01
1.508653e+03	-4.148020e+01
1.517367e+03	-4.153753e+01
1.526131e+03	-4.160098e+01
1.534946e+03	-4.165831e+01
1.543812e+03	-4.169822e+01
1.552729e+03	-4.174970e+01
1.561697e+03	-4.178502e+01
1.570717e+03	-4.185986e+01
1.579790e+03	-4.189693e+01
1.588915e+03	-4.198765e+01
1.598092e+03	-4.201581e+01
1.607323e+03	-4.207377e+01
1.616606e+03	-4.212554e+01
1.625944e+03	-4.219286e+01
1.635335e+03	-4.220930e+01
1.644781e+03	-4.224344e+01
1.654281e+03	-4.232380e+01
1.663836e+03	-4.237273e+01
1.673446e+03	-4.243983e+01
1.683112e+03	-4.248067e+01
1.692834e+03	-4.252618e+01
1.702611e+03	-4.257214e+01
1.712446e+03	-4.264626e+01
1.722337e+03	-4.271655e+01
1.732285e+03	-4.276455e+01
1.742290e+03	-4.279068e+01
1.752354e+03	-4.286373e+01
1.762475e+03	-4.290048e+01
1.772655e+03	-4.296762e+01
1.782894e+03	-4.301069e+01
1.793192e+03	-4.306861e+01
1.803549e+03	-4.311288e+01
1.813967e+03	-4.317004e+01
1.824444e+03	-4.321847e+01
1.834982e+03	-4.327338e+01
1.845581e+03	-4.333213e+01
1.856241e+03	-4.338951e+01
1.866962e+03	-4.341929e+01
1.877746e+03	-4.346835e+01
1.888592e+03	-4.355545e+01
1.899500e+03	-4.358876e+01
1.910472e+03	-4.363813e+01
1.921506e+03	-4.365797e+01
1.932605e+03	-4.375462e+01
1.943768e+03	-4.381192e+01
1.954995e+03	-4.385456e+01
1.966287e+03	-4.390753e+01
1.977644e+03	-4.394263e+01
1.989067e+03	-4.398362e+01
2.000555e+03	-4.405449e+01
2.012110e+03	-4.410102e+01
2.023732e+03	-4.415024e+01
2.035421e+03	-4.421053e+01
2.047178e+03	-4.430239e+01
2.059002e+03	-4.434975e+01
2.070895e+03	-4.437799e+01
2.082856e+03	-4.444483e+01
2.094887e+03	-4.450687e+01
2.106987e+03	-4.454231e+01
2.119157e+03	-4.461022e+01
2.131397e+03	-4.465717e+01
2.143708e+03	-4.471461e+01
2.156090e+03	-4.474995e+01
2.168543e+03	-4.482445e+01
2.181069e+03	-4.486524e+01
2.193666e+03	-4.491609e+01
2.206337e+03	-4.496639e+01
2.219081e+03	-4.501943e+01
2.231898e+03	-4.508735e+01
2.244789e+03	-4.514168e+01
2.257755e+03	-4.520302e+01
2.270796e+03	-4.525232e+01
2.283912e+03	-4.529228e+01
2.297104e+03	-4.535691e+01
2.310372e+03	-4.542194e+01
2.323716e+03	-4.548250e+01
2.337138e+03	-4.554096e+01
2.350637e+03	-4.558038e+01
2.364214e+03	-4.560500e+01
2.377870e+03	-4.564681e+01
2.391604e+03	-4.571164e+01
2.405418e+03	-4.580288e+01
2.419312e+03	-4.583478e+01
2.433286e+03	-4.587545e+01
2.447340e+03	-4.595110e+01
2.461476e+03	-4.598987e+01
2.475693e+03	-4.607185e+01
2.489993e+03	-4.614125e+01
2.504375e+03	-4.618728e+01
2.518840e+03	-4.621227e+01
2.533389e+03	-4.629131e+01
2.548022e+03	-4.632706e+01
2.562739e+03	-4.640690e+01
2.577541e+03	-4.646832e+01
2.592429e+03	-4.650643e+01
2.607403e+03	-4.656834e+01
2.622463e+03	-4.663057e+01
2.637610e+03	-4.666323e+01
2.652845e+03	-4.673485e+01
2.668168e+03	-4.680544e+01
2.683579e+03	-4.683273e+01
2.699079e+03	-4.690307e+01
2.714669e+03	-4.693316e+01
2.730349e+03	-4.703833e+01
2.746119e+03	-4.708044e+01
2.761981e+03	-4.713779e+01
2.777934e+03	-4.717901e+01
2.793979e+03	-4.723123e+01
2.810117e+03	-4.728812e+01
2.826348e+03	-4.730761e+01
2.842673e+03	-4.741901e+01
2.859092e+03	-4.743752e+01
2.875606e+03	-4.751567e+01
2.892215e+03	-4.757373e+01
2.908921e+03	-4.763508e+01
2.925722e+03	-4.765565e+01
2.942621e+03	-4.776596e+01
2.959618e+03	-4.775597e+01
2.976712e+03	-4.786903e+01
2.993906e+03	-4.792628e+01
3.011198e+03	-4.799333e+01
3.028591e+03	-4.804130e+01
3.046084e+03	-4.808763e+01
3.063678e+03	-4.812142e+01
3.081374e+03	-4.818508e+01
3.099172e+03	-4.827654e+01
3.117072e+03	-4.832340e+01
3.135076e+03	-4.840176e+01
3.153184e+03	-4.847421e+01
3.171397e+03	-4.846044e+01
3.189715e+03	-4.860869e+01
3.208139e+03	-4.860663e+01
3.226669e+03	-4.872118e+01
3.245306e+03	-4.874868e+01
3.264051e+03	-4.877680e+01
3.282904e+03	-4.888378e+01
3.301866e+03	-4.889008e+01
3.320937e+03	-4.894495e+01
3.340119e+03	-4.902296e+01
3.359411e+03	-4.907348e+01
3.378815e+03	-4.916742e+01
3.398331e+03	-4.917181e+01
3.417959e+03	-4.925896e+01
3.437701e+03	-4.931462e+01
3.457557e+03	-4.937324e+01
3.477528e+03	-4.943050e+01
3.497614e+03	-4.955906e+01
3.517816e+03	-4.955408e+01
3.538135e+03	-4.964698e+01
3.558571e+03	-4.962865e+01
3.579125e+03	-4.972029e+01
3.599798e+03	-4.980509e+01
3.620590e+03	-4.978510e+01
3.641503e+03	-4.991864e+01
3.662536e+03	-4.998754e+01
3.683691e+03	-5.004072e+01
3.704967e+03	-5.006625e+01
3.726367e+03	-5.018917e+01
3.747890e+03	-5.019931e+01
3.769538e+03	-5.033716e+01
3.791311e+03	-5.037558e+01
3.813209e+03	-5.039399e+01
3.835234e+03	-5.051539e+01
3.857386e+03	-5.058300e+01
3.879667e+03	-5.061088e+01
3.902075e+03	-5.066048e+01
3.924614e+03	-5.074651e+01
3.947282e+03	-5.080417e+01
3.970081e+03	-5.082714e+01
3.993012e+03	-5.091873e+01
4.016076e+03	-5.095565e+01
4.039272e+03	-5.099093e+01
4.062603e+03	-5.121575e+01
4.086069e+03	-5.119106e+01
4.109670e+03	-5.124891e+01
4.133407e+03	-5.127456e+01
4.157281e+03	-5.138374e+01
4.181294e+03	-5.144539e+01
4.205445e+03	-5.146321e+01
4.229735e+03	-5.163766e+01
4.254166e+03	-5.163171e+01
4.278738e+03	-5.172875e+01
4.303451e+03	-5.172054e+01
4.328308e+03	-5.187216e+01
4.353308e+03	-5.189330e+01
4.378453e+03	-5.193963e+01
4.403742e+03	-5.197678e+01
4.429178e+03	-5.214805e+01
4.454761e+03	-5.222353e+01
4.480492e+03	-5.227192e+01
4.506371e+03	-5.233715e+01
4.532399e+03	-5.235682e+01
4.558578e+03	-5.245787e+01
4.584908e+03	-5.248527e+01
4.611391e+03	-5.260436e+01
4.638026e+03	-5.270378e+01
4.664815e+03	-5.276627e+01
4.691759e+03	-5.280693e+01
4.718858e+03	-5.274021e+01
4.746114e+03	-5.286798e+01
4.773527e+03	-5.300964e+01
4.801099e+03	-5.310844e+01
4.828830e+03	-5.311046e+01
4.856721e+03	-5.321292e+01
4.884773e+03	-5.330109e+01
4.912988e+03	-5.335121e+01
4.941365e+03	-5.351585e+01
4.969906e+03	-5.348023e+01
4.998612e+03	-5.358496e+01
5.027484e+03	-5.363389e+01
5.056522e+03	-5.368768e+01
5.085729e+03	-5.385194e+01
5.115104e+03	-5.394698e+01
5.144648e+03	-5.395272e+01
5.174363e+03	-5.398959e+01
5.204250e+03	-5.417393e+01
5.234310e+03	-5.419310e+01
5.264543e+03	-5.422396e+01
5.294951e+03	-5.433708e+01
5.325534e+03	-5.436466e+01
5.356294e+03	-5.450441e+01
5.387232e+03	-5.463184e+01
5.418348e+03	-5.466422e+01
5.449645e+03	-5.479227e+01
5.481122e+03	-5.482804e+01
5.512780e+03	-5.481139e+01
5.544622e+03	-5.500629e+01
5.576647e+03	-5.504832e+01
5.608858e+03	-5.513998e+01
5.641254e+03	-5.520282e+01
5.673838e+03	-5.530209e+01
5.706610e+03	-5.540674e+01
5.739571e+03	-5.548929e+01
5.772723e+03	-5.539671e+01
5.806066e+03	-5.563016e+01
5.839601e+03	-5.567370e+01
5.873331e+03	-5.588672e+01
5.907255e+03	-5.589074e+01
5.941375e+03	-5.594687e+01
5.975692e+03	-5.616951e+01
6.010207e+03	-5.612532e+01
6.044922e+03	-5.630492e+01
6.079837e+03	-5.630911e+01
6.114954e+03	-5.623985e+01
6.150274e+03	-5.657263e+01
6.185797e+03	-5.656219e+01
6.221526e+03	-5.667268e+01
6.257462e+03	-5.677457e+01
6.293605e+03	-5.683628e+01
6.329956e+03	-5.686097e+01
6.366518e+03	-5.694113e+01
6.403290e+03	-5.713808e+01
6.440276e+03	-5.723208e+01
6.477474e+03	-5.730423e+01
6.514888e+03	-5.737567e+01
6.552518e+03	-5.750659e+01
6.590365e+03	-5.746522e+01
6.628430e+03	-5.769097e+01
6.666716e+03	-5.782792e+01
6.705223e+03	-5.789149e+01
6.743952e+03	-5.803371e+01
6.782905e+03	-5.801509e+01
6.822082e+03	-5.828627e+01
6.861486e+03	-5.819408e+01
6.901118e+03	-5.842348e+01
6.940979e+03	-5.845137e+01
6.981069e+03	-5.854442e+01
7.021392e+03	-5.873905e+01
7.061947e+03	-5.873308e+01
7.102737e+03	-5.895159e+01
7.143762e+03	-5.910867e+01
7.185024e+03	-5.905794e+01
7.226524e+03	-5.931341e+01
7.268264e+03	-5.931841e+01
7.310246e+03	-5.928237e+01
7.352469e+03	-5.949852e+01
7.394937e+03	-5.969557e+01
7.437650e+03	-5.967148e+01
7.480609e+03	-6.006034e+01
7.523817e+03	-6.003324e+01
7.567274e+03	-5.995760e+01
7.610982e+03	-6.013456e+01
7.654943e+03	-6.022805e+01
7.699158e+03	-6.050451e+01
7.743628e+03	-6.044659e+01
7.788355e+03	-6.083105e+01
7.833340e+03	-6.069556e+01
7.878585e+03	-6.094993e+01
7.924091e+03	-6.094786e+01
7.969861e+03	-6.105550e+01
8.015894e+03	-6.109199e+01
8.062194e+03	-6.149004e+01
8.108761e+03	-6.126197e+01
8.155596e+03	-6.168580e+01
8.202703e+03	-6.189742e+01
8.250081e+03	-6.186739e+01
8.297733e+03	-6.184166e+01
8.345661e+03	-6.194944e+01
8.393865e+03	-6.212576e+01
8.442348e+03	-6.215018e+01
8.491110e+03	-6.239216e+01
8.540155e+03	-6.227645e+01
8.589482e+03	-6.255184e+01
8.639095e+03	-6.233700e+01
8.688994e+03	-6.264814e+01
8.739181e+03	-6.259592e+01
8.789658e+03	-6.269563e+01
8.840427e+03	-6.269559e+01
8.891489e+03	-6.277493e+01
8.942846e+03	-6.283828e+01
8.994499e+03	-6.279648e+01
9.046451e+03	-6.260233e+01
9.098703e+03	-6.243237e+01
9.151257e+03	-6.237517e+01
9.204114e+03	-6.225675e+01
9.257277e+03	-6.189454e+01
9.310746e+03	-6.150335e+01
9.364525e+03	-6.115440e+01
9.418614e+03	-6.067902e+01
9.473015e+03	-6.016555e+01
9.527731e+03	-6.029361e+01
9.582763e+03	-6.121958e+01
9.638113e+03	-6.307334e+01
9.693782e+03	-6.586498e+01
9.749773e+03	-6.814444e+01
9.806087e+03	-7.130754e+01
9.862727e+03	-7.457539e+01
9.919693e+03	-7.867976e+01
9.976989e+03	-8.176256e+01
1.003462e+04	-9.529639e+01
1.009258e+04	-9.369841e+01
1.015087e+04	-1.032317e+02
1.020950e+04	-9.685324e+01
1.026847e+04	-9.593470e+01
1.032778e+04	-1.105326e+02
1.038743e+04	-9.200287e+01
1.044743e+04	-9.532541e+01
1.050777e+04	-9.362742e+01
1.056847e+04	-8.802745e+01
1.062951e+04	-8.921504e+01
1.069091e+04	-8.648364e+01
1.075266e+04	-8.830983e+01
1.081476e+04	-9.078932e+01
1.087723e+04	-8.923960e+01
1.094006e+04	-8.450961e+01
1.100324e+04	-8.395122e+01
1.106680e+04	-8.201619e+01
1.113072e+04	-8.110442e+01
1.119501e+04	-8.409665e+01
1.125967e+04	-8.011695e+01
1.132471e+04	-7.909679e+01
1.139012e+04	-7.813006e+01
1.145591e+04	-7.796949e+01
1.152208e+04	-7.685398e+01
1.158863e+04	-7.626266e+01
1.165556e+04	-7.622927e+01
1.172289e+04	-7.481941e+01
1.179060e+04	-7.371114e+01
1.185870e+04	-7.513025e+01
1.192719e+04	-7.331976e+01
1.199608e+04	-7.258316e+01
1.206537e+04	-7.212646e+01
1.213506e+04	-7.189005e+01
1.220515e+04	-7.152215e+01
1.227565e+04	-7.180470e+01
1.234655e+04	-7.115850e+01
1.241787e+04	-7.077297e+01
1.248959e+04	-7.016016e+01
1.256173e+04	-6.998610e+01
1.263429e+04	-6.961079e+01
1.270726e+04	-6.939519e+01
1.278066e+04	-6.863861e+01
1.285448e+04	-6.825191e+01
1.292873e+04	-6.807738e+01
1.300340e+04	-6.796432e+01
1.307851e+04	-6.765409e+01
1.315405e+04	-6.775888e+01
1.323003e+04	-6.679596e+01
1.330644e+04	-6.703916e+01
1.338330e+04	-6.672405e+01
1.346060e+04	-6.652511e+01
1.353835e+04	-6.614279e+01
1.361655e+04	-6.597751e+01
1.369520e+04	-6.567916e+01
1.377430e+04	-6.551476e+01
1.385386e+04	-6.525877e+01
1.393388e+04	-6.518735e+01
1.401436e+04	-6.521947e+01
1.409531e+04	-6.468116e+01
1.417672e+04	-6.454952e+01
1.425861e+04	-6.449545e+01
1.434096e+04	-6.435778e+01
1.442379e+04	-6.407647e+01
1.450711e+04	-6.385900e+01
1.459090e+04	-6.371789e+01
1.467518e+04	-6.352965e+01
1.475994e+04	-6.315549e+01
1.484519e+04	-6.327855e+01
1.493094e+04	-6.302245e+01
1.501718e+04	-6.291367e+01
1.510392e+04	-6.249386e+01
1.519116e+04	-6.235915e+01
1.527890e+04	-6.227723e+01
1.536715e+04	-6.235608e+01
1.545591e+04	-6.214269e+01
1.554518e+04	-6.193167e+01
1.563497e+04	-6.195578e+01
1.572528e+04	-6.160626e+01
1.581611e+04	-6.141674e+01
1.590746e+04	-6.129949e+01
1.599934e+04	-6.134293e+01
1.609175e+04	-6.100070e+01
1.618470e+04	-6.081677e+01
1.627818e+04	-6.078704e+01
1.637220e+04	-6.058470e+01
1.646677e+04	-6.044827e+01
1.656188e+04	-6.040602e+01
1.665754e+04	-6.020669e+01
1.675375e+04	-6.020048e+01
1.685052e+04	-6.000945e+01
1.694785e+04	-5.980738e+01
1.704574e+04	-5.983783e+01
1.714419e+04	-5.965102e+01
1.724322e+04	-5.954376e+01
1.734281e+04	-5.940614e+01
1.744299e+04	-5.930205e+01
1.754374e+04	-5.917870e+01
1.764507e+04	-5.909779e+01
1.774698e+04	-5.895423e+01
1.784949e+04	-5.886141e+01
1.795259e+04	-5.883040e+01
1.805628e+04	-5.863598e+01
1.816057e+04	-5.838460e+01
1.826547e+04	-5.841941e+01
1.837097e+04	-5.830124e+01
1.847708e+04	-5.824740e+01
1.858380e+04	-5.810308e+01
1.869114e+04	-5.797438e+01
1.879910e+04	-5.779607e+01
1.890768e+04	-5.777941e+01
1.901689e+04	-5.772782e+01
1.912673e+04	-5.774016e+01
1.923721e+04	-5.750322e+01
1.934832e+04	-5.729537e+01
1.946008e+04	-5.729125e+01
1.957248e+04	-5.726448e+01
1.968553e+04	-5.718864e+01
1.979923e+04	-5.699615e+01
1.991359e+04	-5.696042e+01
2.002861e+04	-5.691091e+01
2.014430e+04	-5.666283e+01
2.026065e+04	-5.663349e+01
2.037767e+04	-5.661492e+01
2.049537e+04	-5.639726e+01
2.061375e+04	-5.640543e+01
2.073282e+04	-5.629000e+01
2.085257e+04	-5.621961e+01
2.097301e+04	-5.616328e+01
2.109415e+04	-5.593193e+01
2.121599e+04	-5.597589e+01
2.133853e+04	-5.580099e+01
2.146178e+04	-5.579370e+01
2.158575e+04	-5.576862e+01
2.171043e+04	-5.561069e+01
2.183582e+04	-5.553098e+01
2.196195e+04	-5.544336e+01
2.208880e+04	-5.537742e+01
2.221638e+04	-5.521147e+01
2.234470e+04	-5.509305e+01
2.247377e+04	-5.511208e+01
2.260357e+04	-5.503270e+01
2.273413e+04	-5.490354e+01
2.286544e+04	-5.485835e+01
2.299751e+04	-5.474734e+01
2.313034e+04	-5.463965e+01
2.326394e+04	-5.460806e+01
2.339832e+04	-5.458571e+01
2.353346e+04	-5.448892e+01
2.366939e+04	-5.439824e+01
2.380610e+04	-5.440420e+01
2.394361e+04	-5.418282e+01
2.408191e+04	-5.413232e+01
2.422100e+04	-5.412063e+01
2.436090e+04	-5.397855e+01
2.450161e+04	-5.392415e+01
2.464313e+04	-5.386163e+01
2.478547e+04	-5.377303e+01
2.492863e+04	-5.374875e+01
2.507261e+04	-5.359877e+01
2.521743e+04	-5.353652e+01
2.536309e+04	-5.350211e+01
2.550958e+04	-5.347293e+01
2.565692e+04	-5.329929e+01
2.580512e+04	-5.324152e+01
2.595417e+04	-5.319111e+01
2.610408e+04	-5.300297e+01
2.625485e+04	-5.306558e+01
2.640650e+04	-5.290508e+01
2.655902e+04	-5.290230e+01
2.671243e+04	-5.282276e+01
2.686672e+04	-5.264827e+01
2.702190e+04	-5.268455e+01
2.717798e+04	-5.259324e+01
2.733495e+04	-5.252567e+01
2.749284e+04	-5.257287e+01
2.765164e+04	-5.242076e+01
2.781135e+04	-5.239076e+01
2.797199e+04	-5.228326e+01
2.813355e+04	-5.218571e+01
2.829605e+04	-5.215403e+01
2.845949e+04	-5.203136e+01
2.862387e+04	-5.205084e+01
2.878920e+04	-5.193004e+01
2.895549e+04	-5.193859e+01
2.912273e+04	-5.184233e+01
2.929094e+04	-5.171771e+01
2.946013e+04	-5.164700e+01
2.963029e+04	-5.165016e+01
2.980143e+04	-5.157131e+01
2.997356e+04	-5.146331e+01
3.014669e+04	-5.138202e+01
3.032081e+04	-5.128264e+01
3.049595e+04	-5.128138e+01
3.067209e+04	-5.121498e+01
3.084925e+04	-5.116019e+01
3.102743e+04	-5.104461e+01
3.120665e+04	-5.101402e+01
3.138690e+04	-5.098949e+01
3.156819e+04	-5.088357e+01
3.175052e+04	-5.082695e+01
3.193391e+04	-5.071903e+01
3.211836e+04	-5.067620e+01
3.230388e+04	-5.062991e+01
3.249046e+04	-5.052105e+01
3.267812e+04	-5.050874e+01
3.286687e+04	-5.042152e+01
3.305671e+04	-5.034973e+01
3.324764e+04	-5.030785e+01
3.343968e+04	-5.018770e+01
3.363283e+04	-5.018617e+01
3.382709e+04	-5.008665e+01
3.402247e+04	-5.002383e+01
3.421899e+04	-4.997845e+01
3.441663e+04	-4.991401e+01
3.461542e+04	-4.990244e+01
3.481536e+04	-4.983004e+01
3.501645e+04	-4.975168e+01
3.521871e+04	-4.973012e+01
3.542213e+04	-4.964951e+01
3.562672e+04	-4.961006e+01
3.583250e+04	-4.947175e+01
3.603947e+04	-4.945244e+01
3.624763e+04	-4.942660e+01
3.645700e+04	-4.928793e+01
3.666757e+04	-4.926818e+01
3.687936e+04	-4.917504e+01
3.709238e+04	-4.914578e+01
3.730662e+04	-4.909868e+01
3.752210e+04	-4.900766e+01
3.773883e+04	-4.893826e+01
3.795680e+04	-4.892814e+01
3.817604e+04	-4.882892e+01
3.839654e+04	-4.878555e+01
3.861832e+04	-4.872650e+01
3.884138e+04	-4.867519e+01
3.906573e+04	-4.862285e+01
3.929137e+04	-4.860051e+01
3.951831e+04	-4.846539e+01
3.974657e+04	-4.843684e+01
3.997614e+04	-4.838252e+01
4.020704e+04	-4.830324e+01
4.043928e+04	-4.827390e+01
4.067285e+04	-4.821249e+01
4.090778e+04	-4.812264e+01
4.114406e+04	-4.805442e+01
4.138171e+04	-4.806193e+01
4.162073e+04	-4.796867e+01
4.186113e+04	-4.790407e+01
4.210291e+04	-4.786250e+01
4.234610e+04	-4.779232e+01
4.259069e+04	-4.773663e+01
4.283669e+04	-4.769326e+01
4.308411e+04	-4.761275e+01
4.333297e+04	-4.757057e+01
4.358325e+04	-4.752239e+01
4.383499e+04	-4.746891e+01
4.408818e+04	-4.742258e+01
4.434283e+04	-4.733056e+01
4.459895e+04	-4.727195e+01
4.485655e+04	-4.722059e+01
4.511564e+04	-4.718360e+01
4.537623e+04	-4.718075e+01
4.563832e+04	-4.703292e+01
4.590193e+04	-4.697139e+01
4.616705e+04	-4.695633e+01
4.643371e+04	-4.690236e+01
4.670191e+04	-4.684087e+01
4.697166e+04	-4.676357e+01
4.724297e+04	-4.668362e+01
4.751584e+04	-4.668583e+01
4.779029e+04	-4.660843e+01
4.806633e+04	-4.655130e+01
4.834395e+04	-4.649906e+01
4.862319e+04	-4.644074e+01
4.890403e+04	-4.638795e+01
4.918650e+04	-4.633460e+01
4.947060e+04	-4.631096e+01
4.975634e+04	-4.620956e+01
5.004373e+04	-4.619309e+01
5.033278e+04	-4.609767e+01
5.062350e+04	-4.605169e+01
5.091590e+04	-4.600789e+01
5.120999e+04	-4.595010e+01
5.150578e+04	-4.591591e+01
5.180327e+04	-4.586295e+01
5.210248e+04	-4.580834e+01
5.240343e+04	-4.574857e+01
5.270611e+04	-4.568584e+01
5.301053e+04	-4.561115e+01
5.331672e+04	-4.556120e+01
5.362468e+04	-4.549121e+01
5.393441e+04	-4.545829e+01
5.424593e+04	-4.539789e+01
5.455926e+04	-4.536050e+01
5.487439e+04	-4.531685e+01
5.519134e+04	-4.524205e+01
5.551012e+04	-4.518699e+01
5.583075e+04	-4.513345e+01
5.615322e+04	-4.506723e+01
5.647756e+04	-4.504482e+01
5.680377e+04	-4.499774e+01
5.713187e+04	-4.488236e+01
5.746186e+04	-4.486436e+01
5.779376e+04	-4.482198e+01
5.812757e+04	-4.479013e+01
5.846332e+04	-4.469112e+01
5.880100e+04	-4.463091e+01
5.914063e+04	-4.458046e+01
5.948222e+04	-4.453473e+01
5.982579e+04	-4.449831e+01
6.017134e+04	-4.440754e+01
6.051889e+04	-4.438306e+01
6.086844e+04	-4.432529e+01
6.122002e+04	-4.426315e+01
6.157362e+04	-4.421479e+01
6.192927e+04	-4.419214e+01
6.228697e+04	-4.412366e+01
6.264674e+04	-4.405715e+01
6.300858e+04	-4.399259e+01
6.337252e+04	-4.394428e+01
6.373855e+04	-4.390370e+01
6.410670e+04	-4.384417e+01
6.447698e+04	-4.379418e+01
6.484940e+04	-4.375371e+01
6.522397e+04	-4.367993e+01
6.560070e+04	-4.364599e+01
6.597960e+04	-4.360814e+01
6.636070e+04	-4.353577e+01
6.674400e+04	-4.347372e+01
6.712951e+04	-4.341857e+01
6.751724e+04	-4.338290e+01
6.790722e+04	-4.333122e+01
6.829945e+04	-4.325370e+01
6.869395e+04	-4.321178e+01
6.909072e+04	-4.316182e+01
6.948978e+04	-4.309764e+01
6.989115e+04	-4.304454e+01
7.029484e+04	-4.301285e+01
7.070086e+04	-4.295351e+01
7.110923e+04	-4.286422e+01
7.151995e+04	-4.283549e+01
7.193305e+04	-4.276908e+01
7.234853e+04	-4.275508e+01
7.276641e+04	-4.270656e+01
7.318671e+04	-4.261799e+01
7.360943e+04	-4.257054e+01
7.403460e+04	-4.253659e+01
7.446222e+04	-4.246560e+01
7.489231e+04	-4.243836e+01
7.532488e+04	-4.236101e+01
7.575996e+04	-4.233939e+01
7.619754e+04	-4.229277e+01
7.663766e+04	-4.221572e+01
7.708031e+04	-4.215664e+01
7.752553e+04	-4.213649e+01
7.797331e+04	-4.204212e+01
7.842368e+04	-4.200668e+01
7.887665e+04	-4.196607e+01
7.933224e+04	-4.188634e+01
7.979046e+04	-4.185482e+01
8.025133e+04	-4.181164e+01
8.071486e+04	-4.174889e+01
8.118106e+04	-4.171084e+01
8.164996e+04	-4.164517e+01
8.212157e+04	-4.160829e+01
8.259590e+04	-4.154331e+01
8.307297e+04	-4.150061e+01
8.355279e+04	-4.144494e+01
8.403539e+04	-4.137677e+01
8.452078e+04	-4.132551e+01
8.500897e+04	-4.130231e+01
8.549997e+04	-4.123741e+01
8.599382e+04	-4.116810e+01
8.649052e+04	-4.115070e+01
8.699008e+04	-4.106737e+01
8.749253e+04	-4.102183e+01
8.799789e+04	-4.097766e+01
8.850616e+04	-4.093234e+01
8.901737e+04	-4.086430e+01
8.953153e+04	-4.083294e+01
9.004866e+04	-4.076052e+01
9.056877e+04	-4.072239e+01
9.109190e+04	-4.065042e+01
9.161804e+04	-4.060230e+01
9.214722e+04	-4.056275e+01
9.267946e+04	-4.050876e+01
9.321477e+04	-4.046810e+01
9.375318e+04	-4.042097e+01
9.429469e+04	-4.035898e+01
9.483933e+04	-4.029854e+01
9.538712e+04	-4.025052e+01
9.593807e+04	-4.020824e+01
9.649221e+04	-4.017794e+01
9.704954e+04	-4.008735e+01
9.761010e+04	-4.005927e+01
9.817389e+04	-3.999738e+01
9.874094e+04	-3.992936e+01
9.931126e+04	-3.989460e+01
9.988488e+04	-3.984611e+01
1.004618e+05	-3.980610e+01
1.010421e+05	-3.976577e+01
1.016257e+05	-3.968045e+01
1.022127e+05	-3.963305e+01
1.028031e+05	-3.958962e+01
1.033968e+05	-3.953571e+01
1.039941e+05	-3.948854e+01
1.045947e+05	-3.944219e+01
1.051989e+05	-3.938782e+01
1.058065e+05	-3.932645e+01
1.064176e+05	-3.928794e+01
1.070323e+05	-3.921819e+01
1.076505e+05	-3.919316e+01
1.082723e+05	-3.912701e+01
1.088977e+05	-3.908032e+01
1.095266e+05	-3.903725e+01
1.101593e+05	-3.897034e+01
1.107955e+05	-3.894087e+01
1.114355e+05	-3.887505e+01
1.120791e+05	-3.881796e+01
1.127265e+05	-3.878047e+01
1.133776e+05	-3.871840e+01
1.140325e+05	-3.867987e+01
1.146911e+05	-3.861901e+01
1.153536e+05	-3.856597e+01
1.160198e+05	-3.851657e+01
1.166900e+05	-3.848093e+01
1.173640e+05	-3.840682e+01
1.180419e+05	-3.836820e+01
1.187237e+05	-3.830662e+01
1.194094e+05	-3.826321e+01
1.200991e+05	-3.822321e+01
1.207928e+05	-3.815745e+01
1.214905e+05	-3.810737e+01
1.221922e+05	-3.805228e+01
1.228980e+05	-3.801135e+01
1.236078e+05	-3.796515e+01
1.243218e+05	-3.791602e+01
1.250399e+05	-3.784615e+01
1.257621e+05	-3.780927e+01
1.264885e+05	-3.775201e+01
1.272191e+05	-3.769835e+01
1.279539e+05	-3.764843e+01
1.286930e+05	-3.759716e+01
1.294363e+05	-3.755242e+01
1.301839e+05	-3.750247e+01
1.309358e+05	-3.745351e+01
1.316921e+05	-3.739844e+01
1.324528e+05	-3.735694e+01
1.332178e+05	-3.730428e+01
1.339873e+05	-3.724527e+01
1.347612e+05	-3.720004e+01
1.355395e+05	-3.714057e+01
1.363224e+05	-3.711404e+01
1.371098e+05	-3.704548e+01
1.379018e+05	-3.700445e+01
1.386983e+05	-3.694657e+01
1.394994e+05	-3.688281e+01
1.403051e+05	-3.684183e+01
1.411155e+05	-3.679765e+01
1.419306e+05	-3.674242e+01
1.427504e+05	-3.668344e+01
1.435749e+05	-3.663941e+01
1.444042e+05	-3.659605e+01
1.452383e+05	-3.654113e+01
1.460772e+05	-3.648690e+01
1.469209e+05	-3.645531e+01
1.477695e+05	-3.639462e+01
1.486230e+05	-3.633847e+01
1.494814e+05	-3.628358e+01
1.503448e+05	-3.625056e+01
1.512132e+05	-3.618306e+01
1.520866e+05	-3.613472e+01
1.529651e+05	-3.609041e+01
1.538486e+05	-3.603517e+01
1.547372e+05	-3.598505e+01
1.556310e+05	-3.593256e+01
1.565299e+05	-3.588409e+01
1.574340e+05	-3.583025e+01
1.583433e+05	-3.578529e+01
1.592579e+05	-3.574246e+01
1.601778e+05	-3.568840e+01
1.611030e+05	-3.563607e+01
1.620335e+05	-3.557508e+01
1.629694e+05	-3.552447e+01
1.639107e+05	-3.548238e+01
1.648574e+05	-3.544236e+01
1.658097e+05	-3.537791e+01
1.667674e+05	-3.533415e+01
1.677306e+05	-3.527310e+01
1.686994e+05	-3.522932e+01
1.696738e+05	-3.518061e+01
1.706538e+05	-3.513596e+01
1.716395e+05	-3.508030e+01
1.726309e+05	-3.502881e+01
1.736280e+05	-3.497545e+01
1.746309e+05	-3.492725e+01
1.756395e+05	-3.486971e+01
1.766540e+05	-3.482646e+01
1.776744e+05	-3.477243e+01
1.787006e+05	-3.472418e+01
1.797328e+05	-3.468333e+01
1.807709e+05	-3.461115e+01
1.818150e+05	-3.457559e+01
1.828652e+05	-3.452538e+01
1.839214e+05	-3.447309e+01
1.849837e+05	-3.442523e+01
1.860522e+05	-3.437517e+01
1.871268e+05	-3.431880e+01
1.882077e+05	-3.427584e+01
1.892948e+05	-3.422493e+01
1.903881e+05	-3.416919e+01
1.914878e+05	-3.412132e+01
1.925938e+05	-3.406514e+01
1.937062e+05	-3.402877e+01
1.948251e+05	-3.397283e+01
1.959504e+05	-3.391551e+01
1.970822e+05	-3.386921e+01
1.982205e+05	-3.382451e+01
1.993654e+05	-3.376823e+01
2.005169e+05	-3.371503e+01
2.016751e+05	-3.366759e+01
2.028400e+05	-3.362648e+01
2.040116e+05	-3.357296e+01
2.051899e+05	-3.352474e+01
2.063751e+05	-3.347369e+01
2.075671e+05	-3.342273e+01
2.087660e+05	-3.336741e+01
2.099719e+05	-3.331793e+01
2.111846e+05	-3.326895e+01
2.124044e+05	-3.321985e+01
2.136313e+05	-3.317865e+01
2.148652e+05	-3.311988e+01
2.161063e+05	-3.306673e+01
2.173545e+05	-3.302519e+01
2.186099e+05	-3.296893e+01
2.198726e+05	-3.291366e+01
2.211426e+05	-3.287048e+01
2.224199e+05	-3.281050e+01
2.237046e+05	-3.276698e+01
2.249967e+05	-3.271332e+01
2.262962e+05	-3.266872e+01
2.276033e+05	-3.262040e+01
2.289179e+05	-3.256579e+01
2.302402e+05	-3.251522e+01
2.315700e+05	-3.246548e+01
2.329076e+05	-3.241694e+01
2.342528e+05	-3.236711e+01
2.356059e+05	-3.232021e+01
2.369667e+05	-3.226563e+01
2.383354e+05	-3.222536e+01
2.397120e+05	-3.217194e+01
2.410966e+05	-3.212237e+01
2.424892e+05	-3.207238e+01
2.438898e+05	-3.201761e+01
2.452985e+05	-3.196227e+01
2.467153e+05	-3.191217e+01
2.481403e+05	-3.186950e+01
2.495736e+05	-3.181851e+01
2.510151e+05	-3.177006e+01
2.524650e+05	-3.172162e+01
2.539232e+05	-3.166628e+01
2.553898e+05	-3.162079e+01
2.568650e+05	-3.156602e+01
2.583486e+05	-3.152033e+01
2.598408e+05	-3.146951e+01
2.613416e+05	-3.141442e+01
2.628511e+05	-3.137081e+01
2.643694e+05	-3.131958e+01
2.658963e+05	-3.126692e+01
2.674321e+05	-3.121372e+01
2.689768e+05	-3.116752e+01
2.705304e+05	-3.111711e+01
2.720930e+05	-3.107045e+01
2.736646e+05	-3.101675e+01
2.752453e+05	-3.096856e+01
2.768351e+05	-3.091761e+01
2.784341e+05	-3.086254e+01
2.800423e+05	-3.081277e+01
2.816598e+05	-3.076409e+01
2.832867e+05	-3.071621e+01
2.849229e+05	-3.066870e+01
2.865686e+05	-3.062161e+01
2.882238e+05	-3.056180e+01
2.898886e+05	-3.051601e+01
2.915630e+05	-3.046522e+01
2.932470e+05	-3.041956e+01
2.949408e+05	-3.036706e+01
2.966444e+05	-3.031751e+01
2.983578e+05	-3.026604e+01
3.000811e+05	-3.021557e+01
3.018143e+05	-3.017168e+01
3.035576e+05	-3.011985e+01
3.053109e+05	-3.006653e+01
3.070744e+05	-3.001851e+01
3.088481e+05	-2.996590e+01
3.106320e+05	-2.992006e+01
3.124261e+05	-2.986368e+01
3.142307e+05	-2.981676e+01
3.160457e+05	-2.976453e+01
3.178712e+05	-2.971565e+01
3.197072e+05	-2.967019e+01
3.215538e+05	-2.961620e+01
3.234111e+05	-2.956826e+01
3.252791e+05	-2.952231e+01
3.271579e+05	-2.947374e+01
3.290475e+05	-2.942036e+01
3.309481e+05	-2.936381e+01
3.328596e+05	-2.931980e+01
3.347822e+05	-2.926872e+01
3.367159e+05	-2.922045e+01
3.386608e+05	-2.916557e+01
3.406169e+05	-2.911832e+01
3.425842e+05	-2.907129e+01
3.445630e+05	-2.902187e+01
3.465532e+05	-2.897104e+01
3.485549e+05	-2.891758e+01
3.505681e+05	-2.887141e+01
3.525930e+05	-2.882013e+01
3.546295e+05	-2.877268e+01
3.566778e+05	-2.872075e+01
3.587380e+05	-2.867337e+01
3.608101e+05	-2.862192e+01
3.628941e+05	-2.857322e+01
3.649901e+05	-2.852384e+01
3.670983e+05	-2.847031e+01
3.692187e+05	-2.842593e+01
3.713513e+05	-2.837204e+01
3.734962e+05	-2.831808e+01
3.756535e+05	-2.827561e+01
3.778232e+05	-2.822187e+01
3.800055e+05	-2.817242e+01
3.822004e+05	-2.812292e+01
3.844080e+05	-2.807421e+01
3.866283e+05	-2.802339e+01
3.888615e+05	-2.797704e+01
3.911075e+05	-2.792422e+01
3.933665e+05	-2.787631e+01
3.956386e+05	-2.781995e+01
3.979238e+05	-2.777695e+01
4.002222e+05	-2.772643e+01
4.025338e+05	-2.767644e+01
4.048589e+05	-2.762908e+01
4.071973e+05	-2.757663e+01
4.095493e+05	-2.752669e+01
4.119148e+05	-2.747458e+01
4.142940e+05	-2.743165e+01
4.166870e+05	-2.737757e+01
4.190937e+05	-2.732578e+01
4.215144e+05	-2.727647e+01
4.239490e+05	-2.722953e+01
4.263978e+05	-2.717918e+01
4.288606e+05	-2.713011e+01
4.313377e+05	-2.707981e+01
4.338291e+05	-2.702971e+01
4.363349e+05	-2.697726e+01
4.388551e+05	-2.693339e+01
4.413899e+05	-2.688400e+01
4.439394e+05	-2.682830e+01
4.465035e+05	-2.678151e+01
4.490825e+05	-2.673117e+01
4.516764e+05	-2.668336e+01
4.542853e+05	-2.663083e+01
4.569092e+05	-2.658721e+01
4.595483e+05	-2.653165e+01
4.622026e+05	-2.648537e+01
4.648723e+05	-2.643474e+01
4.675574e+05	-2.638502e+01
4.702580e+05	-2.633450e+01
4.729742e+05	-2.628771e+01
4.757060e+05	-2.623772e+01
4.784537e+05	-2.618442e+01
4.812172e+05	-2.613738e+01
4.839967e+05	-2.608408e+01
4.867923e+05	-2.603547e+01
4.896040e+05	-2.599020e+01
4.924319e+05	-2.593804e+01
4.952762e+05	-2.589172e+01
4.981369e+05	-2.584066e+01
5.010141e+05	-2.579181e+01
5.039079e+05	-2.574336e+01
5.068185e+05	-2.568961e+01
5.097458e+05	-2.564198e+01
5.126901e+05	-2.559283e+01
5.156514e+05	-2.554163e+01
5.186298e+05	-2.549455e+01
5.216253e+05	-2.544376e+01
5.246382e+05	-2.539344e+01
5.276685e+05	-2.534568e+01
5.307163e+05	-2.529772e+01
5.337817e+05	-2.524248e+01
5.368648e+05	-2.519431e+01
5.399657e+05	-2.514776e+01
5.430845e+05	-2.509815e+01
5.462214e+05	-2.504796e+01
5.493763e+05	-2.500114e+01
5.525495e+05	-2.494890e+01
5.557410e+05	-2.490227e+01
5.589509e+05	-2.484931e+01
5.621794e+05	-2.480005e+01
5.654265e+05	-2.475405e+01
5.686924e+05	-2.470253e+01
5.719772e+05	-2.465283e+01
5.752809e+05	-2.460467e+01
5.786037e+05	-2.455535e+01
5.819457e+05	-2.450175e+01
5.853070e+05	-2.445491e+01
5.886877e+05	-2.440445e+01
5.920879e+05	-2.435329e+01
5.955078e+05	-2.430595e+01
5.989474e+05	-2.425697e+01
6.024069e+05	-2.420847e+01
6.058864e+05	-2.415871e+01
6.093860e+05	-2.411180e+01
6.129058e+05	-2.406047e+01
6.164459e+05	-2.401079e+01
6.200064e+05	-2.396157e+01
6.235876e+05	-2.391319e+01
6.271894e+05	-2.386167e+01
6.308120e+05	-2.381623e+01
6.344555e+05	-2.376462e+01
6.381201e+05	-2.371740e+01
6.418059e+05	-2.366878e+01
6.455129e+05	-2.361841e+01
6.492414e+05	-2.356870e+01
6.529914e+05	-2.352081e+01
6.567630e+05	-2.346954e+01
6.605565e+05	-2.342306e+01
6.643718e+05	-2.337148e+01
6.682092e+05	-2.332218e+01
6.720688e+05	-2.327524e+01
6.759506e+05	-2.322392e+01
6.798549e+05	-2.317439e+01
6.837817e+05	-2.312460e+01
6.877312e+05	-2.307596e+01
6.917035e+05	-2.302840e+01
6.956987e+05	-2.297935e+01
6.997171e+05	-2.293085e+01
7.037586e+05	-2.288063e+01
7.078235e+05	-2.283096e+01
7.119118e+05	-2.278549e+01
7.160238e+05	-2.273321e+01
7.201595e+05	-2.268684e+01
7.243191e+05	-2.263450e+01
7.285028e+05	-2.258667e+01
7.327106e+05	-2.253728e+01
7.369427e+05	-2.248852e+01
7.411992e+05	-2.243963e+01
7.454804e+05	-2.239141e+01
7.497862e+05	-2.234256e+01
7.541170e+05	-2.229371e+01
7.584727e+05	-2.224207e+01
7.628536e+05	-2.219596e+01
7.672598e+05	-2.214688e+01
7.716915e+05	-2.209711e+01
7.761488e+05	-2.204882e+01
7.806318e+05	-2.199922e+01
7.851407e+05	-2.194968e+01
7.896756e+05	-2.190208e+01
7.942367e+05	-2.185256e+01
7.988242e+05	-2.180516e+01
8.034382e+05	-2.175581e+01
8.080788e+05	-2.170632e+01
8.127463e+05	-2.165815e+01
8.174406e+05	-2.160923e+01
8.221621e+05	-2.155927e+01
8.269109e+05	-2.151228e+01
8.316871e+05	-2.146280e+01
8.364909e+05	-2.141418e+01
8.413225e+05	-2.136532e+01
8.461819e+05	-2.131904e+01
8.510694e+05	-2.126721e+01
8.559852e+05	-2.122022e+01
8.609293e+05	-2.117017e+01
8.659020e+05	-2.112280e+01
8.709034e+05	-2.107355e+01
8.759337e+05	-2.102587e+01
8.809931e+05	-2.097740e+01
8.860816e+05	-2.092689e+01
8.911996e+05	-2.087983e+01
8.963471e+05	-2.083039e+01
9.015244e+05	-2.078362e+01
9.067316e+05	-2.073307e+01
9.119688e+05	-2.068684e+01
9.172363e+05	-2.063595e+01
9.225342e+05	-2.058877e+01
9.278628e+05	-2.054097e+01
9.332221e+05	-2.049142e+01
9.386123e+05	-2.044446e+01
9.440337e+05	-2.039501e+01
9.494864e+05	-2.034659e+01
9.549706e+05	-2.029824e+01
9.604865e+05	-2.025005e+01
9.660342e+05	-2.020196e+01
9.716140e+05	-2.015160e+01
9.772260e+05	-2.010425e+01
9.828704e+05	-2.005694e+01
9.885474e+05	-2.000893e+01
9.942572e+05	-1.995925e+01
1.000000e+06	-1.991221e+01
