Frequency(Hz)	Magnitude(dB)
1.000000e+01	1.020697e-04
1.005776e+01	-7.239070e-05
1.011585e+01	9.839191e-05
1.017428e+01	3.554411e-05
1.023305e+01	6.217765e-06
1.029215e+01	-2.053233e-05
1.035160e+01	-1.125546e-04
1.041139e+01	-8.950729e-05
1.047153e+01	-3.881403e-06
1.053201e+01	9.393439e-05
1.059284e+01	-6.664948e-05
1.065403e+01	-3.640435e-06
1.071556e+01	9.858684e-06
1.077746e+01	4.610259e-05
1.083971e+01	2.544609e-05
1.090232e+01	-5.662751e-05
1.096529e+01	-5.410491e-05
1.102862e+01	6.969632e-05
1.109232e+01	-5.500091e-05
1.115639e+01	-3.862516e-05
1.122083e+01	3.191748e-05
1.128564e+01	1.094099e-04
1.135083e+01	-1.545377e-04
1.141639e+01	3.555024e-06
1.148233e+01	-4.890471e-05
1.154865e+01	1.784468e-05
1.161536e+01	-5.274576e-05
1.168245e+01	-5.751183e-05
1.174992e+01	-3.409625e-05
1.181779e+01	-6.586425e-05
1.188605e+01	-3.214025e-05
1.195470e+01	2.880065e-05
1.202375e+01	8.595832e-05
1.209320e+01	-3.944913e-06
1.216305e+01	-7.839883e-05
1.223330e+01	-1.932981e-05
1.230396e+01	-9.046868e-05
1.237503e+01	-2.485050e-05
1.244651e+01	-1.143154e-04
1.251840e+01	-3.067292e-05
1.259070e+01	2.026413e-07
1.266343e+01	-1.063665e-04
1.273657e+01	-7.071044e-05
1.281014e+01	-2.661703e-05
1.288413e+01	7.582795e-05
1.295855e+01	-4.660732e-06
1.303339e+01	-2.023477e-04
1.310867e+01	2.618893e-05
1.318439e+01	1.786581e-05
1.326054e+01	-1.060030e-04
1.333713e+01	-2.999587e-05
1.341417e+01	-8.532649e-05
1.349165e+01	4.345487e-05
1.356958e+01	-1.577985e-04
1.364795e+01	-5.198535e-05
1.372678e+01	-3.009757e-05
1.380607e+01	1.252248e-06
1.388581e+01	-1.392437e-04
1.396602e+01	-6.690944e-05
1.404668e+01	6.815607e-06
1.412782e+01	1.050089e-05
1.420942e+01	5.569107e-05
1.429149e+01	1.653432e-05
1.437404e+01	-1.984228e-04
1.445706e+01	-5.285870e-05
1.454057e+01	-1.884983e-04
1.462455e+01	3.363674e-05
1.470902e+01	-1.036456e-04
1.479398e+01	2.945660e-05
1.487943e+01	2.203019e-04
1.496537e+01	-6.179272e-06
1.505181e+01	1.668852e-04
1.513875e+01	-3.975093e-05
1.522619e+01	-1.675058e-04
1.531414e+01	1.207339e-04
1.540259e+01	3.726781e-05
1.549156e+01	-7.196283e-05
1.558103e+01	-1.347173e-04
1.567103e+01	-2.104847e-04
1.576155e+01	2.200817e-05
1.585258e+01	-4.217366e-05
1.594415e+01	-1.347164e-04
1.603624e+01	4.277825e-05
1.612886e+01	1.297061e-04
1.622202e+01	4.183188e-06
1.631572e+01	4.213170e-05
1.640996e+01	-1.365146e-04
1.650474e+01	-6.341468e-05
1.660008e+01	-2.041594e-04
1.669596e+01	-1.248975e-04
1.679239e+01	5.125505e-05
1.688938e+01	-2.162293e-05
1.698694e+01	-1.055430e-04
1.708505e+01	-1.795076e-04
1.718373e+01	2.470173e-05
1.728299e+01	9.003792e-05
1.738281e+01	-4.513565e-05
1.748322e+01	8.351335e-05
1.758420e+01	-7.347841e-05
1.768576e+01	-1.425450e-04
1.778792e+01	-8.796030e-05
1.789066e+01	1.132017e-05
1.799399e+01	-4.848733e-05
1.809793e+01	-3.938069e-05
1.820246e+01	2.709637e-05
1.830760e+01	-1.465551e-04
1.841334e+01	7.631122e-07
1.851969e+01	8.053180e-05
1.862666e+01	-2.145284e-04
1.873425e+01	-2.048706e-05
1.884246e+01	3.811099e-05
1.895129e+01	-7.415158e-05
1.906075e+01	4.084051e-05
1.917085e+01	1.005624e-05
1.928158e+01	-4.448370e-05
1.939295e+01	6.960794e-06
1.950496e+01	-1.774199e-04
1.961762e+01	-2.091012e-04
1.973093e+01	1.088871e-04
1.984490e+01	3.064695e-05
1.995952e+01	3.292322e-05
2.007480e+01	-6.622917e-05
2.019076e+01	-6.821235e-05
2.030738e+01	-2.633587e-05
2.042467e+01	-2.073893e-05
2.054264e+01	-1.068278e-04
2.066130e+01	-5.414519e-07
2.078064e+01	-9.642791e-05
2.090066e+01	6.662496e-05
2.102139e+01	-5.199699e-05
2.114280e+01	-2.570727e-04
2.126492e+01	1.201263e-04
2.138775e+01	-8.356156e-06
2.151128e+01	-2.181338e-04
2.163553e+01	-9.437117e-05
2.176050e+01	-8.117110e-05
2.188619e+01	-8.875350e-05
2.201260e+01	5.558275e-05
2.213974e+01	4.273457e-06
2.226762e+01	7.439053e-05
2.239624e+01	-6.902281e-05
2.252560e+01	-2.133717e-04
2.265571e+01	3.433908e-05
2.278656e+01	-5.208065e-05
2.291818e+01	-2.018333e-04
2.305055e+01	-2.120320e-04
2.318369e+01	-9.248779e-05
2.331760e+01	-1.520469e-04
2.345228e+01	-1.621347e-04
2.358774e+01	-1.175663e-04
2.372398e+01	-1.726820e-04
2.386101e+01	-1.340373e-04
2.399883e+01	-5.747314e-06
2.413745e+01	-5.630699e-05
2.427686e+01	-8.674508e-05
2.441709e+01	-1.169375e-04
2.455812e+01	-1.183076e-04
2.469997e+01	-1.868204e-04
2.484263e+01	1.121228e-05
2.498612e+01	-7.617826e-05
2.513044e+01	-1.620600e-04
2.527559e+01	1.697985e-05
2.542158e+01	-1.505862e-04
2.556842e+01	-2.059096e-04
2.571610e+01	-1.610348e-04
2.586463e+01	-8.998360e-05
2.601403e+01	-7.807466e-05
2.616428e+01	-4.000184e-05
2.631541e+01	-1.272626e-04
2.646740e+01	-1.933115e-04
2.662028e+01	-2.231212e-04
2.677404e+01	-2.175038e-04
2.692868e+01	-8.802001e-05
2.708422e+01	-8.130916e-05
2.724066e+01	6.952329e-05
2.739800e+01	-1.346507e-04
2.755625e+01	6.666002e-06
2.771541e+01	-1.050831e-04
2.787550e+01	-3.836404e-04
2.803650e+01	-1.171098e-04
2.819844e+01	-1.873177e-04
2.836131e+01	9.594558e-05
2.852513e+01	-2.594325e-04
2.868989e+01	-9.159199e-05
2.885560e+01	-2.488319e-04
2.902227e+01	-1.039122e-04
2.918990e+01	-4.025767e-06
2.935850e+01	-3.109069e-04
2.952807e+01	-2.730358e-04
2.969863e+01	-2.798369e-04
2.987016e+01	-7.880831e-05
3.004269e+01	-1.611803e-05
3.021622e+01	-1.758831e-04
3.039075e+01	-9.111299e-05
3.056628e+01	-2.344033e-04
3.074283e+01	-2.130157e-04
3.092040e+01	-1.299865e-05
3.109900e+01	-1.277303e-04
3.127862e+01	-1.962261e-04
3.145929e+01	-1.787713e-04
3.164099e+01	-2.606083e-04
3.182375e+01	-2.337516e-04
3.200756e+01	-2.353544e-04
3.219244e+01	-9.504282e-05
3.237838e+01	-2.770812e-04
3.256540e+01	-1.622138e-04
3.275349e+01	-2.593221e-04
3.294268e+01	-2.033935e-04
3.313295e+01	-2.175437e-04
3.332433e+01	-1.798470e-04
3.351681e+01	-2.157009e-04
3.371040e+01	-2.781855e-04
3.390511e+01	-3.494448e-04
3.410094e+01	-2.178310e-04
3.429791e+01	-1.891847e-04
3.449601e+01	-2.956590e-04
3.469526e+01	-1.699176e-04
3.489566e+01	-1.248523e-04
3.509721e+01	-1.271504e-04
3.529993e+01	-2.690088e-04
3.550382e+01	-1.687034e-04
3.570889e+01	-1.278928e-04
3.591515e+01	-1.849771e-04
3.612259e+01	-2.595471e-04
3.633123e+01	-3.388310e-04
3.654108e+01	-2.502269e-04
3.675214e+01	-2.538645e-04
3.696442e+01	-1.898555e-04
3.717792e+01	-3.409114e-04
3.739266e+01	-2.884695e-04
3.760864e+01	-6.748369e-05
3.782587e+01	-2.519426e-04
3.804435e+01	-2.424447e-04
3.826409e+01	-2.373579e-04
3.848510e+01	-3.562740e-04
3.870739e+01	-3.535880e-04
3.893096e+01	-2.592360e-04
3.915583e+01	-1.568567e-04
3.938199e+01	-2.871499e-04
3.960946e+01	-3.494063e-04
3.983824e+01	-2.773674e-04
4.006834e+01	-2.858575e-04
4.029978e+01	-3.101643e-04
4.053255e+01	-1.295327e-04
4.076666e+01	-3.364417e-04
4.100213e+01	-1.774980e-04
4.123896e+01	-2.521004e-04
4.147715e+01	-2.568290e-04
4.171672e+01	-3.919008e-04
4.195767e+01	-2.456521e-04
4.220002e+01	-1.859317e-04
4.244377e+01	-1.840652e-04
4.268892e+01	-3.218486e-04
4.293549e+01	-2.256758e-04
4.318348e+01	-2.364063e-04
4.343291e+01	-3.779378e-04
4.368377e+01	-1.708104e-04
4.393609e+01	-4.062361e-04
4.418986e+01	-4.031202e-04
4.444510e+01	-5.153832e-04
4.470182e+01	-3.495191e-04
4.496001e+01	-3.026081e-04
4.521970e+01	-4.095728e-04
4.548089e+01	-2.971576e-04
4.574358e+01	-1.251998e-04
4.600779e+01	-4.538470e-04
4.627353e+01	-3.475223e-04
4.654081e+01	-3.351047e-04
4.680963e+01	-2.241615e-04
4.708000e+01	-2.364602e-04
4.735193e+01	-3.910771e-04
4.762543e+01	-3.892904e-04
4.790051e+01	-3.881079e-04
4.817719e+01	-2.974639e-04
4.845545e+01	-4.205502e-04
4.873533e+01	-3.331171e-04
4.901682e+01	-5.626651e-04
4.929994e+01	-2.689234e-04
4.958470e+01	-3.662293e-04
4.987110e+01	-4.441385e-04
5.015915e+01	-3.556870e-04
5.044887e+01	-4.309790e-04
5.074026e+01	-4.442747e-04
5.103333e+01	-6.794906e-04
5.132810e+01	-3.002666e-04
5.162457e+01	-3.536566e-04
5.192275e+01	-3.951003e-04
5.222265e+01	-5.499343e-04
5.252429e+01	-3.529468e-04
5.282767e+01	-4.415307e-04
5.313280e+01	-4.374857e-04
5.343969e+01	-4.858961e-04
5.374836e+01	-3.996121e-04
5.405880e+01	-5.361497e-04
5.437105e+01	-4.750894e-04
5.468509e+01	-5.226776e-04
5.500095e+01	-4.397638e-04
5.531863e+01	-4.982397e-04
5.563815e+01	-3.578892e-04
5.595951e+01	-6.320214e-04
5.628273e+01	-4.626118e-04
5.660782e+01	-5.883350e-04
5.693479e+01	-6.136334e-04
5.726364e+01	-5.828079e-04
5.759439e+01	-5.416798e-04
5.792705e+01	-6.061184e-04
5.826164e+01	-6.473836e-04
5.859815e+01	-4.592956e-04
5.893662e+01	-4.717830e-04
5.927703e+01	-4.136234e-04
5.961941e+01	-4.552566e-04
5.996377e+01	-5.887289e-04
6.031012e+01	-5.461492e-04
6.065847e+01	-6.991143e-04
6.100883e+01	-6.180716e-04
6.136121e+01	-7.867613e-04
6.171563e+01	-6.873221e-04
6.207210e+01	-5.827326e-04
6.243063e+01	-6.059564e-04
6.279122e+01	-8.126945e-04
6.315390e+01	-6.926684e-04
6.351868e+01	-6.022941e-04
6.388556e+01	-7.814477e-04
6.425456e+01	-6.327422e-04
6.462569e+01	-7.874908e-04
6.499897e+01	-8.628463e-04
6.537440e+01	-9.023376e-04
6.575200e+01	-8.367296e-04
6.613178e+01	-6.102741e-04
6.651375e+01	-7.530190e-04
6.689793e+01	-6.803082e-04
6.728433e+01	-8.421734e-04
6.767297e+01	-5.583871e-04
6.806384e+01	-9.115633e-04
6.845698e+01	-7.300969e-04
6.885238e+01	-8.854858e-04
6.925007e+01	-7.636907e-04
6.965005e+01	-8.381915e-04
7.005235e+01	-6.847100e-04
7.045697e+01	-7.869030e-04
7.086393e+01	-8.016660e-04
7.127323e+01	-8.959159e-04
7.168490e+01	-7.799234e-04
7.209895e+01	-7.366283e-04
7.251539e+01	-8.136908e-04
7.293424e+01	-7.647337e-04
7.335551e+01	-8.255150e-04
7.377920e+01	-1.001250e-03
7.420535e+01	-8.515110e-04
7.463396e+01	-7.795783e-04
7.506504e+01	-9.521716e-04
7.549861e+01	-9.198530e-04
7.593469e+01	-1.023205e-03
7.637328e+01	-1.010377e-03
7.681441e+01	-1.051494e-03
7.725809e+01	-1.082598e-03
7.770433e+01	-8.522114e-04
7.815315e+01	-9.961121e-04
7.860456e+01	-9.651820e-04
7.905857e+01	-9.454676e-04
7.951521e+01	-1.057806e-03
7.997449e+01	-1.004278e-03
8.043642e+01	-1.005986e-03
8.090102e+01	-1.164437e-03
8.136830e+01	-1.168629e-03
8.183828e+01	-9.586415e-04
8.231097e+01	-1.164991e-03
8.278640e+01	-1.170106e-03
8.326457e+01	-1.002664e-03
8.374550e+01	-1.159989e-03
8.422921e+01	-1.098671e-03
8.471572e+01	-1.215949e-03
8.520503e+01	-1.192331e-03
8.569717e+01	-1.219758e-03
8.619215e+01	-1.327646e-03
8.669000e+01	-1.146178e-03
8.719071e+01	-1.529443e-03
8.769432e+01	-1.346047e-03
8.820084e+01	-1.268531e-03
8.871029e+01	-1.327732e-03
8.922267e+01	-1.197162e-03
8.973802e+01	-1.395965e-03
9.025634e+01	-1.406690e-03
9.077766e+01	-1.293534e-03
9.130199e+01	-1.465664e-03
9.182935e+01	-1.224676e-03
9.235975e+01	-1.273525e-03
9.289321e+01	-1.500708e-03
9.342976e+01	-1.340716e-03
9.396941e+01	-1.436014e-03
9.451217e+01	-1.305590e-03
9.505807e+01	-1.588821e-03
9.560712e+01	-1.499271e-03
9.615934e+01	-1.552115e-03
9.671476e+01	-1.362999e-03
9.727338e+01	-1.483110e-03
9.783522e+01	-1.619999e-03
9.840032e+01	-1.797173e-03
9.896867e+01	-1.586246e-03
9.954031e+01	-1.544848e-03
1.001153e+02	-1.656060e-03
1.006935e+02	-1.685849e-03
1.012751e+02	-1.754075e-03
1.018601e+02	-1.815840e-03
1.024484e+02	-1.865498e-03
1.030402e+02	-1.610668e-03
1.036353e+02	-1.815474e-03
1.042339e+02	-1.792582e-03
1.048360e+02	-1.797510e-03
1.054415e+02	-1.663243e-03
1.060505e+02	-1.892647e-03
1.066631e+02	-1.877518e-03
1.072791e+02	-1.853440e-03
1.078988e+02	-1.969413e-03
1.085220e+02	-1.731997e-03
1.091488e+02	-1.928056e-03
1.097793e+02	-2.042465e-03
1.104133e+02	-1.986536e-03
1.110511e+02	-2.164465e-03
1.116925e+02	-2.104840e-03
1.123376e+02	-2.074914e-03
1.129865e+02	-2.147194e-03
1.136391e+02	-2.241541e-03
1.142955e+02	-2.090485e-03
1.149556e+02	-2.101900e-03
1.156196e+02	-2.273219e-03
1.162874e+02	-2.052051e-03
1.169591e+02	-2.232683e-03
1.176347e+02	-2.270823e-03
1.183141e+02	-2.259344e-03
1.189975e+02	-2.417617e-03
1.196848e+02	-2.421361e-03
1.203761e+02	-2.294259e-03
1.210714e+02	-2.354046e-03
1.217707e+02	-2.463450e-03
1.224740e+02	-2.461036e-03
1.231814e+02	-2.604696e-03
1.238929e+02	-2.680557e-03
1.246085e+02	-2.624340e-03
1.253283e+02	-2.613102e-03
1.260522e+02	-2.670623e-03
1.267802e+02	-2.797210e-03
1.275125e+02	-2.814987e-03
1.282490e+02	-2.709433e-03
1.289898e+02	-2.926776e-03
1.297348e+02	-2.579916e-03
1.304842e+02	-2.870860e-03
1.312378e+02	-2.782258e-03
1.319959e+02	-2.822394e-03
1.327583e+02	-2.811416e-03
1.335251e+02	-2.920486e-03
1.342963e+02	-2.954354e-03
1.350720e+02	-2.761452e-03
1.358522e+02	-3.087008e-03
1.366368e+02	-3.211298e-03
1.374260e+02	-3.219530e-03
1.382198e+02	-3.065137e-03
1.390182e+02	-3.265562e-03
1.398211e+02	-3.140208e-03
1.406287e+02	-3.102068e-03
1.414410e+02	-3.359183e-03
1.422579e+02	-3.122026e-03
1.430796e+02	-3.495547e-03
1.439060e+02	-3.471370e-03
1.447372e+02	-3.340418e-03
1.455732e+02	-3.538113e-03
1.464141e+02	-3.385987e-03
1.472597e+02	-3.621802e-03
1.481103e+02	-3.610958e-03
1.489658e+02	-3.715522e-03
1.498262e+02	-3.659793e-03
1.506916e+02	-3.709384e-03
1.515620e+02	-3.796165e-03
1.524374e+02	-3.936779e-03
1.533179e+02	-3.986772e-03
1.542034e+02	-3.761250e-03
1.550941e+02	-4.117645e-03
1.559899e+02	-4.055737e-03
1.568909e+02	-3.982106e-03
1.577971e+02	-4.024943e-03
1.587085e+02	-4.277321e-03
1.596252e+02	-4.174734e-03
1.605472e+02	-4.246311e-03
1.614745e+02	-4.241285e-03
1.624072e+02	-4.270949e-03
1.633453e+02	-4.360722e-03
1.642887e+02	-4.335145e-03
1.652377e+02	-4.550868e-03
1.661921e+02	-4.660593e-03
1.671520e+02	-4.667656e-03
1.681175e+02	-4.549612e-03
1.690885e+02	-4.662793e-03
1.700651e+02	-4.741432e-03
1.710474e+02	-4.783322e-03
1.720354e+02	-4.833656e-03
1.730291e+02	-4.820744e-03
1.740285e+02	-4.827107e-03
1.750337e+02	-5.041564e-03
1.760446e+02	-5.160668e-03
1.770615e+02	-5.107659e-03
1.780842e+02	-5.201429e-03
1.791128e+02	-5.324026e-03
1.801473e+02	-5.343268e-03
1.811878e+02	-5.298782e-03
1.822344e+02	-5.404637e-03
1.832870e+02	-5.543519e-03
1.843456e+02	-5.657074e-03
1.854104e+02	-5.578925e-03
1.864813e+02	-5.530366e-03
1.875584e+02	-5.774509e-03
1.886418e+02	-5.923911e-03
1.897313e+02	-5.768291e-03
1.908272e+02	-5.986924e-03
1.919294e+02	-6.158803e-03
1.930380e+02	-6.024971e-03
1.941530e+02	-6.265061e-03
1.952744e+02	-6.260644e-03
1.964023e+02	-6.525408e-03
1.975367e+02	-6.362592e-03
1.986777e+02	-6.476339e-03
1.998252e+02	-6.577602e-03
2.009794e+02	-6.562111e-03
2.021403e+02	-6.784765e-03
2.033078e+02	-6.720059e-03
2.044821e+02	-6.756657e-03
2.056632e+02	-7.041340e-03
2.068511e+02	-7.035714e-03
2.080459e+02	-7.164499e-03
2.092475e+02	-7.103849e-03
2.104561e+02	-7.230846e-03
2.116717e+02	-7.386600e-03
2.128943e+02	-7.488379e-03
2.141240e+02	-7.548236e-03
2.153608e+02	-7.580144e-03
2.166047e+02	-7.831726e-03
2.178558e+02	-7.846857e-03
2.191141e+02	-7.904345e-03
2.203797e+02	-7.896584e-03
2.216526e+02	-8.028274e-03
2.229329e+02	-8.094912e-03
2.242205e+02	-8.179439e-03
2.255156e+02	-8.362363e-03
2.268182e+02	-8.477586e-03
2.281283e+02	-8.503948e-03
2.294459e+02	-8.620349e-03
2.307712e+02	-8.859516e-03
2.321041e+02	-8.762886e-03
2.334447e+02	-8.971317e-03
2.347931e+02	-8.982332e-03
2.361493e+02	-9.134470e-03
2.375133e+02	-9.263083e-03
2.388851e+02	-9.469792e-03
2.402649e+02	-9.278083e-03
2.416527e+02	-9.639702e-03
2.430484e+02	-9.710599e-03
2.444523e+02	-1.002691e-02
2.458642e+02	-9.931385e-03
2.472843e+02	-1.002358e-02
2.487126e+02	-1.019597e-02
2.501492e+02	-1.023159e-02
2.515940e+02	-1.048924e-02
2.530472e+02	-1.056409e-02
2.545088e+02	-1.061048e-02
2.559789e+02	-1.087419e-02
2.574574e+02	-1.105418e-02
2.589444e+02	-1.112923e-02
2.604401e+02	-1.128306e-02
2.619444e+02	-1.115740e-02
2.634574e+02	-1.126432e-02
2.649791e+02	-1.162373e-02
2.665096e+02	-1.162814e-02
2.680489e+02	-1.195633e-02
2.695972e+02	-1.189224e-02
2.711544e+02	-1.219665e-02
2.727205e+02	-1.229566e-02
2.742958e+02	-1.238590e-02
2.758801e+02	-1.260374e-02
2.774736e+02	-1.273281e-02
2.790762e+02	-1.278198e-02
2.806882e+02	-1.292557e-02
2.823094e+02	-1.307845e-02
2.839400e+02	-1.340703e-02
2.855800e+02	-1.341056e-02
2.872295e+02	-1.352505e-02
2.888886e+02	-1.363315e-02
2.905572e+02	-1.392623e-02
2.922354e+02	-1.420091e-02
2.939234e+02	-1.414886e-02
2.956211e+02	-1.435383e-02
2.973286e+02	-1.451995e-02
2.990459e+02	-1.460456e-02
3.007732e+02	-1.481286e-02
3.025104e+02	-1.501259e-02
3.042577e+02	-1.509299e-02
3.060151e+02	-1.535320e-02
3.077826e+02	-1.563241e-02
3.095604e+02	-1.574191e-02
3.113484e+02	-1.604672e-02
3.131467e+02	-1.612475e-02
3.149554e+02	-1.621154e-02
3.167746e+02	-1.632752e-02
3.186043e+02	-1.665293e-02
3.204445e+02	-1.680833e-02
3.222954e+02	-1.708004e-02
3.241570e+02	-1.726034e-02
3.260293e+02	-1.760104e-02
3.279124e+02	-1.775572e-02
3.298064e+02	-1.792805e-02
3.317114e+02	-1.812646e-02
3.336273e+02	-1.827401e-02
3.355544e+02	-1.838291e-02
3.374925e+02	-1.874155e-02
3.394418e+02	-1.899864e-02
3.414024e+02	-1.927255e-02
3.433744e+02	-1.935613e-02
3.453577e+02	-1.969885e-02
3.473525e+02	-1.989957e-02
3.493588e+02	-2.012414e-02
3.513766e+02	-2.033340e-02
3.534062e+02	-2.054527e-02
3.554474e+02	-2.071659e-02
3.575005e+02	-2.097581e-02
3.595654e+02	-2.132585e-02
3.616422e+02	-2.142683e-02
3.637311e+02	-2.178864e-02
3.658320e+02	-2.186478e-02
3.679450e+02	-2.206922e-02
3.700702e+02	-2.239705e-02
3.722077e+02	-2.269475e-02
3.743576e+02	-2.285813e-02
3.765199e+02	-2.328946e-02
3.786946e+02	-2.369475e-02
3.808820e+02	-2.368955e-02
3.830819e+02	-2.409493e-02
3.852946e+02	-2.448063e-02
3.875200e+02	-2.459601e-02
3.897583e+02	-2.500178e-02
3.920096e+02	-2.512556e-02
3.942738e+02	-2.536232e-02
3.965511e+02	-2.570618e-02
3.988416e+02	-2.611392e-02
4.011452e+02	-2.642816e-02
4.034622e+02	-2.682635e-02
4.057926e+02	-2.705458e-02
4.081365e+02	-2.744301e-02
4.104938e+02	-2.773469e-02
4.128648e+02	-2.804749e-02
4.152495e+02	-2.823402e-02
4.176480e+02	-2.870268e-02
4.200603e+02	-2.900976e-02
4.224866e+02	-2.917521e-02
4.249268e+02	-2.974228e-02
4.273812e+02	-3.022527e-02
4.298497e+02	-3.050769e-02
4.323325e+02	-3.059832e-02
4.348297e+02	-3.117651e-02
4.373412e+02	-3.124327e-02
4.398673e+02	-3.179675e-02
4.424079e+02	-3.205452e-02
4.449633e+02	-3.246151e-02
4.475334e+02	-3.277647e-02
4.501183e+02	-3.333538e-02
4.527182e+02	-3.378094e-02
4.553330e+02	-3.421192e-02
4.579630e+02	-3.452164e-02
4.606082e+02	-3.479467e-02
4.632687e+02	-3.514706e-02
4.659445e+02	-3.568043e-02
4.686358e+02	-3.601815e-02
4.713426e+02	-3.652705e-02
4.740650e+02	-3.681789e-02
4.768032e+02	-3.729746e-02
4.795572e+02	-3.768534e-02
4.823271e+02	-3.825027e-02
4.851130e+02	-3.842344e-02
4.879150e+02	-3.904867e-02
4.907332e+02	-3.935599e-02
4.935676e+02	-3.988212e-02
4.964185e+02	-4.042679e-02
4.992858e+02	-4.095043e-02
5.021696e+02	-4.137618e-02
5.050701e+02	-4.172262e-02
5.079874e+02	-4.229503e-02
5.109215e+02	-4.285175e-02
5.138726e+02	-4.324188e-02
5.168407e+02	-4.366283e-02
5.198259e+02	-4.416364e-02
5.228284e+02	-4.470843e-02
5.258482e+02	-4.539930e-02
5.288855e+02	-4.588162e-02
5.319403e+02	-4.609660e-02
5.350128e+02	-4.681012e-02
5.381030e+02	-4.747556e-02
5.412111e+02	-4.806270e-02
5.443371e+02	-4.851119e-02
5.474812e+02	-4.906419e-02
5.506434e+02	-4.954236e-02
5.538239e+02	-5.034053e-02
5.570228e+02	-5.077981e-02
5.602401e+02	-5.127993e-02
5.634760e+02	-5.195543e-02
5.667306e+02	-5.256838e-02
5.700040e+02	-5.320559e-02
5.732964e+02	-5.381927e-02
5.766077e+02	-5.439686e-02
5.799382e+02	-5.504354e-02
5.832879e+02	-5.564634e-02
5.866569e+02	-5.637852e-02
5.900454e+02	-5.698770e-02
5.934535e+02	-5.761873e-02
5.968813e+02	-5.824713e-02
6.003288e+02	-5.889261e-02
6.037963e+02	-5.962966e-02
6.072838e+02	-6.032524e-02
6.107914e+02	-6.087569e-02
6.143194e+02	-6.168491e-02
6.178676e+02	-6.237826e-02
6.214364e+02	-6.311440e-02
6.250258e+02	-6.371718e-02
6.286359e+02	-6.445823e-02
6.322669e+02	-6.537692e-02
6.359189e+02	-6.605161e-02
6.395919e+02	-6.690709e-02
6.432862e+02	-6.752012e-02
6.470017e+02	-6.834304e-02
6.507388e+02	-6.906404e-02
6.544974e+02	-6.989240e-02
6.582778e+02	-7.068335e-02
6.620800e+02	-7.142946e-02
6.659041e+02	-7.238558e-02
6.697504e+02	-7.330632e-02
6.736188e+02	-7.402273e-02
6.775096e+02	-7.504307e-02
6.814229e+02	-7.578798e-02
6.853587e+02	-7.666014e-02
6.893173e+02	-7.764709e-02
6.932988e+02	-7.842719e-02
6.973033e+02	-7.934041e-02
7.013309e+02	-8.030240e-02
7.053817e+02	-8.120091e-02
7.094560e+02	-8.222892e-02
7.135538e+02	-8.305465e-02
7.176752e+02	-8.396203e-02
7.218205e+02	-8.486277e-02
7.259897e+02	-8.591716e-02
7.301830e+02	-8.680701e-02
7.344005e+02	-8.802204e-02
7.386424e+02	-8.882455e-02
7.429087e+02	-8.990681e-02
7.471998e+02	-9.090991e-02
7.515155e+02	-9.184365e-02
7.558563e+02	-9.310929e-02
7.602221e+02	-9.426415e-02
7.646131e+02	-9.525940e-02
7.690295e+02	-9.618258e-02
7.734713e+02	-9.748017e-02
7.779389e+02	-9.850835e-02
7.824322e+02	-9.976079e-02
7.869515e+02	-1.006661e-01
7.914969e+02	-1.018614e-01
7.960686e+02	-1.030264e-01
8.006666e+02	-1.043869e-01
8.052912e+02	-1.052893e-01
8.099426e+02	-1.067339e-01
8.146208e+02	-1.078196e-01
8.193260e+02	-1.088937e-01
8.240584e+02	-1.105634e-01
8.288181e+02	-1.115902e-01
8.336053e+02	-1.128463e-01
8.384202e+02	-1.143510e-01
8.432629e+02	-1.157321e-01
8.481335e+02	-1.168145e-01
8.530323e+02	-1.183010e-01
8.579594e+02	-1.194003e-01
8.629149e+02	-1.208295e-01
8.678991e+02	-1.224092e-01
8.729120e+02	-1.236230e-01
8.779539e+02	-1.250156e-01
8.830250e+02	-1.264902e-01
8.881253e+02	-1.278928e-01
8.932551e+02	-1.293086e-01
8.984145e+02	-1.309437e-01
9.036037e+02	-1.324041e-01
9.088229e+02	-1.339821e-01
9.140722e+02	-1.353264e-01
9.193518e+02	-1.370928e-01
9.246620e+02	-1.385491e-01
9.300028e+02	-1.401429e-01
9.353744e+02	-1.416752e-01
9.407771e+02	-1.431631e-01
9.462110e+02	-1.448574e-01
9.516763e+02	-1.466551e-01
9.571731e+02	-1.482383e-01
9.627017e+02	-1.500091e-01
9.682622e+02	-1.517082e-01
9.738549e+02	-1.532938e-01
9.794798e+02	-1.550108e-01
9.851373e+02	-1.568806e-01
9.908274e+02	-1.586425e-01
9.965504e+02	-1.604483e-01
1.002306e+03	-1.623382e-01
1.008096e+03	-1.643223e-01
1.013918e+03	-1.659220e-01
1.019775e+03	-1.679798e-01
1.025665e+03	-1.699341e-01
1.031589e+03	-1.715818e-01
1.037548e+03	-1.737252e-01
1.043540e+03	-1.757637e-01
1.049568e+03	-1.775523e-01
1.055630e+03	-1.795899e-01
1.061727e+03	-1.817184e-01
1.067860e+03	-1.837560e-01
1.074028e+03	-1.858275e-01
1.080231e+03	-1.881234e-01
1.086471e+03	-1.900250e-01
1.092746e+03	-1.922248e-01
1.099058e+03	-1.946004e-01
1.105406e+03	-1.968571e-01
1.111791e+03	-1.988088e-01
1.118212e+03	-2.012246e-01
1.124671e+03	-2.033305e-01
1.131167e+03	-2.057572e-01
1.137701e+03	-2.080305e-01
1.144272e+03	-2.104644e-01
1.150881e+03	-2.127721e-01
1.157529e+03	-2.152233e-01
1.164215e+03	-2.175948e-01
1.170939e+03	-2.200805e-01
1.177702e+03	-2.225070e-01
1.184505e+03	-2.252641e-01
1.191346e+03	-2.274862e-01
1.198227e+03	-2.300832e-01
1.205148e+03	-2.326919e-01
1.212109e+03	-2.355241e-01
1.219110e+03	-2.378744e-01
1.226152e+03	-2.407060e-01
1.233234e+03	-2.433897e-01
1.240357e+03	-2.461787e-01
1.247521e+03	-2.488101e-01
1.254727e+03	-2.518565e-01
1.261974e+03	-2.545388e-01
1.269263e+03	-2.573627e-01
1.276595e+03	-2.603921e-01
1.283968e+03	-2.632521e-01
1.291384e+03	-2.662460e-01
1.298843e+03	-2.693011e-01
1.306345e+03	-2.722052e-01
1.313891e+03	-2.752991e-01
1.321480e+03	-2.784984e-01
1.329113e+03	-2.815348e-01
1.336790e+03	-2.846235e-01
1.344511e+03	-2.878885e-01
1.352277e+03	-2.910508e-01
1.360087e+03	-2.942359e-01
1.367943e+03	-2.975270e-01
1.375844e+03	-3.011051e-01
1.383791e+03	-3.043385e-01
1.391784e+03	-3.076976e-01
1.399823e+03	-3.111895e-01
1.407908e+03	-3.145285e-01
1.416040e+03	-3.180882e-01
1.424219e+03	-3.217544e-01
1.432445e+03	-3.253464e-01
1.440719e+03	-3.289478e-01
1.449041e+03	-3.327116e-01
1.457410e+03	-3.363263e-01
1.465828e+03	-3.400300e-01
1.474295e+03	-3.437614e-01
1.482810e+03	-3.476051e-01
1.491375e+03	-3.516642e-01
1.499989e+03	-3.553851e-01
1.508653e+03	-3.593313e-01
1.517367e+03	-3.633757e-01
1.526131e+03	-3.675898e-01
1.534946e+03	-3.714031e-01
1.543812e+03	-3.756582e-01
1.552729e+03	-3.797705e-01
1.561697e+03	-3.837219e-01
1.570717e+03	-3.882521e-01
1.579790e+03	-3.924988e-01
1.588915e+03	-3.965836e-01
1.598092e+03	-4.012081e-01
1.607323e+03	-4.058067e-01
1.616606e+03	-4.102286e-01
1.625944e+03	-4.146938e-01
1.635335e+03	-4.193122e-01
1.644781e+03	-4.239534e-01
1.654281e+03	-4.285771e-01
1.663836e+03	-4.334455e-01
1.673446e+03	-4.380919e-01
1.683112e+03	-4.430860e-01
1.692834e+03	-4.478085e-01
1.702611e+03	-4.525933e-01
1.712446e+03	-4.577205e-01
1.722337e+03	-4.626563e-01
1.732285e+03	-4.676958e-01
1.742290e+03	-4.728746e-01
1.752354e+03	-4.781214e-01
1.762475e+03	-4.833681e-01
1.772655e+03	-4.886406e-01
1.782894e+03	-4.938423e-01
1.793192e+03	-4.992730e-01
1.803549e+03	-5.046559e-01
1.813967e+03	-5.104449e-01
1.824444e+03	-5.157387e-01
1.834982e+03	-5.215152e-01
1.845581e+03	-5.274026e-01
1.856241e+03	-5.330772e-01
1.866962e+03	-5.388445e-01
1.877746e+03	-5.447071e-01
1.888592e+03	-5.505150e-01
1.899500e+03	-5.564971e-01
1.910472e+03	-5.626536e-01
1.921506e+03	-5.688364e-01
1.932605e+03	-5.748035e-01
1.943768e+03	-5.812108e-01
1.954995e+03	-5.874584e-01
1.966287e+03	-5.937415e-01
1.977644e+03	-6.002160e-01
1.989067e+03	-6.067647e-01
2.000555e+03	-6.132191e-01
2.012110e+03	-6.198630e-01
2.023732e+03	-6.266437e-01
2.035421e+03	-6.333177e-01
2.047178e+03	-6.402288e-01
2.059002e+03	-6.470687e-01
2.070895e+03	-6.538718e-01
2.082856e+03	-6.610187e-01
2.094887e+03	-6.681288e-01
2.106987e+03	-6.753009e-01
2.119157e+03	-6.824814e-01
2.131397e+03	-6.898386e-01
2.143708e+03	-6.970695e-01
2.156090e+03	-7.046320e-01
2.168543e+03	-7.123028e-01
2.181069e+03	-7.196843e-01
2.193666e+03	-7.275389e-01
2.206337e+03	-7.354933e-01
2.219081e+03	-7.428612e-01
2.231898e+03	-7.509015e-01
2.244789e+03	-7.588819e-01
2.257755e+03	-7.668548e-01
2.270796e+03	-7.751949e-01
2.283912e+03	-7.834472e-01
2.297104e+03	-7.915879e-01
2.310372e+03	-8.000683e-01
2.323716e+03	-8.083273e-01
2.337138e+03	-8.170208e-01
2.350637e+03	-8.256362e-01
2.364214e+03	-8.343405e-01
2.377870e+03	-8.429473e-01
2.391604e+03	-8.518964e-01
2.405418e+03	-8.608820e-01
2.419312e+03	-8.699725e-01
2.433286e+03	-8.790996e-01
2.447340e+03	-8.882944e-01
2.461476e+03	-8.977060e-01
2.475693e+03	-9.068338e-01
2.489993e+03	-9.166386e-01
2.504375e+03	-9.258835e-01
2.518840e+03	-9.355560e-01
2.533389e+03	-9.451638e-01
2.548022e+03	-9.550013e-01
2.562739e+03	-9.650370e-01
2.577541e+03	-9.749285e-01
2.592429e+03	-9.849653e-01
2.607403e+03	-9.952826e-01
2.622463e+03	-1.005584e+00
2.637610e+03	-1.016219e+00
2.652845e+03	-1.026481e+00
2.668168e+03	-1.036995e+00
2.683579e+03	-1.047573e+00
2.699079e+03	-1.058472e+00
2.714669e+03	-1.069195e+00
2.730349e+03	-1.080315e+00
2.746119e+03	-1.091329e+00
2.761981e+03	-1.102499e+00
2.777934e+03	-1.113699e+00
2.793979e+03	-1.125162e+00
2.810117e+03	-1.136412e+00
2.826348e+03	-1.148078e+00
2.842673e+03	-1.159623e+00
2.859092e+03	-1.171206e+00
2.875606e+03	-1.183447e+00
2.892215e+03	-1.195295e+00
2.908921e+03	-1.207451e+00
2.925722e+03	-1.219664e+00
2.942621e+03	-1.232032e+00
2.959618e+03	-1.244443e+00
2.976712e+03	-1.256906e+00
2.993906e+03	-1.269439e+00
3.011198e+03	-1.282260e+00
3.028591e+03	-1.294811e+00
3.046084e+03	-1.307804e+00
3.063678e+03	-1.320982e+00
3.081374e+03	-1.334113e+00
3.099172e+03	-1.347448e+00
3.117072e+03	-1.360795e+00
3.135076e+03	-1.374324e+00
3.153184e+03	-1.388055e+00
3.171397e+03	-1.401603e+00
3.189715e+03	-1.415513e+00
3.208139e+03	-1.429303e+00
3.226669e+03	-1.443574e+00
3.245306e+03	-1.457651e+00
3.264051e+03	-1.471996e+00
3.282904e+03	-1.486170e+00
3.301866e+03	-1.500947e+00
3.320937e+03	-1.515659e+00
3.340119e+03	-1.530440e+00
3.359411e+03	-1.545343e+00
3.378815e+03	-1.560371e+00
3.398331e+03	-1.575507e+00
3.417959e+03	-1.590757e+00
3.437701e+03	-1.606106e+00
3.457557e+03	-1.621564e+00
3.477528e+03	-1.637330e+00
3.497614e+03	-1.652866e+00
3.517816e+03	-1.668686e+00
3.538135e+03	-1.684968e+00
3.558571e+03	-1.701072e+00
3.579125e+03	-1.717269e+00
3.599798e+03	-1.733571e+00
3.620590e+03	-1.750145e+00
3.641503e+03	-1.766727e+00
3.662536e+03	-1.783548e+00
3.683691e+03	-1.800394e+00
3.704967e+03	-1.817357e+00
3.726367e+03	-1.834631e+00
3.747890e+03	-1.851798e+00
3.769538e+03	-1.869365e+00
3.791311e+03	-1.886680e+00
3.813209e+03	-1.904427e+00
3.835234e+03	-1.922286e+00
3.857386e+03	-1.940122e+00
3.879667e+03	-1.958281e+00
3.902075e+03	-1.976292e+00
3.924614e+03	-1.994982e+00
3.947282e+03	-2.013212e+00
3.970081e+03	-2.031829e+00
3.993012e+03	-2.050671e+00
4.016076e+03	-2.069566e+00
4.039272e+03	-2.088235e+00
4.062603e+03	-2.107490e+00
4.086069e+03	-2.126790e+00
4.109670e+03	-2.146196e+00
4.133407e+03	-2.165970e+00
4.157281e+03	-2.185430e+00
4.181294e+03	-2.205162e+00
4.205445e+03	-2.225109e+00
4.229735e+03	-2.245215e+00
4.254166e+03	-2.265470e+00
4.278738e+03	-2.285906e+00
4.303451e+03	-2.306370e+00
4.328308e+03	-2.326890e+00
4.353308e+03	-2.347661e+00
4.378453e+03	-2.368729e+00
4.403742e+03	-2.389648e+00
4.429178e+03	-2.411013e+00
4.454761e+03	-2.432245e+00
4.480492e+03	-2.453621e+00
4.506371e+03	-2.475282e+00
4.532399e+03	-2.497181e+00
4.558578e+03	-2.518982e+00
4.584908e+03	-2.541112e+00
4.611391e+03	-2.563122e+00
4.638026e+03	-2.585483e+00
4.664815e+03	-2.608023e+00
4.691759e+03	-2.630541e+00
4.718858e+03	-2.653340e+00
4.746114e+03	-2.676074e+00
4.773527e+03	-2.699098e+00
4.801099e+03	-2.722379e+00
4.828830e+03	-2.745719e+00
4.856721e+03	-2.769100e+00
4.884773e+03	-2.792563e+00
4.912988e+03	-2.816428e+00
4.941365e+03	-2.840281e+00
4.969906e+03	-2.864351e+00
4.998612e+03	-2.888537e+00
5.027484e+03	-2.912745e+00
5.056522e+03	-2.937448e+00
5.085729e+03	-2.962035e+00
5.115104e+03	-2.986593e+00
5.144648e+03	-3.011447e+00
5.174363e+03	-3.036485e+00
5.204250e+03	-3.061694e+00
5.234310e+03	-3.086973e+00
5.264543e+03	-3.112493e+00
5.294951e+03	-3.138084e+00
5.325534e+03	-3.163696e+00
5.356294e+03	-3.189557e+00
5.387232e+03	-3.215736e+00
5.418348e+03	-3.241865e+00
5.449645e+03	-3.268024e+00
5.481122e+03	-3.294287e+00
5.512780e+03	-3.321018e+00
5.544622e+03	-3.347733e+00
5.576647e+03	-3.374538e+00
5.608858e+03	-3.401539e+00
5.641254e+03	-3.428783e+00
5.673838e+03	-3.455954e+00
5.706610e+03	-3.483451e+00
5.739571e+03	-3.511247e+00
5.772723e+03	-3.538578e+00
5.806066e+03	-3.566728e+00
5.839601e+03	-3.594742e+00
5.873331e+03	-3.622863e+00
5.907255e+03	-3.650871e+00
5.941375e+03	-3.679415e+00
5.975692e+03	-3.707899e+00
6.010207e+03	-3.736535e+00
6.044922e+03	-3.765181e+00
6.079837e+03	-3.794579e+00
6.114954e+03	-3.823631e+00
6.150274e+03	-3.852703e+00
6.185797e+03	-3.882153e+00
6.221526e+03	-3.911294e+00
6.257462e+03	-3.941187e+00
6.293605e+03	-3.970691e+00
6.329956e+03	-4.000810e+00
6.366518e+03	-4.031023e+00
6.403290e+03	-4.061019e+00
6.440276e+03	-4.091453e+00
6.477474e+03	-4.121883e+00
6.514888e+03	-4.152526e+00
6.552518e+03	-4.183212e+00
6.590365e+03	-4.214264e+00
6.628430e+03	-4.244895e+00
6.666716e+03	-4.276154e+00
6.705223e+03	-4.307445e+00
6.743952e+03	-4.338632e+00
6.782905e+03	-4.370350e+00
6.822082e+03	-4.401716e+00
6.861486e+03	-4.433420e+00
6.901118e+03	-4.465524e+00
6.940979e+03	-4.497501e+00
6.981069e+03	-4.529553e+00
7.021392e+03	-4.561933e+00
7.061947e+03	-4.594496e+00
7.102737e+03	-4.626714e+00
7.143762e+03	-4.659574e+00
7.185024e+03	-4.692354e+00
7.226524e+03	-4.725216e+00
7.268264e+03	-4.758327e+00
7.310246e+03	-4.791737e+00
7.352469e+03	-4.824630e+00
7.394937e+03	-4.858041e+00
7.437650e+03	-4.891571e+00
7.480609e+03	-4.925323e+00
7.523817e+03	-4.959100e+00
7.567274e+03	-4.993026e+00
7.610982e+03	-5.027154e+00
7.654943e+03	-5.061070e+00
7.699158e+03	-5.095475e+00
7.743628e+03	-5.129757e+00
7.788355e+03	-5.164316e+00
7.833340e+03	-5.199073e+00
7.878585e+03	-5.233550e+00
7.924091e+03	-5.268402e+00
7.969861e+03	-5.303477e+00
8.015894e+03	-5.338342e+00
8.062194e+03	-5.373580e+00
8.108761e+03	-5.409353e+00
8.155596e+03	-5.444376e+00
8.202703e+03	-5.479872e+00
8.250081e+03	-5.515524e+00
8.297733e+03	-5.551450e+00
8.345661e+03	-5.587288e+00
8.393865e+03	-5.623303e+00
8.442348e+03	-5.659325e+00
8.491110e+03	-5.695362e+00
8.540155e+03	-5.732092e+00
8.589482e+03	-5.767935e+00
8.639095e+03	-5.804670e+00
8.688994e+03	-5.841210e+00
8.739181e+03	-5.877918e+00
8.789658e+03	-5.915044e+00
8.840427e+03	-5.952100e+00
8.891489e+03	-5.988886e+00
8.942846e+03	-6.026166e+00
8.994499e+03	-6.063012e+00
9.046451e+03	-6.100588e+00
9.098703e+03	-6.138308e+00
9.151257e+03	-6.175299e+00
9.204114e+03	-6.213073e+00
9.257277e+03	-6.250831e+00
9.310746e+03	-6.288717e+00
9.364525e+03	-6.326716e+00
9.418614e+03	-6.365173e+00
9.473015e+03	-6.402739e+00
9.527731e+03	-6.441322e+00
9.582763e+03	-6.479247e+00
9.638113e+03	-6.518018e+00
9.693782e+03	-6.556314e+00
9.749773e+03	-6.594768e+00
9.806087e+03	-6.633436e+00
9.862727e+03	-6.672854e+00
9.919693e+03	-6.711342e+00
9.976989e+03	-6.750120e+00
1.003462e+04	-6.789358e+00
1.009258e+04	-6.828301e+00
1.015087e+04	-6.867391e+00
1.020950e+04	-6.906929e+00
1.026847e+04	-6.946586e+00
1.032778e+04	-6.985699e+00
1.038743e+04	-7.025636e+00
1.044743e+04	-7.064888e+00
1.050777e+04	-7.104692e+00
1.056847e+04	-7.144893e+00
1.062951e+04	-7.184646e+00
1.069091e+04	-7.224345e+00
1.075266e+04	-7.264378e+00
1.081476e+04	-7.304706e+00
1.087723e+04	-7.344553e+00
1.094006e+04	-7.384984e+00
1.100324e+04	-7.425311e+00
1.106680e+04	-7.466015e+00
1.113072e+04	-7.506519e+00
1.119501e+04	-7.547236e+00
1.125967e+04	-7.588227e+00
1.132471e+04	-7.628574e+00
1.139012e+04	-7.669481e+00
1.145591e+04	-7.709948e+00
1.152208e+04	-7.751096e+00
1.158863e+04	-7.792372e+00
1.165556e+04	-7.833600e+00
1.172289e+04	-7.874591e+00
1.179060e+04	-7.915616e+00
1.185870e+04	-7.957474e+00
1.192719e+04	-7.998243e+00
1.199608e+04	-8.039400e+00
1.206537e+04	-8.081451e+00
1.213506e+04	-8.123248e+00
1.220515e+04	-8.164158e+00
1.227565e+04	-8.206228e+00
1.234655e+04	-8.247954e+00
1.241787e+04	-8.290107e+00
1.248959e+04	-8.331995e+00
1.256173e+04	-8.373839e+00
1.263429e+04	-8.415962e+00
1.270726e+04	-8.457878e+00
1.278066e+04	-8.499713e+00
1.285448e+04	-8.542028e+00
1.292873e+04	-8.584244e+00
1.300340e+04	-8.626447e+00
1.307851e+04	-8.669064e+00
1.315405e+04	-8.710948e+00
1.323003e+04	-8.754048e+00
1.330644e+04	-8.795833e+00
1.338330e+04	-8.838710e+00
1.346060e+04	-8.881413e+00
1.353835e+04	-8.923968e+00
1.361655e+04	-8.966986e+00
1.369520e+04	-9.009362e+00
1.377430e+04	-9.052621e+00
1.385386e+04	-9.095521e+00
1.393388e+04	-9.138521e+00
1.401436e+04	-9.181046e+00
1.409531e+04	-9.224663e+00
1.417672e+04	-9.267462e+00
1.425861e+04	-9.309982e+00
1.434096e+04	-9.353588e+00
1.442379e+04	-9.396739e+00
1.450711e+04	-9.439595e+00
1.459090e+04	-9.483133e+00
1.467518e+04	-9.526647e+00
1.475994e+04	-9.569745e+00
1.484519e+04	-9.613342e+00
1.493094e+04	-9.656649e+00
1.501718e+04	-9.700488e+00
1.510392e+04	-9.743860e+00
1.519116e+04	-9.787367e+00
1.527890e+04	-9.830866e+00
1.536715e+04	-9.874414e+00
1.545591e+04	-9.918262e+00
1.554518e+04	-9.961938e+00
1.563497e+04	-1.000586e+01
1.572528e+04	-1.004937e+01
1.581611e+04	-1.009343e+01
1.590746e+04	-1.013730e+01
1.599934e+04	-1.018078e+01
1.609175e+04	-1.022460e+01
1.618470e+04	-1.026935e+01
1.627818e+04	-1.031219e+01
1.637220e+04	-1.035651e+01
1.646677e+04	-1.040063e+01
1.656188e+04	-1.044468e+01
1.665754e+04	-1.048921e+01
1.675375e+04	-1.053312e+01
1.685052e+04	-1.057687e+01
1.694785e+04	-1.062139e+01
1.704574e+04	-1.066563e+01
1.714419e+04	-1.070972e+01
1.724322e+04	-1.075361e+01
1.734281e+04	-1.079793e+01
1.744299e+04	-1.084243e+01
1.754374e+04	-1.088661e+01
1.764507e+04	-1.093104e+01
1.774698e+04	-1.097533e+01
1.784949e+04	-1.101989e+01
1.795259e+04	-1.106347e+01
1.805628e+04	-1.110845e+01
1.816057e+04	-1.115293e+01
1.826547e+04	-1.119726e+01
1.837097e+04	-1.124132e+01
1.847708e+04	-1.128604e+01
1.858380e+04	-1.133016e+01
1.869114e+04	-1.137496e+01
1.879910e+04	-1.141984e+01
1.890768e+04	-1.146378e+01
1.901689e+04	-1.150874e+01
1.912673e+04	-1.155313e+01
1.923721e+04	-1.159785e+01
1.934832e+04	-1.164297e+01
1.946008e+04	-1.168703e+01
1.957248e+04	-1.173146e+01
1.968553e+04	-1.177591e+01
1.979923e+04	-1.182040e+01
1.991359e+04	-1.186526e+01
2.002861e+04	-1.191090e+01
2.014430e+04	-1.195478e+01
2.026065e+04	-1.199973e+01
2.037767e+04	-1.204338e+01
2.049537e+04	-1.208859e+01
2.061375e+04	-1.213298e+01
2.073282e+04	-1.217694e+01
2.085257e+04	-1.222239e+01
2.097301e+04	-1.226726e+01
2.109415e+04	-1.231127e+01
2.121599e+04	-1.235639e+01
2.133853e+04	-1.240084e+01
2.146178e+04	-1.244561e+01
2.158575e+04	-1.249011e+01
2.171043e+04	-1.253461e+01
2.183582e+04	-1.257944e+01
2.196195e+04	-1.262369e+01
2.208880e+04	-1.266890e+01
2.221638e+04	-1.271382e+01
2.234470e+04	-1.275805e+01
2.247377e+04	-1.280229e+01
2.260357e+04	-1.284739e+01
2.273413e+04	-1.289221e+01
2.286544e+04	-1.293663e+01
2.299751e+04	-1.298030e+01
2.313034e+04	-1.302465e+01
2.326394e+04	-1.306987e+01
2.339832e+04	-1.311534e+01
2.353346e+04	-1.315880e+01
2.366939e+04	-1.320339e+01
2.380610e+04	-1.324814e+01
2.394361e+04	-1.329236e+01
2.408191e+04	-1.333634e+01
2.422100e+04	-1.338116e+01
2.436090e+04	-1.342587e+01
2.450161e+04	-1.347041e+01
2.464313e+04	-1.351417e+01
2.478547e+04	-1.355892e+01
2.492863e+04	-1.360334e+01
2.507261e+04	-1.364710e+01
2.521743e+04	-1.369220e+01
2.536309e+04	-1.373633e+01
2.550958e+04	-1.378144e+01
2.565692e+04	-1.382392e+01
2.580512e+04	-1.386962e+01
2.595417e+04	-1.391357e+01
2.610408e+04	-1.395731e+01
2.625485e+04	-1.400164e+01
2.640650e+04	-1.404518e+01
2.655902e+04	-1.408947e+01
2.671243e+04	-1.413359e+01
2.686672e+04	-1.417867e+01
2.702190e+04	-1.422150e+01
2.717798e+04	-1.426572e+01
2.733495e+04	-1.431017e+01
2.749284e+04	-1.435345e+01
2.765164e+04	-1.439727e+01
2.781135e+04	-1.444174e+01
2.797199e+04	-1.448478e+01
2.813355e+04	-1.452936e+01
2.829605e+04	-1.457366e+01
2.845949e+04	-1.461613e+01
2.862387e+04	-1.466040e+01
2.878920e+04	-1.470428e+01
2.895549e+04	-1.474896e+01
2.912273e+04	-1.479052e+01
2.929094e+04	-1.483429e+01
2.946013e+04	-1.487831e+01
2.963029e+04	-1.492090e+01
2.980143e+04	-1.496520e+01
2.997356e+04	-1.500836e+01
3.014669e+04	-1.505153e+01
3.032081e+04	-1.509454e+01
3.049595e+04	-1.513821e+01
3.067209e+04	-1.518109e+01
3.084925e+04	-1.522351e+01
3.102743e+04	-1.526711e+01
3.120665e+04	-1.530926e+01
3.138690e+04	-1.535302e+01
3.156819e+04	-1.539573e+01
3.175052e+04	-1.543771e+01
3.193391e+04	-1.548127e+01
3.211836e+04	-1.552427e+01
3.230388e+04	-1.556741e+01
3.249046e+04	-1.560953e+01
3.267812e+04	-1.565230e+01
3.286687e+04	-1.569410e+01
3.305671e+04	-1.573644e+01
3.324764e+04	-1.577884e+01
3.343968e+04	-1.582111e+01
3.363283e+04	-1.586408e+01
3.382709e+04	-1.590601e+01
3.402247e+04	-1.594739e+01
3.421899e+04	-1.598934e+01
3.441663e+04	-1.603247e+01
3.461542e+04	-1.607356e+01
3.481536e+04	-1.611461e+01
3.501645e+04	-1.615647e+01
3.521871e+04	-1.619734e+01
3.542213e+04	-1.624008e+01
3.562672e+04	-1.628156e+01
3.583250e+04	-1.632282e+01
3.603947e+04	-1.636301e+01
3.624763e+04	-1.640506e+01
3.645700e+04	-1.644662e+01
3.666757e+04	-1.648711e+01
3.687936e+04	-1.652836e+01
3.709238e+04	-1.656953e+01
3.730662e+04	-1.660970e+01
3.752210e+04	-1.665055e+01
3.773883e+04	-1.669184e+01
3.795680e+04	-1.673084e+01
3.817604e+04	-1.677280e+01
3.839654e+04	-1.681387e+01
3.861832e+04	-1.685407e+01
3.884138e+04	-1.689300e+01
3.906573e+04	-1.693423e+01
3.929137e+04	-1.697233e+01
3.951831e+04	-1.701325e+01
3.974657e+04	-1.705170e+01
3.997614e+04	-1.709187e+01
4.020704e+04	-1.713201e+01
4.043928e+04	-1.717124e+01
4.067285e+04	-1.721114e+01
4.090778e+04	-1.724979e+01
4.114406e+04	-1.728824e+01
4.138171e+04	-1.732796e+01
4.162073e+04	-1.736778e+01
4.186113e+04	-1.740514e+01
4.210291e+04	-1.744524e+01
4.234610e+04	-1.748432e+01
4.259069e+04	-1.752022e+01
4.283669e+04	-1.755894e+01
4.308411e+04	-1.759720e+01
4.333297e+04	-1.763678e+01
4.358325e+04	-1.767260e+01
4.383499e+04	-1.771044e+01
4.408818e+04	-1.774890e+01
4.434283e+04	-1.778701e+01
4.459895e+04	-1.782325e+01
4.485655e+04	-1.786095e+01
4.511564e+04	-1.789790e+01
4.537623e+04	-1.793452e+01
4.563832e+04	-1.797017e+01
4.590193e+04	-1.800832e+01
4.616705e+04	-1.804380e+01
4.643371e+04	-1.808107e+01
4.670191e+04	-1.811776e+01
4.697166e+04	-1.815315e+01
4.724297e+04	-1.818949e+01
4.751584e+04	-1.822392e+01
4.779029e+04	-1.826059e+01
4.806633e+04	-1.829576e+01
4.834395e+04	-1.833013e+01
4.862319e+04	-1.836480e+01
4.890403e+04	-1.840129e+01
4.918650e+04	-1.843544e+01
4.947060e+04	-1.846961e+01
4.975634e+04	-1.850444e+01
5.004373e+04	-1.853900e+01
5.033278e+04	-1.857165e+01
5.062350e+04	-1.860564e+01
5.091590e+04	-1.863871e+01
5.120999e+04	-1.867250e+01
5.150578e+04	-1.870599e+01
5.180327e+04	-1.874037e+01
5.210248e+04	-1.877219e+01
5.240343e+04	-1.880461e+01
5.270611e+04	-1.883509e+01
5.301053e+04	-1.886889e+01
5.331672e+04	-1.890052e+01
5.362468e+04	-1.893149e+01
5.393441e+04	-1.896302e+01
5.424593e+04	-1.899429e+01
5.455926e+04	-1.902515e+01
5.487439e+04	-1.905597e+01
5.519134e+04	-1.908925e+01
5.551012e+04	-1.911784e+01
5.583075e+04	-1.914777e+01
5.615322e+04	-1.917852e+01
5.647756e+04	-1.920573e+01
5.680377e+04	-1.923632e+01
5.713187e+04	-1.926646e+01
5.746186e+04	-1.929481e+01
5.779376e+04	-1.932296e+01
5.812757e+04	-1.935249e+01
5.846332e+04	-1.937968e+01
5.880100e+04	-1.940830e+01
5.914063e+04	-1.943652e+01
5.948222e+04	-1.946260e+01
5.982579e+04	-1.949056e+01
6.017134e+04	-1.951750e+01
6.051889e+04	-1.954148e+01
6.086844e+04	-1.956826e+01
6.122002e+04	-1.959402e+01
6.157362e+04	-1.962171e+01
6.192927e+04	-1.964529e+01
6.228697e+04	-1.967061e+01
6.264674e+04	-1.969648e+01
6.300858e+04	-1.972008e+01
6.337252e+04	-1.974391e+01
6.373855e+04	-1.976601e+01
6.410670e+04	-1.979047e+01
6.447698e+04	-1.981233e+01
6.484940e+04	-1.983621e+01
6.522397e+04	-1.985884e+01
6.560070e+04	-1.988093e+01
6.597960e+04	-1.990099e+01
6.636070e+04	-1.992209e+01
6.674400e+04	-1.994527e+01
6.712951e+04	-1.996421e+01
6.751724e+04	-1.998509e+01
6.790722e+04	-2.000361e+01
6.829945e+04	-2.002360e+01
6.869395e+04	-2.004184e+01
6.909072e+04	-2.006086e+01
6.948978e+04	-2.007690e+01
6.989115e+04	-2.009587e+01
7.029484e+04	-2.011168e+01
7.070086e+04	-2.012960e+01
7.110923e+04	-2.014692e+01
7.151995e+04	-2.016269e+01
7.193305e+04	-2.017776e+01
7.234853e+04	-2.019244e+01
7.276641e+04	-2.020609e+01
7.318671e+04	-2.022010e+01
7.360943e+04	-2.023491e+01
7.403460e+04	-2.024715e+01
7.446222e+04	-2.026140e+01
7.489231e+04	-2.027277e+01
7.532488e+04	-2.028439e+01
7.575996e+04	-2.029481e+01
7.619754e+04	-2.030585e+01
7.663766e+04	-2.031514e+01
7.708031e+04	-2.032567e+01
7.752553e+04	-2.033359e+01
7.797331e+04	-2.034262e+01
7.842368e+04	-2.034986e+01
7.887665e+04	-2.035705e+01
7.933224e+04	-2.036262e+01
7.979046e+04	-2.036912e+01
8.025133e+04	-2.037467e+01
8.071486e+04	-2.038074e+01
8.118106e+04	-2.038177e+01
8.164996e+04	-2.038606e+01
8.212157e+04	-2.039031e+01
8.259590e+04	-2.039105e+01
8.307297e+04	-2.039252e+01
8.355279e+04	-2.039319e+01
8.403539e+04	-2.039369e+01
8.452078e+04	-2.039350e+01
8.500897e+04	-2.039179e+01
8.549997e+04	-2.038821e+01
8.599382e+04	-2.038595e+01
8.649052e+04	-2.038172e+01
8.699008e+04	-2.038050e+01
8.749253e+04	-2.037238e+01
8.799789e+04	-2.036690e+01
8.850616e+04	-2.036026e+01
8.901737e+04	-2.035013e+01
8.953153e+04	-2.034313e+01
9.004866e+04	-2.033528e+01
9.056877e+04	-2.032414e+01
9.109190e+04	-2.031303e+01
9.161804e+04	-2.030017e+01
9.214722e+04	-2.028765e+01
9.267946e+04	-2.027344e+01
9.321477e+04	-2.025882e+01
9.375318e+04	-2.024113e+01
9.429469e+04	-2.022407e+01
9.483933e+04	-2.020678e+01
9.538712e+04	-2.018715e+01
9.593807e+04	-2.016619e+01
9.649221e+04	-2.014515e+01
9.704954e+04	-2.012315e+01
9.761010e+04	-2.010065e+01
9.817389e+04	-2.007426e+01
9.874094e+04	-2.004977e+01
9.931126e+04	-2.002149e+01
9.988488e+04	-1.999230e+01
1.004618e+05	-1.996342e+01
1.010421e+05	-1.993311e+01
1.016257e+05	-1.989934e+01
1.022127e+05	-1.986499e+01
1.028031e+05	-1.983127e+01
1.033968e+05	-1.979465e+01
1.039941e+05	-1.975634e+01
1.045947e+05	-1.971580e+01
1.051989e+05	-1.967399e+01
1.058065e+05	-1.963346e+01
1.064176e+05	-1.958714e+01
1.070323e+05	-1.954200e+01
1.076505e+05	-1.949531e+01
1.082723e+05	-1.944490e+01
1.088977e+05	-1.939660e+01
1.095266e+05	-1.934133e+01
1.101593e+05	-1.928728e+01
1.107955e+05	-1.923215e+01
1.114355e+05	-1.917256e+01
1.120791e+05	-1.911215e+01
1.127265e+05	-1.904956e+01
1.133776e+05	-1.898537e+01
1.140325e+05	-1.891660e+01
1.146911e+05	-1.884800e+01
1.153536e+05	-1.877760e+01
1.160198e+05	-1.870302e+01
1.166900e+05	-1.862526e+01
1.173640e+05	-1.854823e+01
1.180419e+05	-1.846671e+01
1.187237e+05	-1.838321e+01
1.194094e+05	-1.829639e+01
1.200991e+05	-1.820556e+01
1.207928e+05	-1.811502e+01
1.214905e+05	-1.801869e+01
1.221922e+05	-1.792020e+01
1.228980e+05	-1.781966e+01
1.236078e+05	-1.771501e+01
1.243218e+05	-1.760603e+01
1.250399e+05	-1.749346e+01
1.257621e+05	-1.737848e+01
1.264885e+05	-1.725856e+01
1.272191e+05	-1.713491e+01
1.279539e+05	-1.700680e+01
1.286930e+05	-1.687541e+01
1.294363e+05	-1.674013e+01
1.301839e+05	-1.659947e+01
1.309358e+05	-1.645281e+01
1.316921e+05	-1.630152e+01
1.324528e+05	-1.614803e+01
1.332178e+05	-1.598644e+01
1.339873e+05	-1.581918e+01
1.347612e+05	-1.564744e+01
1.355395e+05	-1.546834e+01
1.363224e+05	-1.528321e+01
1.371098e+05	-1.509116e+01
1.379018e+05	-1.489377e+01
1.386983e+05	-1.468646e+01
1.394994e+05	-1.447233e+01
1.403051e+05	-1.425115e+01
1.411155e+05	-1.402020e+01
1.419306e+05	-1.378072e+01
1.427504e+05	-1.353191e+01
1.435749e+05	-1.327305e+01
1.444042e+05	-1.300362e+01
1.452383e+05	-1.272293e+01
1.460772e+05	-1.243061e+01
1.469209e+05	-1.212668e+01
1.477695e+05	-1.180954e+01
1.486230e+05	-1.147894e+01
1.494814e+05	-1.113339e+01
1.503448e+05	-1.077290e+01
1.512132e+05	-1.039709e+01
1.520866e+05	-1.000532e+01
1.529651e+05	-9.597055e+00
1.538486e+05	-9.171918e+00
1.547372e+05	-8.730271e+00
1.556310e+05	-8.272719e+00
1.565299e+05	-7.800727e+00
1.574340e+05	-7.316844e+00
1.583433e+05	-6.825049e+00
1.592579e+05	-6.332277e+00
1.601778e+05	-5.846712e+00
1.611030e+05	-5.380907e+00
1.620335e+05	-4.951702e+00
1.629694e+05	-4.577907e+00
1.639107e+05	-4.282183e+00
1.648574e+05	-4.086013e+00
1.658097e+05	-4.006823e+00
1.667674e+05	-4.053592e+00
1.677306e+05	-4.224605e+00
1.686994e+05	-4.507511e+00
1.696738e+05	-4.883148e+00
1.706538e+05	-5.330948e+00
1.716395e+05	-5.827407e+00
1.726309e+05	-6.354471e+00
1.736280e+05	-6.896975e+00
1.746309e+05	-7.443240e+00
1.756395e+05	-7.986010e+00
1.766540e+05	-8.519148e+00
1.776744e+05	-9.039893e+00
1.787006e+05	-9.544389e+00
1.797328e+05	-1.003233e+01
1.807709e+05	-1.050298e+01
1.818150e+05	-1.095775e+01
1.828652e+05	-1.139366e+01
1.839214e+05	-1.181480e+01
1.849837e+05	-1.221855e+01
1.860522e+05	-1.260689e+01
1.871268e+05	-1.298180e+01
1.882077e+05	-1.334201e+01
1.892948e+05	-1.368758e+01
1.903881e+05	-1.402201e+01
1.914878e+05	-1.434252e+01
1.925938e+05	-1.465113e+01
1.937062e+05	-1.495029e+01
1.948251e+05	-1.523740e+01
1.959504e+05	-1.551452e+01
1.970822e+05	-1.578108e+01
1.982205e+05	-1.603837e+01
1.993654e+05	-1.628776e+01
2.005169e+05	-1.652763e+01
2.016751e+05	-1.675800e+01
2.028400e+05	-1.698113e+01
2.040116e+05	-1.719421e+01
2.051899e+05	-1.740210e+01
2.063751e+05	-1.760274e+01
2.075671e+05	-1.779514e+01
2.087660e+05	-1.798059e+01
2.099719e+05	-1.815776e+01
2.111846e+05	-1.832945e+01
2.124044e+05	-1.849539e+01
2.136313e+05	-1.865202e+01
2.148652e+05	-1.880500e+01
2.161063e+05	-1.894877e+01
2.173545e+05	-1.908871e+01
2.186099e+05	-1.922148e+01
2.198726e+05	-1.934979e+01
2.211426e+05	-1.947176e+01
2.224199e+05	-1.958616e+01
2.237046e+05	-1.969639e+01
2.249967e+05	-1.979852e+01
2.262962e+05	-1.989759e+01
2.276033e+05	-1.999004e+01
2.289179e+05	-2.007481e+01
2.302402e+05	-2.015597e+01
2.315700e+05	-2.022921e+01
2.329076e+05	-2.030002e+01
2.342528e+05	-2.036221e+01
2.356059e+05	-2.042060e+01
2.369667e+05	-2.046965e+01
2.383354e+05	-2.051723e+01
2.397120e+05	-2.055799e+01
2.410966e+05	-2.059032e+01
2.424892e+05	-2.061763e+01
2.438898e+05	-2.063831e+01
2.452985e+05	-2.065182e+01
2.467153e+05	-2.066228e+01
2.481403e+05	-2.066306e+01
2.495736e+05	-2.065793e+01
2.510151e+05	-2.064839e+01
2.524650e+05	-2.063081e+01
2.539232e+05	-2.060483e+01
2.553898e+05	-2.057216e+01
2.568650e+05	-2.053305e+01
2.583486e+05	-2.048369e+01
2.598408e+05	-2.042846e+01
2.613416e+05	-2.036521e+01
2.628511e+05	-2.029381e+01
2.643694e+05	-2.021484e+01
2.658963e+05	-2.012461e+01
2.674321e+05	-2.002655e+01
2.689768e+05	-1.991690e+01
2.705304e+05	-1.979892e+01
2.720930e+05	-1.967162e+01
2.736646e+05	-1.953275e+01
2.752453e+05	-1.938111e+01
2.768351e+05	-1.921706e+01
2.784341e+05	-1.904316e+01
2.800423e+05	-1.885455e+01
2.816598e+05	-1.865282e+01
2.832867e+05	-1.843593e+01
2.849229e+05	-1.820362e+01
2.865686e+05	-1.795510e+01
2.882238e+05	-1.768832e+01
2.898886e+05	-1.740219e+01
2.915630e+05	-1.709847e+01
2.932470e+05	-1.677234e+01
2.949408e+05	-1.642389e+01
2.966444e+05	-1.605004e+01
2.983578e+05	-1.564919e+01
3.000811e+05	-1.522104e+01
3.018143e+05	-1.476168e+01
3.035576e+05	-1.426896e+01
3.053109e+05	-1.374038e+01
3.070744e+05	-1.317506e+01
3.088481e+05	-1.257119e+01
3.106320e+05	-1.192606e+01
3.124261e+05	-1.124281e+01
3.142307e+05	-1.052728e+01
3.160457e+05	-9.789458e+00
3.178712e+05	-9.052113e+00
3.197072e+05	-8.351519e+00
3.215538e+05	-7.743494e+00
3.234111e+05	-7.301001e+00
3.252791e+05	-7.094737e+00
3.271579e+05	-7.168978e+00
3.290475e+05	-7.515462e+00
3.309481e+05	-8.079051e+00
3.328596e+05	-8.786042e+00
3.347822e+05	-9.568254e+00
3.367159e+05	-1.037398e+01
3.386608e+05	-1.117195e+01
3.406169e+05	-1.194229e+01
3.425842e+05	-1.267672e+01
3.445630e+05	-1.337075e+01
3.465532e+05	-1.402312e+01
3.485549e+05	-1.463493e+01
3.505681e+05	-1.520738e+01
3.525930e+05	-1.574292e+01
3.546295e+05	-1.624450e+01
3.566778e+05	-1.671251e+01
3.587380e+05	-1.715123e+01
3.608101e+05	-1.756060e+01
3.628941e+05	-1.794137e+01
3.649901e+05	-1.829641e+01
3.670983e+05	-1.862667e+01
3.692187e+05	-1.893463e+01
3.713513e+05	-1.921869e+01
3.734962e+05	-1.948409e+01
3.756535e+05	-1.972450e+01
3.778232e+05	-1.994809e+01
3.800055e+05	-2.014700e+01
3.822004e+05	-2.033005e+01
3.844080e+05	-2.049419e+01
3.866283e+05	-2.064015e+01
3.888615e+05	-2.076585e+01
3.911075e+05	-2.087213e+01
3.933665e+05	-2.096069e+01
3.956386e+05	-2.102923e+01
3.979238e+05	-2.108207e+01
4.002222e+05	-2.111491e+01
4.025338e+05	-2.112561e+01
4.048589e+05	-2.112100e+01
4.071973e+05	-2.109143e+01
4.095493e+05	-2.104554e+01
4.119148e+05	-2.097734e+01
4.142940e+05	-2.088617e+01
4.166870e+05	-2.076952e+01
4.190937e+05	-2.063305e+01
4.215144e+05	-2.047040e+01
4.239490e+05	-2.028150e+01
4.263978e+05	-2.006201e+01
4.288606e+05	-1.981493e+01
4.313377e+05	-1.953592e+01
4.338291e+05	-1.922119e+01
4.363349e+05	-1.887166e+01
4.388551e+05	-1.847981e+01
4.413899e+05	-1.804726e+01
4.439394e+05	-1.756786e+01
4.465035e+05	-1.703782e+01
4.490825e+05	-1.645367e+01
4.516764e+05	-1.580904e+01
4.542853e+05	-1.510356e+01
4.569092e+05	-1.433574e+01
4.595483e+05	-1.350892e+01
4.622026e+05	-1.263987e+01
4.648723e+05	-1.176330e+01
4.675574e+05	-1.094348e+01
4.702580e+05	-1.028908e+01
4.729742e+05	-9.931704e+00
4.757060e+05	-9.972016e+00
4.784537e+05	-1.040989e+01
4.812172e+05	-1.114654e+01
4.839967e+05	-1.205090e+01
4.867923e+05	-1.301354e+01
4.896040e+05	-1.396651e+01
4.924319e+05	-1.487317e+01
4.952762e+05	-1.572022e+01
4.981369e+05	-1.650169e+01
5.010141e+05	-1.721480e+01
5.039079e+05	-1.786560e+01
5.068185e+05	-1.845585e+01
5.097458e+05	-1.898878e+01
5.126901e+05	-1.946821e+01
5.156514e+05	-1.989761e+01
5.186298e+05	-2.027719e+01
5.216253e+05	-2.061120e+01
5.246382e+05	-2.090401e+01
5.276685e+05	-2.115141e+01
5.307163e+05	-2.135804e+01
5.337817e+05	-2.152000e+01
5.368648e+05	-2.164482e+01
5.399657e+05	-2.172480e+01
5.430845e+05	-2.176647e+01
5.462214e+05	-2.176258e+01
5.493763e+05	-2.171612e+01
5.525495e+05	-2.162573e+01
5.557410e+05	-2.148401e+01
5.589509e+05	-2.129410e+01
5.621794e+05	-2.105455e+01
5.654265e+05	-2.075560e+01
5.686924e+05	-2.039795e+01
5.719772e+05	-1.997433e+01
5.752809e+05	-1.948243e+01
5.786037e+05	-1.891388e+01
5.819457e+05	-1.826423e+01
5.853070e+05	-1.752824e+01
5.886877e+05	-1.670451e+01
5.920879e+05	-1.580578e+01
5.955078e+05	-1.485846e+01
5.989474e+05	-1.393433e+01
6.024069e+05	-1.316191e+01
6.058864e+05	-1.272334e+01
6.093860e+05	-1.276923e+01
6.129058e+05	-1.330664e+01
6.164459e+05	-1.418544e+01
6.200064e+05	-1.522210e+01
6.235876e+05	-1.628138e+01
6.271894e+05	-1.729250e+01
6.308120e+05	-1.822016e+01
6.344555e+05	-1.905295e+01
6.381201e+05	-1.979083e+01
6.418059e+05	-2.043593e+01
6.455129e+05	-2.098829e+01
6.492414e+05	-2.146026e+01
6.529914e+05	-2.184551e+01
6.567630e+05	-2.215342e+01
6.605565e+05	-2.238195e+01
6.643718e+05	-2.253394e+01
6.682092e+05	-2.260562e+01
6.720688e+05	-2.260219e+01
6.759506e+05	-2.251417e+01
6.798549e+05	-2.233829e+01
6.837817e+05	-2.207465e+01
6.877312e+05	-2.171737e+01
6.917035e+05	-2.125245e+01
6.956987e+05	-2.068383e+01
6.997171e+05	-1.999718e+01
7.037586e+05	-1.919750e+01
7.078235e+05	-1.829617e+01
7.119118e+05	-1.733608e+01
7.160238e+05	-1.642528e+01
7.201595e+05	-1.574877e+01
7.243191e+05	-1.553746e+01
7.285028e+05	-1.590735e+01
7.327106e+05	-1.674380e+01
7.369427e+05	-1.781570e+01
7.411992e+05	-1.892927e+01
7.454804e+05	-1.997279e+01
7.497862e+05	-2.090463e+01
7.541170e+05	-2.170476e+01
7.584727e+05	-2.236702e+01
7.628536e+05	-2.289385e+01
7.672598e+05	-2.328968e+01
7.716915e+05	-2.355271e+01
7.761488e+05	-2.368624e+01
7.806318e+05	-2.368771e+01
7.851407e+05	-2.354704e+01
7.896756e+05	-2.326550e+01
7.942367e+05	-2.283703e+01
7.988242e+05	-2.225269e+01
8.034382e+05	-2.151595e+01
8.080788e+05	-2.066018e+01
8.127463e+05	-1.975046e+01
8.174406e+05	-1.895895e+01
8.221621e+05	-1.854276e+01
8.269109e+05	-1.872395e+01
8.316871e+05	-1.947290e+01
8.364909e+05	-2.053448e+01
8.413225e+05	-2.166010e+01
8.461819e+05	-2.269428e+01
8.510694e+05	-2.357503e+01
8.559852e+05	-2.426655e+01
8.609293e+05	-2.476384e+01
8.659020e+05	-2.505794e+01
8.709034e+05	-2.515068e+01
8.759337e+05	-2.503991e+01
8.809931e+05	-2.471813e+01
8.860816e+05	-2.419234e+01
8.911996e+05	-2.349550e+01
8.963471e+05	-2.271007e+01
9.015244e+05	-2.202795e+01
9.067316e+05	-2.175177e+01
9.119688e+05	-2.209356e+01
9.172363e+05	-2.296602e+01
9.225342e+05	-2.406154e+01
9.278628e+05	-2.512146e+01
9.332221e+05	-2.600072e+01
9.386123e+05	-2.663466e+01
9.440337e+05	-2.699545e+01
9.494864e+05	-2.707607e+01
9.549706e+05	-2.688232e+01
9.604865e+05	-2.645069e+01
9.660342e+05	-2.588285e+01
9.716140e+05	-2.539885e+01
9.772260e+05	-2.532749e+01
9.828704e+05	-2.586506e+01
9.885474e+05	-2.684512e+01
9.942572e+05	-2.791926e+01
1.000000e+06	-2.883320e+01
