Frequency(Hz)	Magnitude(dB)
1.000000e+01	1.555692e-02
1.005776e+01	-3.073875e-02
1.011585e+01	-1.156520e-02
1.017428e+01	6.087511e-03
1.023305e+01	-1.563141e-03
1.029215e+01	-8.434410e-04
1.035160e+01	-7.075422e-03
1.041139e+01	-1.594067e-02
1.047153e+01	-5.614357e-03
1.053201e+01	1.753304e-02
1.059284e+01	-4.908706e-03
1.065403e+01	-1.047104e-02
1.071556e+01	-4.832998e-03
1.077746e+01	-5.505129e-03
1.083971e+01	9.930805e-03
1.090232e+01	9.568766e-04
1.096529e+01	1.302365e-02
1.102862e+01	2.222856e-03
1.109232e+01	-3.924052e-03
1.115639e+01	-2.435663e-03
1.122083e+01	5.166946e-03
1.128564e+01	-1.600781e-02
1.135083e+01	8.167120e-03
1.141639e+01	-1.721836e-02
1.148233e+01	-1.906837e-03
1.154865e+01	-3.188365e-03
1.161536e+01	-1.180669e-02
1.168245e+01	1.674682e-03
1.174992e+01	8.732846e-03
1.181779e+01	-7.255349e-03
1.188605e+01	7.911441e-03
1.195470e+01	-1.118730e-02
1.202375e+01	1.529671e-03
1.209320e+01	-1.627546e-02
1.216305e+01	-2.004146e-03
1.223330e+01	1.672233e-02
1.230396e+01	2.570967e-03
1.237503e+01	-3.471794e-03
1.244651e+01	1.688201e-05
1.251840e+01	-9.902481e-03
1.259070e+01	-5.968258e-03
1.266343e+01	-6.816431e-04
1.273657e+01	2.545846e-03
1.281014e+01	-5.332859e-03
1.288413e+01	1.200494e-02
1.295855e+01	-9.355170e-03
1.303339e+01	-4.634905e-03
1.310867e+01	-9.220927e-04
1.318439e+01	-4.661458e-03
1.326054e+01	-1.038930e-02
1.333713e+01	4.249843e-03
1.341417e+01	-2.076300e-03
1.349165e+01	2.156139e-02
1.356958e+01	2.925270e-04
1.364795e+01	2.096984e-02
1.372678e+01	5.613502e-03
1.380607e+01	-4.804855e-03
1.388581e+01	1.102847e-02
1.396602e+01	4.054381e-03
1.404668e+01	5.393350e-03
1.412782e+01	5.759672e-03
1.420942e+01	-6.606096e-03
1.429149e+01	8.908809e-03
1.437404e+01	9.997016e-04
1.445706e+01	1.267793e-02
1.454057e+01	8.581530e-03
1.462455e+01	9.402970e-03
1.470902e+01	4.502030e-03
1.479398e+01	-5.334042e-03
1.487943e+01	-5.041395e-03
1.496537e+01	-2.341349e-02
1.505181e+01	4.045094e-03
1.513875e+01	-3.953884e-03
1.522619e+01	-3.384931e-03
1.531414e+01	4.681473e-04
1.540259e+01	-4.212963e-03
1.549156e+01	1.015415e-03
1.558103e+01	-4.891747e-03
1.567103e+01	-9.972053e-03
1.576155e+01	-3.814682e-04
1.585258e+01	1.135328e-02
1.594415e+01	1.429961e-02
1.603624e+01	-1.708418e-02
1.612886e+01	-1.386370e-02
1.622202e+01	8.872087e-03
1.631572e+01	-1.298118e-02
1.640996e+01	1.692934e-02
1.650474e+01	1.927774e-02
1.660008e+01	-1.896282e-02
1.669596e+01	3.114407e-03
1.679239e+01	-1.423790e-02
1.688938e+01	2.817160e-03
1.698694e+01	4.938298e-03
1.708505e+01	7.204708e-03
1.718373e+01	-3.650065e-03
1.728299e+01	-2.862601e-02
1.738281e+01	2.204976e-02
1.748322e+01	-6.045919e-03
1.758420e+01	9.728600e-03
1.768576e+01	2.000721e-02
1.778792e+01	2.169293e-03
1.789066e+01	-1.274474e-02
1.799399e+01	-1.484069e-02
1.809793e+01	-5.193270e-03
1.820246e+01	2.072389e-02
1.830760e+01	-1.068837e-02
1.841334e+01	-2.224659e-02
1.851969e+01	-1.570398e-03
1.862666e+01	-6.145959e-03
1.873425e+01	7.318342e-03
1.884246e+01	8.744633e-03
1.895129e+01	1.644715e-03
1.906075e+01	-2.016697e-03
1.917085e+01	-4.118932e-04
1.928158e+01	-1.948040e-04
1.939295e+01	2.071509e-02
1.950496e+01	1.147655e-02
1.961762e+01	-6.304331e-03
1.973093e+01	5.597918e-03
1.984490e+01	2.089908e-03
1.995952e+01	8.673357e-03
2.007480e+01	-2.303808e-04
2.019076e+01	-9.795770e-04
2.030738e+01	4.195461e-03
2.042467e+01	-6.818043e-03
2.054264e+01	4.104531e-03
2.066130e+01	-9.671613e-03
2.078064e+01	9.886274e-03
2.090066e+01	2.095595e-03
2.102139e+01	1.041467e-02
2.114280e+01	-3.805076e-03
2.126492e+01	-1.258184e-02
2.138775e+01	-7.615476e-03
2.151128e+01	-2.200362e-02
2.163553e+01	2.219516e-03
2.176050e+01	2.900421e-03
2.188619e+01	6.596607e-03
2.201260e+01	-3.390470e-03
2.213974e+01	3.509222e-03
2.226762e+01	-2.284912e-02
2.239624e+01	-9.407732e-04
2.252560e+01	1.439027e-02
2.265571e+01	-6.187387e-03
2.278656e+01	6.804531e-03
2.291818e+01	1.065983e-02
2.305055e+01	-1.204635e-02
2.318369e+01	1.062084e-02
2.331760e+01	-4.023537e-03
2.345228e+01	1.650460e-02
2.358774e+01	-1.332829e-02
2.372398e+01	7.822734e-04
2.386101e+01	9.531826e-03
2.399883e+01	-1.819023e-02
2.413745e+01	8.030893e-03
2.427686e+01	-1.933138e-02
2.441709e+01	1.129102e-02
2.455812e+01	-1.241042e-02
2.469997e+01	9.654209e-04
2.484263e+01	1.024062e-02
2.498612e+01	5.169752e-03
2.513044e+01	1.093736e-02
2.527559e+01	-7.241007e-03
2.542158e+01	-3.799984e-03
2.556842e+01	-1.061191e-02
2.571610e+01	-1.394699e-03
2.586463e+01	-4.429031e-03
2.601403e+01	-1.426794e-02
2.616428e+01	2.029507e-02
2.631541e+01	1.050313e-02
2.646740e+01	3.610630e-04
2.662028e+01	2.242302e-03
2.677404e+01	6.087554e-03
2.692868e+01	-2.548372e-03
2.708422e+01	-4.735769e-03
2.724066e+01	9.551827e-03
2.739800e+01	-1.052816e-02
2.755625e+01	-1.006457e-02
2.771541e+01	3.519923e-03
2.787550e+01	8.147608e-03
2.803650e+01	-1.045533e-02
2.819844e+01	5.228795e-03
2.836131e+01	-5.279300e-03
2.852513e+01	1.160450e-02
2.868989e+01	-6.360979e-03
2.885560e+01	-1.013854e-03
2.902227e+01	1.569481e-02
2.918990e+01	6.449201e-03
2.935850e+01	7.662203e-03
2.952807e+01	-9.283734e-03
2.969863e+01	-6.240464e-03
2.987016e+01	-2.342742e-02
3.004269e+01	3.733547e-03
3.021622e+01	9.630206e-03
3.039075e+01	2.923531e-04
3.056628e+01	-2.828627e-03
3.074283e+01	1.106741e-03
3.092040e+01	-6.062846e-03
3.109900e+01	2.576055e-04
3.127862e+01	-1.622855e-02
3.145929e+01	-1.795104e-03
3.164099e+01	-1.825827e-02
3.182375e+01	-1.173492e-02
3.200756e+01	3.920087e-03
3.219244e+01	-1.517556e-02
3.237838e+01	1.538223e-03
3.256540e+01	-2.623776e-03
3.275349e+01	7.123683e-03
3.294268e+01	-6.630156e-03
3.313295e+01	2.386206e-03
3.332433e+01	-9.820810e-05
3.351681e+01	-1.905545e-02
3.371040e+01	1.191150e-02
3.390511e+01	2.102178e-02
3.410094e+01	2.222119e-02
3.429791e+01	5.492421e-03
3.449601e+01	-1.107464e-02
3.469526e+01	-2.170585e-02
3.489566e+01	1.699170e-03
3.509721e+01	7.393690e-03
3.529993e+01	-1.414185e-02
3.550382e+01	-6.622974e-03
3.570889e+01	1.566137e-02
3.591515e+01	5.318555e-03
3.612259e+01	-1.281019e-03
3.633123e+01	1.880296e-02
3.654108e+01	-1.041103e-03
3.675214e+01	1.488776e-02
3.696442e+01	-5.724975e-03
3.717792e+01	7.285580e-03
3.739266e+01	1.317281e-02
3.760864e+01	4.386713e-03
3.782587e+01	-3.677313e-03
3.804435e+01	-3.788410e-03
3.826409e+01	-1.720324e-02
3.848510e+01	1.441085e-02
3.870739e+01	-1.684829e-03
3.893096e+01	-1.404141e-02
3.915583e+01	1.152809e-02
3.938199e+01	2.372182e-02
3.960946e+01	-2.871859e-03
3.983824e+01	1.692385e-02
4.006834e+01	-2.019854e-03
4.029978e+01	1.999064e-02
4.053255e+01	6.198335e-04
4.076666e+01	6.722965e-03
4.100213e+01	1.891986e-03
4.123896e+01	5.638890e-03
4.147715e+01	4.089378e-03
4.171672e+01	2.976983e-03
4.195767e+01	5.161551e-04
4.220002e+01	-5.177014e-03
4.244377e+01	-2.169625e-02
4.268892e+01	2.435504e-03
4.293549e+01	-4.521314e-03
4.318348e+01	-2.040338e-03
4.343291e+01	-5.549375e-03
4.368377e+01	2.028231e-03
4.393609e+01	-6.802641e-03
4.418986e+01	-2.697085e-02
4.444510e+01	9.009203e-03
4.470182e+01	5.137582e-03
4.496001e+01	-2.102818e-03
4.521970e+01	5.994825e-03
4.548089e+01	-1.206116e-02
4.574358e+01	-2.581602e-03
4.600779e+01	2.685211e-03
4.627353e+01	-8.765539e-03
4.654081e+01	-1.920733e-03
4.680963e+01	-1.014515e-02
4.708000e+01	-7.442131e-03
4.735193e+01	-1.175814e-02
4.762543e+01	-1.341260e-02
4.790051e+01	-1.152721e-02
4.817719e+01	3.356399e-03
4.845545e+01	4.198982e-03
4.873533e+01	-1.545858e-02
4.901682e+01	-8.378009e-03
4.929994e+01	1.445884e-02
4.958470e+01	1.494311e-02
4.987110e+01	6.848855e-03
5.015915e+01	6.557749e-03
5.044887e+01	-6.320003e-03
5.074026e+01	6.289648e-03
5.103333e+01	-2.032036e-03
5.132810e+01	6.043250e-04
5.162457e+01	-3.391749e-03
5.192275e+01	2.554613e-02
5.222265e+01	-7.517170e-03
5.252429e+01	4.042381e-03
5.282767e+01	-9.339087e-03
5.313280e+01	-1.787714e-02
5.343969e+01	4.711743e-03
5.374836e+01	-3.353991e-03
5.405880e+01	6.144239e-03
5.437105e+01	-2.642810e-03
5.468509e+01	-1.601933e-02
5.500095e+01	-2.988936e-03
5.531863e+01	3.377328e-03
5.563815e+01	-1.530661e-03
5.595951e+01	1.503100e-02
5.628273e+01	3.899561e-03
5.660782e+01	5.857379e-03
5.693479e+01	-3.707143e-04
5.726364e+01	6.812738e-05
5.759439e+01	1.780185e-02
5.792705e+01	2.593603e-03
5.826164e+01	5.319981e-03
5.859815e+01	-1.645625e-02
5.893662e+01	-1.781370e-02
5.927703e+01	-3.428901e-02
5.961941e+01	-1.647450e-02
5.996377e+01	-8.700490e-03
6.031012e+01	-3.262107e-03
6.065847e+01	-2.768945e-03
6.100883e+01	-3.335461e-04
6.136121e+01	-1.446085e-03
6.171563e+01	-1.012716e-02
6.207210e+01	-8.511261e-03
6.243063e+01	-1.892858e-03
6.279122e+01	-7.162004e-03
6.315390e+01	4.593603e-03
6.351868e+01	1.016831e-02
6.388556e+01	-5.958216e-03
6.425456e+01	3.617196e-03
6.462569e+01	1.134594e-02
6.499897e+01	-1.020140e-03
6.537440e+01	-7.065894e-03
6.575200e+01	-7.456430e-03
6.613178e+01	2.757093e-03
6.651375e+01	5.917407e-03
6.689793e+01	3.110260e-03
6.728433e+01	-1.265912e-02
6.767297e+01	7.632853e-03
6.806384e+01	-1.261379e-02
6.845698e+01	6.898999e-03
6.885238e+01	-1.250288e-02
6.925007e+01	-5.508831e-04
6.965005e+01	-1.419775e-02
7.005235e+01	-2.102828e-03
7.045697e+01	1.493364e-02
7.086393e+01	4.004255e-03
7.127323e+01	9.964943e-03
7.168490e+01	9.032016e-03
7.209895e+01	-3.486338e-03
7.251539e+01	-2.927052e-03
7.293424e+01	-2.432236e-03
7.335551e+01	1.852988e-02
7.377920e+01	1.183659e-02
7.420535e+01	-7.730820e-04
7.463396e+01	8.761501e-03
7.506504e+01	-6.231976e-03
7.549861e+01	3.853565e-03
7.593469e+01	1.609996e-03
7.637328e+01	9.639730e-03
7.681441e+01	1.734921e-02
7.725809e+01	-1.655293e-02
7.770433e+01	2.171807e-02
7.815315e+01	1.188027e-02
7.860456e+01	1.485940e-02
7.905857e+01	-2.095595e-02
7.951521e+01	-7.724673e-03
7.997449e+01	1.029867e-03
8.043642e+01	7.957250e-03
8.090102e+01	-6.813104e-03
8.136830e+01	-1.295022e-02
8.183828e+01	7.323229e-03
8.231097e+01	-2.732550e-03
8.278640e+01	-3.212112e-03
8.326457e+01	-1.487026e-02
8.374550e+01	7.342143e-03
8.422921e+01	1.529273e-02
8.471572e+01	1.872040e-02
8.520503e+01	6.842203e-03
8.569717e+01	1.015352e-02
8.619215e+01	-1.747410e-02
8.669000e+01	7.506161e-03
8.719071e+01	-3.207022e-03
8.769432e+01	-1.811167e-03
8.820084e+01	-5.325085e-03
8.871029e+01	3.778492e-03
8.922267e+01	4.906101e-04
8.973802e+01	2.194179e-02
9.025634e+01	-1.086702e-02
9.077766e+01	-1.048907e-02
9.130199e+01	-1.954815e-02
9.182935e+01	-3.049723e-02
9.235975e+01	-6.691211e-03
9.289321e+01	-7.949846e-04
9.342976e+01	1.458764e-02
9.396941e+01	2.564828e-02
9.451217e+01	-2.497754e-02
9.505807e+01	-3.276262e-03
9.560712e+01	-5.331829e-03
9.615934e+01	-2.617279e-03
9.671476e+01	-2.102151e-03
9.727338e+01	-8.075004e-03
9.783522e+01	-9.880658e-03
9.840032e+01	9.449326e-04
9.896867e+01	2.644122e-03
9.954031e+01	7.176959e-03
1.001153e+02	-1.756601e-03
1.006935e+02	3.467161e-04
1.012751e+02	-1.763037e-02
1.018601e+02	7.363717e-03
1.024484e+02	-3.597955e-03
1.030402e+02	7.000666e-03
1.036353e+02	1.096164e-02
1.042339e+02	-6.865351e-03
1.048360e+02	-1.052128e-04
1.054415e+02	-7.576894e-03
1.060505e+02	-2.915676e-03
1.066631e+02	9.033095e-03
1.072791e+02	1.332920e-02
1.078988e+02	9.885982e-04
1.085220e+02	-5.573431e-03
1.091488e+02	-7.127533e-04
1.097793e+02	1.706183e-02
1.104133e+02	8.057126e-03
1.110511e+02	-2.239510e-02
1.116925e+02	-2.033249e-03
1.123376e+02	8.596517e-03
1.129865e+02	-8.062594e-03
1.136391e+02	-2.269316e-02
1.142955e+02	-3.147865e-02
1.149556e+02	2.232755e-02
1.156196e+02	2.834073e-03
1.162874e+02	-1.465728e-02
1.169591e+02	3.418142e-03
1.176347e+02	-9.060404e-03
1.183141e+02	-3.619081e-05
1.189975e+02	1.671734e-02
1.196848e+02	2.512969e-02
1.203761e+02	-6.615268e-03
1.210714e+02	-8.497070e-03
1.217707e+02	-6.196064e-03
1.224740e+02	-2.206030e-03
1.231814e+02	-1.157353e-02
1.238929e+02	1.381886e-02
1.246085e+02	-1.996774e-02
1.253283e+02	-1.900964e-02
1.260522e+02	9.466121e-03
1.267802e+02	-9.603820e-03
1.275125e+02	-1.040910e-02
1.282490e+02	1.014773e-02
1.289898e+02	1.740915e-02
1.297348e+02	-3.124169e-03
1.304842e+02	-1.042582e-02
1.312378e+02	-5.443627e-03
1.319959e+02	-8.566094e-04
1.327583e+02	-1.443430e-02
1.335251e+02	-2.926198e-03
1.342963e+02	1.141599e-04
1.350720e+02	-3.076538e-03
1.358522e+02	1.285096e-02
1.366368e+02	-2.910211e-02
1.374260e+02	-4.165037e-03
1.382198e+02	6.455184e-03
1.390182e+02	1.205560e-02
1.398211e+02	-1.015707e-02
1.406287e+02	1.059922e-03
1.414410e+02	2.412950e-03
1.422579e+02	-1.203382e-02
1.430796e+02	7.023302e-03
1.439060e+02	-7.493535e-03
1.447372e+02	1.640111e-03
1.455732e+02	-8.276655e-03
1.464141e+02	-2.557978e-02
1.472597e+02	-1.689894e-02
1.481103e+02	2.088084e-03
1.489658e+02	-1.336304e-02
1.498262e+02	-1.085052e-02
1.506916e+02	4.347643e-03
1.515620e+02	6.584542e-03
1.524374e+02	8.489727e-03
1.533179e+02	-1.350532e-02
1.542034e+02	-5.471239e-03
1.550941e+02	9.923824e-03
1.559899e+02	-9.767933e-03
1.568909e+02	-2.621901e-03
1.577971e+02	-4.003852e-03
1.587085e+02	-9.640656e-03
1.596252e+02	-1.910102e-02
1.605472e+02	-7.629481e-03
1.614745e+02	-1.084595e-03
1.624072e+02	-2.140274e-02
1.633453e+02	-2.172280e-02
1.642887e+02	-4.273211e-03
1.652377e+02	-1.326386e-02
1.661921e+02	-7.647258e-03
1.671520e+02	2.299195e-02
1.681175e+02	-1.543321e-02
1.690885e+02	-7.840851e-03
1.700651e+02	-1.923607e-02
1.710474e+02	3.764068e-03
1.720354e+02	-8.163052e-03
1.730291e+02	-2.163082e-02
1.740285e+02	-1.188132e-02
1.750337e+02	-1.582580e-02
1.760446e+02	-8.325255e-03
1.770615e+02	-4.965912e-03
1.780842e+02	-2.268233e-03
1.791128e+02	-4.252455e-03
1.801473e+02	-2.430949e-02
1.811878e+02	5.455180e-03
1.822344e+02	1.114300e-03
1.832870e+02	-8.006518e-03
1.843456e+02	-1.491624e-02
1.854104e+02	3.987524e-03
1.864813e+02	8.133212e-03
1.875584e+02	-5.818816e-03
1.886418e+02	8.745623e-03
1.897313e+02	-2.379312e-04
1.908272e+02	-2.116368e-02
1.919294e+02	-1.825424e-02
1.930380e+02	7.868403e-03
1.941530e+02	-2.328300e-02
1.952744e+02	1.030270e-02
1.964023e+02	2.957191e-03
1.975367e+02	-1.181199e-03
1.986777e+02	-3.492728e-03
1.998252e+02	-1.529271e-02
2.009794e+02	8.747280e-03
2.021403e+02	1.978906e-03
2.033078e+02	-5.314619e-03
2.044821e+02	-4.037505e-03
2.056632e+02	-1.983934e-03
2.068511e+02	-1.487290e-02
2.080459e+02	6.240334e-04
2.092475e+02	-3.215233e-02
2.104561e+02	-1.026034e-02
2.116717e+02	3.162759e-03
2.128943e+02	-1.242822e-02
2.141240e+02	-1.161329e-02
2.153608e+02	-1.810187e-02
2.166047e+02	-8.900098e-03
2.178558e+02	-6.622089e-04
2.191141e+02	8.914343e-03
2.203797e+02	-2.383653e-02
2.216526e+02	-2.093975e-03
2.229329e+02	-8.585695e-03
2.242205e+02	1.588595e-02
2.255156e+02	5.843715e-03
2.268182e+02	5.168791e-03
2.281283e+02	3.677699e-03
2.294459e+02	-3.533686e-03
2.307712e+02	-1.727860e-04
2.321041e+02	-9.001194e-04
2.334447e+02	-2.343685e-02
2.347931e+02	-2.534112e-02
2.361493e+02	-1.586597e-03
2.375133e+02	-2.764544e-02
2.388851e+02	-2.560432e-03
2.402649e+02	-1.536589e-02
2.416527e+02	-2.515216e-03
2.430484e+02	9.732282e-03
2.444523e+02	2.791195e-03
2.458642e+02	-1.384471e-02
2.472843e+02	-1.577236e-02
2.487126e+02	-2.456751e-02
2.501492e+02	-2.530646e-02
2.515940e+02	-1.843117e-02
2.530472e+02	-1.813982e-02
2.545088e+02	-1.719633e-02
2.559789e+02	-1.502012e-02
2.574574e+02	-8.599809e-03
2.589444e+02	-9.769588e-03
2.604401e+02	-3.123816e-02
2.619444e+02	-9.457016e-04
2.634574e+02	-7.970687e-03
2.649791e+02	-2.026970e-02
2.665096e+02	-1.164892e-02
2.680489e+02	-1.439198e-02
2.695972e+02	3.258505e-04
2.711544e+02	-4.290310e-03
2.727205e+02	-2.697351e-03
2.742958e+02	-7.205650e-03
2.758801e+02	-1.205000e-02
2.774736e+02	-3.659148e-03
2.790762e+02	7.737035e-03
2.806882e+02	-2.576982e-03
2.823094e+02	-2.350355e-02
2.839400e+02	-1.775924e-02
2.855800e+02	-7.863942e-03
2.872295e+02	-5.610799e-04
2.888886e+02	3.642720e-03
2.905572e+02	-9.554970e-03
2.922354e+02	-3.176535e-02
2.939234e+02	-4.329291e-03
2.956211e+02	-1.742410e-02
2.973286e+02	-4.625333e-03
2.990459e+02	-1.947429e-02
3.007732e+02	-1.200871e-02
3.025104e+02	-1.088251e-02
3.042577e+02	-7.670009e-03
3.060151e+02	-1.349239e-02
3.077826e+02	-3.146710e-02
3.095604e+02	-6.078636e-03
3.113484e+02	-2.106621e-02
3.131467e+02	-1.170805e-02
3.149554e+02	-1.177449e-02
3.167746e+02	-1.595444e-02
3.186043e+02	-1.533954e-02
3.204445e+02	-2.003151e-02
3.222954e+02	-2.706999e-02
3.241570e+02	-2.225201e-02
3.260293e+02	-2.841237e-02
3.279124e+02	-2.833500e-02
3.298064e+02	-1.626048e-02
3.317114e+02	-3.251477e-02
3.336273e+02	-3.006957e-02
3.355544e+02	-5.035070e-03
3.374925e+02	-2.554468e-02
3.394418e+02	3.304933e-03
3.414024e+02	-3.200832e-02
3.433744e+02	-1.198537e-02
3.453577e+02	-1.950671e-02
3.473525e+02	-2.890148e-02
3.493588e+02	-3.087772e-02
3.513766e+02	-2.809608e-02
3.534062e+02	-2.898692e-02
3.554474e+02	-4.313654e-02
3.575005e+02	-2.266455e-02
3.595654e+02	-1.013668e-02
3.616422e+02	3.121679e-03
3.637311e+02	-1.191499e-02
3.658320e+02	-1.772788e-02
3.679450e+02	-2.804154e-03
3.700702e+02	-3.277214e-03
3.722077e+02	-2.832803e-02
3.743576e+02	-9.371888e-03
3.765199e+02	-1.542551e-02
3.786946e+02	4.892749e-03
3.808820e+02	-2.441177e-02
3.830819e+02	-3.247607e-02
3.852946e+02	-2.303773e-02
3.875200e+02	-1.274101e-02
3.897583e+02	-7.084372e-03
3.920096e+02	-2.281296e-02
3.942738e+02	-2.509828e-02
3.965511e+02	7.907559e-03
3.988416e+02	-2.759372e-02
4.011452e+02	-1.709635e-02
4.034622e+02	-1.057920e-02
4.057926e+02	-3.444611e-02
4.081365e+02	-3.212167e-02
4.104938e+02	-2.713687e-02
4.128648e+02	-2.334722e-02
4.152495e+02	-2.643788e-02
4.176480e+02	-2.695887e-02
4.200603e+02	-3.681007e-02
4.224866e+02	-2.090049e-02
4.249268e+02	-1.292372e-02
4.273812e+02	-3.117892e-02
4.298497e+02	-1.969690e-02
4.323325e+02	-3.850373e-02
4.348297e+02	-4.227484e-02
4.373412e+02	-1.858793e-02
4.398673e+02	-3.341541e-02
4.424079e+02	-4.450284e-02
4.449633e+02	-1.414443e-02
4.475334e+02	-3.562304e-02
4.501183e+02	-3.249311e-02
4.527182e+02	-3.141597e-02
4.553330e+02	-3.419095e-02
4.579630e+02	-2.641549e-02
4.606082e+02	-2.995627e-02
4.632687e+02	-3.714986e-02
4.659445e+02	-2.829122e-02
4.686358e+02	-2.980539e-02
4.713426e+02	-5.802609e-02
4.740650e+02	-2.859269e-02
4.768032e+02	-3.867739e-02
4.795572e+02	-4.322357e-02
4.823271e+02	-4.649583e-02
4.851130e+02	-3.771330e-02
4.879150e+02	-4.046317e-02
4.907332e+02	-3.094743e-02
4.935676e+02	-2.642219e-02
4.964185e+02	-3.433805e-02
4.992858e+02	-4.431013e-02
5.021696e+02	-2.704521e-02
5.050701e+02	-4.174864e-02
5.079874e+02	-3.724972e-02
5.109215e+02	-2.656290e-02
5.138726e+02	-3.372649e-02
5.168407e+02	-2.693135e-02
5.198259e+02	-2.148246e-02
5.228284e+02	-4.387418e-02
5.258482e+02	-5.141596e-02
5.288855e+02	-4.058187e-02
5.319403e+02	-5.529183e-02
5.350128e+02	-3.099931e-02
5.381030e+02	-4.514138e-02
5.412111e+02	-4.047145e-02
5.443371e+02	-5.332171e-02
5.474812e+02	-4.752374e-02
5.506434e+02	-3.824074e-02
5.538239e+02	-3.525456e-02
5.570228e+02	-4.091643e-02
5.602401e+02	-3.191921e-02
5.634760e+02	-6.467870e-02
5.667306e+02	-3.929165e-02
5.700040e+02	-4.121499e-02
5.732964e+02	-4.979279e-02
5.766077e+02	-4.448618e-02
5.799382e+02	-3.834305e-02
5.832879e+02	-4.497010e-02
5.866569e+02	-6.386435e-02
5.900454e+02	-4.695056e-02
5.934535e+02	-4.889032e-02
5.968813e+02	-4.272104e-02
6.003288e+02	-5.001148e-02
6.037963e+02	-5.156336e-02
6.072838e+02	-5.558858e-02
6.107914e+02	-5.427530e-02
6.143194e+02	-5.107034e-02
6.178676e+02	-4.057806e-02
6.214364e+02	-5.224894e-02
6.250258e+02	-5.171356e-02
6.286359e+02	-6.154464e-02
6.322669e+02	-4.134389e-02
6.359189e+02	-6.998571e-02
6.395919e+02	-5.299870e-02
6.432862e+02	-5.179365e-02
6.470017e+02	-4.619848e-02
6.507388e+02	-6.472359e-02
6.544974e+02	-6.417078e-02
6.582778e+02	-5.434124e-02
6.620800e+02	-6.745835e-02
6.659041e+02	-7.681237e-02
6.697504e+02	-6.309349e-02
6.736188e+02	-6.666828e-02
6.775096e+02	-6.628355e-02
6.814229e+02	-7.790440e-02
6.853587e+02	-6.973553e-02
6.893173e+02	-8.246774e-02
6.932988e+02	-8.910289e-02
6.973033e+02	-8.372920e-02
7.013309e+02	-5.894904e-02
7.053817e+02	-6.011305e-02
7.094560e+02	-7.299946e-02
7.135538e+02	-5.746070e-02
7.176752e+02	-6.721797e-02
7.218205e+02	-8.419316e-02
7.259897e+02	-7.450786e-02
7.301830e+02	-7.491777e-02
7.344005e+02	-9.358644e-02
7.386424e+02	-7.584853e-02
7.429087e+02	-8.887023e-02
7.471998e+02	-7.855034e-02
7.515155e+02	-7.558451e-02
7.558563e+02	-5.851673e-02
7.602221e+02	-7.940050e-02
7.646131e+02	-8.637928e-02
7.690295e+02	-9.796023e-02
7.734713e+02	-8.046377e-02
7.779389e+02	-8.722199e-02
7.824322e+02	-8.441956e-02
7.869515e+02	-8.940459e-02
7.914969e+02	-8.054634e-02
7.960686e+02	-7.920682e-02
8.006666e+02	-9.962435e-02
8.052912e+02	-1.100055e-01
8.099426e+02	-9.891305e-02
8.146208e+02	-1.001295e-01
8.193260e+02	-9.871018e-02
8.240584e+02	-8.742011e-02
8.288181e+02	-1.141889e-01
8.336053e+02	-9.255807e-02
8.384202e+02	-1.045338e-01
8.432629e+02	-9.262352e-02
8.481335e+02	-1.176066e-01
8.530323e+02	-1.136263e-01
8.579594e+02	-1.393369e-01
8.629149e+02	-9.283558e-02
8.678991e+02	-1.102269e-01
8.729120e+02	-1.133046e-01
8.779539e+02	-1.119003e-01
8.830250e+02	-1.136111e-01
8.881253e+02	-1.068545e-01
8.932551e+02	-1.112811e-01
8.984145e+02	-1.002717e-01
9.036037e+02	-1.108777e-01
9.088229e+02	-1.105387e-01
9.140722e+02	-9.909808e-02
9.193518e+02	-1.137311e-01
9.246620e+02	-1.337288e-01
9.300028e+02	-1.139868e-01
9.353744e+02	-9.904164e-02
9.407771e+02	-1.230903e-01
9.462110e+02	-1.174822e-01
9.516763e+02	-1.363183e-01
9.571731e+02	-1.312453e-01
9.627017e+02	-1.435648e-01
9.682622e+02	-1.427132e-01
9.738549e+02	-1.327411e-01
9.794798e+02	-1.419210e-01
9.851373e+02	-1.379470e-01
9.908274e+02	-1.510936e-01
9.965504e+02	-1.332871e-01
1.002306e+03	-1.333717e-01
1.008096e+03	-1.334217e-01
1.013918e+03	-1.528401e-01
1.019775e+03	-1.484549e-01
1.025665e+03	-1.494502e-01
1.031589e+03	-1.660533e-01
1.037548e+03	-1.536331e-01
1.043540e+03	-1.439880e-01
1.049568e+03	-1.643365e-01
1.055630e+03	-1.831867e-01
1.061727e+03	-1.611319e-01
1.067860e+03	-1.679114e-01
1.074028e+03	-1.572520e-01
1.080231e+03	-1.664413e-01
1.086471e+03	-1.760763e-01
1.092746e+03	-1.526952e-01
1.099058e+03	-1.844841e-01
1.105406e+03	-1.722722e-01
1.111791e+03	-1.784138e-01
1.118212e+03	-1.900561e-01
1.124671e+03	-1.777183e-01
1.131167e+03	-1.771807e-01
1.137701e+03	-1.824051e-01
1.144272e+03	-1.829127e-01
1.150881e+03	-1.837992e-01
1.157529e+03	-1.948437e-01
1.164215e+03	-2.133722e-01
1.170939e+03	-1.877992e-01
1.177702e+03	-1.907384e-01
1.184505e+03	-2.072462e-01
1.191346e+03	-2.025272e-01
1.198227e+03	-1.991034e-01
1.205148e+03	-2.179059e-01
1.212109e+03	-2.171023e-01
1.219110e+03	-2.021244e-01
1.226152e+03	-2.269307e-01
1.233234e+03	-2.137443e-01
1.240357e+03	-2.235597e-01
1.247521e+03	-2.159700e-01
1.254727e+03	-2.257006e-01
1.261974e+03	-2.254232e-01
1.269263e+03	-2.291157e-01
1.276595e+03	-2.358126e-01
1.283968e+03	-2.223783e-01
1.291384e+03	-2.270018e-01
1.298843e+03	-2.349312e-01
1.306345e+03	-2.168101e-01
1.313891e+03	-2.385786e-01
1.321480e+03	-2.674864e-01
1.329113e+03	-2.427746e-01
1.336790e+03	-2.529194e-01
1.344511e+03	-2.486447e-01
1.352277e+03	-2.589539e-01
1.360087e+03	-2.752540e-01
1.367943e+03	-2.544010e-01
1.375844e+03	-2.570005e-01
1.383791e+03	-2.719007e-01
1.391784e+03	-2.505682e-01
1.399823e+03	-2.663289e-01
1.407908e+03	-2.682369e-01
1.416040e+03	-2.612957e-01
1.424219e+03	-2.829998e-01
1.432445e+03	-2.901598e-01
1.440719e+03	-2.852111e-01
1.449041e+03	-2.943013e-01
1.457410e+03	-2.876068e-01
1.465828e+03	-3.104670e-01
1.474295e+03	-3.193586e-01
1.482810e+03	-3.093253e-01
1.491375e+03	-3.162614e-01
1.499989e+03	-3.180332e-01
1.508653e+03	-3.110330e-01
1.517367e+03	-3.057854e-01
1.526131e+03	-3.312600e-01
1.534946e+03	-3.425804e-01
1.543812e+03	-3.428523e-01
1.552729e+03	-3.490466e-01
1.561697e+03	-3.491532e-01
1.570717e+03	-3.539422e-01
1.579790e+03	-3.558594e-01
1.588915e+03	-3.403676e-01
1.598092e+03	-3.683833e-01
1.607323e+03	-3.572344e-01
1.616606e+03	-3.627203e-01
1.625944e+03	-3.572298e-01
1.635335e+03	-3.643619e-01
1.644781e+03	-3.769277e-01
1.654281e+03	-3.704349e-01
1.663836e+03	-3.693245e-01
1.673446e+03	-3.772282e-01
1.683112e+03	-3.955251e-01
1.692834e+03	-3.977841e-01
1.702611e+03	-4.101803e-01
1.712446e+03	-3.987710e-01
1.722337e+03	-3.981010e-01
1.732285e+03	-4.270720e-01
1.742290e+03	-4.014762e-01
1.752354e+03	-4.151039e-01
1.762475e+03	-4.254006e-01
1.772655e+03	-4.233054e-01
1.782894e+03	-4.428423e-01
1.793192e+03	-4.576893e-01
1.803549e+03	-4.561931e-01
1.813967e+03	-4.392621e-01
1.824444e+03	-4.467747e-01
1.834982e+03	-4.453941e-01
1.845581e+03	-4.598351e-01
1.856241e+03	-4.748926e-01
1.866962e+03	-4.732669e-01
1.877746e+03	-4.931374e-01
1.888592e+03	-4.926689e-01
1.899500e+03	-4.766583e-01
1.910472e+03	-4.916803e-01
1.921506e+03	-5.123398e-01
1.932605e+03	-5.099377e-01
1.943768e+03	-5.146196e-01
1.954995e+03	-5.137934e-01
1.966287e+03	-5.183249e-01
1.977644e+03	-5.235333e-01
1.989067e+03	-5.412732e-01
2.000555e+03	-5.403678e-01
2.012110e+03	-5.233168e-01
2.023732e+03	-5.729718e-01
2.035421e+03	-5.825667e-01
2.047178e+03	-5.844935e-01
2.059002e+03	-5.721387e-01
2.070895e+03	-5.773286e-01
2.082856e+03	-6.010922e-01
2.094887e+03	-5.972371e-01
2.106987e+03	-6.142789e-01
2.119157e+03	-6.126681e-01
2.131397e+03	-6.061729e-01
2.143708e+03	-6.269988e-01
2.156090e+03	-6.236408e-01
2.168543e+03	-6.282080e-01
2.181069e+03	-6.329690e-01
2.193666e+03	-6.483120e-01
2.206337e+03	-6.641836e-01
2.219081e+03	-6.565206e-01
2.231898e+03	-6.657296e-01
2.244789e+03	-6.927430e-01
2.257755e+03	-6.780221e-01
2.270796e+03	-6.826167e-01
2.283912e+03	-6.934013e-01
2.297104e+03	-7.194217e-01
2.310372e+03	-6.966234e-01
2.323716e+03	-7.303784e-01
2.337138e+03	-7.321805e-01
2.350637e+03	-7.263462e-01
2.364214e+03	-7.335125e-01
2.377870e+03	-7.579357e-01
2.391604e+03	-7.438113e-01
2.405418e+03	-7.746095e-01
2.419312e+03	-7.578694e-01
2.433286e+03	-7.764682e-01
2.447340e+03	-8.039749e-01
2.461476e+03	-8.051461e-01
2.475693e+03	-8.071052e-01
2.489993e+03	-8.218445e-01
2.504375e+03	-8.133706e-01
2.518840e+03	-8.364129e-01
2.533389e+03	-8.478035e-01
2.548022e+03	-8.626329e-01
2.562739e+03	-8.538056e-01
2.577541e+03	-8.752431e-01
2.592429e+03	-8.804840e-01
2.607403e+03	-8.915377e-01
2.622463e+03	-9.060566e-01
2.637610e+03	-8.951292e-01
2.652845e+03	-9.165265e-01
2.668168e+03	-8.926263e-01
2.683579e+03	-9.259663e-01
2.699079e+03	-9.448389e-01
2.714669e+03	-9.445283e-01
2.730349e+03	-9.624354e-01
2.746119e+03	-9.643027e-01
2.761981e+03	-9.648266e-01
2.777934e+03	-9.896929e-01
2.793979e+03	-9.977969e-01
2.810117e+03	-1.021926e+00
2.826348e+03	-1.036662e+00
2.842673e+03	-1.030526e+00
2.859092e+03	-1.055756e+00
2.875606e+03	-1.054014e+00
2.892215e+03	-1.057212e+00
2.908921e+03	-1.076986e+00
2.925722e+03	-1.091932e+00
2.942621e+03	-1.091596e+00
2.959618e+03	-1.108552e+00
2.976712e+03	-1.121642e+00
2.993906e+03	-1.140154e+00
3.011198e+03	-1.143570e+00
3.028591e+03	-1.164708e+00
3.046084e+03	-1.162783e+00
3.063678e+03	-1.178585e+00
3.081374e+03	-1.199878e+00
3.099172e+03	-1.196758e+00
3.117072e+03	-1.228795e+00
3.135076e+03	-1.241182e+00
3.153184e+03	-1.230571e+00
3.171397e+03	-1.248977e+00
3.189715e+03	-1.264208e+00
3.208139e+03	-1.279936e+00
3.226669e+03	-1.306919e+00
3.245306e+03	-1.307630e+00
3.264051e+03	-1.304332e+00
3.282904e+03	-1.334811e+00
3.301866e+03	-1.343718e+00
3.320937e+03	-1.345933e+00
3.340119e+03	-1.356884e+00
3.359411e+03	-1.390525e+00
3.378815e+03	-1.393888e+00
3.398331e+03	-1.415846e+00
3.417959e+03	-1.416173e+00
3.437701e+03	-1.438530e+00
3.457557e+03	-1.461369e+00
3.477528e+03	-1.457945e+00
3.497614e+03	-1.478269e+00
3.517816e+03	-1.489163e+00
3.538135e+03	-1.493909e+00
3.558571e+03	-1.516867e+00
3.579125e+03	-1.553800e+00
3.599798e+03	-1.571414e+00
3.620590e+03	-1.576762e+00
3.641503e+03	-1.606434e+00
3.662536e+03	-1.609803e+00
3.683691e+03	-1.607316e+00
3.704967e+03	-1.633000e+00
3.726367e+03	-1.637025e+00
3.747890e+03	-1.648623e+00
3.769538e+03	-1.687200e+00
3.791311e+03	-1.691621e+00
3.813209e+03	-1.696866e+00
3.835234e+03	-1.744018e+00
3.857386e+03	-1.726113e+00
3.879667e+03	-1.740219e+00
3.902075e+03	-1.760652e+00
3.924614e+03	-1.783960e+00
3.947282e+03	-1.812618e+00
3.970081e+03	-1.836631e+00
3.993012e+03	-1.861965e+00
4.016076e+03	-1.865599e+00
4.039272e+03	-1.865061e+00
4.062603e+03	-1.882367e+00
4.086069e+03	-1.913387e+00
4.109670e+03	-1.912445e+00
4.133407e+03	-1.950378e+00
4.157281e+03	-1.968503e+00
4.181294e+03	-2.001999e+00
4.205445e+03	-1.999950e+00
4.229735e+03	-2.024393e+00
4.254166e+03	-2.051179e+00
4.278738e+03	-2.066337e+00
4.303451e+03	-2.074568e+00
4.328308e+03	-2.085189e+00
4.353308e+03	-2.112759e+00
4.378453e+03	-2.148194e+00
4.403742e+03	-2.169552e+00
4.429178e+03	-2.172514e+00
4.454761e+03	-2.195746e+00
4.480492e+03	-2.225803e+00
4.506371e+03	-2.236141e+00
4.532399e+03	-2.268074e+00
4.558578e+03	-2.276945e+00
4.584908e+03	-2.299548e+00
4.611391e+03	-2.315544e+00
4.638026e+03	-2.351672e+00
4.664815e+03	-2.371771e+00
4.691759e+03	-2.382173e+00
4.718858e+03	-2.420005e+00
4.746114e+03	-2.433251e+00
4.773527e+03	-2.435302e+00
4.801099e+03	-2.469403e+00
4.828830e+03	-2.490277e+00
4.856721e+03	-2.513275e+00
4.884773e+03	-2.529631e+00
4.912988e+03	-2.551430e+00
4.941365e+03	-2.583554e+00
4.969906e+03	-2.606060e+00
4.998612e+03	-2.625521e+00
5.027484e+03	-2.642678e+00
5.056522e+03	-2.661011e+00
5.085729e+03	-2.687165e+00
5.115104e+03	-2.706817e+00
5.144648e+03	-2.750194e+00
5.174363e+03	-2.752097e+00
5.204250e+03	-2.789806e+00
5.234310e+03	-2.799824e+00
5.264543e+03	-2.831821e+00
5.294951e+03	-2.854552e+00
5.325534e+03	-2.883813e+00
5.356294e+03	-2.921986e+00
5.387232e+03	-2.937404e+00
5.418348e+03	-2.956115e+00
5.449645e+03	-2.978699e+00
5.481122e+03	-2.978435e+00
5.512780e+03	-3.033899e+00
5.544622e+03	-3.065112e+00
5.576647e+03	-3.075817e+00
5.608858e+03	-3.101398e+00
5.641254e+03	-3.128447e+00
5.673838e+03	-3.150259e+00
5.706610e+03	-3.192099e+00
5.739571e+03	-3.202539e+00
5.772723e+03	-3.230822e+00
5.806066e+03	-3.262551e+00
5.839601e+03	-3.264464e+00
5.873331e+03	-3.312236e+00
5.907255e+03	-3.342483e+00
5.941375e+03	-3.367799e+00
5.975692e+03	-3.383124e+00
6.010207e+03	-3.416072e+00
6.044922e+03	-3.447928e+00
6.079837e+03	-3.464461e+00
6.114954e+03	-3.503498e+00
6.150274e+03	-3.555534e+00
6.185797e+03	-3.562943e+00
6.221526e+03	-3.586330e+00
6.257462e+03	-3.617328e+00
6.293605e+03	-3.646745e+00
6.329956e+03	-3.672609e+00
6.366518e+03	-3.732316e+00
6.403290e+03	-3.718463e+00
6.440276e+03	-3.756376e+00
6.477474e+03	-3.781365e+00
6.514888e+03	-3.817484e+00
6.552518e+03	-3.841565e+00
6.590365e+03	-3.869374e+00
6.628430e+03	-3.905293e+00
6.666716e+03	-3.931000e+00
6.705223e+03	-3.960113e+00
6.743952e+03	-3.994300e+00
6.782905e+03	-4.019273e+00
6.822082e+03	-4.038722e+00
6.861486e+03	-4.091367e+00
6.901118e+03	-4.108769e+00
6.940979e+03	-4.125401e+00
6.981069e+03	-4.168592e+00
7.021392e+03	-4.197925e+00
7.061947e+03	-4.223853e+00
7.102737e+03	-4.269873e+00
7.143762e+03	-4.303021e+00
7.185024e+03	-4.345454e+00
7.226524e+03	-4.358718e+00
7.268264e+03	-4.388384e+00
7.310246e+03	-4.433182e+00
7.352469e+03	-4.444121e+00
7.394937e+03	-4.495111e+00
7.437650e+03	-4.524540e+00
7.480609e+03	-4.575287e+00
7.523817e+03	-4.582385e+00
7.567274e+03	-4.612967e+00
7.610982e+03	-4.656699e+00
7.654943e+03	-4.685570e+00
7.699158e+03	-4.726692e+00
7.743628e+03	-4.744537e+00
7.788355e+03	-4.778347e+00
7.833340e+03	-4.819670e+00
7.878585e+03	-4.844932e+00
7.924091e+03	-4.873999e+00
7.969861e+03	-4.910520e+00
8.015894e+03	-4.924393e+00
8.062194e+03	-4.968129e+00
8.108761e+03	-5.016359e+00
8.155596e+03	-5.057941e+00
8.202703e+03	-5.107664e+00
8.250081e+03	-5.132150e+00
8.297733e+03	-5.158923e+00
8.345661e+03	-5.187631e+00
8.393865e+03	-5.230252e+00
8.442348e+03	-5.252325e+00
8.491110e+03	-5.295266e+00
8.540155e+03	-5.352590e+00
8.589482e+03	-5.368038e+00
8.639095e+03	-5.389907e+00
8.688994e+03	-5.439361e+00
8.739181e+03	-5.450760e+00
8.789658e+03	-5.503859e+00
8.840427e+03	-5.534427e+00
8.891489e+03	-5.572979e+00
8.942846e+03	-5.615124e+00
8.994499e+03	-5.658365e+00
9.046451e+03	-5.688165e+00
9.098703e+03	-5.717928e+00
9.151257e+03	-5.750196e+00
9.204114e+03	-5.778096e+00
9.257277e+03	-5.819785e+00
9.310746e+03	-5.866679e+00
9.364525e+03	-5.897310e+00
9.418614e+03	-5.937929e+00
9.473015e+03	-5.977122e+00
9.527731e+03	-6.008458e+00
9.582763e+03	-6.051373e+00
9.638113e+03	-6.097356e+00
9.693782e+03	-6.140723e+00
9.749773e+03	-6.156373e+00
9.806087e+03	-6.187187e+00
9.862727e+03	-6.256715e+00
9.919693e+03	-6.275420e+00
9.976989e+03	-6.312168e+00
1.003462e+04	-6.333112e+00
1.009258e+04	-6.393674e+00
1.015087e+04	-6.416115e+00
1.020950e+04	-6.460943e+00
1.026847e+04	-6.497961e+00
1.032778e+04	-6.550476e+00
1.038743e+04	-6.566640e+00
1.044743e+04	-6.617213e+00
1.050777e+04	-6.642663e+00
1.056847e+04	-6.687444e+00
1.062951e+04	-6.737159e+00
1.069091e+04	-6.786553e+00
1.075266e+04	-6.825629e+00
1.081476e+04	-6.840958e+00
1.087723e+04	-6.887058e+00
1.094006e+04	-6.924758e+00
1.100324e+04	-6.975459e+00
1.106680e+04	-6.993872e+00
1.113072e+04	-7.037271e+00
1.119501e+04	-7.085660e+00
1.125967e+04	-7.128394e+00
1.132471e+04	-7.175936e+00
1.139012e+04	-7.205585e+00
1.145591e+04	-7.251818e+00
1.152208e+04	-7.286465e+00
1.158863e+04	-7.322033e+00
1.165556e+04	-7.391837e+00
1.172289e+04	-7.399352e+00
1.179060e+04	-7.449363e+00
1.185870e+04	-7.501581e+00
1.192719e+04	-7.541501e+00
1.199608e+04	-7.582600e+00
1.206537e+04	-7.607814e+00
1.213506e+04	-7.647748e+00
1.220515e+04	-7.700034e+00
1.227565e+04	-7.732263e+00
1.234655e+04	-7.785246e+00
1.241787e+04	-7.823277e+00
1.248959e+04	-7.853337e+00
1.256173e+04	-7.898078e+00
1.263429e+04	-7.935202e+00
1.270726e+04	-7.953901e+00
1.278066e+04	-8.017967e+00
1.285448e+04	-8.044462e+00
1.292873e+04	-8.095352e+00
1.300340e+04	-8.138738e+00
1.307851e+04	-8.186468e+00
1.315405e+04	-8.231057e+00
1.323003e+04	-8.274625e+00
1.330644e+04	-8.318260e+00
1.338330e+04	-8.349207e+00
1.346060e+04	-8.408858e+00
1.353835e+04	-8.425326e+00
1.361655e+04	-8.490705e+00
1.369520e+04	-8.521570e+00
1.377430e+04	-8.560100e+00
1.385386e+04	-8.608284e+00
1.393388e+04	-8.633328e+00
1.401436e+04	-8.681401e+00
1.409531e+04	-8.745925e+00
1.417672e+04	-8.773757e+00
1.425861e+04	-8.825634e+00
1.434096e+04	-8.854999e+00
1.442379e+04	-8.890717e+00
1.450711e+04	-8.949467e+00
1.459090e+04	-9.010833e+00
1.467518e+04	-9.044990e+00
1.475994e+04	-9.072836e+00
1.484519e+04	-9.102103e+00
1.493094e+04	-9.173033e+00
1.501718e+04	-9.205591e+00
1.510392e+04	-9.265505e+00
1.519116e+04	-9.284831e+00
1.527890e+04	-9.332166e+00
1.536715e+04	-9.376505e+00
1.545591e+04	-9.431646e+00
1.554518e+04	-9.461495e+00
1.563497e+04	-9.509519e+00
1.572528e+04	-9.546286e+00
1.581611e+04	-9.593592e+00
1.590746e+04	-9.633635e+00
1.599934e+04	-9.677149e+00
1.609175e+04	-9.727598e+00
1.618470e+04	-9.780967e+00
1.627818e+04	-9.811277e+00
1.637220e+04	-9.856921e+00
1.646677e+04	-9.882561e+00
1.656188e+04	-9.972094e+00
1.665754e+04	-9.971566e+00
1.675375e+04	-1.001209e+01
1.685052e+04	-1.008236e+01
1.694785e+04	-1.011617e+01
1.704574e+04	-1.017192e+01
1.714419e+04	-1.019530e+01
1.724322e+04	-1.024910e+01
1.734281e+04	-1.029168e+01
1.744299e+04	-1.032928e+01
1.754374e+04	-1.037293e+01
1.764507e+04	-1.040468e+01
1.774698e+04	-1.045022e+01
1.784949e+04	-1.050429e+01
1.795259e+04	-1.053901e+01
1.805628e+04	-1.059961e+01
1.816057e+04	-1.064351e+01
1.826547e+04	-1.068625e+01
1.837097e+04	-1.073581e+01
1.847708e+04	-1.079933e+01
1.858380e+04	-1.080456e+01
1.869114e+04	-1.085020e+01
1.879910e+04	-1.090108e+01
1.890768e+04	-1.094288e+01
1.901689e+04	-1.098203e+01
1.912673e+04	-1.102591e+01
1.923721e+04	-1.110568e+01
1.934832e+04	-1.111804e+01
1.946008e+04	-1.116148e+01
1.957248e+04	-1.122603e+01
1.968553e+04	-1.127973e+01
1.979923e+04	-1.130050e+01
1.991359e+04	-1.136403e+01
2.002861e+04	-1.138444e+01
2.014430e+04	-1.143322e+01
2.026065e+04	-1.148780e+01
2.037767e+04	-1.151670e+01
2.049537e+04	-1.156143e+01
2.061375e+04	-1.160729e+01
2.073282e+04	-1.165409e+01
2.085257e+04	-1.168882e+01
2.097301e+04	-1.176321e+01
2.109415e+04	-1.180103e+01
2.121599e+04	-1.183022e+01
2.133853e+04	-1.188731e+01
2.146178e+04	-1.191886e+01
2.158575e+04	-1.197173e+01
2.171043e+04	-1.200919e+01
2.183582e+04	-1.203538e+01
2.196195e+04	-1.209882e+01
2.208880e+04	-1.214374e+01
2.221638e+04	-1.217051e+01
2.234470e+04	-1.223435e+01
2.247377e+04	-1.226274e+01
2.260357e+04	-1.232430e+01
2.273413e+04	-1.236536e+01
2.286544e+04	-1.240612e+01
2.299751e+04	-1.243338e+01
2.313034e+04	-1.250288e+01
2.326394e+04	-1.252517e+01
2.339832e+04	-1.259603e+01
2.353346e+04	-1.263192e+01
2.366939e+04	-1.268707e+01
2.380610e+04	-1.273090e+01
2.394361e+04	-1.277148e+01
2.408191e+04	-1.279249e+01
2.422100e+04	-1.284636e+01
2.436090e+04	-1.289437e+01
2.450161e+04	-1.294115e+01
2.464313e+04	-1.298672e+01
2.478547e+04	-1.304110e+01
2.492863e+04	-1.306400e+01
2.507261e+04	-1.313519e+01
2.521743e+04	-1.317448e+01
2.536309e+04	-1.320390e+01
2.550958e+04	-1.324652e+01
2.565692e+04	-1.328727e+01
2.580512e+04	-1.334768e+01
2.595417e+04	-1.337358e+01
2.610408e+04	-1.342507e+01
2.625485e+04	-1.346026e+01
2.640650e+04	-1.349965e+01
2.655902e+04	-1.355761e+01
2.671243e+04	-1.360430e+01
2.686672e+04	-1.365135e+01
2.702190e+04	-1.369375e+01
2.717798e+04	-1.375013e+01
2.733495e+04	-1.377961e+01
2.749284e+04	-1.380420e+01
2.765164e+04	-1.387767e+01
2.781135e+04	-1.389248e+01
2.797199e+04	-1.395990e+01
2.813355e+04	-1.399936e+01
2.829605e+04	-1.405199e+01
2.845949e+04	-1.409144e+01
2.862387e+04	-1.413378e+01
2.878920e+04	-1.419699e+01
2.895549e+04	-1.421038e+01
2.912273e+04	-1.426492e+01
2.929094e+04	-1.432603e+01
2.946013e+04	-1.435591e+01
2.963029e+04	-1.440640e+01
2.980143e+04	-1.441184e+01
2.997356e+04	-1.446837e+01
3.014669e+04	-1.452184e+01
3.032081e+04	-1.455505e+01
3.049595e+04	-1.460411e+01
3.067209e+04	-1.463845e+01
3.084925e+04	-1.468977e+01
3.102743e+04	-1.475789e+01
3.120665e+04	-1.478940e+01
3.138690e+04	-1.482397e+01
3.156819e+04	-1.486696e+01
3.175052e+04	-1.490984e+01
3.193391e+04	-1.495139e+01
3.211836e+04	-1.498761e+01
3.230388e+04	-1.502374e+01
3.249046e+04	-1.510361e+01
3.267812e+04	-1.510931e+01
3.286687e+04	-1.515812e+01
3.305671e+04	-1.521794e+01
3.324764e+04	-1.525336e+01
3.343968e+04	-1.529458e+01
3.363283e+04	-1.533593e+01
3.382709e+04	-1.536533e+01
3.402247e+04	-1.540596e+01
3.421899e+04	-1.545848e+01
3.441663e+04	-1.550336e+01
3.461542e+04	-1.553164e+01
3.481536e+04	-1.559656e+01
3.501645e+04	-1.562511e+01
3.521871e+04	-1.567584e+01
3.542213e+04	-1.570505e+01
3.562672e+04	-1.576574e+01
3.583250e+04	-1.578660e+01
3.603947e+04	-1.585017e+01
3.624763e+04	-1.588779e+01
3.645700e+04	-1.590940e+01
3.666757e+04	-1.595758e+01
3.687936e+04	-1.600318e+01
3.709238e+04	-1.603156e+01
3.730662e+04	-1.609970e+01
3.752210e+04	-1.613219e+01
3.773883e+04	-1.615445e+01
3.795680e+04	-1.621165e+01
3.817604e+04	-1.623022e+01
3.839654e+04	-1.629612e+01
3.861832e+04	-1.632769e+01
3.884138e+04	-1.636371e+01
3.906573e+04	-1.640285e+01
3.929137e+04	-1.643556e+01
3.951831e+04	-1.647737e+01
3.974657e+04	-1.653521e+01
3.997614e+04	-1.656909e+01
4.020704e+04	-1.662238e+01
4.043928e+04	-1.665653e+01
4.067285e+04	-1.669800e+01
4.090778e+04	-1.674520e+01
4.114406e+04	-1.677386e+01
4.138171e+04	-1.679671e+01
4.162073e+04	-1.685206e+01
4.186113e+04	-1.687687e+01
4.210291e+04	-1.690746e+01
4.234610e+04	-1.696117e+01
4.259069e+04	-1.701809e+01
4.283669e+04	-1.705399e+01
4.308411e+04	-1.707358e+01
4.333297e+04	-1.712661e+01
4.358325e+04	-1.716189e+01
4.383499e+04	-1.719746e+01
4.408818e+04	-1.724679e+01
4.434283e+04	-1.729629e+01
4.459895e+04	-1.730930e+01
4.485655e+04	-1.734568e+01
4.511564e+04	-1.738517e+01
4.537623e+04	-1.740481e+01
4.563832e+04	-1.746234e+01
4.590193e+04	-1.750494e+01
4.616705e+04	-1.754343e+01
4.643371e+04	-1.755805e+01
4.670191e+04	-1.760391e+01
4.697166e+04	-1.764114e+01
4.724297e+04	-1.768872e+01
4.751584e+04	-1.772571e+01
4.779029e+04	-1.774448e+01
4.806633e+04	-1.780214e+01
4.834395e+04	-1.784140e+01
4.862319e+04	-1.786718e+01
4.890403e+04	-1.788813e+01
4.918650e+04	-1.793285e+01
4.947060e+04	-1.796732e+01
4.975634e+04	-1.800218e+01
5.004373e+04	-1.804549e+01
5.033278e+04	-1.805042e+01
5.062350e+04	-1.808692e+01
5.091590e+04	-1.814948e+01
5.120999e+04	-1.816588e+01
5.150578e+04	-1.819426e+01
5.180327e+04	-1.822706e+01
5.210248e+04	-1.826187e+01
5.240343e+04	-1.829976e+01
5.270611e+04	-1.835213e+01
5.301053e+04	-1.835751e+01
5.331672e+04	-1.839434e+01
5.362468e+04	-1.841626e+01
5.393441e+04	-1.845988e+01
5.424593e+04	-1.851005e+01
5.455926e+04	-1.854370e+01
5.487439e+04	-1.855868e+01
5.519134e+04	-1.860772e+01
5.551012e+04	-1.862376e+01
5.583075e+04	-1.865002e+01
5.615322e+04	-1.868810e+01
5.647756e+04	-1.872749e+01
5.680377e+04	-1.874570e+01
5.713187e+04	-1.876085e+01
5.746186e+04	-1.880126e+01
5.779376e+04	-1.883869e+01
5.812757e+04	-1.885605e+01
5.846332e+04	-1.890193e+01
5.880100e+04	-1.892656e+01
5.914063e+04	-1.894475e+01
5.948222e+04	-1.901936e+01
5.982579e+04	-1.903802e+01
6.017134e+04	-1.903448e+01
6.051889e+04	-1.907754e+01
6.086844e+04	-1.908262e+01
6.122002e+04	-1.911499e+01
6.157362e+04	-1.914045e+01
6.192927e+04	-1.916902e+01
6.228697e+04	-1.917385e+01
6.264674e+04	-1.922965e+01
6.300858e+04	-1.923878e+01
6.337252e+04	-1.926384e+01
6.373855e+04	-1.929457e+01
6.410670e+04	-1.933590e+01
6.447698e+04	-1.936954e+01
6.484940e+04	-1.937957e+01
6.522397e+04	-1.938091e+01
6.560070e+04	-1.943575e+01
6.597960e+04	-1.944046e+01
6.636070e+04	-1.944710e+01
6.674400e+04	-1.947398e+01
6.712951e+04	-1.951378e+01
6.751724e+04	-1.953223e+01
6.790722e+04	-1.954906e+01
6.829945e+04	-1.957106e+01
6.869395e+04	-1.957959e+01
6.909072e+04	-1.961754e+01
6.948978e+04	-1.962247e+01
6.989115e+04	-1.962284e+01
7.029484e+04	-1.968187e+01
7.070086e+04	-1.968216e+01
7.110923e+04	-1.970313e+01
7.151995e+04	-1.973692e+01
7.193305e+04	-1.971469e+01
7.234853e+04	-1.974421e+01
7.276641e+04	-1.978678e+01
7.318671e+04	-1.980784e+01
7.360943e+04	-1.980595e+01
7.403460e+04	-1.981856e+01
7.446222e+04	-1.982599e+01
7.489231e+04	-1.986766e+01
7.532488e+04	-1.986710e+01
7.575996e+04	-1.986819e+01
7.619754e+04	-1.988446e+01
7.663766e+04	-1.989743e+01
7.708031e+04	-1.990951e+01
7.752553e+04	-1.991566e+01
7.797331e+04	-1.993211e+01
7.842368e+04	-1.994549e+01
7.887665e+04	-1.992886e+01
7.933224e+04	-1.995689e+01
7.979046e+04	-1.995332e+01
8.025133e+04	-1.997288e+01
8.071486e+04	-1.998776e+01
8.118106e+04	-1.997495e+01
8.164996e+04	-1.999913e+01
8.212157e+04	-1.999546e+01
8.259590e+04	-2.000404e+01
8.307297e+04	-2.000273e+01
8.355279e+04	-1.999754e+01
8.403539e+04	-2.001298e+01
8.452078e+04	-2.000852e+01
8.500897e+04	-2.000742e+01
8.549997e+04	-2.001524e+01
8.599382e+04	-2.000987e+01
8.649052e+04	-2.001040e+01
8.699008e+04	-2.000578e+01
8.749253e+04	-2.001678e+01
8.799789e+04	-2.000250e+01
8.850616e+04	-1.998800e+01
8.901737e+04	-1.999257e+01
8.953153e+04	-1.999048e+01
9.004866e+04	-1.999457e+01
9.056877e+04	-1.998130e+01
9.109190e+04	-1.995972e+01
9.161804e+04	-1.995503e+01
9.214722e+04	-1.994217e+01
9.267946e+04	-1.995067e+01
9.321477e+04	-1.995165e+01
9.375318e+04	-1.990487e+01
9.429469e+04	-1.989415e+01
9.483933e+04	-1.987216e+01
9.538712e+04	-1.985805e+01
9.593807e+04	-1.987304e+01
9.649221e+04	-1.985111e+01
9.704954e+04	-1.981377e+01
9.761010e+04	-1.980061e+01
9.817389e+04	-1.978145e+01
9.874094e+04	-1.976034e+01
9.931126e+04	-1.973980e+01
9.988488e+04	-1.970090e+01
1.004618e+05	-1.967595e+01
1.010421e+05	-1.967763e+01
1.016257e+05	-1.963814e+01
1.022127e+05	-1.961016e+01
1.028031e+05	-1.957232e+01
1.033968e+05	-1.954024e+01
1.039941e+05	-1.949079e+01
1.045947e+05	-1.947988e+01
1.051989e+05	-1.942649e+01
1.058065e+05	-1.941201e+01
1.064176e+05	-1.936224e+01
1.070323e+05	-1.931687e+01
1.076505e+05	-1.928931e+01
1.082723e+05	-1.922255e+01
1.088977e+05	-1.919957e+01
1.095266e+05	-1.915538e+01
1.101593e+05	-1.907772e+01
1.107955e+05	-1.903988e+01
1.114355e+05	-1.899185e+01
1.120791e+05	-1.897261e+01
1.127265e+05	-1.889731e+01
1.133776e+05	-1.883052e+01
1.140325e+05	-1.877373e+01
1.146911e+05	-1.871798e+01
1.153536e+05	-1.863908e+01
1.160198e+05	-1.857175e+01
1.166900e+05	-1.850395e+01
1.173640e+05	-1.844371e+01
1.180419e+05	-1.837914e+01
1.187237e+05	-1.829644e+01
1.194094e+05	-1.821574e+01
1.200991e+05	-1.813464e+01
1.207928e+05	-1.804690e+01
1.214905e+05	-1.796236e+01
1.221922e+05	-1.787301e+01
1.228980e+05	-1.779553e+01
1.236078e+05	-1.769258e+01
1.243218e+05	-1.757445e+01
1.250399e+05	-1.749126e+01
1.257621e+05	-1.738463e+01
1.264885e+05	-1.728991e+01
1.272191e+05	-1.717058e+01
1.279539e+05	-1.707089e+01
1.286930e+05	-1.693941e+01
1.294363e+05	-1.682656e+01
1.301839e+05	-1.669027e+01
1.309358e+05	-1.655271e+01
1.316921e+05	-1.641649e+01
1.324528e+05	-1.627900e+01
1.332178e+05	-1.614780e+01
1.339873e+05	-1.598928e+01
1.347612e+05	-1.585268e+01
1.355395e+05	-1.566563e+01
1.363224e+05	-1.548579e+01
1.371098e+05	-1.533742e+01
1.379018e+05	-1.516566e+01
1.386983e+05	-1.497278e+01
1.394994e+05	-1.477164e+01
1.403051e+05	-1.457422e+01
1.411155e+05	-1.437492e+01
1.419306e+05	-1.414299e+01
1.427504e+05	-1.394548e+01
1.435749e+05	-1.370333e+01
1.444042e+05	-1.348246e+01
1.452383e+05	-1.318648e+01
1.460772e+05	-1.293894e+01
1.469209e+05	-1.266765e+01
1.477695e+05	-1.234727e+01
1.486230e+05	-1.208569e+01
1.494814e+05	-1.174683e+01
1.503448e+05	-1.143460e+01
1.512132e+05	-1.106029e+01
1.520866e+05	-1.071350e+01
1.529651e+05	-1.032338e+01
1.538486e+05	-9.920016e+00
1.547372e+05	-9.492954e+00
1.556310e+05	-9.040796e+00
1.565299e+05	-8.547005e+00
1.574340e+05	-8.058869e+00
1.583433e+05	-7.515289e+00
1.592579e+05	-6.944781e+00
1.601778e+05	-6.335988e+00
1.611030e+05	-5.682357e+00
1.620335e+05	-5.019687e+00
1.629694e+05	-4.264378e+00
1.639107e+05	-3.540688e+00
1.648574e+05	-2.762380e+00
1.658097e+05	-1.999544e+00
1.667674e+05	-1.261013e+00
1.677306e+05	-6.301257e-01
1.686994e+05	-1.805118e-01
1.696738e+05	1.903779e-02
1.706538e+05	-5.989553e-02
1.716395e+05	-4.343706e-01
1.726309e+05	-1.003764e+00
1.736280e+05	-1.741182e+00
1.746309e+05	-2.537496e+00
1.756395e+05	-3.387879e+00
1.766540e+05	-4.194997e+00
1.776744e+05	-4.984245e+00
1.787006e+05	-5.750142e+00
1.797328e+05	-6.463160e+00
1.807709e+05	-7.161228e+00
1.818150e+05	-7.809532e+00
1.828652e+05	-8.407288e+00
1.839214e+05	-8.996422e+00
1.849837e+05	-9.549065e+00
1.860522e+05	-1.004856e+01
1.871268e+05	-1.055466e+01
1.882077e+05	-1.100984e+01
1.892948e+05	-1.146476e+01
1.903881e+05	-1.187577e+01
1.914878e+05	-1.231191e+01
1.925938e+05	-1.270112e+01
1.937062e+05	-1.307270e+01
1.948251e+05	-1.342090e+01
1.959504e+05	-1.376158e+01
1.970822e+05	-1.407890e+01
1.982205e+05	-1.441579e+01
1.993654e+05	-1.470529e+01
2.005169e+05	-1.499719e+01
2.016751e+05	-1.526972e+01
2.028400e+05	-1.553712e+01
2.040116e+05	-1.581169e+01
2.051899e+05	-1.603476e+01
2.063751e+05	-1.628448e+01
2.075671e+05	-1.652117e+01
2.087660e+05	-1.675419e+01
2.099719e+05	-1.695705e+01
2.111846e+05	-1.713986e+01
2.124044e+05	-1.736344e+01
2.136313e+05	-1.756412e+01
2.148652e+05	-1.773795e+01
2.161063e+05	-1.790510e+01
2.173545e+05	-1.808862e+01
2.186099e+05	-1.823925e+01
2.198726e+05	-1.838583e+01
2.211426e+05	-1.855573e+01
2.224199e+05	-1.869187e+01
2.237046e+05	-1.881991e+01
2.249967e+05	-1.894461e+01
2.262962e+05	-1.907471e+01
2.276033e+05	-1.919468e+01
2.289179e+05	-1.929995e+01
2.302402e+05	-1.941827e+01
2.315700e+05	-1.950962e+01
2.329076e+05	-1.960771e+01
2.342528e+05	-1.969523e+01
2.356059e+05	-1.978289e+01
2.369667e+05	-1.984092e+01
2.383354e+05	-1.992678e+01
2.397120e+05	-1.999308e+01
2.410966e+05	-2.006070e+01
2.424892e+05	-2.010832e+01
2.438898e+05	-2.017872e+01
2.452985e+05	-2.019025e+01
2.467153e+05	-2.023125e+01
2.481403e+05	-2.025261e+01
2.495736e+05	-2.027655e+01
2.510151e+05	-2.029027e+01
2.524650e+05	-2.029725e+01
2.539232e+05	-2.029832e+01
2.553898e+05	-2.030178e+01
2.568650e+05	-2.029702e+01
2.583486e+05	-2.027887e+01
2.598408e+05	-2.023752e+01
2.613416e+05	-2.023240e+01
2.628511e+05	-2.018909e+01
2.643694e+05	-2.014539e+01
2.658963e+05	-2.007395e+01
2.674321e+05	-2.002816e+01
2.689768e+05	-1.994836e+01
2.705304e+05	-1.987647e+01
2.720930e+05	-1.977899e+01
2.736646e+05	-1.969151e+01
2.752453e+05	-1.956530e+01
2.768351e+05	-1.942738e+01
2.784341e+05	-1.931624e+01
2.800423e+05	-1.918641e+01
2.816598e+05	-1.902064e+01
2.832867e+05	-1.885011e+01
2.849229e+05	-1.868356e+01
2.865686e+05	-1.850400e+01
2.882238e+05	-1.828798e+01
2.898886e+05	-1.806236e+01
2.915630e+05	-1.781526e+01
2.932470e+05	-1.756232e+01
2.949408e+05	-1.731095e+01
2.966444e+05	-1.699033e+01
2.983578e+05	-1.667143e+01
3.000811e+05	-1.633345e+01
3.018143e+05	-1.596451e+01
3.035576e+05	-1.555104e+01
3.053109e+05	-1.514012e+01
3.070744e+05	-1.467852e+01
3.088481e+05	-1.418497e+01
3.106320e+05	-1.363238e+01
3.124261e+05	-1.303705e+01
3.142307e+05	-1.236239e+01
3.160457e+05	-1.165497e+01
3.178712e+05	-1.086252e+01
3.197072e+05	-9.936743e+00
3.215538e+05	-8.942782e+00
3.234111e+05	-7.814188e+00
3.252791e+05	-6.540764e+00
3.271579e+05	-5.076981e+00
3.290475e+05	-3.472208e+00
3.309481e+05	-1.779024e+00
3.328596e+05	-4.004420e-01
3.347822e+05	1.709962e-02
3.367159e+05	-8.494259e-01
3.386608e+05	-2.465317e+00
3.406169e+05	-4.192931e+00
3.425842e+05	-5.825701e+00
3.445630e+05	-7.301735e+00
3.465532e+05	-8.602256e+00
3.485549e+05	-9.746735e+00
3.505681e+05	-1.077510e+01
3.525930e+05	-1.172487e+01
3.546295e+05	-1.252160e+01
3.566778e+05	-1.328924e+01
3.587380e+05	-1.398198e+01
3.608101e+05	-1.462447e+01
3.628941e+05	-1.518360e+01
3.649901e+05	-1.572566e+01
3.670983e+05	-1.621410e+01
3.692187e+05	-1.667417e+01
3.713513e+05	-1.710994e+01
3.734962e+05	-1.750978e+01
3.756535e+05	-1.787328e+01
3.778232e+05	-1.820130e+01
3.800055e+05	-1.851381e+01
3.822004e+05	-1.880447e+01
3.844080e+05	-1.907643e+01
3.866283e+05	-1.930785e+01
3.888615e+05	-1.952842e+01
3.911075e+05	-1.972193e+01
3.933665e+05	-1.988915e+01
3.956386e+05	-2.007498e+01
3.979238e+05	-2.020181e+01
4.002222e+05	-2.030959e+01
4.025338e+05	-2.041931e+01
4.048589e+05	-2.050757e+01
4.071973e+05	-2.056716e+01
4.095493e+05	-2.060215e+01
4.119148e+05	-2.062655e+01
4.142940e+05	-2.062551e+01
4.166870e+05	-2.061935e+01
4.190937e+05	-2.056131e+01
4.215144e+05	-2.050923e+01
4.239490e+05	-2.040485e+01
4.263978e+05	-2.033015e+01
4.288606e+05	-2.017179e+01
4.313377e+05	-2.000437e+01
4.338291e+05	-1.981358e+01
4.363349e+05	-1.959508e+01
4.388551e+05	-1.933884e+01
4.413899e+05	-1.907413e+01
4.439394e+05	-1.871825e+01
4.465035e+05	-1.834697e+01
4.490825e+05	-1.794744e+01
4.516764e+05	-1.747413e+01
4.542853e+05	-1.695850e+01
4.569092e+05	-1.636561e+01
4.595483e+05	-1.569282e+01
4.622026e+05	-1.494392e+01
4.648723e+05	-1.409439e+01
4.675574e+05	-1.309933e+01
4.702580e+05	-1.192626e+01
4.729742e+05	-1.059488e+01
4.757060e+05	-8.940969e+00
4.784537e+05	-6.937757e+00
4.812172e+05	-4.500173e+00
4.839967e+05	-1.708134e+00
4.867923e+05	6.173923e-02
4.896040e+05	-1.376456e+00
4.924319e+05	-4.225992e+00
4.952762e+05	-6.819347e+00
4.981369e+05	-8.977893e+00
5.010141e+05	-1.070687e+01
5.039079e+05	-1.221149e+01
5.068185e+05	-1.345458e+01
5.097458e+05	-1.454812e+01
5.126901e+05	-1.547381e+01
5.156514e+05	-1.630353e+01
5.186298e+05	-1.704146e+01
5.216253e+05	-1.768119e+01
5.246382e+05	-1.824691e+01
5.276685e+05	-1.875247e+01
5.307163e+05	-1.920547e+01
5.337817e+05	-1.959533e+01
5.368648e+05	-1.993378e+01
5.399657e+05	-2.021290e+01
5.430845e+05	-2.043468e+01
5.462214e+05	-2.064560e+01
5.493763e+05	-2.077612e+01
5.525495e+05	-2.086392e+01
5.557410e+05	-2.094086e+01
5.589509e+05	-2.093596e+01
5.621794e+05	-2.090291e+01
5.654265e+05	-2.080790e+01
5.686924e+05	-2.064613e+01
5.719772e+05	-2.045847e+01
5.752809e+05	-2.019568e+01
5.786037e+05	-1.986659e+01
5.819457e+05	-1.949008e+01
5.853070e+05	-1.898670e+01
5.886877e+05	-1.842466e+01
5.920879e+05	-1.773867e+01
5.955078e+05	-1.692065e+01
5.989474e+05	-1.592962e+01
6.024069e+05	-1.476493e+01
6.058864e+05	-1.332437e+01
6.093860e+05	-1.153162e+01
6.129058e+05	-9.164605e+00
6.164459e+05	-5.994646e+00
6.200064e+05	-1.879950e+00
6.235876e+05	-5.239253e-01
6.271894e+05	-4.508143e+00
6.308120e+05	-8.229669e+00
6.344555e+05	-1.103036e+01
6.381201e+05	-1.317130e+01
6.418059e+05	-1.485301e+01
6.455129e+05	-1.625379e+01
6.492414e+05	-1.738229e+01
6.529914e+05	-1.837203e+01
6.567630e+05	-1.919471e+01
6.605565e+05	-1.986759e+01
6.643718e+05	-2.043206e+01
6.682092e+05	-2.091474e+01
6.720688e+05	-2.129338e+01
6.759506e+05	-2.156050e+01
6.798549e+05	-2.176300e+01
6.837817e+05	-2.183992e+01
6.877312e+05	-2.187087e+01
6.917035e+05	-2.181302e+01
6.956987e+05	-2.162844e+01
6.997171e+05	-2.135450e+01
7.037586e+05	-2.094899e+01
7.078235e+05	-2.040349e+01
7.119118e+05	-1.972603e+01
7.160238e+05	-1.885840e+01
7.201595e+05	-1.777277e+01
7.243191e+05	-1.637235e+01
7.285028e+05	-1.454421e+01
7.327106e+05	-1.204225e+01
7.369427e+05	-8.452570e+00
7.411992e+05	-2.873969e+00
7.454804e+05	-1.233876e+00
7.497862e+05	-7.353702e+00
7.541170e+05	-1.152260e+01
7.584727e+05	-1.437316e+01
7.628536e+05	-1.645591e+01
7.672598e+05	-1.802529e+01
7.716915e+05	-1.928334e+01
7.761488e+05	-2.029063e+01
7.806318e+05	-2.101403e+01
7.851407e+05	-2.156392e+01
7.896756e+05	-2.196467e+01
7.942367e+05	-2.214935e+01
7.988242e+05	-2.219065e+01
8.034382e+05	-2.202978e+01
8.080788e+05	-2.170556e+01
8.127463e+05	-2.113399e+01
8.174406e+05	-2.031858e+01
8.221621e+05	-1.913670e+01
8.269109e+05	-1.751463e+01
8.316871e+05	-1.522611e+01
8.364909e+05	-1.172549e+01
8.413225e+05	-5.643807e+00
8.461819e+05	-1.468547e+00
8.510694e+05	-9.589814e+00
8.559852e+05	-1.428168e+01
8.609293e+05	-1.726575e+01
8.659020e+05	-1.935523e+01
8.709034e+05	-2.087344e+01
8.759337e+05	-2.198241e+01
8.809931e+05	-2.273502e+01
8.860816e+05	-2.318712e+01
8.911996e+05	-2.333300e+01
8.963471e+05	-2.317984e+01
9.015244e+05	-2.273111e+01
9.067316e+05	-2.182073e+01
9.119688e+05	-2.044326e+01
9.172363e+05	-1.829685e+01
9.225342e+05	-1.479275e+01
9.278628e+05	-8.102764e+00
9.332221e+05	-2.503092e+00
9.386123e+05	-1.284379e+01
9.440337e+05	-1.760723e+01
9.494864e+05	-2.047687e+01
9.549706e+05	-2.234426e+01
9.604865e+05	-2.353910e+01
9.660342e+05	-2.418002e+01
9.716140e+05	-2.434709e+01
9.772260e+05	-2.393320e+01
9.828704e+05	-2.288445e+01
9.885474e+05	-2.096649e+01
9.942572e+05	-1.748771e+01
1.000000e+06	-9.982134e+00
