Frequency(Hz)	Magnitude(dB)
1.000000e+01	-5.599098e-03
1.005776e+01	-6.764380e-03
1.011585e+01	-1.072015e-02
1.017428e+01	-4.227713e-03
1.023305e+01	-1.092335e-02
1.029215e+01	1.541450e-02
1.035160e+01	4.501675e-03
1.041139e+01	-5.443941e-03
1.047153e+01	-1.271619e-04
1.053201e+01	1.402024e-02
1.059284e+01	-3.801175e-03
1.065403e+01	-3.474031e-03
1.071556e+01	-4.522470e-03
1.077746e+01	1.858681e-02
1.083971e+01	-1.217973e-02
1.090232e+01	9.035529e-03
1.096529e+01	1.006212e-02
1.102862e+01	-3.977228e-03
1.109232e+01	4.590124e-03
1.115639e+01	-1.111952e-02
1.122083e+01	-4.151033e-03
1.128564e+01	2.217722e-04
1.135083e+01	-9.795894e-03
1.141639e+01	1.382499e-02
1.148233e+01	-5.685322e-03
1.154865e+01	-1.013174e-02
1.161536e+01	-1.783359e-02
1.168245e+01	-9.765647e-03
1.174992e+01	1.705072e-02
1.181779e+01	-1.565378e-02
1.188605e+01	-6.360667e-03
1.195470e+01	5.839019e-03
1.202375e+01	8.444512e-03
1.209320e+01	3.340360e-03
1.216305e+01	-1.004923e-03
1.223330e+01	-3.999668e-03
1.230396e+01	-5.040996e-03
1.237503e+01	-2.001102e-03
1.244651e+01	2.270100e-02
1.251840e+01	8.939767e-03
1.259070e+01	-1.459433e-02
1.266343e+01	1.538216e-02
1.273657e+01	-9.623065e-03
1.281014e+01	-4.662994e-03
1.288413e+01	8.188359e-03
1.295855e+01	-3.895029e-03
1.303339e+01	8.493027e-03
1.310867e+01	1.420479e-02
1.318439e+01	-6.302451e-03
1.326054e+01	3.722088e-03
1.333713e+01	-1.952770e-02
1.341417e+01	2.214043e-03
1.349165e+01	1.509904e-03
1.356958e+01	-1.536077e-02
1.364795e+01	-1.092628e-03
1.372678e+01	-8.050224e-03
1.380607e+01	5.121381e-03
1.388581e+01	-4.948344e-03
1.396602e+01	-8.025088e-04
1.404668e+01	-7.061251e-03
1.412782e+01	-5.122408e-03
1.420942e+01	-4.943548e-03
1.429149e+01	-1.028621e-03
1.437404e+01	1.296700e-02
1.445706e+01	-1.098959e-03
1.454057e+01	-4.973469e-03
1.462455e+01	-9.243853e-03
1.470902e+01	-3.825487e-03
1.479398e+01	7.849946e-03
1.487943e+01	3.544274e-03
1.496537e+01	8.094508e-03
1.505181e+01	-8.195741e-03
1.513875e+01	1.668916e-02
1.522619e+01	1.048069e-02
1.531414e+01	-8.075745e-03
1.540259e+01	-4.447637e-03
1.549156e+01	-1.128708e-02
1.558103e+01	6.974422e-03
1.567103e+01	2.262047e-02
1.576155e+01	-5.496376e-03
1.585258e+01	2.110685e-02
1.594415e+01	-1.917418e-03
1.603624e+01	-1.108562e-02
1.612886e+01	1.516464e-03
1.622202e+01	-1.513242e-02
1.631572e+01	9.298429e-03
1.640996e+01	-1.193081e-02
1.650474e+01	-1.173361e-02
1.660008e+01	-4.757480e-03
1.669596e+01	-4.784772e-03
1.679239e+01	1.421666e-02
1.688938e+01	-3.501398e-03
1.698694e+01	-8.938314e-04
1.708505e+01	2.248398e-02
1.718373e+01	1.102971e-02
1.728299e+01	-4.199554e-03
1.738281e+01	-2.568075e-02
1.748322e+01	-1.005950e-02
1.758420e+01	1.996426e-02
1.768576e+01	4.839555e-03
1.778792e+01	-1.176725e-02
1.789066e+01	-1.530389e-02
1.799399e+01	-7.276186e-03
1.809793e+01	7.471091e-03
1.820246e+01	-7.578033e-03
1.830760e+01	-1.684394e-02
1.841334e+01	2.479545e-02
1.851969e+01	1.697367e-02
1.862666e+01	6.225813e-03
1.873425e+01	1.914828e-02
1.884246e+01	-2.809348e-03
1.895129e+01	5.714600e-04
1.906075e+01	-9.277278e-03
1.917085e+01	-2.244697e-02
1.928158e+01	-1.011081e-02
1.939295e+01	4.464442e-04
1.950496e+01	4.247366e-03
1.961762e+01	5.672780e-03
1.973093e+01	-1.116061e-02
1.984490e+01	4.016358e-03
1.995952e+01	-5.317216e-03
2.007480e+01	-1.008883e-02
2.019076e+01	2.655299e-02
2.030738e+01	-7.440544e-03
2.042467e+01	2.956711e-03
2.054264e+01	-7.168101e-04
2.066130e+01	2.708077e-04
2.078064e+01	-8.280840e-03
2.090066e+01	-2.532558e-03
2.102139e+01	-1.633793e-02
2.114280e+01	1.101230e-02
2.126492e+01	-5.403333e-03
2.138775e+01	-1.950111e-02
2.151128e+01	6.256285e-03
2.163553e+01	-1.109595e-02
2.176050e+01	-1.051262e-03
2.188619e+01	4.847072e-03
2.201260e+01	-9.356809e-03
2.213974e+01	-6.719267e-03
2.226762e+01	5.101165e-05
2.239624e+01	5.365097e-03
2.252560e+01	7.756216e-03
2.265571e+01	-3.181392e-03
2.278656e+01	-8.288597e-04
2.291818e+01	1.564185e-03
2.305055e+01	-1.082091e-03
2.318369e+01	-3.016253e-03
2.331760e+01	5.916589e-04
2.345228e+01	1.060016e-02
2.358774e+01	-6.475337e-03
2.372398e+01	1.463383e-02
2.386101e+01	8.062202e-03
2.399883e+01	-1.424824e-02
2.413745e+01	-1.671436e-03
2.427686e+01	2.080346e-02
2.441709e+01	1.360083e-02
2.455812e+01	-6.356469e-03
2.469997e+01	1.794456e-02
2.484263e+01	3.403848e-03
2.498612e+01	3.218903e-03
2.513044e+01	-1.647110e-03
2.527559e+01	1.463842e-02
2.542158e+01	2.815379e-03
2.556842e+01	8.127826e-03
2.571610e+01	-1.009400e-02
2.586463e+01	5.830503e-03
2.601403e+01	8.863014e-03
2.616428e+01	1.725493e-02
2.631541e+01	-2.093158e-02
2.646740e+01	-6.264353e-03
2.662028e+01	8.105666e-03
2.677404e+01	-4.260321e-03
2.692868e+01	1.857107e-02
2.708422e+01	5.896532e-03
2.724066e+01	1.987272e-03
2.739800e+01	1.862239e-02
2.755625e+01	1.159583e-02
2.771541e+01	4.071501e-03
2.787550e+01	-1.325466e-02
2.803650e+01	-8.138431e-03
2.819844e+01	3.813123e-04
2.836131e+01	2.298868e-03
2.852513e+01	-1.261693e-02
2.868989e+01	-2.637116e-03
2.885560e+01	-2.075594e-02
2.902227e+01	4.811093e-03
2.918990e+01	-1.342630e-02
2.935850e+01	1.219162e-02
2.952807e+01	-3.043742e-03
2.969863e+01	6.583346e-03
2.987016e+01	-1.064749e-02
3.004269e+01	8.082662e-03
3.021622e+01	-7.744837e-03
3.039075e+01	3.146401e-03
3.056628e+01	-6.981610e-03
3.074283e+01	-7.682004e-04
3.092040e+01	5.101305e-03
3.109900e+01	-3.172483e-03
3.127862e+01	2.098198e-02
3.145929e+01	7.576676e-03
3.164099e+01	-1.158723e-02
3.182375e+01	1.562407e-03
3.200756e+01	5.584431e-03
3.219244e+01	-1.013837e-02
3.237838e+01	-4.410628e-03
3.256540e+01	-1.537869e-03
3.275349e+01	-1.276356e-02
3.294268e+01	-1.871024e-03
3.313295e+01	-1.095284e-02
3.332433e+01	-3.874944e-03
3.351681e+01	-6.103709e-03
3.371040e+01	1.864050e-02
3.390511e+01	1.369382e-03
3.410094e+01	5.606294e-03
3.429791e+01	-8.624021e-04
3.449601e+01	-5.708612e-03
3.469526e+01	5.594464e-03
3.489566e+01	1.932417e-02
3.509721e+01	-2.914525e-03
3.529993e+01	5.533515e-04
3.550382e+01	1.594268e-03
3.570889e+01	-3.480314e-03
3.591515e+01	7.094574e-03
3.612259e+01	4.212976e-03
3.633123e+01	8.628413e-03
3.654108e+01	-6.394510e-03
3.675214e+01	-2.708966e-03
3.696442e+01	1.189614e-03
3.717792e+01	1.023413e-02
3.739266e+01	-1.587434e-02
3.760864e+01	-5.484380e-03
3.782587e+01	1.901845e-02
3.804435e+01	1.347377e-03
3.826409e+01	-1.391104e-02
3.848510e+01	-3.346881e-02
3.870739e+01	9.588226e-03
3.893096e+01	-1.461958e-02
3.915583e+01	-6.803455e-03
3.938199e+01	1.029874e-02
3.960946e+01	-2.686951e-03
3.983824e+01	2.112775e-02
4.006834e+01	1.140394e-02
4.029978e+01	-4.657647e-03
4.053255e+01	3.891579e-03
4.076666e+01	3.390012e-04
4.100213e+01	6.890940e-03
4.123896e+01	3.118891e-03
4.147715e+01	1.405599e-02
4.171672e+01	-6.456124e-03
4.195767e+01	1.361358e-03
4.220002e+01	9.240634e-03
4.244377e+01	2.704738e-04
4.268892e+01	1.325140e-02
4.293549e+01	-1.593851e-02
4.318348e+01	2.639028e-03
4.343291e+01	1.919258e-02
4.368377e+01	2.246819e-02
4.393609e+01	6.029669e-03
4.418986e+01	-1.119789e-02
4.444510e+01	-5.357530e-03
4.470182e+01	4.811632e-03
4.496001e+01	1.699265e-02
4.521970e+01	-2.862234e-03
4.548089e+01	-1.905755e-03
4.574358e+01	1.089111e-02
4.600779e+01	-3.645824e-02
4.627353e+01	1.366005e-02
4.654081e+01	2.397841e-03
4.680963e+01	3.393316e-03
4.708000e+01	2.303516e-03
4.735193e+01	-3.156723e-03
4.762543e+01	-8.899038e-03
4.790051e+01	8.058816e-03
4.817719e+01	-4.902279e-03
4.845545e+01	1.850894e-02
4.873533e+01	1.005165e-02
4.901682e+01	-1.190612e-03
4.929994e+01	5.501053e-03
4.958470e+01	-5.068367e-03
4.987110e+01	-2.367586e-03
5.015915e+01	6.789549e-03
5.044887e+01	2.212278e-02
5.074026e+01	1.478919e-02
5.103333e+01	7.311336e-03
5.132810e+01	-1.998528e-02
5.162457e+01	1.382261e-03
5.192275e+01	9.546798e-03
5.222265e+01	-1.935881e-02
5.252429e+01	8.721895e-03
5.282767e+01	-9.492567e-03
5.313280e+01	3.794690e-03
5.343969e+01	-1.887767e-03
5.374836e+01	1.050667e-03
5.405880e+01	-1.007303e-03
5.437105e+01	8.195557e-03
5.468509e+01	-6.347222e-03
5.500095e+01	-2.389030e-02
5.531863e+01	-4.075195e-03
5.563815e+01	1.243408e-02
5.595951e+01	-1.089528e-02
5.628273e+01	-2.139718e-04
5.660782e+01	1.212445e-02
5.693479e+01	-3.450880e-03
5.726364e+01	8.554757e-03
5.759439e+01	1.557490e-03
5.792705e+01	9.120162e-04
5.826164e+01	8.521353e-03
5.859815e+01	1.680890e-03
5.893662e+01	-5.380031e-03
5.927703e+01	-1.125896e-03
5.961941e+01	-1.013782e-02
5.996377e+01	-1.130769e-02
6.031012e+01	-5.232144e-03
6.065847e+01	-9.690096e-03
6.100883e+01	5.373064e-03
6.136121e+01	9.541573e-03
6.171563e+01	-6.549221e-03
6.207210e+01	1.459976e-02
6.243063e+01	-5.779994e-03
6.279122e+01	8.636024e-03
6.315390e+01	6.687215e-03
6.351868e+01	6.336326e-04
6.388556e+01	-3.873384e-03
6.425456e+01	1.930684e-03
6.462569e+01	-4.416653e-03
6.499897e+01	-1.752959e-02
6.537440e+01	1.211223e-02
6.575200e+01	-8.970481e-03
6.613178e+01	2.179323e-02
6.651375e+01	2.856714e-03
6.689793e+01	5.281022e-03
6.728433e+01	1.184710e-02
6.767297e+01	-6.865670e-03
6.806384e+01	5.425843e-03
6.845698e+01	-9.853028e-03
6.885238e+01	-1.797665e-02
6.925007e+01	5.484618e-03
6.965005e+01	1.140086e-02
7.005235e+01	-1.571863e-03
7.045697e+01	2.740294e-03
7.086393e+01	-1.257908e-02
7.127323e+01	1.721107e-02
7.168490e+01	2.212924e-03
7.209895e+01	4.510651e-03
7.251539e+01	-9.162071e-03
7.293424e+01	2.540103e-03
7.335551e+01	-2.257816e-03
7.377920e+01	5.545530e-03
7.420535e+01	1.199727e-02
7.463396e+01	-1.569582e-02
7.506504e+01	-3.203903e-03
7.549861e+01	-1.012949e-02
7.593469e+01	-1.028179e-03
7.637328e+01	9.615744e-03
7.681441e+01	-4.441364e-03
7.725809e+01	1.464562e-03
7.770433e+01	3.031173e-03
7.815315e+01	2.841609e-03
7.860456e+01	-1.723277e-02
7.905857e+01	-7.615964e-03
7.951521e+01	-3.859247e-03
7.997449e+01	3.976417e-03
8.043642e+01	1.357471e-04
8.090102e+01	1.585374e-02
8.136830e+01	1.039414e-03
8.183828e+01	-1.679144e-02
8.231097e+01	3.249189e-03
8.278640e+01	-1.231373e-02
8.326457e+01	-1.581005e-02
8.374550e+01	8.451567e-03
8.422921e+01	-1.147014e-03
8.471572e+01	1.794407e-03
8.520503e+01	-7.290736e-03
8.569717e+01	-1.105797e-02
8.619215e+01	8.764019e-03
8.669000e+01	-7.173773e-03
8.719071e+01	-2.978812e-02
8.769432e+01	3.999044e-03
8.820084e+01	1.692102e-02
8.871029e+01	-2.422873e-03
8.922267e+01	-7.814869e-03
8.973802e+01	-1.805018e-03
9.025634e+01	1.068094e-03
9.077766e+01	1.022659e-02
9.130199e+01	-7.987224e-03
9.182935e+01	1.237501e-02
9.235975e+01	-1.045337e-02
9.289321e+01	-1.403170e-02
9.342976e+01	-2.192896e-02
9.396941e+01	2.325106e-03
9.451217e+01	-6.247281e-03
9.505807e+01	7.191911e-03
9.560712e+01	2.598461e-03
9.615934e+01	-1.094665e-02
9.671476e+01	7.133719e-03
9.727338e+01	7.931605e-03
9.783522e+01	8.232007e-03
9.840032e+01	-8.640579e-03
9.896867e+01	-2.357283e-03
9.954031e+01	-9.007614e-03
1.001153e+02	-5.415017e-03
1.006935e+02	1.357584e-02
1.012751e+02	-8.529341e-03
1.018601e+02	6.872650e-03
1.024484e+02	-1.311525e-02
1.030402e+02	1.993330e-03
1.036353e+02	-9.256813e-03
1.042339e+02	-7.642528e-03
1.048360e+02	-2.011315e-02
1.054415e+02	8.781631e-03
1.060505e+02	-1.316723e-03
1.066631e+02	-4.509123e-03
1.072791e+02	5.292663e-03
1.078988e+02	-9.324700e-03
1.085220e+02	5.303097e-03
1.091488e+02	-1.351278e-03
1.097793e+02	3.295059e-03
1.104133e+02	8.779875e-03
1.110511e+02	-1.149605e-02
1.116925e+02	-1.707818e-02
1.123376e+02	-1.199857e-02
1.129865e+02	-1.039885e-03
1.136391e+02	4.011087e-03
1.142955e+02	2.889743e-03
1.149556e+02	-5.996078e-03
1.156196e+02	7.832806e-03
1.162874e+02	-4.160444e-03
1.169591e+02	-1.605390e-02
1.176347e+02	-1.421675e-02
1.183141e+02	-8.404338e-03
1.189975e+02	-1.362287e-02
1.196848e+02	-4.043746e-03
1.203761e+02	-8.627840e-03
1.210714e+02	-2.310276e-03
1.217707e+02	-5.341515e-03
1.224740e+02	-2.392062e-03
1.231814e+02	2.615660e-04
1.238929e+02	-1.270973e-03
1.246085e+02	7.267125e-04
1.253283e+02	-1.137071e-02
1.260522e+02	-7.513526e-03
1.267802e+02	-7.131315e-03
1.275125e+02	-2.080337e-02
1.282490e+02	4.022617e-03
1.289898e+02	7.086231e-03
1.297348e+02	6.900664e-03
1.304842e+02	2.733963e-03
1.312378e+02	3.291724e-03
1.319959e+02	-4.541149e-03
1.327583e+02	1.318231e-02
1.335251e+02	-6.996114e-03
1.342963e+02	-9.421221e-03
1.350720e+02	-6.842628e-03
1.358522e+02	1.409736e-02
1.366368e+02	4.847344e-03
1.374260e+02	9.383990e-04
1.382198e+02	-9.537863e-03
1.390182e+02	-5.842844e-03
1.398211e+02	1.738824e-02
1.406287e+02	-7.025222e-03
1.414410e+02	4.946777e-03
1.422579e+02	-1.364489e-03
1.430796e+02	2.800184e-03
1.439060e+02	8.845279e-03
1.447372e+02	-5.227061e-03
1.455732e+02	8.733478e-03
1.464141e+02	-4.230882e-03
1.472597e+02	1.298592e-03
1.481103e+02	-3.088454e-02
1.489658e+02	-1.405500e-02
1.498262e+02	3.583026e-04
1.506916e+02	-1.188723e-02
1.515620e+02	9.838936e-03
1.524374e+02	1.044037e-02
1.533179e+02	-1.886557e-03
1.542034e+02	-1.784430e-03
1.550941e+02	-1.808708e-02
1.559899e+02	-1.502013e-02
1.568909e+02	-7.848870e-03
1.577971e+02	-1.688707e-02
1.587085e+02	-2.521492e-03
1.596252e+02	-1.939359e-02
1.605472e+02	1.721553e-03
1.614745e+02	-1.895955e-03
1.624072e+02	-5.914277e-03
1.633453e+02	-6.240250e-03
1.642887e+02	-2.265604e-03
1.652377e+02	5.470913e-03
1.661921e+02	-4.688389e-03
1.671520e+02	-1.604115e-02
1.681175e+02	-1.006339e-02
1.690885e+02	-6.557352e-03
1.700651e+02	-1.034107e-02
1.710474e+02	-1.328620e-02
1.720354e+02	-2.291621e-02
1.730291e+02	-1.576758e-03
1.740285e+02	-8.385741e-03
1.750337e+02	-2.064744e-02
1.760446e+02	-1.698613e-02
1.770615e+02	-8.169374e-03
1.780842e+02	-3.636531e-04
1.791128e+02	-1.384300e-02
1.801473e+02	6.596022e-03
1.811878e+02	-5.355627e-03
1.822344e+02	-1.006489e-03
1.832870e+02	-9.615883e-03
1.843456e+02	-6.647109e-03
1.854104e+02	-8.735665e-03
1.864813e+02	-1.876134e-04
1.875584e+02	8.558828e-03
1.886418e+02	-2.464141e-03
1.897313e+02	-4.472262e-03
1.908272e+02	-1.235987e-02
1.919294e+02	1.594529e-02
1.930380e+02	2.452104e-04
1.941530e+02	-1.073092e-02
1.952744e+02	4.566824e-03
1.964023e+02	-2.694803e-03
1.975367e+02	1.587872e-03
1.986777e+02	-2.873237e-03
1.998252e+02	-1.079724e-03
2.009794e+02	-1.151109e-03
2.021403e+02	-1.664276e-02
2.033078e+02	-9.352225e-03
2.044821e+02	-1.249698e-02
2.056632e+02	3.603580e-03
2.068511e+02	-4.497993e-03
2.080459e+02	-1.029384e-02
2.092475e+02	-1.605574e-02
2.104561e+02	-1.820980e-02
2.116717e+02	-1.530814e-02
2.128943e+02	3.650005e-03
2.141240e+02	-4.312927e-03
2.153608e+02	-8.985037e-03
2.166047e+02	-1.754622e-03
2.178558e+02	-2.662311e-03
2.191141e+02	-2.917428e-04
2.203797e+02	-9.701830e-03
2.216526e+02	-2.201569e-03
2.229329e+02	4.269872e-03
2.242205e+02	-9.004434e-03
2.255156e+02	-1.483943e-02
2.268182e+02	-2.494300e-02
2.281283e+02	-5.046262e-03
2.294459e+02	-3.313899e-03
2.307712e+02	-1.122403e-02
2.321041e+02	-1.406814e-02
2.334447e+02	-9.494574e-03
2.347931e+02	-1.352213e-02
2.361493e+02	-8.558579e-03
2.375133e+02	5.731298e-03
2.388851e+02	-1.018916e-02
2.402649e+02	6.534329e-04
2.416527e+02	-1.783436e-02
2.430484e+02	-8.454405e-03
2.444523e+02	-1.122002e-02
2.458642e+02	-1.879915e-02
2.472843e+02	-1.063013e-02
2.487126e+02	-1.952371e-04
2.501492e+02	-7.231739e-03
2.515940e+02	-2.944219e-03
2.530472e+02	-5.029207e-03
2.545088e+02	-4.238118e-03
2.559789e+02	-4.177073e-02
2.574574e+02	-1.178945e-02
2.589444e+02	7.518040e-03
2.604401e+02	-3.062863e-02
2.619444e+02	-2.093363e-03
2.634574e+02	3.675964e-03
2.649791e+02	-5.282133e-03
2.665096e+02	-1.623956e-02
2.680489e+02	-1.594117e-02
2.695972e+02	1.097695e-02
2.711544e+02	-8.339649e-03
2.727205e+02	-1.680553e-02
2.742958e+02	-7.410237e-03
2.758801e+02	-8.669632e-03
2.774736e+02	-4.095237e-03
2.790762e+02	-1.903694e-02
2.806882e+02	-8.615171e-03
2.823094e+02	-1.112904e-05
2.839400e+02	-1.932712e-03
2.855800e+02	-1.097337e-02
2.872295e+02	-1.693989e-02
2.888886e+02	1.938476e-03
2.905572e+02	-1.694965e-02
2.922354e+02	-2.025987e-02
2.939234e+02	-8.824056e-03
2.956211e+02	-1.554097e-02
2.973286e+02	-1.071434e-02
2.990459e+02	4.098491e-04
3.007732e+02	-1.887719e-02
3.025104e+02	-9.411462e-03
3.042577e+02	-2.713373e-02
3.060151e+02	-5.046070e-03
3.077826e+02	-2.215219e-02
3.095604e+02	8.377239e-03
3.113484e+02	2.916863e-03
3.131467e+02	-2.341565e-02
3.149554e+02	-2.922397e-02
3.167746e+02	-5.536737e-03
3.186043e+02	-3.817340e-02
3.204445e+02	-6.914076e-03
3.222954e+02	-1.162378e-02
3.241570e+02	-2.544514e-02
3.260293e+02	-3.173057e-02
3.279124e+02	-2.497544e-02
3.298064e+02	-2.643818e-02
3.317114e+02	-1.814706e-02
3.336273e+02	-6.108114e-03
3.355544e+02	-1.765072e-02
3.374925e+02	-1.231258e-02
3.394418e+02	-1.865024e-02
3.414024e+02	-1.236289e-02
3.433744e+02	-9.763895e-03
3.453577e+02	2.760075e-04
3.473525e+02	-2.453871e-02
3.493588e+02	-2.693440e-02
3.513766e+02	-3.098542e-02
3.534062e+02	-3.004173e-02
3.554474e+02	-1.568274e-02
3.575005e+02	-3.392039e-02
3.595654e+02	-2.004530e-02
3.616422e+02	-2.915466e-02
3.637311e+02	-2.526559e-02
3.658320e+02	-2.362756e-02
3.679450e+02	-7.976197e-03
3.700702e+02	-2.616454e-02
3.722077e+02	-3.119018e-02
3.743576e+02	-1.905217e-02
3.765199e+02	-1.812890e-02
3.786946e+02	-1.456839e-02
3.808820e+02	-2.679108e-02
3.830819e+02	-2.753693e-02
3.852946e+02	-3.021699e-02
3.875200e+02	-1.635260e-02
3.897583e+02	-3.503651e-02
3.920096e+02	-2.707667e-02
3.942738e+02	-3.508201e-02
3.965511e+02	-2.008032e-02
3.988416e+02	-3.272123e-02
4.011452e+02	-4.498730e-02
4.034622e+02	-2.193089e-02
4.057926e+02	-3.308812e-02
4.081365e+02	-1.357613e-02
4.104938e+02	-1.911309e-02
4.128648e+02	-1.793882e-02
4.152495e+02	-2.899808e-02
4.176480e+02	-3.630727e-02
4.200603e+02	-3.680528e-02
4.224866e+02	-2.955222e-02
4.249268e+02	-3.284354e-02
4.273812e+02	-3.313681e-02
4.298497e+02	-5.173960e-02
4.323325e+02	-2.969278e-02
4.348297e+02	-2.294536e-02
4.373412e+02	-3.691801e-02
4.398673e+02	-1.519596e-02
4.424079e+02	-3.112571e-02
4.449633e+02	-5.171286e-02
4.475334e+02	-2.072975e-02
4.501183e+02	-5.513732e-02
4.527182e+02	-4.728769e-02
4.553330e+02	-3.340725e-02
4.579630e+02	-4.457713e-02
4.606082e+02	-3.303639e-02
4.632687e+02	-3.589287e-02
4.659445e+02	-4.362596e-02
4.686358e+02	-4.439458e-02
4.713426e+02	-3.025299e-02
4.740650e+02	-4.139185e-02
4.768032e+02	-5.273297e-02
4.795572e+02	-3.882892e-02
4.823271e+02	-4.951121e-02
4.851130e+02	-3.976107e-02
4.879150e+02	-4.808150e-02
4.907332e+02	-3.699778e-02
4.935676e+02	-4.466703e-02
4.964185e+02	-4.304716e-02
4.992858e+02	-4.902756e-02
5.021696e+02	-4.592740e-02
5.050701e+02	-3.982446e-02
5.079874e+02	-4.408086e-02
5.109215e+02	-5.014694e-02
5.138726e+02	-4.317456e-02
5.168407e+02	-3.839670e-02
5.198259e+02	-3.353798e-02
5.228284e+02	-4.067815e-02
5.258482e+02	-5.916784e-02
5.288855e+02	-4.948635e-02
5.319403e+02	-4.917507e-02
5.350128e+02	-5.598648e-02
5.381030e+02	-3.755650e-02
5.412111e+02	-4.561664e-02
5.443371e+02	-4.751687e-02
5.474812e+02	-5.164134e-02
5.506434e+02	-6.065168e-02
5.538239e+02	-4.199344e-02
5.570228e+02	-6.240324e-02
5.602401e+02	-6.321217e-02
5.634760e+02	-5.386727e-02
5.667306e+02	-6.432100e-02
5.700040e+02	-6.310343e-02
5.732964e+02	-5.438585e-02
5.766077e+02	-6.170556e-02
5.799382e+02	-5.487541e-02
5.832879e+02	-5.931892e-02
5.866569e+02	-4.933930e-02
5.900454e+02	-6.393288e-02
5.934535e+02	-6.578371e-02
5.968813e+02	-6.130382e-02
6.003288e+02	-6.467175e-02
6.037963e+02	-6.395588e-02
6.072838e+02	-5.392265e-02
6.107914e+02	-7.726560e-02
6.143194e+02	-6.174889e-02
6.178676e+02	-7.066825e-02
6.214364e+02	-6.668544e-02
6.250258e+02	-5.234294e-02
6.286359e+02	-7.532300e-02
6.322669e+02	-6.253102e-02
6.359189e+02	-5.728411e-02
6.395919e+02	-7.120676e-02
6.432862e+02	-9.084597e-02
6.470017e+02	-7.684241e-02
6.507388e+02	-8.137655e-02
6.544974e+02	-7.577469e-02
6.582778e+02	-6.589120e-02
6.620800e+02	-8.235406e-02
6.659041e+02	-8.344048e-02
6.697504e+02	-7.136696e-02
6.736188e+02	-9.620664e-02
6.775096e+02	-6.487937e-02
6.814229e+02	-9.671712e-02
6.853587e+02	-9.738313e-02
6.893173e+02	-9.583563e-02
6.932988e+02	-9.750265e-02
6.973033e+02	-8.015275e-02
7.013309e+02	-7.349686e-02
7.053817e+02	-8.505536e-02
7.094560e+02	-9.119869e-02
7.135538e+02	-9.418080e-02
7.176752e+02	-8.684389e-02
7.218205e+02	-9.016375e-02
7.259897e+02	-9.461675e-02
7.301830e+02	-8.441667e-02
7.344005e+02	-8.595669e-02
7.386424e+02	-1.133041e-01
7.429087e+02	-9.726330e-02
7.471998e+02	-1.083373e-01
7.515155e+02	-9.037959e-02
7.558563e+02	-9.565304e-02
7.602221e+02	-9.197450e-02
7.646131e+02	-9.301449e-02
7.690295e+02	-9.215922e-02
7.734713e+02	-9.903963e-02
7.779389e+02	-1.062738e-01
7.824322e+02	-1.025590e-01
7.869515e+02	-1.007361e-01
7.914969e+02	-9.964605e-02
7.960686e+02	-1.024108e-01
8.006666e+02	-1.014027e-01
8.052912e+02	-1.085896e-01
8.099426e+02	-1.094155e-01
8.146208e+02	-1.153131e-01
8.193260e+02	-1.079525e-01
8.240584e+02	-1.154117e-01
8.288181e+02	-1.207010e-01
8.336053e+02	-1.223422e-01
8.384202e+02	-1.218874e-01
8.432629e+02	-1.087182e-01
8.481335e+02	-1.233681e-01
8.530323e+02	-1.287472e-01
8.579594e+02	-1.129605e-01
8.629149e+02	-1.399610e-01
8.678991e+02	-1.307698e-01
8.729120e+02	-1.225167e-01
8.779539e+02	-1.321743e-01
8.830250e+02	-1.312548e-01
8.881253e+02	-1.176559e-01
8.932551e+02	-1.238003e-01
8.984145e+02	-1.398217e-01
9.036037e+02	-1.475879e-01
9.088229e+02	-1.492352e-01
9.140722e+02	-1.314015e-01
9.193518e+02	-1.493176e-01
9.246620e+02	-1.640989e-01
9.300028e+02	-1.572518e-01
9.353744e+02	-1.389445e-01
9.407771e+02	-1.620991e-01
9.462110e+02	-1.528962e-01
9.516763e+02	-1.488578e-01
9.571731e+02	-1.728116e-01
9.627017e+02	-1.580371e-01
9.682622e+02	-1.600292e-01
9.738549e+02	-1.618183e-01
9.794798e+02	-1.638952e-01
9.851373e+02	-1.635166e-01
9.908274e+02	-1.763123e-01
9.965504e+02	-1.734198e-01
1.002306e+03	-1.675429e-01
1.008096e+03	-1.724814e-01
1.013918e+03	-1.713667e-01
1.019775e+03	-1.690420e-01
1.025665e+03	-1.785391e-01
1.031589e+03	-1.794253e-01
1.037548e+03	-1.784441e-01
1.043540e+03	-1.745691e-01
1.049568e+03	-1.826885e-01
1.055630e+03	-1.817779e-01
1.061727e+03	-1.949228e-01
1.067860e+03	-1.844596e-01
1.074028e+03	-2.011905e-01
1.080231e+03	-2.217229e-01
1.086471e+03	-2.090963e-01
1.092746e+03	-1.982602e-01
1.099058e+03	-1.960172e-01
1.105406e+03	-1.907087e-01
1.111791e+03	-2.055703e-01
1.118212e+03	-2.007690e-01
1.124671e+03	-2.158161e-01
1.131167e+03	-2.076974e-01
1.137701e+03	-2.181884e-01
1.144272e+03	-2.131397e-01
1.150881e+03	-2.200463e-01
1.157529e+03	-2.407002e-01
1.164215e+03	-2.235250e-01
1.170939e+03	-2.196755e-01
1.177702e+03	-2.460476e-01
1.184505e+03	-2.506633e-01
1.191346e+03	-2.424795e-01
1.198227e+03	-2.393381e-01
1.205148e+03	-2.430252e-01
1.212109e+03	-2.656681e-01
1.219110e+03	-2.450533e-01
1.226152e+03	-2.552230e-01
1.233234e+03	-2.616130e-01
1.240357e+03	-2.677602e-01
1.247521e+03	-2.424917e-01
1.254727e+03	-2.602584e-01
1.261974e+03	-2.597182e-01
1.269263e+03	-2.719282e-01
1.276595e+03	-2.678148e-01
1.283968e+03	-2.622654e-01
1.291384e+03	-2.794311e-01
1.298843e+03	-2.651665e-01
1.306345e+03	-2.996604e-01
1.313891e+03	-2.920884e-01
1.321480e+03	-2.975087e-01
1.329113e+03	-2.797572e-01
1.336790e+03	-2.978359e-01
1.344511e+03	-2.952025e-01
1.352277e+03	-2.961800e-01
1.360087e+03	-3.149063e-01
1.367943e+03	-3.134499e-01
1.375844e+03	-2.956593e-01
1.383791e+03	-3.134143e-01
1.391784e+03	-3.350399e-01
1.399823e+03	-3.059123e-01
1.407908e+03	-3.360348e-01
1.416040e+03	-3.571136e-01
1.424219e+03	-3.303178e-01
1.432445e+03	-3.394425e-01
1.440719e+03	-3.412829e-01
1.449041e+03	-3.484978e-01
1.457410e+03	-3.654733e-01
1.465828e+03	-3.439166e-01
1.474295e+03	-3.587647e-01
1.482810e+03	-3.621746e-01
1.491375e+03	-3.776909e-01
1.499989e+03	-3.735941e-01
1.508653e+03	-3.860260e-01
1.517367e+03	-3.749791e-01
1.526131e+03	-3.887634e-01
1.534946e+03	-3.940748e-01
1.543812e+03	-3.976681e-01
1.552729e+03	-4.102421e-01
1.561697e+03	-4.047424e-01
1.570717e+03	-3.994636e-01
1.579790e+03	-4.135581e-01
1.588915e+03	-4.246185e-01
1.598092e+03	-4.125955e-01
1.607323e+03	-4.135991e-01
1.616606e+03	-4.369981e-01
1.625944e+03	-4.537220e-01
1.635335e+03	-4.310100e-01
1.644781e+03	-4.323175e-01
1.654281e+03	-4.319305e-01
1.663836e+03	-4.486225e-01
1.673446e+03	-4.494512e-01
1.683112e+03	-4.704316e-01
1.692834e+03	-4.787561e-01
1.702611e+03	-4.767294e-01
1.712446e+03	-4.745464e-01
1.722337e+03	-4.899071e-01
1.732285e+03	-4.875143e-01
1.742290e+03	-5.073885e-01
1.752354e+03	-4.900695e-01
1.762475e+03	-5.116573e-01
1.772655e+03	-5.036656e-01
1.782894e+03	-5.069791e-01
1.793192e+03	-5.269729e-01
1.803549e+03	-5.243925e-01
1.813967e+03	-5.261547e-01
1.824444e+03	-5.447685e-01
1.834982e+03	-5.448689e-01
1.845581e+03	-5.514038e-01
1.856241e+03	-5.502713e-01
1.866962e+03	-5.498592e-01
1.877746e+03	-5.665502e-01
1.888592e+03	-5.717676e-01
1.899500e+03	-5.742501e-01
1.910472e+03	-5.780336e-01
1.921506e+03	-5.965495e-01
1.932605e+03	-5.901608e-01
1.943768e+03	-6.219720e-01
1.954995e+03	-6.255111e-01
1.966287e+03	-6.239065e-01
1.977644e+03	-6.387445e-01
1.989067e+03	-6.406184e-01
2.000555e+03	-6.614739e-01
2.012110e+03	-6.550716e-01
2.023732e+03	-6.529578e-01
2.035421e+03	-6.498655e-01
2.047178e+03	-6.722009e-01
2.059002e+03	-6.885248e-01
2.070895e+03	-6.870170e-01
2.082856e+03	-6.785353e-01
2.094887e+03	-6.906657e-01
2.106987e+03	-7.158743e-01
2.119157e+03	-7.203477e-01
2.131397e+03	-7.249979e-01
2.143708e+03	-7.360874e-01
2.156090e+03	-7.215785e-01
2.168543e+03	-7.428951e-01
2.181069e+03	-7.551690e-01
2.193666e+03	-7.702564e-01
2.206337e+03	-7.904398e-01
2.219081e+03	-7.815843e-01
2.231898e+03	-7.943585e-01
2.244789e+03	-7.758715e-01
2.257755e+03	-8.071077e-01
2.270796e+03	-8.238810e-01
2.283912e+03	-8.314737e-01
2.297104e+03	-8.007240e-01
2.310372e+03	-8.155577e-01
2.323716e+03	-8.467981e-01
2.337138e+03	-8.689871e-01
2.350637e+03	-8.790669e-01
2.364214e+03	-8.677478e-01
2.377870e+03	-8.960104e-01
2.391604e+03	-8.850668e-01
2.405418e+03	-9.038592e-01
2.419312e+03	-9.071882e-01
2.433286e+03	-9.204029e-01
2.447340e+03	-9.272417e-01
2.461476e+03	-9.433716e-01
2.475693e+03	-9.357405e-01
2.489993e+03	-9.507044e-01
2.504375e+03	-9.714740e-01
2.518840e+03	-9.849067e-01
2.533389e+03	-9.977096e-01
2.548022e+03	-9.890522e-01
2.562739e+03	-1.014252e+00
2.577541e+03	-1.003883e+00
2.592429e+03	-1.041200e+00
2.607403e+03	-1.046189e+00
2.622463e+03	-1.062355e+00
2.637610e+03	-1.055577e+00
2.652845e+03	-1.062708e+00
2.668168e+03	-1.077911e+00
2.683579e+03	-1.104151e+00
2.699079e+03	-1.108673e+00
2.714669e+03	-1.127587e+00
2.730349e+03	-1.138751e+00
2.746119e+03	-1.142855e+00
2.761981e+03	-1.167823e+00
2.777934e+03	-1.154987e+00
2.793979e+03	-1.173767e+00
2.810117e+03	-1.192041e+00
2.826348e+03	-1.211388e+00
2.842673e+03	-1.210489e+00
2.859092e+03	-1.212167e+00
2.875606e+03	-1.244049e+00
2.892215e+03	-1.254498e+00
2.908921e+03	-1.268759e+00
2.925722e+03	-1.285273e+00
2.942621e+03	-1.296667e+00
2.959618e+03	-1.294632e+00
2.976712e+03	-1.296628e+00
2.993906e+03	-1.331293e+00
3.011198e+03	-1.351417e+00
3.028591e+03	-1.348062e+00
3.046084e+03	-1.373350e+00
3.063678e+03	-1.377101e+00
3.081374e+03	-1.383013e+00
3.099172e+03	-1.396643e+00
3.117072e+03	-1.420908e+00
3.135076e+03	-1.442427e+00
3.153184e+03	-1.448279e+00
3.171397e+03	-1.463145e+00
3.189715e+03	-1.474508e+00
3.208139e+03	-1.497966e+00
3.226669e+03	-1.500185e+00
3.245306e+03	-1.530844e+00
3.264051e+03	-1.527117e+00
3.282904e+03	-1.549578e+00
3.301866e+03	-1.566421e+00
3.320937e+03	-1.598294e+00
3.340119e+03	-1.603858e+00
3.359411e+03	-1.619565e+00
3.378815e+03	-1.637777e+00
3.398331e+03	-1.643963e+00
3.417959e+03	-1.660109e+00
3.437701e+03	-1.680347e+00
3.457557e+03	-1.696469e+00
3.477528e+03	-1.727230e+00
3.497614e+03	-1.730413e+00
3.517816e+03	-1.729656e+00
3.538135e+03	-1.767369e+00
3.558571e+03	-1.770770e+00
3.579125e+03	-1.791079e+00
3.599798e+03	-1.815737e+00
3.620590e+03	-1.813674e+00
3.641503e+03	-1.849679e+00
3.662536e+03	-1.878531e+00
3.683691e+03	-1.891595e+00
3.704967e+03	-1.898000e+00
3.726367e+03	-1.894538e+00
3.747890e+03	-1.934188e+00
3.769538e+03	-1.953488e+00
3.791311e+03	-1.959380e+00
3.813209e+03	-1.997067e+00
3.835234e+03	-2.002275e+00
3.857386e+03	-2.021758e+00
3.879667e+03	-2.027952e+00
3.902075e+03	-2.064861e+00
3.924614e+03	-2.089639e+00
3.947282e+03	-2.105307e+00
3.970081e+03	-2.102942e+00
3.993012e+03	-2.125922e+00
4.016076e+03	-2.168709e+00
4.039272e+03	-2.191654e+00
4.062603e+03	-2.188624e+00
4.086069e+03	-2.201962e+00
4.109670e+03	-2.239733e+00
4.133407e+03	-2.249363e+00
4.157281e+03	-2.285249e+00
4.181294e+03	-2.291876e+00
4.205445e+03	-2.315406e+00
4.229735e+03	-2.328702e+00
4.254166e+03	-2.351541e+00
4.278738e+03	-2.393731e+00
4.303451e+03	-2.401693e+00
4.328308e+03	-2.413035e+00
4.353308e+03	-2.446471e+00
4.378453e+03	-2.466173e+00
4.403742e+03	-2.484986e+00
4.429178e+03	-2.505667e+00
4.454761e+03	-2.534120e+00
4.480492e+03	-2.547143e+00
4.506371e+03	-2.560850e+00
4.532399e+03	-2.601775e+00
4.558578e+03	-2.615691e+00
4.584908e+03	-2.664783e+00
4.611391e+03	-2.654958e+00
4.638026e+03	-2.671806e+00
4.664815e+03	-2.706476e+00
4.691759e+03	-2.731986e+00
4.718858e+03	-2.759389e+00
4.746114e+03	-2.790832e+00
4.773527e+03	-2.819195e+00
4.801099e+03	-2.838158e+00
4.828830e+03	-2.867013e+00
4.856721e+03	-2.892956e+00
4.884773e+03	-2.892237e+00
4.912988e+03	-2.932152e+00
4.941365e+03	-2.939502e+00
4.969906e+03	-2.982261e+00
4.998612e+03	-2.995675e+00
5.027484e+03	-3.021376e+00
5.056522e+03	-3.050890e+00
5.085729e+03	-3.062831e+00
5.115104e+03	-3.111946e+00
5.144648e+03	-3.128798e+00
5.174363e+03	-3.167853e+00
5.204250e+03	-3.175719e+00
5.234310e+03	-3.188557e+00
5.264543e+03	-3.237642e+00
5.294951e+03	-3.265493e+00
5.325534e+03	-3.281490e+00
5.356294e+03	-3.313906e+00
5.387232e+03	-3.317818e+00
5.418348e+03	-3.353957e+00
5.449645e+03	-3.391598e+00
5.481122e+03	-3.419619e+00
5.512780e+03	-3.459718e+00
5.544622e+03	-3.469382e+00
5.576647e+03	-3.494965e+00
5.608858e+03	-3.535141e+00
5.641254e+03	-3.548588e+00
5.673838e+03	-3.580484e+00
5.706610e+03	-3.624124e+00
5.739571e+03	-3.660850e+00
5.772723e+03	-3.663332e+00
5.806066e+03	-3.686430e+00
5.839601e+03	-3.725390e+00
5.873331e+03	-3.762675e+00
5.907255e+03	-3.797840e+00
5.941375e+03	-3.812418e+00
5.975692e+03	-3.851430e+00
6.010207e+03	-3.869991e+00
6.044922e+03	-3.896296e+00
6.079837e+03	-3.911268e+00
6.114954e+03	-3.965872e+00
6.150274e+03	-4.018520e+00
6.185797e+03	-4.031157e+00
6.221526e+03	-4.065430e+00
6.257462e+03	-4.074632e+00
6.293605e+03	-4.107572e+00
6.329956e+03	-4.134425e+00
6.366518e+03	-4.184137e+00
6.403290e+03	-4.196850e+00
6.440276e+03	-4.246531e+00
6.477474e+03	-4.253562e+00
6.514888e+03	-4.305533e+00
6.552518e+03	-4.316944e+00
6.590365e+03	-4.344669e+00
6.628430e+03	-4.379038e+00
6.666716e+03	-4.428858e+00
6.705223e+03	-4.440980e+00
6.743952e+03	-4.501346e+00
6.782905e+03	-4.514599e+00
6.822082e+03	-4.542274e+00
6.861486e+03	-4.565391e+00
6.901118e+03	-4.614769e+00
6.940979e+03	-4.644817e+00
6.981069e+03	-4.672685e+00
7.021392e+03	-4.707752e+00
7.061947e+03	-4.730021e+00
7.102737e+03	-4.785184e+00
7.143762e+03	-4.807812e+00
7.185024e+03	-4.847354e+00
7.226524e+03	-4.888920e+00
7.268264e+03	-4.899503e+00
7.310246e+03	-4.942395e+00
7.352469e+03	-4.972218e+00
7.394937e+03	-5.005357e+00
7.437650e+03	-5.047207e+00
7.480609e+03	-5.095781e+00
7.523817e+03	-5.109108e+00
7.567274e+03	-5.161840e+00
7.610982e+03	-5.165652e+00
7.654943e+03	-5.228663e+00
7.699158e+03	-5.256768e+00
7.743628e+03	-5.291185e+00
7.788355e+03	-5.318329e+00
7.833340e+03	-5.340329e+00
7.878585e+03	-5.389196e+00
7.924091e+03	-5.437538e+00
7.969861e+03	-5.449070e+00
8.015894e+03	-5.495945e+00
8.062194e+03	-5.539420e+00
8.108761e+03	-5.574637e+00
8.155596e+03	-5.613463e+00
8.202703e+03	-5.651466e+00
8.250081e+03	-5.665121e+00
8.297733e+03	-5.695747e+00
8.345661e+03	-5.750683e+00
8.393865e+03	-5.784754e+00
8.442348e+03	-5.827773e+00
8.491110e+03	-5.871855e+00
8.540155e+03	-5.889709e+00
8.589482e+03	-5.939424e+00
8.639095e+03	-5.971926e+00
8.688994e+03	-6.007429e+00
8.739181e+03	-6.047467e+00
8.789658e+03	-6.087938e+00
8.840427e+03	-6.123892e+00
8.891489e+03	-6.161612e+00
8.942846e+03	-6.188962e+00
8.994499e+03	-6.243136e+00
9.046451e+03	-6.264697e+00
9.098703e+03	-6.303601e+00
9.151257e+03	-6.346091e+00
9.204114e+03	-6.383366e+00
9.257277e+03	-6.437383e+00
9.310746e+03	-6.469505e+00
9.364525e+03	-6.497749e+00
9.418614e+03	-6.531080e+00
9.473015e+03	-6.573231e+00
9.527731e+03	-6.624643e+00
9.582763e+03	-6.682676e+00
9.638113e+03	-6.692576e+00
9.693782e+03	-6.719963e+00
9.749773e+03	-6.764119e+00
9.806087e+03	-6.809316e+00
9.862727e+03	-6.850332e+00
9.919693e+03	-6.887255e+00
9.976989e+03	-6.937150e+00
1.003462e+04	-6.957636e+00
1.009258e+04	-6.998676e+00
1.015087e+04	-7.054829e+00
1.020950e+04	-7.087865e+00
1.026847e+04	-7.136152e+00
1.032778e+04	-7.154718e+00
1.038743e+04	-7.196646e+00
1.044743e+04	-7.230688e+00
1.050777e+04	-7.283775e+00
1.056847e+04	-7.315914e+00
1.062951e+04	-7.364382e+00
1.069091e+04	-7.403248e+00
1.075266e+04	-7.446946e+00
1.081476e+04	-7.494452e+00
1.087723e+04	-7.535609e+00
1.094006e+04	-7.579225e+00
1.100324e+04	-7.596349e+00
1.106680e+04	-7.639215e+00
1.113072e+04	-7.701815e+00
1.119501e+04	-7.728378e+00
1.125967e+04	-7.761269e+00
1.132471e+04	-7.826559e+00
1.139012e+04	-7.864299e+00
1.145591e+04	-7.887692e+00
1.152208e+04	-7.959019e+00
1.158863e+04	-7.988172e+00
1.165556e+04	-8.030091e+00
1.172289e+04	-8.060019e+00
1.179060e+04	-8.104417e+00
1.185870e+04	-8.138967e+00
1.192719e+04	-8.194328e+00
1.199608e+04	-8.236575e+00
1.206537e+04	-8.269900e+00
1.213506e+04	-8.313748e+00
1.220515e+04	-8.354288e+00
1.227565e+04	-8.398619e+00
1.234655e+04	-8.429480e+00
1.241787e+04	-8.500876e+00
1.248959e+04	-8.508615e+00
1.256173e+04	-8.561048e+00
1.263429e+04	-8.608452e+00
1.270726e+04	-8.643430e+00
1.278066e+04	-8.694872e+00
1.285448e+04	-8.743783e+00
1.292873e+04	-8.762130e+00
1.300340e+04	-8.836164e+00
1.307851e+04	-8.857004e+00
1.315405e+04	-8.896871e+00
1.323003e+04	-8.946840e+00
1.330644e+04	-8.985344e+00
1.338330e+04	-9.029729e+00
1.346060e+04	-9.084560e+00
1.353835e+04	-9.114742e+00
1.361655e+04	-9.164911e+00
1.369520e+04	-9.209629e+00
1.377430e+04	-9.252333e+00
1.385386e+04	-9.293336e+00
1.393388e+04	-9.339813e+00
1.401436e+04	-9.374235e+00
1.409531e+04	-9.412335e+00
1.417672e+04	-9.466719e+00
1.425861e+04	-9.503552e+00
1.434096e+04	-9.541989e+00
1.442379e+04	-9.607547e+00
1.450711e+04	-9.630143e+00
1.459090e+04	-9.675638e+00
1.467518e+04	-9.722557e+00
1.475994e+04	-9.772182e+00
1.484519e+04	-9.810971e+00
1.493094e+04	-9.843700e+00
1.501718e+04	-9.919971e+00
1.510392e+04	-9.915758e+00
1.519116e+04	-9.966175e+00
1.527890e+04	-1.001792e+01
1.536715e+04	-1.006962e+01
1.545591e+04	-1.010939e+01
1.554518e+04	-1.016147e+01
1.563497e+04	-1.020341e+01
1.572528e+04	-1.024405e+01
1.581611e+04	-1.031277e+01
1.590746e+04	-1.034084e+01
1.599934e+04	-1.038788e+01
1.609175e+04	-1.041545e+01
1.618470e+04	-1.047088e+01
1.627818e+04	-1.052984e+01
1.637220e+04	-1.055910e+01
1.646677e+04	-1.061577e+01
1.656188e+04	-1.064609e+01
1.665754e+04	-1.068458e+01
1.675375e+04	-1.074324e+01
1.685052e+04	-1.078069e+01
1.694785e+04	-1.081519e+01
1.704574e+04	-1.086455e+01
1.714419e+04	-1.092131e+01
1.724322e+04	-1.096247e+01
1.734281e+04	-1.099685e+01
1.744299e+04	-1.104370e+01
1.754374e+04	-1.109913e+01
1.764507e+04	-1.112209e+01
1.774698e+04	-1.118800e+01
1.784949e+04	-1.122371e+01
1.795259e+04	-1.128174e+01
1.805628e+04	-1.131039e+01
1.816057e+04	-1.135286e+01
1.826547e+04	-1.138698e+01
1.837097e+04	-1.143595e+01
1.847708e+04	-1.149463e+01
1.858380e+04	-1.152898e+01
1.869114e+04	-1.158214e+01
1.879910e+04	-1.163454e+01
1.890768e+04	-1.166067e+01
1.901689e+04	-1.171783e+01
1.912673e+04	-1.173888e+01
1.923721e+04	-1.181541e+01
1.934832e+04	-1.184127e+01
1.946008e+04	-1.189364e+01
1.957248e+04	-1.192998e+01
1.968553e+04	-1.198062e+01
1.979923e+04	-1.201747e+01
1.991359e+04	-1.207954e+01
2.002861e+04	-1.210806e+01
2.014430e+04	-1.215816e+01
2.026065e+04	-1.219681e+01
2.037767e+04	-1.223818e+01
2.049537e+04	-1.229060e+01
2.061375e+04	-1.233083e+01
2.073282e+04	-1.239403e+01
2.085257e+04	-1.241442e+01
2.097301e+04	-1.246894e+01
2.109415e+04	-1.252183e+01
2.121599e+04	-1.254822e+01
2.133853e+04	-1.260589e+01
2.146178e+04	-1.263940e+01
2.158575e+04	-1.270067e+01
2.171043e+04	-1.273149e+01
2.183582e+04	-1.280317e+01
2.196195e+04	-1.282295e+01
2.208880e+04	-1.286756e+01
2.221638e+04	-1.290099e+01
2.234470e+04	-1.297077e+01
2.247377e+04	-1.300611e+01
2.260357e+04	-1.304503e+01
2.273413e+04	-1.311334e+01
2.286544e+04	-1.314145e+01
2.299751e+04	-1.317521e+01
2.313034e+04	-1.322612e+01
2.326394e+04	-1.328298e+01
2.339832e+04	-1.330102e+01
2.353346e+04	-1.334950e+01
2.366939e+04	-1.340503e+01
2.380610e+04	-1.343047e+01
2.394361e+04	-1.348222e+01
2.408191e+04	-1.355118e+01
2.422100e+04	-1.357582e+01
2.436090e+04	-1.362252e+01
2.450161e+04	-1.367875e+01
2.464313e+04	-1.374080e+01
2.478547e+04	-1.375501e+01
2.492863e+04	-1.380443e+01
2.507261e+04	-1.384236e+01
2.521743e+04	-1.388401e+01
2.536309e+04	-1.395810e+01
2.550958e+04	-1.397569e+01
2.565692e+04	-1.404111e+01
2.580512e+04	-1.408251e+01
2.595417e+04	-1.412527e+01
2.610408e+04	-1.414674e+01
2.625485e+04	-1.419001e+01
2.640650e+04	-1.423223e+01
2.655902e+04	-1.428435e+01
2.671243e+04	-1.433131e+01
2.686672e+04	-1.436348e+01
2.702190e+04	-1.443926e+01
2.717798e+04	-1.446531e+01
2.733495e+04	-1.450182e+01
2.749284e+04	-1.455048e+01
2.765164e+04	-1.459615e+01
2.781135e+04	-1.464708e+01
2.797199e+04	-1.468300e+01
2.813355e+04	-1.471692e+01
2.829605e+04	-1.475351e+01
2.845949e+04	-1.482809e+01
2.862387e+04	-1.487402e+01
2.878920e+04	-1.489763e+01
2.895549e+04	-1.494348e+01
2.912273e+04	-1.496848e+01
2.929094e+04	-1.502866e+01
2.946013e+04	-1.506273e+01
2.963029e+04	-1.512364e+01
2.980143e+04	-1.515557e+01
2.997356e+04	-1.520701e+01
3.014669e+04	-1.524864e+01
3.032081e+04	-1.528738e+01
3.049595e+04	-1.535123e+01
3.067209e+04	-1.538097e+01
3.084925e+04	-1.542183e+01
3.102743e+04	-1.544254e+01
3.120665e+04	-1.551082e+01
3.138690e+04	-1.554766e+01
3.156819e+04	-1.560050e+01
3.175052e+04	-1.563627e+01
3.193391e+04	-1.567123e+01
3.211836e+04	-1.570102e+01
3.230388e+04	-1.575698e+01
3.249046e+04	-1.580897e+01
3.267812e+04	-1.583961e+01
3.286687e+04	-1.587916e+01
3.305671e+04	-1.592686e+01
3.324764e+04	-1.596695e+01
3.343968e+04	-1.601020e+01
3.363283e+04	-1.605348e+01
3.382709e+04	-1.609138e+01
3.402247e+04	-1.613518e+01
3.421899e+04	-1.618636e+01
3.441663e+04	-1.623015e+01
3.461542e+04	-1.626163e+01
3.481536e+04	-1.629749e+01
3.501645e+04	-1.635248e+01
3.521871e+04	-1.637517e+01
3.542213e+04	-1.643391e+01
3.562672e+04	-1.648016e+01
3.583250e+04	-1.650751e+01
3.603947e+04	-1.656047e+01
3.624763e+04	-1.658523e+01
3.645700e+04	-1.663979e+01
3.666757e+04	-1.668268e+01
3.687936e+04	-1.670054e+01
3.709238e+04	-1.672063e+01
3.730662e+04	-1.678842e+01
3.752210e+04	-1.682853e+01
3.773883e+04	-1.689304e+01
3.795680e+04	-1.691275e+01
3.817604e+04	-1.697227e+01
3.839654e+04	-1.698820e+01
3.861832e+04	-1.703411e+01
3.884138e+04	-1.706239e+01
3.906573e+04	-1.711080e+01
3.929137e+04	-1.714988e+01
3.951831e+04	-1.720126e+01
3.974657e+04	-1.721725e+01
3.997614e+04	-1.727800e+01
4.020704e+04	-1.731788e+01
4.043928e+04	-1.735689e+01
4.067285e+04	-1.738778e+01
4.090778e+04	-1.743027e+01
4.114406e+04	-1.747360e+01
4.138171e+04	-1.751364e+01
4.162073e+04	-1.754635e+01
4.186113e+04	-1.757715e+01
4.210291e+04	-1.764021e+01
4.234610e+04	-1.765373e+01
4.259069e+04	-1.769710e+01
4.283669e+04	-1.771211e+01
4.308411e+04	-1.776710e+01
4.333297e+04	-1.780833e+01
4.358325e+04	-1.783528e+01
4.383499e+04	-1.789438e+01
4.408818e+04	-1.791427e+01
4.434283e+04	-1.794782e+01
4.459895e+04	-1.798209e+01
4.485655e+04	-1.802222e+01
4.511564e+04	-1.804737e+01
4.537623e+04	-1.810649e+01
4.563832e+04	-1.812478e+01
4.590193e+04	-1.819419e+01
4.616705e+04	-1.820138e+01
4.643371e+04	-1.823359e+01
4.670191e+04	-1.829574e+01
4.697166e+04	-1.832867e+01
4.724297e+04	-1.834591e+01
4.751584e+04	-1.839125e+01
4.779029e+04	-1.842176e+01
4.806633e+04	-1.846312e+01
4.834395e+04	-1.851495e+01
4.862319e+04	-1.852868e+01
4.890403e+04	-1.856750e+01
4.918650e+04	-1.860754e+01
4.947060e+04	-1.863365e+01
4.975634e+04	-1.868001e+01
5.004373e+04	-1.870281e+01
5.033278e+04	-1.872362e+01
5.062350e+04	-1.875490e+01
5.091590e+04	-1.879073e+01
5.120999e+04	-1.882819e+01
5.150578e+04	-1.884765e+01
5.180327e+04	-1.888984e+01
5.210248e+04	-1.892711e+01
5.240343e+04	-1.895086e+01
5.270611e+04	-1.897379e+01
5.301053e+04	-1.902032e+01
5.331672e+04	-1.906673e+01
5.362468e+04	-1.909633e+01
5.393441e+04	-1.911430e+01
5.424593e+04	-1.912271e+01
5.455926e+04	-1.914535e+01
5.487439e+04	-1.919644e+01
5.519134e+04	-1.923864e+01
5.551012e+04	-1.924665e+01
5.583075e+04	-1.929413e+01
5.615322e+04	-1.933128e+01
5.647756e+04	-1.934358e+01
5.680377e+04	-1.936580e+01
5.713187e+04	-1.940254e+01
5.746186e+04	-1.940992e+01
5.779376e+04	-1.945724e+01
5.812757e+04	-1.948365e+01
5.846332e+04	-1.951396e+01
5.880100e+04	-1.954238e+01
5.914063e+04	-1.955373e+01
5.948222e+04	-1.959497e+01
5.982579e+04	-1.960637e+01
6.017134e+04	-1.962761e+01
6.051889e+04	-1.967141e+01
6.086844e+04	-1.968505e+01
6.122002e+04	-1.971321e+01
6.157362e+04	-1.972609e+01
6.192927e+04	-1.977449e+01
6.228697e+04	-1.977961e+01
6.264674e+04	-1.980237e+01
6.300858e+04	-1.984887e+01
6.337252e+04	-1.986038e+01
6.373855e+04	-1.987181e+01
6.410670e+04	-1.988520e+01
6.447698e+04	-1.993397e+01
6.484940e+04	-1.993227e+01
6.522397e+04	-1.996977e+01
6.560070e+04	-1.998186e+01
6.597960e+04	-2.000557e+01
6.636070e+04	-2.004174e+01
6.674400e+04	-2.005040e+01
6.712951e+04	-2.006416e+01
6.751724e+04	-2.009489e+01
6.790722e+04	-2.008690e+01
6.829945e+04	-2.011655e+01
6.869395e+04	-2.014078e+01
6.909072e+04	-2.014811e+01
6.948978e+04	-2.018571e+01
6.989115e+04	-2.019147e+01
7.029484e+04	-2.020719e+01
7.070086e+04	-2.022675e+01
7.110923e+04	-2.022261e+01
7.151995e+04	-2.023869e+01
7.193305e+04	-2.025428e+01
7.234853e+04	-2.028282e+01
7.276641e+04	-2.029383e+01
7.318671e+04	-2.029610e+01
7.360943e+04	-2.031290e+01
7.403460e+04	-2.031215e+01
7.446222e+04	-2.033132e+01
7.489231e+04	-2.032480e+01
7.532488e+04	-2.036527e+01
7.575996e+04	-2.035588e+01
7.619754e+04	-2.037077e+01
7.663766e+04	-2.037449e+01
7.708031e+04	-2.038971e+01
7.752553e+04	-2.036134e+01
7.797331e+04	-2.037294e+01
7.842368e+04	-2.040473e+01
7.887665e+04	-2.040305e+01
7.933224e+04	-2.039463e+01
7.979046e+04	-2.041188e+01
8.025133e+04	-2.041109e+01
8.071486e+04	-2.041925e+01
8.118106e+04	-2.041169e+01
8.164996e+04	-2.041311e+01
8.212157e+04	-2.042502e+01
8.259590e+04	-2.041250e+01
8.307297e+04	-2.039830e+01
8.355279e+04	-2.040902e+01
8.403539e+04	-2.042090e+01
8.452078e+04	-2.039186e+01
8.500897e+04	-2.040576e+01
8.549997e+04	-2.039494e+01
8.599382e+04	-2.039461e+01
8.649052e+04	-2.037842e+01
8.699008e+04	-2.038692e+01
8.749253e+04	-2.037234e+01
8.799789e+04	-2.033699e+01
8.850616e+04	-2.034227e+01
8.901737e+04	-2.032202e+01
8.953153e+04	-2.033324e+01
9.004866e+04	-2.030278e+01
9.056877e+04	-2.031505e+01
9.109190e+04	-2.028394e+01
9.161804e+04	-2.026038e+01
9.214722e+04	-2.024170e+01
9.267946e+04	-2.022595e+01
9.321477e+04	-2.021310e+01
9.375318e+04	-2.019500e+01
9.429469e+04	-2.017667e+01
9.483933e+04	-2.013134e+01
9.538712e+04	-2.013218e+01
9.593807e+04	-2.010742e+01
9.649221e+04	-2.005500e+01
9.704954e+04	-2.005267e+01
9.761010e+04	-2.000519e+01
9.817389e+04	-1.999687e+01
9.874094e+04	-1.995065e+01
9.931126e+04	-1.992329e+01
9.988488e+04	-1.989151e+01
1.004618e+05	-1.986260e+01
1.010421e+05	-1.981102e+01
1.016257e+05	-1.977450e+01
1.022127e+05	-1.972836e+01
1.028031e+05	-1.969738e+01
1.033968e+05	-1.966454e+01
1.039941e+05	-1.961785e+01
1.045947e+05	-1.955326e+01
1.051989e+05	-1.952545e+01
1.058065e+05	-1.945560e+01
1.064176e+05	-1.942233e+01
1.070323e+05	-1.936742e+01
1.076505e+05	-1.929211e+01
1.082723e+05	-1.925523e+01
1.088977e+05	-1.918012e+01
1.095266e+05	-1.912506e+01
1.101593e+05	-1.907211e+01
1.107955e+05	-1.900731e+01
1.114355e+05	-1.893851e+01
1.120791e+05	-1.886542e+01
1.127265e+05	-1.879364e+01
1.133776e+05	-1.870999e+01
1.140325e+05	-1.864243e+01
1.146911e+05	-1.856063e+01
1.153536e+05	-1.847484e+01
1.160198e+05	-1.838984e+01
1.166900e+05	-1.831892e+01
1.173640e+05	-1.821411e+01
1.180419e+05	-1.812718e+01
1.187237e+05	-1.804402e+01
1.194094e+05	-1.794217e+01
1.200991e+05	-1.782501e+01
1.207928e+05	-1.772226e+01
1.214905e+05	-1.760749e+01
1.221922e+05	-1.750669e+01
1.228980e+05	-1.739663e+01
1.236078e+05	-1.728618e+01
1.243218e+05	-1.714894e+01
1.250399e+05	-1.699857e+01
1.257621e+05	-1.688188e+01
1.264885e+05	-1.673511e+01
1.272191e+05	-1.660679e+01
1.279539e+05	-1.647241e+01
1.286930e+05	-1.630673e+01
1.294363e+05	-1.614742e+01
1.301839e+05	-1.598113e+01
1.309358e+05	-1.581257e+01
1.316921e+05	-1.562317e+01
1.324528e+05	-1.546343e+01
1.332178e+05	-1.524570e+01
1.339873e+05	-1.506468e+01
1.347612e+05	-1.487373e+01
1.355395e+05	-1.463506e+01
1.363224e+05	-1.442037e+01
1.371098e+05	-1.418673e+01
1.379018e+05	-1.395280e+01
1.386983e+05	-1.369287e+01
1.394994e+05	-1.343937e+01
1.403051e+05	-1.316570e+01
1.411155e+05	-1.289469e+01
1.419306e+05	-1.260095e+01
1.427504e+05	-1.228264e+01
1.435749e+05	-1.198020e+01
1.444042e+05	-1.162800e+01
1.452383e+05	-1.126604e+01
1.460772e+05	-1.088998e+01
1.469209e+05	-1.049985e+01
1.477695e+05	-1.009270e+01
1.486230e+05	-9.647812e+00
1.494814e+05	-9.167333e+00
1.503448e+05	-8.659935e+00
1.512132e+05	-8.139137e+00
1.520866e+05	-7.588574e+00
1.529651e+05	-6.962454e+00
1.538486e+05	-6.368474e+00
1.547372e+05	-5.695291e+00
1.556310e+05	-4.979749e+00
1.565299e+05	-4.255273e+00
1.574340e+05	-3.448998e+00
1.583433e+05	-2.659946e+00
1.592579e+05	-1.867882e+00
1.601778e+05	-1.130591e+00
1.611030e+05	-5.340398e-01
1.620335e+05	-1.701323e-01
1.629694e+05	-6.753612e-02
1.639107e+05	-2.881874e-01
1.648574e+05	-7.884463e-01
1.658097e+05	-1.461937e+00
1.667674e+05	-2.257306e+00
1.677306e+05	-3.119712e+00
1.686994e+05	-3.963776e+00
1.696738e+05	-4.770912e+00
1.706538e+05	-5.569520e+00
1.716395e+05	-6.320333e+00
1.726309e+05	-7.050818e+00
1.736280e+05	-7.725589e+00
1.746309e+05	-8.364427e+00
1.756395e+05	-8.955240e+00
1.766540e+05	-9.532831e+00
1.776744e+05	-1.006599e+01
1.787006e+05	-1.058752e+01
1.797328e+05	-1.106100e+01
1.807709e+05	-1.152666e+01
1.818150e+05	-1.196294e+01
1.828652e+05	-1.237040e+01
1.839214e+05	-1.275893e+01
1.849837e+05	-1.314647e+01
1.860522e+05	-1.350690e+01
1.871268e+05	-1.385896e+01
1.882077e+05	-1.420497e+01
1.892948e+05	-1.450495e+01
1.903881e+05	-1.482539e+01
1.914878e+05	-1.512947e+01
1.925938e+05	-1.540469e+01
1.937062e+05	-1.568495e+01
1.948251e+05	-1.593545e+01
1.959504e+05	-1.619699e+01
1.970822e+05	-1.644930e+01
1.982205e+05	-1.668348e+01
1.993654e+05	-1.689244e+01
2.005169e+05	-1.713350e+01
2.016751e+05	-1.732177e+01
2.028400e+05	-1.755339e+01
2.040116e+05	-1.772170e+01
2.051899e+05	-1.790175e+01
2.063751e+05	-1.809490e+01
2.075671e+05	-1.826479e+01
2.087660e+05	-1.841664e+01
2.099719e+05	-1.859680e+01
2.111846e+05	-1.874889e+01
2.124044e+05	-1.887650e+01
2.136313e+05	-1.900462e+01
2.148652e+05	-1.915007e+01
2.161063e+05	-1.925029e+01
2.173545e+05	-1.939941e+01
2.186099e+05	-1.950972e+01
2.198726e+05	-1.962170e+01
2.211426e+05	-1.969552e+01
2.224199e+05	-1.980378e+01
2.237046e+05	-1.990990e+01
2.249967e+05	-1.997947e+01
2.262962e+05	-2.004322e+01
2.276033e+05	-2.013707e+01
2.289179e+05	-2.020713e+01
2.302402e+05	-2.023753e+01
2.315700e+05	-2.029535e+01
2.329076e+05	-2.036312e+01
2.342528e+05	-2.039763e+01
2.356059e+05	-2.042771e+01
2.369667e+05	-2.044239e+01
2.383354e+05	-2.047830e+01
2.397120e+05	-2.048176e+01
2.410966e+05	-2.050729e+01
2.424892e+05	-2.050610e+01
2.438898e+05	-2.051371e+01
2.452985e+05	-2.049556e+01
2.467153e+05	-2.047795e+01
2.481403e+05	-2.043682e+01
2.495736e+05	-2.039790e+01
2.510151e+05	-2.036667e+01
2.524650e+05	-2.030605e+01
2.539232e+05	-2.026711e+01
2.553898e+05	-2.020809e+01
2.568650e+05	-2.013461e+01
2.583486e+05	-2.002980e+01
2.598408e+05	-1.995613e+01
2.613416e+05	-1.985153e+01
2.628511e+05	-1.973901e+01
2.643694e+05	-1.962215e+01
2.658963e+05	-1.948782e+01
2.674321e+05	-1.933738e+01
2.689768e+05	-1.918770e+01
2.705304e+05	-1.901316e+01
2.720930e+05	-1.881955e+01
2.736646e+05	-1.864193e+01
2.752453e+05	-1.841200e+01
2.768351e+05	-1.819641e+01
2.784341e+05	-1.794878e+01
2.800423e+05	-1.768357e+01
2.816598e+05	-1.741248e+01
2.832867e+05	-1.709351e+01
2.849229e+05	-1.677815e+01
2.865686e+05	-1.644155e+01
2.882238e+05	-1.604005e+01
2.898886e+05	-1.563488e+01
2.915630e+05	-1.520082e+01
2.932470e+05	-1.470776e+01
2.949408e+05	-1.420194e+01
2.966444e+05	-1.365070e+01
2.983578e+05	-1.301625e+01
3.000811e+05	-1.232804e+01
3.018143e+05	-1.158257e+01
3.035576e+05	-1.072999e+01
3.053109e+05	-9.817578e+00
3.070744e+05	-8.759288e+00
3.088481e+05	-7.552563e+00
3.106320e+05	-6.192540e+00
3.124261e+05	-4.626845e+00
3.142307e+05	-2.902944e+00
3.160457e+05	-1.184447e+00
3.178712e+05	2.089419e-02
3.197072e+05	-3.301642e-02
3.215538e+05	-1.348894e+00
3.234111e+05	-3.140263e+00
3.252791e+05	-4.919436e+00
3.271579e+05	-6.524088e+00
3.290475e+05	-7.929634e+00
3.309481e+05	-9.201927e+00
3.328596e+05	-1.032181e+01
3.347822e+05	-1.130784e+01
3.367159e+05	-1.219547e+01
3.386608e+05	-1.299513e+01
3.406169e+05	-1.374332e+01
3.425842e+05	-1.441233e+01
3.445630e+05	-1.505005e+01
3.465532e+05	-1.560612e+01
3.485549e+05	-1.611003e+01
3.505681e+05	-1.659784e+01
3.525930e+05	-1.704741e+01
3.546295e+05	-1.746795e+01
3.566778e+05	-1.786423e+01
3.587380e+05	-1.820104e+01
3.608101e+05	-1.853215e+01
3.628941e+05	-1.884126e+01
3.649901e+05	-1.910780e+01
3.670983e+05	-1.936839e+01
3.692187e+05	-1.958662e+01
3.713513e+05	-1.982567e+01
3.734962e+05	-2.000709e+01
3.756535e+05	-2.015103e+01
3.778232e+05	-2.032231e+01
3.800055e+05	-2.045750e+01
3.822004e+05	-2.056606e+01
3.844080e+05	-2.065301e+01
3.866283e+05	-2.070728e+01
3.888615e+05	-2.077596e+01
3.911075e+05	-2.079739e+01
3.933665e+05	-2.080370e+01
3.956386e+05	-2.079019e+01
3.979238e+05	-2.077157e+01
4.002222e+05	-2.072750e+01
4.025338e+05	-2.063836e+01
4.048589e+05	-2.053142e+01
4.071973e+05	-2.042234e+01
4.095493e+05	-2.025455e+01
4.119148e+05	-2.006943e+01
4.142940e+05	-1.986995e+01
4.166870e+05	-1.963355e+01
4.190937e+05	-1.934794e+01
4.215144e+05	-1.903155e+01
4.239490e+05	-1.867554e+01
4.263978e+05	-1.826976e+01
4.288606e+05	-1.782900e+01
4.313377e+05	-1.734261e+01
4.338291e+05	-1.675726e+01
4.363349e+05	-1.611545e+01
4.388551e+05	-1.537350e+01
4.413899e+05	-1.454761e+01
4.439394e+05	-1.359899e+01
4.465035e+05	-1.250680e+01
4.490825e+05	-1.117944e+01
4.516764e+05	-9.614265e+00
4.542853e+05	-7.697766e+00
4.569092e+05	-5.353625e+00
4.595483e+05	-2.550097e+00
4.622026e+05	-3.251999e-01
4.648723e+05	-1.146398e+00
4.675574e+05	-3.969113e+00
4.702580e+05	-6.712029e+00
4.729742e+05	-8.962124e+00
4.757060e+05	-1.079315e+01
4.784537e+05	-1.232907e+01
4.812172e+05	-1.363070e+01
4.839967e+05	-1.473721e+01
4.867923e+05	-1.574228e+01
4.896040e+05	-1.658797e+01
4.924319e+05	-1.735088e+01
4.952762e+05	-1.801507e+01
4.981369e+05	-1.861229e+01
5.010141e+05	-1.914582e+01
5.039079e+05	-1.961406e+01
5.068185e+05	-2.002268e+01
5.097458e+05	-2.038271e+01
5.126901e+05	-2.071521e+01
5.156514e+05	-2.096346e+01
5.186298e+05	-2.118358e+01
5.216253e+05	-2.135902e+01
5.246382e+05	-2.147434e+01
5.276685e+05	-2.159085e+01
5.307163e+05	-2.162718e+01
5.337817e+05	-2.160205e+01
5.368648e+05	-2.156727e+01
5.399657e+05	-2.147564e+01
5.430845e+05	-2.130948e+01
5.462214e+05	-2.113315e+01
5.493763e+05	-2.083661e+01
5.525495e+05	-2.051843e+01
5.557410e+05	-2.013166e+01
5.589509e+05	-1.966169e+01
5.621794e+05	-1.910338e+01
5.654265e+05	-1.840826e+01
5.686924e+05	-1.761852e+01
5.719772e+05	-1.667408e+01
5.752809e+05	-1.555575e+01
5.786037e+05	-1.419189e+01
5.819457e+05	-1.246281e+01
5.853070e+05	-1.025916e+01
5.886877e+05	-7.278666e+00
5.920879e+05	-3.198712e+00
5.955078e+05	3.008832e-02
5.989474e+05	-3.295848e+00
6.024069e+05	-7.477012e+00
6.058864e+05	-1.051671e+01
6.093860e+05	-1.283256e+01
6.129058e+05	-1.458937e+01
6.164459e+05	-1.604221e+01
6.200064e+05	-1.725085e+01
6.235876e+05	-1.823619e+01
6.271894e+05	-1.907521e+01
6.308120e+05	-1.976800e+01
6.344555e+05	-2.034946e+01
6.381201e+05	-2.082495e+01
6.418059e+05	-2.115586e+01
6.455129e+05	-2.142590e+01
6.492414e+05	-2.159123e+01
6.529914e+05	-2.165832e+01
6.567630e+05	-2.163474e+01
6.605565e+05	-2.153037e+01
6.643718e+05	-2.130690e+01
6.682092e+05	-2.095287e+01
6.720688e+05	-2.048016e+01
6.759506e+05	-1.984813e+01
6.798549e+05	-1.905334e+01
6.837817e+05	-1.801664e+01
6.877312e+05	-1.671810e+01
6.917035e+05	-1.496996e+01
6.956987e+05	-1.263047e+01
6.997171e+05	-9.266465e+00
7.037586e+05	-3.885149e+00
7.078235e+05	-2.874142e-01
7.119118e+05	-6.710386e+00
7.160238e+05	-1.129319e+01
7.201595e+05	-1.432927e+01
7.243191e+05	-1.659209e+01
7.285028e+05	-1.829498e+01
7.327106e+05	-1.961845e+01
7.369427e+05	-2.070166e+01
7.411992e+05	-2.151358e+01
7.454804e+05	-2.215955e+01
7.497862e+05	-2.263018e+01
7.541170e+05	-2.292085e+01
7.584727e+05	-2.307978e+01
7.628536e+05	-2.303585e+01
7.672598e+05	-2.283649e+01
7.716915e+05	-2.244170e+01
7.761488e+05	-2.183852e+01
7.806318e+05	-2.096132e+01
7.851407e+05	-1.975422e+01
7.896756e+05	-1.808910e+01
7.942367e+05	-1.573837e+01
7.988242e+05	-1.213500e+01
8.034382e+05	-5.809050e+00
8.080788e+05	-2.123956e+00
8.127463e+05	-1.032316e+01
8.174406e+05	-1.492838e+01
8.221621e+05	-1.782603e+01
8.269109e+05	-1.988850e+01
8.316871e+05	-2.137599e+01
8.364909e+05	-2.244150e+01
8.413225e+05	-2.314951e+01
8.461819e+05	-2.355353e+01
8.510694e+05	-2.365722e+01
8.559852e+05	-2.345810e+01
8.609293e+05	-2.289692e+01
8.659020e+05	-2.195711e+01
8.709034e+05	-2.044551e+01
8.759337e+05	-1.810572e+01
8.809931e+05	-1.430859e+01
8.860816e+05	-6.555899e+00
8.911996e+05	-4.759419e+00
8.963471e+05	-1.390812e+01
9.015244e+05	-1.824181e+01
9.067316e+05	-2.089379e+01
9.119688e+05	-2.262431e+01
9.172363e+05	-2.364504e+01
9.225342e+05	-2.410403e+01
9.278628e+05	-2.402589e+01
9.332221e+05	-2.334384e+01
9.386123e+05	-2.186143e+01
9.440337e+05	-1.914124e+01
9.494864e+05	-1.372705e+01
9.549706e+05	-6.307940e-01
9.604865e+05	-1.495098e+01
9.660342e+05	-2.067846e+01
9.716140e+05	-2.384399e+01
9.772260e+05	-2.576395e+01
9.828704e+05	-2.678098e+01
9.885474e+05	-2.704114e+01
9.942572e+05	-2.646511e+01
1.000000e+06	-2.483548e+01
