Frequency(Hz)	Magnitude(dB)
1.000000e+01	-2.329961e+00
1.005776e+01	-2.350790e+00
1.011585e+01	-2.371758e+00
1.017428e+01	-2.393038e+00
1.023305e+01	-2.414227e+00
1.029215e+01	-2.435672e+00
1.035160e+01	-2.457182e+00
1.041139e+01	-2.478725e+00
1.047153e+01	-2.500717e+00
1.053201e+01	-2.522606e+00
1.059284e+01	-2.544733e+00
1.065403e+01	-2.567098e+00
1.071556e+01	-2.589470e+00
1.077746e+01	-2.611970e+00
1.083971e+01	-2.634698e+00
1.090232e+01	-2.657533e+00
1.096529e+01	-2.680650e+00
1.102862e+01	-2.703537e+00
1.109232e+01	-2.726726e+00
1.115639e+01	-2.750262e+00
1.122083e+01	-2.773800e+00
1.128564e+01	-2.797627e+00
1.135083e+01	-2.821199e+00
1.141639e+01	-2.845353e+00
1.148233e+01	-2.869362e+00
1.154865e+01	-2.893670e+00
1.161536e+01	-2.918021e+00
1.168245e+01	-2.942469e+00
1.174992e+01	-2.967104e+00
1.181779e+01	-2.992268e+00
1.188605e+01	-3.017247e+00
1.195470e+01	-3.042274e+00
1.202375e+01	-3.067550e+00
1.209320e+01	-3.092910e+00
1.216305e+01	-3.118434e+00
1.223330e+01	-3.144131e+00
1.230396e+01	-3.170385e+00
1.237503e+01	-3.196163e+00
1.244651e+01	-3.222036e+00
1.251840e+01	-3.248414e+00
1.259070e+01	-3.274475e+00
1.266343e+01	-3.301404e+00
1.273657e+01	-3.328151e+00
1.281014e+01	-3.355087e+00
1.288413e+01	-3.381939e+00
1.295855e+01	-3.409101e+00
1.303339e+01	-3.436342e+00
1.310867e+01	-3.463713e+00
1.318439e+01	-3.491215e+00
1.326054e+01	-3.519119e+00
1.333713e+01	-3.546783e+00
1.341417e+01	-3.574877e+00
1.349165e+01	-3.603075e+00
1.356958e+01	-3.631333e+00
1.364795e+01	-3.659482e+00
1.372678e+01	-3.688368e+00
1.380607e+01	-3.717049e+00
1.388581e+01	-3.745835e+00
1.396602e+01	-3.774586e+00
1.404668e+01	-3.803849e+00
1.412782e+01	-3.833074e+00
1.420942e+01	-3.862728e+00
1.429149e+01	-3.892045e+00
1.437404e+01	-3.921889e+00
1.445706e+01	-3.951755e+00
1.454057e+01	-3.981428e+00
1.462455e+01	-4.011865e+00
1.470902e+01	-4.041868e+00
1.479398e+01	-4.072131e+00
1.487943e+01	-4.102915e+00
1.496537e+01	-4.133460e+00
1.505181e+01	-4.163965e+00
1.513875e+01	-4.195008e+00
1.522619e+01	-4.226216e+00
1.531414e+01	-4.257067e+00
1.540259e+01	-4.288469e+00
1.549156e+01	-4.320289e+00
1.558103e+01	-4.351649e+00
1.567103e+01	-4.383370e+00
1.576155e+01	-4.415150e+00
1.585258e+01	-4.447248e+00
1.594415e+01	-4.479197e+00
1.603624e+01	-4.511797e+00
1.612886e+01	-4.543978e+00
1.622202e+01	-4.576510e+00
1.631572e+01	-4.609100e+00
1.640996e+01	-4.641845e+00
1.650474e+01	-4.674898e+00
1.660008e+01	-4.708053e+00
1.669596e+01	-4.740754e+00
1.679239e+01	-4.774551e+00
1.688938e+01	-4.808059e+00
1.698694e+01	-4.841548e+00
1.708505e+01	-4.875086e+00
1.718373e+01	-4.908794e+00
1.728299e+01	-4.943032e+00
1.738281e+01	-4.976760e+00
1.748322e+01	-5.011046e+00
1.758420e+01	-5.045540e+00
1.768576e+01	-5.080029e+00
1.778792e+01	-5.114612e+00
1.789066e+01	-5.148943e+00
1.799399e+01	-5.184101e+00
1.809793e+01	-5.218939e+00
1.820246e+01	-5.253690e+00
1.830760e+01	-5.289263e+00
1.841334e+01	-5.324145e+00
1.851969e+01	-5.359643e+00
1.862666e+01	-5.395140e+00
1.873425e+01	-5.431056e+00
1.884246e+01	-5.466677e+00
1.895129e+01	-5.502623e+00
1.906075e+01	-5.538533e+00
1.917085e+01	-5.574549e+00
1.928158e+01	-5.610864e+00
1.939295e+01	-5.646907e+00
1.950496e+01	-5.683746e+00
1.961762e+01	-5.719953e+00
1.973093e+01	-5.756921e+00
1.984490e+01	-5.793535e+00
1.995952e+01	-5.830722e+00
2.007480e+01	-5.867942e+00
2.019076e+01	-5.904641e+00
2.030738e+01	-5.942063e+00
2.042467e+01	-5.979207e+00
2.054264e+01	-6.016558e+00
2.066130e+01	-6.054493e+00
2.078064e+01	-6.091892e+00
2.090066e+01	-6.129482e+00
2.102139e+01	-6.167412e+00
2.114280e+01	-6.205259e+00
2.126492e+01	-6.243735e+00
2.138775e+01	-6.281830e+00
2.151128e+01	-6.320285e+00
2.163553e+01	-6.358614e+00
2.176050e+01	-6.397117e+00
2.188619e+01	-6.435785e+00
2.201260e+01	-6.474454e+00
2.213974e+01	-6.513153e+00
2.226762e+01	-6.552406e+00
2.239624e+01	-6.591103e+00
2.252560e+01	-6.630335e+00
2.265571e+01	-6.669625e+00
2.278656e+01	-6.708886e+00
2.291818e+01	-6.748040e+00
2.305055e+01	-6.787630e+00
2.318369e+01	-6.827230e+00
2.331760e+01	-6.866968e+00
2.345228e+01	-6.906854e+00
2.358774e+01	-6.946522e+00
2.372398e+01	-6.986709e+00
2.386101e+01	-7.026302e+00
2.399883e+01	-7.066915e+00
2.413745e+01	-7.107020e+00
2.427686e+01	-7.147281e+00
2.441709e+01	-7.187518e+00
2.455812e+01	-7.228409e+00
2.469997e+01	-7.268915e+00
2.484263e+01	-7.309991e+00
2.498612e+01	-7.350076e+00
2.513044e+01	-7.390847e+00
2.527559e+01	-7.432422e+00
2.542158e+01	-7.473086e+00
2.556842e+01	-7.514470e+00
2.571610e+01	-7.555298e+00
2.586463e+01	-7.596628e+00
2.601403e+01	-7.638146e+00
2.616428e+01	-7.679504e+00
2.631541e+01	-7.720923e+00
2.646740e+01	-7.763114e+00
2.662028e+01	-7.804571e+00
2.677404e+01	-7.846354e+00
2.692868e+01	-7.888018e+00
2.708422e+01	-7.930527e+00
2.724066e+01	-7.972054e+00
2.739800e+01	-8.013803e+00
2.755625e+01	-8.056107e+00
2.771541e+01	-8.097887e+00
2.787550e+01	-8.140976e+00
2.803650e+01	-8.183055e+00
2.819844e+01	-8.225809e+00
2.836131e+01	-8.267989e+00
2.852513e+01	-8.310732e+00
2.868989e+01	-8.353619e+00
2.885560e+01	-8.396431e+00
2.902227e+01	-8.439240e+00
2.918990e+01	-8.482334e+00
2.935850e+01	-8.524861e+00
2.952807e+01	-8.567946e+00
2.969863e+01	-8.611135e+00
2.987016e+01	-8.654115e+00
3.004269e+01	-8.697365e+00
3.021622e+01	-8.740743e+00
3.039075e+01	-8.784109e+00
3.056628e+01	-8.827749e+00
3.074283e+01	-8.871072e+00
3.092040e+01	-8.914454e+00
3.109900e+01	-8.958076e+00
3.127862e+01	-9.002161e+00
3.145929e+01	-9.045592e+00
3.164099e+01	-9.089468e+00
3.182375e+01	-9.133422e+00
3.200756e+01	-9.177473e+00
3.219244e+01	-9.220956e+00
3.237838e+01	-9.264943e+00
3.256540e+01	-9.310008e+00
3.275349e+01	-9.353941e+00
3.294268e+01	-9.397793e+00
3.313295e+01	-9.442251e+00
3.332433e+01	-9.486675e+00
3.351681e+01	-9.531209e+00
3.371040e+01	-9.575693e+00
3.390511e+01	-9.619948e+00
3.410094e+01	-9.664833e+00
3.429791e+01	-9.709344e+00
3.449601e+01	-9.754424e+00
3.469526e+01	-9.799174e+00
3.489566e+01	-9.843701e+00
3.509721e+01	-9.888939e+00
3.529993e+01	-9.933904e+00
3.550382e+01	-9.978366e+00
3.570889e+01	-1.002322e+01
3.591515e+01	-1.006882e+01
3.612259e+01	-1.011392e+01
3.633123e+01	-1.015869e+01
3.654108e+01	-1.020403e+01
3.675214e+01	-1.024965e+01
3.696442e+01	-1.029441e+01
3.717792e+01	-1.033992e+01
3.739266e+01	-1.038562e+01
3.760864e+01	-1.043112e+01
3.782587e+01	-1.047653e+01
3.804435e+01	-1.052227e+01
3.826409e+01	-1.056769e+01
3.848510e+01	-1.061339e+01
3.870739e+01	-1.065907e+01
3.893096e+01	-1.070464e+01
3.915583e+01	-1.075091e+01
3.938199e+01	-1.079679e+01
3.960946e+01	-1.084265e+01
3.983824e+01	-1.088799e+01
4.006834e+01	-1.093427e+01
4.029978e+01	-1.097967e+01
4.053255e+01	-1.102653e+01
4.076666e+01	-1.107256e+01
4.100213e+01	-1.111874e+01
4.123896e+01	-1.116485e+01
4.147715e+01	-1.121145e+01
4.171672e+01	-1.125691e+01
4.195767e+01	-1.130341e+01
4.220002e+01	-1.135018e+01
4.244377e+01	-1.139647e+01
4.268892e+01	-1.144281e+01
4.293549e+01	-1.148899e+01
4.318348e+01	-1.153562e+01
4.343291e+01	-1.158199e+01
4.368377e+01	-1.162853e+01
4.393609e+01	-1.167535e+01
4.418986e+01	-1.172187e+01
4.444510e+01	-1.176857e+01
4.470182e+01	-1.181533e+01
4.496001e+01	-1.186211e+01
4.521970e+01	-1.190864e+01
4.548089e+01	-1.195544e+01
4.574358e+01	-1.200226e+01
4.600779e+01	-1.204927e+01
4.627353e+01	-1.209646e+01
4.654081e+01	-1.214345e+01
4.680963e+01	-1.219024e+01
4.708000e+01	-1.223744e+01
4.735193e+01	-1.228463e+01
4.762543e+01	-1.233087e+01
4.790051e+01	-1.237837e+01
4.817719e+01	-1.242554e+01
4.845545e+01	-1.247276e+01
4.873533e+01	-1.251998e+01
4.901682e+01	-1.256749e+01
4.929994e+01	-1.261472e+01
4.958470e+01	-1.266132e+01
4.987110e+01	-1.270995e+01
5.015915e+01	-1.275649e+01
5.044887e+01	-1.280358e+01
5.074026e+01	-1.285084e+01
5.103333e+01	-1.289890e+01
5.132810e+01	-1.294623e+01
5.162457e+01	-1.299366e+01
5.192275e+01	-1.304141e+01
5.222265e+01	-1.308897e+01
5.252429e+01	-1.313689e+01
5.282767e+01	-1.318413e+01
5.313280e+01	-1.323200e+01
5.343969e+01	-1.327992e+01
5.374836e+01	-1.332754e+01
5.405880e+01	-1.337504e+01
5.437105e+01	-1.342217e+01
5.468509e+01	-1.347062e+01
5.500095e+01	-1.351854e+01
5.531863e+01	-1.356697e+01
5.563815e+01	-1.361351e+01
5.595951e+01	-1.366177e+01
5.628273e+01	-1.370925e+01
5.660782e+01	-1.375786e+01
5.693479e+01	-1.380522e+01
5.726364e+01	-1.385316e+01
5.759439e+01	-1.390119e+01
5.792705e+01	-1.394955e+01
5.826164e+01	-1.399703e+01
5.859815e+01	-1.404499e+01
5.893662e+01	-1.409355e+01
5.927703e+01	-1.414172e+01
5.961941e+01	-1.418910e+01
5.996377e+01	-1.423818e+01
6.031012e+01	-1.428575e+01
6.065847e+01	-1.433457e+01
6.100883e+01	-1.438217e+01
6.136121e+01	-1.443025e+01
6.171563e+01	-1.447916e+01
6.207210e+01	-1.452738e+01
6.243063e+01	-1.457499e+01
6.279122e+01	-1.462387e+01
6.315390e+01	-1.467197e+01
6.351868e+01	-1.471951e+01
6.388556e+01	-1.476830e+01
6.425456e+01	-1.481779e+01
6.462569e+01	-1.486578e+01
6.499897e+01	-1.491414e+01
6.537440e+01	-1.496176e+01
6.575200e+01	-1.501083e+01
6.613178e+01	-1.505922e+01
6.651375e+01	-1.510854e+01
6.689793e+01	-1.515668e+01
6.728433e+01	-1.520469e+01
6.767297e+01	-1.525313e+01
6.806384e+01	-1.530238e+01
6.845698e+01	-1.534955e+01
6.885238e+01	-1.539905e+01
6.925007e+01	-1.544713e+01
6.965005e+01	-1.549597e+01
7.005235e+01	-1.554397e+01
7.045697e+01	-1.559255e+01
7.086393e+01	-1.564194e+01
7.127323e+01	-1.569001e+01
7.168490e+01	-1.573882e+01
7.209895e+01	-1.578879e+01
7.251539e+01	-1.583663e+01
7.293424e+01	-1.588493e+01
7.335551e+01	-1.593518e+01
7.377920e+01	-1.598309e+01
7.420535e+01	-1.603160e+01
7.463396e+01	-1.608103e+01
7.506504e+01	-1.612933e+01
7.549861e+01	-1.617793e+01
7.593469e+01	-1.622667e+01
7.637328e+01	-1.627592e+01
7.681441e+01	-1.632452e+01
7.725809e+01	-1.637316e+01
7.770433e+01	-1.642086e+01
7.815315e+01	-1.647161e+01
7.860456e+01	-1.652048e+01
7.905857e+01	-1.657038e+01
7.951521e+01	-1.661851e+01
7.997449e+01	-1.666709e+01
8.043642e+01	-1.671584e+01
8.090102e+01	-1.676609e+01
8.136830e+01	-1.681456e+01
8.183828e+01	-1.686282e+01
8.231097e+01	-1.691196e+01
8.278640e+01	-1.696107e+01
8.326457e+01	-1.701053e+01
8.374550e+01	-1.705886e+01
8.422921e+01	-1.710838e+01
8.471572e+01	-1.715703e+01
8.520503e+01	-1.720514e+01
8.569717e+01	-1.725490e+01
8.619215e+01	-1.730490e+01
8.669000e+01	-1.735353e+01
8.719071e+01	-1.740178e+01
8.769432e+01	-1.745142e+01
8.820084e+01	-1.750134e+01
8.871029e+01	-1.755033e+01
8.922267e+01	-1.759868e+01
8.973802e+01	-1.764830e+01
9.025634e+01	-1.769767e+01
9.077766e+01	-1.774674e+01
9.130199e+01	-1.779498e+01
9.182935e+01	-1.784577e+01
9.235975e+01	-1.789536e+01
9.289321e+01	-1.794443e+01
9.342976e+01	-1.799296e+01
9.396941e+01	-1.804200e+01
9.451217e+01	-1.809092e+01
9.505807e+01	-1.814219e+01
9.560712e+01	-1.818944e+01
9.615934e+01	-1.823866e+01
9.671476e+01	-1.828929e+01
9.727338e+01	-1.833901e+01
9.783522e+01	-1.838631e+01
9.840032e+01	-1.843766e+01
9.896867e+01	-1.848574e+01
9.954031e+01	-1.853523e+01
1.001153e+02	-1.858333e+01
1.006935e+02	-1.863250e+01
1.012751e+02	-1.868488e+01
1.018601e+02	-1.873218e+01
1.024484e+02	-1.878087e+01
1.030402e+02	-1.883186e+01
1.036353e+02	-1.888079e+01
1.042339e+02	-1.893131e+01
1.048360e+02	-1.897904e+01
1.054415e+02	-1.902931e+01
1.060505e+02	-1.907906e+01
1.066631e+02	-1.912653e+01
1.072791e+02	-1.917759e+01
1.078988e+02	-1.922711e+01
1.085220e+02	-1.927484e+01
1.091488e+02	-1.932444e+01
1.097793e+02	-1.937471e+01
1.104133e+02	-1.942353e+01
1.110511e+02	-1.947433e+01
1.116925e+02	-1.952238e+01
1.123376e+02	-1.957326e+01
1.129865e+02	-1.962209e+01
1.136391e+02	-1.967139e+01
1.142955e+02	-1.972078e+01
1.149556e+02	-1.977144e+01
1.156196e+02	-1.982041e+01
1.162874e+02	-1.986829e+01
1.169591e+02	-1.991817e+01
1.176347e+02	-1.996940e+01
1.183141e+02	-2.001751e+01
1.189975e+02	-2.006874e+01
1.196848e+02	-2.011688e+01
1.203761e+02	-2.016753e+01
1.210714e+02	-2.021664e+01
1.217707e+02	-2.026541e+01
1.224740e+02	-2.031619e+01
1.231814e+02	-2.036490e+01
1.238929e+02	-2.041321e+01
1.246085e+02	-2.046481e+01
1.253283e+02	-2.051535e+01
1.260522e+02	-2.056594e+01
1.267802e+02	-2.061255e+01
1.275125e+02	-2.066193e+01
1.282490e+02	-2.071218e+01
1.289898e+02	-2.076242e+01
1.297348e+02	-2.081163e+01
1.304842e+02	-2.086022e+01
1.312378e+02	-2.091148e+01
1.319959e+02	-2.096038e+01
1.327583e+02	-2.100990e+01
1.335251e+02	-2.106095e+01
1.342963e+02	-2.111137e+01
1.350720e+02	-2.115901e+01
1.358522e+02	-2.120946e+01
1.366368e+02	-2.126009e+01
1.374260e+02	-2.130829e+01
1.382198e+02	-2.135943e+01
1.390182e+02	-2.140813e+01
1.398211e+02	-2.145593e+01
1.406287e+02	-2.150656e+01
1.414410e+02	-2.155574e+01
1.422579e+02	-2.160419e+01
1.430796e+02	-2.165720e+01
1.439060e+02	-2.170522e+01
1.447372e+02	-2.175378e+01
1.455732e+02	-2.180570e+01
1.464141e+02	-2.185318e+01
1.472597e+02	-2.190518e+01
1.481103e+02	-2.195280e+01
1.489658e+02	-2.200646e+01
1.498262e+02	-2.205330e+01
1.506916e+02	-2.210252e+01
1.515620e+02	-2.215365e+01
1.524374e+02	-2.220372e+01
1.533179e+02	-2.225079e+01
1.542034e+02	-2.230429e+01
1.550941e+02	-2.235362e+01
1.559899e+02	-2.240141e+01
1.568909e+02	-2.245157e+01
1.577971e+02	-2.249962e+01
1.587085e+02	-2.255164e+01
1.596252e+02	-2.260070e+01
1.605472e+02	-2.264969e+01
1.614745e+02	-2.270116e+01
1.624072e+02	-2.275006e+01
1.633453e+02	-2.280112e+01
1.642887e+02	-2.284869e+01
1.652377e+02	-2.290000e+01
1.661921e+02	-2.294994e+01
1.671520e+02	-2.299903e+01
1.681175e+02	-2.304912e+01
1.690885e+02	-2.309797e+01
1.700651e+02	-2.314848e+01
1.710474e+02	-2.319785e+01
1.720354e+02	-2.324896e+01
1.730291e+02	-2.329694e+01
1.740285e+02	-2.334852e+01
1.750337e+02	-2.339708e+01
1.760446e+02	-2.344828e+01
1.770615e+02	-2.349874e+01
1.780842e+02	-2.354855e+01
1.791128e+02	-2.359787e+01
1.801473e+02	-2.364728e+01
1.811878e+02	-2.369528e+01
1.822344e+02	-2.374808e+01
1.832870e+02	-2.379455e+01
1.843456e+02	-2.384654e+01
1.854104e+02	-2.389690e+01
1.864813e+02	-2.394520e+01
1.875584e+02	-2.399701e+01
1.886418e+02	-2.404514e+01
1.897313e+02	-2.409492e+01
1.908272e+02	-2.414530e+01
1.919294e+02	-2.419658e+01
1.930380e+02	-2.424510e+01
1.941530e+02	-2.429247e+01
1.952744e+02	-2.434592e+01
1.964023e+02	-2.439614e+01
1.975367e+02	-2.444416e+01
1.986777e+02	-2.449603e+01
1.998252e+02	-2.454631e+01
2.009794e+02	-2.459290e+01
2.021403e+02	-2.464548e+01
2.033078e+02	-2.469448e+01
2.044821e+02	-2.474138e+01
2.056632e+02	-2.479633e+01
2.068511e+02	-2.484102e+01
2.080459e+02	-2.489320e+01
2.092475e+02	-2.494455e+01
2.104561e+02	-2.499409e+01
2.116717e+02	-2.504417e+01
2.128943e+02	-2.509255e+01
2.141240e+02	-2.514409e+01
2.153608e+02	-2.519680e+01
2.166047e+02	-2.524621e+01
2.178558e+02	-2.529177e+01
2.191141e+02	-2.534312e+01
2.203797e+02	-2.539360e+01
2.216526e+02	-2.544169e+01
2.229329e+02	-2.549148e+01
2.242205e+02	-2.554053e+01
2.255156e+02	-2.559505e+01
2.268182e+02	-2.564371e+01
2.281283e+02	-2.569245e+01
2.294459e+02	-2.574100e+01
2.307712e+02	-2.579144e+01
2.321041e+02	-2.584329e+01
2.334447e+02	-2.589157e+01
2.347931e+02	-2.594344e+01
2.361493e+02	-2.599517e+01
2.375133e+02	-2.604477e+01
2.388851e+02	-2.609366e+01
2.402649e+02	-2.614278e+01
2.416527e+02	-2.619433e+01
2.430484e+02	-2.624344e+01
2.444523e+02	-2.629083e+01
2.458642e+02	-2.634371e+01
2.472843e+02	-2.639024e+01
2.487126e+02	-2.644102e+01
2.501492e+02	-2.649001e+01
2.515940e+02	-2.654309e+01
2.530472e+02	-2.659063e+01
2.545088e+02	-2.664018e+01
2.559789e+02	-2.669635e+01
2.574574e+02	-2.674163e+01
2.589444e+02	-2.679496e+01
2.604401e+02	-2.684278e+01
2.619444e+02	-2.688975e+01
2.634574e+02	-2.694174e+01
2.649791e+02	-2.699170e+01
2.665096e+02	-2.704064e+01
2.680489e+02	-2.708913e+01
2.695972e+02	-2.714243e+01
2.711544e+02	-2.719076e+01
2.727205e+02	-2.724256e+01
2.742958e+02	-2.729166e+01
2.758801e+02	-2.734528e+01
2.774736e+02	-2.739067e+01
2.790762e+02	-2.743971e+01
2.806882e+02	-2.749204e+01
2.823094e+02	-2.754089e+01
2.839400e+02	-2.758955e+01
2.855800e+02	-2.764310e+01
2.872295e+02	-2.769274e+01
2.888886e+02	-2.774404e+01
2.905572e+02	-2.779287e+01
2.922354e+02	-2.784138e+01
2.939234e+02	-2.789257e+01
2.956211e+02	-2.794135e+01
2.973286e+02	-2.799546e+01
2.990459e+02	-2.804142e+01
3.007732e+02	-2.809223e+01
3.025104e+02	-2.814007e+01
3.042577e+02	-2.819238e+01
3.060151e+02	-2.824378e+01
3.077826e+02	-2.828979e+01
3.095604e+02	-2.834360e+01
3.113484e+02	-2.839081e+01
3.131467e+02	-2.844087e+01
3.149554e+02	-2.849265e+01
3.167746e+02	-2.854721e+01
3.186043e+02	-2.859079e+01
3.204445e+02	-2.864092e+01
3.222954e+02	-2.869067e+01
3.241570e+02	-2.874084e+01
3.260293e+02	-2.879213e+01
3.279124e+02	-2.884608e+01
3.298064e+02	-2.889429e+01
3.317114e+02	-2.894277e+01
3.336273e+02	-2.899464e+01
3.355544e+02	-2.904659e+01
3.374925e+02	-2.909113e+01
3.394418e+02	-2.914426e+01
3.414024e+02	-2.919392e+01
3.433744e+02	-2.924362e+01
3.453577e+02	-2.929719e+01
3.473525e+02	-2.933876e+01
3.493588e+02	-2.939574e+01
3.513766e+02	-2.944689e+01
3.534062e+02	-2.949108e+01
3.554474e+02	-2.954185e+01
3.575005e+02	-2.959240e+01
3.595654e+02	-2.965036e+01
3.616422e+02	-2.969522e+01
3.637311e+02	-2.974216e+01
3.658320e+02	-2.979790e+01
3.679450e+02	-2.984222e+01
3.700702e+02	-2.989019e+01
3.722077e+02	-2.994453e+01
3.743576e+02	-2.999249e+01
3.765199e+02	-3.004525e+01
3.786946e+02	-3.009411e+01
3.808820e+02	-3.014960e+01
3.830819e+02	-3.019656e+01
3.852946e+02	-3.024475e+01
3.875200e+02	-3.029139e+01
3.897583e+02	-3.034243e+01
3.920096e+02	-3.039621e+01
3.942738e+02	-3.044644e+01
3.965511e+02	-3.050161e+01
3.988416e+02	-3.054454e+01
4.011452e+02	-3.059675e+01
4.034622e+02	-3.064918e+01
4.057926e+02	-3.069342e+01
4.081365e+02	-3.074607e+01
4.104938e+02	-3.080161e+01
4.128648e+02	-3.085245e+01
4.152495e+02	-3.089497e+01
4.176480e+02	-3.094575e+01
4.200603e+02	-3.099663e+01
4.224866e+02	-3.104896e+01
4.249268e+02	-3.110028e+01
4.273812e+02	-3.114639e+01
4.298497e+02	-3.120325e+01
4.323325e+02	-3.125186e+01
4.348297e+02	-3.129612e+01
4.373412e+02	-3.134810e+01
4.398673e+02	-3.139968e+01
4.424079e+02	-3.144678e+01
4.449633e+02	-3.150323e+01
4.475334e+02	-3.155554e+01
4.501183e+02	-3.159748e+01
4.527182e+02	-3.164909e+01
4.553330e+02	-3.169826e+01
4.579630e+02	-3.175211e+01
4.606082e+02	-3.180480e+01
4.632687e+02	-3.184904e+01
4.659445e+02	-3.190380e+01
4.686358e+02	-3.194603e+01
4.713426e+02	-3.200050e+01
4.740650e+02	-3.205281e+01
4.768032e+02	-3.209915e+01
4.795572e+02	-3.215239e+01
4.823271e+02	-3.220389e+01
4.851130e+02	-3.225235e+01
4.879150e+02	-3.229875e+01
4.907332e+02	-3.235717e+01
4.935676e+02	-3.240415e+01
4.964185e+02	-3.245569e+01
4.992858e+02	-3.250665e+01
5.021696e+02	-3.255632e+01
5.050701e+02	-3.260475e+01
5.079874e+02	-3.265892e+01
5.109215e+02	-3.270496e+01
5.138726e+02	-3.275267e+01
5.168407e+02	-3.281204e+01
5.198259e+02	-3.285881e+01
5.228284e+02	-3.290656e+01
5.258482e+02	-3.295317e+01
5.288855e+02	-3.300336e+01
5.319403e+02	-3.305591e+01
5.350128e+02	-3.310386e+01
5.381030e+02	-3.315311e+01
5.412111e+02	-3.320972e+01
5.443371e+02	-3.326230e+01
5.474812e+02	-3.330589e+01
5.506434e+02	-3.335750e+01
5.538239e+02	-3.341617e+01
5.570228e+02	-3.346627e+01
5.602401e+02	-3.351250e+01
5.634760e+02	-3.356402e+01
5.667306e+02	-3.360931e+01
5.700040e+02	-3.366222e+01
5.732964e+02	-3.371423e+01
5.766077e+02	-3.376419e+01
5.799382e+02	-3.381463e+01
5.832879e+02	-3.386648e+01
5.866569e+02	-3.390970e+01
5.900454e+02	-3.396464e+01
5.934535e+02	-3.400905e+01
5.968813e+02	-3.406712e+01
6.003288e+02	-3.411345e+01
6.037963e+02	-3.416654e+01
6.072838e+02	-3.420875e+01
6.107914e+02	-3.426913e+01
6.143194e+02	-3.431248e+01
6.178676e+02	-3.437324e+01
6.214364e+02	-3.441189e+01
6.250258e+02	-3.446784e+01
6.286359e+02	-3.451271e+01
6.322669e+02	-3.458289e+01
6.359189e+02	-3.461949e+01
6.395919e+02	-3.467145e+01
6.432862e+02	-3.472063e+01
6.470017e+02	-3.476178e+01
6.507388e+02	-3.481903e+01
6.544974e+02	-3.487387e+01
6.582778e+02	-3.491948e+01
6.620800e+02	-3.498040e+01
6.659041e+02	-3.502709e+01
6.697504e+02	-3.507049e+01
6.736188e+02	-3.512188e+01
6.775096e+02	-3.516752e+01
6.814229e+02	-3.522894e+01
6.853587e+02	-3.527318e+01
6.893173e+02	-3.532939e+01
6.932988e+02	-3.537897e+01
6.973033e+02	-3.543082e+01
7.013309e+02	-3.547701e+01
7.053817e+02	-3.552213e+01
7.094560e+02	-3.558411e+01
7.135538e+02	-3.562793e+01
7.176752e+02	-3.567890e+01
7.218205e+02	-3.572238e+01
7.259897e+02	-3.577660e+01
7.301830e+02	-3.583121e+01
7.344005e+02	-3.587334e+01
7.386424e+02	-3.593386e+01
7.429087e+02	-3.597275e+01
7.471998e+02	-3.603369e+01
7.515155e+02	-3.608638e+01
7.558563e+02	-3.612433e+01
7.602221e+02	-3.618295e+01
7.646131e+02	-3.622561e+01
7.690295e+02	-3.628239e+01
7.734713e+02	-3.633622e+01
7.779389e+02	-3.639853e+01
7.824322e+02	-3.644021e+01
7.869515e+02	-3.649763e+01
7.914969e+02	-3.653044e+01
7.960686e+02	-3.658346e+01
8.006666e+02	-3.664447e+01
8.052912e+02	-3.668320e+01
8.099426e+02	-3.674369e+01
8.146208e+02	-3.678596e+01
8.193260e+02	-3.684199e+01
8.240584e+02	-3.688469e+01
8.288181e+02	-3.694237e+01
8.336053e+02	-3.699076e+01
8.384202e+02	-3.704057e+01
8.432629e+02	-3.709338e+01
8.481335e+02	-3.713560e+01
8.530323e+02	-3.719804e+01
8.579594e+02	-3.724538e+01
8.629149e+02	-3.729980e+01
8.678991e+02	-3.734550e+01
8.729120e+02	-3.740696e+01
8.779539e+02	-3.744818e+01
8.830250e+02	-3.749530e+01
8.881253e+02	-3.755938e+01
8.932551e+02	-3.760107e+01
8.984145e+02	-3.764907e+01
9.036037e+02	-3.770411e+01
9.088229e+02	-3.776024e+01
9.140722e+02	-3.780644e+01
9.193518e+02	-3.786832e+01
9.246620e+02	-3.791165e+01
9.300028e+02	-3.795271e+01
9.353744e+02	-3.801601e+01
9.407771e+02	-3.806573e+01
9.462110e+02	-3.810513e+01
9.516763e+02	-3.815779e+01
9.571731e+02	-3.821333e+01
9.627017e+02	-3.827349e+01
9.682622e+02	-3.830868e+01
9.738549e+02	-3.835906e+01
9.794798e+02	-3.841883e+01
9.851373e+02	-3.846480e+01
9.908274e+02	-3.852636e+01
9.965504e+02	-3.856694e+01
1.002306e+03	-3.861335e+01
1.008096e+03	-3.866930e+01
1.013918e+03	-3.872438e+01
1.019775e+03	-3.877010e+01
1.025665e+03	-3.883101e+01
1.031589e+03	-3.888772e+01
1.037548e+03	-3.893960e+01
1.043540e+03	-3.897377e+01
1.049568e+03	-3.904706e+01
1.055630e+03	-3.908891e+01
1.061727e+03	-3.913774e+01
1.067860e+03	-3.917702e+01
1.074028e+03	-3.922933e+01
1.080231e+03	-3.929714e+01
1.086471e+03	-3.931901e+01
1.092746e+03	-3.939195e+01
1.099058e+03	-3.943660e+01
1.105406e+03	-3.948942e+01
1.111791e+03	-3.953521e+01
1.118212e+03	-3.958535e+01
1.124671e+03	-3.963098e+01
1.131167e+03	-3.970025e+01
1.137701e+03	-3.974463e+01
1.144272e+03	-3.979744e+01
1.150881e+03	-3.985537e+01
1.157529e+03	-3.989252e+01
1.164215e+03	-3.996816e+01
1.170939e+03	-3.999361e+01
1.177702e+03	-4.006150e+01
1.184505e+03	-4.010940e+01
1.191346e+03	-4.016172e+01
1.198227e+03	-4.022710e+01
1.205148e+03	-4.026357e+01
1.212109e+03	-4.030934e+01
1.219110e+03	-4.037732e+01
1.226152e+03	-4.041671e+01
1.233234e+03	-4.046537e+01
1.240357e+03	-4.053522e+01
1.247521e+03	-4.057172e+01
1.254727e+03	-4.062589e+01
1.261974e+03	-4.068712e+01
1.269263e+03	-4.072496e+01
1.276595e+03	-4.079418e+01
1.283968e+03	-4.081668e+01
1.291384e+03	-4.088650e+01
1.298843e+03	-4.093912e+01
1.306345e+03	-4.100667e+01
1.313891e+03	-4.103900e+01
1.321480e+03	-4.110020e+01
1.329113e+03	-4.114131e+01
1.336790e+03	-4.118679e+01
1.344511e+03	-4.122749e+01
1.352277e+03	-4.128560e+01
1.360087e+03	-4.134335e+01
1.367943e+03	-4.140800e+01
1.375844e+03	-4.145618e+01
1.383791e+03	-4.150890e+01
1.391784e+03	-4.155716e+01
1.399823e+03	-4.163145e+01
1.407908e+03	-4.166006e+01
1.416040e+03	-4.170933e+01
1.424219e+03	-4.176363e+01
1.432445e+03	-4.182631e+01
1.440719e+03	-4.185885e+01
1.449041e+03	-4.191604e+01
1.457410e+03	-4.196091e+01
1.465828e+03	-4.202154e+01
1.474295e+03	-4.210388e+01
1.482810e+03	-4.212960e+01
1.491375e+03	-4.217950e+01
1.499989e+03	-4.224402e+01
1.508653e+03	-4.231158e+01
1.517367e+03	-4.233815e+01
1.526131e+03	-4.238602e+01
1.534946e+03	-4.243895e+01
1.543812e+03	-4.248534e+01
1.552729e+03	-4.256053e+01
1.561697e+03	-4.260954e+01
1.570717e+03	-4.264877e+01
1.579790e+03	-4.271428e+01
1.588915e+03	-4.275112e+01
1.598092e+03	-4.278721e+01
1.607323e+03	-4.287341e+01
1.616606e+03	-4.290774e+01
1.625944e+03	-4.297235e+01
1.635335e+03	-4.301603e+01
1.644781e+03	-4.307542e+01
1.654281e+03	-4.314142e+01
1.663836e+03	-4.318485e+01
1.673446e+03	-4.323956e+01
1.683112e+03	-4.329069e+01
1.692834e+03	-4.335858e+01
1.702611e+03	-4.338291e+01
1.712446e+03	-4.343821e+01
1.722337e+03	-4.348355e+01
1.732285e+03	-4.353185e+01
1.742290e+03	-4.359180e+01
1.752354e+03	-4.365991e+01
1.762475e+03	-4.371034e+01
1.772655e+03	-4.377097e+01
1.782894e+03	-4.378807e+01
1.793192e+03	-4.389820e+01
1.803549e+03	-4.391215e+01
1.813967e+03	-4.398254e+01
1.824444e+03	-4.401289e+01
1.834982e+03	-4.408494e+01
1.845581e+03	-4.411872e+01
1.856241e+03	-4.420015e+01
1.866962e+03	-4.426304e+01
1.877746e+03	-4.429377e+01
1.888592e+03	-4.433958e+01
1.899500e+03	-4.439498e+01
1.910472e+03	-4.444167e+01
1.921506e+03	-4.449453e+01
1.932605e+03	-4.457214e+01
1.943768e+03	-4.461662e+01
1.954995e+03	-4.465905e+01
1.966287e+03	-4.472959e+01
1.977644e+03	-4.479241e+01
1.989067e+03	-4.484995e+01
2.000555e+03	-4.489270e+01
2.012110e+03	-4.494059e+01
2.023732e+03	-4.501572e+01
2.035421e+03	-4.505419e+01
2.047178e+03	-4.512154e+01
2.059002e+03	-4.517078e+01
2.070895e+03	-4.521496e+01
2.082856e+03	-4.528838e+01
2.094887e+03	-4.534328e+01
2.106987e+03	-4.532961e+01
2.119157e+03	-4.543607e+01
2.131397e+03	-4.550451e+01
2.143708e+03	-4.554988e+01
2.156090e+03	-4.558873e+01
2.168543e+03	-4.566240e+01
2.181069e+03	-4.570414e+01
2.193666e+03	-4.576390e+01
2.206337e+03	-4.584122e+01
2.219081e+03	-4.588998e+01
2.231898e+03	-4.593011e+01
2.244789e+03	-4.595655e+01
2.257755e+03	-4.603565e+01
2.270796e+03	-4.612003e+01
2.283912e+03	-4.615557e+01
2.297104e+03	-4.619599e+01
2.310372e+03	-4.626883e+01
2.323716e+03	-4.632752e+01
2.337138e+03	-4.638524e+01
2.350637e+03	-4.642147e+01
2.364214e+03	-4.649290e+01
2.377870e+03	-4.654955e+01
2.391604e+03	-4.657663e+01
2.405418e+03	-4.667324e+01
2.419312e+03	-4.671184e+01
2.433286e+03	-4.675547e+01
2.447340e+03	-4.681035e+01
2.461476e+03	-4.690007e+01
2.475693e+03	-4.696289e+01
2.489993e+03	-4.700772e+01
2.504375e+03	-4.703541e+01
2.518840e+03	-4.710972e+01
2.533389e+03	-4.719541e+01
2.548022e+03	-4.723955e+01
2.562739e+03	-4.729625e+01
2.577541e+03	-4.733544e+01
2.592429e+03	-4.737781e+01
2.607403e+03	-4.747290e+01
2.622463e+03	-4.750913e+01
2.637610e+03	-4.759292e+01
2.652845e+03	-4.761480e+01
2.668168e+03	-4.767876e+01
2.683579e+03	-4.775385e+01
2.699079e+03	-4.779221e+01
2.714669e+03	-4.784985e+01
2.730349e+03	-4.794582e+01
2.746119e+03	-4.801798e+01
2.761981e+03	-4.803486e+01
2.777934e+03	-4.808067e+01
2.793979e+03	-4.813465e+01
2.810117e+03	-4.816795e+01
2.826348e+03	-4.827657e+01
2.842673e+03	-4.836029e+01
2.859092e+03	-4.834877e+01
2.875606e+03	-4.845247e+01
2.892215e+03	-4.850123e+01
2.908921e+03	-4.855681e+01
2.925722e+03	-4.860878e+01
2.942621e+03	-4.867566e+01
2.959618e+03	-4.873393e+01
2.976712e+03	-4.878357e+01
2.993906e+03	-4.889459e+01
3.011198e+03	-4.893267e+01
3.028591e+03	-4.897843e+01
3.046084e+03	-4.904588e+01
3.063678e+03	-4.910993e+01
3.081374e+03	-4.913982e+01
3.099172e+03	-4.922515e+01
3.117072e+03	-4.928008e+01
3.135076e+03	-4.932105e+01
3.153184e+03	-4.938478e+01
3.171397e+03	-4.947971e+01
3.189715e+03	-4.950132e+01
3.208139e+03	-4.955491e+01
3.226669e+03	-4.964352e+01
3.245306e+03	-4.970754e+01
3.264051e+03	-4.977245e+01
3.282904e+03	-4.979587e+01
3.301866e+03	-4.990256e+01
3.320937e+03	-4.996004e+01
3.340119e+03	-4.998778e+01
3.359411e+03	-5.011111e+01
3.378815e+03	-5.011275e+01
3.398331e+03	-5.023209e+01
3.417959e+03	-5.027006e+01
3.437701e+03	-5.037894e+01
3.457557e+03	-5.040402e+01
3.477528e+03	-5.047056e+01
3.497614e+03	-5.055186e+01
3.517816e+03	-5.057006e+01
3.538135e+03	-5.067559e+01
3.558571e+03	-5.068573e+01
3.579125e+03	-5.079730e+01
3.599798e+03	-5.088905e+01
3.620590e+03	-5.088396e+01
3.641503e+03	-5.095064e+01
3.662536e+03	-5.103768e+01
3.683691e+03	-5.111280e+01
3.704967e+03	-5.122310e+01
3.726367e+03	-5.121905e+01
3.747890e+03	-5.128665e+01
3.769538e+03	-5.138469e+01
3.791311e+03	-5.142420e+01
3.813209e+03	-5.152511e+01
3.835234e+03	-5.161854e+01
3.857386e+03	-5.163415e+01
3.879667e+03	-5.166970e+01
3.902075e+03	-5.179708e+01
3.924614e+03	-5.183510e+01
3.947282e+03	-5.194282e+01
3.970081e+03	-5.201893e+01
3.993012e+03	-5.196656e+01
4.016076e+03	-5.210043e+01
4.039272e+03	-5.217479e+01
4.062603e+03	-5.219195e+01
4.086069e+03	-5.236074e+01
4.109670e+03	-5.241357e+01
4.133407e+03	-5.246176e+01
4.157281e+03	-5.252753e+01
4.181294e+03	-5.262804e+01
4.205445e+03	-5.276566e+01
4.229735e+03	-5.282091e+01
4.254166e+03	-5.276705e+01
4.278738e+03	-5.289042e+01
4.303451e+03	-5.297329e+01
4.328308e+03	-5.303578e+01
4.353308e+03	-5.301359e+01
4.378453e+03	-5.321182e+01
4.403742e+03	-5.319577e+01
4.429178e+03	-5.333670e+01
4.454761e+03	-5.336911e+01
4.480492e+03	-5.346140e+01
4.506371e+03	-5.352983e+01
4.532399e+03	-5.358058e+01
4.558578e+03	-5.368438e+01
4.584908e+03	-5.379420e+01
4.611391e+03	-5.385099e+01
4.638026e+03	-5.396551e+01
4.664815e+03	-5.393740e+01
4.691759e+03	-5.406970e+01
4.718858e+03	-5.411825e+01
4.746114e+03	-5.428537e+01
4.773527e+03	-5.436597e+01
4.801099e+03	-5.436824e+01
4.828830e+03	-5.451021e+01
4.856721e+03	-5.452785e+01
4.884773e+03	-5.462288e+01
4.912988e+03	-5.466389e+01
4.941365e+03	-5.479141e+01
4.969906e+03	-5.484977e+01
4.998612e+03	-5.492315e+01
5.027484e+03	-5.500256e+01
5.056522e+03	-5.520334e+01
5.085729e+03	-5.534118e+01
5.115104e+03	-5.526693e+01
5.144648e+03	-5.536905e+01
5.174363e+03	-5.549393e+01
5.204250e+03	-5.555488e+01
5.234310e+03	-5.567488e+01
5.264543e+03	-5.569347e+01
5.294951e+03	-5.584983e+01
5.325534e+03	-5.589843e+01
5.356294e+03	-5.593860e+01
5.387232e+03	-5.601637e+01
5.418348e+03	-5.613254e+01
5.449645e+03	-5.624388e+01
5.481122e+03	-5.635066e+01
5.512780e+03	-5.642470e+01
5.544622e+03	-5.658243e+01
5.576647e+03	-5.664439e+01
5.608858e+03	-5.663610e+01
5.641254e+03	-5.676091e+01
5.673838e+03	-5.697963e+01
5.706610e+03	-5.697530e+01
5.739571e+03	-5.702833e+01
5.772723e+03	-5.716428e+01
5.806066e+03	-5.733737e+01
5.839601e+03	-5.735742e+01
5.873331e+03	-5.752531e+01
5.907255e+03	-5.749794e+01
5.941375e+03	-5.766890e+01
5.975692e+03	-5.767435e+01
6.010207e+03	-5.784113e+01
6.044922e+03	-5.797716e+01
6.079837e+03	-5.803875e+01
6.114954e+03	-5.810186e+01
6.150274e+03	-5.825162e+01
6.185797e+03	-5.843681e+01
6.221526e+03	-5.840568e+01
6.257462e+03	-5.875871e+01
6.293605e+03	-5.877122e+01
6.329956e+03	-5.877518e+01
6.366518e+03	-5.899603e+01
6.403290e+03	-5.916192e+01
6.440276e+03	-5.912581e+01
6.477474e+03	-5.921525e+01
6.514888e+03	-5.934976e+01
6.552518e+03	-5.949054e+01
6.590365e+03	-5.961136e+01
6.628430e+03	-5.955537e+01
6.666716e+03	-5.968017e+01
6.705223e+03	-5.984504e+01
6.743952e+03	-5.989707e+01
6.782905e+03	-6.020224e+01
6.822082e+03	-6.017493e+01
6.861486e+03	-6.040418e+01
6.901118e+03	-6.038605e+01
6.940979e+03	-6.068388e+01
6.981069e+03	-6.070715e+01
7.021392e+03	-6.088431e+01
7.061947e+03	-6.089986e+01
7.102737e+03	-6.100257e+01
7.143762e+03	-6.113202e+01
7.185024e+03	-6.114884e+01
7.226524e+03	-6.139081e+01
7.268264e+03	-6.137560e+01
7.310246e+03	-6.158067e+01
7.352469e+03	-6.165050e+01
7.394937e+03	-6.199934e+01
7.437650e+03	-6.187403e+01
7.480609e+03	-6.211173e+01
7.523817e+03	-6.203328e+01
7.567274e+03	-6.215457e+01
7.610982e+03	-6.226833e+01
7.654943e+03	-6.255312e+01
7.699158e+03	-6.225100e+01
7.743628e+03	-6.220678e+01
7.788355e+03	-6.243087e+01
7.833340e+03	-6.218722e+01
7.878585e+03	-6.225172e+01
7.924091e+03	-6.246941e+01
7.969861e+03	-6.227147e+01
8.015894e+03	-6.202042e+01
8.062194e+03	-6.195730e+01
8.108761e+03	-6.183070e+01
8.155596e+03	-6.132392e+01
8.202703e+03	-6.084337e+01
8.250081e+03	-6.057054e+01
8.297733e+03	-6.006085e+01
8.345661e+03	-5.974042e+01
8.393865e+03	-5.994446e+01
8.442348e+03	-6.088137e+01
8.491110e+03	-6.306226e+01
8.540155e+03	-6.568322e+01
8.589482e+03	-6.854873e+01
8.639095e+03	-7.148810e+01
8.688994e+03	-7.460393e+01
8.739181e+03	-7.807249e+01
8.789658e+03	-8.398896e+01
8.840427e+03	-8.948475e+01
8.891489e+03	-9.124361e+01
8.942846e+03	-9.901822e+01
8.994499e+03	-9.890212e+01
9.046451e+03	-1.018132e+02
9.098703e+03	-9.894029e+01
9.151257e+03	-9.286351e+01
9.204114e+03	-9.699336e+01
9.257277e+03	-9.462890e+01
9.310746e+03	-9.457243e+01
9.364525e+03	-9.308500e+01
9.418614e+03	-8.894211e+01
9.473015e+03	-8.642352e+01
9.527731e+03	-8.382959e+01
9.582763e+03	-8.280737e+01
9.638113e+03	-8.355871e+01
9.693782e+03	-8.125366e+01
9.749773e+03	-7.929045e+01
9.806087e+03	-7.959363e+01
9.862727e+03	-7.982735e+01
9.919693e+03	-7.782065e+01
9.976989e+03	-7.751172e+01
1.003462e+04	-7.608670e+01
1.009258e+04	-7.558534e+01
1.015087e+04	-7.637325e+01
1.020950e+04	-7.468800e+01
1.026847e+04	-7.503028e+01
1.032778e+04	-7.413053e+01
1.038743e+04	-7.361089e+01
1.044743e+04	-7.334981e+01
1.050777e+04	-7.247702e+01
1.056847e+04	-7.191692e+01
1.062951e+04	-7.154664e+01
1.069091e+04	-7.144891e+01
1.075266e+04	-7.117471e+01
1.081476e+04	-7.058074e+01
1.087723e+04	-7.016602e+01
1.094006e+04	-6.969038e+01
1.100324e+04	-6.965493e+01
1.106680e+04	-6.900647e+01
1.113072e+04	-6.845841e+01
1.119501e+04	-6.809995e+01
1.125967e+04	-6.820679e+01
1.132471e+04	-6.779728e+01
1.139012e+04	-6.776381e+01
1.145591e+04	-6.715164e+01
1.152208e+04	-6.715726e+01
1.158863e+04	-6.701071e+01
1.165556e+04	-6.723898e+01
1.172289e+04	-6.656235e+01
1.179060e+04	-6.619249e+01
1.185870e+04	-6.600794e+01
1.192719e+04	-6.556723e+01
1.199608e+04	-6.534910e+01
1.206537e+04	-6.507163e+01
1.213506e+04	-6.516659e+01
1.220515e+04	-6.481661e+01
1.227565e+04	-6.464503e+01
1.234655e+04	-6.451920e+01
1.241787e+04	-6.420456e+01
1.248959e+04	-6.376291e+01
1.256173e+04	-6.419761e+01
1.263429e+04	-6.377870e+01
1.270726e+04	-6.344309e+01
1.278066e+04	-6.334075e+01
1.285448e+04	-6.304349e+01
1.292873e+04	-6.306137e+01
1.300340e+04	-6.293775e+01
1.307851e+04	-6.239223e+01
1.315405e+04	-6.246788e+01
1.323003e+04	-6.244701e+01
1.330644e+04	-6.225564e+01
1.338330e+04	-6.196376e+01
1.346060e+04	-6.171525e+01
1.353835e+04	-6.180005e+01
1.361655e+04	-6.155725e+01
1.369520e+04	-6.157088e+01
1.377430e+04	-6.113944e+01
1.385386e+04	-6.114559e+01
1.393388e+04	-6.083820e+01
1.401436e+04	-6.084477e+01
1.409531e+04	-6.086464e+01
1.417672e+04	-6.047175e+01
1.425861e+04	-6.028516e+01
1.434096e+04	-6.016163e+01
1.442379e+04	-6.001771e+01
1.450711e+04	-5.995767e+01
1.459090e+04	-5.987071e+01
1.467518e+04	-5.977091e+01
1.475994e+04	-5.975057e+01
1.484519e+04	-5.956849e+01
1.493094e+04	-5.946310e+01
1.501718e+04	-5.929633e+01
1.510392e+04	-5.912279e+01
1.519116e+04	-5.896020e+01
1.527890e+04	-5.897884e+01
1.536715e+04	-5.884910e+01
1.545591e+04	-5.868271e+01
1.554518e+04	-5.860717e+01
1.563497e+04	-5.852692e+01
1.572528e+04	-5.828768e+01
1.581611e+04	-5.830960e+01
1.590746e+04	-5.820053e+01
1.599934e+04	-5.795040e+01
1.609175e+04	-5.796554e+01
1.618470e+04	-5.798443e+01
1.627818e+04	-5.757422e+01
1.637220e+04	-5.766334e+01
1.646677e+04	-5.760061e+01
1.656188e+04	-5.724403e+01
1.665754e+04	-5.738861e+01
1.675375e+04	-5.727280e+01
1.685052e+04	-5.726276e+01
1.694785e+04	-5.705811e+01
1.704574e+04	-5.696841e+01
1.714419e+04	-5.689968e+01
1.724322e+04	-5.664287e+01
1.734281e+04	-5.667087e+01
1.744299e+04	-5.656765e+01
1.754374e+04	-5.645767e+01
1.764507e+04	-5.638412e+01
1.774698e+04	-5.625388e+01
1.784949e+04	-5.608567e+01
1.795259e+04	-5.609313e+01
1.805628e+04	-5.597979e+01
1.816057e+04	-5.594783e+01
1.826547e+04	-5.580527e+01
1.837097e+04	-5.579330e+01
1.847708e+04	-5.564359e+01
1.858380e+04	-5.543736e+01
1.869114e+04	-5.552435e+01
1.879910e+04	-5.539560e+01
1.890768e+04	-5.523004e+01
1.901689e+04	-5.520098e+01
1.912673e+04	-5.506147e+01
1.923721e+04	-5.506297e+01
1.934832e+04	-5.494249e+01
1.946008e+04	-5.488827e+01
1.957248e+04	-5.472268e+01
1.968553e+04	-5.467420e+01
1.979923e+04	-5.466830e+01
1.991359e+04	-5.453011e+01
2.002861e+04	-5.442921e+01
2.014430e+04	-5.436443e+01
2.026065e+04	-5.430775e+01
2.037767e+04	-5.415827e+01
2.049537e+04	-5.421218e+01
2.061375e+04	-5.411481e+01
2.073282e+04	-5.400477e+01
2.085257e+04	-5.395973e+01
2.097301e+04	-5.388884e+01
2.109415e+04	-5.375657e+01
2.121599e+04	-5.370123e+01
2.133853e+04	-5.367039e+01
2.146178e+04	-5.350147e+01
2.158575e+04	-5.349460e+01
2.171043e+04	-5.335031e+01
2.183582e+04	-5.326211e+01
2.196195e+04	-5.326654e+01
2.208880e+04	-5.318332e+01
2.221638e+04	-5.306630e+01
2.234470e+04	-5.295881e+01
2.247377e+04	-5.297067e+01
2.260357e+04	-5.275686e+01
2.273413e+04	-5.274089e+01
2.286544e+04	-5.267858e+01
2.299751e+04	-5.268234e+01
2.313034e+04	-5.261584e+01
2.326394e+04	-5.247653e+01
2.339832e+04	-5.242122e+01
2.353346e+04	-5.242236e+01
2.366939e+04	-5.228385e+01
2.380610e+04	-5.224130e+01
2.394361e+04	-5.214960e+01
2.408191e+04	-5.206854e+01
2.422100e+04	-5.213014e+01
2.436090e+04	-5.195834e+01
2.450161e+04	-5.192516e+01
2.464313e+04	-5.183238e+01
2.478547e+04	-5.172110e+01
2.492863e+04	-5.166700e+01
2.507261e+04	-5.161357e+01
2.521743e+04	-5.160674e+01
2.536309e+04	-5.145843e+01
2.550958e+04	-5.139166e+01
2.565692e+04	-5.138837e+01
2.580512e+04	-5.128014e+01
2.595417e+04	-5.124098e+01
2.610408e+04	-5.115815e+01
2.625485e+04	-5.107024e+01
2.640650e+04	-5.104951e+01
2.655902e+04	-5.091608e+01
2.671243e+04	-5.091087e+01
2.686672e+04	-5.079480e+01
2.702190e+04	-5.078943e+01
2.717798e+04	-5.066025e+01
2.733495e+04	-5.058248e+01
2.749284e+04	-5.057106e+01
2.765164e+04	-5.048700e+01
2.781135e+04	-5.041766e+01
2.797199e+04	-5.036780e+01
2.813355e+04	-5.033450e+01
2.829605e+04	-5.025034e+01
2.845949e+04	-5.018836e+01
2.862387e+04	-5.011976e+01
2.878920e+04	-4.998507e+01
2.895549e+04	-4.998334e+01
2.912273e+04	-4.991856e+01
2.929094e+04	-4.987643e+01
2.946013e+04	-4.981063e+01
2.963029e+04	-4.974977e+01
2.980143e+04	-4.966158e+01
2.997356e+04	-4.959008e+01
3.014669e+04	-4.956102e+01
3.032081e+04	-4.951450e+01
3.049595e+04	-4.946582e+01
3.067209e+04	-4.937224e+01
3.084925e+04	-4.931239e+01
3.102743e+04	-4.924763e+01
3.120665e+04	-4.920236e+01
3.138690e+04	-4.911319e+01
3.156819e+04	-4.903979e+01
3.175052e+04	-4.900038e+01
3.193391e+04	-4.895095e+01
3.211836e+04	-4.887020e+01
3.230388e+04	-4.883694e+01
3.249046e+04	-4.877465e+01
3.267812e+04	-4.873168e+01
3.286687e+04	-4.865479e+01
3.305671e+04	-4.859605e+01
3.324764e+04	-4.853164e+01
3.343968e+04	-4.847652e+01
3.363283e+04	-4.839341e+01
3.382709e+04	-4.831715e+01
3.402247e+04	-4.830762e+01
3.421899e+04	-4.823900e+01
3.441663e+04	-4.817228e+01
3.461542e+04	-4.811234e+01
3.481536e+04	-4.806338e+01
3.501645e+04	-4.796959e+01
3.521871e+04	-4.792797e+01
3.542213e+04	-4.791069e+01
3.562672e+04	-4.783350e+01
3.583250e+04	-4.777021e+01
3.603947e+04	-4.764782e+01
3.624763e+04	-4.768071e+01
3.645700e+04	-4.760903e+01
3.666757e+04	-4.754055e+01
3.687936e+04	-4.748103e+01
3.709238e+04	-4.743337e+01
3.730662e+04	-4.736262e+01
3.752210e+04	-4.732083e+01
3.773883e+04	-4.724669e+01
3.795680e+04	-4.721612e+01
3.817604e+04	-4.714809e+01
3.839654e+04	-4.706219e+01
3.861832e+04	-4.704148e+01
3.884138e+04	-4.695579e+01
3.906573e+04	-4.686105e+01
3.929137e+04	-4.689678e+01
3.951831e+04	-4.681259e+01
3.974657e+04	-4.672806e+01
3.997614e+04	-4.664986e+01
4.020704e+04	-4.663135e+01
4.043928e+04	-4.660315e+01
4.067285e+04	-4.651360e+01
4.090778e+04	-4.646925e+01
4.114406e+04	-4.641032e+01
4.138171e+04	-4.632286e+01
4.162073e+04	-4.626883e+01
4.186113e+04	-4.626665e+01
4.210291e+04	-4.616836e+01
4.234610e+04	-4.611413e+01
4.259069e+04	-4.604438e+01
4.283669e+04	-4.599632e+01
4.308411e+04	-4.596770e+01
4.333297e+04	-4.592543e+01
4.358325e+04	-4.583300e+01
4.383499e+04	-4.575991e+01
4.408818e+04	-4.573628e+01
4.434283e+04	-4.569320e+01
4.459895e+04	-4.559834e+01
4.485655e+04	-4.558559e+01
4.511564e+04	-4.550401e+01
4.537623e+04	-4.545805e+01
4.563832e+04	-4.542939e+01
4.590193e+04	-4.535806e+01
4.616705e+04	-4.529248e+01
4.643371e+04	-4.524260e+01
4.670191e+04	-4.520432e+01
4.697166e+04	-4.512895e+01
4.724297e+04	-4.506548e+01
4.751584e+04	-4.502736e+01
4.779029e+04	-4.497415e+01
4.806633e+04	-4.490563e+01
4.834395e+04	-4.490852e+01
4.862319e+04	-4.479912e+01
4.890403e+04	-4.476227e+01
4.918650e+04	-4.471008e+01
4.947060e+04	-4.464660e+01
4.975634e+04	-4.458281e+01
5.004373e+04	-4.452633e+01
5.033278e+04	-4.448098e+01
5.062350e+04	-4.443313e+01
5.091590e+04	-4.436032e+01
5.120999e+04	-4.431192e+01
5.150578e+04	-4.425862e+01
5.180327e+04	-4.421531e+01
5.210248e+04	-4.416865e+01
5.240343e+04	-4.411118e+01
5.270611e+04	-4.403737e+01
5.301053e+04	-4.400036e+01
5.331672e+04	-4.394864e+01
5.362468e+04	-4.388840e+01
5.393441e+04	-4.384499e+01
5.424593e+04	-4.377749e+01
5.455926e+04	-4.372628e+01
5.487439e+04	-4.370408e+01
5.519134e+04	-4.361820e+01
5.551012e+04	-4.356844e+01
5.583075e+04	-4.350334e+01
5.615322e+04	-4.346394e+01
5.647756e+04	-4.339537e+01
5.680377e+04	-4.336370e+01
5.713187e+04	-4.329817e+01
5.746186e+04	-4.325294e+01
5.779376e+04	-4.321521e+01
5.812757e+04	-4.314281e+01
5.846332e+04	-4.309741e+01
5.880100e+04	-4.305027e+01
5.914063e+04	-4.297961e+01
5.948222e+04	-4.293452e+01
5.982579e+04	-4.288600e+01
6.017134e+04	-4.285085e+01
6.051889e+04	-4.277594e+01
6.086844e+04	-4.273041e+01
6.122002e+04	-4.267138e+01
6.157362e+04	-4.262892e+01
6.192927e+04	-4.256767e+01
6.228697e+04	-4.252015e+01
6.264674e+04	-4.246397e+01
6.300858e+04	-4.241229e+01
6.337252e+04	-4.235785e+01
6.373855e+04	-4.232346e+01
6.410670e+04	-4.227181e+01
6.447698e+04	-4.220154e+01
6.484940e+04	-4.214385e+01
6.522397e+04	-4.211013e+01
6.560070e+04	-4.204345e+01
6.597960e+04	-4.199983e+01
6.636070e+04	-4.194410e+01
6.674400e+04	-4.189887e+01
6.712951e+04	-4.183742e+01
6.751724e+04	-4.177531e+01
6.790722e+04	-4.172770e+01
6.829945e+04	-4.168501e+01
6.869395e+04	-4.163713e+01
6.909072e+04	-4.156732e+01
6.948978e+04	-4.151972e+01
6.989115e+04	-4.147317e+01
7.029484e+04	-4.142839e+01
7.070086e+04	-4.135408e+01
7.110923e+04	-4.132582e+01
7.151995e+04	-4.125616e+01
7.193305e+04	-4.121464e+01
7.234853e+04	-4.116517e+01
7.276641e+04	-4.111710e+01
7.318671e+04	-4.107584e+01
7.360943e+04	-4.100668e+01
7.403460e+04	-4.094639e+01
7.446222e+04	-4.090733e+01
7.489231e+04	-4.084652e+01
7.532488e+04	-4.080545e+01
7.575996e+04	-4.076128e+01
7.619754e+04	-4.071794e+01
7.663766e+04	-4.063486e+01
7.708031e+04	-4.059970e+01
7.752553e+04	-4.054307e+01
7.797331e+04	-4.050043e+01
7.842368e+04	-4.044967e+01
7.887665e+04	-4.038716e+01
7.933224e+04	-4.033934e+01
7.979046e+04	-4.028679e+01
8.025133e+04	-4.021934e+01
8.071486e+04	-4.017413e+01
8.118106e+04	-4.013089e+01
8.164996e+04	-4.008234e+01
8.212157e+04	-4.003173e+01
8.259590e+04	-3.997568e+01
8.307297e+04	-3.991864e+01
8.355279e+04	-3.987682e+01
8.403539e+04	-3.981240e+01
8.452078e+04	-3.977337e+01
8.500897e+04	-3.971426e+01
8.549997e+04	-3.967451e+01
8.599382e+04	-3.961763e+01
8.649052e+04	-3.956493e+01
8.699008e+04	-3.950513e+01
8.749253e+04	-3.944985e+01
8.799789e+04	-3.941020e+01
8.850616e+04	-3.936250e+01
8.901737e+04	-3.931530e+01
8.953153e+04	-3.925960e+01
9.004866e+04	-3.920418e+01
9.056877e+04	-3.915043e+01
9.109190e+04	-3.912305e+01
9.161804e+04	-3.905758e+01
9.214722e+04	-3.899370e+01
9.267946e+04	-3.895139e+01
9.321477e+04	-3.890179e+01
9.375318e+04	-3.883959e+01
9.429469e+04	-3.881042e+01
9.483933e+04	-3.874285e+01
9.538712e+04	-3.869456e+01
9.593807e+04	-3.864530e+01
9.649221e+04	-3.859553e+01
9.704954e+04	-3.854352e+01
9.761010e+04	-3.849324e+01
9.817389e+04	-3.844799e+01
9.874094e+04	-3.838486e+01
9.931126e+04	-3.833880e+01
9.988488e+04	-3.828722e+01
1.004618e+05	-3.823370e+01
1.010421e+05	-3.818247e+01
1.016257e+05	-3.814003e+01
1.022127e+05	-3.807554e+01
1.028031e+05	-3.802727e+01
1.033968e+05	-3.798223e+01
1.039941e+05	-3.794109e+01
1.045947e+05	-3.788002e+01
1.051989e+05	-3.783204e+01
1.058065e+05	-3.778079e+01
1.064176e+05	-3.773930e+01
1.070323e+05	-3.768806e+01
1.076505e+05	-3.762117e+01
1.082723e+05	-3.757257e+01
1.088977e+05	-3.753077e+01
1.095266e+05	-3.747762e+01
1.101593e+05	-3.742399e+01
1.107955e+05	-3.736634e+01
1.114355e+05	-3.731834e+01
1.120791e+05	-3.728451e+01
1.127265e+05	-3.721543e+01
1.133776e+05	-3.716510e+01
1.140325e+05	-3.712882e+01
1.146911e+05	-3.706478e+01
1.153536e+05	-3.701091e+01
1.160198e+05	-3.697662e+01
1.166900e+05	-3.690991e+01
1.173640e+05	-3.686811e+01
1.180419e+05	-3.681925e+01
1.187237e+05	-3.676313e+01
1.194094e+05	-3.671740e+01
1.200991e+05	-3.666564e+01
1.207928e+05	-3.660147e+01
1.214905e+05	-3.657562e+01
1.221922e+05	-3.651334e+01
1.228980e+05	-3.646506e+01
1.236078e+05	-3.640362e+01
1.243218e+05	-3.635507e+01
1.250399e+05	-3.631266e+01
1.257621e+05	-3.625907e+01
1.264885e+05	-3.620319e+01
1.272191e+05	-3.615234e+01
1.279539e+05	-3.611375e+01
1.286930e+05	-3.606491e+01
1.294363e+05	-3.600037e+01
1.301839e+05	-3.596121e+01
1.309358e+05	-3.590190e+01
1.316921e+05	-3.585913e+01
1.324528e+05	-3.580240e+01
1.332178e+05	-3.576378e+01
1.339873e+05	-3.571041e+01
1.347612e+05	-3.565303e+01
1.355395e+05	-3.560114e+01
1.363224e+05	-3.555987e+01
1.371098e+05	-3.549928e+01
1.379018e+05	-3.544514e+01
1.386983e+05	-3.539391e+01
1.394994e+05	-3.534710e+01
1.403051e+05	-3.530107e+01
1.411155e+05	-3.525532e+01
1.419306e+05	-3.519640e+01
1.427504e+05	-3.514360e+01
1.435749e+05	-3.509127e+01
1.444042e+05	-3.505120e+01
1.452383e+05	-3.499970e+01
1.460772e+05	-3.494867e+01
1.469209e+05	-3.489376e+01
1.477695e+05	-3.484706e+01
1.486230e+05	-3.479040e+01
1.494814e+05	-3.474973e+01
1.503448e+05	-3.469473e+01
1.512132e+05	-3.464842e+01
1.520866e+05	-3.460376e+01
1.529651e+05	-3.454333e+01
1.538486e+05	-3.450413e+01
1.547372e+05	-3.444602e+01
1.556310e+05	-3.439371e+01
1.565299e+05	-3.435011e+01
1.574340e+05	-3.429641e+01
1.583433e+05	-3.424349e+01
1.592579e+05	-3.419628e+01
1.601778e+05	-3.414393e+01
1.611030e+05	-3.410059e+01
1.620335e+05	-3.404632e+01
1.629694e+05	-3.399071e+01
1.639107e+05	-3.394549e+01
1.648574e+05	-3.389068e+01
1.658097e+05	-3.383607e+01
1.667674e+05	-3.379229e+01
1.677306e+05	-3.373846e+01
1.686994e+05	-3.369660e+01
1.696738e+05	-3.364415e+01
1.706538e+05	-3.359763e+01
1.716395e+05	-3.353561e+01
1.726309e+05	-3.348537e+01
1.736280e+05	-3.343807e+01
1.746309e+05	-3.339487e+01
1.756395e+05	-3.334415e+01
1.766540e+05	-3.329305e+01
1.776744e+05	-3.324692e+01
1.787006e+05	-3.319419e+01
1.797328e+05	-3.313688e+01
1.807709e+05	-3.309122e+01
1.818150e+05	-3.304345e+01
1.828652e+05	-3.299450e+01
1.839214e+05	-3.294295e+01
1.849837e+05	-3.288916e+01
1.860522e+05	-3.283596e+01
1.871268e+05	-3.279040e+01
1.882077e+05	-3.273280e+01
1.892948e+05	-3.268652e+01
1.903881e+05	-3.264042e+01
1.914878e+05	-3.258942e+01
1.925938e+05	-3.253923e+01
1.937062e+05	-3.248298e+01
1.948251e+05	-3.243923e+01
1.959504e+05	-3.239613e+01
1.970822e+05	-3.233803e+01
1.982205e+05	-3.228321e+01
1.993654e+05	-3.224002e+01
2.005169e+05	-3.218907e+01
2.016751e+05	-3.213609e+01
2.028400e+05	-3.208103e+01
2.040116e+05	-3.204118e+01
2.051899e+05	-3.198140e+01
2.063751e+05	-3.194076e+01
2.075671e+05	-3.188569e+01
2.087660e+05	-3.183751e+01
2.099719e+05	-3.178828e+01
2.111846e+05	-3.173738e+01
2.124044e+05	-3.168107e+01
2.136313e+05	-3.163528e+01
2.148652e+05	-3.157853e+01
2.161063e+05	-3.153489e+01
2.173545e+05	-3.148686e+01
2.186099e+05	-3.143325e+01
2.198726e+05	-3.138327e+01
2.211426e+05	-3.133365e+01
2.224199e+05	-3.128528e+01
2.237046e+05	-3.123303e+01
2.249967e+05	-3.117854e+01
2.262962e+05	-3.113526e+01
2.276033e+05	-3.108502e+01
2.289179e+05	-3.103119e+01
2.302402e+05	-3.098842e+01
2.315700e+05	-3.093256e+01
2.329076e+05	-3.088568e+01
2.342528e+05	-3.083017e+01
2.356059e+05	-3.078266e+01
2.369667e+05	-3.073626e+01
2.383354e+05	-3.068401e+01
2.397120e+05	-3.063532e+01
2.410966e+05	-3.058594e+01
2.424892e+05	-3.053114e+01
2.438898e+05	-3.048577e+01
2.452985e+05	-3.043490e+01
2.467153e+05	-3.038012e+01
2.481403e+05	-3.033530e+01
2.495736e+05	-3.028281e+01
2.510151e+05	-3.023703e+01
2.524650e+05	-3.018822e+01
2.539232e+05	-3.013380e+01
2.553898e+05	-3.008112e+01
2.568650e+05	-3.003728e+01
2.583486e+05	-2.998220e+01
2.598408e+05	-2.993642e+01
2.613416e+05	-2.988844e+01
2.628511e+05	-2.983691e+01
2.643694e+05	-2.978609e+01
2.658963e+05	-2.973388e+01
2.674321e+05	-2.968477e+01
2.689768e+05	-2.963607e+01
2.705304e+05	-2.958716e+01
2.720930e+05	-2.953367e+01
2.736646e+05	-2.949216e+01
2.752453e+05	-2.943955e+01
2.768351e+05	-2.938650e+01
2.784341e+05	-2.933958e+01
2.800423e+05	-2.928467e+01
2.816598e+05	-2.923554e+01
2.832867e+05	-2.918875e+01
2.849229e+05	-2.913731e+01
2.865686e+05	-2.909192e+01
2.882238e+05	-2.903943e+01
2.898886e+05	-2.899113e+01
2.915630e+05	-2.893962e+01
2.932470e+05	-2.888762e+01
2.949408e+05	-2.883887e+01
2.966444e+05	-2.878753e+01
2.983578e+05	-2.873638e+01
3.000811e+05	-2.869066e+01
3.018143e+05	-2.864136e+01
3.035576e+05	-2.859128e+01
3.053109e+05	-2.853904e+01
3.070744e+05	-2.848723e+01
3.088481e+05	-2.843869e+01
3.106320e+05	-2.838871e+01
3.124261e+05	-2.834198e+01
3.142307e+05	-2.828642e+01
3.160457e+05	-2.823971e+01
3.178712e+05	-2.819164e+01
3.197072e+05	-2.814327e+01
3.215538e+05	-2.809337e+01
3.234111e+05	-2.804375e+01
3.252791e+05	-2.799044e+01
3.271579e+05	-2.794275e+01
3.290475e+05	-2.789441e+01
3.309481e+05	-2.784196e+01
3.328596e+05	-2.779347e+01
3.347822e+05	-2.774511e+01
3.367159e+05	-2.769185e+01
3.386608e+05	-2.764044e+01
3.406169e+05	-2.759436e+01
3.425842e+05	-2.754295e+01
3.445630e+05	-2.749696e+01
3.465532e+05	-2.744658e+01
3.485549e+05	-2.739588e+01
3.505681e+05	-2.734285e+01
3.525930e+05	-2.729925e+01
3.546295e+05	-2.724535e+01
3.566778e+05	-2.719564e+01
3.587380e+05	-2.714862e+01
3.608101e+05	-2.709847e+01
3.628941e+05	-2.704869e+01
3.649901e+05	-2.700035e+01
3.670983e+05	-2.694651e+01
3.692187e+05	-2.689869e+01
3.713513e+05	-2.685159e+01
3.734962e+05	-2.679687e+01
3.756535e+05	-2.675007e+01
3.778232e+05	-2.669961e+01
3.800055e+05	-2.665175e+01
3.822004e+05	-2.660207e+01
3.844080e+05	-2.655029e+01
3.866283e+05	-2.650179e+01
3.888615e+05	-2.645304e+01
3.911075e+05	-2.640036e+01
3.933665e+05	-2.635495e+01
3.956386e+05	-2.630565e+01
3.979238e+05	-2.625225e+01
4.002222e+05	-2.620281e+01
4.025338e+05	-2.615757e+01
4.048589e+05	-2.610232e+01
4.071973e+05	-2.605826e+01
4.095493e+05	-2.600276e+01
4.119148e+05	-2.595673e+01
4.142940e+05	-2.590513e+01
4.166870e+05	-2.585739e+01
4.190937e+05	-2.580818e+01
4.215144e+05	-2.575623e+01
4.239490e+05	-2.571079e+01
4.263978e+05	-2.566143e+01
4.288606e+05	-2.560659e+01
4.313377e+05	-2.556095e+01
4.338291e+05	-2.551022e+01
4.363349e+05	-2.546060e+01
4.388551e+05	-2.541396e+01
4.413899e+05	-2.536122e+01
4.439394e+05	-2.531493e+01
4.465035e+05	-2.526424e+01
4.490825e+05	-2.521326e+01
4.516764e+05	-2.516513e+01
4.542853e+05	-2.511880e+01
4.569092e+05	-2.506466e+01
4.595483e+05	-2.501585e+01
4.622026e+05	-2.496522e+01
4.648723e+05	-2.491798e+01
4.675574e+05	-2.486770e+01
4.702580e+05	-2.481883e+01
4.729742e+05	-2.477200e+01
4.757060e+05	-2.471870e+01
4.784537e+05	-2.467263e+01
4.812172e+05	-2.462156e+01
4.839967e+05	-2.457228e+01
4.867923e+05	-2.452180e+01
4.896040e+05	-2.447355e+01
4.924319e+05	-2.442777e+01
4.952762e+05	-2.437435e+01
4.981369e+05	-2.432590e+01
5.010141e+05	-2.427466e+01
5.039079e+05	-2.422597e+01
5.068185e+05	-2.417723e+01
5.097458e+05	-2.412781e+01
5.126901e+05	-2.407711e+01
5.156514e+05	-2.402986e+01
5.186298e+05	-2.398282e+01
5.216253e+05	-2.393093e+01
5.246382e+05	-2.388067e+01
5.276685e+05	-2.383310e+01
5.307163e+05	-2.378445e+01
5.337817e+05	-2.373327e+01
5.368648e+05	-2.368369e+01
5.399657e+05	-2.363426e+01
5.430845e+05	-2.358624e+01
5.462214e+05	-2.353626e+01
5.493763e+05	-2.349029e+01
5.525495e+05	-2.343842e+01
5.557410e+05	-2.338850e+01
5.589509e+05	-2.333959e+01
5.621794e+05	-2.329263e+01
5.654265e+05	-2.324222e+01
5.686924e+05	-2.319377e+01
5.719772e+05	-2.314405e+01
5.752809e+05	-2.309437e+01
5.786037e+05	-2.304549e+01
5.819457e+05	-2.299422e+01
5.853070e+05	-2.294815e+01
5.886877e+05	-2.289694e+01
5.920879e+05	-2.284884e+01
5.955078e+05	-2.280149e+01
5.989474e+05	-2.275308e+01
6.024069e+05	-2.269924e+01
6.058864e+05	-2.265262e+01
6.093860e+05	-2.260442e+01
6.129058e+05	-2.255364e+01
6.164459e+05	-2.250736e+01
6.200064e+05	-2.245783e+01
6.235876e+05	-2.240765e+01
6.271894e+05	-2.236001e+01
6.308120e+05	-2.231219e+01
6.344555e+05	-2.226283e+01
6.381201e+05	-2.221363e+01
6.418059e+05	-2.216464e+01
6.455129e+05	-2.211606e+01
6.492414e+05	-2.206629e+01
6.529914e+05	-2.201609e+01
6.567630e+05	-2.196979e+01
6.605565e+05	-2.191968e+01
6.643718e+05	-2.187008e+01
6.682092e+05	-2.182227e+01
6.720688e+05	-2.177361e+01
6.759506e+05	-2.172434e+01
6.798549e+05	-2.167472e+01
6.837817e+05	-2.162673e+01
6.877312e+05	-2.157576e+01
6.917035e+05	-2.152830e+01
6.956987e+05	-2.148003e+01
6.997171e+05	-2.143279e+01
7.037586e+05	-2.138345e+01
7.078235e+05	-2.133364e+01
7.119118e+05	-2.128446e+01
7.160238e+05	-2.123683e+01
7.201595e+05	-2.118777e+01
7.243191e+05	-2.113995e+01
7.285028e+05	-2.109088e+01
7.327106e+05	-2.104244e+01
7.369427e+05	-2.099441e+01
7.411992e+05	-2.094711e+01
7.454804e+05	-2.089649e+01
7.497862e+05	-2.084796e+01
7.541170e+05	-2.079869e+01
7.584727e+05	-2.075092e+01
7.628536e+05	-2.070444e+01
7.672598e+05	-2.065571e+01
7.716915e+05	-2.060609e+01
7.761488e+05	-2.055734e+01
7.806318e+05	-2.050713e+01
7.851407e+05	-2.045984e+01
7.896756e+05	-2.041114e+01
7.942367e+05	-2.036514e+01
7.988242e+05	-2.031488e+01
8.034382e+05	-2.026674e+01
8.080788e+05	-2.021963e+01
8.127463e+05	-2.016960e+01
8.174406e+05	-2.012366e+01
8.221621e+05	-2.007133e+01
8.269109e+05	-2.002511e+01
8.316871e+05	-1.997861e+01
8.364909e+05	-1.992917e+01
8.413225e+05	-1.987903e+01
8.461819e+05	-1.983190e+01
8.510694e+05	-1.978543e+01
8.559852e+05	-1.973541e+01
8.609293e+05	-1.968819e+01
8.659020e+05	-1.964070e+01
8.709034e+05	-1.959151e+01
8.759337e+05	-1.954292e+01
8.809931e+05	-1.949557e+01
8.860816e+05	-1.944782e+01
8.911996e+05	-1.939767e+01
8.963471e+05	-1.935250e+01
9.015244e+05	-1.930453e+01
9.067316e+05	-1.925703e+01
9.119688e+05	-1.920855e+01
9.172363e+05	-1.916016e+01
9.225342e+05	-1.911182e+01
9.278628e+05	-1.906492e+01
9.332221e+05	-1.901733e+01
9.386123e+05	-1.896952e+01
9.440337e+05	-1.892166e+01
9.494864e+05	-1.887270e+01
9.549706e+05	-1.882601e+01
9.604865e+05	-1.877905e+01
9.660342e+05	-1.873084e+01
9.716140e+05	-1.868262e+01
9.772260e+05	-1.863504e+01
9.828704e+05	-1.858810e+01
9.885474e+05	-1.853850e+01
9.942572e+05	-1.849199e+01
1.000000e+06	-1.844461e+01
