Frequency(Hz)	Magnitude(dB)
1.000000e+01	-2.094630e+00
1.005776e+01	-2.113980e+00
1.011585e+01	-2.133275e+00
1.017428e+01	-2.152632e+00
1.023305e+01	-2.172458e+00
1.029215e+01	-2.191954e+00
1.035160e+01	-2.211973e+00
1.041139e+01	-2.231882e+00
1.047153e+01	-2.252222e+00
1.053201e+01	-2.272376e+00
1.059284e+01	-2.293016e+00
1.065403e+01	-2.313428e+00
1.071556e+01	-2.334369e+00
1.077746e+01	-2.355229e+00
1.083971e+01	-2.376171e+00
1.090232e+01	-2.397211e+00
1.096529e+01	-2.418692e+00
1.102862e+01	-2.440063e+00
1.109232e+01	-2.461619e+00
1.115639e+01	-2.483213e+00
1.122083e+01	-2.505361e+00
1.128564e+01	-2.527295e+00
1.135083e+01	-2.549277e+00
1.141639e+01	-2.571495e+00
1.148233e+01	-2.593955e+00
1.154865e+01	-2.616407e+00
1.161536e+01	-2.639393e+00
1.168245e+01	-2.662042e+00
1.174992e+01	-2.685070e+00
1.181779e+01	-2.708395e+00
1.188605e+01	-2.731278e+00
1.195470e+01	-2.754836e+00
1.202375e+01	-2.778674e+00
1.209320e+01	-2.802092e+00
1.216305e+01	-2.826439e+00
1.223330e+01	-2.850051e+00
1.230396e+01	-2.874344e+00
1.237503e+01	-2.898677e+00
1.244651e+01	-2.922810e+00
1.251840e+01	-2.947503e+00
1.259070e+01	-2.972405e+00
1.266343e+01	-2.997347e+00
1.273657e+01	-3.022090e+00
1.281014e+01	-3.047269e+00
1.288413e+01	-3.072540e+00
1.295855e+01	-3.098068e+00
1.303339e+01	-3.123473e+00
1.310867e+01	-3.149443e+00
1.318439e+01	-3.175282e+00
1.326054e+01	-3.201252e+00
1.333713e+01	-3.227574e+00
1.341417e+01	-3.253651e+00
1.349165e+01	-3.280294e+00
1.356958e+01	-3.306896e+00
1.364795e+01	-3.333315e+00
1.372678e+01	-3.360308e+00
1.380607e+01	-3.387335e+00
1.388581e+01	-3.414458e+00
1.396602e+01	-3.441832e+00
1.404668e+01	-3.469317e+00
1.412782e+01	-3.496918e+00
1.420942e+01	-3.524523e+00
1.429149e+01	-3.552488e+00
1.437404e+01	-3.580516e+00
1.445706e+01	-3.608639e+00
1.454057e+01	-3.636707e+00
1.462455e+01	-3.665320e+00
1.470902e+01	-3.693988e+00
1.479398e+01	-3.722820e+00
1.487943e+01	-3.751565e+00
1.496537e+01	-3.780535e+00
1.505181e+01	-3.809648e+00
1.513875e+01	-3.839196e+00
1.522619e+01	-3.868421e+00
1.531414e+01	-3.898093e+00
1.540259e+01	-3.927921e+00
1.549156e+01	-3.957560e+00
1.558103e+01	-3.987405e+00
1.567103e+01	-4.017637e+00
1.576155e+01	-4.048261e+00
1.585258e+01	-4.078313e+00
1.594415e+01	-4.108921e+00
1.603624e+01	-4.139376e+00
1.612886e+01	-4.170533e+00
1.622202e+01	-4.201736e+00
1.631572e+01	-4.232159e+00
1.640996e+01	-4.263673e+00
1.650474e+01	-4.294878e+00
1.660008e+01	-4.326509e+00
1.669596e+01	-4.357950e+00
1.679239e+01	-4.389613e+00
1.688938e+01	-4.421506e+00
1.698694e+01	-4.453761e+00
1.708505e+01	-4.485716e+00
1.718373e+01	-4.518076e+00
1.728299e+01	-4.550460e+00
1.738281e+01	-4.583091e+00
1.748322e+01	-4.616172e+00
1.758420e+01	-4.648667e+00
1.768576e+01	-4.681625e+00
1.778792e+01	-4.714775e+00
1.789066e+01	-4.747843e+00
1.799399e+01	-4.781123e+00
1.809793e+01	-4.814650e+00
1.820246e+01	-4.848295e+00
1.830760e+01	-4.881766e+00
1.841334e+01	-4.915932e+00
1.851969e+01	-4.949641e+00
1.862666e+01	-4.983852e+00
1.873425e+01	-5.018264e+00
1.884246e+01	-5.052228e+00
1.895129e+01	-5.086923e+00
1.906075e+01	-5.121315e+00
1.917085e+01	-5.155782e+00
1.928158e+01	-5.190873e+00
1.939295e+01	-5.225780e+00
1.950496e+01	-5.261080e+00
1.961762e+01	-5.295833e+00
1.973093e+01	-5.331391e+00
1.984490e+01	-5.366906e+00
1.995952e+01	-5.401893e+00
2.007480e+01	-5.438018e+00
2.019076e+01	-5.473998e+00
2.030738e+01	-5.509778e+00
2.042467e+01	-5.545794e+00
2.054264e+01	-5.581714e+00
2.066130e+01	-5.618130e+00
2.078064e+01	-5.654390e+00
2.090066e+01	-5.690905e+00
2.102139e+01	-5.727800e+00
2.114280e+01	-5.764431e+00
2.126492e+01	-5.800969e+00
2.138775e+01	-5.838012e+00
2.151128e+01	-5.874694e+00
2.163553e+01	-5.911925e+00
2.176050e+01	-5.949453e+00
2.188619e+01	-5.986843e+00
2.201260e+01	-6.023924e+00
2.213974e+01	-6.061987e+00
2.226762e+01	-6.099523e+00
2.239624e+01	-6.137200e+00
2.252560e+01	-6.175202e+00
2.265571e+01	-6.213336e+00
2.278656e+01	-6.251080e+00
2.291818e+01	-6.289692e+00
2.305055e+01	-6.327646e+00
2.318369e+01	-6.366303e+00
2.331760e+01	-6.404928e+00
2.345228e+01	-6.443527e+00
2.358774e+01	-6.482012e+00
2.372398e+01	-6.521141e+00
2.386101e+01	-6.560350e+00
2.399883e+01	-6.599105e+00
2.413745e+01	-6.638008e+00
2.427686e+01	-6.677126e+00
2.441709e+01	-6.716894e+00
2.455812e+01	-6.756069e+00
2.469997e+01	-6.795598e+00
2.484263e+01	-6.835128e+00
2.498612e+01	-6.875167e+00
2.513044e+01	-6.914601e+00
2.527559e+01	-6.954219e+00
2.542158e+01	-6.994646e+00
2.556842e+01	-7.034678e+00
2.571610e+01	-7.075171e+00
2.586463e+01	-7.115060e+00
2.601403e+01	-7.155275e+00
2.616428e+01	-7.195920e+00
2.631541e+01	-7.236396e+00
2.646740e+01	-7.276762e+00
2.662028e+01	-7.317512e+00
2.677404e+01	-7.358372e+00
2.692868e+01	-7.399056e+00
2.708422e+01	-7.440053e+00
2.724066e+01	-7.481846e+00
2.739800e+01	-7.522687e+00
2.755625e+01	-7.563642e+00
2.771541e+01	-7.605365e+00
2.787550e+01	-7.646340e+00
2.803650e+01	-7.687807e+00
2.819844e+01	-7.729692e+00
2.836131e+01	-7.770909e+00
2.852513e+01	-7.813005e+00
2.868989e+01	-7.854840e+00
2.885560e+01	-7.896382e+00
2.902227e+01	-7.938569e+00
2.918990e+01	-7.980671e+00
2.935850e+01	-8.022568e+00
2.952807e+01	-8.064656e+00
2.969863e+01	-8.106979e+00
2.987016e+01	-8.149009e+00
3.004269e+01	-8.191756e+00
3.021622e+01	-8.234754e+00
3.039075e+01	-8.276767e+00
3.056628e+01	-8.319387e+00
3.074283e+01	-8.362094e+00
3.092040e+01	-8.404947e+00
3.109900e+01	-8.447742e+00
3.127862e+01	-8.490167e+00
3.145929e+01	-8.533715e+00
3.164099e+01	-8.576269e+00
3.182375e+01	-8.619825e+00
3.200756e+01	-8.662973e+00
3.219244e+01	-8.706210e+00
3.237838e+01	-8.749446e+00
3.256540e+01	-8.793323e+00
3.275349e+01	-8.836381e+00
3.294268e+01	-8.879611e+00
3.313295e+01	-8.923745e+00
3.332433e+01	-8.966963e+00
3.351681e+01	-9.010796e+00
3.371040e+01	-9.054489e+00
3.390511e+01	-9.098111e+00
3.410094e+01	-9.142604e+00
3.429791e+01	-9.185945e+00
3.449601e+01	-9.229681e+00
3.469526e+01	-9.274592e+00
3.489566e+01	-9.318548e+00
3.509721e+01	-9.363017e+00
3.529993e+01	-9.407206e+00
3.550382e+01	-9.451756e+00
3.570889e+01	-9.496124e+00
3.591515e+01	-9.539930e+00
3.612259e+01	-9.584884e+00
3.633123e+01	-9.629461e+00
3.654108e+01	-9.673918e+00
3.675214e+01	-9.718654e+00
3.696442e+01	-9.762851e+00
3.717792e+01	-9.807254e+00
3.739266e+01	-9.852754e+00
3.760864e+01	-9.897204e+00
3.782587e+01	-9.942068e+00
3.804435e+01	-9.986918e+00
3.826409e+01	-1.003279e+01
3.848510e+01	-1.007769e+01
3.870739e+01	-1.012318e+01
3.893096e+01	-1.016805e+01
3.915583e+01	-1.021352e+01
3.938199e+01	-1.025878e+01
3.960946e+01	-1.030392e+01
3.983824e+01	-1.034931e+01
4.006834e+01	-1.039457e+01
4.029978e+01	-1.043990e+01
4.053255e+01	-1.048597e+01
4.076666e+01	-1.053087e+01
4.100213e+01	-1.057679e+01
4.123896e+01	-1.062287e+01
4.147715e+01	-1.066847e+01
4.171672e+01	-1.071337e+01
4.195767e+01	-1.075997e+01
4.220002e+01	-1.080555e+01
4.244377e+01	-1.085174e+01
4.268892e+01	-1.089723e+01
4.293549e+01	-1.094323e+01
4.318348e+01	-1.098972e+01
4.343291e+01	-1.103566e+01
4.368377e+01	-1.108144e+01
4.393609e+01	-1.112814e+01
4.418986e+01	-1.117340e+01
4.444510e+01	-1.122062e+01
4.470182e+01	-1.126655e+01
4.496001e+01	-1.131270e+01
4.521970e+01	-1.135902e+01
4.548089e+01	-1.140506e+01
4.574358e+01	-1.145148e+01
4.600779e+01	-1.149771e+01
4.627353e+01	-1.154509e+01
4.654081e+01	-1.159161e+01
4.680963e+01	-1.163808e+01
4.708000e+01	-1.168417e+01
4.735193e+01	-1.173126e+01
4.762543e+01	-1.177832e+01
4.790051e+01	-1.182500e+01
4.817719e+01	-1.187131e+01
4.845545e+01	-1.191768e+01
4.873533e+01	-1.196479e+01
4.901682e+01	-1.201272e+01
4.929994e+01	-1.205893e+01
4.958470e+01	-1.210516e+01
4.987110e+01	-1.215333e+01
5.015915e+01	-1.219958e+01
5.044887e+01	-1.224681e+01
5.074026e+01	-1.229363e+01
5.103333e+01	-1.234107e+01
5.132810e+01	-1.238777e+01
5.162457e+01	-1.243497e+01
5.192275e+01	-1.248237e+01
5.222265e+01	-1.252980e+01
5.252429e+01	-1.257627e+01
5.282767e+01	-1.262368e+01
5.313280e+01	-1.267053e+01
5.343969e+01	-1.271846e+01
5.374836e+01	-1.276575e+01
5.405880e+01	-1.281372e+01
5.437105e+01	-1.286071e+01
5.468509e+01	-1.290799e+01
5.500095e+01	-1.295578e+01
5.531863e+01	-1.300352e+01
5.563815e+01	-1.305084e+01
5.595951e+01	-1.309806e+01
5.628273e+01	-1.314588e+01
5.660782e+01	-1.319378e+01
5.693479e+01	-1.324133e+01
5.726364e+01	-1.328939e+01
5.759439e+01	-1.333717e+01
5.792705e+01	-1.338438e+01
5.826164e+01	-1.343180e+01
5.859815e+01	-1.347968e+01
5.893662e+01	-1.352799e+01
5.927703e+01	-1.357514e+01
5.961941e+01	-1.362370e+01
5.996377e+01	-1.367153e+01
6.031012e+01	-1.371920e+01
6.065847e+01	-1.376741e+01
6.100883e+01	-1.381524e+01
6.136121e+01	-1.386332e+01
6.171563e+01	-1.391066e+01
6.207210e+01	-1.395870e+01
6.243063e+01	-1.400750e+01
6.279122e+01	-1.405499e+01
6.315390e+01	-1.410299e+01
6.351868e+01	-1.415129e+01
6.388556e+01	-1.419977e+01
6.425456e+01	-1.424734e+01
6.462569e+01	-1.429583e+01
6.499897e+01	-1.434370e+01
6.537440e+01	-1.439258e+01
6.575200e+01	-1.443971e+01
6.613178e+01	-1.448862e+01
6.651375e+01	-1.453631e+01
6.689793e+01	-1.458469e+01
6.728433e+01	-1.463289e+01
6.767297e+01	-1.468228e+01
6.806384e+01	-1.472991e+01
6.845698e+01	-1.477827e+01
6.885238e+01	-1.482625e+01
6.925007e+01	-1.487473e+01
6.965005e+01	-1.492337e+01
7.005235e+01	-1.497232e+01
7.045697e+01	-1.502035e+01
7.086393e+01	-1.506790e+01
7.127323e+01	-1.511769e+01
7.168490e+01	-1.516671e+01
7.209895e+01	-1.521330e+01
7.251539e+01	-1.526336e+01
7.293424e+01	-1.531133e+01
7.335551e+01	-1.535922e+01
7.377920e+01	-1.540780e+01
7.420535e+01	-1.545589e+01
7.463396e+01	-1.550591e+01
7.506504e+01	-1.555407e+01
7.549861e+01	-1.560238e+01
7.593469e+01	-1.565166e+01
7.637328e+01	-1.569926e+01
7.681441e+01	-1.574861e+01
7.725809e+01	-1.579775e+01
7.770433e+01	-1.584689e+01
7.815315e+01	-1.589483e+01
7.860456e+01	-1.594415e+01
7.905857e+01	-1.599166e+01
7.951521e+01	-1.604013e+01
7.997449e+01	-1.609029e+01
8.043642e+01	-1.613923e+01
8.090102e+01	-1.618780e+01
8.136830e+01	-1.623695e+01
8.183828e+01	-1.628509e+01
8.231097e+01	-1.633499e+01
8.278640e+01	-1.638297e+01
8.326457e+01	-1.643220e+01
8.374550e+01	-1.648129e+01
8.422921e+01	-1.652938e+01
8.471572e+01	-1.657856e+01
8.520503e+01	-1.662870e+01
8.569717e+01	-1.667704e+01
8.619215e+01	-1.672646e+01
8.669000e+01	-1.677570e+01
8.719071e+01	-1.682380e+01
8.769432e+01	-1.687216e+01
8.820084e+01	-1.692135e+01
8.871029e+01	-1.697190e+01
8.922267e+01	-1.702020e+01
8.973802e+01	-1.706870e+01
9.025634e+01	-1.711780e+01
9.077766e+01	-1.716692e+01
9.130199e+01	-1.721656e+01
9.182935e+01	-1.726474e+01
9.235975e+01	-1.731465e+01
9.289321e+01	-1.736314e+01
9.342976e+01	-1.741256e+01
9.396941e+01	-1.746202e+01
9.451217e+01	-1.751112e+01
9.505807e+01	-1.756056e+01
9.560712e+01	-1.760940e+01
9.615934e+01	-1.765802e+01
9.671476e+01	-1.770669e+01
9.727338e+01	-1.775608e+01
9.783522e+01	-1.780666e+01
9.840032e+01	-1.785492e+01
9.896867e+01	-1.790511e+01
9.954031e+01	-1.795369e+01
1.001153e+02	-1.800257e+01
1.006935e+02	-1.805223e+01
1.012751e+02	-1.810114e+01
1.018601e+02	-1.815065e+01
1.024484e+02	-1.819904e+01
1.030402e+02	-1.824944e+01
1.036353e+02	-1.829926e+01
1.042339e+02	-1.834795e+01
1.048360e+02	-1.839716e+01
1.054415e+02	-1.844630e+01
1.060505e+02	-1.849389e+01
1.066631e+02	-1.854416e+01
1.072791e+02	-1.859452e+01
1.078988e+02	-1.864258e+01
1.085220e+02	-1.869220e+01
1.091488e+02	-1.874221e+01
1.097793e+02	-1.879097e+01
1.104133e+02	-1.884046e+01
1.110511e+02	-1.888947e+01
1.116925e+02	-1.893936e+01
1.123376e+02	-1.898853e+01
1.129865e+02	-1.903891e+01
1.136391e+02	-1.908729e+01
1.142955e+02	-1.913656e+01
1.149556e+02	-1.918527e+01
1.156196e+02	-1.923584e+01
1.162874e+02	-1.928668e+01
1.169591e+02	-1.933444e+01
1.176347e+02	-1.938578e+01
1.183141e+02	-1.943452e+01
1.189975e+02	-1.948457e+01
1.196848e+02	-1.953239e+01
1.203761e+02	-1.958169e+01
1.210714e+02	-1.963149e+01
1.217707e+02	-1.968238e+01
1.224740e+02	-1.973080e+01
1.231814e+02	-1.978058e+01
1.238929e+02	-1.982974e+01
1.246085e+02	-1.987874e+01
1.253283e+02	-1.992796e+01
1.260522e+02	-1.997981e+01
1.267802e+02	-2.002777e+01
1.275125e+02	-2.007770e+01
1.282490e+02	-2.012590e+01
1.289898e+02	-2.017708e+01
1.297348e+02	-2.022572e+01
1.304842e+02	-2.027485e+01
1.312378e+02	-2.032495e+01
1.319959e+02	-2.037664e+01
1.327583e+02	-2.042391e+01
1.335251e+02	-2.047420e+01
1.342963e+02	-2.052446e+01
1.350720e+02	-2.057417e+01
1.358522e+02	-2.062100e+01
1.366368e+02	-2.067394e+01
1.374260e+02	-2.072445e+01
1.382198e+02	-2.077104e+01
1.390182e+02	-2.082157e+01
1.398211e+02	-2.087197e+01
1.406287e+02	-2.092023e+01
1.414410e+02	-2.097058e+01
1.422579e+02	-2.102007e+01
1.430796e+02	-2.107011e+01
1.439060e+02	-2.111993e+01
1.447372e+02	-2.117103e+01
1.455732e+02	-2.121797e+01
1.464141e+02	-2.126918e+01
1.472597e+02	-2.132005e+01
1.481103e+02	-2.136734e+01
1.489658e+02	-2.141745e+01
1.498262e+02	-2.146714e+01
1.506916e+02	-2.151624e+01
1.515620e+02	-2.156792e+01
1.524374e+02	-2.161923e+01
1.533179e+02	-2.166482e+01
1.542034e+02	-2.171654e+01
1.550941e+02	-2.176563e+01
1.559899e+02	-2.181452e+01
1.568909e+02	-2.186400e+01
1.577971e+02	-2.191472e+01
1.587085e+02	-2.196351e+01
1.596252e+02	-2.201405e+01
1.605472e+02	-2.206120e+01
1.614745e+02	-2.211248e+01
1.624072e+02	-2.216358e+01
1.633453e+02	-2.221150e+01
1.642887e+02	-2.226094e+01
1.652377e+02	-2.231098e+01
1.661921e+02	-2.235990e+01
1.671520e+02	-2.241315e+01
1.681175e+02	-2.246151e+01
1.690885e+02	-2.251223e+01
1.700651e+02	-2.256081e+01
1.710474e+02	-2.261012e+01
1.720354e+02	-2.266062e+01
1.730291e+02	-2.270888e+01
1.740285e+02	-2.275982e+01
1.750337e+02	-2.281007e+01
1.760446e+02	-2.285739e+01
1.770615e+02	-2.290819e+01
1.780842e+02	-2.295840e+01
1.791128e+02	-2.300834e+01
1.801473e+02	-2.305953e+01
1.811878e+02	-2.310891e+01
1.822344e+02	-2.315700e+01
1.832870e+02	-2.320696e+01
1.843456e+02	-2.326012e+01
1.854104e+02	-2.330747e+01
1.864813e+02	-2.335884e+01
1.875584e+02	-2.340674e+01
1.886418e+02	-2.345602e+01
1.897313e+02	-2.350756e+01
1.908272e+02	-2.355666e+01
1.919294e+02	-2.360775e+01
1.930380e+02	-2.365652e+01
1.941530e+02	-2.370663e+01
1.952744e+02	-2.375907e+01
1.964023e+02	-2.380632e+01
1.975367e+02	-2.385698e+01
1.986777e+02	-2.390331e+01
1.998252e+02	-2.395565e+01
2.009794e+02	-2.400518e+01
2.021403e+02	-2.405346e+01
2.033078e+02	-2.410281e+01
2.044821e+02	-2.415726e+01
2.056632e+02	-2.420702e+01
2.068511e+02	-2.425312e+01
2.080459e+02	-2.430606e+01
2.092475e+02	-2.435484e+01
2.104561e+02	-2.440402e+01
2.116717e+02	-2.445292e+01
2.128943e+02	-2.450376e+01
2.141240e+02	-2.455269e+01
2.153608e+02	-2.460380e+01
2.166047e+02	-2.465407e+01
2.178558e+02	-2.470578e+01
2.191141e+02	-2.475120e+01
2.203797e+02	-2.480238e+01
2.216526e+02	-2.485436e+01
2.229329e+02	-2.490581e+01
2.242205e+02	-2.495507e+01
2.255156e+02	-2.500329e+01
2.268182e+02	-2.505205e+01
2.281283e+02	-2.510295e+01
2.294459e+02	-2.515229e+01
2.307712e+02	-2.520182e+01
2.321041e+02	-2.525056e+01
2.334447e+02	-2.530446e+01
2.347931e+02	-2.535225e+01
2.361493e+02	-2.540298e+01
2.375133e+02	-2.545038e+01
2.388851e+02	-2.550621e+01
2.402649e+02	-2.555281e+01
2.416527e+02	-2.560361e+01
2.430484e+02	-2.565008e+01
2.444523e+02	-2.570417e+01
2.458642e+02	-2.575162e+01
2.472843e+02	-2.580201e+01
2.487126e+02	-2.585300e+01
2.501492e+02	-2.590097e+01
2.515940e+02	-2.595373e+01
2.530472e+02	-2.600226e+01
2.545088e+02	-2.605304e+01
2.559789e+02	-2.610167e+01
2.574574e+02	-2.615393e+01
2.589444e+02	-2.619772e+01
2.604401e+02	-2.625162e+01
2.619444e+02	-2.629952e+01
2.634574e+02	-2.635290e+01
2.649791e+02	-2.640337e+01
2.665096e+02	-2.645092e+01
2.680489e+02	-2.650059e+01
2.695972e+02	-2.655111e+01
2.711544e+02	-2.660030e+01
2.727205e+02	-2.664871e+01
2.742958e+02	-2.670168e+01
2.758801e+02	-2.674670e+01
2.774736e+02	-2.680033e+01
2.790762e+02	-2.685303e+01
2.806882e+02	-2.689988e+01
2.823094e+02	-2.694928e+01
2.839400e+02	-2.700183e+01
2.855800e+02	-2.704770e+01
2.872295e+02	-2.709997e+01
2.888886e+02	-2.715029e+01
2.905572e+02	-2.719947e+01
2.922354e+02	-2.725060e+01
2.939234e+02	-2.729987e+01
2.956211e+02	-2.735322e+01
2.973286e+02	-2.740052e+01
2.990459e+02	-2.744817e+01
3.007732e+02	-2.749711e+01
3.025104e+02	-2.755092e+01
3.042577e+02	-2.760256e+01
3.060151e+02	-2.765114e+01
3.077826e+02	-2.769789e+01
3.095604e+02	-2.774748e+01
3.113484e+02	-2.780046e+01
3.131467e+02	-2.785013e+01
3.149554e+02	-2.790156e+01
3.167746e+02	-2.795322e+01
3.186043e+02	-2.799878e+01
3.204445e+02	-2.805103e+01
3.222954e+02	-2.810458e+01
3.241570e+02	-2.815109e+01
3.260293e+02	-2.820523e+01
3.279124e+02	-2.825248e+01
3.298064e+02	-2.829720e+01
3.317114e+02	-2.835298e+01
3.336273e+02	-2.840088e+01
3.355544e+02	-2.845106e+01
3.374925e+02	-2.850283e+01
3.394418e+02	-2.854835e+01
3.414024e+02	-2.860099e+01
3.433744e+02	-2.865111e+01
3.453577e+02	-2.870744e+01
3.473525e+02	-2.875033e+01
3.493588e+02	-2.880258e+01
3.513766e+02	-2.885298e+01
3.534062e+02	-2.889958e+01
3.554474e+02	-2.895023e+01
3.575005e+02	-2.900195e+01
3.595654e+02	-2.905000e+01
3.616422e+02	-2.910144e+01
3.637311e+02	-2.915145e+01
3.658320e+02	-2.920058e+01
3.679450e+02	-2.925152e+01
3.700702e+02	-2.930041e+01
3.722077e+02	-2.935104e+01
3.743576e+02	-2.940143e+01
3.765199e+02	-2.945375e+01
3.786946e+02	-2.950408e+01
3.808820e+02	-2.954941e+01
3.830819e+02	-2.959842e+01
3.852946e+02	-2.965474e+01
3.875200e+02	-2.970523e+01
3.897583e+02	-2.975293e+01
3.920096e+02	-2.980307e+01
3.942738e+02	-2.985240e+01
3.965511e+02	-2.989986e+01
3.988416e+02	-2.995492e+01
4.011452e+02	-3.000002e+01
4.034622e+02	-3.005234e+01
4.057926e+02	-3.010511e+01
4.081365e+02	-3.015379e+01
4.104938e+02	-3.020580e+01
4.128648e+02	-3.024996e+01
4.152495e+02	-3.030211e+01
4.176480e+02	-3.035008e+01
4.200603e+02	-3.040467e+01
4.224866e+02	-3.045228e+01
4.249268e+02	-3.050514e+01
4.273812e+02	-3.055646e+01
4.298497e+02	-3.060668e+01
4.323325e+02	-3.064719e+01
4.348297e+02	-3.070081e+01
4.373412e+02	-3.075836e+01
4.398673e+02	-3.080222e+01
4.424079e+02	-3.085643e+01
4.449633e+02	-3.090427e+01
4.475334e+02	-3.095245e+01
4.501183e+02	-3.101150e+01
4.527182e+02	-3.105220e+01
4.553330e+02	-3.110422e+01
4.579630e+02	-3.115296e+01
4.606082e+02	-3.121280e+01
4.632687e+02	-3.125860e+01
4.659445e+02	-3.130532e+01
4.686358e+02	-3.135496e+01
4.713426e+02	-3.140454e+01
4.740650e+02	-3.145494e+01
4.768032e+02	-3.150498e+01
4.795572e+02	-3.155785e+01
4.823271e+02	-3.160866e+01
4.851130e+02	-3.165915e+01
4.879150e+02	-3.170497e+01
4.907332e+02	-3.175592e+01
4.935676e+02	-3.180851e+01
4.964185e+02	-3.186431e+01
4.992858e+02	-3.190989e+01
5.021696e+02	-3.196310e+01
5.050701e+02	-3.200958e+01
5.079874e+02	-3.206192e+01
5.109215e+02	-3.210596e+01
5.138726e+02	-3.215970e+01
5.168407e+02	-3.220493e+01
5.198259e+02	-3.225193e+01
5.228284e+02	-3.231118e+01
5.258482e+02	-3.235447e+01
5.288855e+02	-3.240913e+01
5.319403e+02	-3.246050e+01
5.350128e+02	-3.250277e+01
5.381030e+02	-3.255600e+01
5.412111e+02	-3.261276e+01
5.443371e+02	-3.266063e+01
5.474812e+02	-3.271336e+01
5.506434e+02	-3.276603e+01
5.538239e+02	-3.281664e+01
5.570228e+02	-3.286068e+01
5.602401e+02	-3.291078e+01
5.634760e+02	-3.296561e+01
5.667306e+02	-3.301135e+01
5.700040e+02	-3.306648e+01
5.732964e+02	-3.311205e+01
5.766077e+02	-3.315952e+01
5.799382e+02	-3.322083e+01
5.832879e+02	-3.325848e+01
5.866569e+02	-3.331027e+01
5.900454e+02	-3.336551e+01
5.934535e+02	-3.341662e+01
5.968813e+02	-3.346383e+01
6.003288e+02	-3.351019e+01
6.037963e+02	-3.356688e+01
6.072838e+02	-3.361792e+01
6.107914e+02	-3.367007e+01
6.143194e+02	-3.371413e+01
6.178676e+02	-3.376565e+01
6.214364e+02	-3.382140e+01
6.250258e+02	-3.386311e+01
6.286359e+02	-3.391380e+01
6.322669e+02	-3.396786e+01
6.359189e+02	-3.401559e+01
6.395919e+02	-3.406625e+01
6.432862e+02	-3.412145e+01
6.470017e+02	-3.416360e+01
6.507388e+02	-3.421389e+01
6.544974e+02	-3.426003e+01
6.582778e+02	-3.431772e+01
6.620800e+02	-3.437371e+01
6.659041e+02	-3.442449e+01
6.697504e+02	-3.447816e+01
6.736188e+02	-3.451793e+01
6.775096e+02	-3.457184e+01
6.814229e+02	-3.463250e+01
6.853587e+02	-3.467036e+01
6.893173e+02	-3.471399e+01
6.932988e+02	-3.477122e+01
6.973033e+02	-3.481411e+01
7.013309e+02	-3.487766e+01
7.053817e+02	-3.493259e+01
7.094560e+02	-3.496427e+01
7.135538e+02	-3.501385e+01
7.176752e+02	-3.508094e+01
7.218205e+02	-3.512064e+01
7.259897e+02	-3.517058e+01
7.301830e+02	-3.522403e+01
7.344005e+02	-3.526981e+01
7.386424e+02	-3.532350e+01
7.429087e+02	-3.537667e+01
7.471998e+02	-3.542065e+01
7.515155e+02	-3.548484e+01
7.558563e+02	-3.552139e+01
7.602221e+02	-3.558103e+01
7.646131e+02	-3.562924e+01
7.690295e+02	-3.567919e+01
7.734713e+02	-3.572556e+01
7.779389e+02	-3.578513e+01
7.824322e+02	-3.582705e+01
7.869515e+02	-3.587409e+01
7.914969e+02	-3.593785e+01
7.960686e+02	-3.597851e+01
8.006666e+02	-3.602611e+01
8.052912e+02	-3.607526e+01
8.099426e+02	-3.613003e+01
8.146208e+02	-3.617882e+01
8.193260e+02	-3.623311e+01
8.240584e+02	-3.627575e+01
8.288181e+02	-3.634141e+01
8.336053e+02	-3.638185e+01
8.384202e+02	-3.643450e+01
8.432629e+02	-3.648668e+01
8.481335e+02	-3.654495e+01
8.530323e+02	-3.658385e+01
8.579594e+02	-3.664130e+01
8.629149e+02	-3.668354e+01
8.678991e+02	-3.673920e+01
8.729120e+02	-3.677517e+01
8.779539e+02	-3.683825e+01
8.830250e+02	-3.687370e+01
8.881253e+02	-3.693430e+01
8.932551e+02	-3.699555e+01
8.984145e+02	-3.705567e+01
9.036037e+02	-3.708913e+01
9.088229e+02	-3.714860e+01
9.140722e+02	-3.719758e+01
9.193518e+02	-3.723650e+01
9.246620e+02	-3.730935e+01
9.300028e+02	-3.734440e+01
9.353744e+02	-3.739587e+01
9.407771e+02	-3.744888e+01
9.462110e+02	-3.748672e+01
9.516763e+02	-3.754788e+01
9.571731e+02	-3.759161e+01
9.627017e+02	-3.764595e+01
9.682622e+02	-3.770261e+01
9.738549e+02	-3.774585e+01
9.794798e+02	-3.781163e+01
9.851373e+02	-3.785920e+01
9.908274e+02	-3.790005e+01
9.965504e+02	-3.795504e+01
1.002306e+03	-3.800733e+01
1.008096e+03	-3.804674e+01
1.013918e+03	-3.810387e+01
1.019775e+03	-3.814495e+01
1.025665e+03	-3.821468e+01
1.031589e+03	-3.826350e+01
1.037548e+03	-3.831730e+01
1.043540e+03	-3.835935e+01
1.049568e+03	-3.840163e+01
1.055630e+03	-3.845332e+01
1.061727e+03	-3.851192e+01
1.067860e+03	-3.857071e+01
1.074028e+03	-3.860785e+01
1.080231e+03	-3.867632e+01
1.086471e+03	-3.872381e+01
1.092746e+03	-3.875656e+01
1.099058e+03	-3.880303e+01
1.105406e+03	-3.887073e+01
1.111791e+03	-3.891876e+01
1.118212e+03	-3.897709e+01
1.124671e+03	-3.902182e+01
1.131167e+03	-3.906741e+01
1.137701e+03	-3.911636e+01
1.144272e+03	-3.918250e+01
1.150881e+03	-3.921031e+01
1.157529e+03	-3.927464e+01
1.164215e+03	-3.932486e+01
1.170939e+03	-3.937904e+01
1.177702e+03	-3.942750e+01
1.184505e+03	-3.946817e+01
1.191346e+03	-3.953608e+01
1.198227e+03	-3.957894e+01
1.205148e+03	-3.963812e+01
1.212109e+03	-3.968623e+01
1.219110e+03	-3.973062e+01
1.226152e+03	-3.979299e+01
1.233234e+03	-3.983509e+01
1.240357e+03	-3.988425e+01
1.247521e+03	-3.993106e+01
1.254727e+03	-3.998756e+01
1.261974e+03	-4.002948e+01
1.269263e+03	-4.009123e+01
1.276595e+03	-4.014392e+01
1.283968e+03	-4.018661e+01
1.291384e+03	-4.023421e+01
1.298843e+03	-4.030325e+01
1.306345e+03	-4.035359e+01
1.313891e+03	-4.040216e+01
1.321480e+03	-4.042954e+01
1.329113e+03	-4.050363e+01
1.336790e+03	-4.054353e+01
1.344511e+03	-4.060473e+01
1.352277e+03	-4.065228e+01
1.360087e+03	-4.071155e+01
1.367943e+03	-4.075021e+01
1.375844e+03	-4.081734e+01
1.383791e+03	-4.087024e+01
1.391784e+03	-4.090480e+01
1.399823e+03	-4.096903e+01
1.407908e+03	-4.101614e+01
1.416040e+03	-4.107315e+01
1.424219e+03	-4.110535e+01
1.432445e+03	-4.116807e+01
1.440719e+03	-4.121807e+01
1.449041e+03	-4.127047e+01
1.457410e+03	-4.132934e+01
1.465828e+03	-4.137201e+01
1.474295e+03	-4.144104e+01
1.482810e+03	-4.148057e+01
1.491375e+03	-4.150630e+01
1.499989e+03	-4.155593e+01
1.508653e+03	-4.164900e+01
1.517367e+03	-4.168106e+01
1.526131e+03	-4.174149e+01
1.534946e+03	-4.177184e+01
1.543812e+03	-4.184035e+01
1.552729e+03	-4.188259e+01
1.561697e+03	-4.193969e+01
1.570717e+03	-4.201680e+01
1.579790e+03	-4.205492e+01
1.588915e+03	-4.211162e+01
1.598092e+03	-4.215125e+01
1.607323e+03	-4.220090e+01
1.616606e+03	-4.226148e+01
1.625944e+03	-4.230299e+01
1.635335e+03	-4.236402e+01
1.644781e+03	-4.241545e+01
1.654281e+03	-4.246842e+01
1.663836e+03	-4.251329e+01
1.673446e+03	-4.256052e+01
1.683112e+03	-4.261835e+01
1.692834e+03	-4.267851e+01
1.702611e+03	-4.272517e+01
1.712446e+03	-4.277431e+01
1.722337e+03	-4.281672e+01
1.732285e+03	-4.286493e+01
1.742290e+03	-4.292754e+01
1.752354e+03	-4.297457e+01
1.762475e+03	-4.303447e+01
1.772655e+03	-4.308043e+01
1.782894e+03	-4.314508e+01
1.793192e+03	-4.321136e+01
1.803549e+03	-4.323806e+01
1.813967e+03	-4.329665e+01
1.824444e+03	-4.335370e+01
1.834982e+03	-4.339720e+01
1.845581e+03	-4.344940e+01
1.856241e+03	-4.351780e+01
1.866962e+03	-4.357459e+01
1.877746e+03	-4.360985e+01
1.888592e+03	-4.367480e+01
1.899500e+03	-4.371502e+01
1.910472e+03	-4.378525e+01
1.921506e+03	-4.382801e+01
1.932605e+03	-4.388351e+01
1.943768e+03	-4.391814e+01
1.954995e+03	-4.398162e+01
1.966287e+03	-4.402438e+01
1.977644e+03	-4.408534e+01
1.989067e+03	-4.414915e+01
2.000555e+03	-4.416460e+01
2.012110e+03	-4.423845e+01
2.023732e+03	-4.430075e+01
2.035421e+03	-4.433193e+01
2.047178e+03	-4.442004e+01
2.059002e+03	-4.444530e+01
2.070895e+03	-4.450674e+01
2.082856e+03	-4.455739e+01
2.094887e+03	-4.462090e+01
2.106987e+03	-4.465779e+01
2.119157e+03	-4.470538e+01
2.131397e+03	-4.477442e+01
2.143708e+03	-4.483385e+01
2.156090e+03	-4.490383e+01
2.168543e+03	-4.493253e+01
2.181069e+03	-4.499631e+01
2.193666e+03	-4.507103e+01
2.206337e+03	-4.509533e+01
2.219081e+03	-4.515218e+01
2.231898e+03	-4.519135e+01
2.244789e+03	-4.525264e+01
2.257755e+03	-4.531892e+01
2.270796e+03	-4.537879e+01
2.283912e+03	-4.541665e+01
2.297104e+03	-4.546122e+01
2.310372e+03	-4.553009e+01
2.323716e+03	-4.559312e+01
2.337138e+03	-4.564643e+01
2.350637e+03	-4.568555e+01
2.364214e+03	-4.572913e+01
2.377870e+03	-4.577245e+01
2.391604e+03	-4.583617e+01
2.405418e+03	-4.588605e+01
2.419312e+03	-4.593127e+01
2.433286e+03	-4.599445e+01
2.447340e+03	-4.608461e+01
2.461476e+03	-4.613167e+01
2.475693e+03	-4.614827e+01
2.489993e+03	-4.622807e+01
2.504375e+03	-4.626978e+01
2.518840e+03	-4.632680e+01
2.533389e+03	-4.638996e+01
2.548022e+03	-4.641978e+01
2.562739e+03	-4.648453e+01
2.577541e+03	-4.657568e+01
2.592429e+03	-4.656706e+01
2.607403e+03	-4.666719e+01
2.622463e+03	-4.672970e+01
2.637610e+03	-4.675948e+01
2.652845e+03	-4.682081e+01
2.668168e+03	-4.687119e+01
2.683579e+03	-4.695999e+01
2.699079e+03	-4.697560e+01
2.714669e+03	-4.704420e+01
2.730349e+03	-4.711425e+01
2.746119e+03	-4.715141e+01
2.761981e+03	-4.722202e+01
2.777934e+03	-4.723887e+01
2.793979e+03	-4.731111e+01
2.810117e+03	-4.733745e+01
2.826348e+03	-4.741443e+01
2.842673e+03	-4.748866e+01
2.859092e+03	-4.754435e+01
2.875606e+03	-4.764432e+01
2.892215e+03	-4.766590e+01
2.908921e+03	-4.771259e+01
2.925722e+03	-4.778438e+01
2.942621e+03	-4.782479e+01
2.959618e+03	-4.784951e+01
2.976712e+03	-4.791204e+01
2.993906e+03	-4.798118e+01
3.011198e+03	-4.806527e+01
3.028591e+03	-4.810697e+01
3.046084e+03	-4.814874e+01
3.063678e+03	-4.824882e+01
3.081374e+03	-4.824800e+01
3.099172e+03	-4.838630e+01
3.117072e+03	-4.839658e+01
3.135076e+03	-4.847566e+01
3.153184e+03	-4.852081e+01
3.171397e+03	-4.859906e+01
3.189715e+03	-4.863107e+01
3.208139e+03	-4.870049e+01
3.226669e+03	-4.874172e+01
3.245306e+03	-4.877325e+01
3.264051e+03	-4.889532e+01
3.282904e+03	-4.894013e+01
3.301866e+03	-4.897436e+01
3.320937e+03	-4.901173e+01
3.340119e+03	-4.905749e+01
3.359411e+03	-4.912919e+01
3.378815e+03	-4.919710e+01
3.398331e+03	-4.927341e+01
3.417959e+03	-4.928318e+01
3.437701e+03	-4.935267e+01
3.457557e+03	-4.943380e+01
3.477528e+03	-4.953353e+01
3.497614e+03	-4.960481e+01
3.517816e+03	-4.957763e+01
3.538135e+03	-4.973026e+01
3.558571e+03	-4.971811e+01
3.579125e+03	-4.980405e+01
3.599798e+03	-4.989261e+01
3.620590e+03	-4.993104e+01
3.641503e+03	-4.995624e+01
3.662536e+03	-5.007616e+01
3.683691e+03	-5.009019e+01
3.704967e+03	-5.015050e+01
3.726367e+03	-5.018473e+01
3.747890e+03	-5.029466e+01
3.769538e+03	-5.034325e+01
3.791311e+03	-5.039461e+01
3.813209e+03	-5.044196e+01
3.835234e+03	-5.052979e+01
3.857386e+03	-5.061364e+01
3.879667e+03	-5.070099e+01
3.902075e+03	-5.066374e+01
3.924614e+03	-5.077090e+01
3.947282e+03	-5.080080e+01
3.970081e+03	-5.088250e+01
3.993012e+03	-5.095770e+01
4.016076e+03	-5.104492e+01
4.039272e+03	-5.107837e+01
4.062603e+03	-5.121356e+01
4.086069e+03	-5.118505e+01
4.109670e+03	-5.130779e+01
4.133407e+03	-5.128539e+01
4.157281e+03	-5.137921e+01
4.181294e+03	-5.143163e+01
4.205445e+03	-5.156499e+01
4.229735e+03	-5.159599e+01
4.254166e+03	-5.160766e+01
4.278738e+03	-5.169548e+01
4.303451e+03	-5.179058e+01
4.328308e+03	-5.185747e+01
4.353308e+03	-5.187535e+01
4.378453e+03	-5.197395e+01
4.403742e+03	-5.200956e+01
4.429178e+03	-5.209114e+01
4.454761e+03	-5.216221e+01
4.480492e+03	-5.222629e+01
4.506371e+03	-5.225548e+01
4.532399e+03	-5.239999e+01
4.558578e+03	-5.238771e+01
4.584908e+03	-5.248471e+01
4.611391e+03	-5.250470e+01
4.638026e+03	-5.265507e+01
4.664815e+03	-5.267386e+01
4.691759e+03	-5.279969e+01
4.718858e+03	-5.286809e+01
4.746114e+03	-5.289298e+01
4.773527e+03	-5.292396e+01
4.801099e+03	-5.301514e+01
4.828830e+03	-5.304735e+01
4.856721e+03	-5.317906e+01
4.884773e+03	-5.325041e+01
4.912988e+03	-5.326744e+01
4.941365e+03	-5.337259e+01
4.969906e+03	-5.346598e+01
4.998612e+03	-5.352829e+01
5.027484e+03	-5.357673e+01
5.056522e+03	-5.360460e+01
5.085729e+03	-5.377326e+01
5.115104e+03	-5.386824e+01
5.144648e+03	-5.390030e+01
5.174363e+03	-5.389793e+01
5.204250e+03	-5.406358e+01
5.234310e+03	-5.409440e+01
5.264543e+03	-5.415986e+01
5.294951e+03	-5.417449e+01
5.325534e+03	-5.434351e+01
5.356294e+03	-5.437589e+01
5.387232e+03	-5.450348e+01
5.418348e+03	-5.446869e+01
5.449645e+03	-5.464816e+01
5.481122e+03	-5.464934e+01
5.512780e+03	-5.470411e+01
5.544622e+03	-5.476786e+01
5.576647e+03	-5.481314e+01
5.608858e+03	-5.499356e+01
5.641254e+03	-5.506970e+01
5.673838e+03	-5.514332e+01
5.706610e+03	-5.522177e+01
5.739571e+03	-5.532991e+01
5.772723e+03	-5.538261e+01
5.806066e+03	-5.540563e+01
5.839601e+03	-5.548315e+01
5.873331e+03	-5.558536e+01
5.907255e+03	-5.559721e+01
5.941375e+03	-5.563325e+01
5.975692e+03	-5.585609e+01
6.010207e+03	-5.596509e+01
6.044922e+03	-5.603882e+01
6.079837e+03	-5.609741e+01
6.114954e+03	-5.626357e+01
6.150274e+03	-5.629157e+01
6.185797e+03	-5.633105e+01
6.221526e+03	-5.640278e+01
6.257462e+03	-5.646307e+01
6.293605e+03	-5.663908e+01
6.329956e+03	-5.664870e+01
6.366518e+03	-5.673997e+01
6.403290e+03	-5.679486e+01
6.440276e+03	-5.692978e+01
6.477474e+03	-5.701605e+01
6.514888e+03	-5.703567e+01
6.552518e+03	-5.715733e+01
6.590365e+03	-5.733357e+01
6.628430e+03	-5.742720e+01
6.666716e+03	-5.741630e+01
6.705223e+03	-5.762868e+01
6.743952e+03	-5.770538e+01
6.782905e+03	-5.772525e+01
6.822082e+03	-5.785064e+01
6.861486e+03	-5.798042e+01
6.901118e+03	-5.804834e+01
6.940979e+03	-5.817963e+01
6.981069e+03	-5.815040e+01
7.021392e+03	-5.830767e+01
7.061947e+03	-5.837031e+01
7.102737e+03	-5.851266e+01
7.143762e+03	-5.852255e+01
7.185024e+03	-5.868454e+01
7.226524e+03	-5.871397e+01
7.268264e+03	-5.874221e+01
7.310246e+03	-5.891374e+01
7.352469e+03	-5.910704e+01
7.394937e+03	-5.930330e+01
7.437650e+03	-5.936383e+01
7.480609e+03	-5.935120e+01
7.523817e+03	-5.950676e+01
7.567274e+03	-5.968328e+01
7.610982e+03	-5.975149e+01
7.654943e+03	-5.979566e+01
7.699158e+03	-5.970482e+01
7.743628e+03	-5.998791e+01
7.788355e+03	-6.001150e+01
7.833340e+03	-6.017197e+01
7.878585e+03	-6.022854e+01
7.924091e+03	-6.027231e+01
7.969861e+03	-6.054846e+01
8.015894e+03	-6.054360e+01
8.062194e+03	-6.067945e+01
8.108761e+03	-6.078825e+01
8.155596e+03	-6.086016e+01
8.202703e+03	-6.106298e+01
8.250081e+03	-6.126337e+01
8.297733e+03	-6.113673e+01
8.345661e+03	-6.140137e+01
8.393865e+03	-6.162973e+01
8.442348e+03	-6.163889e+01
8.491110e+03	-6.150461e+01
8.540155e+03	-6.184838e+01
8.589482e+03	-6.185883e+01
8.639095e+03	-6.179182e+01
8.688994e+03	-6.194951e+01
8.739181e+03	-6.198432e+01
8.789658e+03	-6.223648e+01
8.840427e+03	-6.226131e+01
8.891489e+03	-6.243716e+01
8.942846e+03	-6.247526e+01
8.994499e+03	-6.233240e+01
9.046451e+03	-6.255796e+01
9.098703e+03	-6.248002e+01
9.151257e+03	-6.256219e+01
9.204114e+03	-6.259898e+01
9.257277e+03	-6.261543e+01
9.310746e+03	-6.234195e+01
9.364525e+03	-6.240513e+01
9.418614e+03	-6.247680e+01
9.473015e+03	-6.218944e+01
9.527731e+03	-6.202137e+01
9.582763e+03	-6.191776e+01
9.638113e+03	-6.145007e+01
9.693782e+03	-6.096604e+01
9.749773e+03	-6.060040e+01
9.806087e+03	-6.018470e+01
9.862727e+03	-5.968761e+01
9.919693e+03	-5.931294e+01
9.976989e+03	-5.969745e+01
1.003462e+04	-6.098413e+01
1.009258e+04	-6.278665e+01
1.015087e+04	-6.543922e+01
1.020950e+04	-6.812471e+01
1.026847e+04	-7.070094e+01
1.032778e+04	-7.457163e+01
1.038743e+04	-7.731385e+01
1.044743e+04	-8.184980e+01
1.050777e+04	-9.400486e+01
1.056847e+04	-9.146958e+01
1.062951e+04	-9.954725e+01
1.069091e+04	-9.330956e+01
1.075266e+04	-1.051724e+02
1.081476e+04	-9.473487e+01
1.087723e+04	-1.090715e+02
1.094006e+04	-9.103158e+01
1.100324e+04	-9.448240e+01
1.106680e+04	-1.034988e+02
1.113072e+04	-9.245501e+01
1.119501e+04	-8.665738e+01
1.125967e+04	-8.789038e+01
1.132471e+04	-8.600229e+01
1.139012e+04	-8.949372e+01
1.145591e+04	-8.350147e+01
1.152208e+04	-8.325749e+01
1.158863e+04	-8.114985e+01
1.165556e+04	-8.126991e+01
1.172289e+04	-8.214821e+01
1.179060e+04	-8.175510e+01
1.185870e+04	-7.940592e+01
1.192719e+04	-7.896788e+01
1.199608e+04	-7.820861e+01
1.206537e+04	-7.633298e+01
1.213506e+04	-7.737888e+01
1.220515e+04	-7.759840e+01
1.227565e+04	-7.509303e+01
1.234655e+04	-7.571921e+01
1.241787e+04	-7.473745e+01
1.248959e+04	-7.422847e+01
1.256173e+04	-7.428557e+01
1.263429e+04	-7.347576e+01
1.270726e+04	-7.297142e+01
1.278066e+04	-7.276318e+01
1.285448e+04	-7.174374e+01
1.292873e+04	-7.145820e+01
1.300340e+04	-7.134164e+01
1.307851e+04	-7.110917e+01
1.315405e+04	-7.032328e+01
1.323003e+04	-7.023392e+01
1.330644e+04	-7.020479e+01
1.338330e+04	-6.969632e+01
1.346060e+04	-6.955899e+01
1.353835e+04	-6.873246e+01
1.361655e+04	-6.878145e+01
1.369520e+04	-6.858607e+01
1.377430e+04	-6.835187e+01
1.385386e+04	-6.809033e+01
1.393388e+04	-6.786206e+01
1.401436e+04	-6.808141e+01
1.409531e+04	-6.721422e+01
1.417672e+04	-6.748690e+01
1.425861e+04	-6.705301e+01
1.434096e+04	-6.661727e+01
1.442379e+04	-6.653730e+01
1.450711e+04	-6.627036e+01
1.459090e+04	-6.611914e+01
1.467518e+04	-6.586178e+01
1.475994e+04	-6.530933e+01
1.484519e+04	-6.514973e+01
1.493094e+04	-6.508332e+01
1.501718e+04	-6.503552e+01
1.510392e+04	-6.468880e+01
1.519116e+04	-6.501398e+01
1.527890e+04	-6.462566e+01
1.536715e+04	-6.442625e+01
1.545591e+04	-6.406587e+01
1.554518e+04	-6.378389e+01
1.563497e+04	-6.364353e+01
1.572528e+04	-6.365296e+01
1.581611e+04	-6.348593e+01
1.590746e+04	-6.329623e+01
1.599934e+04	-6.285883e+01
1.609175e+04	-6.313495e+01
1.618470e+04	-6.266477e+01
1.627818e+04	-6.289208e+01
1.637220e+04	-6.260857e+01
1.646677e+04	-6.213517e+01
1.656188e+04	-6.223985e+01
1.665754e+04	-6.199277e+01
1.675375e+04	-6.184592e+01
1.685052e+04	-6.179224e+01
1.694785e+04	-6.164742e+01
1.704574e+04	-6.148377e+01
1.714419e+04	-6.135022e+01
1.724322e+04	-6.131816e+01
1.734281e+04	-6.109320e+01
1.744299e+04	-6.114447e+01
1.754374e+04	-6.099209e+01
1.764507e+04	-6.071616e+01
1.774698e+04	-6.076425e+01
1.784949e+04	-6.044803e+01
1.795259e+04	-6.046088e+01
1.805628e+04	-6.038509e+01
1.816057e+04	-6.019739e+01
1.826547e+04	-6.004723e+01
1.837097e+04	-5.997309e+01
1.847708e+04	-5.972340e+01
1.858380e+04	-5.970612e+01
1.869114e+04	-5.957229e+01
1.879910e+04	-5.946463e+01
1.890768e+04	-5.937102e+01
1.901689e+04	-5.930052e+01
1.912673e+04	-5.918739e+01
1.923721e+04	-5.901251e+01
1.934832e+04	-5.892717e+01
1.946008e+04	-5.897495e+01
1.957248e+04	-5.881613e+01
1.968553e+04	-5.867401e+01
1.979923e+04	-5.863017e+01
1.991359e+04	-5.838520e+01
2.002861e+04	-5.834553e+01
2.014430e+04	-5.827912e+01
2.026065e+04	-5.810490e+01
2.037767e+04	-5.812759e+01
2.049537e+04	-5.801399e+01
2.061375e+04	-5.784572e+01
2.073282e+04	-5.769087e+01
2.085257e+04	-5.764482e+01
2.097301e+04	-5.756362e+01
2.109415e+04	-5.742802e+01
2.121599e+04	-5.726638e+01
2.133853e+04	-5.737453e+01
2.146178e+04	-5.716004e+01
2.158575e+04	-5.710679e+01
2.171043e+04	-5.712393e+01
2.183582e+04	-5.689641e+01
2.196195e+04	-5.688003e+01
2.208880e+04	-5.674600e+01
2.221638e+04	-5.664247e+01
2.234470e+04	-5.655262e+01
2.247377e+04	-5.654936e+01
2.260357e+04	-5.650906e+01
2.273413e+04	-5.639850e+01
2.286544e+04	-5.625972e+01
2.299751e+04	-5.611700e+01
2.313034e+04	-5.603588e+01
2.326394e+04	-5.598730e+01
2.339832e+04	-5.585665e+01
2.353346e+04	-5.582666e+01
2.366939e+04	-5.571330e+01
2.380610e+04	-5.577167e+01
2.394361e+04	-5.555523e+01
2.408191e+04	-5.545308e+01
2.422100e+04	-5.539933e+01
2.436090e+04	-5.522433e+01
2.450161e+04	-5.535402e+01
2.464313e+04	-5.516264e+01
2.478547e+04	-5.507104e+01
2.492863e+04	-5.503548e+01
2.507261e+04	-5.496750e+01
2.521743e+04	-5.480774e+01
2.536309e+04	-5.474994e+01
2.550958e+04	-5.477868e+01
2.565692e+04	-5.477610e+01
2.580512e+04	-5.463524e+01
2.595417e+04	-5.455456e+01
2.610408e+04	-5.440899e+01
2.625485e+04	-5.433016e+01
2.640650e+04	-5.426111e+01
2.655902e+04	-5.415728e+01
2.671243e+04	-5.417509e+01
2.686672e+04	-5.408221e+01
2.702190e+04	-5.392893e+01
2.717798e+04	-5.392702e+01
2.733495e+04	-5.372886e+01
2.749284e+04	-5.379822e+01
2.765164e+04	-5.367539e+01
2.781135e+04	-5.362388e+01
2.797199e+04	-5.357307e+01
2.813355e+04	-5.347500e+01
2.829605e+04	-5.343430e+01
2.845949e+04	-5.337115e+01
2.862387e+04	-5.327856e+01
2.878920e+04	-5.318928e+01
2.895549e+04	-5.311821e+01
2.912273e+04	-5.303716e+01
2.929094e+04	-5.295678e+01
2.946013e+04	-5.294890e+01
2.963029e+04	-5.286118e+01
2.980143e+04	-5.278342e+01
2.997356e+04	-5.274968e+01
3.014669e+04	-5.262128e+01
3.032081e+04	-5.256800e+01
3.049595e+04	-5.252326e+01
3.067209e+04	-5.237125e+01
3.084925e+04	-5.234466e+01
3.102743e+04	-5.230856e+01
3.120665e+04	-5.222455e+01
3.138690e+04	-5.217698e+01
3.156819e+04	-5.212358e+01
3.175052e+04	-5.206171e+01
3.193391e+04	-5.201298e+01
3.211836e+04	-5.187326e+01
3.230388e+04	-5.179077e+01
3.249046e+04	-5.179353e+01
3.267812e+04	-5.166601e+01
3.286687e+04	-5.172451e+01
3.305671e+04	-5.157581e+01
3.324764e+04	-5.153860e+01
3.343968e+04	-5.146197e+01
3.363283e+04	-5.142660e+01
3.382709e+04	-5.138060e+01
3.402247e+04	-5.128739e+01
3.421899e+04	-5.120761e+01
3.441663e+04	-5.113108e+01
3.461542e+04	-5.103707e+01
3.481536e+04	-5.107136e+01
3.501645e+04	-5.095876e+01
3.521871e+04	-5.090867e+01
3.542213e+04	-5.081408e+01
3.562672e+04	-5.075272e+01
3.583250e+04	-5.063200e+01
3.603947e+04	-5.062957e+01
3.624763e+04	-5.062756e+01
3.645700e+04	-5.053066e+01
3.666757e+04	-5.052923e+01
3.687936e+04	-5.042203e+01
3.709238e+04	-5.032996e+01
3.730662e+04	-5.027154e+01
3.752210e+04	-5.024493e+01
3.773883e+04	-5.011015e+01
3.795680e+04	-5.006340e+01
3.817604e+04	-5.003282e+01
3.839654e+04	-4.997208e+01
3.861832e+04	-4.989523e+01
3.884138e+04	-4.988813e+01
3.906573e+04	-4.983647e+01
3.929137e+04	-4.974348e+01
3.951831e+04	-4.967201e+01
3.974657e+04	-4.963672e+01
3.997614e+04	-4.952930e+01
4.020704e+04	-4.953060e+01
4.043928e+04	-4.943994e+01
4.067285e+04	-4.940674e+01
4.090778e+04	-4.931716e+01
4.114406e+04	-4.925896e+01
4.138171e+04	-4.919555e+01
4.162073e+04	-4.916747e+01
4.186113e+04	-4.912632e+01
4.210291e+04	-4.903746e+01
4.234610e+04	-4.894911e+01
4.259069e+04	-4.890264e+01
4.283669e+04	-4.888831e+01
4.308411e+04	-4.882704e+01
4.333297e+04	-4.873935e+01
4.358325e+04	-4.869155e+01
4.383499e+04	-4.860170e+01
4.408818e+04	-4.852394e+01
4.434283e+04	-4.851283e+01
4.459895e+04	-4.844660e+01
4.485655e+04	-4.838038e+01
4.511564e+04	-4.832351e+01
4.537623e+04	-4.828254e+01
4.563832e+04	-4.824351e+01
4.590193e+04	-4.815305e+01
4.616705e+04	-4.809307e+01
4.643371e+04	-4.806289e+01
4.670191e+04	-4.799326e+01
4.697166e+04	-4.793743e+01
4.724297e+04	-4.786701e+01
4.751584e+04	-4.782453e+01
4.779029e+04	-4.775548e+01
4.806633e+04	-4.771116e+01
4.834395e+04	-4.764860e+01
4.862319e+04	-4.760052e+01
4.890403e+04	-4.757751e+01
4.918650e+04	-4.749799e+01
4.947060e+04	-4.745257e+01
4.975634e+04	-4.738801e+01
5.004373e+04	-4.731701e+01
5.033278e+04	-4.729950e+01
5.062350e+04	-4.720103e+01
5.091590e+04	-4.715504e+01
5.120999e+04	-4.708842e+01
5.150578e+04	-4.704670e+01
5.180327e+04	-4.701927e+01
5.210248e+04	-4.694971e+01
5.240343e+04	-4.688662e+01
5.270611e+04	-4.683125e+01
5.301053e+04	-4.676137e+01
5.331672e+04	-4.669820e+01
5.362468e+04	-4.664951e+01
5.393441e+04	-4.661387e+01
5.424593e+04	-4.655448e+01
5.455926e+04	-4.648441e+01
5.487439e+04	-4.642916e+01
5.519134e+04	-4.638588e+01
5.551012e+04	-4.634102e+01
5.583075e+04	-4.629584e+01
5.615322e+04	-4.621563e+01
5.647756e+04	-4.618326e+01
5.680377e+04	-4.614302e+01
5.713187e+04	-4.606971e+01
5.746186e+04	-4.601293e+01
5.779376e+04	-4.597515e+01
5.812757e+04	-4.587506e+01
5.846332e+04	-4.584411e+01
5.880100e+04	-4.576944e+01
5.914063e+04	-4.574016e+01
5.948222e+04	-4.566808e+01
5.982579e+04	-4.562475e+01
6.017134e+04	-4.556801e+01
6.051889e+04	-4.548948e+01
6.086844e+04	-4.544977e+01
6.122002e+04	-4.540561e+01
6.157362e+04	-4.537346e+01
6.192927e+04	-4.530943e+01
6.228697e+04	-4.525549e+01
6.264674e+04	-4.519382e+01
6.300858e+04	-4.511185e+01
6.337252e+04	-4.508797e+01
6.373855e+04	-4.504102e+01
6.410670e+04	-4.497436e+01
6.447698e+04	-4.495347e+01
6.484940e+04	-4.490421e+01
6.522397e+04	-4.482585e+01
6.560070e+04	-4.477111e+01
6.597960e+04	-4.472662e+01
6.636070e+04	-4.465760e+01
6.674400e+04	-4.459407e+01
6.712951e+04	-4.455537e+01
6.751724e+04	-4.448534e+01
6.790722e+04	-4.448460e+01
6.829945e+04	-4.439265e+01
6.869395e+04	-4.436479e+01
6.909072e+04	-4.429375e+01
6.948978e+04	-4.424068e+01
6.989115e+04	-4.416747e+01
7.029484e+04	-4.412726e+01
7.070086e+04	-4.407843e+01
7.110923e+04	-4.403699e+01
7.151995e+04	-4.397446e+01
7.193305e+04	-4.390703e+01
7.234853e+04	-4.387276e+01
7.276641e+04	-4.382997e+01
7.318671e+04	-4.377475e+01
7.360943e+04	-4.370899e+01
7.403460e+04	-4.364570e+01
7.446222e+04	-4.359422e+01
7.489231e+04	-4.354722e+01
7.532488e+04	-4.349760e+01
7.575996e+04	-4.345063e+01
7.619754e+04	-4.341514e+01
7.663766e+04	-4.335759e+01
7.708031e+04	-4.329709e+01
7.752553e+04	-4.322497e+01
7.797331e+04	-4.320053e+01
7.842368e+04	-4.312419e+01
7.887665e+04	-4.309146e+01
7.933224e+04	-4.304470e+01
7.979046e+04	-4.297548e+01
8.025133e+04	-4.290992e+01
8.071486e+04	-4.288639e+01
8.118106e+04	-4.281361e+01
8.164996e+04	-4.277257e+01
8.212157e+04	-4.272080e+01
8.259590e+04	-4.267557e+01
8.307297e+04	-4.261768e+01
8.355279e+04	-4.257132e+01
8.403539e+04	-4.251408e+01
8.452078e+04	-4.244966e+01
8.500897e+04	-4.240402e+01
8.549997e+04	-4.234337e+01
8.599382e+04	-4.230363e+01
8.649052e+04	-4.225940e+01
8.699008e+04	-4.218303e+01
8.749253e+04	-4.214771e+01
8.799789e+04	-4.209894e+01
8.850616e+04	-4.205257e+01
8.901737e+04	-4.200007e+01
8.953153e+04	-4.194256e+01
9.004866e+04	-4.189820e+01
9.056877e+04	-4.182149e+01
9.109190e+04	-4.177847e+01
9.161804e+04	-4.175520e+01
9.214722e+04	-4.169074e+01
9.267946e+04	-4.163430e+01
9.321477e+04	-4.157068e+01
9.375318e+04	-4.153025e+01
9.429469e+04	-4.148207e+01
9.483933e+04	-4.142936e+01
9.538712e+04	-4.135956e+01
9.593807e+04	-4.131210e+01
9.649221e+04	-4.127303e+01
9.704954e+04	-4.119226e+01
9.761010e+04	-4.115554e+01
9.817389e+04	-4.111382e+01
9.874094e+04	-4.105086e+01
9.931126e+04	-4.098096e+01
9.988488e+04	-4.096642e+01
1.004618e+05	-4.090653e+01
1.010421e+05	-4.085839e+01
1.016257e+05	-4.081529e+01
1.022127e+05	-4.075888e+01
1.028031e+05	-4.070424e+01
1.033968e+05	-4.065122e+01
1.039941e+05	-4.061356e+01
1.045947e+05	-4.053831e+01
1.051989e+05	-4.050196e+01
1.058065e+05	-4.046089e+01
1.064176e+05	-4.039019e+01
1.070323e+05	-4.035899e+01
1.076505e+05	-4.030038e+01
1.082723e+05	-4.024823e+01
1.088977e+05	-4.019851e+01
1.095266e+05	-4.015666e+01
1.101593e+05	-4.009096e+01
1.107955e+05	-4.004263e+01
1.114355e+05	-3.997641e+01
1.120791e+05	-3.994325e+01
1.127265e+05	-3.988024e+01
1.133776e+05	-3.984005e+01
1.140325e+05	-3.976761e+01
1.146911e+05	-3.973464e+01
1.153536e+05	-3.966962e+01
1.160198e+05	-3.962928e+01
1.166900e+05	-3.958649e+01
1.173640e+05	-3.952037e+01
1.180419e+05	-3.948827e+01
1.187237e+05	-3.942292e+01
1.194094e+05	-3.936933e+01
1.200991e+05	-3.933208e+01
1.207928e+05	-3.926792e+01
1.214905e+05	-3.922482e+01
1.221922e+05	-3.915513e+01
1.228980e+05	-3.913414e+01
1.236078e+05	-3.907807e+01
1.243218e+05	-3.902278e+01
1.250399e+05	-3.897356e+01
1.257621e+05	-3.891855e+01
1.264885e+05	-3.886147e+01
1.272191e+05	-3.881334e+01
1.279539e+05	-3.876318e+01
1.286930e+05	-3.871378e+01
1.294363e+05	-3.865220e+01
1.301839e+05	-3.861624e+01
1.309358e+05	-3.856511e+01
1.316921e+05	-3.851005e+01
1.324528e+05	-3.846440e+01
1.332178e+05	-3.842314e+01
1.339873e+05	-3.835415e+01
1.347612e+05	-3.830257e+01
1.355395e+05	-3.826176e+01
1.363224e+05	-3.821886e+01
1.371098e+05	-3.815223e+01
1.379018e+05	-3.810658e+01
1.386983e+05	-3.805868e+01
1.394994e+05	-3.800959e+01
1.403051e+05	-3.796034e+01
1.411155e+05	-3.789627e+01
1.419306e+05	-3.784883e+01
1.427504e+05	-3.781973e+01
1.435749e+05	-3.775723e+01
1.444042e+05	-3.770128e+01
1.452383e+05	-3.765961e+01
1.460772e+05	-3.760599e+01
1.469209e+05	-3.755243e+01
1.477695e+05	-3.749958e+01
1.486230e+05	-3.745269e+01
1.494814e+05	-3.739403e+01
1.503448e+05	-3.734972e+01
1.512132e+05	-3.729264e+01
1.520866e+05	-3.724162e+01
1.529651e+05	-3.720016e+01
1.538486e+05	-3.714328e+01
1.547372e+05	-3.709585e+01
1.556310e+05	-3.704335e+01
1.565299e+05	-3.698507e+01
1.574340e+05	-3.694457e+01
1.583433e+05	-3.689311e+01
1.592579e+05	-3.684432e+01
1.601778e+05	-3.678858e+01
1.611030e+05	-3.673583e+01
1.620335e+05	-3.668944e+01
1.629694e+05	-3.664729e+01
1.639107e+05	-3.657623e+01
1.648574e+05	-3.654446e+01
1.658097e+05	-3.648619e+01
1.667674e+05	-3.642475e+01
1.677306e+05	-3.638872e+01
1.686994e+05	-3.632843e+01
1.696738e+05	-3.629176e+01
1.706538e+05	-3.623221e+01
1.716395e+05	-3.618624e+01
1.726309e+05	-3.614311e+01
1.736280e+05	-3.607452e+01
1.746309e+05	-3.602281e+01
1.756395e+05	-3.597896e+01
1.766540e+05	-3.593162e+01
1.776744e+05	-3.588083e+01
1.787006e+05	-3.583946e+01
1.797328e+05	-3.578242e+01
1.807709e+05	-3.573688e+01
1.818150e+05	-3.568365e+01
1.828652e+05	-3.563028e+01
1.839214e+05	-3.556616e+01
1.849837e+05	-3.552877e+01
1.860522e+05	-3.548020e+01
1.871268e+05	-3.543511e+01
1.882077e+05	-3.537660e+01
1.892948e+05	-3.532049e+01
1.903881e+05	-3.527487e+01
1.914878e+05	-3.522899e+01
1.925938e+05	-3.517936e+01
1.937062e+05	-3.513526e+01
1.948251e+05	-3.507726e+01
1.959504e+05	-3.502913e+01
1.970822e+05	-3.497457e+01
1.982205e+05	-3.493490e+01
1.993654e+05	-3.487108e+01
2.005169e+05	-3.482378e+01
2.016751e+05	-3.477287e+01
2.028400e+05	-3.472118e+01
2.040116e+05	-3.467570e+01
2.051899e+05	-3.462481e+01
2.063751e+05	-3.458049e+01
2.075671e+05	-3.452264e+01
2.087660e+05	-3.447118e+01
2.099719e+05	-3.443004e+01
2.111846e+05	-3.437563e+01
2.124044e+05	-3.433023e+01
2.136313e+05	-3.427615e+01
2.148652e+05	-3.422901e+01
2.161063e+05	-3.417606e+01
2.173545e+05	-3.412936e+01
2.186099e+05	-3.406870e+01
2.198726e+05	-3.402764e+01
2.211426e+05	-3.398085e+01
2.224199e+05	-3.391839e+01
2.237046e+05	-3.388300e+01
2.249967e+05	-3.382527e+01
2.262962e+05	-3.377249e+01
2.276033e+05	-3.373108e+01
2.289179e+05	-3.367107e+01
2.302402e+05	-3.362798e+01
2.315700e+05	-3.357523e+01
2.329076e+05	-3.352368e+01
2.342528e+05	-3.346905e+01
2.356059e+05	-3.341907e+01
2.369667e+05	-3.336674e+01
2.383354e+05	-3.332088e+01
2.397120e+05	-3.327207e+01
2.410966e+05	-3.322050e+01
2.424892e+05	-3.317302e+01
2.438898e+05	-3.312246e+01
2.452985e+05	-3.307181e+01
2.467153e+05	-3.302089e+01
2.481403e+05	-3.297382e+01
2.495736e+05	-3.291928e+01
2.510151e+05	-3.287054e+01
2.524650e+05	-3.281650e+01
2.539232e+05	-3.276918e+01
2.553898e+05	-3.272045e+01
2.568650e+05	-3.266437e+01
2.583486e+05	-3.262175e+01
2.598408e+05	-3.257487e+01
2.613416e+05	-3.251578e+01
2.628511e+05	-3.246798e+01
2.643694e+05	-3.241846e+01
2.658963e+05	-3.236725e+01
2.674321e+05	-3.231946e+01
2.689768e+05	-3.226801e+01
2.705304e+05	-3.221505e+01
2.720930e+05	-3.216700e+01
2.736646e+05	-3.211723e+01
2.752453e+05	-3.206652e+01
2.768351e+05	-3.201347e+01
2.784341e+05	-3.196742e+01
2.800423e+05	-3.191888e+01
2.816598e+05	-3.186861e+01
2.832867e+05	-3.181994e+01
2.849229e+05	-3.176589e+01
2.865686e+05	-3.172499e+01
2.882238e+05	-3.167372e+01
2.898886e+05	-3.161546e+01
2.915630e+05	-3.157092e+01
2.932470e+05	-3.152389e+01
2.949408e+05	-3.146950e+01
2.966444e+05	-3.142418e+01
2.983578e+05	-3.136696e+01
3.000811e+05	-3.131940e+01
3.018143e+05	-3.126866e+01
3.035576e+05	-3.121786e+01
3.053109e+05	-3.117075e+01
3.070744e+05	-3.112359e+01
3.088481e+05	-3.107069e+01
3.106320e+05	-3.102429e+01
3.124261e+05	-3.096215e+01
3.142307e+05	-3.092152e+01
3.160457e+05	-3.087221e+01
3.178712e+05	-3.081484e+01
3.197072e+05	-3.077104e+01
3.215538e+05	-3.071476e+01
3.234111e+05	-3.066574e+01
3.252791e+05	-3.062486e+01
3.271579e+05	-3.056640e+01
3.290475e+05	-3.051921e+01
3.309481e+05	-3.047277e+01
3.328596e+05	-3.041879e+01
3.347822e+05	-3.037082e+01
3.367159e+05	-3.032251e+01
3.386608e+05	-3.027283e+01
3.406169e+05	-3.021881e+01
3.425842e+05	-3.017886e+01
3.445630e+05	-3.012127e+01
3.465532e+05	-3.006739e+01
3.485549e+05	-3.001882e+01
3.505681e+05	-2.997218e+01
3.525930e+05	-2.992297e+01
3.546295e+05	-2.986949e+01
3.566778e+05	-2.982107e+01
3.587380e+05	-2.976907e+01
3.608101e+05	-2.972228e+01
3.628941e+05	-2.967334e+01
3.649901e+05	-2.962149e+01
3.670983e+05	-2.956819e+01
3.692187e+05	-2.951993e+01
3.713513e+05	-2.947325e+01
3.734962e+05	-2.942998e+01
3.756535e+05	-2.937619e+01
3.778232e+05	-2.932298e+01
3.800055e+05	-2.927830e+01
3.822004e+05	-2.922560e+01
3.844080e+05	-2.917662e+01
3.866283e+05	-2.912373e+01
3.888615e+05	-2.907202e+01
3.911075e+05	-2.902563e+01
3.933665e+05	-2.897413e+01
3.956386e+05	-2.892827e+01
3.979238e+05	-2.887432e+01
4.002222e+05	-2.882704e+01
4.025338e+05	-2.877655e+01
4.048589e+05	-2.872245e+01
4.071973e+05	-2.867736e+01
4.095493e+05	-2.862593e+01
4.119148e+05	-2.857673e+01
4.142940e+05	-2.853115e+01
4.166870e+05	-2.847600e+01
4.190937e+05	-2.842603e+01
4.215144e+05	-2.838157e+01
4.239490e+05	-2.832702e+01
4.263978e+05	-2.827770e+01
4.288606e+05	-2.823028e+01
4.313377e+05	-2.818206e+01
4.338291e+05	-2.812829e+01
4.363349e+05	-2.807654e+01
4.388551e+05	-2.802731e+01
4.413899e+05	-2.797949e+01
4.439394e+05	-2.793110e+01
4.465035e+05	-2.788113e+01
4.490825e+05	-2.782848e+01
4.516764e+05	-2.778000e+01
4.542853e+05	-2.772997e+01
4.569092e+05	-2.768095e+01
4.595483e+05	-2.763037e+01
4.622026e+05	-2.758519e+01
4.648723e+05	-2.752972e+01
4.675574e+05	-2.748135e+01
4.702580e+05	-2.743376e+01
4.729742e+05	-2.738586e+01
4.757060e+05	-2.733530e+01
4.784537e+05	-2.728555e+01
4.812172e+05	-2.723385e+01
4.839967e+05	-2.718367e+01
4.867923e+05	-2.713889e+01
4.896040e+05	-2.708643e+01
4.924319e+05	-2.704181e+01
4.952762e+05	-2.698472e+01
4.981369e+05	-2.693655e+01
5.010141e+05	-2.688863e+01
5.039079e+05	-2.683607e+01
5.068185e+05	-2.678655e+01
5.097458e+05	-2.673712e+01
5.126901e+05	-2.669289e+01
5.156514e+05	-2.663926e+01
5.186298e+05	-2.658960e+01
5.216253e+05	-2.654091e+01
5.246382e+05	-2.649164e+01
5.276685e+05	-2.644075e+01
5.307163e+05	-2.639479e+01
5.337817e+05	-2.634509e+01
5.368648e+05	-2.629047e+01
5.399657e+05	-2.624501e+01
5.430845e+05	-2.619055e+01
5.462214e+05	-2.614386e+01
5.493763e+05	-2.609473e+01
5.525495e+05	-2.604429e+01
5.557410e+05	-2.599398e+01
5.589509e+05	-2.594595e+01
5.621794e+05	-2.589659e+01
5.654265e+05	-2.584440e+01
5.686924e+05	-2.579499e+01
5.719772e+05	-2.574792e+01
5.752809e+05	-2.569886e+01
5.786037e+05	-2.564839e+01
5.819457e+05	-2.559840e+01
5.853070e+05	-2.555288e+01
5.886877e+05	-2.550308e+01
5.920879e+05	-2.545263e+01
5.955078e+05	-2.540039e+01
5.989474e+05	-2.535372e+01
6.024069e+05	-2.530492e+01
6.058864e+05	-2.525321e+01
6.093860e+05	-2.520561e+01
6.129058e+05	-2.515480e+01
6.164459e+05	-2.510522e+01
6.200064e+05	-2.505548e+01
6.235876e+05	-2.500828e+01
6.271894e+05	-2.495732e+01
6.308120e+05	-2.490787e+01
6.344555e+05	-2.485966e+01
6.381201e+05	-2.480963e+01
6.418059e+05	-2.476101e+01
6.455129e+05	-2.470573e+01
6.492414e+05	-2.466060e+01
6.529914e+05	-2.461111e+01
6.567630e+05	-2.456477e+01
6.605565e+05	-2.451302e+01
6.643718e+05	-2.446566e+01
6.682092e+05	-2.441572e+01
6.720688e+05	-2.436678e+01
6.759506e+05	-2.431796e+01
6.798549e+05	-2.426835e+01
6.837817e+05	-2.422029e+01
6.877312e+05	-2.416878e+01
6.917035e+05	-2.412008e+01
6.956987e+05	-2.407173e+01
6.997171e+05	-2.401990e+01
7.037586e+05	-2.397121e+01
7.078235e+05	-2.392242e+01
7.119118e+05	-2.387365e+01
7.160238e+05	-2.382467e+01
7.201595e+05	-2.377211e+01
7.243191e+05	-2.372483e+01
7.285028e+05	-2.367683e+01
7.327106e+05	-2.362860e+01
7.369427e+05	-2.357892e+01
7.411992e+05	-2.353181e+01
7.454804e+05	-2.348028e+01
7.497862e+05	-2.343180e+01
7.541170e+05	-2.338293e+01
7.584727e+05	-2.333385e+01
7.628536e+05	-2.328413e+01
7.672598e+05	-2.323504e+01
7.716915e+05	-2.318776e+01
7.761488e+05	-2.313711e+01
7.806318e+05	-2.308704e+01
7.851407e+05	-2.303989e+01
7.896756e+05	-2.298836e+01
7.942367e+05	-2.294063e+01
7.988242e+05	-2.289326e+01
8.034382e+05	-2.284308e+01
8.080788e+05	-2.279595e+01
8.127463e+05	-2.274596e+01
8.174406e+05	-2.269527e+01
8.221621e+05	-2.264836e+01
8.269109e+05	-2.259791e+01
8.316871e+05	-2.254749e+01
8.364909e+05	-2.250150e+01
8.413225e+05	-2.245330e+01
8.461819e+05	-2.240362e+01
8.510694e+05	-2.235657e+01
8.559852e+05	-2.230444e+01
8.609293e+05	-2.225753e+01
8.659020e+05	-2.220876e+01
8.709034e+05	-2.215830e+01
8.759337e+05	-2.211057e+01
8.809931e+05	-2.206271e+01
8.860816e+05	-2.201459e+01
8.911996e+05	-2.196291e+01
8.963471e+05	-2.191476e+01
9.015244e+05	-2.186861e+01
9.067316e+05	-2.181651e+01
9.119688e+05	-2.177112e+01
9.172363e+05	-2.172042e+01
9.225342e+05	-2.167275e+01
9.278628e+05	-2.162415e+01
9.332221e+05	-2.157348e+01
9.386123e+05	-2.152662e+01
9.440337e+05	-2.147690e+01
9.494864e+05	-2.142940e+01
9.549706e+05	-2.137996e+01
9.604865e+05	-2.133081e+01
9.660342e+05	-2.128306e+01
9.716140e+05	-2.123486e+01
9.772260e+05	-2.118649e+01
9.828704e+05	-2.113681e+01
9.885474e+05	-2.108796e+01
9.942572e+05	-2.104142e+01
1.000000e+06	-2.099179e+01
