Frequency(Hz)	Magnitude(dB)
1.000000e+01	-9.717983e-03
1.005776e+01	4.056179e-03
1.011585e+01	2.830932e-02
1.017428e+01	-1.430950e-02
1.023305e+01	1.058175e-02
1.029215e+01	1.830989e-02
1.035160e+01	7.722940e-03
1.041139e+01	-3.932957e-03
1.047153e+01	3.005603e-02
1.053201e+01	-2.580922e-02
1.059284e+01	2.435492e-02
1.065403e+01	-6.568629e-03
1.071556e+01	9.115922e-03
1.077746e+01	1.594846e-04
1.083971e+01	1.174302e-02
1.090232e+01	-2.428636e-03
1.096529e+01	-2.478436e-02
1.102862e+01	6.750639e-03
1.109232e+01	-1.314326e-02
1.115639e+01	-9.158822e-03
1.122083e+01	-8.531487e-03
1.128564e+01	-7.952212e-03
1.135083e+01	-7.612009e-03
1.141639e+01	1.349123e-02
1.148233e+01	-7.382694e-03
1.154865e+01	3.438207e-03
1.161536e+01	-8.953204e-04
1.168245e+01	-9.276445e-05
1.174992e+01	5.982114e-04
1.181779e+01	1.353269e-02
1.188605e+01	-5.114049e-03
1.195470e+01	1.186335e-02
1.202375e+01	-1.044555e-02
1.209320e+01	-3.720543e-03
1.216305e+01	1.634243e-02
1.223330e+01	-9.590428e-04
1.230396e+01	5.853812e-03
1.237503e+01	-1.030219e-02
1.244651e+01	2.439101e-03
1.251840e+01	1.089123e-02
1.259070e+01	1.069408e-03
1.266343e+01	1.587277e-02
1.273657e+01	2.527817e-02
1.281014e+01	-3.246332e-04
1.288413e+01	-8.111140e-04
1.295855e+01	1.619027e-02
1.303339e+01	-1.203109e-02
1.310867e+01	-6.651939e-03
1.318439e+01	-1.835272e-02
1.326054e+01	-4.839538e-04
1.333713e+01	8.179766e-03
1.341417e+01	-5.583296e-03
1.349165e+01	1.363400e-03
1.356958e+01	-1.715366e-02
1.364795e+01	9.014793e-03
1.372678e+01	3.033852e-03
1.380607e+01	2.925776e-03
1.388581e+01	7.520624e-03
1.396602e+01	7.220525e-03
1.404668e+01	-1.677003e-03
1.412782e+01	-9.702238e-03
1.420942e+01	1.271745e-02
1.429149e+01	-3.044287e-04
1.437404e+01	3.218322e-03
1.445706e+01	2.406936e-04
1.454057e+01	-2.863818e-02
1.462455e+01	-1.353533e-03
1.470902e+01	3.067370e-03
1.479398e+01	5.419290e-03
1.487943e+01	1.664645e-02
1.496537e+01	6.532629e-03
1.505181e+01	2.976828e-03
1.513875e+01	1.266883e-02
1.522619e+01	-5.057030e-04
1.531414e+01	1.396050e-02
1.540259e+01	-2.272531e-02
1.549156e+01	1.743667e-03
1.558103e+01	-2.353647e-02
1.567103e+01	1.971538e-02
1.576155e+01	-1.832241e-02
1.585258e+01	4.949819e-03
1.594415e+01	1.140579e-03
1.603624e+01	6.262397e-03
1.612886e+01	-4.522672e-03
1.622202e+01	-8.595680e-04
1.631572e+01	2.637426e-02
1.640996e+01	3.399442e-02
1.650474e+01	1.333777e-02
1.660008e+01	-1.284969e-02
1.669596e+01	1.858620e-02
1.679239e+01	1.867505e-03
1.688938e+01	1.707159e-02
1.698694e+01	-3.676420e-03
1.708505e+01	-7.079010e-03
1.718373e+01	-1.211914e-02
1.728299e+01	1.060083e-02
1.738281e+01	-1.118014e-02
1.748322e+01	8.268796e-03
1.758420e+01	5.359642e-03
1.768576e+01	-4.551954e-03
1.778792e+01	1.408755e-02
1.789066e+01	-1.770104e-03
1.799399e+01	-2.534045e-02
1.809793e+01	1.178745e-02
1.820246e+01	7.748204e-04
1.830760e+01	-4.274745e-02
1.841334e+01	3.015844e-02
1.851969e+01	-1.133412e-02
1.862666e+01	-3.683591e-02
1.873425e+01	7.521394e-03
1.884246e+01	-5.949774e-03
1.895129e+01	-2.428159e-03
1.906075e+01	1.698903e-02
1.917085e+01	9.534568e-03
1.928158e+01	-3.859194e-02
1.939295e+01	5.186614e-03
1.950496e+01	8.403318e-04
1.961762e+01	3.033081e-02
1.973093e+01	-2.703321e-02
1.984490e+01	1.723952e-02
1.995952e+01	8.121029e-03
2.007480e+01	-2.030059e-02
2.019076e+01	1.175388e-02
2.030738e+01	-2.661354e-02
2.042467e+01	3.371390e-02
2.054264e+01	2.070284e-03
2.066130e+01	-2.310638e-02
2.078064e+01	4.686955e-03
2.090066e+01	-3.311085e-02
2.102139e+01	-1.337126e-02
2.114280e+01	-5.670666e-02
2.126492e+01	2.657032e-02
2.138775e+01	-9.365390e-03
2.151128e+01	7.176231e-04
2.163553e+01	-8.485016e-03
2.176050e+01	1.072760e-02
2.188619e+01	-5.668758e-03
2.201260e+01	-2.408755e-02
2.213974e+01	1.796882e-02
2.226762e+01	6.409998e-03
2.239624e+01	1.571837e-03
2.252560e+01	-2.340752e-02
2.265571e+01	2.825952e-02
2.278656e+01	-8.683277e-03
2.291818e+01	-2.605823e-02
2.305055e+01	8.002300e-03
2.318369e+01	2.740092e-02
2.331760e+01	-4.382131e-02
2.345228e+01	-1.362240e-02
2.358774e+01	-5.857290e-03
2.372398e+01	9.823133e-03
2.386101e+01	1.878668e-04
2.399883e+01	-5.867899e-02
2.413745e+01	-3.365514e-02
2.427686e+01	-8.063260e-02
2.441709e+01	4.938493e-02
2.455812e+01	4.120900e-02
2.469997e+01	-3.124097e-03
2.484263e+01	7.760335e-03
2.498612e+01	-2.756830e-02
2.513044e+01	4.234516e-02
2.527559e+01	-3.271942e-03
2.542158e+01	5.755598e-02
2.556842e+01	1.439523e-02
2.571610e+01	-2.908585e-02
2.586463e+01	9.391671e-02
2.601403e+01	3.882253e-02
2.616428e+01	-3.714908e-02
2.631541e+01	6.520843e-02
2.646740e+01	-2.705689e-02
2.662028e+01	1.245060e-03
2.677404e+01	5.812042e-03
2.692868e+01	-2.155515e-02
2.708422e+01	-3.287036e-02
2.724066e+01	5.580372e-02
2.739800e+01	-4.449230e-04
2.755625e+01	-2.191986e-02
2.771541e+01	3.646610e-02
2.787550e+01	2.081568e-02
2.803650e+01	-4.033845e-02
2.819844e+01	4.684406e-02
2.836131e+01	2.070776e-02
2.852513e+01	1.376542e-02
2.868989e+01	-5.671256e-02
2.885560e+01	-1.002312e-01
2.902227e+01	-4.967682e-02
2.918990e+01	-5.009813e-02
2.935850e+01	-4.911851e-02
2.952807e+01	8.082467e-02
2.969863e+01	3.029894e-02
2.987016e+01	-6.985691e-02
3.004269e+01	-3.707012e-02
3.021622e+01	3.748045e-02
3.039075e+01	6.898359e-03
3.056628e+01	3.387496e-02
3.074283e+01	1.793527e-02
3.092040e+01	4.959424e-02
3.109900e+01	-1.606249e-02
3.127862e+01	1.289378e-02
3.145929e+01	1.121630e-02
3.164099e+01	-4.360632e-02
3.182375e+01	-1.085908e-02
3.200756e+01	-6.541489e-02
3.219244e+01	-8.621467e-03
3.237838e+01	6.325421e-03
3.256540e+01	2.182334e-02
3.275349e+01	2.908173e-02
3.294268e+01	1.042636e-01
3.313295e+01	-5.250762e-02
3.332433e+01	-2.466540e-02
3.351681e+01	-6.882072e-03
3.371040e+01	2.659378e-02
3.390511e+01	-1.555689e-02
3.410094e+01	-1.937962e-02
3.429791e+01	-9.732961e-02
3.449601e+01	9.688275e-03
3.469526e+01	-2.929684e-02
3.489566e+01	2.522518e-02
3.509721e+01	-3.635851e-02
3.529993e+01	8.608525e-02
3.550382e+01	-2.708638e-02
3.570889e+01	-1.902427e-02
3.591515e+01	9.916675e-02
3.612259e+01	8.475647e-02
3.633123e+01	-8.833757e-03
3.654108e+01	7.346400e-02
3.675214e+01	-3.644122e-02
3.696442e+01	-9.236357e-03
3.717792e+01	7.568700e-02
3.739266e+01	4.169249e-02
3.760864e+01	6.507562e-02
3.782587e+01	-1.375109e-02
3.804435e+01	1.967151e-02
3.826409e+01	-1.531950e-02
3.848510e+01	4.948507e-02
3.870739e+01	3.198608e-02
3.893096e+01	1.981993e-02
3.915583e+01	6.106984e-02
3.938199e+01	4.674467e-02
3.960946e+01	4.435001e-02
3.983824e+01	-1.274195e-02
4.006834e+01	-1.420918e-02
4.029978e+01	4.365784e-02
4.053255e+01	6.019021e-02
4.076666e+01	3.211303e-02
4.100213e+01	-5.564732e-02
4.123896e+01	2.447848e-02
4.147715e+01	-3.284084e-02
4.171672e+01	1.412158e-01
4.195767e+01	-2.835354e-02
4.220002e+01	-8.974317e-03
4.244377e+01	9.939374e-02
4.268892e+01	-8.204126e-03
4.293549e+01	1.832974e-02
4.318348e+01	6.708147e-02
4.343291e+01	5.275956e-02
4.368377e+01	-6.572617e-02
4.393609e+01	9.276846e-02
4.418986e+01	-1.748945e-02
4.444510e+01	-2.396941e-02
4.470182e+01	3.425067e-02
4.496001e+01	-1.323326e-01
4.521970e+01	9.592378e-02
4.548089e+01	1.772741e-02
4.574358e+01	-6.854325e-02
4.600779e+01	2.867278e-02
4.627353e+01	-4.984415e-02
4.654081e+01	-1.258821e-01
4.680963e+01	1.304760e-01
4.708000e+01	7.655436e-02
4.735193e+01	6.930469e-03
4.762543e+01	-5.910065e-02
4.790051e+01	4.822197e-02
4.817719e+01	4.095869e-04
4.845545e+01	-4.660545e-02
4.873533e+01	-7.872857e-02
4.901682e+01	2.360910e-02
4.929994e+01	-2.527936e-02
4.958470e+01	1.294987e-01
4.987110e+01	9.680113e-02
5.015915e+01	-2.902351e-01
5.044887e+01	3.734291e-03
5.074026e+01	-1.869357e-03
5.103333e+01	-2.166978e-02
5.132810e+01	-5.240987e-02
5.162457e+01	1.025545e-01
5.192275e+01	-9.347669e-02
5.222265e+01	7.398166e-02
5.252429e+01	7.588161e-02
5.282767e+01	7.273783e-02
5.313280e+01	-2.937988e-01
5.343969e+01	6.058605e-02
5.374836e+01	-1.101618e-01
5.405880e+01	8.501236e-02
5.437105e+01	-9.707949e-02
5.468509e+01	-8.776222e-02
5.500095e+01	3.114881e-01
5.531863e+01	-3.860066e-02
5.563815e+01	-1.772394e-02
5.595951e+01	1.996613e-01
5.628273e+01	2.176775e-02
5.660782e+01	5.866452e-02
5.693479e+01	1.090763e-01
5.726364e+01	-4.052239e-02
5.759439e+01	-3.483019e-02
5.792705e+01	4.008609e-02
5.826164e+01	-1.066910e-01
5.859815e+01	-2.825425e-02
5.893662e+01	1.060959e-02
5.927703e+01	6.777535e-02
5.961941e+01	1.418256e-01
5.996377e+01	-8.994219e-03
6.031012e+01	-1.268939e-01
6.065847e+01	-8.032836e-02
6.100883e+01	-2.001767e-01
6.136121e+01	9.398426e-02
6.171563e+01	-3.770411e-02
6.207210e+01	6.175513e-02
6.243063e+01	1.457681e-01
6.279122e+01	5.041828e-02
6.315390e+01	1.407030e-01
6.351868e+01	-1.830598e-01
6.388556e+01	-2.984427e-01
6.425456e+01	-1.825525e-01
6.462569e+01	-7.547739e-02
6.499897e+01	4.321437e-02
6.537440e+01	-5.161112e-02
6.575200e+01	-1.864661e-01
6.613178e+01	-4.784180e-02
6.651375e+01	1.046581e-01
6.689793e+01	2.415500e-01
6.728433e+01	-5.630454e-02
6.767297e+01	8.678280e-02
6.806384e+01	-1.260647e-02
6.845698e+01	1.559167e-01
6.885238e+01	7.433903e-02
6.925007e+01	-2.427058e-01
6.965005e+01	-4.390484e-02
7.005235e+01	-1.363425e-01
7.045697e+01	2.228020e-02
7.086393e+01	2.215693e-01
7.127323e+01	4.104401e-01
7.168490e+01	3.874065e-01
7.209895e+01	-1.923272e-01
7.251539e+01	6.025155e-03
7.293424e+01	-3.437687e-02
7.335551e+01	4.296320e-01
7.377920e+01	1.255870e-01
7.420535e+01	3.375204e-01
7.463396e+01	-2.145425e-01
7.506504e+01	2.812791e-01
7.549861e+01	-2.775843e-01
7.593469e+01	-6.198245e-02
7.637328e+01	1.994953e-01
7.681441e+01	-8.276305e-02
7.725809e+01	-3.761053e-01
7.770433e+01	-1.266680e-01
7.815315e+01	3.941327e-01
7.860456e+01	1.175490e-01
7.905857e+01	-1.626395e-01
7.951521e+01	4.031227e-01
7.997449e+01	-4.417531e-01
8.043642e+01	-4.288810e-01
8.090102e+01	-4.292998e-01
8.136830e+01	1.189540e-01
8.183828e+01	4.344165e-01
8.231097e+01	-1.396853e-01
8.278640e+01	2.066375e-01
8.326457e+01	5.025518e-01
8.374550e+01	-4.350865e-02
8.422921e+01	-3.182178e-01
8.471572e+01	6.541979e-04
8.520503e+01	1.945835e-02
8.569717e+01	-5.273821e-01
8.619215e+01	4.170668e-01
8.669000e+01	1.499968e-01
8.719071e+01	-7.221000e-02
8.769432e+01	2.706337e-01
8.820084e+01	1.582972e-02
8.871029e+01	-5.043230e-01
8.922267e+01	-4.641811e-01
8.973802e+01	2.117885e-01
9.025634e+01	-3.233025e-01
9.077766e+01	-2.447857e-01
9.130199e+01	-1.856411e-01
9.182935e+01	-1.027436e-01
9.235975e+01	6.340359e-01
9.289321e+01	6.350525e-02
9.342976e+01	-1.071165e+00
9.396941e+01	-3.769496e-01
9.451217e+01	3.581729e-01
9.505807e+01	4.855317e-01
9.560712e+01	-8.251820e-02
9.615934e+01	3.073817e-02
9.671476e+01	1.425190e-01
9.727338e+01	-4.117200e-01
9.783522e+01	-9.094519e-01
9.840032e+01	-1.622486e-01
9.896867e+01	-3.780657e-02
9.954031e+01	8.034257e-01
1.001153e+02	-1.088874e+00
1.006935e+02	-3.186703e-01
1.012751e+02	5.269762e-01
1.018601e+02	-7.013133e-01
1.024484e+02	-5.587341e-01
1.030402e+02	3.008011e-01
1.036353e+02	-2.428667e-01
1.042339e+02	-8.875684e-02
1.048360e+02	1.031141e-01
1.054415e+02	2.818739e-01
1.060505e+02	-2.923042e-01
1.066631e+02	-1.076622e-01
1.072791e+02	8.709601e-01
1.078988e+02	-4.424369e-01
1.085220e+02	-2.824931e-01
1.091488e+02	7.156055e-01
1.097793e+02	-6.066690e-01
1.104133e+02	-3.976301e-01
1.110511e+02	5.691602e-01
1.116925e+02	-2.436476e-03
1.123376e+02	1.067017e+00
1.129865e+02	4.650590e-01
1.136391e+02	-8.823792e-02
1.142955e+02	1.526856e-01
1.149556e+02	-3.981899e-01
1.156196e+02	-1.761250e-01
1.162874e+02	-6.935311e-01
1.169591e+02	3.612482e-01
1.176347e+02	-2.009371e-01
1.183141e+02	9.153251e-01
1.189975e+02	-4.756962e-01
1.196848e+02	6.222728e-01
1.203761e+02	9.255016e-01
1.210714e+02	-4.955324e-01
1.217707e+02	-2.044966e-01
1.224740e+02	-7.406075e-01
1.231814e+02	1.313334e+00
1.238929e+02	-9.792306e-01
1.246085e+02	1.374097e-01
1.253283e+02	4.448253e-01
1.260522e+02	7.858024e-01
1.267802e+02	2.015057e-01
1.275125e+02	-1.141655e+00
1.282490e+02	-4.934752e-03
1.289898e+02	-5.471508e-01
1.297348e+02	6.899826e-01
1.304842e+02	1.366110e-01
1.312378e+02	-1.240148e+00
1.319959e+02	1.954760e+00
1.327583e+02	-5.879406e-01
1.335251e+02	-2.505756e-01
1.342963e+02	1.110460e-01
1.350720e+02	1.577121e+00
1.358522e+02	-1.747291e+00
1.366368e+02	-5.712440e-01
1.374260e+02	-1.865745e+00
1.382198e+02	1.235896e+00
1.390182e+02	-3.540415e-01
1.398211e+02	5.782803e-02
1.406287e+02	1.596077e+00
1.414410e+02	-7.735064e-02
1.422579e+02	3.550191e-01
1.430796e+02	-1.975027e-01
1.439060e+02	1.354752e+00
1.447372e+02	-3.080433e-01
1.455732e+02	1.238779e+00
1.464141e+02	-3.941575e-01
1.472597e+02	1.123142e+00
1.481103e+02	-4.998534e-01
1.489658e+02	-2.746391e-02
1.498262e+02	4.685894e-01
1.506916e+02	-8.841660e-02
1.515620e+02	4.193732e-01
1.524374e+02	-1.119452e+00
1.533179e+02	3.595711e-01
1.542034e+02	-1.175787e+00
1.550941e+02	3.406794e-01
1.559899e+02	-2.190847e-01
1.568909e+02	3.046359e-01
1.577971e+02	8.813191e-01
1.587085e+02	1.512855e+00
1.596252e+02	-2.146846e+00
1.605472e+02	3.018794e-01
1.614745e+02	-2.609197e-01
1.624072e+02	-7.906977e-01
1.633453e+02	-2.328582e-01
1.642887e+02	3.481365e-01
1.652377e+02	2.382644e+00
1.661921e+02	1.688534e+00
1.671520e+02	1.054607e+00
1.681175e+02	-1.713413e+00
1.690885e+02	-8.901778e-02
1.700651e+02	5.486343e-01
1.710474e+02	-2.293662e-02
1.720354e+02	-5.599114e-01
1.730291e+02	5.071342e-02
1.740285e+02	-4.878576e-01
1.750337e+02	1.525666e-01
1.760446e+02	8.642051e-01
1.770615e+02	2.800022e-01
1.780842e+02	-1.381819e+00
1.791128e+02	1.800265e+00
1.801473e+02	1.158542e+00
1.811878e+02	-1.764940e+00
1.822344e+02	-2.214373e+00
1.832870e+02	2.240593e+00
1.843456e+02	1.562471e+00
1.854104e+02	-1.530703e+00
1.864813e+02	-1.984887e+00
1.875584e+02	-2.425064e+00
1.886418e+02	2.064562e+00
1.897313e+02	1.410446e+00
1.908272e+02	7.900597e-01
1.919294e+02	-2.150066e+00
1.930380e+02	-2.580841e+00
1.941530e+02	2.006837e+00
1.952744e+02	1.349601e+00
1.964023e+02	7.547006e-01
1.975367e+02	2.019175e-01
1.986777e+02	-2.676510e+00
1.998252e+02	-8.862117e-01
2.009794e+02	1.380193e+00
2.021403e+02	7.605197e-01
2.033078e+02	1.661559e-01
2.044821e+02	-3.615880e-01
2.056632e+02	-8.795290e-01
2.068511e+02	1.480518e+00
2.080459e+02	8.690931e-01
2.092475e+02	3.920006e+00
2.104561e+02	-2.700519e-01
2.116717e+02	-3.113228e+00
2.128943e+02	-3.526958e+00
2.141240e+02	1.058369e+00
2.153608e+02	4.746131e-01
2.166047e+02	-9.590581e-02
2.178558e+02	2.737921e+00
2.191141e+02	-1.118933e+00
2.203797e+02	1.366708e+00
2.216526e+02	4.985011e+00
2.229329e+02	1.974724e-01
2.242205e+02	-3.437365e-01
2.255156e+02	-3.296063e+00
2.268182e+02	-1.350628e+00
2.281283e+02	1.201347e+00
2.294459e+02	1.371135e+01
2.307712e+02	4.012646e+00
2.321041e+02	-5.152790e-01
2.334447e+02	-1.017711e+00
2.347931e+02	-1.485233e+00
2.361493e+02	-1.963132e+00
2.375133e+02	-2.382190e+00
2.388851e+02	1.216831e+01
2.402649e+02	1.030455e+01
2.416527e+02	-1.075587e+00
2.430484e+02	1.825380e+00
2.444523e+02	-2.032990e+00
2.458642e+02	-2.436018e+00
2.472843e+02	1.446528e-03
2.487126e+02	3.522674e+00
2.501492e+02	-1.024592e+00
2.515940e+02	-1.521519e+00
2.530472e+02	-1.982575e+00
2.545088e+02	7.566011e-01
2.559789e+02	1.963772e-01
2.574574e+02	-3.567836e-01
2.589444e+02	3.161009e+00
2.604401e+02	9.283979e+00
2.619444e+02	7.890367e+00
2.634574e+02	-4.707586e+00
2.649791e+02	-2.710150e+00
2.665096e+02	-3.107020e+00
2.680489e+02	1.310497e+01
2.695972e+02	2.997394e+00
2.711544e+02	2.287810e+00
2.727205e+02	1.589495e+00
2.742958e+02	9.809306e-01
2.758801e+02	3.958049e-01
2.774736e+02	-3.302495e+00
2.790762e+02	-3.659387e+00
2.806882e+02	3.084416e+00
2.823094e+02	1.001637e+01
2.839400e+02	1.637041e+00
2.855800e+02	1.054253e+00
2.872295e+02	4.487283e-01
2.888886e+02	5.122907e+00
2.905572e+02	-6.551572e-01
2.922354e+02	-4.128990e+00
2.939234e+02	2.627309e+00
2.956211e+02	1.920490e+00
2.973286e+02	8.158610e+00
2.990459e+02	6.889230e+00
3.007732e+02	-3.324954e+00
3.025104e+02	-4.388402e-01
3.042577e+02	-9.830080e-01
3.060151e+02	-4.439099e+00
3.077826e+02	-1.921840e+00
3.095604e+02	1.734854e+00
3.113484e+02	-2.782782e+00
3.131467e+02	-3.189843e+00
3.149554e+02	-6.974737e-02
3.167746e+02	-6.021777e-01
3.186043e+02	4.022482e+00
3.204445e+02	-4.646711e+00
3.222954e+02	-4.985286e+00
3.241570e+02	1.044091e+01
3.260293e+02	1.132321e+00
3.279124e+02	7.573576e+00
3.298064e+02	-2.451430e-02
3.317114e+02	-5.586321e-01
3.336273e+02	-1.077962e+00
3.355544e+02	-1.544792e+00
3.374925e+02	-2.012579e+00
3.394418e+02	2.111134e+00
3.414024e+02	1.028922e+01
3.433744e+02	8.192622e-01
3.453577e+02	7.427858e+00
3.473525e+02	-4.023006e+00
3.493588e+02	5.261373e+00
3.513766e+02	-1.332402e+00
3.534062e+02	-5.059864e+00
3.554474e+02	-5.377922e+00
3.575005e+02	-5.706907e+00
3.595654e+02	-3.092220e+00
3.616422e+02	-8.455314e+00
3.637311e+02	-3.834192e+00
3.658320e+02	-4.222460e+00
3.679450e+02	-9.129216e+00
3.700702e+02	4.702377e+00
3.722077e+02	5.305745e+00
3.743576e+02	6.202943e+00
3.765199e+02	7.251599e+00
3.786946e+02	1.621520e+00
3.808820e+02	9.931974e-01
3.830819e+02	4.002590e-01
3.852946e+02	-1.537812e-01
3.875200e+02	-6.862096e-01
3.897583e+02	-1.187506e+00
3.920096e+02	-7.824382e+00
3.942738e+02	-2.105216e+00
3.965511e+02	2.060969e+01
3.988416e+02	-2.964159e+00
4.011452e+02	-3.342984e+00
4.034622e+02	-3.763269e+00
4.057926e+02	-4.128726e+00
4.081365e+02	-4.481595e+00
4.104938e+02	-4.798212e+00
4.128648e+02	-5.135253e+00
4.152495e+02	-5.460578e+00
4.176480e+02	-5.776242e+00
4.200603e+02	3.589093e+00
4.224866e+02	4.327440e+00
4.249268e+02	5.137544e+00
4.273812e+02	6.044782e+00
4.298497e+02	-5.156793e+00
4.323325e+02	8.896981e-02
4.348297e+02	-4.737219e-01
4.373412e+02	-9.465484e-01
4.398673e+02	-1.468061e+00
4.424079e+02	-1.920704e+00
4.449633e+02	-2.356504e+00
4.475334e+02	-2.776428e+00
4.501183e+02	-3.193068e+00
4.527182e+02	2.101563e+01
4.553330e+02	-3.937252e+00
4.579630e+02	-9.833079e+00
4.606082e+02	-4.662329e+00
4.632687e+02	-4.988401e+00
4.659445e+02	-5.339173e+00
4.686358e+02	-5.633800e+00
4.713426e+02	-5.948913e+00
4.740650e+02	-6.236718e+00
4.768032e+02	4.342531e+00
4.795572e+02	3.489270e+00
4.823271e+02	-7.098646e+00
4.851130e+02	2.431166e+00
4.879150e+02	-7.069116e+00
4.907332e+02	3.756463e+00
4.935676e+02	4.528430e+00
4.964185e+02	-3.600892e-01
4.992858e+02	-8.673632e-01
5.021696e+02	7.273163e+00
5.050701e+02	8.466742e+00
5.079874e+02	-5.717737e+00
5.109215e+02	1.143564e+01
5.138726e+02	1.337705e+01
5.168407e+02	1.583250e+01
5.198259e+02	-3.888685e+00
5.228284e+02	-4.242239e+00
5.258482e+02	-4.591198e+00
5.288855e+02	-4.932413e+00
5.319403e+02	-5.275896e+00
5.350128e+02	-5.565601e+00
5.381030e+02	-5.901484e+00
5.412111e+02	9.766108e+00
5.443371e+02	-6.479970e+00
5.474812e+02	-6.763994e+00
5.506434e+02	-7.054292e+00
5.538239e+02	-7.319728e+00
5.570228e+02	-1.238744e+01
5.602401e+02	-7.833581e+00
5.634760e+02	-8.081703e+00
5.667306e+02	-1.290654e+01
5.700040e+02	-1.304956e+01
5.732964e+02	9.521069e-01
5.766077e+02	-1.308762e+01
5.799382e+02	2.026450e+00
5.832879e+02	2.639395e+00
5.866569e+02	3.293603e+00
5.900454e+02	4.002738e+00
5.934535e+02	4.766613e+00
5.968813e+02	5.620958e+00
6.003288e+02	-7.513027e+00
6.037963e+02	7.613612e+00
6.072838e+02	8.846751e+00
6.107914e+02	1.027389e+01
6.143194e+02	1.194863e+01
6.178676e+02	-6.676452e+00
6.214364e+02	1.648711e+01
6.250258e+02	1.948690e+01
6.286359e+02	2.184486e+01
6.322669e+02	2.070422e+01
6.359189e+02	-6.561821e+00
6.395919e+02	1.485748e+01
6.432862e+02	-1.270638e+01
6.470017e+02	-7.365460e+00
6.507388e+02	-7.653919e+00
6.544974e+02	-7.916721e+00
6.582778e+02	-8.147023e+00
6.620800e+02	-8.376377e+00
6.659041e+02	-1.365825e+01
6.697504e+02	-8.848793e+00
6.736188e+02	-9.100101e+00
6.775096e+02	-1.718019e+01
6.814229e+02	1.596614e+00
6.853587e+02	-1.440013e+01
6.893173e+02	-9.958677e+00
6.932988e+02	-1.776181e-01
6.973033e+02	-1.483119e+01
7.013309e+02	-7.411989e-01
7.053817e+02	-1.077051e+01
7.094560e+02	1.031632e-01
7.135538e+02	5.684664e-01
7.176752e+02	1.079525e+00
7.218205e+02	1.596872e+00
7.259897e+02	2.163291e+00
7.301830e+02	-1.459216e+01
7.344005e+02	3.446884e+00
7.386424e+02	-1.450024e+01
7.429087e+02	4.950016e+00
7.471998e+02	-1.443726e+01
7.515155e+02	6.776432e+00
7.558563e+02	7.868695e+00
7.602221e+02	-1.428591e+01
7.646131e+02	1.054846e+01
7.690295e+02	-1.338967e+01
7.734713e+02	-1.414516e+01
7.779389e+02	-1.408720e+01
7.824322e+02	1.893544e+01
7.869515e+02	1.999880e+01
7.914969e+02	1.856001e+01
7.960686e+02	-1.387900e+01
8.006666e+02	1.374354e+01
8.052912e+02	1.176244e+01
8.099426e+02	1.006519e+01
8.146208e+02	8.597399e+00
8.193260e+02	7.346591e+00
8.240584e+02	6.231900e+00
8.288181e+02	5.233063e+00
8.336053e+02	-1.348283e+01
8.384202e+02	3.496528e+00
8.432629e+02	2.734888e+00
8.481335e+02	2.038485e+00
8.530323e+02	1.382156e+00
8.579594e+02	7.488663e-01
8.629149e+02	1.772336e-01
8.678991e+02	-3.436904e-01
8.729120e+02	-8.795853e-01
8.779539e+02	-1.347900e+00
8.830250e+02	-1.838687e+00
8.881253e+02	-2.266894e+00
8.932551e+02	-2.692494e+00
8.984145e+02	-3.096599e+00
9.036037e+02	-3.484355e+00
9.088229e+02	-3.868295e+00
9.140722e+02	-1.246077e+01
9.193518e+02	-4.592458e+00
9.246620e+02	-4.922241e+00
9.300028e+02	-1.777905e+01
9.353744e+02	-5.581751e+00
9.407771e+02	-1.209609e+01
9.462110e+02	-2.297145e+01
9.516763e+02	-6.478668e+00
9.571731e+02	-1.835257e+01
9.627017e+02	-1.849307e+01
9.682622e+02	-1.859360e+01
9.738549e+02	-1.866539e+01
9.794798e+02	-1.880421e+01
9.851373e+02	-1.891600e+01
9.908274e+02	-8.319512e+00
9.965504e+02	-1.912247e+01
1.002306e+03	-1.921523e+01
1.008096e+03	-9.019859e+00
1.013918e+03	-1.943517e+01
1.019775e+03	-9.481684e+00
1.025665e+03	-1.963359e+01
1.031589e+03	-1.971951e+01
1.037548e+03	-1.983510e+01
1.043540e+03	-1.994367e+01
1.049568e+03	-2.002803e+01
1.055630e+03	-1.034653e+01
1.061727e+03	-1.026198e+01
1.067860e+03	-2.001515e+01
1.074028e+03	-2.003381e+01
1.080231e+03	-9.934049e+00
1.086471e+03	-9.840784e+00
1.092746e+03	-9.710341e+00
1.099058e+03	-9.583988e+00
1.105406e+03	-9.482405e+00
1.111791e+03	-9.380045e+00
1.118212e+03	-2.003360e+01
1.124671e+03	-2.001069e+01
1.131167e+03	-9.006337e+00
1.137701e+03	-2.001648e+01
1.144272e+03	-2.001218e+01
1.150881e+03	-8.606689e+00
1.157529e+03	-2.166424e+01
1.164215e+03	-8.323431e+00
1.170939e+03	-2.003428e+01
1.177702e+03	-8.044647e+00
1.184505e+03	-7.858462e+00
1.191346e+03	-7.726420e+00
1.198227e+03	-2.220849e+01
1.205148e+03	-7.398826e+00
1.212109e+03	-7.234021e+00
1.219110e+03	-2.248209e+01
1.226152e+03	-6.877366e+00
1.233234e+03	-2.000913e+01
1.240357e+03	-2.004058e+01
1.247521e+03	-2.003171e+01
1.254727e+03	-6.161591e+00
1.261974e+03	-2.002861e+01
1.269263e+03	-5.739025e+00
1.276595e+03	-2.318269e+01
1.283968e+03	-5.307140e+00
1.291384e+03	-2.001900e+01
1.298843e+03	-4.861914e+00
1.306345e+03	-2.003704e+01
1.313891e+03	-4.359764e+00
1.321480e+03	-2.003274e+01
1.329113e+03	-3.861161e+00
1.336790e+03	-2.003720e+01
1.344511e+03	-2.390920e+01
1.352277e+03	-2.982488e+00
1.360087e+03	-2.689522e+00
1.367943e+03	-2.355959e+00
1.375844e+03	-2.037438e+00
1.383791e+03	-1.654432e+00
1.391784e+03	-2.440893e+01
1.399823e+03	-9.162901e-01
1.407908e+03	-5.154053e-01
1.416040e+03	-2.003404e+01
1.424219e+03	3.688385e-01
1.432445e+03	-2.481779e+01
1.440719e+03	-2.854953e+01
1.449041e+03	-3.315677e+01
1.457410e+03	-3.323212e+01
1.465828e+03	-2.875973e+01
1.474295e+03	-2.883750e+01
1.482810e+03	-3.340680e+01
1.491375e+03	-2.895587e+01
1.499989e+03	-2.903936e+01
1.508653e+03	-2.911138e+01
1.517367e+03	-3.362152e+01
1.526131e+03	-3.369833e+01
1.534946e+03	-3.375686e+01
1.543812e+03	-2.935767e+01
1.552729e+03	-2.944122e+01
1.561697e+03	-2.951156e+01
1.570717e+03	-2.956028e+01
1.579790e+03	-2.004364e+01
1.588915e+03	-2.002708e+01
1.598092e+03	-2.967067e+01
1.607323e+03	-2.003339e+01
1.616606e+03	-2.003323e+01
1.625944e+03	-2.002615e+01
1.635335e+03	-2.981734e+01
1.644781e+03	-2.004707e+01
1.654281e+03	-2.001473e+01
1.663836e+03	-2.002854e+01
1.673446e+03	-2.003974e+01
1.683112e+03	-2.003683e+01
1.692834e+03	-2.004396e+01
1.702611e+03	-2.138437e+01
1.712446e+03	-2.147558e+01
1.722337e+03	-2.004696e+01
1.732285e+03	-2.004667e+01
1.742290e+03	-2.005454e+01
1.752354e+03	-2.002330e+01
1.762475e+03	-2.003365e+01
1.772655e+03	-2.004172e+01
1.782894e+03	-2.004160e+01
1.793192e+03	-2.003740e+01
1.803549e+03	-2.003953e+01
1.813967e+03	-2.004873e+01
1.824444e+03	-2.004317e+01
1.834982e+03	-3.052411e+01
1.845581e+03	-2.004793e+01
1.856241e+03	-2.004115e+01
1.866962e+03	-3.062276e+01
1.877746e+03	-3.067819e+01
1.888592e+03	-3.068974e+01
1.899500e+03	-2.003462e+01
1.910472e+03	-2.005246e+01
1.921506e+03	-2.005502e+01
1.932605e+03	-3.084064e+01
1.943768e+03	-2.006586e+01
1.954995e+03	-2.004585e+01
1.966287e+03	-3.094816e+01
1.977644e+03	-3.099015e+01
1.989067e+03	-3.101843e+01
2.000555e+03	-3.104788e+01
2.012110e+03	-2.394679e+01
2.023732e+03	-3.110989e+01
2.035421e+03	-2.004552e+01
2.047178e+03	-2.005896e+01
2.059002e+03	-2.003028e+01
2.070895e+03	-3.127875e+01
2.082856e+03	-2.006029e+01
2.094887e+03	-2.006909e+01
2.106987e+03	-2.006216e+01
2.119157e+03	-2.468543e+01
2.131397e+03	-3.146084e+01
2.143708e+03	-2.004833e+01
2.156090e+03	-2.005182e+01
2.168543e+03	-2.005564e+01
2.181069e+03	-2.006222e+01
2.193666e+03	-2.007136e+01
2.206337e+03	-2.005944e+01
2.219081e+03	-2.005998e+01
2.231898e+03	-3.174896e+01
2.244789e+03	-2.005570e+01
2.257755e+03	-2.005224e+01
2.270796e+03	-2.008915e+01
2.283912e+03	-2.006756e+01
2.297104e+03	-3.196184e+01
2.310372e+03	-2.006043e+01
2.323716e+03	-3.687341e+01
2.337138e+03	-2.006502e+01
2.350637e+03	-3.208515e+01
2.364214e+03	-2.006305e+01
2.377870e+03	-2.005564e+01
2.391604e+03	-3.422388e+01
2.405418e+03	-2.006493e+01
2.419312e+03	-3.228490e+01
2.433286e+03	-2.006576e+01
2.447340e+03	-3.445665e+01
2.461476e+03	-3.732334e+01
2.475693e+03	-2.008706e+01
2.489993e+03	-3.248764e+01
2.504375e+03	-3.253088e+01
2.518840e+03	-2.007275e+01
2.533389e+03	-2.007654e+01
2.548022e+03	-2.007734e+01
2.562739e+03	-2.006419e+01
2.577541e+03	-3.271712e+01
2.592429e+03	-2.007741e+01
2.607403e+03	-3.280222e+01
2.622463e+03	-2.010162e+01
2.637610e+03	-3.287437e+01
2.652845e+03	-2.009583e+01
2.668168e+03	-3.793223e+01
2.683579e+03	-2.008398e+01
2.699079e+03	-2.008716e+01
2.714669e+03	-2.009900e+01
2.730349e+03	-3.312789e+01
2.746119e+03	-2.007666e+01
2.761981e+03	-3.573692e+01
2.777934e+03	-2.007879e+01
2.793979e+03	-2.010289e+01
2.810117e+03	-2.007597e+01
2.826348e+03	-3.336544e+01
2.842673e+03	-2.010732e+01
2.859092e+03	-2.008615e+01
2.875606e+03	-2.010791e+01
2.892215e+03	-2.009901e+01
2.908921e+03	-2.011039e+01
2.925722e+03	-3.864975e+01
2.942621e+03	-2.009693e+01
2.959618e+03	-3.875558e+01
2.976712e+03	-3.879778e+01
2.993906e+03	-3.658609e+01
3.011198e+03	-2.011907e+01
3.028591e+03	-3.895008e+01
3.046084e+03	-3.896999e+01
3.063678e+03	-3.904382e+01
3.081374e+03	-2.011452e+01
3.099172e+03	-2.011004e+01
3.117072e+03	-3.915518e+01
3.135076e+03	-2.012326e+01
3.153184e+03	-2.012613e+01
3.171397e+03	-3.931686e+01
3.189715e+03	-2.012692e+01
3.208139e+03	-2.012354e+01
3.226669e+03	-2.013374e+01
3.245306e+03	-3.740431e+01
3.264051e+03	-2.011396e+01
3.282904e+03	-2.011953e+01
3.301866e+03	-3.756310e+01
3.320937e+03	-2.012599e+01
3.340119e+03	-2.013918e+01
3.359411e+03	-3.977755e+01
3.378815e+03	-3.981562e+01
3.398331e+03	-2.012588e+01
3.417959e+03	-3.991362e+01
3.437701e+03	-2.013993e+01
3.457557e+03	-3.803647e+01
3.477528e+03	-2.013502e+01
3.497614e+03	-2.013959e+01
3.517816e+03	-4.016675e+01
3.538135e+03	-4.020621e+01
3.558571e+03	-3.833507e+01
3.579125e+03	-4.029217e+01
3.599798e+03	-2.016145e+01
3.620590e+03	-4.038003e+01
3.641503e+03	-2.014697e+01
3.662536e+03	-4.049139e+01
3.683691e+03	-2.015009e+01
3.704967e+03	-2.015305e+01
3.726367e+03	-3.879652e+01
3.747890e+03	-2.017459e+01
3.769538e+03	-4.072380e+01
3.791311e+03	-2.016386e+01
3.813209e+03	-4.082112e+01
3.835234e+03	-2.016078e+01
3.857386e+03	-2.017135e+01
3.879667e+03	-4.097479e+01
3.902075e+03	-2.017464e+01
3.924614e+03	-4.106941e+01
3.947282e+03	-2.017621e+01
3.970081e+03	-2.015996e+01
3.993012e+03	-4.121540e+01
4.016076e+03	-2.017859e+01
4.039272e+03	-2.019260e+01
4.062603e+03	-2.019642e+01
4.086069e+03	-2.015329e+01
4.109670e+03	-2.018067e+01
4.133407e+03	-3.986551e+01
4.157281e+03	-2.019262e+01
4.181294e+03	-2.020562e+01
4.205445e+03	-2.020239e+01
4.229735e+03	-4.169639e+01
4.254166e+03	-4.175354e+01
4.278738e+03	-2.021153e+01
4.303451e+03	-2.019136e+01
4.328308e+03	-4.188771e+01
4.353308e+03	-4.194242e+01
4.378453e+03	-2.020921e+01
4.403742e+03	-2.022692e+01
4.429178e+03	-4.208798e+01
4.454761e+03	-2.021879e+01
4.480492e+03	-2.022762e+01
4.506371e+03	-4.223423e+01
4.532399e+03	-2.021844e+01
4.558578e+03	-4.726685e+01
4.584908e+03	-4.733633e+01
4.611391e+03	-2.021804e+01
4.638026e+03	-2.024453e+01
4.664815e+03	-2.021839e+01
4.691759e+03	-2.023207e+01
4.718858e+03	-2.024047e+01
4.746114e+03	-4.268913e+01
4.773527e+03	-4.273354e+01
4.801099e+03	-2.026137e+01
4.828830e+03	-2.025721e+01
4.856721e+03	-4.289956e+01
4.884773e+03	-2.024294e+01
4.912988e+03	-2.026581e+01
4.941365e+03	-4.303243e+01
4.969906e+03	-2.026780e+01
4.998612e+03	-2.028609e+01
5.027484e+03	-2.027909e+01
5.056522e+03	-2.026833e+01
5.085729e+03	-4.834943e+01
5.115104e+03	-2.027839e+01
5.144648e+03	-2.028336e+01
5.174363e+03	-2.030342e+01
5.204250e+03	-2.029273e+01
5.234310e+03	-4.862275e+01
5.264543e+03	-4.868112e+01
5.294951e+03	-4.365504e+01
5.325534e+03	-4.371433e+01
5.356294e+03	-2.029887e+01
5.387232e+03	-4.382758e+01
5.418348e+03	-2.031160e+01
5.449645e+03	-4.902358e+01
5.481122e+03	-4.910522e+01
5.512780e+03	-2.032820e+01
5.544622e+03	-2.032579e+01
5.576647e+03	-2.033526e+01
5.608858e+03	-4.416073e+01
5.641254e+03	-2.035413e+01
5.673838e+03	-4.428311e+01
5.706610e+03	-2.035172e+01
5.739571e+03	-2.034414e+01
5.772723e+03	-2.035292e+01
5.806066e+03	-5.022818e+01
5.839601e+03	-5.026025e+01
5.873331e+03	-2.036520e+01
5.907255e+03	-4.982293e+01
5.941375e+03	-5.046455e+01
5.975692e+03	-5.048765e+01
6.010207e+03	-2.036739e+01
6.044922e+03	-5.061142e+01
6.079837e+03	-5.066174e+01
6.114954e+03	-2.038375e+01
6.150274e+03	-5.077989e+01
6.185797e+03	-5.082894e+01
6.221526e+03	-2.041550e+01
6.257462e+03	-2.040927e+01
6.293605e+03	-5.046770e+01
6.329956e+03	-5.106340e+01
6.366518e+03	-5.109715e+01
6.403290e+03	-2.042560e+01
6.440276e+03	-5.069800e+01
6.477474e+03	-2.044535e+01
6.514888e+03	-2.042112e+01
6.552518e+03	-5.137733e+01
6.590365e+03	-2.044614e+01
6.628430e+03	-2.046741e+01
6.666716e+03	-5.156701e+01
6.705223e+03	-5.110689e+01
6.743952e+03	-2.048839e+01
6.782905e+03	-2.049145e+01
6.822082e+03	-2.048858e+01
6.861486e+03	-2.049945e+01
6.901118e+03	-5.187201e+01
6.940979e+03	-2.052035e+01
6.981069e+03	-2.049511e+01
7.021392e+03	-2.049749e+01
7.061947e+03	-5.210534e+01
7.102737e+03	-2.051667e+01
7.143762e+03	-2.052702e+01
7.185024e+03	-2.053895e+01
7.226524e+03	-2.054176e+01
7.268264e+03	-5.241435e+01
7.310246e+03	-2.055640e+01
7.352469e+03	-2.057631e+01
7.394937e+03	-2.054853e+01
7.437650e+03	-5.262944e+01
7.480609e+03	-2.059611e+01
7.523817e+03	-2.057593e+01
7.567274e+03	-5.281993e+01
7.610982e+03	-2.059312e+01
7.654943e+03	-2.061323e+01
7.699158e+03	-5.297804e+01
7.743628e+03	-5.302888e+01
7.788355e+03	-2.060279e+01
7.833340e+03	-5.315448e+01
7.878585e+03	-5.321757e+01
7.924091e+03	-2.063765e+01
7.969861e+03	-2.062723e+01
8.015894e+03	-5.340203e+01
8.062194e+03	-5.343365e+01
8.108761e+03	-5.350731e+01
8.155596e+03	-2.067031e+01
8.202703e+03	-2.067342e+01
8.250081e+03	-2.069037e+01
8.297733e+03	-5.373194e+01
8.345661e+03	-5.381587e+01
8.393865e+03	-2.072126e+01
8.442348e+03	-5.392134e+01
8.491110e+03	-5.359962e+01
8.540155e+03	-2.072463e+01
8.589482e+03	-5.370134e+01
8.639095e+03	-2.075265e+01
8.688994e+03	-5.422628e+01
8.739181e+03	-2.078742e+01
8.789658e+03	-5.433305e+01
8.840427e+03	-5.440798e+01
8.891489e+03	-6.022340e+01
8.942846e+03	-2.079795e+01
8.994499e+03	-6.034912e+01
9.046451e+03	-2.082348e+01
9.098703e+03	-5.469130e+01
9.151257e+03	-2.082532e+01
9.204114e+03	-5.481231e+01
9.257277e+03	-2.086543e+01
9.310746e+03	-2.085263e+01
9.364525e+03	-5.500845e+01
9.418614e+03	-5.507311e+01
9.473015e+03	-2.088765e+01
9.527731e+03	-2.088070e+01
9.582763e+03	-5.525321e+01
9.638113e+03	-5.533637e+01
9.693782e+03	-2.092730e+01
9.749773e+03	-5.545777e+01
9.806087e+03	-5.551428e+01
9.862727e+03	-2.095850e+01
9.919693e+03	-6.142234e+01
9.976989e+03	-2.096307e+01
1.003462e+04	-5.575571e+01
1.009258e+04	-5.582996e+01
1.015087e+04	-2.099722e+01
1.020950e+04	-2.104207e+01
1.026847e+04	-2.101352e+01
1.032778e+04	-6.185259e+01
1.038743e+04	-5.613852e+01
1.044743e+04	-2.104903e+01
1.050777e+04	-2.104896e+01
1.056847e+04	-2.106929e+01
1.062951e+04	-2.109574e+01
1.069091e+04	-2.110077e+01
1.075266e+04	-5.653523e+01
1.081476e+04	-6.253626e+01
1.087723e+04	-2.112560e+01
1.094006e+04	-5.671597e+01
1.100324e+04	-2.114785e+01
1.106680e+04	-2.118754e+01
1.113072e+04	-2.117315e+01
1.119501e+04	-2.119901e+01
1.125967e+04	-2.120064e+01
1.132471e+04	-2.122052e+01
1.139012e+04	-6.299083e+01
1.145591e+04	-6.307955e+01
1.152208e+04	-6.327359e+01
1.158863e+04	-6.332472e+01
1.165556e+04	-2.128000e+01
1.172289e+04	-2.129503e+01
1.179060e+04	-6.354369e+01
1.185870e+04	-6.345307e+01
1.192719e+04	-6.352987e+01
1.199608e+04	-6.374415e+01
1.206537e+04	-2.134261e+01
1.213506e+04	-2.136361e+01
1.220515e+04	-6.392756e+01
1.227565e+04	-6.400631e+01
1.234655e+04	-2.139362e+01
1.241787e+04	-2.142458e+01
1.248959e+04	-6.409771e+01
1.256173e+04	-2.144574e+01
1.263429e+04	-2.144864e+01
1.270726e+04	-2.148029e+01
1.278066e+04	-2.149607e+01
1.285448e+04	-6.454284e+01
1.292873e+04	-2.150662e+01
1.300340e+04	-6.470279e+01
1.307851e+04	-2.153677e+01
1.315405e+04	-6.482786e+01
1.323003e+04	-2.156812e+01
1.330644e+04	-2.159106e+01
1.338330e+04	-2.159804e+01
1.346060e+04	-2.161966e+01
1.353835e+04	-6.518352e+01
1.361655e+04	-6.514553e+01
1.369520e+04	-6.532151e+01
1.377430e+04	-6.538912e+01
1.385386e+04	-2.169357e+01
1.393388e+04	-6.553390e+01
1.401436e+04	-2.173669e+01
1.409531e+04	-2.176521e+01
1.417672e+04	-2.175530e+01
1.425861e+04	-2.178229e+01
1.434096e+04	-6.578564e+01
1.442379e+04	-2.181313e+01
1.450711e+04	-2.182579e+01
1.459090e+04	-2.182827e+01
1.467518e+04	-6.608103e+01
1.475994e+04	-2.188136e+01
1.484519e+04	-2.191591e+01
1.493094e+04	-2.191384e+01
1.501718e+04	-2.193762e+01
1.510392e+04	-6.652421e+01
1.519116e+04	-2.195782e+01
1.527890e+04	-2.200146e+01
1.536715e+04	-6.674894e+01
1.545591e+04	-2.201710e+01
1.554518e+04	-2.205026e+01
1.563497e+04	-2.205828e+01
1.572528e+04	-6.697122e+01
1.581611e+04	-2.209630e+01
1.590746e+04	-2.210341e+01
1.599934e+04	-2.215717e+01
1.609175e+04	-6.737234e+01
1.618470e+04	-6.742506e+01
1.627818e+04	-2.219159e+01
1.637220e+04	-6.749418e+01
1.646677e+04	-2.224755e+01
1.656188e+04	-2.224656e+01
1.665754e+04	-6.780382e+01
1.675375e+04	-2.228175e+01
1.685052e+04	-2.231847e+01
1.694785e+04	-2.233922e+01
1.704574e+04	-2.236936e+01
1.714419e+04	-2.236851e+01
1.724322e+04	-2.238993e+01
1.734281e+04	-2.241411e+01
1.744299e+04	-6.840620e+01
1.754374e+04	-2.245372e+01
1.764507e+04	-7.456747e+01
1.774698e+04	-6.865530e+01
1.784949e+04	-6.872408e+01
1.795259e+04	-2.252923e+01
1.805628e+04	-2.257067e+01
1.816057e+04	-2.258927e+01
1.826547e+04	-2.261062e+01
1.837097e+04	-2.263248e+01
1.847708e+04	-6.917587e+01
1.858380e+04	-2.268077e+01
1.869114e+04	-7.530990e+01
1.879910e+04	-7.538204e+01
1.890768e+04	-6.948374e+01
1.901689e+04	-2.277005e+01
1.912673e+04	-2.279701e+01
1.923721e+04	-2.282941e+01
1.934832e+04	-2.285315e+01
1.946008e+04	-2.286751e+01
1.957248e+04	-2.288343e+01
1.968553e+04	-2.292231e+01
1.979923e+04	-2.291664e+01
1.991359e+04	-7.618431e+01
2.002861e+04	-2.297210e+01
2.014430e+04	-7.631869e+01
2.026065e+04	-2.301158e+01
2.037767e+04	-7.053807e+01
2.049537e+04	-7.661931e+01
2.061375e+04	-7.068150e+01
2.073282e+04	-2.312501e+01
2.085257e+04	-2.314784e+01
2.097301e+04	-2.320508e+01
2.109415e+04	-7.100977e+01
2.121599e+04	-2.323683e+01
2.133853e+04	-7.713542e+01
2.146178e+04	-2.327155e+01
2.158575e+04	-7.131541e+01
2.171043e+04	-2.334603e+01
2.183582e+04	-2.336956e+01
2.196195e+04	-2.339397e+01
2.208880e+04	-2.341485e+01
2.221638e+04	-7.173451e+01
2.234470e+04	-2.346294e+01
2.247377e+04	-2.349069e+01
2.260357e+04	-7.794820e+01
2.273413e+04	-7.205186e+01
2.286544e+04	-7.811057e+01
2.299751e+04	-2.361115e+01
2.313034e+04	-7.828118e+01
2.326394e+04	-2.366047e+01
2.339832e+04	-7.846866e+01
2.353346e+04	-7.856642e+01
2.366939e+04	-7.863826e+01
2.380610e+04	-2.377926e+01
2.394361e+04	-7.878327e+01
2.408191e+04	-2.381999e+01
2.422100e+04	-2.386556e+01
2.436090e+04	-2.388821e+01
2.450161e+04	-7.913811e+01
2.464313e+04	-2.394162e+01
2.478547e+04	-2.396033e+01
2.492863e+04	-2.399076e+01
2.507261e+04	-2.401635e+01
2.521743e+04	-7.953840e+01
2.536309e+04	-2.408457e+01
2.550958e+04	-2.411548e+01
2.565692e+04	-7.982298e+01
2.580512e+04	-7.988599e+01
2.595417e+04	-2.420321e+01
2.610408e+04	-2.423399e+01
2.625485e+04	-2.426676e+01
2.640650e+04	-2.430252e+01
2.655902e+04	-2.433522e+01
2.671243e+04	-8.038875e+01
2.686672e+04	-2.437325e+01
2.702190e+04	-2.441664e+01
2.717798e+04	-2.443795e+01
2.733495e+04	-2.447287e+01
2.749284e+04	-8.082983e+01
2.765164e+04	-8.091045e+01
2.781135e+04	-2.455497e+01
2.797199e+04	-8.109215e+01
2.813355e+04	-2.463750e+01
2.829605e+04	-2.467676e+01
2.845949e+04	-2.468807e+01
2.862387e+04	-8.142494e+01
2.878920e+04	-2.475234e+01
2.895549e+04	-2.477354e+01
2.912273e+04	-8.168347e+01
2.929094e+04	-2.484870e+01
2.946013e+04	-2.488322e+01
2.963029e+04	-8.192340e+01
2.980143e+04	-8.201051e+01
2.997356e+04	-8.211606e+01
3.014669e+04	-8.222037e+01
3.032081e+04	-8.229034e+01
3.049595e+04	-8.238370e+01
3.067209e+04	-2.512161e+01
3.084925e+04	-8.254502e+01
3.102743e+04	-2.518423e+01
3.120665e+04	-8.270824e+01
3.138690e+04	-8.279515e+01
3.156819e+04	-2.527479e+01
3.175052e+04	-8.296667e+01
3.193391e+04	-2.534440e+01
3.211836e+04	-2.539017e+01
3.230388e+04	-8.326000e+01
3.249046e+04	-8.333746e+01
3.267812e+04	-2.547034e+01
3.286687e+04	-8.349072e+01
3.305671e+04	-2.555183e+01
3.324764e+04	-2.557719e+01
3.343968e+04	-8.376234e+01
3.363283e+04	-2.564584e+01
3.382709e+04	-2.568815e+01
3.402247e+04	-2.572412e+01
3.421899e+04	-8.412450e+01
3.441663e+04	-9.020923e+01
3.461542e+04	-2.582774e+01
3.481536e+04	-2.584923e+01
3.501645e+04	-2.589516e+01
3.521871e+04	-2.591396e+01
3.542213e+04	-2.595155e+01
3.562672e+04	-2.600288e+01
3.583250e+04	-2.603164e+01
3.603947e+04	-2.606399e+01
3.624763e+04	-9.101072e+01
3.645700e+04	-8.510109e+01
3.666757e+04	-2.619329e+01
3.687936e+04	-2.619455e+01
3.709238e+04	-8.535117e+01
3.730662e+04	-2.626262e+01
3.752210e+04	-2.631588e+01
3.773883e+04	-2.633701e+01
3.795680e+04	-8.571175e+01
3.817604e+04	-9.180455e+01
3.839654e+04	-8.589496e+01
3.861832e+04	-2.651996e+01
3.884138e+04	-8.607561e+01
3.906573e+04	-8.615712e+01
3.929137e+04	-2.659774e+01
3.951831e+04	-2.663897e+01
3.974657e+04	-2.667337e+01
3.997614e+04	-2.670510e+01
4.020704e+04	-2.674345e+01
4.043928e+04	-8.669202e+01
4.067285e+04	-8.677752e+01
4.090778e+04	-2.684129e+01
4.114406e+04	-8.695117e+01
4.138171e+04	-2.691170e+01
4.162073e+04	-2.694037e+01
4.186113e+04	-9.321965e+01
4.210291e+04	-2.702178e+01
4.234610e+04	-2.705523e+01
4.259069e+04	-2.709473e+01
4.283669e+04	-2.713610e+01
4.308411e+04	-8.764565e+01
4.333297e+04	-2.721091e+01
4.358325e+04	-2.724678e+01
4.383499e+04	-9.392893e+01
4.408818e+04	-9.402417e+01
4.434283e+04	-8.809979e+01
4.459895e+04	-2.739079e+01
4.485655e+04	-2.741186e+01
4.511564e+04	-2.746188e+01
4.537623e+04	-8.846235e+01
4.563832e+04	-2.753684e+01
4.590193e+04	-9.464367e+01
4.616705e+04	-2.758953e+01
4.643371e+04	-2.765731e+01
4.670191e+04	-9.490361e+01
4.697166e+04	-9.499270e+01
4.724297e+04	-2.773213e+01
4.751584e+04	-2.777028e+01
4.779029e+04	-2.782480e+01
4.806633e+04	-2.786117e+01
4.834395e+04	-9.544980e+01
4.862319e+04	-2.792406e+01
4.890403e+04	-2.797374e+01
4.918650e+04	-2.801235e+01
4.947060e+04	-2.805251e+01
4.975634e+04	-9.587673e+01
5.004373e+04	-2.810976e+01
5.033278e+04	-2.816063e+01
5.062350e+04	-2.818143e+01
5.091590e+04	-2.822607e+01
5.120999e+04	-2.824541e+01
5.150578e+04	-2.829943e+01
5.180327e+04	-2.834786e+01
5.210248e+04	-2.835911e+01
5.240343e+04	-2.841534e+01
5.270611e+04	-2.843636e+01
5.301053e+04	-9.684421e+01
5.331672e+04	-9.695364e+01
5.362468e+04	-2.852956e+01
5.393441e+04	-9.708705e+01
5.424593e+04	-9.718341e+01
5.455926e+04	-2.866376e+01
5.487439e+04	-2.868986e+01
5.519134e+04	-2.871992e+01
5.551012e+04	-9.755396e+01
5.583075e+04	-9.763724e+01
5.615322e+04	-2.881482e+01
5.647756e+04	-9.783658e+01
5.680377e+04	-2.890762e+01
5.713187e+04	-2.893402e+01
5.746186e+04	-2.897638e+01
5.779376e+04	-2.901337e+01
5.812757e+04	-9.824308e+01
5.846332e+04	-9.830755e+01
5.880100e+04	-2.911246e+01
5.914063e+04	-9.851908e+01
5.948222e+04	-2.919065e+01
5.982579e+04	-9.867695e+01
6.017134e+04	-2.926187e+01
6.051889e+04	-2.929007e+01
6.086844e+04	-2.934637e+01
6.122002e+04	-2.936158e+01
6.157362e+04	-9.909156e+01
6.192927e+04	-9.920287e+01
6.228697e+04	-2.946908e+01
6.264674e+04	-9.936697e+01
6.300858e+04	-9.943422e+01
6.337252e+04	-9.955103e+01
6.373855e+04	-2.961459e+01
6.410670e+04	-9.970923e+01
6.447698e+04	-2.968956e+01
6.484940e+04	-2.970745e+01
6.522397e+04	-2.975549e+01
6.560070e+04	-2.979221e+01
6.597960e+04	-2.979884e+01
6.636070e+04	-2.984270e+01
6.674400e+04	-2.989404e+01
6.712951e+04	-1.003824e+02
6.751724e+04	-1.004568e+02
6.790722e+04	-2.998042e+01
6.829945e+04	-3.000519e+01
6.869395e+04	-3.003821e+01
6.909072e+04	-3.007302e+01
6.948978e+04	-1.069129e+02
6.989115e+04	-3.014406e+01
7.029484e+04	-3.015089e+01
7.070086e+04	-1.011142e+02
7.110923e+04	-3.022172e+01
7.151995e+04	-1.073036e+02
7.193305e+04	-3.030492e+01
7.234853e+04	-3.034167e+01
7.276641e+04	-3.037199e+01
7.318671e+04	-1.076371e+02
7.360943e+04	-3.042279e+01
7.403460e+04	-3.044760e+01
7.446222e+04	-1.018646e+02
7.489231e+04	-1.019387e+02
7.532488e+04	-1.020356e+02
7.575996e+04	-1.081364e+02
7.619754e+04	-3.062344e+01
7.663766e+04	-3.064547e+01
7.708031e+04	-1.023266e+02
7.752553e+04	-3.069972e+01
7.797331e+04	-3.071898e+01
7.842368e+04	-3.075505e+01
7.887665e+04	-3.078894e+01
7.933224e+04	-3.083322e+01
7.979046e+04	-3.082730e+01
8.025133e+04	-1.028969e+02
8.071486e+04	-3.090064e+01
8.118106e+04	-3.093334e+01
8.164996e+04	-3.095689e+01
8.212157e+04	-3.099324e+01
8.259590e+04	-3.101780e+01
8.307297e+04	-1.033715e+02
8.355279e+04	-3.108095e+01
8.403539e+04	-3.110335e+01
8.452078e+04	-1.036097e+02
8.500897e+04	-3.113960e+01
8.549997e+04	-1.037271e+02
8.599382e+04	-3.119924e+01
8.649052e+04	-1.039149e+02
8.699008e+04	-3.126346e+01
8.749253e+04	-3.128531e+01
8.799789e+04	-3.128461e+01
8.850616e+04	-3.132372e+01
8.901737e+04	-3.136909e+01
8.953153e+04	-1.043449e+02
9.004866e+04	-3.139677e+01
9.056877e+04	-3.143148e+01
9.109190e+04	-1.105728e+02
9.161804e+04	-1.106637e+02
9.214722e+04	-1.107339e+02
9.267946e+04	-1.107840e+02
9.321477e+04	-3.151493e+01
9.375318e+04	-3.156476e+01
9.429469e+04	-1.110234e+02
9.483933e+04	-3.161157e+01
9.538712e+04	-3.159927e+01
9.593807e+04	-3.163125e+01
9.649221e+04	-3.167251e+01
9.704954e+04	-1.113722e+02
9.761010e+04	-3.169044e+01
9.817389e+04	-3.175662e+01
9.874094e+04	-3.173987e+01
9.931126e+04	-1.116323e+02
9.988488e+04	-3.178725e+01
1.004618e+05	-3.180475e+01
1.010421e+05	-3.180690e+01
1.016257e+05	-3.184310e+01
1.022127e+05	-3.184857e+01
1.028031e+05	-3.187023e+01
1.033968e+05	-3.188145e+01
1.039941e+05	-3.192205e+01
1.045947e+05	-3.192077e+01
1.051989e+05	-3.191954e+01
1.058065e+05	-3.195217e+01
1.064176e+05	-1.124060e+02
1.070323e+05	-1.124710e+02
1.076505e+05	-3.197684e+01
1.082723e+05	-3.199728e+01
1.088977e+05	-1.126588e+02
1.095266e+05	-3.203612e+01
1.101593e+05	-1.127702e+02
1.107955e+05	-3.205716e+01
1.114355e+05	-1.128907e+02
1.120791e+05	-1.129349e+02
1.127265e+05	-3.208601e+01
1.133776e+05	-1.130644e+02
1.140325e+05	-3.209072e+01
1.146911e+05	-3.208696e+01
1.153536e+05	-3.209375e+01
1.160198e+05	-3.211139e+01
1.166900e+05	-1.133483e+02
1.173640e+05	-3.213013e+01
1.180419e+05	-1.134387e+02
1.187237e+05	-1.134984e+02
1.194094e+05	-1.135462e+02
1.200991e+05	-3.216572e+01
1.207928e+05	-3.214282e+01
1.214905e+05	-3.214453e+01
1.221922e+05	-1.137541e+02
1.228980e+05	-3.215736e+01
1.236078e+05	-1.138555e+02
1.243218e+05	-3.214346e+01
1.250399e+05	-3.213267e+01
1.257621e+05	-3.212229e+01
1.264885e+05	-1.140050e+02
1.272191e+05	-3.211346e+01
1.279539e+05	-3.212261e+01
1.286930e+05	-3.210791e+01
1.294363e+05	-3.212068e+01
1.301839e+05	-3.211100e+01
1.309358e+05	-1.142765e+02
1.316921e+05	-3.209928e+01
1.324528e+05	-3.208893e+01
1.332178e+05	-3.207003e+01
1.339873e+05	-3.204977e+01
1.347612e+05	-1.144849e+02
1.355395e+05	-3.204163e+01
1.363224e+05	-3.203073e+01
1.371098e+05	-3.202726e+01
1.379018e+05	-1.146070e+02
1.386983e+05	-3.200409e+01
1.394994e+05	-3.196500e+01
1.403051e+05	-1.147417e+02
1.411155e+05	-1.147752e+02
1.419306e+05	-1.148183e+02
1.427504e+05	-3.189493e+01
1.435749e+05	-1.148977e+02
1.444042e+05	-3.185106e+01
1.452383e+05	-1.149894e+02
1.460772e+05	-3.179117e+01
1.469209e+05	-3.177830e+01
1.477695e+05	-3.175762e+01
1.486230e+05	-1.151275e+02
1.494814e+05	-1.151388e+02
1.503448e+05	-1.212087e+02
1.512132e+05	-3.162610e+01
1.520866e+05	-1.152362e+02
1.529651e+05	-1.152756e+02
1.538486e+05	-3.152850e+01
1.547372e+05	-3.147534e+01
1.556310e+05	-1.154150e+02
1.565299e+05	-3.138974e+01
1.574340e+05	-1.154919e+02
1.583433e+05	-3.131229e+01
1.592579e+05	-3.127425e+01
1.601778e+05	-1.156159e+02
1.611030e+05	-1.156372e+02
1.620335e+05	-3.111742e+01
1.629694e+05	-1.157114e+02
1.639107e+05	-3.103145e+01
1.648574e+05	-3.096252e+01
1.658097e+05	-3.090208e+01
1.667674e+05	-3.084544e+01
1.677306e+05	-1.158542e+02
1.686994e+05	-1.159036e+02
1.696738e+05	-1.159075e+02
1.706538e+05	-1.159541e+02
1.716395e+05	-3.053341e+01
1.726309e+05	-1.160058e+02
1.736280e+05	-1.160475e+02
1.746309e+05	-1.220810e+02
1.756395e+05	-1.221278e+02
1.766540e+05	-1.161473e+02
1.776744e+05	-3.007043e+01
1.787006e+05	-1.162274e+02
1.797328e+05	-1.162524e+02
1.807709e+05	-1.162866e+02
1.818150e+05	-1.163202e+02
1.828652e+05	-1.163611e+02
1.839214e+05	-1.163841e+02
1.849837e+05	-1.164202e+02
1.860522e+05	-2.932229e+01
1.871268e+05	-2.919835e+01
1.882077e+05	-2.910846e+01
1.892948e+05	-2.895633e+01
1.903881e+05	-2.886613e+01
1.914878e+05	-1.165771e+02
1.925938e+05	-1.165981e+02
1.937062e+05	-2.847174e+01
1.948251e+05	-2.834295e+01
1.959504e+05	-1.166605e+02
1.970822e+05	-1.166895e+02
1.982205e+05	-1.166817e+02
1.993654e+05	-2.775180e+01
2.005169e+05	-1.167662e+02
2.016751e+05	-1.167884e+02
2.028400e+05	-1.168145e+02
2.040116e+05	-2.711434e+01
2.051899e+05	-2.691301e+01
2.063751e+05	-2.674151e+01
2.075671e+05	-1.169517e+02
2.087660e+05	-2.633457e+01
2.099719e+05	-2.615135e+01
2.111846e+05	-2.591767e+01
2.124044e+05	-1.170407e+02
2.136313e+05	-2.546556e+01
2.148652e+05	-2.522861e+01
2.161063e+05	-1.171216e+02
2.173545e+05	-1.171295e+02
2.186099e+05	-2.442870e+01
2.198726e+05	-2.415776e+01
2.211426e+05	-1.172056e+02
2.224199e+05	-2.355041e+01
2.237046e+05	-1.111996e+02
2.249967e+05	-2.288079e+01
2.262962e+05	-1.112141e+02
2.276033e+05	-1.112254e+02
2.289179e+05	-2.177156e+01
2.302402e+05	-1.112474e+02
2.315700e+05	-2.089810e+01
2.329076e+05	-2.043290e+01
2.342528e+05	-1.993214e+01
2.356059e+05	-1.940273e+01
2.369667e+05	-1.882240e+01
2.383354e+05	-1.820269e+01
2.397120e+05	-1.113639e+02
2.410966e+05	-1.680631e+01
2.424892e+05	-1.053792e+02
2.438898e+05	-1.054207e+02
2.452985e+05	-1.413809e+01
2.467153e+05	-1.054234e+02
2.481403e+05	-1.173567e+01
2.495736e+05	-1.020664e+01
2.510151e+05	-8.370035e+00
2.524650e+05	-5.971497e+00
2.539232e+05	-2.750460e+00
2.553898e+05	2.577652e+00
2.568650e+05	1.835960e+01
2.583486e+05	-8.743054e+01
2.598408e+05	-1.061755e+00
2.613416e+05	-4.860593e+00
2.628511e+05	-7.530690e+00
2.643694e+05	-9.546142e+00
2.658963e+05	-1.054945e+02
2.674321e+05	-1.253293e+01
2.689768e+05	-1.373674e+01
2.705304e+05	-1.115068e+02
2.720930e+05	-1.114977e+02
2.736646e+05	-1.652783e+01
2.752453e+05	-1.114769e+02
2.768351e+05	-1.114514e+02
2.784341e+05	-1.859841e+01
2.800423e+05	-1.917832e+01
2.816598e+05	-1.113817e+02
2.832867e+05	-2.022626e+01
2.849229e+05	-1.173702e+02
2.865686e+05	-2.114689e+01
2.882238e+05	-2.158422e+01
2.898886e+05	-2.196100e+01
2.915630e+05	-1.173657e+02
2.932470e+05	-2.269583e+01
2.949408e+05	-2.303426e+01
2.966444e+05	-2.334632e+01
2.983578e+05	-2.366478e+01
3.000811e+05	-1.233607e+02
3.018143e+05	-2.421494e+01
3.035576e+05	-2.445888e+01
3.053109e+05	-2.469028e+01
3.070744e+05	-1.172670e+02
3.088481e+05	-1.232892e+02
3.106320e+05	-2.537063e+01
3.124261e+05	-1.232126e+02
3.142307e+05	-2.576811e+01
3.160457e+05	-2.592026e+01
3.178712e+05	-2.611718e+01
3.197072e+05	-2.625185e+01
3.215538e+05	-2.640838e+01
3.234111e+05	-1.230207e+02
3.252791e+05	-2.670392e+01
3.271579e+05	-1.229542e+02
3.290475e+05	-1.228740e+02
3.309481e+05	-2.703371e+01
3.328596e+05	-2.714473e+01
3.347822e+05	-2.723344e+01
3.367159e+05	-2.733212e+01
3.386608e+05	-1.225901e+02
3.406169e+05	-1.225577e+02
3.425842e+05	-2.751883e+01
3.445630e+05	-2.758004e+01
3.465532e+05	-1.223310e+02
3.485549e+05	-1.222570e+02
3.505681e+05	-1.221828e+02
3.525930e+05	-2.773043e+01
3.546295e+05	-1.220032e+02
3.566778e+05	-2.775143e+01
3.587380e+05	-1.218097e+02
3.608101e+05	-2.775099e+01
3.628941e+05	-2.774342e+01
3.649901e+05	-1.216136e+02
3.670983e+05	-1.275946e+02
3.692187e+05	-2.765978e+01
3.713513e+05	-2.763256e+01
3.734962e+05	-2.757384e+01
3.756535e+05	-1.272901e+02
3.778232e+05	-2.741607e+01
3.800055e+05	-2.733347e+01
3.822004e+05	-2.724424e+01
3.844080e+05	-2.716376e+01
3.866283e+05	-2.705501e+01
3.888615e+05	-1.265136e+02
3.911075e+05	-2.678905e+01
3.933665e+05	-2.666600e+01
3.956386e+05	-2.651420e+01
3.979238e+05	-2.637218e+01
4.002222e+05	-2.620145e+01
4.025338e+05	-1.256215e+02
4.048589e+05	-2.582224e+01
4.071973e+05	-2.558492e+01
4.095493e+05	-2.538929e+01
4.119148e+05	-2.514529e+01
4.142940e+05	-1.246650e+02
4.166870e+05	-1.184406e+02
4.190937e+05	-2.437677e+01
4.215144e+05	-1.179512e+02
4.239490e+05	-2.374093e+01
4.263978e+05	-2.340272e+01
4.288606e+05	-2.304886e+01
4.313377e+05	-2.266554e+01
4.338291e+05	-2.227781e+01
4.363349e+05	-1.161970e+02
4.388551e+05	-2.137715e+01
4.413899e+05	-2.091042e+01
4.439394e+05	-1.150815e+02
4.465035e+05	-1.146565e+02
4.490825e+05	-1.924591e+01
4.516764e+05	-1.863388e+01
4.542853e+05	-1.791662e+01
4.569092e+05	-1.717995e+01
4.595483e+05	-1.122057e+02
4.622026e+05	-1.116166e+02
4.648723e+05	-1.452364e+01
4.675574e+05	-1.041817e+02
4.702580e+05	-1.225807e+01
4.729742e+05	-1.025462e+02
4.757060e+05	-1.015981e+02
4.784537e+05	-7.345071e+00
4.812172e+05	-9.354962e+01
4.839967e+05	-1.795520e+00
4.867923e+05	3.060888e+00
4.896040e+05	-7.307029e+01
4.924319e+05	1.091616e+01
4.952762e+05	-8.558338e+01
4.981369e+05	-9.250631e+01
5.010141e+05	-4.050590e+00
5.039079e+05	-5.925305e+00
5.068185e+05	-7.394782e+00
5.097458e+05	-1.029037e+02
5.126901e+05	-9.437874e+00
5.156514e+05	-1.021320e+01
5.186298e+05	-1.081226e+01
5.216253e+05	-1.131790e+01
5.246382e+05	-1.172412e+01
5.276685e+05	-1.203603e+01
5.307163e+05	-1.226976e+01
5.337817e+05	-1.151897e+02
5.368648e+05	-1.251708e+01
5.399657e+05	-1.162590e+02
5.430845e+05	-1.228371e+02
5.462214e+05	-1.233655e+02
5.493763e+05	-1.219504e+01
5.525495e+05	-1.242965e+02
5.557410e+05	-1.161700e+01
5.589509e+05	-1.120863e+01
5.621794e+05	-1.072961e+01
5.654265e+05	-1.017038e+01
5.686924e+05	-9.505366e+00
5.719772e+05	-1.267180e+02
5.752809e+05	-7.876153e+00
5.786037e+05	-1.273753e+02
5.819457e+05	-5.877879e+00
5.853070e+05	-1.280104e+02
5.886877e+05	-3.843442e+00
5.920879e+05	-1.285983e+02
5.955078e+05	-3.021230e+00
5.989474e+05	-1.291192e+02
6.024069e+05	-4.295538e+00
6.058864e+05	-1.296177e+02
6.093860e+05	-6.406684e+00
6.129058e+05	-1.300628e+02
6.164459e+05	-8.287416e+00
6.200064e+05	-9.081483e+00
6.235876e+05	-9.741509e+00
6.271894e+05	-1.027275e+01
6.308120e+05	-1.070724e+01
6.344555e+05	-1.104463e+01
6.381201e+05	-1.128547e+01
6.418059e+05	-1.315753e+02
6.455129e+05	-1.137171e+01
6.492414e+05	-1.318708e+02
6.529914e+05	-1.097605e+01
6.567630e+05	-1.053686e+01
6.605565e+05	-9.918066e+00
6.643718e+05	-9.059095e+00
6.682092e+05	-7.885406e+00
6.720688e+05	-1.264756e+02
6.759506e+05	-1.205814e+02
6.798549e+05	-1.146460e+02
6.837817e+05	-1.087126e+02
6.877312e+05	1.200119e+01
6.917035e+05	1.998668e-01
6.956987e+05	-4.868956e+00
6.997171e+05	-1.208454e+02
7.037586e+05	-1.269252e+02
7.078235e+05	-1.275121e+01
7.119118e+05	-1.269178e+02
7.160238e+05	-1.587373e+01
7.201595e+05	-1.711134e+01
7.243191e+05	-1.385795e+02
7.285028e+05	-1.915341e+01
7.327106e+05	-1.320591e+02
7.369427e+05	-1.317096e+02
7.411992e+05	-2.135580e+01
7.454804e+05	-2.192183e+01
7.497862e+05	-1.375414e+02
7.541170e+05	-2.278390e+01
7.584727e+05	-1.375805e+02
7.628536e+05	-1.374464e+02
7.672598e+05	-2.351733e+01
7.716915e+05	-1.368825e+02
7.761488e+05	-1.365513e+02
7.806318e+05	-1.361467e+02
7.851407e+05	-2.330438e+01
7.896756e+05	-1.290560e+02
7.942367e+05	-1.284898e+02
7.988242e+05	-2.205582e+01
8.034382e+05	-2.138283e+01
8.080788e+05	-2.049296e+01
8.127463e+05	-1.936233e+01
8.174406e+05	-1.796521e+01
8.221621e+05	-1.608556e+01
8.269109e+05	-1.357414e+01
8.316871e+05	-1.049781e+02
8.364909e+05	-2.648681e+00
8.413225e+05	8.371148e+00
8.461819e+05	-1.026577e+02
8.510694e+05	-1.150014e+01
8.559852e+05	-1.452420e+01
8.609293e+05	-1.659561e+01
8.659020e+05	-1.258003e+02
8.709034e+05	-1.918683e+01
8.759337e+05	-1.286575e+02
8.809931e+05	-2.047441e+01
8.860816e+05	-1.371967e+02
8.911996e+05	-2.076630e+01
8.963471e+05	-1.389522e+02
9.015244e+05	-2.014230e+01
9.067316e+05	-1.946828e+01
9.119688e+05	-1.849733e+01
9.172363e+05	-1.719081e+01
9.225342e+05	-1.547061e+01
9.278628e+05	-1.429542e+02
9.332221e+05	-1.032529e+01
9.386123e+05	-1.378241e+02
9.440337e+05	-8.253960e-01
9.494864e+05	-1.324776e+02
9.549706e+05	2.706480e+01
9.604865e+05	1.468357e+01
9.660342e+05	-1.390640e+02
9.716140e+05	-5.342365e+00
9.772260e+05	-1.391002e+02
9.828704e+05	-1.444221e+01
9.885474e+05	-1.738462e+01
9.942572e+05	-1.968280e+01
1.000000e+06	-2.135618e+01
