Frequency(Hz)	Magnitude(dB)
1.000000e+01	-2.385614e+00
1.005776e+01	-2.406870e+00
1.011585e+01	-2.428333e+00
1.017428e+01	-2.449784e+00
1.023305e+01	-2.471444e+00
1.029215e+01	-2.492957e+00
1.035160e+01	-2.515128e+00
1.041139e+01	-2.537263e+00
1.047153e+01	-2.559060e+00
1.053201e+01	-2.581521e+00
1.059284e+01	-2.604372e+00
1.065403e+01	-2.626906e+00
1.071556e+01	-2.649800e+00
1.077746e+01	-2.672356e+00
1.083971e+01	-2.695610e+00
1.090232e+01	-2.718783e+00
1.096529e+01	-2.742307e+00
1.102862e+01	-2.765476e+00
1.109232e+01	-2.789341e+00
1.115639e+01	-2.813020e+00
1.122083e+01	-2.837054e+00
1.128564e+01	-2.861009e+00
1.135083e+01	-2.885182e+00
1.141639e+01	-2.909498e+00
1.148233e+01	-2.934185e+00
1.154865e+01	-2.958875e+00
1.161536e+01	-2.983566e+00
1.168245e+01	-3.008709e+00
1.174992e+01	-3.033656e+00
1.181779e+01	-3.058642e+00
1.188605e+01	-3.084200e+00
1.195470e+01	-3.109443e+00
1.202375e+01	-3.135237e+00
1.209320e+01	-3.161130e+00
1.216305e+01	-3.186908e+00
1.223330e+01	-3.212978e+00
1.230396e+01	-3.239416e+00
1.237503e+01	-3.265582e+00
1.244651e+01	-3.292104e+00
1.251840e+01	-3.318699e+00
1.259070e+01	-3.345523e+00
1.266343e+01	-3.372689e+00
1.273657e+01	-3.399913e+00
1.281014e+01	-3.426986e+00
1.288413e+01	-3.454300e+00
1.295855e+01	-3.481798e+00
1.303339e+01	-3.509405e+00
1.310867e+01	-3.537178e+00
1.318439e+01	-3.565422e+00
1.326054e+01	-3.593325e+00
1.333713e+01	-3.621668e+00
1.341417e+01	-3.649900e+00
1.349165e+01	-3.678096e+00
1.356958e+01	-3.707099e+00
1.364795e+01	-3.735753e+00
1.372678e+01	-3.764804e+00
1.380607e+01	-3.793798e+00
1.388581e+01	-3.822921e+00
1.396602e+01	-3.852114e+00
1.404668e+01	-3.881996e+00
1.412782e+01	-3.911268e+00
1.420942e+01	-3.941267e+00
1.429149e+01	-3.971165e+00
1.437404e+01	-4.001340e+00
1.445706e+01	-4.031280e+00
1.454057e+01	-4.061941e+00
1.462455e+01	-4.092241e+00
1.470902e+01	-4.122859e+00
1.479398e+01	-4.153313e+00
1.487943e+01	-4.184383e+00
1.496537e+01	-4.215473e+00
1.505181e+01	-4.246689e+00
1.513875e+01	-4.277813e+00
1.522619e+01	-4.309006e+00
1.531414e+01	-4.340673e+00
1.540259e+01	-4.372340e+00
1.549156e+01	-4.404212e+00
1.558103e+01	-4.436145e+00
1.567103e+01	-4.468223e+00
1.576155e+01	-4.500414e+00
1.585258e+01	-4.532993e+00
1.594415e+01	-4.565259e+00
1.603624e+01	-4.597872e+00
1.612886e+01	-4.630666e+00
1.622202e+01	-4.663536e+00
1.631572e+01	-4.696623e+00
1.640996e+01	-4.729336e+00
1.650474e+01	-4.763018e+00
1.660008e+01	-4.796395e+00
1.669596e+01	-4.829589e+00
1.679239e+01	-4.863640e+00
1.688938e+01	-4.897268e+00
1.698694e+01	-4.931206e+00
1.708505e+01	-4.965306e+00
1.718373e+01	-4.999282e+00
1.728299e+01	-5.033988e+00
1.738281e+01	-5.068048e+00
1.748322e+01	-5.102528e+00
1.758420e+01	-5.136926e+00
1.768576e+01	-5.171633e+00
1.778792e+01	-5.206517e+00
1.789066e+01	-5.241514e+00
1.799399e+01	-5.276949e+00
1.809793e+01	-5.311953e+00
1.820246e+01	-5.347302e+00
1.830760e+01	-5.382714e+00
1.841334e+01	-5.418628e+00
1.851969e+01	-5.454140e+00
1.862666e+01	-5.489749e+00
1.873425e+01	-5.526190e+00
1.884246e+01	-5.561884e+00
1.895129e+01	-5.598517e+00
1.906075e+01	-5.634366e+00
1.917085e+01	-5.670682e+00
1.928158e+01	-5.707440e+00
1.939295e+01	-5.744341e+00
1.950496e+01	-5.780975e+00
1.961762e+01	-5.817708e+00
1.973093e+01	-5.854369e+00
1.984490e+01	-5.891647e+00
1.995952e+01	-5.928763e+00
2.007480e+01	-5.966129e+00
2.019076e+01	-6.003379e+00
2.030738e+01	-6.041176e+00
2.042467e+01	-6.078740e+00
2.054264e+01	-6.116413e+00
2.066130e+01	-6.154637e+00
2.078064e+01	-6.192159e+00
2.090066e+01	-6.230307e+00
2.102139e+01	-6.268609e+00
2.114280e+01	-6.307056e+00
2.126492e+01	-6.345559e+00
2.138775e+01	-6.383631e+00
2.151128e+01	-6.421975e+00
2.163553e+01	-6.461138e+00
2.176050e+01	-6.499751e+00
2.188619e+01	-6.538524e+00
2.201260e+01	-6.577520e+00
2.213974e+01	-6.616290e+00
2.226762e+01	-6.655724e+00
2.239624e+01	-6.694815e+00
2.252560e+01	-6.734473e+00
2.265571e+01	-6.774066e+00
2.278656e+01	-6.814007e+00
2.291818e+01	-6.852949e+00
2.305055e+01	-6.893137e+00
2.318369e+01	-6.932750e+00
2.331760e+01	-6.972712e+00
2.345228e+01	-7.012852e+00
2.358774e+01	-7.052846e+00
2.372398e+01	-7.093299e+00
2.386101e+01	-7.133407e+00
2.399883e+01	-7.173628e+00
2.413745e+01	-7.213997e+00
2.427686e+01	-7.254705e+00
2.441709e+01	-7.295398e+00
2.455812e+01	-7.336564e+00
2.469997e+01	-7.377071e+00
2.484263e+01	-7.418187e+00
2.498612e+01	-7.458733e+00
2.513044e+01	-7.499966e+00
2.527559e+01	-7.541369e+00
2.542158e+01	-7.582064e+00
2.556842e+01	-7.624101e+00
2.571610e+01	-7.665510e+00
2.586463e+01	-7.706722e+00
2.601403e+01	-7.748590e+00
2.616428e+01	-7.790160e+00
2.631541e+01	-7.831552e+00
2.646740e+01	-7.873431e+00
2.662028e+01	-7.915529e+00
2.677404e+01	-7.957599e+00
2.692868e+01	-7.998943e+00
2.708422e+01	-8.041500e+00
2.724066e+01	-8.083809e+00
2.739800e+01	-8.125900e+00
2.755625e+01	-8.168601e+00
2.771541e+01	-8.211089e+00
2.787550e+01	-8.253356e+00
2.803650e+01	-8.295847e+00
2.819844e+01	-8.338542e+00
2.836131e+01	-8.381535e+00
2.852513e+01	-8.424438e+00
2.868989e+01	-8.467149e+00
2.885560e+01	-8.509730e+00
2.902227e+01	-8.552520e+00
2.918990e+01	-8.595970e+00
2.935850e+01	-8.639262e+00
2.952807e+01	-8.682185e+00
2.969863e+01	-8.725394e+00
2.987016e+01	-8.769305e+00
3.004269e+01	-8.811976e+00
3.021622e+01	-8.856022e+00
3.039075e+01	-8.899553e+00
3.056628e+01	-8.942970e+00
3.074283e+01	-8.987148e+00
3.092040e+01	-9.030371e+00
3.109900e+01	-9.074652e+00
3.127862e+01	-9.118232e+00
3.145929e+01	-9.162194e+00
3.164099e+01	-9.205749e+00
3.182375e+01	-9.250332e+00
3.200756e+01	-9.294178e+00
3.219244e+01	-9.338685e+00
3.237838e+01	-9.383290e+00
3.256540e+01	-9.426770e+00
3.275349e+01	-9.471343e+00
3.294268e+01	-9.515684e+00
3.313295e+01	-9.560170e+00
3.332433e+01	-9.604773e+00
3.351681e+01	-9.649529e+00
3.371040e+01	-9.693864e+00
3.390511e+01	-9.738945e+00
3.410094e+01	-9.783208e+00
3.429791e+01	-9.827923e+00
3.449601e+01	-9.873114e+00
3.469526e+01	-9.917613e+00
3.489566e+01	-9.963059e+00
3.509721e+01	-1.000714e+01
3.529993e+01	-1.005296e+01
3.550382e+01	-1.009812e+01
3.570889e+01	-1.014306e+01
3.591515e+01	-1.018819e+01
3.612259e+01	-1.023346e+01
3.633123e+01	-1.027905e+01
3.654108e+01	-1.032398e+01
3.675214e+01	-1.036941e+01
3.696442e+01	-1.041501e+01
3.717792e+01	-1.046045e+01
3.739266e+01	-1.050641e+01
3.760864e+01	-1.055216e+01
3.782587e+01	-1.059788e+01
3.804435e+01	-1.064291e+01
3.826409e+01	-1.068883e+01
3.848510e+01	-1.073448e+01
3.870739e+01	-1.078061e+01
3.893096e+01	-1.082639e+01
3.915583e+01	-1.087233e+01
3.938199e+01	-1.091830e+01
3.960946e+01	-1.096433e+01
3.983824e+01	-1.101012e+01
4.006834e+01	-1.105640e+01
4.029978e+01	-1.110248e+01
4.053255e+01	-1.114864e+01
4.076666e+01	-1.119476e+01
4.100213e+01	-1.124194e+01
4.123896e+01	-1.128758e+01
4.147715e+01	-1.133389e+01
4.171672e+01	-1.137998e+01
4.195767e+01	-1.142658e+01
4.220002e+01	-1.147302e+01
4.244377e+01	-1.151995e+01
4.268892e+01	-1.156580e+01
4.293549e+01	-1.161295e+01
4.318348e+01	-1.165922e+01
4.343291e+01	-1.170520e+01
4.368377e+01	-1.175237e+01
4.393609e+01	-1.179881e+01
4.418986e+01	-1.184597e+01
4.444510e+01	-1.189262e+01
4.470182e+01	-1.193981e+01
4.496001e+01	-1.198633e+01
4.521970e+01	-1.203303e+01
4.548089e+01	-1.207975e+01
4.574358e+01	-1.212688e+01
4.600779e+01	-1.217321e+01
4.627353e+01	-1.222095e+01
4.654081e+01	-1.226839e+01
4.680963e+01	-1.231494e+01
4.708000e+01	-1.236202e+01
4.735193e+01	-1.240973e+01
4.762543e+01	-1.245597e+01
4.790051e+01	-1.250317e+01
4.817719e+01	-1.255076e+01
4.845545e+01	-1.259736e+01
4.873533e+01	-1.264527e+01
4.901682e+01	-1.269298e+01
4.929994e+01	-1.274043e+01
4.958470e+01	-1.278776e+01
4.987110e+01	-1.283518e+01
5.015915e+01	-1.288219e+01
5.044887e+01	-1.292962e+01
5.074026e+01	-1.297763e+01
5.103333e+01	-1.302507e+01
5.132810e+01	-1.307207e+01
5.162457e+01	-1.312004e+01
5.192275e+01	-1.316699e+01
5.222265e+01	-1.321562e+01
5.252429e+01	-1.326282e+01
5.282767e+01	-1.331067e+01
5.313280e+01	-1.335836e+01
5.343969e+01	-1.340667e+01
5.374836e+01	-1.345498e+01
5.405880e+01	-1.350182e+01
5.437105e+01	-1.354896e+01
5.468509e+01	-1.359669e+01
5.500095e+01	-1.364471e+01
5.531863e+01	-1.369323e+01
5.563815e+01	-1.374017e+01
5.595951e+01	-1.378873e+01
5.628273e+01	-1.383677e+01
5.660782e+01	-1.388487e+01
5.693479e+01	-1.393303e+01
5.726364e+01	-1.398142e+01
5.759439e+01	-1.402836e+01
5.792705e+01	-1.407680e+01
5.826164e+01	-1.412515e+01
5.859815e+01	-1.417300e+01
5.893662e+01	-1.422070e+01
5.927703e+01	-1.426971e+01
5.961941e+01	-1.431721e+01
5.996377e+01	-1.436561e+01
6.031012e+01	-1.441344e+01
6.065847e+01	-1.446137e+01
6.100883e+01	-1.450999e+01
6.136121e+01	-1.455861e+01
6.171563e+01	-1.460720e+01
6.207210e+01	-1.465507e+01
6.243063e+01	-1.470329e+01
6.279122e+01	-1.475150e+01
6.315390e+01	-1.480030e+01
6.351868e+01	-1.484903e+01
6.388556e+01	-1.489663e+01
6.425456e+01	-1.494519e+01
6.462569e+01	-1.499431e+01
6.499897e+01	-1.504173e+01
6.537440e+01	-1.509165e+01
6.575200e+01	-1.513924e+01
6.613178e+01	-1.518761e+01
6.651375e+01	-1.523592e+01
6.689793e+01	-1.528465e+01
6.728433e+01	-1.533339e+01
6.767297e+01	-1.538161e+01
6.806384e+01	-1.543049e+01
6.845698e+01	-1.547907e+01
6.885238e+01	-1.552827e+01
6.925007e+01	-1.557612e+01
6.965005e+01	-1.562387e+01
7.005235e+01	-1.567389e+01
7.045697e+01	-1.572168e+01
7.086393e+01	-1.577134e+01
7.127323e+01	-1.582010e+01
7.168490e+01	-1.586790e+01
7.209895e+01	-1.591685e+01
7.251539e+01	-1.596492e+01
7.293424e+01	-1.601531e+01
7.335551e+01	-1.606403e+01
7.377920e+01	-1.611242e+01
7.420535e+01	-1.616162e+01
7.463396e+01	-1.621076e+01
7.506504e+01	-1.625941e+01
7.549861e+01	-1.630857e+01
7.593469e+01	-1.635620e+01
7.637328e+01	-1.640668e+01
7.681441e+01	-1.645370e+01
7.725809e+01	-1.650382e+01
7.770433e+01	-1.655184e+01
7.815315e+01	-1.660225e+01
7.860456e+01	-1.664981e+01
7.905857e+01	-1.669884e+01
7.951521e+01	-1.674859e+01
7.997449e+01	-1.679772e+01
8.043642e+01	-1.684537e+01
8.090102e+01	-1.689427e+01
8.136830e+01	-1.694399e+01
8.183828e+01	-1.699320e+01
8.231097e+01	-1.704246e+01
8.278640e+01	-1.709060e+01
8.326457e+01	-1.713991e+01
8.374550e+01	-1.718971e+01
8.422921e+01	-1.723857e+01
8.471572e+01	-1.728760e+01
8.520503e+01	-1.733673e+01
8.569717e+01	-1.738511e+01
8.619215e+01	-1.743513e+01
8.669000e+01	-1.748362e+01
8.719071e+01	-1.753265e+01
8.769432e+01	-1.758284e+01
8.820084e+01	-1.763204e+01
8.871029e+01	-1.768059e+01
8.922267e+01	-1.773182e+01
8.973802e+01	-1.777899e+01
9.025634e+01	-1.782690e+01
9.077766e+01	-1.787761e+01
9.130199e+01	-1.792580e+01
9.182935e+01	-1.797604e+01
9.235975e+01	-1.802459e+01
9.289321e+01	-1.807495e+01
9.342976e+01	-1.812374e+01
9.396941e+01	-1.817237e+01
9.451217e+01	-1.822183e+01
9.505807e+01	-1.827091e+01
9.560712e+01	-1.831926e+01
9.615934e+01	-1.837096e+01
9.671476e+01	-1.841837e+01
9.727338e+01	-1.846900e+01
9.783522e+01	-1.851839e+01
9.840032e+01	-1.856746e+01
9.896867e+01	-1.861719e+01
9.954031e+01	-1.866602e+01
1.001153e+02	-1.871513e+01
1.006935e+02	-1.876613e+01
1.012751e+02	-1.881385e+01
1.018601e+02	-1.886303e+01
1.024484e+02	-1.891245e+01
1.030402e+02	-1.896194e+01
1.036353e+02	-1.901298e+01
1.042339e+02	-1.906164e+01
1.048360e+02	-1.911221e+01
1.054415e+02	-1.915849e+01
1.060505e+02	-1.920959e+01
1.066631e+02	-1.925882e+01
1.072791e+02	-1.930702e+01
1.078988e+02	-1.935683e+01
1.085220e+02	-1.940646e+01
1.091488e+02	-1.945459e+01
1.097793e+02	-1.950434e+01
1.104133e+02	-1.955511e+01
1.110511e+02	-1.960686e+01
1.116925e+02	-1.965473e+01
1.123376e+02	-1.970412e+01
1.129865e+02	-1.975229e+01
1.136391e+02	-1.980314e+01
1.142955e+02	-1.985207e+01
1.149556e+02	-1.990298e+01
1.156196e+02	-1.995078e+01
1.162874e+02	-2.000125e+01
1.169591e+02	-2.004988e+01
1.176347e+02	-2.010178e+01
1.183141e+02	-2.015035e+01
1.189975e+02	-2.020029e+01
1.196848e+02	-2.024828e+01
1.203761e+02	-2.030005e+01
1.210714e+02	-2.034936e+01
1.217707e+02	-2.039636e+01
1.224740e+02	-2.044651e+01
1.231814e+02	-2.049781e+01
1.238929e+02	-2.054516e+01
1.246085e+02	-2.059578e+01
1.253283e+02	-2.064590e+01
1.260522e+02	-2.069436e+01
1.267802e+02	-2.074535e+01
1.275125e+02	-2.079300e+01
1.282490e+02	-2.084526e+01
1.289898e+02	-2.089314e+01
1.297348e+02	-2.094337e+01
1.304842e+02	-2.099380e+01
1.312378e+02	-2.104152e+01
1.319959e+02	-2.109157e+01
1.327583e+02	-2.114208e+01
1.335251e+02	-2.119165e+01
1.342963e+02	-2.124156e+01
1.350720e+02	-2.129105e+01
1.358522e+02	-2.134092e+01
1.366368e+02	-2.138948e+01
1.374260e+02	-2.144029e+01
1.382198e+02	-2.149010e+01
1.390182e+02	-2.153851e+01
1.398211e+02	-2.158820e+01
1.406287e+02	-2.163737e+01
1.414410e+02	-2.168741e+01
1.422579e+02	-2.173789e+01
1.430796e+02	-2.178595e+01
1.439060e+02	-2.183711e+01
1.447372e+02	-2.188506e+01
1.455732e+02	-2.193747e+01
1.464141e+02	-2.198618e+01
1.472597e+02	-2.203743e+01
1.481103e+02	-2.208635e+01
1.489658e+02	-2.213550e+01
1.498262e+02	-2.218581e+01
1.506916e+02	-2.223546e+01
1.515620e+02	-2.228443e+01
1.524374e+02	-2.233352e+01
1.533179e+02	-2.238433e+01
1.542034e+02	-2.243349e+01
1.550941e+02	-2.248500e+01
1.559899e+02	-2.253367e+01
1.568909e+02	-2.258288e+01
1.577971e+02	-2.263318e+01
1.587085e+02	-2.268466e+01
1.596252e+02	-2.273312e+01
1.605472e+02	-2.278386e+01
1.614745e+02	-2.283359e+01
1.624072e+02	-2.288204e+01
1.633453e+02	-2.293250e+01
1.642887e+02	-2.298082e+01
1.652377e+02	-2.303258e+01
1.661921e+02	-2.308237e+01
1.671520e+02	-2.313019e+01
1.681175e+02	-2.318041e+01
1.690885e+02	-2.323096e+01
1.700651e+02	-2.328035e+01
1.710474e+02	-2.333024e+01
1.720354e+02	-2.338010e+01
1.730291e+02	-2.342937e+01
1.740285e+02	-2.347813e+01
1.750337e+02	-2.352801e+01
1.760446e+02	-2.358029e+01
1.770615e+02	-2.362860e+01
1.780842e+02	-2.367994e+01
1.791128e+02	-2.373075e+01
1.801473e+02	-2.377891e+01
1.811878e+02	-2.382935e+01
1.822344e+02	-2.387779e+01
1.832870e+02	-2.392681e+01
1.843456e+02	-2.397778e+01
1.854104e+02	-2.402783e+01
1.864813e+02	-2.407869e+01
1.875584e+02	-2.412775e+01
1.886418e+02	-2.417782e+01
1.897313e+02	-2.422623e+01
1.908272e+02	-2.427907e+01
1.919294e+02	-2.432960e+01
1.930380e+02	-2.437898e+01
1.941530e+02	-2.442713e+01
1.952744e+02	-2.447648e+01
1.964023e+02	-2.452936e+01
1.975367e+02	-2.457625e+01
1.986777e+02	-2.462451e+01
1.998252e+02	-2.467514e+01
2.009794e+02	-2.472811e+01
2.021403e+02	-2.477786e+01
2.033078e+02	-2.482417e+01
2.044821e+02	-2.487804e+01
2.056632e+02	-2.492801e+01
2.068511e+02	-2.497507e+01
2.080459e+02	-2.502814e+01
2.092475e+02	-2.507645e+01
2.104561e+02	-2.512703e+01
2.116717e+02	-2.517799e+01
2.128943e+02	-2.522185e+01
2.141240e+02	-2.527414e+01
2.153608e+02	-2.532667e+01
2.166047e+02	-2.537215e+01
2.178558e+02	-2.542663e+01
2.191141e+02	-2.547678e+01
2.203797e+02	-2.552695e+01
2.216526e+02	-2.557342e+01
2.229329e+02	-2.562630e+01
2.242205e+02	-2.567247e+01
2.255156e+02	-2.572570e+01
2.268182e+02	-2.577282e+01
2.281283e+02	-2.582377e+01
2.294459e+02	-2.587498e+01
2.307712e+02	-2.592286e+01
2.321041e+02	-2.597623e+01
2.334447e+02	-2.602314e+01
2.347931e+02	-2.607444e+01
2.361493e+02	-2.612636e+01
2.375133e+02	-2.617460e+01
2.388851e+02	-2.622477e+01
2.402649e+02	-2.627313e+01
2.416527e+02	-2.632339e+01
2.430484e+02	-2.637420e+01
2.444523e+02	-2.642597e+01
2.458642e+02	-2.647503e+01
2.472843e+02	-2.652496e+01
2.487126e+02	-2.657594e+01
2.501492e+02	-2.662667e+01
2.515940e+02	-2.667595e+01
2.530472e+02	-2.672395e+01
2.545088e+02	-2.677493e+01
2.559789e+02	-2.682519e+01
2.574574e+02	-2.687594e+01
2.589444e+02	-2.692208e+01
2.604401e+02	-2.697299e+01
2.619444e+02	-2.702835e+01
2.634574e+02	-2.707644e+01
2.649791e+02	-2.712411e+01
2.665096e+02	-2.717344e+01
2.680489e+02	-2.722546e+01
2.695972e+02	-2.727526e+01
2.711544e+02	-2.732414e+01
2.727205e+02	-2.737380e+01
2.742958e+02	-2.742176e+01
2.758801e+02	-2.747331e+01
2.774736e+02	-2.752309e+01
2.790762e+02	-2.757134e+01
2.806882e+02	-2.762321e+01
2.823094e+02	-2.767103e+01
2.839400e+02	-2.772833e+01
2.855800e+02	-2.777250e+01
2.872295e+02	-2.782631e+01
2.888886e+02	-2.787927e+01
2.905572e+02	-2.792149e+01
2.922354e+02	-2.797693e+01
2.939234e+02	-2.802209e+01
2.956211e+02	-2.807425e+01
2.973286e+02	-2.812286e+01
2.990459e+02	-2.817137e+01
3.007732e+02	-2.822350e+01
3.025104e+02	-2.827181e+01
3.042577e+02	-2.832562e+01
3.060151e+02	-2.837515e+01
3.077826e+02	-2.842250e+01
3.095604e+02	-2.847541e+01
3.113484e+02	-2.852338e+01
3.131467e+02	-2.858056e+01
3.149554e+02	-2.862174e+01
3.167746e+02	-2.867456e+01
3.186043e+02	-2.872952e+01
3.204445e+02	-2.877594e+01
3.222954e+02	-2.882519e+01
3.241570e+02	-2.887341e+01
3.260293e+02	-2.892325e+01
3.279124e+02	-2.897726e+01
3.298064e+02	-2.902628e+01
3.317114e+02	-2.907004e+01
3.336273e+02	-2.912621e+01
3.355544e+02	-2.917566e+01
3.374925e+02	-2.922900e+01
3.394418e+02	-2.927627e+01
3.414024e+02	-2.932702e+01
3.433744e+02	-2.937523e+01
3.453577e+02	-2.942439e+01
3.473525e+02	-2.947534e+01
3.493588e+02	-2.952340e+01
3.513766e+02	-2.957459e+01
3.534062e+02	-2.962486e+01
3.554474e+02	-2.967628e+01
3.575005e+02	-2.972503e+01
3.595654e+02	-2.978037e+01
3.616422e+02	-2.982629e+01
3.637311e+02	-2.988111e+01
3.658320e+02	-2.992900e+01
3.679450e+02	-2.997519e+01
3.700702e+02	-3.002208e+01
3.722077e+02	-3.008471e+01
3.743576e+02	-3.012861e+01
3.765199e+02	-3.017374e+01
3.786946e+02	-3.022557e+01
3.808820e+02	-3.027848e+01
3.830819e+02	-3.033080e+01
3.852946e+02	-3.037883e+01
3.875200e+02	-3.042712e+01
3.897583e+02	-3.047790e+01
3.920096e+02	-3.052982e+01
3.942738e+02	-3.057942e+01
3.965511e+02	-3.062086e+01
3.988416e+02	-3.067495e+01
4.011452e+02	-3.072261e+01
4.034622e+02	-3.077898e+01
4.057926e+02	-3.082821e+01
4.081365e+02	-3.087517e+01
4.104938e+02	-3.092996e+01
4.128648e+02	-3.098196e+01
4.152495e+02	-3.103153e+01
4.176480e+02	-3.107159e+01
4.200603e+02	-3.113155e+01
4.224866e+02	-3.117986e+01
4.249268e+02	-3.123128e+01
4.273812e+02	-3.127723e+01
4.298497e+02	-3.133266e+01
4.323325e+02	-3.137361e+01
4.348297e+02	-3.142785e+01
4.373412e+02	-3.148219e+01
4.398673e+02	-3.152239e+01
4.424079e+02	-3.157795e+01
4.449633e+02	-3.162807e+01
4.475334e+02	-3.167802e+01
4.501183e+02	-3.172700e+01
4.527182e+02	-3.178192e+01
4.553330e+02	-3.182561e+01
4.579630e+02	-3.187934e+01
4.606082e+02	-3.192957e+01
4.632687e+02	-3.198253e+01
4.659445e+02	-3.203723e+01
4.686358e+02	-3.208821e+01
4.713426e+02	-3.213448e+01
4.740650e+02	-3.217996e+01
4.768032e+02	-3.223273e+01
4.795572e+02	-3.228612e+01
4.823271e+02	-3.233378e+01
4.851130e+02	-3.238527e+01
4.879150e+02	-3.242916e+01
4.907332e+02	-3.247949e+01
4.935676e+02	-3.253523e+01
4.964185e+02	-3.258645e+01
4.992858e+02	-3.263283e+01
5.021696e+02	-3.268367e+01
5.050701e+02	-3.273475e+01
5.079874e+02	-3.279109e+01
5.109215e+02	-3.283549e+01
5.138726e+02	-3.288889e+01
5.168407e+02	-3.293831e+01
5.198259e+02	-3.298644e+01
5.228284e+02	-3.303158e+01
5.258482e+02	-3.309056e+01
5.288855e+02	-3.314028e+01
5.319403e+02	-3.318388e+01
5.350128e+02	-3.323908e+01
5.381030e+02	-3.328172e+01
5.412111e+02	-3.333396e+01
5.443371e+02	-3.338976e+01
5.474812e+02	-3.343950e+01
5.506434e+02	-3.348707e+01
5.538239e+02	-3.353829e+01
5.570228e+02	-3.359602e+01
5.602401e+02	-3.364267e+01
5.634760e+02	-3.369100e+01
5.667306e+02	-3.374542e+01
5.700040e+02	-3.378669e+01
5.732964e+02	-3.383981e+01
5.766077e+02	-3.389293e+01
5.799382e+02	-3.394291e+01
5.832879e+02	-3.399041e+01
5.866569e+02	-3.404182e+01
5.900454e+02	-3.409138e+01
5.934535e+02	-3.414748e+01
5.968813e+02	-3.419990e+01
6.003288e+02	-3.424755e+01
6.037963e+02	-3.429662e+01
6.072838e+02	-3.434710e+01
6.107914e+02	-3.440237e+01
6.143194e+02	-3.444519e+01
6.178676e+02	-3.449808e+01
6.214364e+02	-3.454919e+01
6.250258e+02	-3.459479e+01
6.286359e+02	-3.465108e+01
6.322669e+02	-3.470068e+01
6.359189e+02	-3.474736e+01
6.395919e+02	-3.480235e+01
6.432862e+02	-3.484962e+01
6.470017e+02	-3.489984e+01
6.507388e+02	-3.495682e+01
6.544974e+02	-3.499822e+01
6.582778e+02	-3.505397e+01
6.620800e+02	-3.510470e+01
6.659041e+02	-3.515100e+01
6.697504e+02	-3.519635e+01
6.736188e+02	-3.524777e+01
6.775096e+02	-3.530140e+01
6.814229e+02	-3.534109e+01
6.853587e+02	-3.540236e+01
6.893173e+02	-3.544444e+01
6.932988e+02	-3.549315e+01
6.973033e+02	-3.555458e+01
7.013309e+02	-3.560068e+01
7.053817e+02	-3.565645e+01
7.094560e+02	-3.570173e+01
7.135538e+02	-3.575898e+01
7.176752e+02	-3.583109e+01
7.218205e+02	-3.585089e+01
7.259897e+02	-3.591133e+01
7.301830e+02	-3.597522e+01
7.344005e+02	-3.600435e+01
7.386424e+02	-3.605846e+01
7.429087e+02	-3.610771e+01
7.471998e+02	-3.615429e+01
7.515155e+02	-3.620737e+01
7.558563e+02	-3.626120e+01
7.602221e+02	-3.630719e+01
7.646131e+02	-3.635813e+01
7.690295e+02	-3.641409e+01
7.734713e+02	-3.646499e+01
7.779389e+02	-3.651749e+01
7.824322e+02	-3.656847e+01
7.869515e+02	-3.662668e+01
7.914969e+02	-3.666483e+01
7.960686e+02	-3.671133e+01
8.006666e+02	-3.676967e+01
8.052912e+02	-3.681940e+01
8.099426e+02	-3.686427e+01
8.146208e+02	-3.691607e+01
8.193260e+02	-3.697360e+01
8.240584e+02	-3.702043e+01
8.288181e+02	-3.706299e+01
8.336053e+02	-3.711752e+01
8.384202e+02	-3.716942e+01
8.432629e+02	-3.722524e+01
8.481335e+02	-3.727545e+01
8.530323e+02	-3.732322e+01
8.579594e+02	-3.736763e+01
8.629149e+02	-3.742019e+01
8.678991e+02	-3.747167e+01
8.729120e+02	-3.752681e+01
8.779539e+02	-3.758000e+01
8.830250e+02	-3.762834e+01
8.881253e+02	-3.768289e+01
8.932551e+02	-3.773108e+01
8.984145e+02	-3.777697e+01
9.036037e+02	-3.782758e+01
9.088229e+02	-3.787817e+01
9.140722e+02	-3.793627e+01
9.193518e+02	-3.798116e+01
9.246620e+02	-3.802329e+01
9.300028e+02	-3.808254e+01
9.353744e+02	-3.813278e+01
9.407771e+02	-3.818588e+01
9.462110e+02	-3.823010e+01
9.516763e+02	-3.828342e+01
9.571731e+02	-3.833002e+01
9.627017e+02	-3.838384e+01
9.682622e+02	-3.844824e+01
9.738549e+02	-3.848245e+01
9.794798e+02	-3.854427e+01
9.851373e+02	-3.859575e+01
9.908274e+02	-3.864804e+01
9.965504e+02	-3.870034e+01
1.002306e+03	-3.874699e+01
1.008096e+03	-3.880426e+01
1.013918e+03	-3.885106e+01
1.019775e+03	-3.889656e+01
1.025665e+03	-3.894620e+01
1.031589e+03	-3.899916e+01
1.037548e+03	-3.904980e+01
1.043540e+03	-3.910515e+01
1.049568e+03	-3.915704e+01
1.055630e+03	-3.921162e+01
1.061727e+03	-3.926509e+01
1.067860e+03	-3.930581e+01
1.074028e+03	-3.935337e+01
1.080231e+03	-3.940100e+01
1.086471e+03	-3.947616e+01
1.092746e+03	-3.951014e+01
1.099058e+03	-3.957550e+01
1.105406e+03	-3.961046e+01
1.111791e+03	-3.966122e+01
1.118212e+03	-3.972406e+01
1.124671e+03	-3.978250e+01
1.131167e+03	-3.982792e+01
1.137701e+03	-3.986418e+01
1.144272e+03	-3.991877e+01
1.150881e+03	-3.996630e+01
1.157529e+03	-4.003269e+01
1.164215e+03	-4.007710e+01
1.170939e+03	-4.011615e+01
1.177702e+03	-4.017393e+01
1.184505e+03	-4.023643e+01
1.191346e+03	-4.028339e+01
1.198227e+03	-4.031724e+01
1.205148e+03	-4.039010e+01
1.212109e+03	-4.043810e+01
1.219110e+03	-4.047209e+01
1.226152e+03	-4.054586e+01
1.233234e+03	-4.059360e+01
1.240357e+03	-4.063376e+01
1.247521e+03	-4.070000e+01
1.254727e+03	-4.075055e+01
1.261974e+03	-4.079871e+01
1.269263e+03	-4.086212e+01
1.276595e+03	-4.088507e+01
1.283968e+03	-4.095573e+01
1.291384e+03	-4.100183e+01
1.298843e+03	-4.105946e+01
1.306345e+03	-4.111804e+01
1.313891e+03	-4.114674e+01
1.321480e+03	-4.120250e+01
1.329113e+03	-4.125103e+01
1.336790e+03	-4.132534e+01
1.344511e+03	-4.137932e+01
1.352277e+03	-4.139827e+01
1.360087e+03	-4.144563e+01
1.367943e+03	-4.150904e+01
1.375844e+03	-4.157935e+01
1.383791e+03	-4.162639e+01
1.391784e+03	-4.166733e+01
1.399823e+03	-4.173092e+01
1.407908e+03	-4.176950e+01
1.416040e+03	-4.182297e+01
1.424219e+03	-4.187833e+01
1.432445e+03	-4.192702e+01
1.440719e+03	-4.198205e+01
1.449041e+03	-4.203468e+01
1.457410e+03	-4.208422e+01
1.465828e+03	-4.215530e+01
1.474295e+03	-4.219277e+01
1.482810e+03	-4.223919e+01
1.491375e+03	-4.229915e+01
1.499989e+03	-4.235247e+01
1.508653e+03	-4.241033e+01
1.517367e+03	-4.247797e+01
1.526131e+03	-4.248561e+01
1.534946e+03	-4.255446e+01
1.543812e+03	-4.261589e+01
1.552729e+03	-4.265966e+01
1.561697e+03	-4.271880e+01
1.570717e+03	-4.277683e+01
1.579790e+03	-4.279485e+01
1.588915e+03	-4.287996e+01
1.598092e+03	-4.294816e+01
1.607323e+03	-4.297489e+01
1.616606e+03	-4.303975e+01
1.625944e+03	-4.310601e+01
1.635335e+03	-4.310717e+01
1.644781e+03	-4.319281e+01
1.654281e+03	-4.325394e+01
1.663836e+03	-4.329109e+01
1.673446e+03	-4.333903e+01
1.683112e+03	-4.339394e+01
1.692834e+03	-4.344735e+01
1.702611e+03	-4.350791e+01
1.712446e+03	-4.355679e+01
1.722337e+03	-4.358948e+01
1.732285e+03	-4.367837e+01
1.742290e+03	-4.372769e+01
1.752354e+03	-4.379272e+01
1.762475e+03	-4.381009e+01
1.772655e+03	-4.387865e+01
1.782894e+03	-4.392217e+01
1.793192e+03	-4.397931e+01
1.803549e+03	-4.401050e+01
1.813967e+03	-4.407961e+01
1.824444e+03	-4.413538e+01
1.834982e+03	-4.418871e+01
1.845581e+03	-4.422470e+01
1.856241e+03	-4.429736e+01
1.866962e+03	-4.431953e+01
1.877746e+03	-4.440001e+01
1.888592e+03	-4.444554e+01
1.899500e+03	-4.449294e+01
1.910472e+03	-4.456266e+01
1.921506e+03	-4.461837e+01
1.932605e+03	-4.465700e+01
1.943768e+03	-4.472140e+01
1.954995e+03	-4.477059e+01
1.966287e+03	-4.482746e+01
1.977644e+03	-4.490393e+01
1.989067e+03	-4.494629e+01
2.000555e+03	-4.499364e+01
2.012110e+03	-4.505508e+01
2.023732e+03	-4.510188e+01
2.035421e+03	-4.515492e+01
2.047178e+03	-4.522413e+01
2.059002e+03	-4.529320e+01
2.070895e+03	-4.531733e+01
2.082856e+03	-4.540969e+01
2.094887e+03	-4.544806e+01
2.106987e+03	-4.548308e+01
2.119157e+03	-4.551899e+01
2.131397e+03	-4.561908e+01
2.143708e+03	-4.563467e+01
2.156090e+03	-4.569291e+01
2.168543e+03	-4.573207e+01
2.181069e+03	-4.583773e+01
2.193666e+03	-4.587005e+01
2.206337e+03	-4.591189e+01
2.219081e+03	-4.596489e+01
2.231898e+03	-4.604005e+01
2.244789e+03	-4.608722e+01
2.257755e+03	-4.614986e+01
2.270796e+03	-4.617110e+01
2.283912e+03	-4.626272e+01
2.297104e+03	-4.629528e+01
2.310372e+03	-4.639453e+01
2.323716e+03	-4.640889e+01
2.337138e+03	-4.644209e+01
2.350637e+03	-4.652375e+01
2.364214e+03	-4.656682e+01
2.377870e+03	-4.663112e+01
2.391604e+03	-4.671832e+01
2.405418e+03	-4.674926e+01
2.419312e+03	-4.679856e+01
2.433286e+03	-4.689110e+01
2.447340e+03	-4.693056e+01
2.461476e+03	-4.697805e+01
2.475693e+03	-4.704405e+01
2.489993e+03	-4.708534e+01
2.504375e+03	-4.719081e+01
2.518840e+03	-4.720741e+01
2.533389e+03	-4.722275e+01
2.548022e+03	-4.730024e+01
2.562739e+03	-4.733520e+01
2.577541e+03	-4.744403e+01
2.592429e+03	-4.752486e+01
2.607403e+03	-4.751109e+01
2.622463e+03	-4.761438e+01
2.637610e+03	-4.765049e+01
2.652845e+03	-4.773067e+01
2.668168e+03	-4.777121e+01
2.683579e+03	-4.779418e+01
2.699079e+03	-4.787906e+01
2.714669e+03	-4.791709e+01
2.730349e+03	-4.800683e+01
2.746119e+03	-4.805886e+01
2.761981e+03	-4.813119e+01
2.777934e+03	-4.815687e+01
2.793979e+03	-4.822324e+01
2.810117e+03	-4.828599e+01
2.826348e+03	-4.831763e+01
2.842673e+03	-4.839188e+01
2.859092e+03	-4.841934e+01
2.875606e+03	-4.851403e+01
2.892215e+03	-4.857567e+01
2.908921e+03	-4.860815e+01
2.925722e+03	-4.870100e+01
2.942621e+03	-4.872716e+01
2.959618e+03	-4.879900e+01
2.976712e+03	-4.884843e+01
2.993906e+03	-4.889451e+01
3.011198e+03	-4.897382e+01
3.028591e+03	-4.899814e+01
3.046084e+03	-4.908221e+01
3.063678e+03	-4.914916e+01
3.081374e+03	-4.923352e+01
3.099172e+03	-4.927721e+01
3.117072e+03	-4.935479e+01
3.135076e+03	-4.942588e+01
3.153184e+03	-4.947302e+01
3.171397e+03	-4.949717e+01
3.189715e+03	-4.955801e+01
3.208139e+03	-4.967328e+01
3.226669e+03	-4.969143e+01
3.245306e+03	-4.977458e+01
3.264051e+03	-4.976683e+01
3.282904e+03	-4.986437e+01
3.301866e+03	-4.992850e+01
3.320937e+03	-4.995727e+01
3.340119e+03	-5.006436e+01
3.359411e+03	-5.013327e+01
3.378815e+03	-5.014196e+01
3.398331e+03	-5.028198e+01
3.417959e+03	-5.030874e+01
3.437701e+03	-5.038675e+01
3.457557e+03	-5.044699e+01
3.477528e+03	-5.052428e+01
3.497614e+03	-5.053979e+01
3.517816e+03	-5.059476e+01
3.538135e+03	-5.070046e+01
3.558571e+03	-5.073582e+01
3.579125e+03	-5.078262e+01
3.599798e+03	-5.091585e+01
3.620590e+03	-5.095883e+01
3.641503e+03	-5.099174e+01
3.662536e+03	-5.107415e+01
3.683691e+03	-5.108387e+01
3.704967e+03	-5.121121e+01
3.726367e+03	-5.126114e+01
3.747890e+03	-5.136300e+01
3.769538e+03	-5.133423e+01
3.791311e+03	-5.145241e+01
3.813209e+03	-5.152663e+01
3.835234e+03	-5.159935e+01
3.857386e+03	-5.162848e+01
3.879667e+03	-5.176070e+01
3.902075e+03	-5.184747e+01
3.924614e+03	-5.185227e+01
3.947282e+03	-5.190232e+01
3.970081e+03	-5.191357e+01
3.993012e+03	-5.201337e+01
4.016076e+03	-5.212915e+01
4.039272e+03	-5.220143e+01
4.062603e+03	-5.231592e+01
4.086069e+03	-5.233830e+01
4.109670e+03	-5.237392e+01
4.133407e+03	-5.240381e+01
4.157281e+03	-5.251925e+01
4.181294e+03	-5.255251e+01
4.205445e+03	-5.269245e+01
4.229735e+03	-5.275551e+01
4.254166e+03	-5.281403e+01
4.278738e+03	-5.286788e+01
4.303451e+03	-5.290991e+01
4.328308e+03	-5.298725e+01
4.353308e+03	-5.314064e+01
4.378453e+03	-5.318360e+01
4.403742e+03	-5.318717e+01
4.429178e+03	-5.333402e+01
4.454761e+03	-5.336581e+01
4.480492e+03	-5.338088e+01
4.506371e+03	-5.351441e+01
4.532399e+03	-5.356907e+01
4.558578e+03	-5.359417e+01
4.584908e+03	-5.367758e+01
4.611391e+03	-5.381775e+01
4.638026e+03	-5.385664e+01
4.664815e+03	-5.397764e+01
4.691759e+03	-5.401328e+01
4.718858e+03	-5.410731e+01
4.746114e+03	-5.421363e+01
4.773527e+03	-5.423543e+01
4.801099e+03	-5.436613e+01
4.828830e+03	-5.441900e+01
4.856721e+03	-5.451716e+01
4.884773e+03	-5.458247e+01
4.912988e+03	-5.459482e+01
4.941365e+03	-5.469793e+01
4.969906e+03	-5.479715e+01
4.998612e+03	-5.479977e+01
5.027484e+03	-5.497783e+01
5.056522e+03	-5.500537e+01
5.085729e+03	-5.518249e+01
5.115104e+03	-5.515861e+01
5.144648e+03	-5.518378e+01
5.174363e+03	-5.536349e+01
5.204250e+03	-5.540061e+01
5.234310e+03	-5.550942e+01
5.264543e+03	-5.564715e+01
5.294951e+03	-5.578627e+01
5.325534e+03	-5.577844e+01
5.356294e+03	-5.589494e+01
5.387232e+03	-5.595968e+01
5.418348e+03	-5.595880e+01
5.449645e+03	-5.609631e+01
5.481122e+03	-5.625118e+01
5.512780e+03	-5.627748e+01
5.544622e+03	-5.642271e+01
5.576647e+03	-5.649984e+01
5.608858e+03	-5.643504e+01
5.641254e+03	-5.664281e+01
5.673838e+03	-5.669660e+01
5.706610e+03	-5.682499e+01
5.739571e+03	-5.684774e+01
5.772723e+03	-5.698332e+01
5.806066e+03	-5.716317e+01
5.839601e+03	-5.716437e+01
5.873331e+03	-5.726522e+01
5.907255e+03	-5.730380e+01
5.941375e+03	-5.734532e+01
5.975692e+03	-5.750631e+01
6.010207e+03	-5.764800e+01
6.044922e+03	-5.764647e+01
6.079837e+03	-5.776460e+01
6.114954e+03	-5.798981e+01
6.150274e+03	-5.802274e+01
6.185797e+03	-5.812223e+01
6.221526e+03	-5.817499e+01
6.257462e+03	-5.837830e+01
6.293605e+03	-5.843034e+01
6.329956e+03	-5.837940e+01
6.366518e+03	-5.867143e+01
6.403290e+03	-5.858289e+01
6.440276e+03	-5.898113e+01
6.477474e+03	-5.904266e+01
6.514888e+03	-5.905366e+01
6.552518e+03	-5.908034e+01
6.590365e+03	-5.940367e+01
6.628430e+03	-5.938243e+01
6.666716e+03	-5.961227e+01
6.705223e+03	-5.952411e+01
6.743952e+03	-5.982662e+01
6.782905e+03	-5.978590e+01
6.822082e+03	-5.995253e+01
6.861486e+03	-6.019519e+01
6.901118e+03	-6.015513e+01
6.940979e+03	-6.033004e+01
6.981069e+03	-6.047696e+01
7.021392e+03	-6.067987e+01
7.061947e+03	-6.055700e+01
7.102737e+03	-6.072806e+01
7.143762e+03	-6.098684e+01
7.185024e+03	-6.087560e+01
7.226524e+03	-6.093895e+01
7.268264e+03	-6.116432e+01
7.310246e+03	-6.110484e+01
7.352469e+03	-6.138429e+01
7.394937e+03	-6.159177e+01
7.437650e+03	-6.183869e+01
7.480609e+03	-6.176968e+01
7.523817e+03	-6.187407e+01
7.567274e+03	-6.175361e+01
7.610982e+03	-6.216699e+01
7.654943e+03	-6.224351e+01
7.699158e+03	-6.225577e+01
7.743628e+03	-6.233858e+01
7.788355e+03	-6.248741e+01
7.833340e+03	-6.272931e+01
7.878585e+03	-6.287680e+01
7.924091e+03	-6.259436e+01
7.969861e+03	-6.263708e+01
8.015894e+03	-6.307768e+01
8.062194e+03	-6.280096e+01
8.108761e+03	-6.280012e+01
8.155596e+03	-6.309360e+01
8.202703e+03	-6.288160e+01
8.250081e+03	-6.269161e+01
8.297733e+03	-6.269131e+01
8.345661e+03	-6.240503e+01
8.393865e+03	-6.230396e+01
8.442348e+03	-6.205265e+01
8.491110e+03	-6.188141e+01
8.540155e+03	-6.135933e+01
8.589482e+03	-6.101478e+01
8.639095e+03	-6.054547e+01
8.688994e+03	-6.021037e+01
8.739181e+03	-6.071591e+01
8.789658e+03	-6.172661e+01
8.840427e+03	-6.405109e+01
8.891489e+03	-6.603898e+01
8.942846e+03	-6.911695e+01
8.994499e+03	-7.240980e+01
9.046451e+03	-7.535005e+01
9.098703e+03	-7.913298e+01
9.151257e+03	-8.559491e+01
9.204114e+03	-8.883590e+01
9.257277e+03	-9.417553e+01
9.310746e+03	-9.597342e+01
9.364525e+03	-9.405013e+01
9.418614e+03	-1.009881e+02
9.473015e+03	-9.312528e+01
9.527731e+03	-9.187999e+01
9.582763e+03	-9.861769e+01
9.638113e+03	-9.499304e+01
9.693782e+03	-9.059549e+01
9.749773e+03	-9.319256e+01
9.806087e+03	-8.695231e+01
9.862727e+03	-8.528515e+01
9.919693e+03	-8.579394e+01
9.976989e+03	-8.409653e+01
1.003462e+04	-8.469880e+01
1.009258e+04	-8.343966e+01
1.015087e+04	-8.201168e+01
1.020950e+04	-8.094087e+01
1.026847e+04	-8.004236e+01
1.032778e+04	-7.987396e+01
1.038743e+04	-7.831912e+01
1.044743e+04	-7.820022e+01
1.050777e+04	-7.713588e+01
1.056847e+04	-7.692647e+01
1.062951e+04	-7.490820e+01
1.069091e+04	-7.523764e+01
1.075266e+04	-7.452791e+01
1.081476e+04	-7.470153e+01
1.087723e+04	-7.386740e+01
1.094006e+04	-7.297245e+01
1.100324e+04	-7.301051e+01
1.106680e+04	-7.194037e+01
1.113072e+04	-7.186483e+01
1.119501e+04	-7.201483e+01
1.125967e+04	-7.092580e+01
1.132471e+04	-7.041769e+01
1.139012e+04	-7.065924e+01
1.145591e+04	-6.980340e+01
1.152208e+04	-7.000198e+01
1.158863e+04	-6.931447e+01
1.165556e+04	-6.942481e+01
1.172289e+04	-6.863093e+01
1.179060e+04	-6.845071e+01
1.185870e+04	-6.815976e+01
1.192719e+04	-6.786161e+01
1.199608e+04	-6.772639e+01
1.206537e+04	-6.748634e+01
1.213506e+04	-6.716964e+01
1.220515e+04	-6.701246e+01
1.227565e+04	-6.658520e+01
1.234655e+04	-6.636686e+01
1.241787e+04	-6.641513e+01
1.248959e+04	-6.601171e+01
1.256173e+04	-6.541283e+01
1.263429e+04	-6.525658e+01
1.270726e+04	-6.534774e+01
1.278066e+04	-6.514008e+01
1.285448e+04	-6.485698e+01
1.292873e+04	-6.465507e+01
1.300340e+04	-6.451054e+01
1.307851e+04	-6.412797e+01
1.315405e+04	-6.437087e+01
1.323003e+04	-6.411141e+01
1.330644e+04	-6.387291e+01
1.338330e+04	-6.359931e+01
1.346060e+04	-6.333820e+01
1.353835e+04	-6.313210e+01
1.361655e+04	-6.303166e+01
1.369520e+04	-6.309221e+01
1.377430e+04	-6.280003e+01
1.385386e+04	-6.277496e+01
1.393388e+04	-6.256815e+01
1.401436e+04	-6.247040e+01
1.409531e+04	-6.205115e+01
1.417672e+04	-6.198200e+01
1.425861e+04	-6.211913e+01
1.434096e+04	-6.183319e+01
1.442379e+04	-6.149615e+01
1.450711e+04	-6.129916e+01
1.459090e+04	-6.142396e+01
1.467518e+04	-6.108522e+01
1.475994e+04	-6.110088e+01
1.484519e+04	-6.085006e+01
1.493094e+04	-6.092313e+01
1.501718e+04	-6.050593e+01
1.510392e+04	-6.068285e+01
1.519116e+04	-6.021878e+01
1.527890e+04	-6.037415e+01
1.536715e+04	-6.022627e+01
1.545591e+04	-6.010913e+01
1.554518e+04	-5.976825e+01
1.563497e+04	-5.958963e+01
1.572528e+04	-5.961566e+01
1.581611e+04	-5.949628e+01
1.590746e+04	-5.954526e+01
1.599934e+04	-5.934735e+01
1.609175e+04	-5.912315e+01
1.618470e+04	-5.899618e+01
1.627818e+04	-5.902707e+01
1.637220e+04	-5.886574e+01
1.646677e+04	-5.873639e+01
1.656188e+04	-5.857201e+01
1.665754e+04	-5.858675e+01
1.675375e+04	-5.837771e+01
1.685052e+04	-5.830146e+01
1.694785e+04	-5.822464e+01
1.704574e+04	-5.820207e+01
1.714419e+04	-5.792801e+01
1.724322e+04	-5.804513e+01
1.734281e+04	-5.781475e+01
1.744299e+04	-5.773042e+01
1.754374e+04	-5.759277e+01
1.764507e+04	-5.756652e+01
1.774698e+04	-5.744633e+01
1.784949e+04	-5.735612e+01
1.795259e+04	-5.733201e+01
1.805628e+04	-5.720893e+01
1.816057e+04	-5.692267e+01
1.826547e+04	-5.689571e+01
1.837097e+04	-5.680226e+01
1.847708e+04	-5.679598e+01
1.858380e+04	-5.668990e+01
1.869114e+04	-5.657192e+01
1.879910e+04	-5.647335e+01
1.890768e+04	-5.648296e+01
1.901689e+04	-5.636506e+01
1.912673e+04	-5.624594e+01
1.923721e+04	-5.607056e+01
1.934832e+04	-5.602771e+01
1.946008e+04	-5.593761e+01
1.957248e+04	-5.588352e+01
1.968553e+04	-5.571600e+01
1.979923e+04	-5.580477e+01
1.991359e+04	-5.566123e+01
2.002861e+04	-5.558322e+01
2.014430e+04	-5.542830e+01
2.026065e+04	-5.546310e+01
2.037767e+04	-5.529105e+01
2.049537e+04	-5.521670e+01
2.061375e+04	-5.519642e+01
2.073282e+04	-5.498905e+01
2.085257e+04	-5.489557e+01
2.097301e+04	-5.488289e+01
2.109415e+04	-5.482286e+01
2.121599e+04	-5.465697e+01
2.133853e+04	-5.466238e+01
2.146178e+04	-5.453265e+01
2.158575e+04	-5.454272e+01
2.171043e+04	-5.444407e+01
2.183582e+04	-5.422841e+01
2.196195e+04	-5.418731e+01
2.208880e+04	-5.418240e+01
2.221638e+04	-5.409618e+01
2.234470e+04	-5.408818e+01
2.247377e+04	-5.393775e+01
2.260357e+04	-5.389029e+01
2.273413e+04	-5.384901e+01
2.286544e+04	-5.372015e+01
2.299751e+04	-5.366108e+01
2.313034e+04	-5.361676e+01
2.326394e+04	-5.354859e+01
2.339832e+04	-5.343171e+01
2.353346e+04	-5.335727e+01
2.366939e+04	-5.334229e+01
2.380610e+04	-5.316791e+01
2.394361e+04	-5.312812e+01
2.408191e+04	-5.308791e+01
2.422100e+04	-5.303068e+01
2.436090e+04	-5.287773e+01
2.450161e+04	-5.285966e+01
2.464313e+04	-5.276885e+01
2.478547e+04	-5.271951e+01
2.492863e+04	-5.266250e+01
2.507261e+04	-5.260628e+01
2.521743e+04	-5.248934e+01
2.536309e+04	-5.243507e+01
2.550958e+04	-5.235191e+01
2.565692e+04	-5.230359e+01
2.580512e+04	-5.222942e+01
2.595417e+04	-5.219344e+01
2.610408e+04	-5.215894e+01
2.625485e+04	-5.202853e+01
2.640650e+04	-5.199713e+01
2.655902e+04	-5.185502e+01
2.671243e+04	-5.179339e+01
2.686672e+04	-5.177571e+01
2.702190e+04	-5.170174e+01
2.717798e+04	-5.165862e+01
2.733495e+04	-5.157637e+01
2.749284e+04	-5.156108e+01
2.765164e+04	-5.144962e+01
2.781135e+04	-5.138372e+01
2.797199e+04	-5.129561e+01
2.813355e+04	-5.120354e+01
2.829605e+04	-5.110890e+01
2.845949e+04	-5.115605e+01
2.862387e+04	-5.104129e+01
2.878920e+04	-5.097009e+01
2.895549e+04	-5.090578e+01
2.912273e+04	-5.093681e+01
2.929094e+04	-5.081091e+01
2.946013e+04	-5.069063e+01
2.963029e+04	-5.066992e+01
2.980143e+04	-5.062098e+01
2.997356e+04	-5.055546e+01
3.014669e+04	-5.048988e+01
3.032081e+04	-5.043990e+01
3.049595e+04	-5.033671e+01
3.067209e+04	-5.031923e+01
3.084925e+04	-5.021102e+01
3.102743e+04	-5.015996e+01
3.120665e+04	-5.009244e+01
3.138690e+04	-5.004856e+01
3.156819e+04	-5.000143e+01
3.175052e+04	-4.990600e+01
3.193391e+04	-4.986679e+01
3.211836e+04	-4.981195e+01
3.230388e+04	-4.973845e+01
3.249046e+04	-4.971424e+01
3.267812e+04	-4.960282e+01
3.286687e+04	-4.955011e+01
3.305671e+04	-4.954676e+01
3.324764e+04	-4.944287e+01
3.343968e+04	-4.936367e+01
3.363283e+04	-4.931178e+01
3.382709e+04	-4.921999e+01
3.402247e+04	-4.921419e+01
3.421899e+04	-4.911837e+01
3.441663e+04	-4.910069e+01
3.461542e+04	-4.903059e+01
3.481536e+04	-4.897011e+01
3.501645e+04	-4.889947e+01
3.521871e+04	-4.886307e+01
3.542213e+04	-4.879690e+01
3.562672e+04	-4.871852e+01
3.583250e+04	-4.866373e+01
3.603947e+04	-4.860830e+01
3.624763e+04	-4.857121e+01
3.645700e+04	-4.846720e+01
3.666757e+04	-4.843436e+01
3.687936e+04	-4.839195e+01
3.709238e+04	-4.832038e+01
3.730662e+04	-4.830248e+01
3.752210e+04	-4.820306e+01
3.773883e+04	-4.815312e+01
3.795680e+04	-4.811679e+01
3.817604e+04	-4.802613e+01
3.839654e+04	-4.796385e+01
3.861832e+04	-4.792675e+01
3.884138e+04	-4.786133e+01
3.906573e+04	-4.781336e+01
3.929137e+04	-4.772398e+01
3.951831e+04	-4.766160e+01
3.974657e+04	-4.766967e+01
3.997614e+04	-4.754898e+01
4.020704e+04	-4.751627e+01
4.043928e+04	-4.745715e+01
4.067285e+04	-4.738427e+01
4.090778e+04	-4.734870e+01
4.114406e+04	-4.727068e+01
4.138171e+04	-4.728026e+01
4.162073e+04	-4.719617e+01
4.186113e+04	-4.710985e+01
4.210291e+04	-4.701885e+01
4.234610e+04	-4.705082e+01
4.259069e+04	-4.694943e+01
4.283669e+04	-4.692555e+01
4.308411e+04	-4.682596e+01
4.333297e+04	-4.681360e+01
4.358325e+04	-4.672098e+01
4.383499e+04	-4.670829e+01
4.408818e+04	-4.662008e+01
4.434283e+04	-4.658392e+01
4.459895e+04	-4.650959e+01
4.485655e+04	-4.643437e+01
4.511564e+04	-4.636629e+01
4.537623e+04	-4.632040e+01
4.563832e+04	-4.628781e+01
4.590193e+04	-4.623983e+01
4.616705e+04	-4.616231e+01
4.643371e+04	-4.608652e+01
4.670191e+04	-4.608964e+01
4.697166e+04	-4.600366e+01
4.724297e+04	-4.595433e+01
4.751584e+04	-4.592126e+01
4.779029e+04	-4.582777e+01
4.806633e+04	-4.580925e+01
4.834395e+04	-4.570867e+01
4.862319e+04	-4.566582e+01
4.890403e+04	-4.563913e+01
4.918650e+04	-4.559102e+01
4.947060e+04	-4.552625e+01
4.975634e+04	-4.546281e+01
5.004373e+04	-4.543639e+01
5.033278e+04	-4.538890e+01
5.062350e+04	-4.526587e+01
5.091590e+04	-4.522800e+01
5.120999e+04	-4.515049e+01
5.150578e+04	-4.513609e+01
5.180327e+04	-4.510152e+01
5.210248e+04	-4.502150e+01
5.240343e+04	-4.496061e+01
5.270611e+04	-4.491894e+01
5.301053e+04	-4.487474e+01
5.331672e+04	-4.481573e+01
5.362468e+04	-4.479096e+01
5.393441e+04	-4.470276e+01
5.424593e+04	-4.464277e+01
5.455926e+04	-4.460484e+01
5.487439e+04	-4.454640e+01
5.519134e+04	-4.448547e+01
5.551012e+04	-4.444424e+01
5.583075e+04	-4.438911e+01
5.615322e+04	-4.433539e+01
5.647756e+04	-4.427578e+01
5.680377e+04	-4.422380e+01
5.713187e+04	-4.415047e+01
5.746186e+04	-4.414279e+01
5.779376e+04	-4.408440e+01
5.812757e+04	-4.399941e+01
5.846332e+04	-4.396464e+01
5.880100e+04	-4.390648e+01
5.914063e+04	-4.384736e+01
5.948222e+04	-4.380965e+01
5.982579e+04	-4.373174e+01
6.017134e+04	-4.369504e+01
6.051889e+04	-4.362549e+01
6.086844e+04	-4.360102e+01
6.122002e+04	-4.352228e+01
6.157362e+04	-4.350172e+01
6.192927e+04	-4.343172e+01
6.228697e+04	-4.337418e+01
6.264674e+04	-4.331967e+01
6.300858e+04	-4.328718e+01
6.337252e+04	-4.320932e+01
6.373855e+04	-4.320068e+01
6.410670e+04	-4.310747e+01
6.447698e+04	-4.304255e+01
6.484940e+04	-4.301039e+01
6.522397e+04	-4.294291e+01
6.560070e+04	-4.288677e+01
6.597960e+04	-4.286097e+01
6.636070e+04	-4.281842e+01
6.674400e+04	-4.277192e+01
6.712951e+04	-4.269199e+01
6.751724e+04	-4.263639e+01
6.790722e+04	-4.260429e+01
6.829945e+04	-4.252260e+01
6.869395e+04	-4.248001e+01
6.909072e+04	-4.243825e+01
6.948978e+04	-4.239856e+01
6.989115e+04	-4.233416e+01
7.029484e+04	-4.228045e+01
7.070086e+04	-4.222168e+01
7.110923e+04	-4.218024e+01
7.151995e+04	-4.212476e+01
7.193305e+04	-4.209280e+01
7.234853e+04	-4.202261e+01
7.276641e+04	-4.195305e+01
7.318671e+04	-4.191960e+01
7.360943e+04	-4.186116e+01
7.403460e+04	-4.181633e+01
7.446222e+04	-4.176921e+01
7.489231e+04	-4.171707e+01
7.532488e+04	-4.166212e+01
7.575996e+04	-4.161640e+01
7.619754e+04	-4.153954e+01
7.663766e+04	-4.150168e+01
7.708031e+04	-4.146601e+01
7.752553e+04	-4.140070e+01
7.797331e+04	-4.135323e+01
7.842368e+04	-4.128923e+01
7.887665e+04	-4.124709e+01
7.933224e+04	-4.120065e+01
7.979046e+04	-4.113337e+01
8.025133e+04	-4.109606e+01
8.071486e+04	-4.103856e+01
8.118106e+04	-4.099152e+01
8.164996e+04	-4.094226e+01
8.212157e+04	-4.087966e+01
8.259590e+04	-4.083268e+01
8.307297e+04	-4.077952e+01
8.355279e+04	-4.072468e+01
8.403539e+04	-4.063954e+01
8.452078e+04	-4.062336e+01
8.500897e+04	-4.056955e+01
8.549997e+04	-4.050650e+01
8.599382e+04	-4.047360e+01
8.649052e+04	-4.041278e+01
8.699008e+04	-4.036826e+01
8.749253e+04	-4.031512e+01
8.799789e+04	-4.024893e+01
8.850616e+04	-4.020247e+01
8.901737e+04	-4.016932e+01
8.953153e+04	-4.012830e+01
9.004866e+04	-4.006116e+01
9.056877e+04	-4.000303e+01
9.109190e+04	-3.996095e+01
9.161804e+04	-3.989249e+01
9.214722e+04	-3.985319e+01
9.267946e+04	-3.979485e+01
9.321477e+04	-3.975316e+01
9.375318e+04	-3.970519e+01
9.429469e+04	-3.966303e+01
9.483933e+04	-3.960316e+01
9.538712e+04	-3.953213e+01
9.593807e+04	-3.950430e+01
9.649221e+04	-3.944074e+01
9.704954e+04	-3.939039e+01
9.761010e+04	-3.935642e+01
9.817389e+04	-3.928855e+01
9.874094e+04	-3.923521e+01
9.931126e+04	-3.919249e+01
9.988488e+04	-3.913897e+01
1.004618e+05	-3.909469e+01
1.010421e+05	-3.903774e+01
1.016257e+05	-3.897753e+01
1.022127e+05	-3.893760e+01
1.028031e+05	-3.886682e+01
1.033968e+05	-3.884733e+01
1.039941e+05	-3.879796e+01
1.045947e+05	-3.872956e+01
1.051989e+05	-3.869894e+01
1.058065e+05	-3.862944e+01
1.064176e+05	-3.857913e+01
1.070323e+05	-3.852867e+01
1.076505e+05	-3.848159e+01
1.082723e+05	-3.842418e+01
1.088977e+05	-3.837245e+01
1.095266e+05	-3.832759e+01
1.101593e+05	-3.827725e+01
1.107955e+05	-3.823496e+01
1.114355e+05	-3.818272e+01
1.120791e+05	-3.811699e+01
1.127265e+05	-3.807349e+01
1.133776e+05	-3.801627e+01
1.140325e+05	-3.796443e+01
1.146911e+05	-3.792251e+01
1.153536e+05	-3.786686e+01
1.160198e+05	-3.781842e+01
1.166900e+05	-3.777451e+01
1.173640e+05	-3.770831e+01
1.180419e+05	-3.766922e+01
1.187237e+05	-3.761546e+01
1.194094e+05	-3.756138e+01
1.200991e+05	-3.751014e+01
1.207928e+05	-3.746312e+01
1.214905e+05	-3.740421e+01
1.221922e+05	-3.736690e+01
1.228980e+05	-3.730523e+01
1.236078e+05	-3.726406e+01
1.243218e+05	-3.721640e+01
1.250399e+05	-3.716195e+01
1.257621e+05	-3.710592e+01
1.264885e+05	-3.705624e+01
1.272191e+05	-3.700497e+01
1.279539e+05	-3.697052e+01
1.286930e+05	-3.690745e+01
1.294363e+05	-3.685986e+01
1.301839e+05	-3.680653e+01
1.309358e+05	-3.676464e+01
1.316921e+05	-3.669119e+01
1.324528e+05	-3.664630e+01
1.332178e+05	-3.661230e+01
1.339873e+05	-3.655972e+01
1.347612e+05	-3.650632e+01
1.355395e+05	-3.644999e+01
1.363224e+05	-3.639324e+01
1.371098e+05	-3.635429e+01
1.379018e+05	-3.630137e+01
1.386983e+05	-3.624629e+01
1.394994e+05	-3.620982e+01
1.403051e+05	-3.615061e+01
1.411155e+05	-3.610742e+01
1.419306e+05	-3.604498e+01
1.427504e+05	-3.599776e+01
1.435749e+05	-3.594887e+01
1.444042e+05	-3.589783e+01
1.452383e+05	-3.585765e+01
1.460772e+05	-3.579321e+01
1.469209e+05	-3.574150e+01
1.477695e+05	-3.568470e+01
1.486230e+05	-3.564308e+01
1.494814e+05	-3.559409e+01
1.503448e+05	-3.554008e+01
1.512132e+05	-3.549053e+01
1.520866e+05	-3.543999e+01
1.529651e+05	-3.539680e+01
1.538486e+05	-3.533578e+01
1.547372e+05	-3.529406e+01
1.556310e+05	-3.525063e+01
1.565299e+05	-3.518637e+01
1.574340e+05	-3.513098e+01
1.583433e+05	-3.508628e+01
1.592579e+05	-3.503400e+01
1.601778e+05	-3.499487e+01
1.611030e+05	-3.494278e+01
1.620335e+05	-3.488920e+01
1.629694e+05	-3.483426e+01
1.639107e+05	-3.478958e+01
1.648574e+05	-3.473915e+01
1.658097e+05	-3.469107e+01
1.667674e+05	-3.463150e+01
1.677306e+05	-3.458210e+01
1.686994e+05	-3.452786e+01
1.696738e+05	-3.448126e+01
1.706538e+05	-3.443836e+01
1.716395e+05	-3.438170e+01
1.726309e+05	-3.433859e+01
1.736280e+05	-3.429055e+01
1.746309e+05	-3.423524e+01
1.756395e+05	-3.418869e+01
1.766540e+05	-3.412808e+01
1.776744e+05	-3.409089e+01
1.787006e+05	-3.402972e+01
1.797328e+05	-3.397776e+01
1.807709e+05	-3.393616e+01
1.818150e+05	-3.388785e+01
1.828652e+05	-3.383817e+01
1.839214e+05	-3.377958e+01
1.849837e+05	-3.373927e+01
1.860522e+05	-3.368072e+01
1.871268e+05	-3.364194e+01
1.882077e+05	-3.358099e+01
1.892948e+05	-3.353232e+01
1.903881e+05	-3.348800e+01
1.914878e+05	-3.343451e+01
1.925938e+05	-3.337467e+01
1.937062e+05	-3.332792e+01
1.948251e+05	-3.328463e+01
1.959504e+05	-3.322912e+01
1.970822e+05	-3.317722e+01
1.982205e+05	-3.314017e+01
1.993654e+05	-3.307412e+01
2.005169e+05	-3.302735e+01
2.016751e+05	-3.298019e+01
2.028400e+05	-3.293220e+01
2.040116e+05	-3.287418e+01
2.051899e+05	-3.283062e+01
2.063751e+05	-3.277668e+01
2.075671e+05	-3.273138e+01
2.087660e+05	-3.267988e+01
2.099719e+05	-3.262539e+01
2.111846e+05	-3.258001e+01
2.124044e+05	-3.252551e+01
2.136313e+05	-3.247669e+01
2.148652e+05	-3.242787e+01
2.161063e+05	-3.237999e+01
2.173545e+05	-3.233689e+01
2.186099e+05	-3.227843e+01
2.198726e+05	-3.222561e+01
2.211426e+05	-3.217953e+01
2.224199e+05	-3.212945e+01
2.237046e+05	-3.208449e+01
2.249967e+05	-3.203135e+01
2.262962e+05	-3.197820e+01
2.276033e+05	-3.192908e+01
2.289179e+05	-3.188092e+01
2.302402e+05	-3.182835e+01
2.315700e+05	-3.177582e+01
2.329076e+05	-3.173440e+01
2.342528e+05	-3.167338e+01
2.356059e+05	-3.162879e+01
2.369667e+05	-3.158002e+01
2.383354e+05	-3.152858e+01
2.397120e+05	-3.147973e+01
2.410966e+05	-3.143260e+01
2.424892e+05	-3.137822e+01
2.438898e+05	-3.132777e+01
2.452985e+05	-3.127935e+01
2.467153e+05	-3.122735e+01
2.481403e+05	-3.117594e+01
2.495736e+05	-3.112597e+01
2.510151e+05	-3.107837e+01
2.524650e+05	-3.102435e+01
2.539232e+05	-3.097926e+01
2.553898e+05	-3.093033e+01
2.568650e+05	-3.088423e+01
2.583486e+05	-3.083196e+01
2.598408e+05	-3.077749e+01
2.613416e+05	-3.072902e+01
2.628511e+05	-3.067386e+01
2.643694e+05	-3.062342e+01
2.658963e+05	-3.057739e+01
2.674321e+05	-3.052889e+01
2.689768e+05	-3.047670e+01
2.705304e+05	-3.042513e+01
2.720930e+05	-3.037791e+01
2.736646e+05	-3.033152e+01
2.752453e+05	-3.027890e+01
2.768351e+05	-3.022281e+01
2.784341e+05	-3.018102e+01
2.800423e+05	-3.012912e+01
2.816598e+05	-3.008015e+01
2.832867e+05	-3.002886e+01
2.849229e+05	-2.998203e+01
2.865686e+05	-2.993124e+01
2.882238e+05	-2.988099e+01
2.898886e+05	-2.982754e+01
2.915630e+05	-2.978109e+01
2.932470e+05	-2.972904e+01
2.949408e+05	-2.968344e+01
2.966444e+05	-2.962883e+01
2.983578e+05	-2.957868e+01
3.000811e+05	-2.953027e+01
3.018143e+05	-2.947786e+01
3.035576e+05	-2.943555e+01
3.053109e+05	-2.938146e+01
3.070744e+05	-2.933283e+01
3.088481e+05	-2.928196e+01
3.106320e+05	-2.923550e+01
3.124261e+05	-2.918134e+01
3.142307e+05	-2.913472e+01
3.160457e+05	-2.908533e+01
3.178712e+05	-2.903444e+01
3.197072e+05	-2.898444e+01
3.215538e+05	-2.893109e+01
3.234111e+05	-2.888419e+01
3.252791e+05	-2.883748e+01
3.271579e+05	-2.878433e+01
3.290475e+05	-2.873062e+01
3.309481e+05	-2.868865e+01
3.328596e+05	-2.863159e+01
3.347822e+05	-2.857882e+01
3.367159e+05	-2.853869e+01
3.386608e+05	-2.848726e+01
3.406169e+05	-2.843180e+01
3.425842e+05	-2.838573e+01
3.445630e+05	-2.833804e+01
3.465532e+05	-2.828497e+01
3.485549e+05	-2.823778e+01
3.505681e+05	-2.818462e+01
3.525930e+05	-2.813254e+01
3.546295e+05	-2.808750e+01
3.566778e+05	-2.803591e+01
3.587380e+05	-2.798587e+01
3.608101e+05	-2.793497e+01
3.628941e+05	-2.788950e+01
3.649901e+05	-2.783798e+01
3.670983e+05	-2.779114e+01
3.692187e+05	-2.773828e+01
3.713513e+05	-2.768882e+01
3.734962e+05	-2.763643e+01
3.756535e+05	-2.758854e+01
3.778232e+05	-2.753694e+01
3.800055e+05	-2.749044e+01
3.822004e+05	-2.744385e+01
3.844080e+05	-2.738980e+01
3.866283e+05	-2.734451e+01
3.888615e+05	-2.729469e+01
3.911075e+05	-2.724109e+01
3.933665e+05	-2.719382e+01
3.956386e+05	-2.714363e+01
3.979238e+05	-2.709319e+01
4.002222e+05	-2.704419e+01
4.025338e+05	-2.699480e+01
4.048589e+05	-2.693905e+01
4.071973e+05	-2.689431e+01
4.095493e+05	-2.684528e+01
4.119148e+05	-2.679344e+01
4.142940e+05	-2.674371e+01
4.166870e+05	-2.669239e+01
4.190937e+05	-2.664774e+01
4.215144e+05	-2.659778e+01
4.239490e+05	-2.654434e+01
4.263978e+05	-2.650128e+01
4.288606e+05	-2.644449e+01
4.313377e+05	-2.639814e+01
4.338291e+05	-2.634920e+01
4.363349e+05	-2.629456e+01
4.388551e+05	-2.625015e+01
4.413899e+05	-2.620216e+01
4.439394e+05	-2.614941e+01
4.465035e+05	-2.610024e+01
4.490825e+05	-2.605065e+01
4.516764e+05	-2.599964e+01
4.542853e+05	-2.595489e+01
4.569092e+05	-2.590248e+01
4.595483e+05	-2.585395e+01
4.622026e+05	-2.579527e+01
4.648723e+05	-2.575069e+01
4.675574e+05	-2.570260e+01
4.702580e+05	-2.565575e+01
4.729742e+05	-2.560376e+01
4.757060e+05	-2.555458e+01
4.784537e+05	-2.550651e+01
4.812172e+05	-2.545628e+01
4.839967e+05	-2.540719e+01
4.867923e+05	-2.535732e+01
4.896040e+05	-2.530701e+01
4.924319e+05	-2.525952e+01
4.952762e+05	-2.521027e+01
4.981369e+05	-2.516252e+01
5.010141e+05	-2.510985e+01
5.039079e+05	-2.505921e+01
5.068185e+05	-2.501171e+01
5.097458e+05	-2.496394e+01
5.126901e+05	-2.491034e+01
5.156514e+05	-2.486305e+01
5.186298e+05	-2.481533e+01
5.216253e+05	-2.476400e+01
5.246382e+05	-2.471565e+01
5.276685e+05	-2.466495e+01
5.307163e+05	-2.461788e+01
5.337817e+05	-2.456612e+01
5.368648e+05	-2.451677e+01
5.399657e+05	-2.446739e+01
5.430845e+05	-2.441895e+01
5.462214e+05	-2.437002e+01
5.493763e+05	-2.431987e+01
5.525495e+05	-2.427240e+01
5.557410e+05	-2.422290e+01
5.589509e+05	-2.417189e+01
5.621794e+05	-2.412443e+01
5.654265e+05	-2.407562e+01
5.686924e+05	-2.402354e+01
5.719772e+05	-2.397108e+01
5.752809e+05	-2.392566e+01
5.786037e+05	-2.387653e+01
5.819457e+05	-2.382734e+01
5.853070e+05	-2.377820e+01
5.886877e+05	-2.373065e+01
5.920879e+05	-2.367956e+01
5.955078e+05	-2.362931e+01
5.989474e+05	-2.358109e+01
6.024069e+05	-2.353230e+01
6.058864e+05	-2.348313e+01
6.093860e+05	-2.343285e+01
6.129058e+05	-2.338247e+01
6.164459e+05	-2.333352e+01
6.200064e+05	-2.328564e+01
6.235876e+05	-2.323671e+01
6.271894e+05	-2.318740e+01
6.308120e+05	-2.313746e+01
6.344555e+05	-2.309019e+01
6.381201e+05	-2.303976e+01
6.418059e+05	-2.299234e+01
6.455129e+05	-2.294111e+01
6.492414e+05	-2.289324e+01
6.529914e+05	-2.284276e+01
6.567630e+05	-2.279254e+01
6.605565e+05	-2.274409e+01
6.643718e+05	-2.269846e+01
6.682092e+05	-2.264746e+01
6.720688e+05	-2.259831e+01
6.759506e+05	-2.255010e+01
6.798549e+05	-2.249902e+01
6.837817e+05	-2.245148e+01
6.877312e+05	-2.240377e+01
6.917035e+05	-2.235280e+01
6.956987e+05	-2.230707e+01
6.997171e+05	-2.225677e+01
7.037586e+05	-2.220726e+01
7.078235e+05	-2.215752e+01
7.119118e+05	-2.211018e+01
7.160238e+05	-2.206047e+01
7.201595e+05	-2.201143e+01
7.243191e+05	-2.196354e+01
7.285028e+05	-2.191482e+01
7.327106e+05	-2.186600e+01
7.369427e+05	-2.181677e+01
7.411992e+05	-2.176900e+01
7.454804e+05	-2.172059e+01
7.497862e+05	-2.167023e+01
7.541170e+05	-2.162213e+01
7.584727e+05	-2.157395e+01
7.628536e+05	-2.152341e+01
7.672598e+05	-2.147538e+01
7.716915e+05	-2.142638e+01
7.761488e+05	-2.137658e+01
7.806318e+05	-2.132965e+01
7.851407e+05	-2.127971e+01
7.896756e+05	-2.123213e+01
7.942367e+05	-2.118579e+01
7.988242e+05	-2.113288e+01
8.034382e+05	-2.108500e+01
8.080788e+05	-2.103783e+01
8.127463e+05	-2.098740e+01
8.174406e+05	-2.094104e+01
8.221621e+05	-2.089297e+01
8.269109e+05	-2.084222e+01
8.316871e+05	-2.079421e+01
8.364909e+05	-2.074509e+01
8.413225e+05	-2.069898e+01
8.461819e+05	-2.065060e+01
8.510694e+05	-2.060173e+01
8.559852e+05	-2.055220e+01
8.609293e+05	-2.050367e+01
8.659020e+05	-2.045404e+01
8.709034e+05	-2.040706e+01
8.759337e+05	-2.036016e+01
8.809931e+05	-2.031048e+01
8.860816e+05	-2.026114e+01
8.911996e+05	-2.021402e+01
8.963471e+05	-2.016649e+01
9.015244e+05	-2.011763e+01
9.067316e+05	-2.007091e+01
9.119688e+05	-2.002079e+01
9.172363e+05	-1.997253e+01
9.225342e+05	-1.992315e+01
9.278628e+05	-1.987659e+01
9.332221e+05	-1.982741e+01
9.386123e+05	-1.977836e+01
9.440337e+05	-1.973064e+01
9.494864e+05	-1.968495e+01
9.549706e+05	-1.963526e+01
9.604865e+05	-1.958807e+01
9.660342e+05	-1.953984e+01
9.716140e+05	-1.949082e+01
9.772260e+05	-1.944182e+01
9.828704e+05	-1.939589e+01
9.885474e+05	-1.934712e+01
9.942572e+05	-1.929855e+01
1.000000e+06	-1.925107e+01
