Frequency(Hz)	Magnitude(dB)
1.000000e+01	-2.209814e+00
1.005776e+01	-2.230036e+00
1.011585e+01	-2.250175e+00
1.017428e+01	-2.270382e+00
1.023305e+01	-2.291001e+00
1.029215e+01	-2.311533e+00
1.035160e+01	-2.332209e+00
1.041139e+01	-2.353149e+00
1.047153e+01	-2.374014e+00
1.053201e+01	-2.395309e+00
1.059284e+01	-2.416513e+00
1.065403e+01	-2.437891e+00
1.071556e+01	-2.459497e+00
1.077746e+01	-2.481422e+00
1.083971e+01	-2.502896e+00
1.090232e+01	-2.525078e+00
1.096529e+01	-2.547183e+00
1.102862e+01	-2.569432e+00
1.109232e+01	-2.592001e+00
1.115639e+01	-2.614365e+00
1.122083e+01	-2.637132e+00
1.128564e+01	-2.659962e+00
1.135083e+01	-2.682715e+00
1.141639e+01	-2.706252e+00
1.148233e+01	-2.729378e+00
1.154865e+01	-2.752894e+00
1.161536e+01	-2.776185e+00
1.168245e+01	-2.799954e+00
1.174992e+01	-2.823859e+00
1.181779e+01	-2.847778e+00
1.188605e+01	-2.872116e+00
1.195470e+01	-2.896317e+00
1.202375e+01	-2.920698e+00
1.209320e+01	-2.945517e+00
1.216305e+01	-2.970002e+00
1.223330e+01	-2.994648e+00
1.230396e+01	-3.019743e+00
1.237503e+01	-3.044649e+00
1.244651e+01	-3.070096e+00
1.251840e+01	-3.095834e+00
1.259070e+01	-3.121014e+00
1.266343e+01	-3.146811e+00
1.273657e+01	-3.172873e+00
1.281014e+01	-3.198785e+00
1.288413e+01	-3.224890e+00
1.295855e+01	-3.251242e+00
1.303339e+01	-3.277536e+00
1.310867e+01	-3.304315e+00
1.318439e+01	-3.330952e+00
1.326054e+01	-3.357753e+00
1.333713e+01	-3.384914e+00
1.341417e+01	-3.412068e+00
1.349165e+01	-3.439312e+00
1.356958e+01	-3.466747e+00
1.364795e+01	-3.494340e+00
1.372678e+01	-3.522046e+00
1.380607e+01	-3.549857e+00
1.388581e+01	-3.577959e+00
1.396602e+01	-3.606021e+00
1.404668e+01	-3.634126e+00
1.412782e+01	-3.662746e+00
1.420942e+01	-3.691114e+00
1.429149e+01	-3.720003e+00
1.437404e+01	-3.748990e+00
1.445706e+01	-3.777841e+00
1.454057e+01	-3.806957e+00
1.462455e+01	-3.836085e+00
1.470902e+01	-3.865705e+00
1.479398e+01	-3.895199e+00
1.487943e+01	-3.924647e+00
1.496537e+01	-3.954692e+00
1.505181e+01	-3.984702e+00
1.513875e+01	-4.014635e+00
1.522619e+01	-4.044771e+00
1.531414e+01	-4.075607e+00
1.540259e+01	-4.106103e+00
1.549156e+01	-4.136796e+00
1.558103e+01	-4.167454e+00
1.567103e+01	-4.198541e+00
1.576155e+01	-4.229583e+00
1.585258e+01	-4.260393e+00
1.594415e+01	-4.292123e+00
1.603624e+01	-4.323298e+00
1.612886e+01	-4.355062e+00
1.622202e+01	-4.386857e+00
1.631572e+01	-4.418682e+00
1.640996e+01	-4.450955e+00
1.650474e+01	-4.482821e+00
1.660008e+01	-4.515104e+00
1.669596e+01	-4.547467e+00
1.679239e+01	-4.579866e+00
1.688938e+01	-4.612907e+00
1.698694e+01	-4.645574e+00
1.708505e+01	-4.678447e+00
1.718373e+01	-4.711348e+00
1.728299e+01	-4.744627e+00
1.738281e+01	-4.777928e+00
1.748322e+01	-4.811225e+00
1.758420e+01	-4.844846e+00
1.768576e+01	-4.878607e+00
1.778792e+01	-4.912567e+00
1.789066e+01	-4.946675e+00
1.799399e+01	-4.980479e+00
1.809793e+01	-5.014607e+00
1.820246e+01	-5.049140e+00
1.830760e+01	-5.083622e+00
1.841334e+01	-5.118048e+00
1.851969e+01	-5.152718e+00
1.862666e+01	-5.187828e+00
1.873425e+01	-5.222809e+00
1.884246e+01	-5.257541e+00
1.895129e+01	-5.292621e+00
1.906075e+01	-5.327877e+00
1.917085e+01	-5.363339e+00
1.928158e+01	-5.399011e+00
1.939295e+01	-5.434875e+00
1.950496e+01	-5.470306e+00
1.961762e+01	-5.506341e+00
1.973093e+01	-5.542518e+00
1.984490e+01	-5.578274e+00
1.995952e+01	-5.614658e+00
2.007480e+01	-5.650932e+00
2.019076e+01	-5.687427e+00
2.030738e+01	-5.723967e+00
2.042467e+01	-5.760731e+00
2.054264e+01	-5.797385e+00
2.066130e+01	-5.834512e+00
2.078064e+01	-5.871345e+00
2.090066e+01	-5.908357e+00
2.102139e+01	-5.945815e+00
2.114280e+01	-5.983164e+00
2.126492e+01	-6.020815e+00
2.138775e+01	-6.058262e+00
2.151128e+01	-6.095987e+00
2.163553e+01	-6.133618e+00
2.176050e+01	-6.171288e+00
2.188619e+01	-6.209773e+00
2.201260e+01	-6.247853e+00
2.213974e+01	-6.285764e+00
2.226762e+01	-6.324390e+00
2.239624e+01	-6.362724e+00
2.252560e+01	-6.401268e+00
2.265571e+01	-6.439853e+00
2.278656e+01	-6.478852e+00
2.291818e+01	-6.517311e+00
2.305055e+01	-6.555905e+00
2.318369e+01	-6.595119e+00
2.331760e+01	-6.634395e+00
2.345228e+01	-6.673390e+00
2.358774e+01	-6.713073e+00
2.372398e+01	-6.752554e+00
2.386101e+01	-6.792200e+00
2.399883e+01	-6.831426e+00
2.413745e+01	-6.871106e+00
2.427686e+01	-6.911024e+00
2.441709e+01	-6.950870e+00
2.455812e+01	-6.990421e+00
2.469997e+01	-7.030869e+00
2.484263e+01	-7.070662e+00
2.498612e+01	-7.111115e+00
2.513044e+01	-7.151418e+00
2.527559e+01	-7.191986e+00
2.542158e+01	-7.232510e+00
2.556842e+01	-7.272723e+00
2.571610e+01	-7.313617e+00
2.586463e+01	-7.354843e+00
2.601403e+01	-7.395407e+00
2.616428e+01	-7.436498e+00
2.631541e+01	-7.477297e+00
2.646740e+01	-7.518250e+00
2.662028e+01	-7.559756e+00
2.677404e+01	-7.601022e+00
2.692868e+01	-7.642375e+00
2.708422e+01	-7.683996e+00
2.724066e+01	-7.725419e+00
2.739800e+01	-7.767148e+00
2.755625e+01	-7.808761e+00
2.771541e+01	-7.851003e+00
2.787550e+01	-7.892428e+00
2.803650e+01	-7.934923e+00
2.819844e+01	-7.976495e+00
2.836131e+01	-8.019034e+00
2.852513e+01	-8.060680e+00
2.868989e+01	-8.102722e+00
2.885560e+01	-8.145009e+00
2.902227e+01	-8.187285e+00
2.918990e+01	-8.230079e+00
2.935850e+01	-8.272927e+00
2.952807e+01	-8.314752e+00
2.969863e+01	-8.357884e+00
2.987016e+01	-8.400658e+00
3.004269e+01	-8.443683e+00
3.021622e+01	-8.486539e+00
3.039075e+01	-8.529281e+00
3.056628e+01	-8.572404e+00
3.074283e+01	-8.615567e+00
3.092040e+01	-8.658904e+00
3.109900e+01	-8.702139e+00
3.127862e+01	-8.745343e+00
3.145929e+01	-8.788734e+00
3.164099e+01	-8.831652e+00
3.182375e+01	-8.875254e+00
3.200756e+01	-8.919402e+00
3.219244e+01	-8.962951e+00
3.237838e+01	-9.006869e+00
3.256540e+01	-9.049744e+00
3.275349e+01	-9.094647e+00
3.294268e+01	-9.137894e+00
3.313295e+01	-9.182284e+00
3.332433e+01	-9.225905e+00
3.351681e+01	-9.270136e+00
3.371040e+01	-9.313828e+00
3.390511e+01	-9.358468e+00
3.410094e+01	-9.402912e+00
3.429791e+01	-9.446503e+00
3.449601e+01	-9.490999e+00
3.469526e+01	-9.536022e+00
3.489566e+01	-9.580108e+00
3.509721e+01	-9.624499e+00
3.529993e+01	-9.668987e+00
3.550382e+01	-9.714862e+00
3.570889e+01	-9.758993e+00
3.591515e+01	-9.803779e+00
3.612259e+01	-9.848349e+00
3.633123e+01	-9.893210e+00
3.654108e+01	-9.938151e+00
3.675214e+01	-9.983553e+00
3.696442e+01	-1.002806e+01
3.717792e+01	-1.007329e+01
3.739266e+01	-1.011849e+01
3.760864e+01	-1.016345e+01
3.782587e+01	-1.020867e+01
3.804435e+01	-1.025412e+01
3.826409e+01	-1.030015e+01
3.848510e+01	-1.034454e+01
3.870739e+01	-1.039037e+01
3.893096e+01	-1.043638e+01
3.915583e+01	-1.048100e+01
3.938199e+01	-1.052632e+01
3.960946e+01	-1.057262e+01
3.983824e+01	-1.061873e+01
4.006834e+01	-1.066406e+01
4.029978e+01	-1.070941e+01
4.053255e+01	-1.075552e+01
4.076666e+01	-1.080088e+01
4.100213e+01	-1.084707e+01
4.123896e+01	-1.089304e+01
4.147715e+01	-1.093890e+01
4.171672e+01	-1.098504e+01
4.195767e+01	-1.103155e+01
4.220002e+01	-1.107699e+01
4.244377e+01	-1.112304e+01
4.268892e+01	-1.116935e+01
4.293549e+01	-1.121521e+01
4.318348e+01	-1.126260e+01
4.343291e+01	-1.130820e+01
4.368377e+01	-1.135508e+01
4.393609e+01	-1.140109e+01
4.418986e+01	-1.144718e+01
4.444510e+01	-1.149394e+01
4.470182e+01	-1.154048e+01
4.496001e+01	-1.158714e+01
4.521970e+01	-1.163387e+01
4.548089e+01	-1.167982e+01
4.574358e+01	-1.172661e+01
4.600779e+01	-1.177374e+01
4.627353e+01	-1.182042e+01
4.654081e+01	-1.186659e+01
4.680963e+01	-1.191361e+01
4.708000e+01	-1.196088e+01
4.735193e+01	-1.200786e+01
4.762543e+01	-1.205399e+01
4.790051e+01	-1.210146e+01
4.817719e+01	-1.214850e+01
4.845545e+01	-1.219505e+01
4.873533e+01	-1.224222e+01
4.901682e+01	-1.228956e+01
4.929994e+01	-1.233612e+01
4.958470e+01	-1.238410e+01
4.987110e+01	-1.243111e+01
5.015915e+01	-1.247764e+01
5.044887e+01	-1.252508e+01
5.074026e+01	-1.257169e+01
5.103333e+01	-1.261984e+01
5.132810e+01	-1.266637e+01
5.162457e+01	-1.271419e+01
5.192275e+01	-1.276163e+01
5.222265e+01	-1.280920e+01
5.252429e+01	-1.285611e+01
5.282767e+01	-1.290356e+01
5.313280e+01	-1.295138e+01
5.343969e+01	-1.299894e+01
5.374836e+01	-1.304651e+01
5.405880e+01	-1.309354e+01
5.437105e+01	-1.314154e+01
5.468509e+01	-1.318925e+01
5.500095e+01	-1.323703e+01
5.531863e+01	-1.328500e+01
5.563815e+01	-1.333211e+01
5.595951e+01	-1.338019e+01
5.628273e+01	-1.342782e+01
5.660782e+01	-1.347528e+01
5.693479e+01	-1.352285e+01
5.726364e+01	-1.357097e+01
5.759439e+01	-1.361821e+01
5.792705e+01	-1.366680e+01
5.826164e+01	-1.371499e+01
5.859815e+01	-1.376197e+01
5.893662e+01	-1.381074e+01
5.927703e+01	-1.385864e+01
5.961941e+01	-1.390645e+01
5.996377e+01	-1.395297e+01
6.031012e+01	-1.400287e+01
6.065847e+01	-1.405056e+01
6.100883e+01	-1.409874e+01
6.136121e+01	-1.414663e+01
6.171563e+01	-1.419446e+01
6.207210e+01	-1.424185e+01
6.243063e+01	-1.429056e+01
6.279122e+01	-1.433892e+01
6.315390e+01	-1.438659e+01
6.351868e+01	-1.443512e+01
6.388556e+01	-1.448246e+01
6.425456e+01	-1.453161e+01
6.462569e+01	-1.458084e+01
6.499897e+01	-1.462896e+01
6.537440e+01	-1.467732e+01
6.575200e+01	-1.472576e+01
6.613178e+01	-1.477327e+01
6.651375e+01	-1.482168e+01
6.689793e+01	-1.487045e+01
6.728433e+01	-1.491885e+01
6.767297e+01	-1.496734e+01
6.806384e+01	-1.501486e+01
6.845698e+01	-1.506436e+01
6.885238e+01	-1.511314e+01
6.925007e+01	-1.516148e+01
6.965005e+01	-1.520858e+01
7.005235e+01	-1.525810e+01
7.045697e+01	-1.530704e+01
7.086393e+01	-1.535538e+01
7.127323e+01	-1.540263e+01
7.168490e+01	-1.545258e+01
7.209895e+01	-1.550147e+01
7.251539e+01	-1.555016e+01
7.293424e+01	-1.559866e+01
7.335551e+01	-1.564773e+01
7.377920e+01	-1.569583e+01
7.420535e+01	-1.574434e+01
7.463396e+01	-1.579244e+01
7.506504e+01	-1.584184e+01
7.549861e+01	-1.589002e+01
7.593469e+01	-1.593921e+01
7.637328e+01	-1.598703e+01
7.681441e+01	-1.603739e+01
7.725809e+01	-1.608531e+01
7.770433e+01	-1.613452e+01
7.815315e+01	-1.618301e+01
7.860456e+01	-1.623184e+01
7.905857e+01	-1.628035e+01
7.951521e+01	-1.632979e+01
7.997449e+01	-1.637906e+01
8.043642e+01	-1.642687e+01
8.090102e+01	-1.647728e+01
8.136830e+01	-1.652576e+01
8.183828e+01	-1.657490e+01
8.231097e+01	-1.662403e+01
8.278640e+01	-1.667190e+01
8.326457e+01	-1.672035e+01
8.374550e+01	-1.677024e+01
8.422921e+01	-1.681925e+01
8.471572e+01	-1.686888e+01
8.520503e+01	-1.691724e+01
8.569717e+01	-1.696614e+01
8.619215e+01	-1.701526e+01
8.669000e+01	-1.706357e+01
8.719071e+01	-1.711326e+01
8.769432e+01	-1.716199e+01
8.820084e+01	-1.721184e+01
8.871029e+01	-1.726088e+01
8.922267e+01	-1.730913e+01
8.973802e+01	-1.735927e+01
9.025634e+01	-1.740735e+01
9.077766e+01	-1.745622e+01
9.130199e+01	-1.750648e+01
9.182935e+01	-1.755418e+01
9.235975e+01	-1.760405e+01
9.289321e+01	-1.765301e+01
9.342976e+01	-1.770283e+01
9.396941e+01	-1.775203e+01
9.451217e+01	-1.780190e+01
9.505807e+01	-1.785066e+01
9.560712e+01	-1.789976e+01
9.615934e+01	-1.794779e+01
9.671476e+01	-1.799938e+01
9.727338e+01	-1.804731e+01
9.783522e+01	-1.809580e+01
9.840032e+01	-1.814468e+01
9.896867e+01	-1.819412e+01
9.954031e+01	-1.824468e+01
1.001153e+02	-1.829343e+01
1.006935e+02	-1.834229e+01
1.012751e+02	-1.839264e+01
1.018601e+02	-1.844055e+01
1.024484e+02	-1.849201e+01
1.030402e+02	-1.854005e+01
1.036353e+02	-1.858879e+01
1.042339e+02	-1.863914e+01
1.048360e+02	-1.868674e+01
1.054415e+02	-1.873836e+01
1.060505e+02	-1.878590e+01
1.066631e+02	-1.883637e+01
1.072791e+02	-1.888426e+01
1.078988e+02	-1.893600e+01
1.085220e+02	-1.898430e+01
1.091488e+02	-1.903389e+01
1.097793e+02	-1.908237e+01
1.104133e+02	-1.913274e+01
1.110511e+02	-1.918175e+01
1.116925e+02	-1.923149e+01
1.123376e+02	-1.928235e+01
1.129865e+02	-1.933046e+01
1.136391e+02	-1.937896e+01
1.142955e+02	-1.942775e+01
1.149556e+02	-1.947856e+01
1.156196e+02	-1.952915e+01
1.162874e+02	-1.957889e+01
1.169591e+02	-1.962739e+01
1.176347e+02	-1.967622e+01
1.183141e+02	-1.972568e+01
1.189975e+02	-1.977707e+01
1.196848e+02	-1.982460e+01
1.203761e+02	-1.987510e+01
1.210714e+02	-1.992225e+01
1.217707e+02	-1.997342e+01
1.224740e+02	-2.002348e+01
1.231814e+02	-2.007115e+01
1.238929e+02	-2.012316e+01
1.246085e+02	-2.017337e+01
1.253283e+02	-2.022243e+01
1.260522e+02	-2.027085e+01
1.267802e+02	-2.032120e+01
1.275125e+02	-2.037139e+01
1.282490e+02	-2.041989e+01
1.289898e+02	-2.046898e+01
1.297348e+02	-2.051987e+01
1.304842e+02	-2.056936e+01
1.312378e+02	-2.061779e+01
1.319959e+02	-2.066889e+01
1.327583e+02	-2.071666e+01
1.335251e+02	-2.076648e+01
1.342963e+02	-2.081570e+01
1.350720e+02	-2.086602e+01
1.358522e+02	-2.091471e+01
1.366368e+02	-2.096456e+01
1.374260e+02	-2.101530e+01
1.382198e+02	-2.106600e+01
1.390182e+02	-2.111443e+01
1.398211e+02	-2.116512e+01
1.406287e+02	-2.121221e+01
1.414410e+02	-2.126468e+01
1.422579e+02	-2.131194e+01
1.430796e+02	-2.136417e+01
1.439060e+02	-2.141245e+01
1.447372e+02	-2.146251e+01
1.455732e+02	-2.151092e+01
1.464141e+02	-2.156327e+01
1.472597e+02	-2.161154e+01
1.481103e+02	-2.166013e+01
1.489658e+02	-2.171027e+01
1.498262e+02	-2.176025e+01
1.506916e+02	-2.181077e+01
1.515620e+02	-2.186111e+01
1.524374e+02	-2.190980e+01
1.533179e+02	-2.196064e+01
1.542034e+02	-2.200959e+01
1.550941e+02	-2.205961e+01
1.559899e+02	-2.210806e+01
1.568909e+02	-2.215630e+01
1.577971e+02	-2.220713e+01
1.587085e+02	-2.225847e+01
1.596252e+02	-2.230529e+01
1.605472e+02	-2.235650e+01
1.614745e+02	-2.240702e+01
1.624072e+02	-2.245880e+01
1.633453e+02	-2.250632e+01
1.642887e+02	-2.255593e+01
1.652377e+02	-2.260443e+01
1.661921e+02	-2.265703e+01
1.671520e+02	-2.270491e+01
1.681175e+02	-2.275484e+01
1.690885e+02	-2.280634e+01
1.700651e+02	-2.285607e+01
1.710474e+02	-2.290512e+01
1.720354e+02	-2.295362e+01
1.730291e+02	-2.300320e+01
1.740285e+02	-2.305496e+01
1.750337e+02	-2.310372e+01
1.760446e+02	-2.315516e+01
1.770615e+02	-2.320240e+01
1.780842e+02	-2.325461e+01
1.791128e+02	-2.330289e+01
1.801473e+02	-2.335503e+01
1.811878e+02	-2.340195e+01
1.822344e+02	-2.345300e+01
1.832870e+02	-2.350264e+01
1.843456e+02	-2.355144e+01
1.854104e+02	-2.360131e+01
1.864813e+02	-2.365212e+01
1.875584e+02	-2.370093e+01
1.886418e+02	-2.375346e+01
1.897313e+02	-2.380073e+01
1.908272e+02	-2.385109e+01
1.919294e+02	-2.390034e+01
1.930380e+02	-2.395155e+01
1.941530e+02	-2.400097e+01
1.952744e+02	-2.404977e+01
1.964023e+02	-2.410267e+01
1.975367e+02	-2.415071e+01
1.986777e+02	-2.419959e+01
1.998252e+02	-2.424919e+01
2.009794e+02	-2.430070e+01
2.021403e+02	-2.434620e+01
2.033078e+02	-2.439945e+01
2.044821e+02	-2.444708e+01
2.056632e+02	-2.450186e+01
2.068511e+02	-2.455097e+01
2.080459e+02	-2.460204e+01
2.092475e+02	-2.464887e+01
2.104561e+02	-2.469876e+01
2.116717e+02	-2.474738e+01
2.128943e+02	-2.479854e+01
2.141240e+02	-2.484801e+01
2.153608e+02	-2.489774e+01
2.166047e+02	-2.495018e+01
2.178558e+02	-2.499721e+01
2.191141e+02	-2.504887e+01
2.203797e+02	-2.509858e+01
2.216526e+02	-2.514750e+01
2.229329e+02	-2.519997e+01
2.242205e+02	-2.524817e+01
2.255156e+02	-2.529840e+01
2.268182e+02	-2.534661e+01
2.281283e+02	-2.539521e+01
2.294459e+02	-2.544924e+01
2.307712e+02	-2.549996e+01
2.321041e+02	-2.554729e+01
2.334447e+02	-2.559939e+01
2.347931e+02	-2.564809e+01
2.361493e+02	-2.569981e+01
2.375133e+02	-2.574660e+01
2.388851e+02	-2.579695e+01
2.402649e+02	-2.584889e+01
2.416527e+02	-2.589769e+01
2.430484e+02	-2.594548e+01
2.444523e+02	-2.599408e+01
2.458642e+02	-2.604476e+01
2.472843e+02	-2.609496e+01
2.487126e+02	-2.615024e+01
2.501492e+02	-2.619479e+01
2.515940e+02	-2.624705e+01
2.530472e+02	-2.629555e+01
2.545088e+02	-2.634361e+01
2.559789e+02	-2.639637e+01
2.574574e+02	-2.644750e+01
2.589444e+02	-2.649470e+01
2.604401e+02	-2.654838e+01
2.619444e+02	-2.659723e+01
2.634574e+02	-2.664638e+01
2.649791e+02	-2.669770e+01
2.665096e+02	-2.674380e+01
2.680489e+02	-2.679747e+01
2.695972e+02	-2.684782e+01
2.711544e+02	-2.689673e+01
2.727205e+02	-2.694864e+01
2.742958e+02	-2.699769e+01
2.758801e+02	-2.704764e+01
2.774736e+02	-2.709647e+01
2.790762e+02	-2.714578e+01
2.806882e+02	-2.719583e+01
2.823094e+02	-2.724674e+01
2.839400e+02	-2.729184e+01
2.855800e+02	-2.734497e+01
2.872295e+02	-2.739586e+01
2.888886e+02	-2.744770e+01
2.905572e+02	-2.749498e+01
2.922354e+02	-2.754534e+01
2.939234e+02	-2.759792e+01
2.956211e+02	-2.764874e+01
2.973286e+02	-2.769682e+01
2.990459e+02	-2.774459e+01
3.007732e+02	-2.779605e+01
3.025104e+02	-2.784628e+01
3.042577e+02	-2.789324e+01
3.060151e+02	-2.794625e+01
3.077826e+02	-2.799353e+01
3.095604e+02	-2.804940e+01
3.113484e+02	-2.809559e+01
3.131467e+02	-2.814795e+01
3.149554e+02	-2.819591e+01
3.167746e+02	-2.824380e+01
3.186043e+02	-2.829756e+01
3.204445e+02	-2.834800e+01
3.222954e+02	-2.839893e+01
3.241570e+02	-2.844850e+01
3.260293e+02	-2.849805e+01
3.279124e+02	-2.854672e+01
3.298064e+02	-2.859868e+01
3.317114e+02	-2.864850e+01
3.336273e+02	-2.869815e+01
3.355544e+02	-2.874820e+01
3.374925e+02	-2.879828e+01
3.394418e+02	-2.884463e+01
3.414024e+02	-2.889781e+01
3.433744e+02	-2.894213e+01
3.453577e+02	-2.899358e+01
3.473525e+02	-2.904758e+01
3.493588e+02	-2.909584e+01
3.513766e+02	-2.914985e+01
3.534062e+02	-2.919856e+01
3.554474e+02	-2.925028e+01
3.575005e+02	-2.929706e+01
3.595654e+02	-2.934798e+01
3.616422e+02	-2.939896e+01
3.637311e+02	-2.944666e+01
3.658320e+02	-2.950113e+01
3.679450e+02	-2.954689e+01
3.700702e+02	-2.959859e+01
3.722077e+02	-2.964923e+01
3.743576e+02	-2.970432e+01
3.765199e+02	-2.974876e+01
3.786946e+02	-2.979795e+01
3.808820e+02	-2.984221e+01
3.830819e+02	-2.990107e+01
3.852946e+02	-2.995219e+01
3.875200e+02	-2.999506e+01
3.897583e+02	-3.004628e+01
3.920096e+02	-3.009867e+01
3.942738e+02	-3.015311e+01
3.965511e+02	-3.019763e+01
3.988416e+02	-3.024505e+01
4.011452e+02	-3.029786e+01
4.034622e+02	-3.035357e+01
4.057926e+02	-3.039970e+01
4.081365e+02	-3.044544e+01
4.104938e+02	-3.050356e+01
4.128648e+02	-3.054965e+01
4.152495e+02	-3.060027e+01
4.176480e+02	-3.064850e+01
4.200603e+02	-3.070143e+01
4.224866e+02	-3.074931e+01
4.249268e+02	-3.080286e+01
4.273812e+02	-3.084631e+01
4.298497e+02	-3.090041e+01
4.323325e+02	-3.095357e+01
4.348297e+02	-3.100456e+01
4.373412e+02	-3.104485e+01
4.398673e+02	-3.110066e+01
4.424079e+02	-3.115216e+01
4.449633e+02	-3.119553e+01
4.475334e+02	-3.125198e+01
4.501183e+02	-3.130086e+01
4.527182e+02	-3.134900e+01
4.553330e+02	-3.139596e+01
4.579630e+02	-3.145376e+01
4.606082e+02	-3.150284e+01
4.632687e+02	-3.155200e+01
4.659445e+02	-3.160185e+01
4.686358e+02	-3.165085e+01
4.713426e+02	-3.170586e+01
4.740650e+02	-3.175228e+01
4.768032e+02	-3.180652e+01
4.795572e+02	-3.185268e+01
4.823271e+02	-3.190531e+01
4.851130e+02	-3.195555e+01
4.879150e+02	-3.200482e+01
4.907332e+02	-3.205511e+01
4.935676e+02	-3.210164e+01
4.964185e+02	-3.215131e+01
4.992858e+02	-3.219865e+01
5.021696e+02	-3.224765e+01
5.050701e+02	-3.230370e+01
5.079874e+02	-3.235714e+01
5.109215e+02	-3.241085e+01
5.138726e+02	-3.246005e+01
5.168407e+02	-3.250884e+01
5.198259e+02	-3.255442e+01
5.228284e+02	-3.260516e+01
5.258482e+02	-3.265727e+01
5.288855e+02	-3.270246e+01
5.319403e+02	-3.276110e+01
5.350128e+02	-3.280741e+01
5.381030e+02	-3.285737e+01
5.412111e+02	-3.290723e+01
5.443371e+02	-3.295849e+01
5.474812e+02	-3.301314e+01
5.506434e+02	-3.306127e+01
5.538239e+02	-3.311480e+01
5.570228e+02	-3.316473e+01
5.602401e+02	-3.320910e+01
5.634760e+02	-3.326525e+01
5.667306e+02	-3.330466e+01
5.700040e+02	-3.335876e+01
5.732964e+02	-3.341026e+01
5.766077e+02	-3.346916e+01
5.799382e+02	-3.351097e+01
5.832879e+02	-3.355888e+01
5.866569e+02	-3.361074e+01
5.900454e+02	-3.366518e+01
5.934535e+02	-3.371754e+01
5.968813e+02	-3.376230e+01
6.003288e+02	-3.381760e+01
6.037963e+02	-3.386865e+01
6.072838e+02	-3.391158e+01
6.107914e+02	-3.396045e+01
6.143194e+02	-3.401506e+01
6.178676e+02	-3.406058e+01
6.214364e+02	-3.411564e+01
6.250258e+02	-3.416102e+01
6.286359e+02	-3.421435e+01
6.322669e+02	-3.426356e+01
6.359189e+02	-3.431725e+01
6.395919e+02	-3.436802e+01
6.432862e+02	-3.442362e+01
6.470017e+02	-3.446868e+01
6.507388e+02	-3.451323e+01
6.544974e+02	-3.456589e+01
6.582778e+02	-3.462110e+01
6.620800e+02	-3.466955e+01
6.659041e+02	-3.472391e+01
6.697504e+02	-3.476842e+01
6.736188e+02	-3.481782e+01
6.775096e+02	-3.486489e+01
6.814229e+02	-3.492097e+01
6.853587e+02	-3.496524e+01
6.893173e+02	-3.501441e+01
6.932988e+02	-3.507441e+01
6.973033e+02	-3.512108e+01
7.013309e+02	-3.516652e+01
7.053817e+02	-3.522562e+01
7.094560e+02	-3.527391e+01
7.135538e+02	-3.533054e+01
7.176752e+02	-3.537816e+01
7.218205e+02	-3.542660e+01
7.259897e+02	-3.547307e+01
7.301830e+02	-3.551868e+01
7.344005e+02	-3.557998e+01
7.386424e+02	-3.562685e+01
7.429087e+02	-3.566981e+01
7.471998e+02	-3.572661e+01
7.515155e+02	-3.577753e+01
7.558563e+02	-3.582502e+01
7.602221e+02	-3.589023e+01
7.646131e+02	-3.592313e+01
7.690295e+02	-3.598371e+01
7.734713e+02	-3.603099e+01
7.779389e+02	-3.607399e+01
7.824322e+02	-3.613428e+01
7.869515e+02	-3.618087e+01
7.914969e+02	-3.623197e+01
7.960686e+02	-3.629045e+01
8.006666e+02	-3.633414e+01
8.052912e+02	-3.638286e+01
8.099426e+02	-3.643368e+01
8.146208e+02	-3.649211e+01
8.193260e+02	-3.654107e+01
8.240584e+02	-3.659519e+01
8.288181e+02	-3.664812e+01
8.336053e+02	-3.669568e+01
8.384202e+02	-3.674572e+01
8.432629e+02	-3.677681e+01
8.481335e+02	-3.683715e+01
8.530323e+02	-3.688960e+01
8.579594e+02	-3.693852e+01
8.629149e+02	-3.698589e+01
8.678991e+02	-3.703966e+01
8.729120e+02	-3.708045e+01
8.779539e+02	-3.715134e+01
8.830250e+02	-3.719283e+01
8.881253e+02	-3.723495e+01
8.932551e+02	-3.729455e+01
8.984145e+02	-3.733569e+01
9.036037e+02	-3.740513e+01
9.088229e+02	-3.744060e+01
9.140722e+02	-3.750539e+01
9.193518e+02	-3.755459e+01
9.246620e+02	-3.761786e+01
9.300028e+02	-3.764869e+01
9.353744e+02	-3.769681e+01
9.407771e+02	-3.774844e+01
9.462110e+02	-3.780889e+01
9.516763e+02	-3.784485e+01
9.571731e+02	-3.790232e+01
9.627017e+02	-3.794335e+01
9.682622e+02	-3.800434e+01
9.738549e+02	-3.805759e+01
9.794798e+02	-3.811190e+01
9.851373e+02	-3.816277e+01
9.908274e+02	-3.821215e+01
9.965504e+02	-3.825468e+01
1.002306e+03	-3.830660e+01
1.008096e+03	-3.836758e+01
1.013918e+03	-3.841094e+01
1.019775e+03	-3.846205e+01
1.025665e+03	-3.851408e+01
1.031589e+03	-3.856619e+01
1.037548e+03	-3.861787e+01
1.043540e+03	-3.866534e+01
1.049568e+03	-3.871808e+01
1.055630e+03	-3.876466e+01
1.061727e+03	-3.881395e+01
1.067860e+03	-3.886113e+01
1.074028e+03	-3.892628e+01
1.080231e+03	-3.898777e+01
1.086471e+03	-3.903167e+01
1.092746e+03	-3.907834e+01
1.099058e+03	-3.912184e+01
1.105406e+03	-3.917185e+01
1.111791e+03	-3.922332e+01
1.118212e+03	-3.929319e+01
1.124671e+03	-3.934060e+01
1.131167e+03	-3.937642e+01
1.137701e+03	-3.942131e+01
1.144272e+03	-3.948327e+01
1.150881e+03	-3.954083e+01
1.157529e+03	-3.958533e+01
1.164215e+03	-3.964404e+01
1.170939e+03	-3.969573e+01
1.177702e+03	-3.973975e+01
1.184505e+03	-3.978337e+01
1.191346e+03	-3.984060e+01
1.198227e+03	-3.990844e+01
1.205148e+03	-3.993631e+01
1.212109e+03	-3.999079e+01
1.219110e+03	-4.004494e+01
1.226152e+03	-4.010508e+01
1.233234e+03	-4.015634e+01
1.240357e+03	-4.021981e+01
1.247521e+03	-4.024895e+01
1.254727e+03	-4.030416e+01
1.261974e+03	-4.035271e+01
1.269263e+03	-4.039307e+01
1.276595e+03	-4.045167e+01
1.283968e+03	-4.051419e+01
1.291384e+03	-4.056029e+01
1.298843e+03	-4.061095e+01
1.306345e+03	-4.067593e+01
1.313891e+03	-4.070221e+01
1.321480e+03	-4.077916e+01
1.329113e+03	-4.081437e+01
1.336790e+03	-4.087241e+01
1.344511e+03	-4.091307e+01
1.352277e+03	-4.096211e+01
1.360087e+03	-4.101361e+01
1.367943e+03	-4.107561e+01
1.375844e+03	-4.113158e+01
1.383791e+03	-4.118375e+01
1.391784e+03	-4.122522e+01
1.399823e+03	-4.129550e+01
1.407908e+03	-4.133434e+01
1.416040e+03	-4.139645e+01
1.424219e+03	-4.142641e+01
1.432445e+03	-4.150573e+01
1.440719e+03	-4.152181e+01
1.449041e+03	-4.160632e+01
1.457410e+03	-4.162973e+01
1.465828e+03	-4.170351e+01
1.474295e+03	-4.174531e+01
1.482810e+03	-4.177529e+01
1.491375e+03	-4.184319e+01
1.499989e+03	-4.191015e+01
1.508653e+03	-4.193948e+01
1.517367e+03	-4.200408e+01
1.526131e+03	-4.204616e+01
1.534946e+03	-4.212310e+01
1.543812e+03	-4.217499e+01
1.552729e+03	-4.220692e+01
1.561697e+03	-4.225999e+01
1.570717e+03	-4.230709e+01
1.579790e+03	-4.235611e+01
1.588915e+03	-4.242087e+01
1.598092e+03	-4.247381e+01
1.607323e+03	-4.251666e+01
1.616606e+03	-4.257953e+01
1.625944e+03	-4.262160e+01
1.635335e+03	-4.268026e+01
1.644781e+03	-4.274240e+01
1.654281e+03	-4.277239e+01
1.663836e+03	-4.286716e+01
1.673446e+03	-4.291183e+01
1.683112e+03	-4.294678e+01
1.692834e+03	-4.298133e+01
1.702611e+03	-4.305759e+01
1.712446e+03	-4.307890e+01
1.722337e+03	-4.314453e+01
1.732285e+03	-4.322788e+01
1.742290e+03	-4.326024e+01
1.752354e+03	-4.329970e+01
1.762475e+03	-4.337502e+01
1.772655e+03	-4.342356e+01
1.782894e+03	-4.347137e+01
1.793192e+03	-4.353556e+01
1.803549e+03	-4.357935e+01
1.813967e+03	-4.362059e+01
1.824444e+03	-4.366083e+01
1.834982e+03	-4.374175e+01
1.845581e+03	-4.377856e+01
1.856241e+03	-4.383658e+01
1.866962e+03	-4.389667e+01
1.877746e+03	-4.393522e+01
1.888592e+03	-4.399494e+01
1.899500e+03	-4.404167e+01
1.910472e+03	-4.412022e+01
1.921506e+03	-4.412632e+01
1.932605e+03	-4.419828e+01
1.943768e+03	-4.425749e+01
1.954995e+03	-4.431909e+01
1.966287e+03	-4.434692e+01
1.977644e+03	-4.440779e+01
1.989067e+03	-4.447294e+01
2.000555e+03	-4.452372e+01
2.012110e+03	-4.458488e+01
2.023732e+03	-4.462561e+01
2.035421e+03	-4.466508e+01
2.047178e+03	-4.473976e+01
2.059002e+03	-4.481082e+01
2.070895e+03	-4.485444e+01
2.082856e+03	-4.489601e+01
2.094887e+03	-4.498121e+01
2.106987e+03	-4.502325e+01
2.119157e+03	-4.505458e+01
2.131397e+03	-4.515926e+01
2.143708e+03	-4.519615e+01
2.156090e+03	-4.524645e+01
2.168543e+03	-4.524702e+01
2.181069e+03	-4.532539e+01
2.193666e+03	-4.537870e+01
2.206337e+03	-4.542256e+01
2.219081e+03	-4.550738e+01
2.231898e+03	-4.552914e+01
2.244789e+03	-4.557828e+01
2.257755e+03	-4.567406e+01
2.270796e+03	-4.572662e+01
2.283912e+03	-4.576781e+01
2.297104e+03	-4.583504e+01
2.310372e+03	-4.586156e+01
2.323716e+03	-4.597405e+01
2.337138e+03	-4.595075e+01
2.350637e+03	-4.604584e+01
2.364214e+03	-4.608909e+01
2.377870e+03	-4.613662e+01
2.391604e+03	-4.621512e+01
2.405418e+03	-4.624796e+01
2.419312e+03	-4.629208e+01
2.433286e+03	-4.638529e+01
2.447340e+03	-4.640761e+01
2.461476e+03	-4.650118e+01
2.475693e+03	-4.652687e+01
2.489993e+03	-4.660290e+01
2.504375e+03	-4.668655e+01
2.518840e+03	-4.673546e+01
2.533389e+03	-4.678382e+01
2.548022e+03	-4.679600e+01
2.562739e+03	-4.687711e+01
2.577541e+03	-4.692197e+01
2.592429e+03	-4.698920e+01
2.607403e+03	-4.703691e+01
2.622463e+03	-4.707548e+01
2.637610e+03	-4.713629e+01
2.652845e+03	-4.719785e+01
2.668168e+03	-4.721325e+01
2.683579e+03	-4.730275e+01
2.699079e+03	-4.740264e+01
2.714669e+03	-4.741285e+01
2.730349e+03	-4.747472e+01
2.746119e+03	-4.757089e+01
2.761981e+03	-4.758595e+01
2.777934e+03	-4.763272e+01
2.793979e+03	-4.771407e+01
2.810117e+03	-4.776536e+01
2.826348e+03	-4.787920e+01
2.842673e+03	-4.786012e+01
2.859092e+03	-4.797083e+01
2.875606e+03	-4.802912e+01
2.892215e+03	-4.804064e+01
2.908921e+03	-4.807161e+01
2.925722e+03	-4.823545e+01
2.942621e+03	-4.825482e+01
2.959618e+03	-4.825851e+01
2.976712e+03	-4.835529e+01
2.993906e+03	-4.839110e+01
3.011198e+03	-4.844465e+01
3.028591e+03	-4.850815e+01
3.046084e+03	-4.856527e+01
3.063678e+03	-4.866369e+01
3.081374e+03	-4.868906e+01
3.099172e+03	-4.877181e+01
3.117072e+03	-4.880089e+01
3.135076e+03	-4.886412e+01
3.153184e+03	-4.893097e+01
3.171397e+03	-4.892507e+01
3.189715e+03	-4.902766e+01
3.208139e+03	-4.906017e+01
3.226669e+03	-4.915309e+01
3.245306e+03	-4.924361e+01
3.264051e+03	-4.922299e+01
3.282904e+03	-4.936805e+01
3.301866e+03	-4.943387e+01
3.320937e+03	-4.942707e+01
3.340119e+03	-4.951792e+01
3.359411e+03	-4.963902e+01
3.378815e+03	-4.965040e+01
3.398331e+03	-4.970666e+01
3.417959e+03	-4.975382e+01
3.437701e+03	-4.979527e+01
3.457557e+03	-4.989660e+01
3.477528e+03	-4.990973e+01
3.497614e+03	-5.001629e+01
3.517816e+03	-5.004059e+01
3.538135e+03	-5.010205e+01
3.558571e+03	-5.015790e+01
3.579125e+03	-5.026492e+01
3.599798e+03	-5.029464e+01
3.620590e+03	-5.037014e+01
3.641503e+03	-5.036834e+01
3.662536e+03	-5.055695e+01
3.683691e+03	-5.055698e+01
3.704967e+03	-5.061547e+01
3.726367e+03	-5.066065e+01
3.747890e+03	-5.078671e+01
3.769538e+03	-5.082534e+01
3.791311e+03	-5.087318e+01
3.813209e+03	-5.091217e+01
3.835234e+03	-5.097446e+01
3.857386e+03	-5.103951e+01
3.879667e+03	-5.111310e+01
3.902075e+03	-5.118951e+01
3.924614e+03	-5.126192e+01
3.947282e+03	-5.135753e+01
3.970081e+03	-5.130106e+01
3.993012e+03	-5.147684e+01
4.016076e+03	-5.151459e+01
4.039272e+03	-5.160417e+01
4.062603e+03	-5.164732e+01
4.086069e+03	-5.174211e+01
4.109670e+03	-5.179955e+01
4.133407e+03	-5.178135e+01
4.157281e+03	-5.184240e+01
4.181294e+03	-5.195415e+01
4.205445e+03	-5.203669e+01
4.229735e+03	-5.211394e+01
4.254166e+03	-5.214345e+01
4.278738e+03	-5.224782e+01
4.303451e+03	-5.234506e+01
4.328308e+03	-5.239642e+01
4.353308e+03	-5.244045e+01
4.378453e+03	-5.251599e+01
4.403742e+03	-5.255457e+01
4.429178e+03	-5.262529e+01
4.454761e+03	-5.267911e+01
4.480492e+03	-5.275878e+01
4.506371e+03	-5.283731e+01
4.532399e+03	-5.294870e+01
4.558578e+03	-5.300699e+01
4.584908e+03	-5.300108e+01
4.611391e+03	-5.308750e+01
4.638026e+03	-5.318305e+01
4.664815e+03	-5.321662e+01
4.691759e+03	-5.328947e+01
4.718858e+03	-5.337183e+01
4.746114e+03	-5.348012e+01
4.773527e+03	-5.353363e+01
4.801099e+03	-5.361207e+01
4.828830e+03	-5.366938e+01
4.856721e+03	-5.377012e+01
4.884773e+03	-5.382532e+01
4.912988e+03	-5.388355e+01
4.941365e+03	-5.403508e+01
4.969906e+03	-5.403244e+01
4.998612e+03	-5.406430e+01
5.027484e+03	-5.426211e+01
5.056522e+03	-5.433348e+01
5.085729e+03	-5.432275e+01
5.115104e+03	-5.445643e+01
5.144648e+03	-5.450898e+01
5.174363e+03	-5.454853e+01
5.204250e+03	-5.462720e+01
5.234310e+03	-5.479713e+01
5.264543e+03	-5.476069e+01
5.294951e+03	-5.486277e+01
5.325534e+03	-5.498090e+01
5.356294e+03	-5.519520e+01
5.387232e+03	-5.514646e+01
5.418348e+03	-5.524029e+01
5.449645e+03	-5.532061e+01
5.481122e+03	-5.546978e+01
5.512780e+03	-5.539058e+01
5.544622e+03	-5.554261e+01
5.576647e+03	-5.560380e+01
5.608858e+03	-5.568045e+01
5.641254e+03	-5.578235e+01
5.673838e+03	-5.588487e+01
5.706610e+03	-5.595977e+01
5.739571e+03	-5.596085e+01
5.772723e+03	-5.608260e+01
5.806066e+03	-5.620537e+01
5.839601e+03	-5.626733e+01
5.873331e+03	-5.647391e+01
5.907255e+03	-5.658657e+01
5.941375e+03	-5.659283e+01
5.975692e+03	-5.665926e+01
6.010207e+03	-5.676217e+01
6.044922e+03	-5.685179e+01
6.079837e+03	-5.698927e+01
6.114954e+03	-5.700332e+01
6.150274e+03	-5.708895e+01
6.185797e+03	-5.715116e+01
6.221526e+03	-5.722730e+01
6.257462e+03	-5.734892e+01
6.293605e+03	-5.746991e+01
6.329956e+03	-5.770770e+01
6.366518e+03	-5.761138e+01
6.403290e+03	-5.773224e+01
6.440276e+03	-5.777865e+01
6.477474e+03	-5.794900e+01
6.514888e+03	-5.818063e+01
6.552518e+03	-5.816332e+01
6.590365e+03	-5.819390e+01
6.628430e+03	-5.840233e+01
6.666716e+03	-5.837547e+01
6.705223e+03	-5.856621e+01
6.743952e+03	-5.869228e+01
6.782905e+03	-5.875193e+01
6.822082e+03	-5.889508e+01
6.861486e+03	-5.894680e+01
6.901118e+03	-5.889626e+01
6.940979e+03	-5.905934e+01
6.981069e+03	-5.927223e+01
7.021392e+03	-5.932858e+01
7.061947e+03	-5.937422e+01
7.102737e+03	-5.957573e+01
7.143762e+03	-5.959420e+01
7.185024e+03	-5.999431e+01
7.226524e+03	-6.003756e+01
7.268264e+03	-6.000027e+01
7.310246e+03	-6.017096e+01
7.352469e+03	-6.016896e+01
7.394937e+03	-6.055482e+01
7.437650e+03	-6.053917e+01
7.480609e+03	-6.058678e+01
7.523817e+03	-6.062251e+01
7.567274e+03	-6.082085e+01
7.610982e+03	-6.079946e+01
7.654943e+03	-6.108322e+01
7.699158e+03	-6.119385e+01
7.743628e+03	-6.116038e+01
7.788355e+03	-6.142571e+01
7.833340e+03	-6.136984e+01
7.878585e+03	-6.189290e+01
7.924091e+03	-6.185086e+01
7.969861e+03	-6.178344e+01
8.015894e+03	-6.183863e+01
8.062194e+03	-6.231156e+01
8.108761e+03	-6.219649e+01
8.155596e+03	-6.233466e+01
8.202703e+03	-6.245762e+01
8.250081e+03	-6.246735e+01
8.297733e+03	-6.237486e+01
8.345661e+03	-6.273375e+01
8.393865e+03	-6.276082e+01
8.442348e+03	-6.285873e+01
8.491110e+03	-6.296344e+01
8.540155e+03	-6.287942e+01
8.589482e+03	-6.296388e+01
8.639095e+03	-6.311669e+01
8.688994e+03	-6.299163e+01
8.739181e+03	-6.297225e+01
8.789658e+03	-6.284741e+01
8.840427e+03	-6.307069e+01
8.891489e+03	-6.297612e+01
8.942846e+03	-6.250523e+01
8.994499e+03	-6.248245e+01
9.046451e+03	-6.226930e+01
9.098703e+03	-6.184911e+01
9.151257e+03	-6.132738e+01
9.204114e+03	-6.086100e+01
9.257277e+03	-6.042438e+01
9.310746e+03	-6.043665e+01
9.364525e+03	-6.127191e+01
9.418614e+03	-6.283528e+01
9.473015e+03	-6.524902e+01
9.527731e+03	-6.739262e+01
9.582763e+03	-7.071865e+01
9.638113e+03	-7.326736e+01
9.693782e+03	-7.692637e+01
9.749773e+03	-8.094074e+01
9.806087e+03	-8.714369e+01
9.862727e+03	-9.492136e+01
9.919693e+03	-9.154169e+01
9.976989e+03	-9.475689e+01
1.003462e+04	-9.445570e+01
1.009258e+04	-9.173661e+01
1.015087e+04	-9.395664e+01
1.020950e+04	-9.805845e+01
1.026847e+04	-9.180264e+01
1.032778e+04	-9.017674e+01
1.038743e+04	-9.478056e+01
1.044743e+04	-8.949785e+01
1.050777e+04	-8.581541e+01
1.056847e+04	-8.673855e+01
1.062951e+04	-8.520413e+01
1.069091e+04	-8.392272e+01
1.075266e+04	-8.234911e+01
1.081476e+04	-8.202396e+01
1.087723e+04	-8.038479e+01
1.094006e+04	-8.117663e+01
1.100324e+04	-7.964343e+01
1.106680e+04	-7.841705e+01
1.113072e+04	-7.796213e+01
1.119501e+04	-7.714644e+01
1.125967e+04	-7.708739e+01
1.132471e+04	-7.498477e+01
1.139012e+04	-7.533640e+01
1.145591e+04	-7.470470e+01
1.152208e+04	-7.437504e+01
1.158863e+04	-7.376260e+01
1.165556e+04	-7.291715e+01
1.172289e+04	-7.229969e+01
1.179060e+04	-7.268254e+01
1.185870e+04	-7.236001e+01
1.192719e+04	-7.127447e+01
1.199608e+04	-7.112464e+01
1.206537e+04	-7.114164e+01
1.213506e+04	-7.087009e+01
1.220515e+04	-7.018793e+01
1.227565e+04	-7.039529e+01
1.234655e+04	-6.944736e+01
1.241787e+04	-6.906364e+01
1.248959e+04	-6.884044e+01
1.256173e+04	-6.835376e+01
1.263429e+04	-6.863281e+01
1.270726e+04	-6.819512e+01
1.278066e+04	-6.769058e+01
1.285448e+04	-6.748138e+01
1.292873e+04	-6.740581e+01
1.300340e+04	-6.709106e+01
1.307851e+04	-6.702931e+01
1.315405e+04	-6.655331e+01
1.323003e+04	-6.646456e+01
1.330644e+04	-6.627510e+01
1.338330e+04	-6.594114e+01
1.346060e+04	-6.570345e+01
1.353835e+04	-6.539372e+01
1.361655e+04	-6.515579e+01
1.369520e+04	-6.509055e+01
1.377430e+04	-6.514573e+01
1.385386e+04	-6.461127e+01
1.393388e+04	-6.458003e+01
1.401436e+04	-6.449535e+01
1.409531e+04	-6.411897e+01
1.417672e+04	-6.388053e+01
1.425861e+04	-6.370248e+01
1.434096e+04	-6.379565e+01
1.442379e+04	-6.357836e+01
1.450711e+04	-6.332503e+01
1.459090e+04	-6.306160e+01
1.467518e+04	-6.300605e+01
1.475994e+04	-6.307671e+01
1.484519e+04	-6.251966e+01
1.493094e+04	-6.240948e+01
1.501718e+04	-6.226248e+01
1.510392e+04	-6.226360e+01
1.519116e+04	-6.214952e+01
1.527890e+04	-6.180755e+01
1.536715e+04	-6.192907e+01
1.545591e+04	-6.157014e+01
1.554518e+04	-6.169235e+01
1.563497e+04	-6.148058e+01
1.572528e+04	-6.115037e+01
1.581611e+04	-6.109075e+01
1.590746e+04	-6.097092e+01
1.599934e+04	-6.074538e+01
1.609175e+04	-6.062636e+01
1.618470e+04	-6.062088e+01
1.627818e+04	-6.047818e+01
1.637220e+04	-6.040008e+01
1.646677e+04	-6.021407e+01
1.656188e+04	-6.008495e+01
1.665754e+04	-6.003700e+01
1.675375e+04	-5.968729e+01
1.685052e+04	-5.957513e+01
1.694785e+04	-5.960008e+01
1.704574e+04	-5.960874e+01
1.714419e+04	-5.943863e+01
1.724322e+04	-5.939865e+01
1.734281e+04	-5.915847e+01
1.744299e+04	-5.901771e+01
1.754374e+04	-5.903658e+01
1.764507e+04	-5.873780e+01
1.774698e+04	-5.879749e+01
1.784949e+04	-5.850207e+01
1.795259e+04	-5.852884e+01
1.805628e+04	-5.851209e+01
1.816057e+04	-5.820289e+01
1.826547e+04	-5.812808e+01
1.837097e+04	-5.815106e+01
1.847708e+04	-5.809794e+01
1.858380e+04	-5.779743e+01
1.869114e+04	-5.773099e+01
1.879910e+04	-5.771767e+01
1.890768e+04	-5.759527e+01
1.901689e+04	-5.749933e+01
1.912673e+04	-5.747381e+01
1.923721e+04	-5.739388e+01
1.934832e+04	-5.718470e+01
1.946008e+04	-5.710118e+01
1.957248e+04	-5.700232e+01
1.968553e+04	-5.689472e+01
1.979923e+04	-5.686279e+01
1.991359e+04	-5.662382e+01
2.002861e+04	-5.668638e+01
2.014430e+04	-5.650196e+01
2.026065e+04	-5.650411e+01
2.037767e+04	-5.634973e+01
2.049537e+04	-5.621281e+01
2.061375e+04	-5.625340e+01
2.073282e+04	-5.608529e+01
2.085257e+04	-5.613431e+01
2.097301e+04	-5.594537e+01
2.109415e+04	-5.579640e+01
2.121599e+04	-5.572573e+01
2.133853e+04	-5.577692e+01
2.146178e+04	-5.559187e+01
2.158575e+04	-5.556828e+01
2.171043e+04	-5.543253e+01
2.183582e+04	-5.539048e+01
2.196195e+04	-5.530018e+01
2.208880e+04	-5.521979e+01
2.221638e+04	-5.525089e+01
2.234470e+04	-5.507363e+01
2.247377e+04	-5.491086e+01
2.260357e+04	-5.490091e+01
2.273413e+04	-5.486003e+01
2.286544e+04	-5.475327e+01
2.299751e+04	-5.463942e+01
2.313034e+04	-5.456348e+01
2.326394e+04	-5.451957e+01
2.339832e+04	-5.436725e+01
2.353346e+04	-5.430700e+01
2.366939e+04	-5.418765e+01
2.380610e+04	-5.417241e+01
2.394361e+04	-5.405179e+01
2.408191e+04	-5.404115e+01
2.422100e+04	-5.389261e+01
2.436090e+04	-5.393640e+01
2.450161e+04	-5.388326e+01
2.464313e+04	-5.378576e+01
2.478547e+04	-5.360394e+01
2.492863e+04	-5.354920e+01
2.507261e+04	-5.349928e+01
2.521743e+04	-5.345022e+01
2.536309e+04	-5.342138e+01
2.550958e+04	-5.323085e+01
2.565692e+04	-5.327229e+01
2.580512e+04	-5.316114e+01
2.595417e+04	-5.306128e+01
2.610408e+04	-5.305531e+01
2.625485e+04	-5.292298e+01
2.640650e+04	-5.286837e+01
2.655902e+04	-5.276144e+01
2.671243e+04	-5.274052e+01
2.686672e+04	-5.269031e+01
2.702190e+04	-5.262994e+01
2.717798e+04	-5.255656e+01
2.733495e+04	-5.244363e+01
2.749284e+04	-5.231215e+01
2.765164e+04	-5.231659e+01
2.781135e+04	-5.227778e+01
2.797199e+04	-5.212507e+01
2.813355e+04	-5.213117e+01
2.829605e+04	-5.209046e+01
2.845949e+04	-5.203472e+01
2.862387e+04	-5.191253e+01
2.878920e+04	-5.183629e+01
2.895549e+04	-5.184983e+01
2.912273e+04	-5.175576e+01
2.929094e+04	-5.163820e+01
2.946013e+04	-5.151998e+01
2.963029e+04	-5.158566e+01
2.980143e+04	-5.149463e+01
2.997356e+04	-5.138433e+01
3.014669e+04	-5.135932e+01
3.032081e+04	-5.129234e+01
3.049595e+04	-5.120487e+01
3.067209e+04	-5.119189e+01
3.084925e+04	-5.105207e+01
3.102743e+04	-5.099465e+01
3.120665e+04	-5.093764e+01
3.138690e+04	-5.083844e+01
3.156819e+04	-5.082939e+01
3.175052e+04	-5.074461e+01
3.193391e+04	-5.074285e+01
3.211836e+04	-5.063674e+01
3.230388e+04	-5.053442e+01
3.249046e+04	-5.051838e+01
3.267812e+04	-5.046743e+01
3.286687e+04	-5.041523e+01
3.305671e+04	-5.028973e+01
3.324764e+04	-5.029740e+01
3.343968e+04	-5.021030e+01
3.363283e+04	-5.015466e+01
3.382709e+04	-5.008276e+01
3.402247e+04	-5.002720e+01
3.421899e+04	-4.996873e+01
3.441663e+04	-4.988140e+01
3.461542e+04	-4.980693e+01
3.481536e+04	-4.978564e+01
3.501645e+04	-4.974478e+01
3.521871e+04	-4.965461e+01
3.542213e+04	-4.959381e+01
3.562672e+04	-4.954102e+01
3.583250e+04	-4.948953e+01
3.603947e+04	-4.940473e+01
3.624763e+04	-4.937461e+01
3.645700e+04	-4.927372e+01
3.666757e+04	-4.926135e+01
3.687936e+04	-4.916696e+01
3.709238e+04	-4.913219e+01
3.730662e+04	-4.905033e+01
3.752210e+04	-4.903024e+01
3.773883e+04	-4.895909e+01
3.795680e+04	-4.889484e+01
3.817604e+04	-4.885578e+01
3.839654e+04	-4.874256e+01
3.861832e+04	-4.870583e+01
3.884138e+04	-4.870045e+01
3.906573e+04	-4.861446e+01
3.929137e+04	-4.854958e+01
3.951831e+04	-4.846273e+01
3.974657e+04	-4.845129e+01
3.997614e+04	-4.835276e+01
4.020704e+04	-4.834028e+01
4.043928e+04	-4.826337e+01
4.067285e+04	-4.816592e+01
4.090778e+04	-4.813894e+01
4.114406e+04	-4.802909e+01
4.138171e+04	-4.799255e+01
4.162073e+04	-4.798254e+01
4.186113e+04	-4.790234e+01
4.210291e+04	-4.784801e+01
4.234610e+04	-4.776201e+01
4.259069e+04	-4.768085e+01
4.283669e+04	-4.770924e+01
4.308411e+04	-4.761624e+01
4.333297e+04	-4.754912e+01
4.358325e+04	-4.748416e+01
4.383499e+04	-4.741394e+01
4.408818e+04	-4.740452e+01
4.434283e+04	-4.734177e+01
4.459895e+04	-4.726071e+01
4.485655e+04	-4.724159e+01
4.511564e+04	-4.713805e+01
4.537623e+04	-4.710645e+01
4.563832e+04	-4.705693e+01
4.590193e+04	-4.699924e+01
4.616705e+04	-4.696727e+01
4.643371e+04	-4.689402e+01
4.670191e+04	-4.680385e+01
4.697166e+04	-4.676999e+01
4.724297e+04	-4.671703e+01
4.751584e+04	-4.664179e+01
4.779029e+04	-4.660176e+01
4.806633e+04	-4.653047e+01
4.834395e+04	-4.650548e+01
4.862319e+04	-4.639373e+01
4.890403e+04	-4.639302e+01
4.918650e+04	-4.633789e+01
4.947060e+04	-4.626149e+01
4.975634e+04	-4.621808e+01
5.004373e+04	-4.616395e+01
5.033278e+04	-4.609453e+01
5.062350e+04	-4.608481e+01
5.091590e+04	-4.600325e+01
5.120999e+04	-4.594003e+01
5.150578e+04	-4.591346e+01
5.180327e+04	-4.585370e+01
5.210248e+04	-4.576057e+01
5.240343e+04	-4.574656e+01
5.270611e+04	-4.566741e+01
5.301053e+04	-4.559161e+01
5.331672e+04	-4.559679e+01
5.362468e+04	-4.548095e+01
5.393441e+04	-4.543406e+01
5.424593e+04	-4.539049e+01
5.455926e+04	-4.535774e+01
5.487439e+04	-4.530220e+01
5.519134e+04	-4.525064e+01
5.551012e+04	-4.516924e+01
5.583075e+04	-4.513382e+01
5.615322e+04	-4.509485e+01
5.647756e+04	-4.504202e+01
5.680377e+04	-4.496697e+01
5.713187e+04	-4.491455e+01
5.746186e+04	-4.484686e+01
5.779376e+04	-4.478555e+01
5.812757e+04	-4.475563e+01
5.846332e+04	-4.471730e+01
5.880100e+04	-4.465457e+01
5.914063e+04	-4.460930e+01
5.948222e+04	-4.453906e+01
5.982579e+04	-4.447795e+01
6.017134e+04	-4.443408e+01
6.051889e+04	-4.436219e+01
6.086844e+04	-4.429324e+01
6.122002e+04	-4.427642e+01
6.157362e+04	-4.420022e+01
6.192927e+04	-4.419357e+01
6.228697e+04	-4.414385e+01
6.264674e+04	-4.407614e+01
6.300858e+04	-4.398617e+01
6.337252e+04	-4.394610e+01
6.373855e+04	-4.390612e+01
6.410670e+04	-4.385160e+01
6.447698e+04	-4.379058e+01
6.484940e+04	-4.376299e+01
6.522397e+04	-4.369941e+01
6.560070e+04	-4.365591e+01
6.597960e+04	-4.357901e+01
6.636070e+04	-4.353138e+01
6.674400e+04	-4.348571e+01
6.712951e+04	-4.345139e+01
6.751724e+04	-4.337482e+01
6.790722e+04	-4.330181e+01
6.829945e+04	-4.327662e+01
6.869395e+04	-4.321466e+01
6.909072e+04	-4.315300e+01
6.948978e+04	-4.313393e+01
6.989115e+04	-4.306573e+01
7.029484e+04	-4.302517e+01
7.070086e+04	-4.294006e+01
7.110923e+04	-4.288785e+01
7.151995e+04	-4.283136e+01
7.193305e+04	-4.279188e+01
7.234853e+04	-4.276867e+01
7.276641e+04	-4.269429e+01
7.318671e+04	-4.264541e+01
7.360943e+04	-4.258282e+01
7.403460e+04	-4.254134e+01
7.446222e+04	-4.248722e+01
7.489231e+04	-4.243724e+01
7.532488e+04	-4.235611e+01
7.575996e+04	-4.232211e+01
7.619754e+04	-4.227325e+01
7.663766e+04	-4.222904e+01
7.708031e+04	-4.217505e+01
7.752553e+04	-4.213302e+01
7.797331e+04	-4.206790e+01
7.842368e+04	-4.202501e+01
7.887665e+04	-4.196581e+01
7.933224e+04	-4.192693e+01
7.979046e+04	-4.183835e+01
8.025133e+04	-4.179590e+01
8.071486e+04	-4.176722e+01
8.118106e+04	-4.170592e+01
8.164996e+04	-4.164521e+01
8.212157e+04	-4.159619e+01
8.259590e+04	-4.155439e+01
8.307297e+04	-4.150731e+01
8.355279e+04	-4.146054e+01
8.403539e+04	-4.140117e+01
8.452078e+04	-4.135251e+01
8.500897e+04	-4.129038e+01
8.549997e+04	-4.122678e+01
8.599382e+04	-4.119834e+01
8.649052e+04	-4.115031e+01
8.699008e+04	-4.108306e+01
8.749253e+04	-4.103157e+01
8.799789e+04	-4.098105e+01
8.850616e+04	-4.092989e+01
8.901737e+04	-4.089100e+01
8.953153e+04	-4.083083e+01
9.004866e+04	-4.078558e+01
9.056877e+04	-4.070919e+01
9.109190e+04	-4.067633e+01
9.161804e+04	-4.059222e+01
9.214722e+04	-4.055617e+01
9.267946e+04	-4.052562e+01
9.321477e+04	-4.046761e+01
9.375318e+04	-4.040930e+01
9.429469e+04	-4.038432e+01
9.483933e+04	-4.030396e+01
9.538712e+04	-4.027229e+01
9.593807e+04	-4.020100e+01
9.649221e+04	-4.015195e+01
9.704954e+04	-4.010299e+01
9.761010e+04	-4.006950e+01
9.817389e+04	-4.000710e+01
9.874094e+04	-3.993330e+01
9.931126e+04	-3.990762e+01
9.988488e+04	-3.985062e+01
1.004618e+05	-3.978343e+01
1.010421e+05	-3.975072e+01
1.016257e+05	-3.970017e+01
1.022127e+05	-3.964675e+01
1.028031e+05	-3.959684e+01
1.033968e+05	-3.954644e+01
1.039941e+05	-3.950850e+01
1.045947e+05	-3.944308e+01
1.051989e+05	-3.939726e+01
1.058065e+05	-3.933334e+01
1.064176e+05	-3.928623e+01
1.070323e+05	-3.924568e+01
1.076505e+05	-3.919551e+01
1.082723e+05	-3.915242e+01
1.088977e+05	-3.908380e+01
1.095266e+05	-3.902770e+01
1.101593e+05	-3.899137e+01
1.107955e+05	-3.893278e+01
1.114355e+05	-3.888655e+01
1.120791e+05	-3.883135e+01
1.127265e+05	-3.877756e+01
1.133776e+05	-3.872037e+01
1.140325e+05	-3.868001e+01
1.146911e+05	-3.861728e+01
1.153536e+05	-3.859273e+01
1.160198e+05	-3.853063e+01
1.166900e+05	-3.848424e+01
1.173640e+05	-3.843444e+01
1.180419e+05	-3.837541e+01
1.187237e+05	-3.832643e+01
1.194094e+05	-3.827220e+01
1.200991e+05	-3.821635e+01
1.207928e+05	-3.817045e+01
1.214905e+05	-3.811716e+01
1.221922e+05	-3.805974e+01
1.228980e+05	-3.801661e+01
1.236078e+05	-3.797003e+01
1.243218e+05	-3.791760e+01
1.250399e+05	-3.785359e+01
1.257621e+05	-3.780830e+01
1.264885e+05	-3.777591e+01
1.272191e+05	-3.770694e+01
1.279539e+05	-3.765369e+01
1.286930e+05	-3.761126e+01
1.294363e+05	-3.756638e+01
1.301839e+05	-3.751951e+01
1.309358e+05	-3.746528e+01
1.316921e+05	-3.740176e+01
1.324528e+05	-3.736724e+01
1.332178e+05	-3.730906e+01
1.339873e+05	-3.726023e+01
1.347612e+05	-3.719475e+01
1.355395e+05	-3.716363e+01
1.363224e+05	-3.709885e+01
1.371098e+05	-3.706310e+01
1.379018e+05	-3.700724e+01
1.386983e+05	-3.695973e+01
1.394994e+05	-3.690017e+01
1.403051e+05	-3.686107e+01
1.411155e+05	-3.680674e+01
1.419306e+05	-3.675650e+01
1.427504e+05	-3.670212e+01
1.435749e+05	-3.664791e+01
1.444042e+05	-3.660035e+01
1.452383e+05	-3.655594e+01
1.460772e+05	-3.650455e+01
1.469209e+05	-3.644871e+01
1.477695e+05	-3.640438e+01
1.486230e+05	-3.634381e+01
1.494814e+05	-3.629910e+01
1.503448e+05	-3.624738e+01
1.512132e+05	-3.619524e+01
1.520866e+05	-3.615030e+01
1.529651e+05	-3.609321e+01
1.538486e+05	-3.604545e+01
1.547372e+05	-3.600368e+01
1.556310e+05	-3.595029e+01
1.565299e+05	-3.590195e+01
1.574340e+05	-3.584571e+01
1.583433e+05	-3.579613e+01
1.592579e+05	-3.574924e+01
1.601778e+05	-3.569207e+01
1.611030e+05	-3.563789e+01
1.620335e+05	-3.559160e+01
1.629694e+05	-3.554541e+01
1.639107e+05	-3.550485e+01
1.648574e+05	-3.544269e+01
1.658097e+05	-3.539931e+01
1.667674e+05	-3.534199e+01
1.677306e+05	-3.528742e+01
1.686994e+05	-3.524407e+01
1.696738e+05	-3.518928e+01
1.706538e+05	-3.514239e+01
1.716395e+05	-3.508759e+01
1.726309e+05	-3.503790e+01
1.736280e+05	-3.498501e+01
1.746309e+05	-3.493151e+01
1.756395e+05	-3.489345e+01
1.766540e+05	-3.483364e+01
1.776744e+05	-3.478591e+01
1.787006e+05	-3.474175e+01
1.797328e+05	-3.469051e+01
1.807709e+05	-3.464264e+01
1.818150e+05	-3.459510e+01
1.828652e+05	-3.454265e+01
1.839214e+05	-3.448544e+01
1.849837e+05	-3.443697e+01
1.860522e+05	-3.439137e+01
1.871268e+05	-3.434821e+01
1.882077e+05	-3.428704e+01
1.892948e+05	-3.423886e+01
1.903881e+05	-3.418210e+01
1.914878e+05	-3.413437e+01
1.925938e+05	-3.409165e+01
1.937062e+05	-3.403652e+01
1.948251e+05	-3.398653e+01
1.959504e+05	-3.393749e+01
1.970822e+05	-3.388145e+01
1.982205e+05	-3.383557e+01
1.993654e+05	-3.378787e+01
2.005169e+05	-3.373598e+01
2.016751e+05	-3.368299e+01
2.028400e+05	-3.362490e+01
2.040116e+05	-3.358722e+01
2.051899e+05	-3.352661e+01
2.063751e+05	-3.347839e+01
2.075671e+05	-3.342874e+01
2.087660e+05	-3.337719e+01
2.099719e+05	-3.333464e+01
2.111846e+05	-3.328616e+01
2.124044e+05	-3.323030e+01
2.136313e+05	-3.317939e+01
2.148652e+05	-3.312539e+01
2.161063e+05	-3.307934e+01
2.173545e+05	-3.303044e+01
2.186099e+05	-3.297666e+01
2.198726e+05	-3.292208e+01
2.211426e+05	-3.288246e+01
2.224199e+05	-3.282730e+01
2.237046e+05	-3.277643e+01
2.249967e+05	-3.272861e+01
2.262962e+05	-3.267922e+01
2.276033e+05	-3.262987e+01
2.289179e+05	-3.258626e+01
2.302402e+05	-3.252792e+01
2.315700e+05	-3.248323e+01
2.329076e+05	-3.243347e+01
2.342528e+05	-3.237531e+01
2.356059e+05	-3.233847e+01
2.369667e+05	-3.228152e+01
2.383354e+05	-3.223001e+01
2.397120e+05	-3.217476e+01
2.410966e+05	-3.212389e+01
2.424892e+05	-3.208313e+01
2.438898e+05	-3.203095e+01
2.452985e+05	-3.197690e+01
2.467153e+05	-3.192468e+01
2.481403e+05	-3.188039e+01
2.495736e+05	-3.182983e+01
2.510151e+05	-3.178248e+01
2.524650e+05	-3.172166e+01
2.539232e+05	-3.167410e+01
2.553898e+05	-3.163064e+01
2.568650e+05	-3.157463e+01
2.583486e+05	-3.153324e+01
2.598408e+05	-3.148597e+01
2.613416e+05	-3.142694e+01
2.628511e+05	-3.138083e+01
2.643694e+05	-3.133144e+01
2.658963e+05	-3.128056e+01
2.674321e+05	-3.122656e+01
2.689768e+05	-3.117893e+01
2.705304e+05	-3.113428e+01
2.720930e+05	-3.108060e+01
2.736646e+05	-3.102661e+01
2.752453e+05	-3.097802e+01
2.768351e+05	-3.092575e+01
2.784341e+05	-3.088092e+01
2.800423e+05	-3.082959e+01
2.816598e+05	-3.077762e+01
2.832867e+05	-3.072773e+01
2.849229e+05	-3.067953e+01
2.865686e+05	-3.063415e+01
2.882238e+05	-3.057766e+01
2.898886e+05	-3.053032e+01
2.915630e+05	-3.047603e+01
2.932470e+05	-3.042691e+01
2.949408e+05	-3.037831e+01
2.966444e+05	-3.033073e+01
2.983578e+05	-3.028188e+01
3.000811e+05	-3.023017e+01
3.018143e+05	-3.017717e+01
3.035576e+05	-3.012964e+01
3.053109e+05	-3.007776e+01
3.070744e+05	-3.002967e+01
3.088481e+05	-2.998155e+01
3.106320e+05	-2.993193e+01
3.124261e+05	-2.988025e+01
3.142307e+05	-2.982933e+01
3.160457e+05	-2.978364e+01
3.178712e+05	-2.973616e+01
3.197072e+05	-2.968185e+01
3.215538e+05	-2.962958e+01
3.234111e+05	-2.958209e+01
3.252791e+05	-2.953580e+01
3.271579e+05	-2.948336e+01
3.290475e+05	-2.943010e+01
3.309481e+05	-2.938282e+01
3.328596e+05	-2.932990e+01
3.347822e+05	-2.928087e+01
3.367159e+05	-2.923454e+01
3.386608e+05	-2.918118e+01
3.406169e+05	-2.913342e+01
3.425842e+05	-2.908282e+01
3.445630e+05	-2.903271e+01
3.465532e+05	-2.898560e+01
3.485549e+05	-2.893276e+01
3.505681e+05	-2.888590e+01
3.525930e+05	-2.883554e+01
3.546295e+05	-2.878377e+01
3.566778e+05	-2.873291e+01
3.587380e+05	-2.868447e+01
3.608101e+05	-2.863266e+01
3.628941e+05	-2.858667e+01
3.649901e+05	-2.853498e+01
3.670983e+05	-2.848357e+01
3.692187e+05	-2.843482e+01
3.713513e+05	-2.838797e+01
3.734962e+05	-2.833461e+01
3.756535e+05	-2.828147e+01
3.778232e+05	-2.823548e+01
3.800055e+05	-2.818832e+01
3.822004e+05	-2.813462e+01
3.844080e+05	-2.808534e+01
3.866283e+05	-2.803519e+01
3.888615e+05	-2.798890e+01
3.911075e+05	-2.793650e+01
3.933665e+05	-2.788373e+01
3.956386e+05	-2.783856e+01
3.979238e+05	-2.778811e+01
4.002222e+05	-2.773365e+01
4.025338e+05	-2.769118e+01
4.048589e+05	-2.764080e+01
4.071973e+05	-2.758877e+01
4.095493e+05	-2.753528e+01
4.119148e+05	-2.749036e+01
4.142940e+05	-2.743825e+01
4.166870e+05	-2.738962e+01
4.190937e+05	-2.734115e+01
4.215144e+05	-2.728990e+01
4.239490e+05	-2.724189e+01
4.263978e+05	-2.719196e+01
4.288606e+05	-2.713989e+01
4.313377e+05	-2.709249e+01
4.338291e+05	-2.704331e+01
4.363349e+05	-2.699387e+01
4.388551e+05	-2.694673e+01
4.413899e+05	-2.689468e+01
4.439394e+05	-2.684103e+01
4.465035e+05	-2.679480e+01
4.490825e+05	-2.674250e+01
4.516764e+05	-2.669684e+01
4.542853e+05	-2.664531e+01
4.569092e+05	-2.659792e+01
4.595483e+05	-2.654719e+01
4.622026e+05	-2.649576e+01
4.648723e+05	-2.644840e+01
4.675574e+05	-2.639665e+01
4.702580e+05	-2.634783e+01
4.729742e+05	-2.629690e+01
4.757060e+05	-2.624773e+01
4.784537e+05	-2.619816e+01
4.812172e+05	-2.615004e+01
4.839967e+05	-2.610156e+01
4.867923e+05	-2.604796e+01
4.896040e+05	-2.600210e+01
4.924319e+05	-2.595007e+01
4.952762e+05	-2.590194e+01
4.981369e+05	-2.585036e+01
5.010141e+05	-2.580124e+01
5.039079e+05	-2.575502e+01
5.068185e+05	-2.570073e+01
5.097458e+05	-2.565524e+01
5.126901e+05	-2.560574e+01
5.156514e+05	-2.555418e+01
5.186298e+05	-2.550580e+01
5.216253e+05	-2.545546e+01
5.246382e+05	-2.541076e+01
5.276685e+05	-2.535985e+01
5.307163e+05	-2.530949e+01
5.337817e+05	-2.526073e+01
5.368648e+05	-2.521030e+01
5.399657e+05	-2.515929e+01
5.430845e+05	-2.510741e+01
5.462214e+05	-2.506380e+01
5.493763e+05	-2.501136e+01
5.525495e+05	-2.496132e+01
5.557410e+05	-2.491112e+01
5.589509e+05	-2.486423e+01
5.621794e+05	-2.481666e+01
5.654265e+05	-2.476489e+01
5.686924e+05	-2.471297e+01
5.719772e+05	-2.466598e+01
5.752809e+05	-2.461858e+01
5.786037e+05	-2.456676e+01
5.819457e+05	-2.451648e+01
5.853070e+05	-2.446568e+01
5.886877e+05	-2.441948e+01
5.920879e+05	-2.436868e+01
5.955078e+05	-2.432062e+01
5.989474e+05	-2.426999e+01
6.024069e+05	-2.422292e+01
6.058864e+05	-2.417071e+01
6.093860e+05	-2.412443e+01
6.129058e+05	-2.407254e+01
6.164459e+05	-2.402103e+01
6.200064e+05	-2.397611e+01
6.235876e+05	-2.392792e+01
6.271894e+05	-2.387623e+01
6.308120e+05	-2.382789e+01
6.344555e+05	-2.377680e+01
6.381201e+05	-2.372785e+01
6.418059e+05	-2.368013e+01
6.455129e+05	-2.363196e+01
6.492414e+05	-2.358279e+01
6.529914e+05	-2.353181e+01
6.567630e+05	-2.348393e+01
6.605565e+05	-2.343203e+01
6.643718e+05	-2.338455e+01
6.682092e+05	-2.333530e+01
6.720688e+05	-2.328625e+01
6.759506e+05	-2.323704e+01
6.798549e+05	-2.318817e+01
6.837817e+05	-2.314024e+01
6.877312e+05	-2.309375e+01
6.917035e+05	-2.304440e+01
6.956987e+05	-2.299191e+01
6.997171e+05	-2.294311e+01
7.037586e+05	-2.289354e+01
7.078235e+05	-2.284445e+01
7.119118e+05	-2.279614e+01
7.160238e+05	-2.274701e+01
7.201595e+05	-2.269827e+01
7.243191e+05	-2.264965e+01
7.285028e+05	-2.259941e+01
7.327106e+05	-2.255077e+01
7.369427e+05	-2.250215e+01
7.411992e+05	-2.245232e+01
7.454804e+05	-2.240369e+01
7.497862e+05	-2.235495e+01
7.541170e+05	-2.230869e+01
7.584727e+05	-2.225884e+01
7.628536e+05	-2.220982e+01
7.672598e+05	-2.215976e+01
7.716915e+05	-2.210964e+01
7.761488e+05	-2.206234e+01
7.806318e+05	-2.201236e+01
7.851407e+05	-2.196512e+01
7.896756e+05	-2.191647e+01
7.942367e+05	-2.186638e+01
7.988242e+05	-2.181672e+01
8.034382e+05	-2.176848e+01
8.080788e+05	-2.172202e+01
8.127463e+05	-2.166919e+01
8.174406e+05	-2.162220e+01
8.221621e+05	-2.157501e+01
8.269109e+05	-2.152478e+01
8.316871e+05	-2.147404e+01
8.364909e+05	-2.142940e+01
8.413225e+05	-2.137820e+01
8.461819e+05	-2.132910e+01
8.510694e+05	-2.128014e+01
8.559852e+05	-2.123199e+01
8.609293e+05	-2.118359e+01
8.659020e+05	-2.113527e+01
8.709034e+05	-2.108722e+01
8.759337e+05	-2.103818e+01
8.809931e+05	-2.098954e+01
8.860816e+05	-2.094035e+01
8.911996e+05	-2.089456e+01
8.963471e+05	-2.084310e+01
9.015244e+05	-2.079292e+01
9.067316e+05	-2.074764e+01
9.119688e+05	-2.069737e+01
9.172363e+05	-2.064971e+01
9.225342e+05	-2.060021e+01
9.278628e+05	-2.055370e+01
9.332221e+05	-2.050435e+01
9.386123e+05	-2.045614e+01
9.440337e+05	-2.040848e+01
9.494864e+05	-2.035791e+01
9.549706e+05	-2.031184e+01
9.604865e+05	-2.026185e+01
9.660342e+05	-2.021371e+01
9.716140e+05	-2.016595e+01
9.772260e+05	-2.011793e+01
9.828704e+05	-2.006893e+01
9.885474e+05	-2.002199e+01
9.942572e+05	-1.997368e+01
1.000000e+06	-1.992490e+01
