Frequency(Hz)	Magnitude(dB)
1.000000e+01	5.593016e-05
1.005776e+01	-9.459401e-05
1.011585e+01	-5.454495e-05
1.017428e+01	2.586857e-05
1.023305e+01	6.430390e-05
1.029215e+01	6.604506e-05
1.035160e+01	-7.387570e-05
1.041139e+01	-5.745332e-05
1.047153e+01	4.176946e-05
1.053201e+01	-8.305281e-05
1.059284e+01	1.263041e-05
1.065403e+01	7.563851e-06
1.071556e+01	-4.655605e-05
1.077746e+01	1.217215e-04
1.083971e+01	1.647893e-05
1.090232e+01	1.233320e-04
1.096529e+01	4.828382e-05
1.102862e+01	1.097341e-05
1.109232e+01	-1.065482e-04
1.115639e+01	-7.841799e-05
1.122083e+01	-9.561419e-05
1.128564e+01	2.928706e-05
1.135083e+01	-9.492204e-05
1.141639e+01	3.499443e-05
1.148233e+01	-2.604775e-05
1.154865e+01	7.415693e-05
1.161536e+01	1.565177e-05
1.168245e+01	1.103171e-05
1.174992e+01	-1.141731e-04
1.181779e+01	-1.138746e-04
1.188605e+01	5.495347e-05
1.195470e+01	4.677548e-05
1.202375e+01	-1.054128e-04
1.209320e+01	-7.323715e-05
1.216305e+01	-2.772283e-05
1.223330e+01	8.838436e-05
1.230396e+01	1.782670e-05
1.237503e+01	-4.796967e-05
1.244651e+01	-8.925821e-05
1.251840e+01	-4.711726e-05
1.259070e+01	-1.345250e-04
1.266343e+01	-1.041029e-04
1.273657e+01	-7.691820e-05
1.281014e+01	-1.014380e-04
1.288413e+01	-1.257213e-05
1.295855e+01	3.977171e-06
1.303339e+01	1.066911e-04
1.310867e+01	-6.597851e-05
1.318439e+01	-1.676279e-04
1.326054e+01	-1.569906e-04
1.333713e+01	-1.033789e-04
1.341417e+01	-1.124386e-04
1.349165e+01	2.531383e-05
1.356958e+01	1.213230e-04
1.364795e+01	-1.430639e-04
1.372678e+01	-1.637868e-05
1.380607e+01	1.757502e-05
1.388581e+01	-7.219913e-05
1.396602e+01	-5.314900e-05
1.404668e+01	-6.527865e-05
1.412782e+01	3.444265e-05
1.420942e+01	5.631812e-05
1.429149e+01	8.216235e-05
1.437404e+01	1.041817e-04
1.445706e+01	-2.973761e-05
1.454057e+01	-2.519035e-05
1.462455e+01	-1.059026e-04
1.470902e+01	-1.900445e-04
1.479398e+01	5.988061e-05
1.487943e+01	-1.477123e-04
1.496537e+01	-1.062632e-04
1.505181e+01	1.213748e-04
1.513875e+01	-1.835421e-04
1.522619e+01	3.064111e-05
1.531414e+01	2.697710e-05
1.540259e+01	-1.292656e-04
1.549156e+01	7.024040e-05
1.558103e+01	-8.310730e-05
1.567103e+01	-5.922098e-05
1.576155e+01	1.210619e-05
1.585258e+01	-6.188043e-05
1.594415e+01	-1.562595e-05
1.603624e+01	1.683655e-07
1.612886e+01	-7.721842e-05
1.622202e+01	3.910657e-05
1.631572e+01	-1.543881e-04
1.640996e+01	-1.481756e-04
1.650474e+01	-1.292979e-04
1.660008e+01	-8.253517e-05
1.669596e+01	-1.419894e-04
1.679239e+01	4.031348e-05
1.688938e+01	-9.746905e-05
1.698694e+01	-9.887508e-05
1.708505e+01	1.562201e-05
1.718373e+01	-1.437353e-04
1.728299e+01	-9.463698e-05
1.738281e+01	1.286366e-05
1.748322e+01	7.166851e-05
1.758420e+01	-4.342312e-06
1.768576e+01	5.978593e-05
1.778792e+01	2.951444e-05
1.789066e+01	-1.369555e-04
1.799399e+01	-8.303759e-06
1.809793e+01	-1.630270e-04
1.820246e+01	-1.655106e-05
1.830760e+01	-4.628125e-05
1.841334e+01	7.770386e-05
1.851969e+01	-2.353143e-04
1.862666e+01	-1.658957e-04
1.873425e+01	4.647778e-05
1.884246e+01	8.649427e-05
1.895129e+01	-1.323873e-04
1.906075e+01	-1.444131e-04
1.917085e+01	4.739020e-05
1.928158e+01	-1.008948e-05
1.939295e+01	-8.623416e-05
1.950496e+01	-9.731463e-05
1.961762e+01	-8.628679e-05
1.973093e+01	-3.259318e-05
1.984490e+01	-3.892693e-05
1.995952e+01	-9.957377e-05
2.007480e+01	-1.910549e-04
2.019076e+01	-1.650667e-04
2.030738e+01	-8.743951e-05
2.042467e+01	-1.587382e-04
2.054264e+01	-1.462738e-04
2.066130e+01	1.368879e-05
2.078064e+01	2.938639e-05
2.090066e+01	5.098673e-06
2.102139e+01	-1.306857e-04
2.114280e+01	3.962150e-05
2.126492e+01	2.116886e-05
2.138775e+01	9.477360e-05
2.151128e+01	-1.557369e-04
2.163553e+01	-1.644520e-05
2.176050e+01	-1.204187e-05
2.188619e+01	-5.814900e-05
2.201260e+01	-3.671501e-05
2.213974e+01	-1.614334e-04
2.226762e+01	-1.045749e-04
2.239624e+01	-1.611449e-04
2.252560e+01	-1.727098e-04
2.265571e+01	-1.956895e-05
2.278656e+01	-2.036209e-05
2.291818e+01	-1.354974e-04
2.305055e+01	-2.345698e-05
2.318369e+01	-4.791639e-05
2.331760e+01	-1.019528e-04
2.345228e+01	-2.705603e-07
2.358774e+01	-2.173109e-04
2.372398e+01	-1.369280e-04
2.386101e+01	5.684976e-05
2.399883e+01	-1.792979e-04
2.413745e+01	-1.291883e-04
2.427686e+01	-1.120739e-04
2.441709e+01	-2.602486e-05
2.455812e+01	-1.872227e-04
2.469997e+01	-2.291349e-04
2.484263e+01	-2.146889e-04
2.498612e+01	-2.043149e-04
2.513044e+01	-1.538250e-04
2.527559e+01	-1.273817e-04
2.542158e+01	1.575888e-05
2.556842e+01	-9.774374e-05
2.571610e+01	-5.754458e-05
2.586463e+01	-9.959274e-05
2.601403e+01	-2.002382e-04
2.616428e+01	-1.308745e-04
2.631541e+01	-8.683573e-06
2.646740e+01	-1.870977e-04
2.662028e+01	-8.439885e-05
2.677404e+01	-1.402512e-04
2.692868e+01	-1.140916e-04
2.708422e+01	-2.115462e-04
2.724066e+01	-6.723600e-05
2.739800e+01	-2.063190e-05
2.755625e+01	-2.145680e-04
2.771541e+01	-3.144019e-05
2.787550e+01	-2.287174e-04
2.803650e+01	-1.131390e-04
2.819844e+01	-2.133988e-04
2.836131e+01	-2.794789e-04
2.852513e+01	-3.216103e-04
2.868989e+01	-1.847681e-04
2.885560e+01	-2.458515e-04
2.902227e+01	-5.948923e-05
2.918990e+01	-1.010423e-04
2.935850e+01	1.715700e-05
2.952807e+01	-1.110781e-04
2.969863e+01	-1.004535e-04
2.987016e+01	-2.296436e-04
3.004269e+01	-2.914370e-04
3.021622e+01	-1.965561e-04
3.039075e+01	-4.913237e-05
3.056628e+01	-3.533925e-04
3.074283e+01	1.824157e-05
3.092040e+01	-2.823819e-04
3.109900e+01	-1.275115e-04
3.127862e+01	-2.612813e-04
3.145929e+01	-3.696213e-05
3.164099e+01	-1.918802e-04
3.182375e+01	-2.599247e-04
3.200756e+01	-2.317823e-04
3.219244e+01	-1.352538e-04
3.237838e+01	-2.141659e-04
3.256540e+01	-2.531912e-04
3.275349e+01	-2.795153e-04
3.294268e+01	-2.451870e-04
3.313295e+01	-1.157306e-04
3.332433e+01	-1.993981e-04
3.351681e+01	-1.240147e-04
3.371040e+01	-2.154411e-04
3.390511e+01	-3.707409e-04
3.410094e+01	-4.264214e-04
3.429791e+01	-2.264245e-04
3.449601e+01	-2.536374e-04
3.469526e+01	-2.243947e-04
3.489566e+01	-2.256659e-04
3.509721e+01	-2.502693e-04
3.529993e+01	-3.536106e-04
3.550382e+01	-1.320578e-04
3.570889e+01	-1.707474e-04
3.591515e+01	-2.759781e-04
3.612259e+01	-1.891489e-04
3.633123e+01	-9.655518e-05
3.654108e+01	-2.986509e-04
3.675214e+01	-5.947215e-05
3.696442e+01	-3.294011e-04
3.717792e+01	-3.080370e-04
3.739266e+01	-2.428005e-04
3.760864e+01	-2.259095e-04
3.782587e+01	-2.060322e-04
3.804435e+01	-3.082547e-04
3.826409e+01	-2.640734e-04
3.848510e+01	-1.195910e-04
3.870739e+01	-1.249472e-04
3.893096e+01	-2.801605e-04
3.915583e+01	-2.781727e-04
3.938199e+01	-1.862573e-04
3.960946e+01	-3.051622e-04
3.983824e+01	-1.110040e-04
4.006834e+01	-1.554954e-04
4.029978e+01	-3.535030e-04
4.053255e+01	-2.662296e-04
4.076666e+01	-2.460072e-04
4.100213e+01	-2.763000e-04
4.123896e+01	-2.635422e-04
4.147715e+01	-2.233693e-04
4.171672e+01	-3.504960e-04
4.195767e+01	-2.149021e-04
4.220002e+01	-2.681174e-04
4.244377e+01	-2.804676e-04
4.268892e+01	-2.315483e-04
4.293549e+01	-3.296418e-04
4.318348e+01	-3.083388e-04
4.343291e+01	-3.774441e-04
4.368377e+01	-2.511982e-04
4.393609e+01	-3.617563e-04
4.418986e+01	-2.401321e-04
4.444510e+01	-3.950482e-04
4.470182e+01	-4.580723e-04
4.496001e+01	-1.716952e-04
4.521970e+01	-3.618681e-04
4.548089e+01	-3.157230e-04
4.574358e+01	-3.441668e-04
4.600779e+01	-4.758740e-04
4.627353e+01	-3.647730e-04
4.654081e+01	-3.850150e-04
4.680963e+01	-3.443552e-04
4.708000e+01	-4.135861e-04
4.735193e+01	-3.054573e-04
4.762543e+01	-2.675304e-04
4.790051e+01	-3.617493e-04
4.817719e+01	-4.140508e-04
4.845545e+01	-4.055671e-04
4.873533e+01	-2.374357e-04
4.901682e+01	-4.339695e-04
4.929994e+01	-4.323286e-04
4.958470e+01	-4.577202e-04
4.987110e+01	-3.599418e-04
5.015915e+01	-4.132282e-04
5.044887e+01	-5.907633e-04
5.074026e+01	-3.815850e-04
5.103333e+01	-3.359970e-04
5.132810e+01	-3.814216e-04
5.162457e+01	-3.608062e-04
5.192275e+01	-4.134109e-04
5.222265e+01	-3.722444e-04
5.252429e+01	-5.004824e-04
5.282767e+01	-6.357728e-04
5.313280e+01	-4.786590e-04
5.343969e+01	-7.112830e-04
5.374836e+01	-4.841049e-04
5.405880e+01	-3.928709e-04
5.437105e+01	-4.502628e-04
5.468509e+01	-5.002865e-04
5.500095e+01	-2.860071e-04
5.531863e+01	-5.052042e-04
5.563815e+01	-5.306255e-04
5.595951e+01	-4.131768e-04
5.628273e+01	-6.685056e-04
5.660782e+01	-4.925773e-04
5.693479e+01	-4.401655e-04
5.726364e+01	-6.412690e-04
5.759439e+01	-3.922742e-04
5.792705e+01	-6.564500e-04
5.826164e+01	-5.028969e-04
5.859815e+01	-6.280709e-04
5.893662e+01	-4.235152e-04
5.927703e+01	-5.367204e-04
5.961941e+01	-5.820175e-04
5.996377e+01	-5.702219e-04
6.031012e+01	-6.076214e-04
6.065847e+01	-7.089552e-04
6.100883e+01	-6.052524e-04
6.136121e+01	-5.831786e-04
6.171563e+01	-7.068226e-04
6.207210e+01	-5.940212e-04
6.243063e+01	-4.477015e-04
6.279122e+01	-7.128576e-04
6.315390e+01	-6.419679e-04
6.351868e+01	-6.909610e-04
6.388556e+01	-5.887144e-04
6.425456e+01	-7.905241e-04
6.462569e+01	-6.364406e-04
6.499897e+01	-8.005714e-04
6.537440e+01	-6.911084e-04
6.575200e+01	-6.005510e-04
6.613178e+01	-7.814300e-04
6.651375e+01	-7.299330e-04
6.689793e+01	-8.047154e-04
6.728433e+01	-5.823282e-04
6.767297e+01	-6.442872e-04
6.806384e+01	-8.181847e-04
6.845698e+01	-6.685634e-04
6.885238e+01	-7.843394e-04
6.925007e+01	-9.291629e-04
6.965005e+01	-8.074612e-04
7.005235e+01	-7.274245e-04
7.045697e+01	-8.744943e-04
7.086393e+01	-6.242263e-04
7.127323e+01	-8.439833e-04
7.168490e+01	-8.305327e-04
7.209895e+01	-7.851359e-04
7.251539e+01	-7.443950e-04
7.293424e+01	-8.610687e-04
7.335551e+01	-9.760963e-04
7.377920e+01	-8.109348e-04
7.420535e+01	-9.981859e-04
7.463396e+01	-9.720885e-04
7.506504e+01	-9.229447e-04
7.549861e+01	-8.440704e-04
7.593469e+01	-9.673118e-04
7.637328e+01	-9.841112e-04
7.681441e+01	-1.071402e-03
7.725809e+01	-1.087716e-03
7.770433e+01	-1.026739e-03
7.815315e+01	-9.723513e-04
7.860456e+01	-8.940088e-04
7.905857e+01	-9.831056e-04
7.951521e+01	-1.012040e-03
7.997449e+01	-1.139925e-03
8.043642e+01	-1.007222e-03
8.090102e+01	-1.168580e-03
8.136830e+01	-1.034759e-03
8.183828e+01	-1.082661e-03
8.231097e+01	-1.265908e-03
8.278640e+01	-1.054520e-03
8.326457e+01	-1.153998e-03
8.374550e+01	-1.051357e-03
8.422921e+01	-1.151959e-03
8.471572e+01	-1.248156e-03
8.520503e+01	-1.127389e-03
8.569717e+01	-1.231102e-03
8.619215e+01	-1.268127e-03
8.669000e+01	-1.347213e-03
8.719071e+01	-1.037568e-03
8.769432e+01	-1.344310e-03
8.820084e+01	-1.343217e-03
8.871029e+01	-1.146397e-03
8.922267e+01	-1.311050e-03
8.973802e+01	-1.400205e-03
9.025634e+01	-1.259291e-03
9.077766e+01	-1.363046e-03
9.130199e+01	-1.206124e-03
9.182935e+01	-1.518333e-03
9.235975e+01	-1.423542e-03
9.289321e+01	-1.389878e-03
9.342976e+01	-1.551979e-03
9.396941e+01	-1.434764e-03
9.451217e+01	-1.383682e-03
9.505807e+01	-1.489678e-03
9.560712e+01	-1.467461e-03
9.615934e+01	-1.476616e-03
9.671476e+01	-1.393314e-03
9.727338e+01	-1.695317e-03
9.783522e+01	-1.472085e-03
9.840032e+01	-1.676784e-03
9.896867e+01	-1.688338e-03
9.954031e+01	-1.661188e-03
1.001153e+02	-1.433006e-03
1.006935e+02	-1.689110e-03
1.012751e+02	-1.635303e-03
1.018601e+02	-1.651196e-03
1.024484e+02	-1.687047e-03
1.030402e+02	-1.841389e-03
1.036353e+02	-1.663495e-03
1.042339e+02	-1.784004e-03
1.048360e+02	-2.081058e-03
1.054415e+02	-1.690310e-03
1.060505e+02	-1.775107e-03
1.066631e+02	-1.854101e-03
1.072791e+02	-1.997723e-03
1.078988e+02	-1.864966e-03
1.085220e+02	-1.977619e-03
1.091488e+02	-2.060412e-03
1.097793e+02	-1.859779e-03
1.104133e+02	-2.036463e-03
1.110511e+02	-2.120908e-03
1.116925e+02	-2.040274e-03
1.123376e+02	-2.112601e-03
1.129865e+02	-2.126000e-03
1.136391e+02	-2.081817e-03
1.142955e+02	-2.467547e-03
1.149556e+02	-2.173106e-03
1.156196e+02	-2.181964e-03
1.162874e+02	-2.209274e-03
1.169591e+02	-2.202566e-03
1.176347e+02	-2.277223e-03
1.183141e+02	-2.339716e-03
1.189975e+02	-2.225512e-03
1.196848e+02	-2.354682e-03
1.203761e+02	-2.457294e-03
1.210714e+02	-2.420541e-03
1.217707e+02	-2.337107e-03
1.224740e+02	-2.398003e-03
1.231814e+02	-2.588232e-03
1.238929e+02	-2.605587e-03
1.246085e+02	-2.522137e-03
1.253283e+02	-2.502749e-03
1.260522e+02	-2.560716e-03
1.267802e+02	-2.694646e-03
1.275125e+02	-2.675425e-03
1.282490e+02	-2.696728e-03
1.289898e+02	-2.713557e-03
1.297348e+02	-2.773657e-03
1.304842e+02	-2.687867e-03
1.312378e+02	-2.742966e-03
1.319959e+02	-2.651297e-03
1.327583e+02	-2.805526e-03
1.335251e+02	-2.897567e-03
1.342963e+02	-2.672628e-03
1.350720e+02	-2.945067e-03
1.358522e+02	-3.065059e-03
1.366368e+02	-3.174434e-03
1.374260e+02	-3.176970e-03
1.382198e+02	-3.026409e-03
1.390182e+02	-3.086660e-03
1.398211e+02	-3.134831e-03
1.406287e+02	-3.278325e-03
1.414410e+02	-3.219615e-03
1.422579e+02	-3.372703e-03
1.430796e+02	-3.285570e-03
1.439060e+02	-3.479701e-03
1.447372e+02	-3.377545e-03
1.455732e+02	-3.394235e-03
1.464141e+02	-3.358689e-03
1.472597e+02	-3.577657e-03
1.481103e+02	-3.366157e-03
1.489658e+02	-3.535154e-03
1.498262e+02	-3.609016e-03
1.506916e+02	-3.763846e-03
1.515620e+02	-3.606598e-03
1.524374e+02	-3.790599e-03
1.533179e+02	-3.825755e-03
1.542034e+02	-3.856292e-03
1.550941e+02	-3.967257e-03
1.559899e+02	-3.913186e-03
1.568909e+02	-3.972945e-03
1.577971e+02	-4.092328e-03
1.587085e+02	-4.132244e-03
1.596252e+02	-4.237682e-03
1.605472e+02	-4.077857e-03
1.614745e+02	-4.113003e-03
1.624072e+02	-4.275534e-03
1.633453e+02	-4.437253e-03
1.642887e+02	-4.481156e-03
1.652377e+02	-4.280848e-03
1.661921e+02	-4.568239e-03
1.671520e+02	-4.583356e-03
1.681175e+02	-4.586501e-03
1.690885e+02	-4.681809e-03
1.700651e+02	-4.733610e-03
1.710474e+02	-4.644825e-03
1.720354e+02	-4.775312e-03
1.730291e+02	-4.891899e-03
1.740285e+02	-4.820333e-03
1.750337e+02	-4.976525e-03
1.760446e+02	-4.750310e-03
1.770615e+02	-4.927718e-03
1.780842e+02	-5.210666e-03
1.791128e+02	-5.092852e-03
1.801473e+02	-5.214090e-03
1.811878e+02	-5.217100e-03
1.822344e+02	-5.257503e-03
1.832870e+02	-5.238328e-03
1.843456e+02	-5.492212e-03
1.854104e+02	-5.648096e-03
1.864813e+02	-5.754557e-03
1.875584e+02	-5.692185e-03
1.886418e+02	-5.714526e-03
1.897313e+02	-5.846813e-03
1.908272e+02	-6.041907e-03
1.919294e+02	-5.923076e-03
1.930380e+02	-5.956709e-03
1.941530e+02	-5.999161e-03
1.952744e+02	-6.201792e-03
1.964023e+02	-6.023520e-03
1.975367e+02	-6.372503e-03
1.986777e+02	-6.385893e-03
1.998252e+02	-6.629966e-03
2.009794e+02	-6.337227e-03
2.021403e+02	-6.742202e-03
2.033078e+02	-6.713276e-03
2.044821e+02	-6.723986e-03
2.056632e+02	-6.712584e-03
2.068511e+02	-6.951449e-03
2.080459e+02	-6.940194e-03
2.092475e+02	-7.155300e-03
2.104561e+02	-7.158221e-03
2.116717e+02	-7.185689e-03
2.128943e+02	-7.220310e-03
2.141240e+02	-7.453193e-03
2.153608e+02	-7.517423e-03
2.166047e+02	-7.700381e-03
2.178558e+02	-7.597791e-03
2.191141e+02	-7.719883e-03
2.203797e+02	-7.913511e-03
2.216526e+02	-8.025060e-03
2.229329e+02	-7.964515e-03
2.242205e+02	-8.080654e-03
2.255156e+02	-8.217471e-03
2.268182e+02	-8.380365e-03
2.281283e+02	-8.322922e-03
2.294459e+02	-8.602840e-03
2.307712e+02	-8.536878e-03
2.321041e+02	-8.807370e-03
2.334447e+02	-8.832306e-03
2.347931e+02	-8.900507e-03
2.361493e+02	-9.075466e-03
2.375133e+02	-9.128771e-03
2.388851e+02	-9.224176e-03
2.402649e+02	-9.237684e-03
2.416527e+02	-9.456530e-03
2.430484e+02	-9.424025e-03
2.444523e+02	-9.729708e-03
2.458642e+02	-9.745143e-03
2.472843e+02	-9.942761e-03
2.487126e+02	-1.004513e-02
2.501492e+02	-9.984352e-03
2.515940e+02	-1.011031e-02
2.530472e+02	-1.030769e-02
2.545088e+02	-1.071744e-02
2.559789e+02	-1.057083e-02
2.574574e+02	-1.062957e-02
2.589444e+02	-1.080206e-02
2.604401e+02	-1.088579e-02
2.619444e+02	-1.109190e-02
2.634574e+02	-1.122634e-02
2.649791e+02	-1.133464e-02
2.665096e+02	-1.152925e-02
2.680489e+02	-1.149531e-02
2.695972e+02	-1.182931e-02
2.711544e+02	-1.193630e-02
2.727205e+02	-1.215336e-02
2.742958e+02	-1.228123e-02
2.758801e+02	-1.228436e-02
2.774736e+02	-1.241975e-02
2.790762e+02	-1.269128e-02
2.806882e+02	-1.269132e-02
2.823094e+02	-1.282471e-02
2.839400e+02	-1.308657e-02
2.855800e+02	-1.321965e-02
2.872295e+02	-1.329530e-02
2.888886e+02	-1.349143e-02
2.905572e+02	-1.361073e-02
2.922354e+02	-1.367243e-02
2.939234e+02	-1.410230e-02
2.956211e+02	-1.409984e-02
2.973286e+02	-1.425424e-02
2.990459e+02	-1.430473e-02
3.007732e+02	-1.458098e-02
3.025104e+02	-1.483851e-02
3.042577e+02	-1.495031e-02
3.060151e+02	-1.494437e-02
3.077826e+02	-1.516878e-02
3.095604e+02	-1.546762e-02
3.113484e+02	-1.565466e-02
3.131467e+02	-1.589708e-02
3.149554e+02	-1.614932e-02
3.167746e+02	-1.643787e-02
3.186043e+02	-1.633148e-02
3.204445e+02	-1.658049e-02
3.222954e+02	-1.675080e-02
3.241570e+02	-1.693011e-02
3.260293e+02	-1.704953e-02
3.279124e+02	-1.742486e-02
3.298064e+02	-1.766248e-02
3.317114e+02	-1.787037e-02
3.336273e+02	-1.793850e-02
3.355544e+02	-1.823637e-02
3.374925e+02	-1.846031e-02
3.394418e+02	-1.872454e-02
3.414024e+02	-1.863676e-02
3.433744e+02	-1.904768e-02
3.453577e+02	-1.934819e-02
3.473525e+02	-1.937645e-02
3.493588e+02	-1.971417e-02
3.513766e+02	-1.986026e-02
3.534062e+02	-2.013816e-02
3.554474e+02	-2.054911e-02
3.575005e+02	-2.057922e-02
3.595654e+02	-2.079066e-02
3.616422e+02	-2.112606e-02
3.637311e+02	-2.129586e-02
3.658320e+02	-2.172984e-02
3.679450e+02	-2.199287e-02
3.700702e+02	-2.209467e-02
3.722077e+02	-2.222520e-02
3.743576e+02	-2.280747e-02
3.765199e+02	-2.285152e-02
3.786946e+02	-2.319012e-02
3.808820e+02	-2.328212e-02
3.830819e+02	-2.366520e-02
3.852946e+02	-2.389687e-02
3.875200e+02	-2.411620e-02
3.897583e+02	-2.449698e-02
3.920096e+02	-2.469656e-02
3.942738e+02	-2.512283e-02
3.965511e+02	-2.541884e-02
3.988416e+02	-2.543859e-02
4.011452e+02	-2.605065e-02
4.034622e+02	-2.622237e-02
4.057926e+02	-2.655779e-02
4.081365e+02	-2.696674e-02
4.104938e+02	-2.702428e-02
4.128648e+02	-2.771061e-02
4.152495e+02	-2.794841e-02
4.176480e+02	-2.815628e-02
4.200603e+02	-2.842492e-02
4.224866e+02	-2.871870e-02
4.249268e+02	-2.902111e-02
4.273812e+02	-2.948923e-02
4.298497e+02	-2.993728e-02
4.323325e+02	-3.017378e-02
4.348297e+02	-3.049307e-02
4.373412e+02	-3.096257e-02
4.398673e+02	-3.122351e-02
4.424079e+02	-3.162046e-02
4.449633e+02	-3.176310e-02
4.475334e+02	-3.220113e-02
4.501183e+02	-3.272167e-02
4.527182e+02	-3.293892e-02
4.553330e+02	-3.338295e-02
4.579630e+02	-3.377136e-02
4.606082e+02	-3.423468e-02
4.632687e+02	-3.452622e-02
4.659445e+02	-3.480877e-02
4.686358e+02	-3.548817e-02
4.713426e+02	-3.575634e-02
4.740650e+02	-3.615438e-02
4.768032e+02	-3.660560e-02
4.795572e+02	-3.715893e-02
4.823271e+02	-3.737826e-02
4.851130e+02	-3.793585e-02
4.879150e+02	-3.842739e-02
4.907332e+02	-3.875691e-02
4.935676e+02	-3.934179e-02
4.964185e+02	-3.960768e-02
4.992858e+02	-4.012047e-02
5.021696e+02	-4.061950e-02
5.050701e+02	-4.111131e-02
5.079874e+02	-4.152015e-02
5.109215e+02	-4.207544e-02
5.138726e+02	-4.258502e-02
5.168407e+02	-4.295354e-02
5.198259e+02	-4.354351e-02
5.228284e+02	-4.402077e-02
5.258482e+02	-4.436194e-02
5.288855e+02	-4.500263e-02
5.319403e+02	-4.562100e-02
5.350128e+02	-4.609922e-02
5.381030e+02	-4.659900e-02
5.412111e+02	-4.719675e-02
5.443371e+02	-4.778084e-02
5.474812e+02	-4.835244e-02
5.506434e+02	-4.885362e-02
5.538239e+02	-4.938788e-02
5.570228e+02	-4.992162e-02
5.602401e+02	-5.033992e-02
5.634760e+02	-5.105507e-02
5.667306e+02	-5.170952e-02
5.700040e+02	-5.213614e-02
5.732964e+02	-5.291471e-02
5.766077e+02	-5.336686e-02
5.799382e+02	-5.405943e-02
5.832879e+02	-5.459839e-02
5.866569e+02	-5.529677e-02
5.900454e+02	-5.601750e-02
5.934535e+02	-5.669528e-02
5.968813e+02	-5.731930e-02
6.003288e+02	-5.802020e-02
6.037963e+02	-5.874805e-02
6.072838e+02	-5.927701e-02
6.107914e+02	-6.008138e-02
6.143194e+02	-6.064713e-02
6.178676e+02	-6.158769e-02
6.214364e+02	-6.213340e-02
6.250258e+02	-6.284540e-02
6.286359e+02	-6.346509e-02
6.322669e+02	-6.425068e-02
6.359189e+02	-6.498799e-02
6.395919e+02	-6.563537e-02
6.432862e+02	-6.652395e-02
6.470017e+02	-6.738256e-02
6.507388e+02	-6.798715e-02
6.544974e+02	-6.904303e-02
6.582778e+02	-6.952685e-02
6.620800e+02	-7.043447e-02
6.659041e+02	-7.116975e-02
6.697504e+02	-7.190790e-02
6.736188e+02	-7.289315e-02
6.775096e+02	-7.372620e-02
6.814229e+02	-7.459909e-02
6.853587e+02	-7.547863e-02
6.893173e+02	-7.638969e-02
6.932988e+02	-7.701265e-02
6.973033e+02	-7.801833e-02
7.013309e+02	-7.887849e-02
7.053817e+02	-7.976878e-02
7.094560e+02	-8.060516e-02
7.135538e+02	-8.177338e-02
7.176752e+02	-8.266027e-02
7.218205e+02	-8.365569e-02
7.259897e+02	-8.459703e-02
7.301830e+02	-8.538002e-02
7.344005e+02	-8.652983e-02
7.386424e+02	-8.753117e-02
7.429087e+02	-8.862288e-02
7.471998e+02	-8.924946e-02
7.515155e+02	-9.046837e-02
7.558563e+02	-9.146816e-02
7.602221e+02	-9.253865e-02
7.646131e+02	-9.360577e-02
7.690295e+02	-9.468527e-02
7.734713e+02	-9.573512e-02
7.779389e+02	-9.674803e-02
7.824322e+02	-9.792247e-02
7.869515e+02	-9.910417e-02
7.914969e+02	-1.002229e-01
7.960686e+02	-1.013045e-01
8.006666e+02	-1.025330e-01
8.052912e+02	-1.037890e-01
8.099426e+02	-1.049772e-01
8.146208e+02	-1.060430e-01
8.193260e+02	-1.073983e-01
8.240584e+02	-1.085217e-01
8.288181e+02	-1.098429e-01
8.336053e+02	-1.111437e-01
8.384202e+02	-1.124370e-01
8.432629e+02	-1.136471e-01
8.481335e+02	-1.148940e-01
8.530323e+02	-1.161356e-01
8.579594e+02	-1.176029e-01
8.629149e+02	-1.187947e-01
8.678991e+02	-1.202316e-01
8.729120e+02	-1.216119e-01
8.779539e+02	-1.228402e-01
8.830250e+02	-1.243850e-01
8.881253e+02	-1.257912e-01
8.932551e+02	-1.271530e-01
8.984145e+02	-1.286633e-01
9.036037e+02	-1.302411e-01
9.088229e+02	-1.317606e-01
9.140722e+02	-1.332578e-01
9.193518e+02	-1.346345e-01
9.246620e+02	-1.362063e-01
9.300028e+02	-1.379240e-01
9.353744e+02	-1.392286e-01
9.407771e+02	-1.409613e-01
9.462110e+02	-1.425778e-01
9.516763e+02	-1.442047e-01
9.571731e+02	-1.459560e-01
9.627017e+02	-1.476425e-01
9.682622e+02	-1.491433e-01
9.738549e+02	-1.508406e-01
9.794798e+02	-1.524537e-01
9.851373e+02	-1.542325e-01
9.908274e+02	-1.560819e-01
9.965504e+02	-1.577259e-01
1.002306e+03	-1.594745e-01
1.008096e+03	-1.615263e-01
1.013918e+03	-1.632885e-01
1.019775e+03	-1.651743e-01
1.025665e+03	-1.669307e-01
1.031589e+03	-1.688695e-01
1.037548e+03	-1.709543e-01
1.043540e+03	-1.726224e-01
1.049568e+03	-1.748976e-01
1.055630e+03	-1.767873e-01
1.061727e+03	-1.786884e-01
1.067860e+03	-1.806675e-01
1.074028e+03	-1.826495e-01
1.080231e+03	-1.847017e-01
1.086471e+03	-1.869221e-01
1.092746e+03	-1.890426e-01
1.099058e+03	-1.911455e-01
1.105406e+03	-1.933346e-01
1.111791e+03	-1.954573e-01
1.118212e+03	-1.977034e-01
1.124671e+03	-2.002019e-01
1.131167e+03	-2.023413e-01
1.137701e+03	-2.046271e-01
1.144272e+03	-2.070570e-01
1.150881e+03	-2.093823e-01
1.157529e+03	-2.115281e-01
1.164215e+03	-2.140081e-01
1.170939e+03	-2.164049e-01
1.177702e+03	-2.187591e-01
1.184505e+03	-2.214191e-01
1.191346e+03	-2.238432e-01
1.198227e+03	-2.263190e-01
1.205148e+03	-2.289381e-01
1.212109e+03	-2.314490e-01
1.219110e+03	-2.341872e-01
1.226152e+03	-2.366027e-01
1.233234e+03	-2.393683e-01
1.240357e+03	-2.421110e-01
1.247521e+03	-2.448258e-01
1.254727e+03	-2.476240e-01
1.261974e+03	-2.503068e-01
1.269263e+03	-2.530137e-01
1.276595e+03	-2.560915e-01
1.283968e+03	-2.588964e-01
1.291384e+03	-2.617488e-01
1.298843e+03	-2.646858e-01
1.306345e+03	-2.676758e-01
1.313891e+03	-2.707520e-01
1.321480e+03	-2.737831e-01
1.329113e+03	-2.769059e-01
1.336790e+03	-2.800092e-01
1.344511e+03	-2.831478e-01
1.352277e+03	-2.862183e-01
1.360087e+03	-2.894030e-01
1.367943e+03	-2.927209e-01
1.375844e+03	-2.959995e-01
1.383791e+03	-2.994467e-01
1.391784e+03	-3.026918e-01
1.399823e+03	-3.061025e-01
1.407908e+03	-3.096052e-01
1.416040e+03	-3.130019e-01
1.424219e+03	-3.164107e-01
1.432445e+03	-3.198937e-01
1.440719e+03	-3.236121e-01
1.449041e+03	-3.271368e-01
1.457410e+03	-3.309024e-01
1.465828e+03	-3.344829e-01
1.474295e+03	-3.381993e-01
1.482810e+03	-3.420878e-01
1.491375e+03	-3.456419e-01
1.499989e+03	-3.496358e-01
1.508653e+03	-3.534895e-01
1.517367e+03	-3.575287e-01
1.526131e+03	-3.615522e-01
1.534946e+03	-3.653964e-01
1.543812e+03	-3.694856e-01
1.552729e+03	-3.735361e-01
1.561697e+03	-3.777281e-01
1.570717e+03	-3.819801e-01
1.579790e+03	-3.861392e-01
1.588915e+03	-3.905454e-01
1.598092e+03	-3.947504e-01
1.607323e+03	-3.991558e-01
1.616606e+03	-4.037036e-01
1.625944e+03	-4.081383e-01
1.635335e+03	-4.124760e-01
1.644781e+03	-4.169416e-01
1.654281e+03	-4.216894e-01
1.663836e+03	-4.262483e-01
1.673446e+03	-4.310303e-01
1.683112e+03	-4.356380e-01
1.692834e+03	-4.405283e-01
1.702611e+03	-4.455663e-01
1.712446e+03	-4.503245e-01
1.722337e+03	-4.552574e-01
1.732285e+03	-4.602926e-01
1.742290e+03	-4.654084e-01
1.752354e+03	-4.704608e-01
1.762475e+03	-4.755893e-01
1.772655e+03	-4.807062e-01
1.782894e+03	-4.861536e-01
1.793192e+03	-4.914309e-01
1.803549e+03	-4.968919e-01
1.813967e+03	-5.021509e-01
1.824444e+03	-5.074984e-01
1.834982e+03	-5.131171e-01
1.845581e+03	-5.188427e-01
1.856241e+03	-5.244736e-01
1.866962e+03	-5.302058e-01
1.877746e+03	-5.359549e-01
1.888592e+03	-5.418770e-01
1.899500e+03	-5.478194e-01
1.910472e+03	-5.536976e-01
1.921506e+03	-5.597404e-01
1.932605e+03	-5.659088e-01
1.943768e+03	-5.718959e-01
1.954995e+03	-5.780709e-01
1.966287e+03	-5.842445e-01
1.977644e+03	-5.908545e-01
1.989067e+03	-5.970563e-01
2.000555e+03	-6.036722e-01
2.012110e+03	-6.099912e-01
2.023732e+03	-6.165968e-01
2.035421e+03	-6.231810e-01
2.047178e+03	-6.300798e-01
2.059002e+03	-6.368166e-01
2.070895e+03	-6.437376e-01
2.082856e+03	-6.505443e-01
2.094887e+03	-6.576665e-01
2.106987e+03	-6.646166e-01
2.119157e+03	-6.718261e-01
2.131397e+03	-6.790345e-01
2.143708e+03	-6.863920e-01
2.156090e+03	-6.937715e-01
2.168543e+03	-7.009852e-01
2.181069e+03	-7.084497e-01
2.193666e+03	-7.160686e-01
2.206337e+03	-7.237747e-01
2.219081e+03	-7.313971e-01
2.231898e+03	-7.392891e-01
2.244789e+03	-7.470718e-01
2.257755e+03	-7.552603e-01
2.270796e+03	-7.631485e-01
2.283912e+03	-7.712741e-01
2.297104e+03	-7.792852e-01
2.310372e+03	-7.875237e-01
2.323716e+03	-7.959414e-01
2.337138e+03	-8.043516e-01
2.350637e+03	-8.126870e-01
2.364214e+03	-8.213750e-01
2.377870e+03	-8.300902e-01
2.391604e+03	-8.386407e-01
2.405418e+03	-8.476233e-01
2.419312e+03	-8.565088e-01
2.433286e+03	-8.656453e-01
2.447340e+03	-8.744527e-01
2.461476e+03	-8.837565e-01
2.475693e+03	-8.930495e-01
2.489993e+03	-9.023498e-01
2.504375e+03	-9.119449e-01
2.518840e+03	-9.213854e-01
2.533389e+03	-9.308897e-01
2.548022e+03	-9.406406e-01
2.562739e+03	-9.502108e-01
2.577541e+03	-9.600449e-01
2.592429e+03	-9.702189e-01
2.607403e+03	-9.801122e-01
2.622463e+03	-9.902916e-01
2.637610e+03	-1.000456e+00
2.652845e+03	-1.010848e+00
2.668168e+03	-1.021263e+00
2.683579e+03	-1.031819e+00
2.699079e+03	-1.042445e+00
2.714669e+03	-1.053053e+00
2.730349e+03	-1.064161e+00
2.746119e+03	-1.074885e+00
2.761981e+03	-1.085983e+00
2.777934e+03	-1.096990e+00
2.793979e+03	-1.108353e+00
2.810117e+03	-1.119647e+00
2.826348e+03	-1.130978e+00
2.842673e+03	-1.142232e+00
2.859092e+03	-1.154077e+00
2.875606e+03	-1.165800e+00
2.892215e+03	-1.177745e+00
2.908921e+03	-1.189498e+00
2.925722e+03	-1.201598e+00
2.942621e+03	-1.213725e+00
2.959618e+03	-1.225923e+00
2.976712e+03	-1.238237e+00
2.993906e+03	-1.250508e+00
3.011198e+03	-1.263285e+00
3.028591e+03	-1.275992e+00
3.046084e+03	-1.288628e+00
3.063678e+03	-1.301739e+00
3.081374e+03	-1.314628e+00
3.099172e+03	-1.327789e+00
3.117072e+03	-1.341037e+00
3.135076e+03	-1.354231e+00
3.153184e+03	-1.367802e+00
3.171397e+03	-1.381388e+00
3.189715e+03	-1.394907e+00
3.208139e+03	-1.408702e+00
3.226669e+03	-1.422563e+00
3.245306e+03	-1.436695e+00
3.264051e+03	-1.450869e+00
3.282904e+03	-1.465132e+00
3.301866e+03	-1.479337e+00
3.320937e+03	-1.493804e+00
3.340119e+03	-1.508300e+00
3.359411e+03	-1.523292e+00
3.378815e+03	-1.538085e+00
3.398331e+03	-1.553061e+00
3.417959e+03	-1.568049e+00
3.437701e+03	-1.583265e+00
3.457557e+03	-1.598547e+00
3.477528e+03	-1.613940e+00
3.497614e+03	-1.629647e+00
3.517816e+03	-1.645272e+00
3.538135e+03	-1.660984e+00
3.558571e+03	-1.677078e+00
3.579125e+03	-1.693061e+00
3.599798e+03	-1.709194e+00
3.620590e+03	-1.725554e+00
3.641503e+03	-1.742000e+00
3.662536e+03	-1.758492e+00
3.683691e+03	-1.775285e+00
3.704967e+03	-1.792035e+00
3.726367e+03	-1.809293e+00
3.747890e+03	-1.826014e+00
3.769538e+03	-1.843134e+00
3.791311e+03	-1.860726e+00
3.813209e+03	-1.878262e+00
3.835234e+03	-1.895906e+00
3.857386e+03	-1.913458e+00
3.879667e+03	-1.931586e+00
3.902075e+03	-1.949450e+00
3.924614e+03	-1.967520e+00
3.947282e+03	-1.985551e+00
3.970081e+03	-2.004221e+00
3.993012e+03	-2.022710e+00
4.016076e+03	-2.041297e+00
4.039272e+03	-2.060147e+00
4.062603e+03	-2.079068e+00
4.086069e+03	-2.098184e+00
4.109670e+03	-2.117256e+00
4.133407e+03	-2.136698e+00
4.157281e+03	-2.156003e+00
4.181294e+03	-2.175598e+00
4.205445e+03	-2.195392e+00
4.229735e+03	-2.215263e+00
4.254166e+03	-2.235219e+00
4.278738e+03	-2.255590e+00
4.303451e+03	-2.275727e+00
4.328308e+03	-2.296310e+00
4.353308e+03	-2.316930e+00
4.378453e+03	-2.337495e+00
4.403742e+03	-2.358270e+00
4.429178e+03	-2.379205e+00
4.454761e+03	-2.400353e+00
4.480492e+03	-2.421369e+00
4.506371e+03	-2.443140e+00
4.532399e+03	-2.464536e+00
4.558578e+03	-2.486308e+00
4.584908e+03	-2.508142e+00
4.611391e+03	-2.530221e+00
4.638026e+03	-2.552243e+00
4.664815e+03	-2.574289e+00
4.691759e+03	-2.596859e+00
4.718858e+03	-2.619176e+00
4.746114e+03	-2.642179e+00
4.773527e+03	-2.664914e+00
4.801099e+03	-2.687816e+00
4.828830e+03	-2.710615e+00
4.856721e+03	-2.733841e+00
4.884773e+03	-2.757485e+00
4.912988e+03	-2.780920e+00
4.941365e+03	-2.804841e+00
4.969906e+03	-2.828553e+00
4.998612e+03	-2.852590e+00
5.027484e+03	-2.876410e+00
5.056522e+03	-2.900905e+00
5.085729e+03	-2.925183e+00
5.115104e+03	-2.949630e+00
5.144648e+03	-2.974353e+00
5.174363e+03	-2.999408e+00
5.204250e+03	-3.023953e+00
5.234310e+03	-3.049119e+00
5.264543e+03	-3.074396e+00
5.294951e+03	-3.099783e+00
5.325534e+03	-3.125380e+00
5.356294e+03	-3.150883e+00
5.387232e+03	-3.176639e+00
5.418348e+03	-3.202829e+00
5.449645e+03	-3.228752e+00
5.481122e+03	-3.254874e+00
5.512780e+03	-3.281244e+00
5.544622e+03	-3.307756e+00
5.576647e+03	-3.334456e+00
5.608858e+03	-3.361189e+00
5.641254e+03	-3.387948e+00
5.673838e+03	-3.415267e+00
5.706610e+03	-3.442364e+00
5.739571e+03	-3.469779e+00
5.772723e+03	-3.497317e+00
5.806066e+03	-3.524823e+00
5.839601e+03	-3.552689e+00
5.873331e+03	-3.580933e+00
5.907255e+03	-3.608641e+00
5.941375e+03	-3.636751e+00
5.975692e+03	-3.664996e+00
6.010207e+03	-3.693591e+00
6.044922e+03	-3.722172e+00
6.079837e+03	-3.751130e+00
6.114954e+03	-3.779615e+00
6.150274e+03	-3.808688e+00
6.185797e+03	-3.838038e+00
6.221526e+03	-3.867309e+00
6.257462e+03	-3.896525e+00
6.293605e+03	-3.926256e+00
6.329956e+03	-3.955962e+00
6.366518e+03	-3.985626e+00
6.403290e+03	-4.015610e+00
6.440276e+03	-4.046159e+00
6.477474e+03	-4.075965e+00
6.514888e+03	-4.106345e+00
6.552518e+03	-4.137039e+00
6.590365e+03	-4.167762e+00
6.628430e+03	-4.198458e+00
6.666716e+03	-4.229181e+00
6.705223e+03	-4.260256e+00
6.743952e+03	-4.291465e+00
6.782905e+03	-4.322891e+00
6.822082e+03	-4.354290e+00
6.861486e+03	-4.385901e+00
6.901118e+03	-4.417536e+00
6.940979e+03	-4.449432e+00
6.981069e+03	-4.481280e+00
7.021392e+03	-4.513281e+00
7.061947e+03	-4.545681e+00
7.102737e+03	-4.577464e+00
7.143762e+03	-4.610348e+00
7.185024e+03	-4.642922e+00
7.226524e+03	-4.675823e+00
7.268264e+03	-4.708647e+00
7.310246e+03	-4.741398e+00
7.352469e+03	-4.774565e+00
7.394937e+03	-4.807707e+00
7.437650e+03	-4.841037e+00
7.480609e+03	-4.874444e+00
7.523817e+03	-4.908786e+00
7.567274e+03	-4.941832e+00
7.610982e+03	-4.975368e+00
7.654943e+03	-5.009344e+00
7.699158e+03	-5.043661e+00
7.743628e+03	-5.077790e+00
7.788355e+03	-5.112287e+00
7.833340e+03	-5.147015e+00
7.878585e+03	-5.181308e+00
7.924091e+03	-5.216091e+00
7.969861e+03	-5.250579e+00
8.015894e+03	-5.285410e+00
8.062194e+03	-5.320426e+00
8.108761e+03	-5.355379e+00
8.155596e+03	-5.390988e+00
8.202703e+03	-5.426352e+00
8.250081e+03	-5.461619e+00
8.297733e+03	-5.497299e+00
8.345661e+03	-5.532751e+00
8.393865e+03	-5.568647e+00
8.442348e+03	-5.604507e+00
8.491110e+03	-5.640474e+00
8.540155e+03	-5.676953e+00
8.589482e+03	-5.712997e+00
8.639095e+03	-5.749196e+00
8.688994e+03	-5.785752e+00
8.739181e+03	-5.822265e+00
8.789658e+03	-5.859045e+00
8.840427e+03	-5.895536e+00
8.891489e+03	-5.932637e+00
8.942846e+03	-5.969373e+00
8.994499e+03	-6.006626e+00
9.046451e+03	-6.043473e+00
9.098703e+03	-6.081068e+00
9.151257e+03	-6.118162e+00
9.204114e+03	-6.155815e+00
9.257277e+03	-6.193331e+00
9.310746e+03	-6.231273e+00
9.364525e+03	-6.269059e+00
9.418614e+03	-6.306775e+00
9.473015e+03	-6.345041e+00
9.527731e+03	-6.382807e+00
9.582763e+03	-6.420729e+00
9.638113e+03	-6.459232e+00
9.693782e+03	-6.497324e+00
9.749773e+03	-6.535984e+00
9.806087e+03	-6.574164e+00
9.862727e+03	-6.613045e+00
9.919693e+03	-6.651938e+00
9.976989e+03	-6.690271e+00
1.003462e+04	-6.729468e+00
1.009258e+04	-6.768572e+00
1.015087e+04	-6.807277e+00
1.020950e+04	-6.846554e+00
1.026847e+04	-6.885751e+00
1.032778e+04	-6.925065e+00
1.038743e+04	-6.964564e+00
1.044743e+04	-7.004412e+00
1.050777e+04	-7.043947e+00
1.056847e+04	-7.083404e+00
1.062951e+04	-7.123442e+00
1.069091e+04	-7.162433e+00
1.075266e+04	-7.202560e+00
1.081476e+04	-7.242688e+00
1.087723e+04	-7.283140e+00
1.094006e+04	-7.322960e+00
1.100324e+04	-7.363268e+00
1.106680e+04	-7.403559e+00
1.113072e+04	-7.443738e+00
1.119501e+04	-7.484462e+00
1.125967e+04	-7.524911e+00
1.132471e+04	-7.565280e+00
1.139012e+04	-7.605965e+00
1.145591e+04	-7.646612e+00
1.152208e+04	-7.687757e+00
1.158863e+04	-7.728688e+00
1.165556e+04	-7.769226e+00
1.172289e+04	-7.810892e+00
1.179060e+04	-7.851639e+00
1.185870e+04	-7.893043e+00
1.192719e+04	-7.934057e+00
1.199608e+04	-7.975233e+00
1.206537e+04	-8.016576e+00
1.213506e+04	-8.058582e+00
1.220515e+04	-8.099792e+00
1.227565e+04	-8.141364e+00
1.234655e+04	-8.182322e+00
1.241787e+04	-8.224496e+00
1.248959e+04	-8.266313e+00
1.256173e+04	-8.308275e+00
1.263429e+04	-8.349866e+00
1.270726e+04	-8.391432e+00
1.278066e+04	-8.434017e+00
1.285448e+04	-8.476105e+00
1.292873e+04	-8.518048e+00
1.300340e+04	-8.559942e+00
1.307851e+04	-8.602141e+00
1.315405e+04	-8.644921e+00
1.323003e+04	-8.687595e+00
1.330644e+04	-8.729374e+00
1.338330e+04	-8.771940e+00
1.346060e+04	-8.814311e+00
1.353835e+04	-8.856713e+00
1.361655e+04	-8.899383e+00
1.369520e+04	-8.941949e+00
1.377430e+04	-8.985327e+00
1.385386e+04	-9.027693e+00
1.393388e+04	-9.070139e+00
1.401436e+04	-9.113062e+00
1.409531e+04	-9.156100e+00
1.417672e+04	-9.198754e+00
1.425861e+04	-9.241811e+00
1.434096e+04	-9.284713e+00
1.442379e+04	-9.327678e+00
1.450711e+04	-9.370692e+00
1.459090e+04	-9.414079e+00
1.467518e+04	-9.457381e+00
1.475994e+04	-9.500320e+00
1.484519e+04	-9.543800e+00
1.493094e+04	-9.587427e+00
1.501718e+04	-9.631014e+00
1.510392e+04	-9.674484e+00
1.519116e+04	-9.717878e+00
1.527890e+04	-9.760566e+00
1.536715e+04	-9.804818e+00
1.545591e+04	-9.847933e+00
1.554518e+04	-9.891421e+00
1.563497e+04	-9.935418e+00
1.572528e+04	-9.978704e+00
1.581611e+04	-1.002279e+01
1.590746e+04	-1.006636e+01
1.599934e+04	-1.011074e+01
1.609175e+04	-1.015405e+01
1.618470e+04	-1.019764e+01
1.627818e+04	-1.024159e+01
1.637220e+04	-1.028549e+01
1.646677e+04	-1.032925e+01
1.656188e+04	-1.037273e+01
1.665754e+04	-1.041703e+01
1.675375e+04	-1.046143e+01
1.685052e+04	-1.050517e+01
1.694785e+04	-1.054861e+01
1.704574e+04	-1.059319e+01
1.714419e+04	-1.063730e+01
1.724322e+04	-1.068169e+01
1.734281e+04	-1.072561e+01
1.744299e+04	-1.076989e+01
1.754374e+04	-1.081391e+01
1.764507e+04	-1.085840e+01
1.774698e+04	-1.090202e+01
1.784949e+04	-1.094586e+01
1.795259e+04	-1.099107e+01
1.805628e+04	-1.103472e+01
1.816057e+04	-1.107902e+01
1.826547e+04	-1.112383e+01
1.837097e+04	-1.116750e+01
1.847708e+04	-1.121196e+01
1.858380e+04	-1.125593e+01
1.869114e+04	-1.130068e+01
1.879910e+04	-1.134537e+01
1.890768e+04	-1.138951e+01
1.901689e+04	-1.143441e+01
1.912673e+04	-1.147896e+01
1.923721e+04	-1.152287e+01
1.934832e+04	-1.156744e+01
1.946008e+04	-1.161206e+01
1.957248e+04	-1.165640e+01
1.968553e+04	-1.170011e+01
1.979923e+04	-1.174425e+01
1.991359e+04	-1.178919e+01
2.002861e+04	-1.183432e+01
2.014430e+04	-1.187854e+01
2.026065e+04	-1.192322e+01
2.037767e+04	-1.196775e+01
2.049537e+04	-1.201181e+01
2.061375e+04	-1.205645e+01
2.073282e+04	-1.210090e+01
2.085257e+04	-1.214532e+01
2.097301e+04	-1.219078e+01
2.109415e+04	-1.223374e+01
2.121599e+04	-1.227904e+01
2.133853e+04	-1.232393e+01
2.146178e+04	-1.236770e+01
2.158575e+04	-1.241328e+01
2.171043e+04	-1.245728e+01
2.183582e+04	-1.250148e+01
2.196195e+04	-1.254626e+01
2.208880e+04	-1.259070e+01
2.221638e+04	-1.263501e+01
2.234470e+04	-1.267961e+01
2.247377e+04	-1.272427e+01
2.260357e+04	-1.276909e+01
2.273413e+04	-1.281304e+01
2.286544e+04	-1.285784e+01
2.299751e+04	-1.290091e+01
2.313034e+04	-1.294604e+01
2.326394e+04	-1.298988e+01
2.339832e+04	-1.303497e+01
2.353346e+04	-1.307987e+01
2.366939e+04	-1.312354e+01
2.380610e+04	-1.316869e+01
2.394361e+04	-1.321199e+01
2.408191e+04	-1.325720e+01
2.422100e+04	-1.330111e+01
2.436090e+04	-1.334568e+01
2.450161e+04	-1.338996e+01
2.464313e+04	-1.343368e+01
2.478547e+04	-1.347789e+01
2.492863e+04	-1.352174e+01
2.507261e+04	-1.356682e+01
2.521743e+04	-1.361104e+01
2.536309e+04	-1.365453e+01
2.550958e+04	-1.369874e+01
2.565692e+04	-1.374315e+01
2.580512e+04	-1.378718e+01
2.595417e+04	-1.383146e+01
2.610408e+04	-1.387585e+01
2.625485e+04	-1.391881e+01
2.640650e+04	-1.396341e+01
2.655902e+04	-1.400702e+01
2.671243e+04	-1.405023e+01
2.686672e+04	-1.409464e+01
2.702190e+04	-1.413885e+01
2.717798e+04	-1.418248e+01
2.733495e+04	-1.422646e+01
2.749284e+04	-1.426994e+01
2.765164e+04	-1.431342e+01
2.781135e+04	-1.435781e+01
2.797199e+04	-1.440093e+01
2.813355e+04	-1.444486e+01
2.829605e+04	-1.448889e+01
2.845949e+04	-1.453123e+01
2.862387e+04	-1.457541e+01
2.878920e+04	-1.461837e+01
2.895549e+04	-1.466096e+01
2.912273e+04	-1.470493e+01
2.929094e+04	-1.474798e+01
2.946013e+04	-1.479148e+01
2.963029e+04	-1.483530e+01
2.980143e+04	-1.487807e+01
2.997356e+04	-1.492106e+01
3.014669e+04	-1.496468e+01
3.032081e+04	-1.500697e+01
3.049595e+04	-1.505013e+01
3.067209e+04	-1.509325e+01
3.084925e+04	-1.513623e+01
3.102743e+04	-1.517894e+01
3.120665e+04	-1.522184e+01
3.138690e+04	-1.526483e+01
3.156819e+04	-1.530693e+01
3.175052e+04	-1.535015e+01
3.193391e+04	-1.539195e+01
3.211836e+04	-1.543362e+01
3.230388e+04	-1.547725e+01
3.249046e+04	-1.551909e+01
3.267812e+04	-1.556174e+01
3.286687e+04	-1.560402e+01
3.305671e+04	-1.564616e+01
3.324764e+04	-1.568824e+01
3.343968e+04	-1.572945e+01
3.363283e+04	-1.577173e+01
3.382709e+04	-1.581325e+01
3.402247e+04	-1.585618e+01
3.421899e+04	-1.589758e+01
3.441663e+04	-1.593878e+01
3.461542e+04	-1.597987e+01
3.481536e+04	-1.602238e+01
3.501645e+04	-1.606319e+01
3.521871e+04	-1.610513e+01
3.542213e+04	-1.614614e+01
3.562672e+04	-1.618695e+01
3.583250e+04	-1.622812e+01
3.603947e+04	-1.626937e+01
3.624763e+04	-1.630964e+01
3.645700e+04	-1.635105e+01
3.666757e+04	-1.639141e+01
3.687936e+04	-1.643253e+01
3.709238e+04	-1.647344e+01
3.730662e+04	-1.651400e+01
3.752210e+04	-1.655432e+01
3.773883e+04	-1.659342e+01
3.795680e+04	-1.663512e+01
3.817604e+04	-1.667499e+01
3.839654e+04	-1.671493e+01
3.861832e+04	-1.675341e+01
3.884138e+04	-1.679432e+01
3.906573e+04	-1.683403e+01
3.929137e+04	-1.687472e+01
3.951831e+04	-1.691267e+01
3.974657e+04	-1.695270e+01
3.997614e+04	-1.699302e+01
4.020704e+04	-1.703144e+01
4.043928e+04	-1.706992e+01
4.067285e+04	-1.710944e+01
4.090778e+04	-1.714741e+01
4.114406e+04	-1.718601e+01
4.138171e+04	-1.722480e+01
4.162073e+04	-1.726358e+01
4.186113e+04	-1.730239e+01
4.210291e+04	-1.734021e+01
4.234610e+04	-1.737901e+01
4.259069e+04	-1.741648e+01
4.283669e+04	-1.745343e+01
4.308411e+04	-1.749096e+01
4.333297e+04	-1.752936e+01
4.358325e+04	-1.756709e+01
4.383499e+04	-1.760402e+01
4.408818e+04	-1.764122e+01
4.434283e+04	-1.767850e+01
4.459895e+04	-1.771560e+01
4.485655e+04	-1.775241e+01
4.511564e+04	-1.778912e+01
4.537623e+04	-1.782559e+01
4.563832e+04	-1.786163e+01
4.590193e+04	-1.789803e+01
4.616705e+04	-1.793403e+01
4.643371e+04	-1.797026e+01
4.670191e+04	-1.800472e+01
4.697166e+04	-1.803953e+01
4.724297e+04	-1.807508e+01
4.751584e+04	-1.811001e+01
4.779029e+04	-1.814673e+01
4.806633e+04	-1.818212e+01
4.834395e+04	-1.821595e+01
4.862319e+04	-1.825036e+01
4.890403e+04	-1.828335e+01
4.918650e+04	-1.831842e+01
4.947060e+04	-1.835154e+01
4.975634e+04	-1.838689e+01
5.004373e+04	-1.841950e+01
5.033278e+04	-1.845236e+01
5.062350e+04	-1.848737e+01
5.091590e+04	-1.851911e+01
5.120999e+04	-1.855202e+01
5.150578e+04	-1.858509e+01
5.180327e+04	-1.861732e+01
5.210248e+04	-1.864898e+01
5.240343e+04	-1.867993e+01
5.270611e+04	-1.871107e+01
5.301053e+04	-1.874388e+01
5.331672e+04	-1.877694e+01
5.362468e+04	-1.880768e+01
5.393441e+04	-1.883809e+01
5.424593e+04	-1.886850e+01
5.455926e+04	-1.889908e+01
5.487439e+04	-1.892882e+01
5.519134e+04	-1.895860e+01
5.551012e+04	-1.898852e+01
5.583075e+04	-1.901681e+01
5.615322e+04	-1.904738e+01
5.647756e+04	-1.907500e+01
5.680377e+04	-1.910504e+01
5.713187e+04	-1.913258e+01
5.746186e+04	-1.916109e+01
5.779376e+04	-1.918939e+01
5.812757e+04	-1.921632e+01
5.846332e+04	-1.924460e+01
5.880100e+04	-1.927100e+01
5.914063e+04	-1.929744e+01
5.948222e+04	-1.932336e+01
5.982579e+04	-1.934815e+01
6.017134e+04	-1.937459e+01
6.051889e+04	-1.940133e+01
6.086844e+04	-1.942642e+01
6.122002e+04	-1.945067e+01
6.157362e+04	-1.947539e+01
6.192927e+04	-1.950049e+01
6.228697e+04	-1.952465e+01
6.264674e+04	-1.954726e+01
6.300858e+04	-1.957251e+01
6.337252e+04	-1.959469e+01
6.373855e+04	-1.961669e+01
6.410670e+04	-1.964070e+01
6.447698e+04	-1.966218e+01
6.484940e+04	-1.968361e+01
6.522397e+04	-1.970370e+01
6.560070e+04	-1.972481e+01
6.597960e+04	-1.974483e+01
6.636070e+04	-1.976600e+01
6.674400e+04	-1.978646e+01
6.712951e+04	-1.980608e+01
6.751724e+04	-1.982369e+01
6.790722e+04	-1.984211e+01
6.829945e+04	-1.985969e+01
6.869395e+04	-1.988050e+01
6.909072e+04	-1.989485e+01
6.948978e+04	-1.991250e+01
6.989115e+04	-1.992942e+01
7.029484e+04	-1.994515e+01
7.070086e+04	-1.995797e+01
7.110923e+04	-1.997505e+01
7.151995e+04	-1.998824e+01
7.193305e+04	-2.000492e+01
7.234853e+04	-2.001640e+01
7.276641e+04	-2.002964e+01
7.318671e+04	-2.004369e+01
7.360943e+04	-2.005594e+01
7.403460e+04	-2.006573e+01
7.446222e+04	-2.007900e+01
7.489231e+04	-2.008676e+01
7.532488e+04	-2.009733e+01
7.575996e+04	-2.010658e+01
7.619754e+04	-2.011781e+01
7.663766e+04	-2.012377e+01
7.708031e+04	-2.013270e+01
7.752553e+04	-2.013948e+01
7.797331e+04	-2.014614e+01
7.842368e+04	-2.015072e+01
7.887665e+04	-2.015951e+01
7.933224e+04	-2.016222e+01
7.979046e+04	-2.016556e+01
8.025133e+04	-2.016935e+01
8.071486e+04	-2.017226e+01
8.118106e+04	-2.017430e+01
8.164996e+04	-2.017774e+01
8.212157e+04	-2.017728e+01
8.259590e+04	-2.017869e+01
8.307297e+04	-2.017612e+01
8.355279e+04	-2.017489e+01
8.403539e+04	-2.017250e+01
8.452078e+04	-2.017040e+01
8.500897e+04	-2.016670e+01
8.549997e+04	-2.016403e+01
8.599382e+04	-2.015721e+01
8.649052e+04	-2.015231e+01
8.699008e+04	-2.014326e+01
8.749253e+04	-2.013887e+01
8.799789e+04	-2.012951e+01
8.850616e+04	-2.011937e+01
8.901737e+04	-2.010805e+01
8.953153e+04	-2.009755e+01
9.004866e+04	-2.008682e+01
9.056877e+04	-2.007271e+01
9.109190e+04	-2.005910e+01
9.161804e+04	-2.004225e+01
9.214722e+04	-2.002820e+01
9.267946e+04	-2.001175e+01
9.321477e+04	-1.999328e+01
9.375318e+04	-1.997326e+01
9.429469e+04	-1.995529e+01
9.483933e+04	-1.993308e+01
9.538712e+04	-1.991230e+01
9.593807e+04	-1.988557e+01
9.649221e+04	-1.986278e+01
9.704954e+04	-1.983568e+01
9.761010e+04	-1.980856e+01
9.817389e+04	-1.978053e+01
9.874094e+04	-1.975101e+01
9.931126e+04	-1.972131e+01
9.988488e+04	-1.968687e+01
1.004618e+05	-1.965343e+01
1.010421e+05	-1.961922e+01
1.016257e+05	-1.958381e+01
1.022127e+05	-1.954694e+01
1.028031e+05	-1.950807e+01
1.033968e+05	-1.946537e+01
1.039941e+05	-1.942241e+01
1.045947e+05	-1.937953e+01
1.051989e+05	-1.933295e+01
1.058065e+05	-1.928757e+01
1.064176e+05	-1.923726e+01
1.070323e+05	-1.918728e+01
1.076505e+05	-1.913417e+01
1.082723e+05	-1.908011e+01
1.088977e+05	-1.902476e+01
1.095266e+05	-1.896464e+01
1.101593e+05	-1.890638e+01
1.107955e+05	-1.884390e+01
1.114355e+05	-1.877960e+01
1.120791e+05	-1.871290e+01
1.127265e+05	-1.864394e+01
1.133776e+05	-1.857222e+01
1.140325e+05	-1.850053e+01
1.146911e+05	-1.842303e+01
1.153536e+05	-1.834621e+01
1.160198e+05	-1.826387e+01
1.166900e+05	-1.818145e+01
1.173640e+05	-1.809574e+01
1.180419e+05	-1.800583e+01
1.187237e+05	-1.791462e+01
1.194094e+05	-1.781894e+01
1.200991e+05	-1.772145e+01
1.207928e+05	-1.762041e+01
1.214905e+05	-1.751714e+01
1.221922e+05	-1.740898e+01
1.228980e+05	-1.729797e+01
1.236078e+05	-1.718315e+01
1.243218e+05	-1.706449e+01
1.250399e+05	-1.694177e+01
1.257621e+05	-1.681494e+01
1.264885e+05	-1.668378e+01
1.272191e+05	-1.654891e+01
1.279539e+05	-1.640916e+01
1.286930e+05	-1.626544e+01
1.294363e+05	-1.611552e+01
1.301839e+05	-1.596132e+01
1.309358e+05	-1.580257e+01
1.316921e+05	-1.563617e+01
1.324528e+05	-1.546488e+01
1.332178e+05	-1.528785e+01
1.339873e+05	-1.510477e+01
1.347612e+05	-1.491485e+01
1.355395e+05	-1.471848e+01
1.363224e+05	-1.451431e+01
1.371098e+05	-1.430207e+01
1.379018e+05	-1.408233e+01
1.386983e+05	-1.385378e+01
1.394994e+05	-1.361703e+01
1.403051e+05	-1.337094e+01
1.411155e+05	-1.311490e+01
1.419306e+05	-1.284864e+01
1.427504e+05	-1.257135e+01
1.435749e+05	-1.228358e+01
1.444042e+05	-1.198294e+01
1.452383e+05	-1.166971e+01
1.460772e+05	-1.134364e+01
1.469209e+05	-1.100361e+01
1.477695e+05	-1.064803e+01
1.486230e+05	-1.027908e+01
1.494814e+05	-9.893069e+00
1.503448e+05	-9.492060e+00
1.512132e+05	-9.074409e+00
1.520866e+05	-8.641330e+00
1.529651e+05	-8.192254e+00
1.538486e+05	-7.729334e+00
1.547372e+05	-7.255689e+00
1.556310e+05	-6.773993e+00
1.565299e+05	-6.289958e+00
1.574340e+05	-5.813207e+00
1.583433e+05	-5.354339e+00
1.592579e+05	-4.928130e+00
1.601778e+05	-4.553923e+00
1.611030e+05	-4.251524e+00
1.620335e+05	-4.041824e+00
1.629694e+05	-3.942531e+00
1.639107e+05	-3.963307e+00
1.648574e+05	-4.105023e+00
1.658097e+05	-4.358201e+00
1.667674e+05	-4.706322e+00
1.677306e+05	-5.128452e+00
1.686994e+05	-5.603678e+00
1.696738e+05	-6.113074e+00
1.706538e+05	-6.642133e+00
1.716395e+05	-7.178169e+00
1.726309e+05	-7.712750e+00
1.736280e+05	-8.239761e+00
1.746309e+05	-8.756317e+00
1.756395e+05	-9.257363e+00
1.766540e+05	-9.743450e+00
1.776744e+05	-1.021288e+01
1.787006e+05	-1.066623e+01
1.797328e+05	-1.110266e+01
1.807709e+05	-1.152323e+01
1.818150e+05	-1.192803e+01
1.828652e+05	-1.231671e+01
1.839214e+05	-1.269122e+01
1.849837e+05	-1.305213e+01
1.860522e+05	-1.339896e+01
1.871268e+05	-1.373310e+01
1.882077e+05	-1.405399e+01
1.892948e+05	-1.436486e+01
1.903881e+05	-1.466455e+01
1.914878e+05	-1.495252e+01
1.925938e+05	-1.523057e+01
1.937062e+05	-1.549764e+01
1.948251e+05	-1.575582e+01
1.959504e+05	-1.600592e+01
1.970822e+05	-1.624570e+01
1.982205e+05	-1.647826e+01
1.993654e+05	-1.670092e+01
2.005169e+05	-1.691642e+01
2.016751e+05	-1.712366e+01
2.028400e+05	-1.732465e+01
2.040116e+05	-1.751727e+01
2.051899e+05	-1.770156e+01
2.063751e+05	-1.788117e+01
2.075671e+05	-1.805390e+01
2.087660e+05	-1.821852e+01
2.099719e+05	-1.837853e+01
2.111846e+05	-1.853155e+01
2.124044e+05	-1.867552e+01
2.136313e+05	-1.881639e+01
2.148652e+05	-1.895035e+01
2.161063e+05	-1.907810e+01
2.173545e+05	-1.920005e+01
2.186099e+05	-1.931540e+01
2.198726e+05	-1.942436e+01
2.211426e+05	-1.952726e+01
2.224199e+05	-1.962699e+01
2.237046e+05	-1.971959e+01
2.249967e+05	-1.980673e+01
2.262962e+05	-1.988539e+01
2.276033e+05	-1.996193e+01
2.289179e+05	-2.003151e+01
2.302402e+05	-2.009462e+01
2.315700e+05	-2.015229e+01
2.329076e+05	-2.020551e+01
2.342528e+05	-2.024917e+01
2.356059e+05	-2.029051e+01
2.369667e+05	-2.032425e+01
2.383354e+05	-2.035169e+01
2.397120e+05	-2.037243e+01
2.410966e+05	-2.039012e+01
2.424892e+05	-2.039785e+01
2.438898e+05	-2.039661e+01
2.452985e+05	-2.039419e+01
2.467153e+05	-2.038334e+01
2.481403e+05	-2.036628e+01
2.495736e+05	-2.033995e+01
2.510151e+05	-2.030943e+01
2.524650e+05	-2.026888e+01
2.539232e+05	-2.022068e+01
2.553898e+05	-2.016653e+01
2.568650e+05	-2.010303e+01
2.583486e+05	-2.003130e+01
2.598408e+05	-1.995087e+01
2.613416e+05	-1.986330e+01
2.628511e+05	-1.976489e+01
2.643694e+05	-1.965754e+01
2.658963e+05	-1.954050e+01
2.674321e+05	-1.941132e+01
2.689768e+05	-1.927241e+01
2.705304e+05	-1.912270e+01
2.720930e+05	-1.896119e+01
2.736646e+05	-1.878649e+01
2.752453e+05	-1.859708e+01
2.768351e+05	-1.839661e+01
2.784341e+05	-1.818254e+01
2.800423e+05	-1.795066e+01
2.816598e+05	-1.770318e+01
2.832867e+05	-1.743726e+01
2.849229e+05	-1.715465e+01
2.865686e+05	-1.685135e+01
2.882238e+05	-1.652664e+01
2.898886e+05	-1.617982e+01
2.915630e+05	-1.580736e+01
2.932470e+05	-1.540995e+01
2.949408e+05	-1.498509e+01
2.966444e+05	-1.452762e+01
2.983578e+05	-1.404039e+01
3.000811e+05	-1.351699e+01
3.018143e+05	-1.295770e+01
3.035576e+05	-1.235989e+01
3.053109e+05	-1.172440e+01
3.070744e+05	-1.105084e+01
3.088481e+05	-1.034638e+01
3.106320e+05	-9.622679e+00
3.124261e+05	-8.900110e+00
3.142307e+05	-8.215329e+00
3.160457e+05	-7.621993e+00
3.178712e+05	-7.186863e+00
3.197072e+05	-6.979648e+00
3.215538e+05	-7.040878e+00
3.234111e+05	-7.366116e+00
3.252791e+05	-7.905755e+00
3.271579e+05	-8.588784e+00
3.290475e+05	-9.350582e+00
3.309481e+05	-1.013977e+01
3.328596e+05	-1.092416e+01
3.347822e+05	-1.168510e+01
3.367159e+05	-1.241085e+01
3.386608e+05	-1.309906e+01
3.406169e+05	-1.374678e+01
3.425842e+05	-1.435511e+01
3.445630e+05	-1.492426e+01
3.465532e+05	-1.545868e+01
3.485549e+05	-1.595579e+01
3.505681e+05	-1.642450e+01
3.525930e+05	-1.685962e+01
3.546295e+05	-1.726755e+01
3.566778e+05	-1.764739e+01
3.587380e+05	-1.800115e+01
3.608101e+05	-1.833141e+01
3.628941e+05	-1.863704e+01
3.649901e+05	-1.892288e+01
3.670983e+05	-1.918295e+01
3.692187e+05	-1.942403e+01
3.713513e+05	-1.964740e+01
3.734962e+05	-1.984778e+01
3.756535e+05	-2.002863e+01
3.778232e+05	-2.019179e+01
3.800055e+05	-2.033611e+01
3.822004e+05	-2.046036e+01
3.844080e+05	-2.056688e+01
3.866283e+05	-2.065379e+01
3.888615e+05	-2.072177e+01
3.911075e+05	-2.077368e+01
3.933665e+05	-2.080487e+01
3.956386e+05	-2.081609e+01
3.979238e+05	-2.080872e+01
4.002222e+05	-2.078049e+01
4.025338e+05	-2.073299e+01
4.048589e+05	-2.066130e+01
4.071973e+05	-2.056937e+01
4.095493e+05	-2.045313e+01
4.119148e+05	-2.031497e+01
4.142940e+05	-2.015033e+01
4.166870e+05	-1.996012e+01
4.190937e+05	-1.974108e+01
4.215144e+05	-1.949043e+01
4.239490e+05	-1.920936e+01
4.263978e+05	-1.889416e+01
4.288606e+05	-1.854254e+01
4.313377e+05	-1.815309e+01
4.338291e+05	-1.771833e+01
4.363349e+05	-1.723724e+01
4.388551e+05	-1.670620e+01
4.413899e+05	-1.612240e+01
4.439394e+05	-1.547887e+01
4.465035e+05	-1.477617e+01
4.490825e+05	-1.401195e+01
4.516764e+05	-1.319282e+01
4.542853e+05	-1.233729e+01
4.569092e+05	-1.147862e+01
4.595483e+05	-1.068755e+01
4.622026e+05	-1.006795e+01
4.648723e+05	-9.746975e+00
4.675574e+05	-9.812862e+00
4.702580e+05	-1.026023e+01
4.729742e+05	-1.099162e+01
4.757060e+05	-1.188012e+01
4.784537e+05	-1.282455e+01
4.812172e+05	-1.375896e+01
4.839967e+05	-1.465075e+01
4.867923e+05	-1.548406e+01
4.896040e+05	-1.625176e+01
4.924319e+05	-1.695453e+01
4.952762e+05	-1.759609e+01
4.981369e+05	-1.817816e+01
5.010141e+05	-1.870330e+01
5.039079e+05	-1.917586e+01
5.068185e+05	-1.959736e+01
5.097458e+05	-1.997469e+01
5.126901e+05	-2.030347e+01
5.156514e+05	-2.058856e+01
5.186298e+05	-2.082978e+01
5.216253e+05	-2.102722e+01
5.246382e+05	-2.118727e+01
5.276685e+05	-2.130532e+01
5.307163e+05	-2.138166e+01
5.337817e+05	-2.141464e+01
5.368648e+05	-2.140755e+01
5.399657e+05	-2.135043e+01
5.430845e+05	-2.125420e+01
5.462214e+05	-2.110804e+01
5.493763e+05	-2.091218e+01
5.525495e+05	-2.066419e+01
5.557410e+05	-2.035907e+01
5.589509e+05	-1.999197e+01
5.621794e+05	-1.956183e+01
5.654265e+05	-1.905912e+01
5.686924e+05	-1.848226e+01
5.719772e+05	-1.782279e+01
5.752809e+05	-1.707926e+01
5.786037e+05	-1.625105e+01
5.819457e+05	-1.535361e+01
5.853070e+05	-1.442049e+01
5.886877e+05	-1.353085e+01
5.920879e+05	-1.281868e+01
5.955078e+05	-1.246605e+01
5.989474e+05	-1.259875e+01
6.024069e+05	-1.319237e+01
6.058864e+05	-1.409137e+01
6.093860e+05	-1.512133e+01
6.129058e+05	-1.616203e+01
6.164459e+05	-1.714928e+01
6.200064e+05	-1.805180e+01
6.235876e+05	-1.886041e+01
6.271894e+05	-1.957875e+01
6.308120e+05	-2.020314e+01
6.344555e+05	-2.073894e+01
6.381201e+05	-2.119280e+01
6.418059e+05	-2.156349e+01
6.455129e+05	-2.185617e+01
6.492414e+05	-2.207003e+01
6.529914e+05	-2.220469e+01
6.567630e+05	-2.226445e+01
6.605565e+05	-2.224236e+01
6.643718e+05	-2.213893e+01
6.682092e+05	-2.194845e+01
6.720688e+05	-2.166733e+01
6.759506e+05	-2.128893e+01
6.798549e+05	-2.080872e+01
6.837817e+05	-2.021852e+01
6.877312e+05	-1.951439e+01
6.917035e+05	-1.869720e+01
6.956987e+05	-1.778867e+01
6.997171e+05	-1.684312e+01
7.037586e+05	-1.597966e+01
7.078235e+05	-1.539963e+01
7.119118e+05	-1.532087e+01
7.160238e+05	-1.580585e+01
7.201595e+05	-1.670463e+01
7.243191e+05	-1.778644e+01
7.285028e+05	-1.888405e+01
7.327106e+05	-1.990167e+01
7.369427e+05	-2.079997e+01
7.411992e+05	-2.156690e+01
7.454804e+05	-2.219984e+01
7.497862e+05	-2.270024e+01
7.541170e+05	-2.307144e+01
7.584727e+05	-2.330819e+01
7.628536e+05	-2.341548e+01
7.672598e+05	-2.338942e+01
7.716915e+05	-2.322459e+01
7.761488e+05	-2.291684e+01
7.806318e+05	-2.245680e+01
7.851407e+05	-2.184652e+01
7.896756e+05	-2.109031e+01
7.942367e+05	-2.022250e+01
7.988242e+05	-1.932940e+01
8.034382e+05	-1.859856e+01
8.080788e+05	-1.829648e+01
8.127463e+05	-1.860312e+01
8.174406e+05	-1.943228e+01
8.221621e+05	-2.052338e+01
8.269109e+05	-2.163905e+01
8.316871e+05	-2.264626e+01
8.364909e+05	-2.348966e+01
8.413225e+05	-2.414546e+01
8.461819e+05	-2.460763e+01
8.510694e+05	-2.486998e+01
8.559852e+05	-2.492560e+01
8.609293e+05	-2.477867e+01
8.659020e+05	-2.442792e+01
8.709034e+05	-2.387440e+01
8.759337e+05	-2.315839e+01
8.809931e+05	-2.237764e+01
8.860816e+05	-2.174728e+01
8.911996e+05	-2.157004e+01
8.963471e+05	-2.201947e+01
9.015244e+05	-2.295319e+01
9.067316e+05	-2.406566e+01
9.119688e+05	-2.511110e+01
9.172363e+05	-2.596002e+01
9.225342e+05	-2.655778e+01
9.278628e+05	-2.688798e+01
9.332221e+05	-2.693208e+01
9.386123e+05	-2.670885e+01
9.440337e+05	-2.625355e+01
9.494864e+05	-2.567537e+01
9.549706e+05	-2.521799e+01
9.604865e+05	-2.520565e+01
9.660342e+05	-2.579877e+01
9.716140e+05	-2.680367e+01
9.772260e+05	-2.787507e+01
9.828704e+05	-2.876630e+01
9.885474e+05	-2.936021e+01
9.942572e+05	-2.962222e+01
1.000000e+06	-2.956831e+01
