Frequency(Hz)	Magnitude(dB)
1.000000e+01	-2.437921e+00
1.005776e+01	-2.459805e+00
1.011585e+01	-2.481460e+00
1.017428e+01	-2.503290e+00
1.023305e+01	-2.525259e+00
1.029215e+01	-2.547496e+00
1.035160e+01	-2.569584e+00
1.041139e+01	-2.591994e+00
1.047153e+01	-2.614611e+00
1.053201e+01	-2.637557e+00
1.059284e+01	-2.660057e+00
1.065403e+01	-2.683059e+00
1.071556e+01	-2.706301e+00
1.077746e+01	-2.729303e+00
1.083971e+01	-2.752935e+00
1.090232e+01	-2.776442e+00
1.096529e+01	-2.800108e+00
1.102862e+01	-2.824064e+00
1.109232e+01	-2.848298e+00
1.115639e+01	-2.871966e+00
1.122083e+01	-2.896647e+00
1.128564e+01	-2.920935e+00
1.135083e+01	-2.945405e+00
1.141639e+01	-2.970001e+00
1.148233e+01	-2.994826e+00
1.154865e+01	-3.020001e+00
1.161536e+01	-3.044957e+00
1.168245e+01	-3.070326e+00
1.174992e+01	-3.095863e+00
1.181779e+01	-3.121392e+00
1.188605e+01	-3.147134e+00
1.195470e+01	-3.172667e+00
1.202375e+01	-3.199121e+00
1.209320e+01	-3.225158e+00
1.216305e+01	-3.251546e+00
1.223330e+01	-3.277807e+00
1.230396e+01	-3.304623e+00
1.237503e+01	-3.331241e+00
1.244651e+01	-3.358205e+00
1.251840e+01	-3.384975e+00
1.259070e+01	-3.412071e+00
1.266343e+01	-3.439361e+00
1.273657e+01	-3.466982e+00
1.281014e+01	-3.494369e+00
1.288413e+01	-3.522091e+00
1.295855e+01	-3.550047e+00
1.303339e+01	-3.578155e+00
1.310867e+01	-3.606129e+00
1.318439e+01	-3.634520e+00
1.326054e+01	-3.662944e+00
1.333713e+01	-3.691438e+00
1.341417e+01	-3.720327e+00
1.349165e+01	-3.749002e+00
1.356958e+01	-3.778131e+00
1.364795e+01	-3.807269e+00
1.372678e+01	-3.836693e+00
1.380607e+01	-3.865933e+00
1.388581e+01	-3.895529e+00
1.396602e+01	-3.925228e+00
1.404668e+01	-3.955245e+00
1.412782e+01	-3.984857e+00
1.420942e+01	-4.015232e+00
1.429149e+01	-4.045353e+00
1.437404e+01	-4.075776e+00
1.445706e+01	-4.106160e+00
1.454057e+01	-4.136888e+00
1.462455e+01	-4.167732e+00
1.470902e+01	-4.198806e+00
1.479398e+01	-4.229474e+00
1.487943e+01	-4.261015e+00
1.496537e+01	-4.292299e+00
1.505181e+01	-4.323545e+00
1.513875e+01	-4.355260e+00
1.522619e+01	-4.386869e+00
1.531414e+01	-4.418845e+00
1.540259e+01	-4.450624e+00
1.549156e+01	-4.483090e+00
1.558103e+01	-4.514769e+00
1.567103e+01	-4.547873e+00
1.576155e+01	-4.580420e+00
1.585258e+01	-4.612939e+00
1.594415e+01	-4.645704e+00
1.603624e+01	-4.678807e+00
1.612886e+01	-4.711811e+00
1.622202e+01	-4.745082e+00
1.631572e+01	-4.778250e+00
1.640996e+01	-4.811661e+00
1.650474e+01	-4.845559e+00
1.660008e+01	-4.878947e+00
1.669596e+01	-4.912594e+00
1.679239e+01	-4.946869e+00
1.688938e+01	-4.980776e+00
1.698694e+01	-5.014713e+00
1.708505e+01	-5.049479e+00
1.718373e+01	-5.083709e+00
1.728299e+01	-5.118026e+00
1.738281e+01	-5.153122e+00
1.748322e+01	-5.187846e+00
1.758420e+01	-5.222766e+00
1.768576e+01	-5.257868e+00
1.778792e+01	-5.292933e+00
1.789066e+01	-5.328587e+00
1.799399e+01	-5.363612e+00
1.809793e+01	-5.399542e+00
1.820246e+01	-5.434994e+00
1.830760e+01	-5.470567e+00
1.841334e+01	-5.506665e+00
1.851969e+01	-5.542909e+00
1.862666e+01	-5.578679e+00
1.873425e+01	-5.614975e+00
1.884246e+01	-5.651256e+00
1.895129e+01	-5.687547e+00
1.906075e+01	-5.724253e+00
1.917085e+01	-5.761264e+00
1.928158e+01	-5.797717e+00
1.939295e+01	-5.834845e+00
1.950496e+01	-5.871735e+00
1.961762e+01	-5.909122e+00
1.973093e+01	-5.946259e+00
1.984490e+01	-5.983303e+00
1.995952e+01	-6.020974e+00
2.007480e+01	-6.058488e+00
2.019076e+01	-6.096361e+00
2.030738e+01	-6.133904e+00
2.042467e+01	-6.171782e+00
2.054264e+01	-6.209930e+00
2.066130e+01	-6.248256e+00
2.078064e+01	-6.286374e+00
2.090066e+01	-6.324794e+00
2.102139e+01	-6.362797e+00
2.114280e+01	-6.401294e+00
2.126492e+01	-6.440070e+00
2.138775e+01	-6.478795e+00
2.151128e+01	-6.517880e+00
2.163553e+01	-6.556481e+00
2.176050e+01	-6.595341e+00
2.188619e+01	-6.634771e+00
2.201260e+01	-6.673934e+00
2.213974e+01	-6.713168e+00
2.226762e+01	-6.752532e+00
2.239624e+01	-6.792254e+00
2.252560e+01	-6.831690e+00
2.265571e+01	-6.871451e+00
2.278656e+01	-6.911472e+00
2.291818e+01	-6.950986e+00
2.305055e+01	-6.991257e+00
2.318369e+01	-7.030824e+00
2.331760e+01	-7.071305e+00
2.345228e+01	-7.111946e+00
2.358774e+01	-7.151903e+00
2.372398e+01	-7.192610e+00
2.386101e+01	-7.232433e+00
2.399883e+01	-7.273352e+00
2.413745e+01	-7.314019e+00
2.427686e+01	-7.354897e+00
2.441709e+01	-7.395820e+00
2.455812e+01	-7.436747e+00
2.469997e+01	-7.478249e+00
2.484263e+01	-7.518835e+00
2.498612e+01	-7.560218e+00
2.513044e+01	-7.601807e+00
2.527559e+01	-7.642549e+00
2.542158e+01	-7.684123e+00
2.556842e+01	-7.725804e+00
2.571610e+01	-7.767355e+00
2.586463e+01	-7.809609e+00
2.601403e+01	-7.851185e+00
2.616428e+01	-7.892669e+00
2.631541e+01	-7.934952e+00
2.646740e+01	-7.976699e+00
2.662028e+01	-8.018878e+00
2.677404e+01	-8.061024e+00
2.692868e+01	-8.102900e+00
2.708422e+01	-8.145597e+00
2.724066e+01	-8.187855e+00
2.739800e+01	-8.230550e+00
2.755625e+01	-8.272851e+00
2.771541e+01	-8.315075e+00
2.787550e+01	-8.358439e+00
2.803650e+01	-8.401072e+00
2.819844e+01	-8.444231e+00
2.836131e+01	-8.486835e+00
2.852513e+01	-8.529771e+00
2.868989e+01	-8.572697e+00
2.885560e+01	-8.615888e+00
2.902227e+01	-8.659028e+00
2.918990e+01	-8.702425e+00
2.935850e+01	-8.745574e+00
2.952807e+01	-8.788678e+00
2.969863e+01	-8.832283e+00
2.987016e+01	-8.875817e+00
3.004269e+01	-8.919581e+00
3.021622e+01	-8.963300e+00
3.039075e+01	-9.006830e+00
3.056628e+01	-9.051038e+00
3.074283e+01	-9.094156e+00
3.092040e+01	-9.138200e+00
3.109900e+01	-9.182283e+00
3.127862e+01	-9.226134e+00
3.145929e+01	-9.269957e+00
3.164099e+01	-9.314577e+00
3.182375e+01	-9.358414e+00
3.200756e+01	-9.403282e+00
3.219244e+01	-9.447418e+00
3.237838e+01	-9.491954e+00
3.256540e+01	-9.536564e+00
3.275349e+01	-9.580438e+00
3.294268e+01	-9.625292e+00
3.313295e+01	-9.669290e+00
3.332433e+01	-9.714222e+00
3.351681e+01	-9.758903e+00
3.371040e+01	-9.803554e+00
3.390511e+01	-9.848958e+00
3.410094e+01	-9.893925e+00
3.429791e+01	-9.939196e+00
3.449601e+01	-9.983108e+00
3.469526e+01	-1.002883e+01
3.489566e+01	-1.007361e+01
3.509721e+01	-1.011853e+01
3.529993e+01	-1.016346e+01
3.550382e+01	-1.020872e+01
3.570889e+01	-1.025442e+01
3.591515e+01	-1.029979e+01
3.612259e+01	-1.034546e+01
3.633123e+01	-1.039092e+01
3.654108e+01	-1.043623e+01
3.675214e+01	-1.048156e+01
3.696442e+01	-1.052751e+01
3.717792e+01	-1.057316e+01
3.739266e+01	-1.061849e+01
3.760864e+01	-1.066383e+01
3.782587e+01	-1.070950e+01
3.804435e+01	-1.075561e+01
3.826409e+01	-1.080180e+01
3.848510e+01	-1.084742e+01
3.870739e+01	-1.089285e+01
3.893096e+01	-1.093966e+01
3.915583e+01	-1.098546e+01
3.938199e+01	-1.103150e+01
3.960946e+01	-1.107742e+01
3.983824e+01	-1.112355e+01
4.006834e+01	-1.116990e+01
4.029978e+01	-1.121601e+01
4.053255e+01	-1.126239e+01
4.076666e+01	-1.130889e+01
4.100213e+01	-1.135556e+01
4.123896e+01	-1.140116e+01
4.147715e+01	-1.144779e+01
4.171672e+01	-1.149432e+01
4.195767e+01	-1.154116e+01
4.220002e+01	-1.158758e+01
4.244377e+01	-1.163391e+01
4.268892e+01	-1.168053e+01
4.293549e+01	-1.172684e+01
4.318348e+01	-1.177433e+01
4.343291e+01	-1.182127e+01
4.368377e+01	-1.186754e+01
4.393609e+01	-1.191418e+01
4.418986e+01	-1.196127e+01
4.444510e+01	-1.200831e+01
4.470182e+01	-1.205493e+01
4.496001e+01	-1.210209e+01
4.521970e+01	-1.214870e+01
4.548089e+01	-1.219546e+01
4.574358e+01	-1.224272e+01
4.600779e+01	-1.228912e+01
4.627353e+01	-1.233777e+01
4.654081e+01	-1.238397e+01
4.680963e+01	-1.243156e+01
4.708000e+01	-1.247828e+01
4.735193e+01	-1.252514e+01
4.762543e+01	-1.257276e+01
4.790051e+01	-1.262017e+01
4.817719e+01	-1.266764e+01
4.845545e+01	-1.271410e+01
4.873533e+01	-1.276192e+01
4.901682e+01	-1.280873e+01
4.929994e+01	-1.285684e+01
4.958470e+01	-1.290399e+01
4.987110e+01	-1.295227e+01
5.015915e+01	-1.299904e+01
5.044887e+01	-1.304768e+01
5.074026e+01	-1.309481e+01
5.103333e+01	-1.314163e+01
5.132810e+01	-1.318992e+01
5.162457e+01	-1.323781e+01
5.192275e+01	-1.328491e+01
5.222265e+01	-1.333242e+01
5.252429e+01	-1.338001e+01
5.282767e+01	-1.342741e+01
5.313280e+01	-1.347637e+01
5.343969e+01	-1.352390e+01
5.374836e+01	-1.357101e+01
5.405880e+01	-1.361869e+01
5.437105e+01	-1.366692e+01
5.468509e+01	-1.371412e+01
5.500095e+01	-1.376216e+01
5.531863e+01	-1.381156e+01
5.563815e+01	-1.385887e+01
5.595951e+01	-1.390623e+01
5.628273e+01	-1.395417e+01
5.660782e+01	-1.400233e+01
5.693479e+01	-1.405108e+01
5.726364e+01	-1.409891e+01
5.759439e+01	-1.414752e+01
5.792705e+01	-1.419489e+01
5.826164e+01	-1.424262e+01
5.859815e+01	-1.429093e+01
5.893662e+01	-1.433894e+01
5.927703e+01	-1.438700e+01
5.961941e+01	-1.443574e+01
5.996377e+01	-1.448445e+01
6.031012e+01	-1.453240e+01
6.065847e+01	-1.458117e+01
6.100883e+01	-1.462877e+01
6.136121e+01	-1.467825e+01
6.171563e+01	-1.472650e+01
6.207210e+01	-1.477422e+01
6.243063e+01	-1.482209e+01
6.279122e+01	-1.487023e+01
6.315390e+01	-1.491913e+01
6.351868e+01	-1.496765e+01
6.388556e+01	-1.501602e+01
6.425456e+01	-1.506443e+01
6.462569e+01	-1.511355e+01
6.499897e+01	-1.516257e+01
6.537440e+01	-1.521042e+01
6.575200e+01	-1.525954e+01
6.613178e+01	-1.530795e+01
6.651375e+01	-1.535548e+01
6.689793e+01	-1.540417e+01
6.728433e+01	-1.545302e+01
6.767297e+01	-1.550152e+01
6.806384e+01	-1.555082e+01
6.845698e+01	-1.559756e+01
6.885238e+01	-1.564780e+01
6.925007e+01	-1.569657e+01
6.965005e+01	-1.574420e+01
7.005235e+01	-1.579385e+01
7.045697e+01	-1.584183e+01
7.086393e+01	-1.589152e+01
7.127323e+01	-1.593977e+01
7.168490e+01	-1.598931e+01
7.209895e+01	-1.603698e+01
7.251539e+01	-1.608726e+01
7.293424e+01	-1.613462e+01
7.335551e+01	-1.618403e+01
7.377920e+01	-1.623341e+01
7.420535e+01	-1.628083e+01
7.463396e+01	-1.633025e+01
7.506504e+01	-1.637922e+01
7.549861e+01	-1.642780e+01
7.593469e+01	-1.647677e+01
7.637328e+01	-1.652561e+01
7.681441e+01	-1.657499e+01
7.725809e+01	-1.662272e+01
7.770433e+01	-1.667341e+01
7.815315e+01	-1.672105e+01
7.860456e+01	-1.676838e+01
7.905857e+01	-1.682072e+01
7.951521e+01	-1.686825e+01
7.997449e+01	-1.691686e+01
8.043642e+01	-1.696712e+01
8.090102e+01	-1.701427e+01
8.136830e+01	-1.706455e+01
8.183828e+01	-1.711471e+01
8.231097e+01	-1.716307e+01
8.278640e+01	-1.721194e+01
8.326457e+01	-1.726031e+01
8.374550e+01	-1.730974e+01
8.422921e+01	-1.735856e+01
8.471572e+01	-1.740698e+01
8.520503e+01	-1.745607e+01
8.569717e+01	-1.750654e+01
8.619215e+01	-1.755394e+01
8.669000e+01	-1.760502e+01
8.719071e+01	-1.765270e+01
8.769432e+01	-1.770289e+01
8.820084e+01	-1.775232e+01
8.871029e+01	-1.780189e+01
8.922267e+01	-1.785097e+01
8.973802e+01	-1.789851e+01
9.025634e+01	-1.794878e+01
9.077766e+01	-1.799817e+01
9.130199e+01	-1.804678e+01
9.182935e+01	-1.809721e+01
9.235975e+01	-1.814666e+01
9.289321e+01	-1.819620e+01
9.342976e+01	-1.824485e+01
9.396941e+01	-1.829487e+01
9.451217e+01	-1.834386e+01
9.505807e+01	-1.839227e+01
9.560712e+01	-1.844106e+01
9.615934e+01	-1.849161e+01
9.671476e+01	-1.853914e+01
9.727338e+01	-1.859099e+01
9.783522e+01	-1.863883e+01
9.840032e+01	-1.868791e+01
9.896867e+01	-1.873700e+01
9.954031e+01	-1.878774e+01
1.001153e+02	-1.883620e+01
1.006935e+02	-1.888584e+01
1.012751e+02	-1.893520e+01
1.018601e+02	-1.898459e+01
1.024484e+02	-1.903447e+01
1.030402e+02	-1.908391e+01
1.036353e+02	-1.913294e+01
1.042339e+02	-1.918230e+01
1.048360e+02	-1.923222e+01
1.054415e+02	-1.928182e+01
1.060505e+02	-1.933025e+01
1.066631e+02	-1.938086e+01
1.072791e+02	-1.942915e+01
1.078988e+02	-1.947777e+01
1.085220e+02	-1.952990e+01
1.091488e+02	-1.957902e+01
1.097793e+02	-1.962718e+01
1.104133e+02	-1.967728e+01
1.110511e+02	-1.972592e+01
1.116925e+02	-1.977513e+01
1.123376e+02	-1.982714e+01
1.129865e+02	-1.987524e+01
1.136391e+02	-1.992516e+01
1.142955e+02	-1.997392e+01
1.149556e+02	-2.002301e+01
1.156196e+02	-2.007456e+01
1.162874e+02	-2.012257e+01
1.169591e+02	-2.017131e+01
1.176347e+02	-2.022178e+01
1.183141e+02	-2.027223e+01
1.189975e+02	-2.032004e+01
1.196848e+02	-2.037184e+01
1.203761e+02	-2.042109e+01
1.210714e+02	-2.046984e+01
1.217707e+02	-2.051834e+01
1.224740e+02	-2.057011e+01
1.231814e+02	-2.062063e+01
1.238929e+02	-2.066819e+01
1.246085e+02	-2.071758e+01
1.253283e+02	-2.076757e+01
1.260522e+02	-2.081768e+01
1.267802e+02	-2.086771e+01
1.275125e+02	-2.091645e+01
1.282490e+02	-2.096676e+01
1.289898e+02	-2.101317e+01
1.297348e+02	-2.106444e+01
1.304842e+02	-2.111826e+01
1.312378e+02	-2.116479e+01
1.319959e+02	-2.121349e+01
1.327583e+02	-2.126442e+01
1.335251e+02	-2.131247e+01
1.342963e+02	-2.136316e+01
1.350720e+02	-2.141145e+01
1.358522e+02	-2.146426e+01
1.366368e+02	-2.151355e+01
1.374260e+02	-2.156177e+01
1.382198e+02	-2.161122e+01
1.390182e+02	-2.166253e+01
1.398211e+02	-2.171227e+01
1.406287e+02	-2.175953e+01
1.414410e+02	-2.181089e+01
1.422579e+02	-2.185914e+01
1.430796e+02	-2.191193e+01
1.439060e+02	-2.195894e+01
1.447372e+02	-2.200674e+01
1.455732e+02	-2.205854e+01
1.464141e+02	-2.210876e+01
1.472597e+02	-2.215875e+01
1.481103e+02	-2.220729e+01
1.489658e+02	-2.225673e+01
1.498262e+02	-2.230775e+01
1.506916e+02	-2.235865e+01
1.515620e+02	-2.240817e+01
1.524374e+02	-2.245725e+01
1.533179e+02	-2.250684e+01
1.542034e+02	-2.255617e+01
1.550941e+02	-2.260657e+01
1.559899e+02	-2.265563e+01
1.568909e+02	-2.270573e+01
1.577971e+02	-2.275420e+01
1.587085e+02	-2.280560e+01
1.596252e+02	-2.285408e+01
1.605472e+02	-2.290258e+01
1.614745e+02	-2.295356e+01
1.624072e+02	-2.300526e+01
1.633453e+02	-2.305416e+01
1.642887e+02	-2.310442e+01
1.652377e+02	-2.315058e+01
1.661921e+02	-2.320369e+01
1.671520e+02	-2.325422e+01
1.681175e+02	-2.330238e+01
1.690885e+02	-2.335379e+01
1.700651e+02	-2.340325e+01
1.710474e+02	-2.345296e+01
1.720354e+02	-2.350139e+01
1.730291e+02	-2.355258e+01
1.740285e+02	-2.360009e+01
1.750337e+02	-2.364895e+01
1.760446e+02	-2.370136e+01
1.770615e+02	-2.375303e+01
1.780842e+02	-2.380237e+01
1.791128e+02	-2.384932e+01
1.801473e+02	-2.390198e+01
1.811878e+02	-2.394915e+01
1.822344e+02	-2.400204e+01
1.832870e+02	-2.405002e+01
1.843456e+02	-2.410072e+01
1.854104e+02	-2.415019e+01
1.864813e+02	-2.420225e+01
1.875584e+02	-2.425097e+01
1.886418e+02	-2.430050e+01
1.897313e+02	-2.435102e+01
1.908272e+02	-2.439992e+01
1.919294e+02	-2.445067e+01
1.930380e+02	-2.450126e+01
1.941530e+02	-2.454925e+01
1.952744e+02	-2.459712e+01
1.964023e+02	-2.465151e+01
1.975367e+02	-2.470042e+01
1.986777e+02	-2.474883e+01
1.998252e+02	-2.479960e+01
2.009794e+02	-2.484747e+01
2.021403e+02	-2.489881e+01
2.033078e+02	-2.494870e+01
2.044821e+02	-2.499705e+01
2.056632e+02	-2.504970e+01
2.068511e+02	-2.510120e+01
2.080459e+02	-2.514664e+01
2.092475e+02	-2.519675e+01
2.104561e+02	-2.524946e+01
2.116717e+02	-2.529819e+01
2.128943e+02	-2.534922e+01
2.141240e+02	-2.540179e+01
2.153608e+02	-2.544897e+01
2.166047e+02	-2.549839e+01
2.178558e+02	-2.555081e+01
2.191141e+02	-2.559875e+01
2.203797e+02	-2.564608e+01
2.216526e+02	-2.569845e+01
2.229329e+02	-2.574679e+01
2.242205e+02	-2.579726e+01
2.255156e+02	-2.584631e+01
2.268182e+02	-2.589713e+01
2.281283e+02	-2.594954e+01
2.294459e+02	-2.599526e+01
2.307712e+02	-2.604714e+01
2.321041e+02	-2.609673e+01
2.334447e+02	-2.614586e+01
2.347931e+02	-2.619826e+01
2.361493e+02	-2.624771e+01
2.375133e+02	-2.630064e+01
2.388851e+02	-2.634773e+01
2.402649e+02	-2.639779e+01
2.416527e+02	-2.644474e+01
2.430484e+02	-2.649485e+01
2.444523e+02	-2.654672e+01
2.458642e+02	-2.659562e+01
2.472843e+02	-2.664745e+01
2.487126e+02	-2.669670e+01
2.501492e+02	-2.674893e+01
2.515940e+02	-2.679818e+01
2.530472e+02	-2.685009e+01
2.545088e+02	-2.689286e+01
2.559789e+02	-2.694705e+01
2.574574e+02	-2.699817e+01
2.589444e+02	-2.704573e+01
2.604401e+02	-2.709644e+01
2.619444e+02	-2.714554e+01
2.634574e+02	-2.719280e+01
2.649791e+02	-2.724685e+01
2.665096e+02	-2.729429e+01
2.680489e+02	-2.734652e+01
2.695972e+02	-2.739701e+01
2.711544e+02	-2.744191e+01
2.727205e+02	-2.749877e+01
2.742958e+02	-2.754326e+01
2.758801e+02	-2.760112e+01
2.774736e+02	-2.764714e+01
2.790762e+02	-2.769828e+01
2.806882e+02	-2.774517e+01
2.823094e+02	-2.779737e+01
2.839400e+02	-2.784439e+01
2.855800e+02	-2.789198e+01
2.872295e+02	-2.794832e+01
2.888886e+02	-2.799776e+01
2.905572e+02	-2.804826e+01
2.922354e+02	-2.809382e+01
2.939234e+02	-2.814826e+01
2.956211e+02	-2.819497e+01
2.973286e+02	-2.824764e+01
2.990459e+02	-2.829416e+01
3.007732e+02	-2.834592e+01
3.025104e+02	-2.839298e+01
3.042577e+02	-2.844565e+01
3.060151e+02	-2.849987e+01
3.077826e+02	-2.854563e+01
3.095604e+02	-2.860346e+01
3.113484e+02	-2.864687e+01
3.131467e+02	-2.869810e+01
3.149554e+02	-2.874613e+01
3.167746e+02	-2.879626e+01
3.186043e+02	-2.884641e+01
3.204445e+02	-2.889792e+01
3.222954e+02	-2.894700e+01
3.241570e+02	-2.899716e+01
3.260293e+02	-2.904721e+01
3.279124e+02	-2.909891e+01
3.298064e+02	-2.914815e+01
3.317114e+02	-2.919773e+01
3.336273e+02	-2.925064e+01
3.355544e+02	-2.929735e+01
3.374925e+02	-2.934573e+01
3.394418e+02	-2.939582e+01
3.414024e+02	-2.945140e+01
3.433744e+02	-2.949986e+01
3.453577e+02	-2.954746e+01
3.473525e+02	-2.959929e+01
3.493588e+02	-2.964673e+01
3.513766e+02	-2.969431e+01
3.534062e+02	-2.974610e+01
3.554474e+02	-2.979612e+01
3.575005e+02	-2.984733e+01
3.595654e+02	-2.989836e+01
3.616422e+02	-2.994928e+01
3.637311e+02	-2.999779e+01
3.658320e+02	-3.004858e+01
3.679450e+02	-3.009813e+01
3.700702e+02	-3.015411e+01
3.722077e+02	-3.020038e+01
3.743576e+02	-3.025142e+01
3.765199e+02	-3.029986e+01
3.786946e+02	-3.034759e+01
3.808820e+02	-3.039609e+01
3.830819e+02	-3.044663e+01
3.852946e+02	-3.050221e+01
3.875200e+02	-3.055017e+01
3.897583e+02	-3.059605e+01
3.920096e+02	-3.065058e+01
3.942738e+02	-3.069934e+01
3.965511e+02	-3.075512e+01
3.988416e+02	-3.080428e+01
4.011452e+02	-3.084870e+01
4.034622e+02	-3.090089e+01
4.057926e+02	-3.094717e+01
4.081365e+02	-3.100284e+01
4.104938e+02	-3.105120e+01
4.128648e+02	-3.110303e+01
4.152495e+02	-3.115876e+01
4.176480e+02	-3.119986e+01
4.200603e+02	-3.125338e+01
4.224866e+02	-3.130690e+01
4.249268e+02	-3.135386e+01
4.273812e+02	-3.140196e+01
4.298497e+02	-3.144883e+01
4.323325e+02	-3.150006e+01
4.348297e+02	-3.155260e+01
4.373412e+02	-3.160619e+01
4.398673e+02	-3.165622e+01
4.424079e+02	-3.170399e+01
4.449633e+02	-3.175621e+01
4.475334e+02	-3.180846e+01
4.501183e+02	-3.185687e+01
4.527182e+02	-3.190245e+01
4.553330e+02	-3.194974e+01
4.579630e+02	-3.200425e+01
4.606082e+02	-3.205440e+01
4.632687e+02	-3.210213e+01
4.659445e+02	-3.215431e+01
4.686358e+02	-3.220131e+01
4.713426e+02	-3.225892e+01
4.740650e+02	-3.230318e+01
4.768032e+02	-3.235255e+01
4.795572e+02	-3.240582e+01
4.823271e+02	-3.245567e+01
4.851130e+02	-3.249982e+01
4.879150e+02	-3.255765e+01
4.907332e+02	-3.260615e+01
4.935676e+02	-3.265790e+01
4.964185e+02	-3.270634e+01
4.992858e+02	-3.275828e+01
5.021696e+02	-3.280619e+01
5.050701e+02	-3.285630e+01
5.079874e+02	-3.290257e+01
5.109215e+02	-3.296306e+01
5.138726e+02	-3.300742e+01
5.168407e+02	-3.305636e+01
5.198259e+02	-3.310717e+01
5.228284e+02	-3.315705e+01
5.258482e+02	-3.320993e+01
5.288855e+02	-3.326224e+01
5.319403e+02	-3.330496e+01
5.350128e+02	-3.335370e+01
5.381030e+02	-3.340219e+01
5.412111e+02	-3.345875e+01
5.443371e+02	-3.351170e+01
5.474812e+02	-3.356871e+01
5.506434e+02	-3.360662e+01
5.538239e+02	-3.366216e+01
5.570228e+02	-3.371600e+01
5.602401e+02	-3.375769e+01
5.634760e+02	-3.381142e+01
5.667306e+02	-3.385798e+01
5.700040e+02	-3.391084e+01
5.732964e+02	-3.396114e+01
5.766077e+02	-3.400686e+01
5.799382e+02	-3.405541e+01
5.832879e+02	-3.411601e+01
5.866569e+02	-3.416871e+01
5.900454e+02	-3.422221e+01
5.934535e+02	-3.427265e+01
5.968813e+02	-3.431013e+01
6.003288e+02	-3.436107e+01
6.037963e+02	-3.441433e+01
6.072838e+02	-3.446144e+01
6.107914e+02	-3.451555e+01
6.143194e+02	-3.456696e+01
6.178676e+02	-3.462091e+01
6.214364e+02	-3.467069e+01
6.250258e+02	-3.471321e+01
6.286359e+02	-3.477341e+01
6.322669e+02	-3.481297e+01
6.359189e+02	-3.486739e+01
6.395919e+02	-3.491065e+01
6.432862e+02	-3.496755e+01
6.470017e+02	-3.501273e+01
6.507388e+02	-3.507059e+01
6.544974e+02	-3.512180e+01
6.582778e+02	-3.517372e+01
6.620800e+02	-3.522405e+01
6.659041e+02	-3.525975e+01
6.697504e+02	-3.531927e+01
6.736188e+02	-3.537843e+01
6.775096e+02	-3.542675e+01
6.814229e+02	-3.547718e+01
6.853587e+02	-3.552250e+01
6.893173e+02	-3.556846e+01
6.932988e+02	-3.562761e+01
6.973033e+02	-3.568644e+01
7.013309e+02	-3.573062e+01
7.053817e+02	-3.576639e+01
7.094560e+02	-3.582507e+01
7.135538e+02	-3.587930e+01
7.176752e+02	-3.592034e+01
7.218205e+02	-3.598406e+01
7.259897e+02	-3.602417e+01
7.301830e+02	-3.608380e+01
7.344005e+02	-3.613041e+01
7.386424e+02	-3.617039e+01
7.429087e+02	-3.623292e+01
7.471998e+02	-3.628532e+01
7.515155e+02	-3.632731e+01
7.558563e+02	-3.638246e+01
7.602221e+02	-3.643584e+01
7.646131e+02	-3.647981e+01
7.690295e+02	-3.652934e+01
7.734713e+02	-3.658026e+01
7.779389e+02	-3.663161e+01
7.824322e+02	-3.668654e+01
7.869515e+02	-3.672814e+01
7.914969e+02	-3.678822e+01
7.960686e+02	-3.684643e+01
8.006666e+02	-3.689209e+01
8.052912e+02	-3.694301e+01
8.099426e+02	-3.699262e+01
8.146208e+02	-3.704408e+01
8.193260e+02	-3.709302e+01
8.240584e+02	-3.713675e+01
8.288181e+02	-3.718383e+01
8.336053e+02	-3.724879e+01
8.384202e+02	-3.729866e+01
8.432629e+02	-3.734967e+01
8.481335e+02	-3.739371e+01
8.530323e+02	-3.745069e+01
8.579594e+02	-3.750065e+01
8.629149e+02	-3.754127e+01
8.678991e+02	-3.759657e+01
8.729120e+02	-3.765310e+01
8.779539e+02	-3.770116e+01
8.830250e+02	-3.775675e+01
8.881253e+02	-3.779230e+01
8.932551e+02	-3.783782e+01
8.984145e+02	-3.789491e+01
9.036037e+02	-3.794827e+01
9.088229e+02	-3.799536e+01
9.140722e+02	-3.804125e+01
9.193518e+02	-3.809942e+01
9.246620e+02	-3.815328e+01
9.300028e+02	-3.819842e+01
9.353744e+02	-3.824595e+01
9.407771e+02	-3.830234e+01
9.462110e+02	-3.835539e+01
9.516763e+02	-3.841505e+01
9.571731e+02	-3.845691e+01
9.627017e+02	-3.850734e+01
9.682622e+02	-3.856846e+01
9.738549e+02	-3.861735e+01
9.794798e+02	-3.865706e+01
9.851373e+02	-3.870770e+01
9.908274e+02	-3.875207e+01
9.965504e+02	-3.880383e+01
1.002306e+03	-3.885923e+01
1.008096e+03	-3.892572e+01
1.013918e+03	-3.896570e+01
1.019775e+03	-3.901588e+01
1.025665e+03	-3.907938e+01
1.031589e+03	-3.912343e+01
1.037548e+03	-3.915832e+01
1.043540e+03	-3.922375e+01
1.049568e+03	-3.928290e+01
1.055630e+03	-3.932190e+01
1.061727e+03	-3.937121e+01
1.067860e+03	-3.941063e+01
1.074028e+03	-3.948145e+01
1.080231e+03	-3.952500e+01
1.086471e+03	-3.958136e+01
1.092746e+03	-3.962862e+01
1.099058e+03	-3.966306e+01
1.105406e+03	-3.971080e+01
1.111791e+03	-3.979741e+01
1.118212e+03	-3.985249e+01
1.124671e+03	-3.988818e+01
1.131167e+03	-3.993104e+01
1.137701e+03	-3.998992e+01
1.144272e+03	-4.003514e+01
1.150881e+03	-4.008590e+01
1.157529e+03	-4.013516e+01
1.164215e+03	-4.017915e+01
1.170939e+03	-4.023830e+01
1.177702e+03	-4.029079e+01
1.184505e+03	-4.035110e+01
1.191346e+03	-4.038298e+01
1.198227e+03	-4.042981e+01
1.205148e+03	-4.049785e+01
1.212109e+03	-4.053922e+01
1.219110e+03	-4.060684e+01
1.226152e+03	-4.065752e+01
1.233234e+03	-4.069819e+01
1.240357e+03	-4.075974e+01
1.247521e+03	-4.080145e+01
1.254727e+03	-4.085043e+01
1.261974e+03	-4.091707e+01
1.269263e+03	-4.094785e+01
1.276595e+03	-4.101236e+01
1.283968e+03	-4.104876e+01
1.291384e+03	-4.110980e+01
1.298843e+03	-4.116602e+01
1.306345e+03	-4.122428e+01
1.313891e+03	-4.128027e+01
1.321480e+03	-4.131657e+01
1.329113e+03	-4.138879e+01
1.336790e+03	-4.143042e+01
1.344511e+03	-4.146824e+01
1.352277e+03	-4.154461e+01
1.360087e+03	-4.157299e+01
1.367943e+03	-4.164567e+01
1.375844e+03	-4.169340e+01
1.383791e+03	-4.175303e+01
1.391784e+03	-4.178607e+01
1.399823e+03	-4.185740e+01
1.407908e+03	-4.189466e+01
1.416040e+03	-4.195270e+01
1.424219e+03	-4.199575e+01
1.432445e+03	-4.205766e+01
1.440719e+03	-4.208344e+01
1.449041e+03	-4.215778e+01
1.457410e+03	-4.220681e+01
1.465828e+03	-4.227044e+01
1.474295e+03	-4.230564e+01
1.482810e+03	-4.234273e+01
1.491375e+03	-4.242105e+01
1.499989e+03	-4.245385e+01
1.508653e+03	-4.250015e+01
1.517367e+03	-4.256890e+01
1.526131e+03	-4.261675e+01
1.534946e+03	-4.266448e+01
1.543812e+03	-4.272115e+01
1.552729e+03	-4.277794e+01
1.561697e+03	-4.283387e+01
1.570717e+03	-4.291219e+01
1.579790e+03	-4.293799e+01
1.588915e+03	-4.298658e+01
1.598092e+03	-4.304866e+01
1.607323e+03	-4.306444e+01
1.616606e+03	-4.313498e+01
1.625944e+03	-4.319760e+01
1.635335e+03	-4.321267e+01
1.644781e+03	-4.331214e+01
1.654281e+03	-4.336934e+01
1.663836e+03	-4.340894e+01
1.673446e+03	-4.344718e+01
1.683112e+03	-4.350936e+01
1.692834e+03	-4.354684e+01
1.702611e+03	-4.362812e+01
1.712446e+03	-4.368221e+01
1.722337e+03	-4.370577e+01
1.732285e+03	-4.375973e+01
1.742290e+03	-4.381998e+01
1.752354e+03	-4.387255e+01
1.762475e+03	-4.392088e+01
1.772655e+03	-4.399186e+01
1.782894e+03	-4.401337e+01
1.793192e+03	-4.407210e+01
1.803549e+03	-4.414385e+01
1.813967e+03	-4.420729e+01
1.824444e+03	-4.422822e+01
1.834982e+03	-4.429585e+01
1.845581e+03	-4.437670e+01
1.856241e+03	-4.438199e+01
1.866962e+03	-4.443589e+01
1.877746e+03	-4.452051e+01
1.888592e+03	-4.455623e+01
1.899500e+03	-4.462294e+01
1.910472e+03	-4.465666e+01
1.921506e+03	-4.470323e+01
1.932605e+03	-4.475805e+01
1.943768e+03	-4.483385e+01
1.954995e+03	-4.489266e+01
1.966287e+03	-4.493916e+01
1.977644e+03	-4.500436e+01
1.989067e+03	-4.502714e+01
2.000555e+03	-4.510019e+01
2.012110e+03	-4.516397e+01
2.023732e+03	-4.520460e+01
2.035421e+03	-4.525901e+01
2.047178e+03	-4.531650e+01
2.059002e+03	-4.535443e+01
2.070895e+03	-4.540575e+01
2.082856e+03	-4.546798e+01
2.094887e+03	-4.552877e+01
2.106987e+03	-4.560749e+01
2.119157e+03	-4.564483e+01
2.131397e+03	-4.566914e+01
2.143708e+03	-4.575013e+01
2.156090e+03	-4.578071e+01
2.168543e+03	-4.586272e+01
2.181069e+03	-4.590589e+01
2.193666e+03	-4.598351e+01
2.206337e+03	-4.600471e+01
2.219081e+03	-4.609967e+01
2.231898e+03	-4.611501e+01
2.244789e+03	-4.617327e+01
2.257755e+03	-4.623994e+01
2.270796e+03	-4.629362e+01
2.283912e+03	-4.635712e+01
2.297104e+03	-4.640105e+01
2.310372e+03	-4.649148e+01
2.323716e+03	-4.651327e+01
2.337138e+03	-4.655962e+01
2.350637e+03	-4.663129e+01
2.364214e+03	-4.661868e+01
2.377870e+03	-4.673001e+01
2.391604e+03	-4.680351e+01
2.405418e+03	-4.684641e+01
2.419312e+03	-4.687257e+01
2.433286e+03	-4.691391e+01
2.447340e+03	-4.702585e+01
2.461476e+03	-4.705895e+01
2.475693e+03	-4.710169e+01
2.489993e+03	-4.717519e+01
2.504375e+03	-4.722240e+01
2.518840e+03	-4.728757e+01
2.533389e+03	-4.732473e+01
2.548022e+03	-4.737777e+01
2.562739e+03	-4.745434e+01
2.577541e+03	-4.749217e+01
2.592429e+03	-4.756939e+01
2.607403e+03	-4.761335e+01
2.622463e+03	-4.767161e+01
2.637610e+03	-4.769713e+01
2.652845e+03	-4.779552e+01
2.668168e+03	-4.779445e+01
2.683579e+03	-4.792019e+01
2.699079e+03	-4.795044e+01
2.714669e+03	-4.801849e+01
2.730349e+03	-4.808084e+01
2.746119e+03	-4.815798e+01
2.761981e+03	-4.818887e+01
2.777934e+03	-4.823819e+01
2.793979e+03	-4.830948e+01
2.810117e+03	-4.839992e+01
2.826348e+03	-4.840960e+01
2.842673e+03	-4.844467e+01
2.859092e+03	-4.854219e+01
2.875606e+03	-4.858069e+01
2.892215e+03	-4.866461e+01
2.908921e+03	-4.867519e+01
2.925722e+03	-4.872326e+01
2.942621e+03	-4.884430e+01
2.959618e+03	-4.888727e+01
2.976712e+03	-4.895423e+01
2.993906e+03	-4.897970e+01
3.011198e+03	-4.904627e+01
3.028591e+03	-4.912098e+01
3.046084e+03	-4.912719e+01
3.063678e+03	-4.924050e+01
3.081374e+03	-4.926027e+01
3.099172e+03	-4.934678e+01
3.117072e+03	-4.939919e+01
3.135076e+03	-4.944617e+01
3.153184e+03	-4.952973e+01
3.171397e+03	-4.958075e+01
3.189715e+03	-4.965338e+01
3.208139e+03	-4.969619e+01
3.226669e+03	-4.974458e+01
3.245306e+03	-4.987120e+01
3.264051e+03	-4.990330e+01
3.282904e+03	-4.996316e+01
3.301866e+03	-5.002231e+01
3.320937e+03	-5.008660e+01
3.340119e+03	-5.012624e+01
3.359411e+03	-5.019665e+01
3.378815e+03	-5.026084e+01
3.398331e+03	-5.031513e+01
3.417959e+03	-5.035786e+01
3.437701e+03	-5.044388e+01
3.457557e+03	-5.045621e+01
3.477528e+03	-5.054243e+01
3.497614e+03	-5.063580e+01
3.517816e+03	-5.065900e+01
3.538135e+03	-5.069291e+01
3.558571e+03	-5.078359e+01
3.579125e+03	-5.086434e+01
3.599798e+03	-5.093828e+01
3.620590e+03	-5.095667e+01
3.641503e+03	-5.105643e+01
3.662536e+03	-5.114711e+01
3.683691e+03	-5.113790e+01
3.704967e+03	-5.123577e+01
3.726367e+03	-5.127758e+01
3.747890e+03	-5.137818e+01
3.769538e+03	-5.136274e+01
3.791311e+03	-5.145809e+01
3.813209e+03	-5.156082e+01
3.835234e+03	-5.161458e+01
3.857386e+03	-5.168440e+01
3.879667e+03	-5.172415e+01
3.902075e+03	-5.181837e+01
3.924614e+03	-5.183489e+01
3.947282e+03	-5.195404e+01
3.970081e+03	-5.198444e+01
3.993012e+03	-5.211087e+01
4.016076e+03	-5.221721e+01
4.039272e+03	-5.221581e+01
4.062603e+03	-5.223789e+01
4.086069e+03	-5.230170e+01
4.109670e+03	-5.241104e+01
4.133407e+03	-5.244869e+01
4.157281e+03	-5.249685e+01
4.181294e+03	-5.251416e+01
4.205445e+03	-5.266819e+01
4.229735e+03	-5.279410e+01
4.254166e+03	-5.280776e+01
4.278738e+03	-5.287871e+01
4.303451e+03	-5.291841e+01
4.328308e+03	-5.307539e+01
4.353308e+03	-5.312711e+01
4.378453e+03	-5.305864e+01
4.403742e+03	-5.332204e+01
4.429178e+03	-5.326342e+01
4.454761e+03	-5.343063e+01
4.480492e+03	-5.345501e+01
4.506371e+03	-5.353593e+01
4.532399e+03	-5.354704e+01
4.558578e+03	-5.369092e+01
4.584908e+03	-5.371120e+01
4.611391e+03	-5.378671e+01
4.638026e+03	-5.390073e+01
4.664815e+03	-5.392082e+01
4.691759e+03	-5.393742e+01
4.718858e+03	-5.409445e+01
4.746114e+03	-5.410538e+01
4.773527e+03	-5.421284e+01
4.801099e+03	-5.436965e+01
4.828830e+03	-5.439919e+01
4.856721e+03	-5.444392e+01
4.884773e+03	-5.454456e+01
4.912988e+03	-5.463382e+01
4.941365e+03	-5.466617e+01
4.969906e+03	-5.473354e+01
4.998612e+03	-5.485877e+01
5.027484e+03	-5.492948e+01
5.056522e+03	-5.488266e+01
5.085729e+03	-5.505092e+01
5.115104e+03	-5.511636e+01
5.144648e+03	-5.527541e+01
5.174363e+03	-5.549845e+01
5.204250e+03	-5.539934e+01
5.234310e+03	-5.542283e+01
5.264543e+03	-5.544279e+01
5.294951e+03	-5.555994e+01
5.325534e+03	-5.573833e+01
5.356294e+03	-5.576834e+01
5.387232e+03	-5.589563e+01
5.418348e+03	-5.594328e+01
5.449645e+03	-5.597995e+01
5.481122e+03	-5.616250e+01
5.512780e+03	-5.619463e+01
5.544622e+03	-5.635847e+01
5.576647e+03	-5.640019e+01
5.608858e+03	-5.642364e+01
5.641254e+03	-5.660745e+01
5.673838e+03	-5.663146e+01
5.706610e+03	-5.668731e+01
5.739571e+03	-5.691117e+01
5.772723e+03	-5.679223e+01
5.806066e+03	-5.701952e+01
5.839601e+03	-5.703599e+01
5.873331e+03	-5.704980e+01
5.907255e+03	-5.734893e+01
5.941375e+03	-5.725759e+01
5.975692e+03	-5.741139e+01
6.010207e+03	-5.757476e+01
6.044922e+03	-5.755181e+01
6.079837e+03	-5.764260e+01
6.114954e+03	-5.772218e+01
6.150274e+03	-5.779736e+01
6.185797e+03	-5.786610e+01
6.221526e+03	-5.813904e+01
6.257462e+03	-5.813187e+01
6.293605e+03	-5.831128e+01
6.329956e+03	-5.834107e+01
6.366518e+03	-5.836813e+01
6.403290e+03	-5.858171e+01
6.440276e+03	-5.872547e+01
6.477474e+03	-5.867858e+01
6.514888e+03	-5.898866e+01
6.552518e+03	-5.910508e+01
6.590365e+03	-5.900669e+01
6.628430e+03	-5.917884e+01
6.666716e+03	-5.927118e+01
6.705223e+03	-5.924487e+01
6.743952e+03	-5.937059e+01
6.782905e+03	-5.968437e+01
6.822082e+03	-5.968003e+01
6.861486e+03	-5.969293e+01
6.901118e+03	-5.986996e+01
6.940979e+03	-6.011001e+01
6.981069e+03	-6.015490e+01
7.021392e+03	-6.023815e+01
7.061947e+03	-6.042881e+01
7.102737e+03	-6.048217e+01
7.143762e+03	-6.047418e+01
7.185024e+03	-6.064957e+01
7.226524e+03	-6.084013e+01
7.268264e+03	-6.090300e+01
7.310246e+03	-6.096894e+01
7.352469e+03	-6.128625e+01
7.394937e+03	-6.119965e+01
7.437650e+03	-6.149798e+01
7.480609e+03	-6.161950e+01
7.523817e+03	-6.152057e+01
7.567274e+03	-6.160200e+01
7.610982e+03	-6.162350e+01
7.654943e+03	-6.225866e+01
7.699158e+03	-6.198345e+01
7.743628e+03	-6.226725e+01
7.788355e+03	-6.213800e+01
7.833340e+03	-6.249154e+01
7.878585e+03	-6.237615e+01
7.924091e+03	-6.264594e+01
7.969861e+03	-6.261380e+01
8.015894e+03	-6.267086e+01
8.062194e+03	-6.283003e+01
8.108761e+03	-6.307199e+01
8.155596e+03	-6.322754e+01
8.202703e+03	-6.316246e+01
8.250081e+03	-6.337060e+01
8.297733e+03	-6.307284e+01
8.345661e+03	-6.345668e+01
8.393865e+03	-6.315632e+01
8.442348e+03	-6.334088e+01
8.491110e+03	-6.328580e+01
8.540155e+03	-6.348492e+01
8.589482e+03	-6.335630e+01
8.639095e+03	-6.303395e+01
8.688994e+03	-6.293598e+01
8.739181e+03	-6.269075e+01
8.789658e+03	-6.233688e+01
8.840427e+03	-6.186852e+01
8.891489e+03	-6.159997e+01
8.942846e+03	-6.124544e+01
8.994499e+03	-6.067099e+01
9.046451e+03	-6.080390e+01
9.098703e+03	-6.175872e+01
9.151257e+03	-6.370109e+01
9.204114e+03	-6.605036e+01
9.257277e+03	-6.925490e+01
9.310746e+03	-7.172639e+01
9.364525e+03	-7.487936e+01
9.418614e+03	-7.872130e+01
9.473015e+03	-8.336143e+01
9.527731e+03	-8.715252e+01
9.582763e+03	-1.047005e+02
9.638113e+03	-1.114288e+02
9.693782e+03	-9.908368e+01
9.749773e+03	-9.612431e+01
9.806087e+03	-9.960921e+01
9.862727e+03	-1.003745e+02
9.919693e+03	-9.307038e+01
9.976989e+03	-9.078874e+01
1.003462e+04	-9.354627e+01
1.009258e+04	-8.970152e+01
1.015087e+04	-8.885601e+01
1.020950e+04	-8.790571e+01
1.026847e+04	-8.871104e+01
1.032778e+04	-8.688158e+01
1.038743e+04	-8.383945e+01
1.044743e+04	-8.466998e+01
1.050777e+04	-8.271865e+01
1.056847e+04	-7.980127e+01
1.062951e+04	-7.941339e+01
1.069091e+04	-7.881436e+01
1.075266e+04	-7.911978e+01
1.081476e+04	-7.781011e+01
1.087723e+04	-7.768740e+01
1.094006e+04	-7.645152e+01
1.100324e+04	-7.549495e+01
1.106680e+04	-7.613857e+01
1.113072e+04	-7.478845e+01
1.119501e+04	-7.410671e+01
1.125967e+04	-7.403935e+01
1.132471e+04	-7.296237e+01
1.139012e+04	-7.364782e+01
1.145591e+04	-7.259781e+01
1.152208e+04	-7.280179e+01
1.158863e+04	-7.214239e+01
1.165556e+04	-7.116338e+01
1.172289e+04	-7.038690e+01
1.179060e+04	-7.039680e+01
1.185870e+04	-7.057145e+01
1.192719e+04	-6.991447e+01
1.199608e+04	-6.986017e+01
1.206537e+04	-6.922336e+01
1.213506e+04	-6.871846e+01
1.220515e+04	-6.894217e+01
1.227565e+04	-6.867562e+01
1.234655e+04	-6.839424e+01
1.241787e+04	-6.818263e+01
1.248959e+04	-6.790606e+01
1.256173e+04	-6.735687e+01
1.263429e+04	-6.762809e+01
1.270726e+04	-6.676913e+01
1.278066e+04	-6.673171e+01
1.285448e+04	-6.671894e+01
1.292873e+04	-6.668364e+01
1.300340e+04	-6.626062e+01
1.307851e+04	-6.599066e+01
1.315405e+04	-6.587936e+01
1.323003e+04	-6.560346e+01
1.330644e+04	-6.544722e+01
1.338330e+04	-6.532447e+01
1.346060e+04	-6.504404e+01
1.353835e+04	-6.468404e+01
1.361655e+04	-6.470565e+01
1.369520e+04	-6.453583e+01
1.377430e+04	-6.441140e+01
1.385386e+04	-6.400093e+01
1.393388e+04	-6.402521e+01
1.401436e+04	-6.354776e+01
1.409531e+04	-6.359754e+01
1.417672e+04	-6.344617e+01
1.425861e+04	-6.334085e+01
1.434096e+04	-6.301585e+01
1.442379e+04	-6.308525e+01
1.450711e+04	-6.302343e+01
1.459090e+04	-6.270324e+01
1.467518e+04	-6.261953e+01
1.475994e+04	-6.238486e+01
1.484519e+04	-6.211892e+01
1.493094e+04	-6.218204e+01
1.501718e+04	-6.190476e+01
1.510392e+04	-6.183778e+01
1.519116e+04	-6.154972e+01
1.527890e+04	-6.173441e+01
1.536715e+04	-6.148040e+01
1.545591e+04	-6.122730e+01
1.554518e+04	-6.103489e+01
1.563497e+04	-6.090120e+01
1.572528e+04	-6.086936e+01
1.581611e+04	-6.061860e+01
1.590746e+04	-6.047511e+01
1.599934e+04	-6.038229e+01
1.609175e+04	-6.032144e+01
1.618470e+04	-6.017208e+01
1.627818e+04	-6.007260e+01
1.637220e+04	-5.993686e+01
1.646677e+04	-5.983431e+01
1.656188e+04	-5.976515e+01
1.665754e+04	-5.967459e+01
1.675375e+04	-5.962430e+01
1.685052e+04	-5.937586e+01
1.694785e+04	-5.929841e+01
1.704574e+04	-5.927082e+01
1.714419e+04	-5.904706e+01
1.724322e+04	-5.885170e+01
1.734281e+04	-5.882105e+01
1.744299e+04	-5.882680e+01
1.754374e+04	-5.875176e+01
1.764507e+04	-5.853179e+01
1.774698e+04	-5.836858e+01
1.784949e+04	-5.831399e+01
1.795259e+04	-5.835853e+01
1.805628e+04	-5.819862e+01
1.816057e+04	-5.799148e+01
1.826547e+04	-5.782121e+01
1.837097e+04	-5.784293e+01
1.847708e+04	-5.775791e+01
1.858380e+04	-5.772165e+01
1.869114e+04	-5.756518e+01
1.879910e+04	-5.733870e+01
1.890768e+04	-5.743337e+01
1.901689e+04	-5.726923e+01
1.912673e+04	-5.714004e+01
1.923721e+04	-5.704006e+01
1.934832e+04	-5.703949e+01
1.946008e+04	-5.708024e+01
1.957248e+04	-5.676627e+01
1.968553e+04	-5.684515e+01
1.979923e+04	-5.667210e+01
1.991359e+04	-5.662268e+01
2.002861e+04	-5.645393e+01
2.014430e+04	-5.636265e+01
2.026065e+04	-5.625672e+01
2.037767e+04	-5.619218e+01
2.049537e+04	-5.615008e+01
2.061375e+04	-5.610336e+01
2.073282e+04	-5.592647e+01
2.085257e+04	-5.582015e+01
2.097301e+04	-5.577224e+01
2.109415e+04	-5.572825e+01
2.121599e+04	-5.559048e+01
2.133853e+04	-5.567570e+01
2.146178e+04	-5.544484e+01
2.158575e+04	-5.543604e+01
2.171043e+04	-5.533938e+01
2.183582e+04	-5.511632e+01
2.196195e+04	-5.521321e+01
2.208880e+04	-5.513764e+01
2.221638e+04	-5.496365e+01
2.234470e+04	-5.487873e+01
2.247377e+04	-5.487618e+01
2.260357e+04	-5.484733e+01
2.273413e+04	-5.469110e+01
2.286544e+04	-5.461274e+01
2.299751e+04	-5.450176e+01
2.313034e+04	-5.447489e+01
2.326394e+04	-5.442892e+01
2.339832e+04	-5.430042e+01
2.353346e+04	-5.428718e+01
2.366939e+04	-5.406123e+01
2.380610e+04	-5.406244e+01
2.394361e+04	-5.402275e+01
2.408191e+04	-5.390845e+01
2.422100e+04	-5.388136e+01
2.436090e+04	-5.389432e+01
2.450161e+04	-5.374192e+01
2.464313e+04	-5.373347e+01
2.478547e+04	-5.352575e+01
2.492863e+04	-5.351652e+01
2.507261e+04	-5.342548e+01
2.521743e+04	-5.336807e+01
2.536309e+04	-5.330932e+01
2.550958e+04	-5.325646e+01
2.565692e+04	-5.313378e+01
2.580512e+04	-5.304879e+01
2.595417e+04	-5.303049e+01
2.610408e+04	-5.296795e+01
2.625485e+04	-5.288590e+01
2.640650e+04	-5.274583e+01
2.655902e+04	-5.271200e+01
2.671243e+04	-5.260520e+01
2.686672e+04	-5.258360e+01
2.702190e+04	-5.260143e+01
2.717798e+04	-5.248689e+01
2.733495e+04	-5.241585e+01
2.749284e+04	-5.233532e+01
2.765164e+04	-5.224575e+01
2.781135e+04	-5.218456e+01
2.797199e+04	-5.215297e+01
2.813355e+04	-5.212261e+01
2.829605e+04	-5.196914e+01
2.845949e+04	-5.192609e+01
2.862387e+04	-5.188491e+01
2.878920e+04	-5.172751e+01
2.895549e+04	-5.173520e+01
2.912273e+04	-5.169756e+01
2.929094e+04	-5.162634e+01
2.946013e+04	-5.154153e+01
2.963029e+04	-5.151184e+01
2.980143e+04	-5.139936e+01
2.997356e+04	-5.136806e+01
3.014669e+04	-5.130175e+01
3.032081e+04	-5.116896e+01
3.049595e+04	-5.115642e+01
3.067209e+04	-5.108168e+01
3.084925e+04	-5.104078e+01
3.102743e+04	-5.095214e+01
3.120665e+04	-5.090945e+01
3.138690e+04	-5.083138e+01
3.156819e+04	-5.074952e+01
3.175052e+04	-5.071258e+01
3.193391e+04	-5.067854e+01
3.211836e+04	-5.058842e+01
3.230388e+04	-5.048147e+01
3.249046e+04	-5.049493e+01
3.267812e+04	-5.041786e+01
3.286687e+04	-5.033055e+01
3.305671e+04	-5.029835e+01
3.324764e+04	-5.020610e+01
3.343968e+04	-5.017570e+01
3.363283e+04	-5.011554e+01
3.382709e+04	-5.003988e+01
3.402247e+04	-5.003608e+01
3.421899e+04	-4.992144e+01
3.441663e+04	-4.988350e+01
3.461542e+04	-4.979225e+01
3.481536e+04	-4.972319e+01
3.501645e+04	-4.966707e+01
3.521871e+04	-4.966669e+01
3.542213e+04	-4.954895e+01
3.562672e+04	-4.949747e+01
3.583250e+04	-4.950207e+01
3.603947e+04	-4.941245e+01
3.624763e+04	-4.928499e+01
3.645700e+04	-4.933198e+01
3.666757e+04	-4.919666e+01
3.687936e+04	-4.916640e+01
3.709238e+04	-4.906992e+01
3.730662e+04	-4.905788e+01
3.752210e+04	-4.896393e+01
3.773883e+04	-4.888688e+01
3.795680e+04	-4.883549e+01
3.817604e+04	-4.883983e+01
3.839654e+04	-4.878315e+01
3.861832e+04	-4.869478e+01
3.884138e+04	-4.860454e+01
3.906573e+04	-4.858346e+01
3.929137e+04	-4.851842e+01
3.951831e+04	-4.844069e+01
3.974657e+04	-4.840995e+01
3.997614e+04	-4.837742e+01
4.020704e+04	-4.830755e+01
4.043928e+04	-4.821393e+01
4.067285e+04	-4.816429e+01
4.090778e+04	-4.811354e+01
4.114406e+04	-4.805116e+01
4.138171e+04	-4.798446e+01
4.162073e+04	-4.793312e+01
4.186113e+04	-4.789288e+01
4.210291e+04	-4.778477e+01
4.234610e+04	-4.779244e+01
4.259069e+04	-4.773301e+01
4.283669e+04	-4.765305e+01
4.308411e+04	-4.759407e+01
4.333297e+04	-4.750120e+01
4.358325e+04	-4.748807e+01
4.383499e+04	-4.744844e+01
4.408818e+04	-4.739462e+01
4.434283e+04	-4.731431e+01
4.459895e+04	-4.728138e+01
4.485655e+04	-4.721004e+01
4.511564e+04	-4.711655e+01
4.537623e+04	-4.712656e+01
4.563832e+04	-4.705572e+01
4.590193e+04	-4.697821e+01
4.616705e+04	-4.692392e+01
4.643371e+04	-4.689948e+01
4.670191e+04	-4.680408e+01
4.697166e+04	-4.677610e+01
4.724297e+04	-4.667359e+01
4.751584e+04	-4.664689e+01
4.779029e+04	-4.662314e+01
4.806633e+04	-4.656353e+01
4.834395e+04	-4.648263e+01
4.862319e+04	-4.644923e+01
4.890403e+04	-4.634951e+01
4.918650e+04	-4.629989e+01
4.947060e+04	-4.629670e+01
4.975634e+04	-4.622740e+01
5.004373e+04	-4.616367e+01
5.033278e+04	-4.610823e+01
5.062350e+04	-4.603531e+01
5.091590e+04	-4.598074e+01
5.120999e+04	-4.596057e+01
5.150578e+04	-4.586877e+01
5.180327e+04	-4.582775e+01
5.210248e+04	-4.575670e+01
5.240343e+04	-4.571810e+01
5.270611e+04	-4.567975e+01
5.301053e+04	-4.561593e+01
5.331672e+04	-4.561211e+01
5.362468e+04	-4.549907e+01
5.393441e+04	-4.544773e+01
5.424593e+04	-4.541951e+01
5.455926e+04	-4.535634e+01
5.487439e+04	-4.531281e+01
5.519134e+04	-4.522896e+01
5.551012e+04	-4.518525e+01
5.583075e+04	-4.514077e+01
5.615322e+04	-4.509940e+01
5.647756e+04	-4.503735e+01
5.680377e+04	-4.496564e+01
5.713187e+04	-4.492858e+01
5.746186e+04	-4.485957e+01
5.779376e+04	-4.482003e+01
5.812757e+04	-4.476816e+01
5.846332e+04	-4.469960e+01
5.880100e+04	-4.464625e+01
5.914063e+04	-4.458990e+01
5.948222e+04	-4.455764e+01
5.982579e+04	-4.448911e+01
6.017134e+04	-4.443660e+01
6.051889e+04	-4.439629e+01
6.086844e+04	-4.435686e+01
6.122002e+04	-4.427264e+01
6.157362e+04	-4.424398e+01
6.192927e+04	-4.418464e+01
6.228697e+04	-4.411356e+01
6.264674e+04	-4.405483e+01
6.300858e+04	-4.399770e+01
6.337252e+04	-4.394903e+01
6.373855e+04	-4.392420e+01
6.410670e+04	-4.386101e+01
6.447698e+04	-4.383516e+01
6.484940e+04	-4.376218e+01
6.522397e+04	-4.369692e+01
6.560070e+04	-4.364512e+01
6.597960e+04	-4.359124e+01
6.636070e+04	-4.351816e+01
6.674400e+04	-4.349990e+01
6.712951e+04	-4.344952e+01
6.751724e+04	-4.337831e+01
6.790722e+04	-4.332651e+01
6.829945e+04	-4.327447e+01
6.869395e+04	-4.321394e+01
6.909072e+04	-4.314169e+01
6.948978e+04	-4.310605e+01
6.989115e+04	-4.308127e+01
7.029484e+04	-4.301460e+01
7.070086e+04	-4.295959e+01
7.110923e+04	-4.291271e+01
7.151995e+04	-4.289358e+01
7.193305e+04	-4.281397e+01
7.234853e+04	-4.275368e+01
7.276641e+04	-4.271441e+01
7.318671e+04	-4.266653e+01
7.360943e+04	-4.259472e+01
7.403460e+04	-4.255118e+01
7.446222e+04	-4.252068e+01
7.489231e+04	-4.244071e+01
7.532488e+04	-4.241386e+01
7.575996e+04	-4.232895e+01
7.619754e+04	-4.229830e+01
7.663766e+04	-4.224889e+01
7.708031e+04	-4.218328e+01
7.752553e+04	-4.212870e+01
7.797331e+04	-4.208075e+01
7.842368e+04	-4.203858e+01
7.887665e+04	-4.199071e+01
7.933224e+04	-4.191387e+01
7.979046e+04	-4.187975e+01
8.025133e+04	-4.182769e+01
8.071486e+04	-4.176170e+01
8.118106e+04	-4.172308e+01
8.164996e+04	-4.165447e+01
8.212157e+04	-4.162520e+01
8.259590e+04	-4.156967e+01
8.307297e+04	-4.153009e+01
8.355279e+04	-4.147216e+01
8.403539e+04	-4.140369e+01
8.452078e+04	-4.135890e+01
8.500897e+04	-4.129017e+01
8.549997e+04	-4.125907e+01
8.599382e+04	-4.121699e+01
8.649052e+04	-4.114876e+01
8.699008e+04	-4.109463e+01
8.749253e+04	-4.105101e+01
8.799789e+04	-4.099909e+01
8.850616e+04	-4.095230e+01
8.901737e+04	-4.089429e+01
8.953153e+04	-4.084656e+01
9.004866e+04	-4.078367e+01
9.056877e+04	-4.073506e+01
9.109190e+04	-4.070206e+01
9.161804e+04	-4.062807e+01
9.214722e+04	-4.060772e+01
9.267946e+04	-4.053125e+01
9.321477e+04	-4.047672e+01
9.375318e+04	-4.042425e+01
9.429469e+04	-4.037590e+01
9.483933e+04	-4.032303e+01
9.538712e+04	-4.028070e+01
9.593807e+04	-4.022218e+01
9.649221e+04	-4.016784e+01
9.704954e+04	-4.014420e+01
9.761010e+04	-4.007896e+01
9.817389e+04	-4.001594e+01
9.874094e+04	-3.996684e+01
9.931126e+04	-3.992342e+01
9.988488e+04	-3.988372e+01
1.004618e+05	-3.981500e+01
1.010421e+05	-3.977413e+01
1.016257e+05	-3.971390e+01
1.022127e+05	-3.967571e+01
1.028031e+05	-3.960314e+01
1.033968e+05	-3.956594e+01
1.039941e+05	-3.950605e+01
1.045947e+05	-3.946995e+01
1.051989e+05	-3.939816e+01
1.058065e+05	-3.936524e+01
1.064176e+05	-3.929749e+01
1.070323e+05	-3.926264e+01
1.076505e+05	-3.920390e+01
1.082723e+05	-3.916222e+01
1.088977e+05	-3.910683e+01
1.095266e+05	-3.905742e+01
1.101593e+05	-3.901593e+01
1.107955e+05	-3.895372e+01
1.114355e+05	-3.889568e+01
1.120791e+05	-3.884350e+01
1.127265e+05	-3.880287e+01
1.133776e+05	-3.874364e+01
1.140325e+05	-3.871157e+01
1.146911e+05	-3.864200e+01
1.153536e+05	-3.860171e+01
1.160198e+05	-3.855198e+01
1.166900e+05	-3.850033e+01
1.173640e+05	-3.844688e+01
1.180419e+05	-3.839897e+01
1.187237e+05	-3.835329e+01
1.194094e+05	-3.830334e+01
1.200991e+05	-3.824296e+01
1.207928e+05	-3.817242e+01
1.214905e+05	-3.813571e+01
1.221922e+05	-3.809361e+01
1.228980e+05	-3.803349e+01
1.236078e+05	-3.797569e+01
1.243218e+05	-3.793450e+01
1.250399e+05	-3.787904e+01
1.257621e+05	-3.783788e+01
1.264885e+05	-3.778803e+01
1.272191e+05	-3.773835e+01
1.279539e+05	-3.768958e+01
1.286930e+05	-3.762739e+01
1.294363e+05	-3.758411e+01
1.301839e+05	-3.755002e+01
1.309358e+05	-3.747597e+01
1.316921e+05	-3.743530e+01
1.324528e+05	-3.737627e+01
1.332178e+05	-3.733155e+01
1.339873e+05	-3.728837e+01
1.347612e+05	-3.722528e+01
1.355395e+05	-3.717988e+01
1.363224e+05	-3.713433e+01
1.371098e+05	-3.709894e+01
1.379018e+05	-3.702978e+01
1.386983e+05	-3.698295e+01
1.394994e+05	-3.693417e+01
1.403051e+05	-3.687870e+01
1.411155e+05	-3.682014e+01
1.419306e+05	-3.678069e+01
1.427504e+05	-3.672852e+01
1.435749e+05	-3.667034e+01
1.444042e+05	-3.662480e+01
1.452383e+05	-3.657724e+01
1.460772e+05	-3.651564e+01
1.469209e+05	-3.647097e+01
1.477695e+05	-3.642424e+01
1.486230e+05	-3.636563e+01
1.494814e+05	-3.631770e+01
1.503448e+05	-3.628068e+01
1.512132e+05	-3.622327e+01
1.520866e+05	-3.617830e+01
1.529651e+05	-3.612267e+01
1.538486e+05	-3.606717e+01
1.547372e+05	-3.601792e+01
1.556310e+05	-3.597605e+01
1.565299e+05	-3.591092e+01
1.574340e+05	-3.587416e+01
1.583433e+05	-3.581945e+01
1.592579e+05	-3.576304e+01
1.601778e+05	-3.572054e+01
1.611030e+05	-3.566723e+01
1.620335e+05	-3.561348e+01
1.629694e+05	-3.555731e+01
1.639107e+05	-3.551959e+01
1.648574e+05	-3.546181e+01
1.658097e+05	-3.541108e+01
1.667674e+05	-3.536043e+01
1.677306e+05	-3.530213e+01
1.686994e+05	-3.526657e+01
1.696738e+05	-3.521019e+01
1.706538e+05	-3.516757e+01
1.716395e+05	-3.512249e+01
1.726309e+05	-3.506430e+01
1.736280e+05	-3.501887e+01
1.746309e+05	-3.496132e+01
1.756395e+05	-3.491714e+01
1.766540e+05	-3.486293e+01
1.776744e+05	-3.480742e+01
1.787006e+05	-3.475297e+01
1.797328e+05	-3.472111e+01
1.807709e+05	-3.465881e+01
1.818150e+05	-3.461360e+01
1.828652e+05	-3.455508e+01
1.839214e+05	-3.451190e+01
1.849837e+05	-3.445986e+01
1.860522e+05	-3.441574e+01
1.871268e+05	-3.436104e+01
1.882077e+05	-3.431051e+01
1.892948e+05	-3.425924e+01
1.903881e+05	-3.421484e+01
1.914878e+05	-3.415566e+01
1.925938e+05	-3.410629e+01
1.937062e+05	-3.405292e+01
1.948251e+05	-3.400592e+01
1.959504e+05	-3.395820e+01
1.970822e+05	-3.391048e+01
1.982205e+05	-3.385999e+01
1.993654e+05	-3.380622e+01
2.005169e+05	-3.376422e+01
2.016751e+05	-3.370611e+01
2.028400e+05	-3.365467e+01
2.040116e+05	-3.360000e+01
2.051899e+05	-3.355477e+01
2.063751e+05	-3.350089e+01
2.075671e+05	-3.345826e+01
2.087660e+05	-3.340375e+01
2.099719e+05	-3.335060e+01
2.111846e+05	-3.330708e+01
2.124044e+05	-3.324794e+01
2.136313e+05	-3.319944e+01
2.148652e+05	-3.315611e+01
2.161063e+05	-3.311016e+01
2.173545e+05	-3.305589e+01
2.186099e+05	-3.300166e+01
2.198726e+05	-3.295543e+01
2.211426e+05	-3.290126e+01
2.224199e+05	-3.285381e+01
2.237046e+05	-3.280871e+01
2.249967e+05	-3.275157e+01
2.262962e+05	-3.271054e+01
2.276033e+05	-3.265428e+01
2.289179e+05	-3.260399e+01
2.302402e+05	-3.255906e+01
2.315700e+05	-3.250262e+01
2.329076e+05	-3.245198e+01
2.342528e+05	-3.239724e+01
2.356059e+05	-3.235244e+01
2.369667e+05	-3.230185e+01
2.383354e+05	-3.224396e+01
2.397120e+05	-3.220294e+01
2.410966e+05	-3.215809e+01
2.424892e+05	-3.210605e+01
2.438898e+05	-3.205123e+01
2.452985e+05	-3.200345e+01
2.467153e+05	-3.195085e+01
2.481403e+05	-3.190306e+01
2.495736e+05	-3.185047e+01
2.510151e+05	-3.180201e+01
2.524650e+05	-3.175036e+01
2.539232e+05	-3.170028e+01
2.553898e+05	-3.165750e+01
2.568650e+05	-3.160535e+01
2.583486e+05	-3.155963e+01
2.598408e+05	-3.149912e+01
2.613416e+05	-3.145340e+01
2.628511e+05	-3.140574e+01
2.643694e+05	-3.135745e+01
2.658963e+05	-3.129781e+01
2.674321e+05	-3.125880e+01
2.689768e+05	-3.120020e+01
2.705304e+05	-3.115186e+01
2.720930e+05	-3.110018e+01
2.736646e+05	-3.105721e+01
2.752453e+05	-3.099869e+01
2.768351e+05	-3.094911e+01
2.784341e+05	-3.090171e+01
2.800423e+05	-3.085845e+01
2.816598e+05	-3.080689e+01
2.832867e+05	-3.075270e+01
2.849229e+05	-3.070113e+01
2.865686e+05	-3.065578e+01
2.882238e+05	-3.060464e+01
2.898886e+05	-3.055128e+01
2.915630e+05	-3.050421e+01
2.932470e+05	-3.044882e+01
2.949408e+05	-3.040645e+01
2.966444e+05	-3.035385e+01
2.983578e+05	-3.030001e+01
3.000811e+05	-3.024877e+01
3.018143e+05	-3.019815e+01
3.035576e+05	-3.015353e+01
3.053109e+05	-3.010509e+01
3.070744e+05	-3.005699e+01
3.088481e+05	-3.000127e+01
3.106320e+05	-2.995497e+01
3.124261e+05	-2.990480e+01
3.142307e+05	-2.985903e+01
3.160457e+05	-2.981000e+01
3.178712e+05	-2.975193e+01
3.197072e+05	-2.970362e+01
3.215538e+05	-2.965435e+01
3.234111e+05	-2.961040e+01
3.252791e+05	-2.955474e+01
3.271579e+05	-2.950553e+01
3.290475e+05	-2.945727e+01
3.309481e+05	-2.940721e+01
3.328596e+05	-2.935840e+01
3.347822e+05	-2.930727e+01
3.367159e+05	-2.925982e+01
3.386608e+05	-2.920843e+01
3.406169e+05	-2.915621e+01
3.425842e+05	-2.910821e+01
3.445630e+05	-2.905842e+01
3.465532e+05	-2.900571e+01
3.485549e+05	-2.895497e+01
3.505681e+05	-2.891005e+01
3.525930e+05	-2.886385e+01
3.546295e+05	-2.880683e+01
3.566778e+05	-2.876081e+01
3.587380e+05	-2.871128e+01
3.608101e+05	-2.866070e+01
3.628941e+05	-2.861467e+01
3.649901e+05	-2.856265e+01
3.670983e+05	-2.850865e+01
3.692187e+05	-2.845452e+01
3.713513e+05	-2.840623e+01
3.734962e+05	-2.835914e+01
3.756535e+05	-2.831210e+01
3.778232e+05	-2.826495e+01
3.800055e+05	-2.821090e+01
3.822004e+05	-2.816136e+01
3.844080e+05	-2.810733e+01
3.866283e+05	-2.805999e+01
3.888615e+05	-2.800889e+01
3.911075e+05	-2.796358e+01
3.933665e+05	-2.791533e+01
3.956386e+05	-2.786365e+01
3.979238e+05	-2.781513e+01
4.002222e+05	-2.776566e+01
4.025338e+05	-2.771106e+01
4.048589e+05	-2.766222e+01
4.071973e+05	-2.761097e+01
4.095493e+05	-2.756082e+01
4.119148e+05	-2.751519e+01
4.142940e+05	-2.746410e+01
4.166870e+05	-2.741246e+01
4.190937e+05	-2.736745e+01
4.215144e+05	-2.731266e+01
4.239490e+05	-2.726647e+01
4.263978e+05	-2.721650e+01
4.288606e+05	-2.716395e+01
4.313377e+05	-2.711808e+01
4.338291e+05	-2.706590e+01
4.363349e+05	-2.701874e+01
4.388551e+05	-2.696946e+01
4.413899e+05	-2.692309e+01
4.439394e+05	-2.687034e+01
4.465035e+05	-2.681824e+01
4.490825e+05	-2.677076e+01
4.516764e+05	-2.671975e+01
4.542853e+05	-2.667388e+01
4.569092e+05	-2.662109e+01
4.595483e+05	-2.656913e+01
4.622026e+05	-2.652095e+01
4.648723e+05	-2.647142e+01
4.675574e+05	-2.642101e+01
4.702580e+05	-2.637107e+01
4.729742e+05	-2.632232e+01
4.757060e+05	-2.627728e+01
4.784537e+05	-2.622294e+01
4.812172e+05	-2.617806e+01
4.839967e+05	-2.612237e+01
4.867923e+05	-2.607433e+01
4.896040e+05	-2.602634e+01
4.924319e+05	-2.597669e+01
4.952762e+05	-2.592832e+01
4.981369e+05	-2.587703e+01
5.010141e+05	-2.582905e+01
5.039079e+05	-2.577688e+01
5.068185e+05	-2.572858e+01
5.097458e+05	-2.567878e+01
5.126901e+05	-2.562710e+01
5.156514e+05	-2.557786e+01
5.186298e+05	-2.552922e+01
5.216253e+05	-2.548300e+01
5.246382e+05	-2.543289e+01
5.276685e+05	-2.538259e+01
5.307163e+05	-2.533395e+01
5.337817e+05	-2.528622e+01
5.368648e+05	-2.523178e+01
5.399657e+05	-2.518397e+01
5.430845e+05	-2.513395e+01
5.462214e+05	-2.508605e+01
5.493763e+05	-2.503378e+01
5.525495e+05	-2.499010e+01
5.557410e+05	-2.493602e+01
5.589509e+05	-2.488523e+01
5.621794e+05	-2.483514e+01
5.654265e+05	-2.479034e+01
5.686924e+05	-2.473767e+01
5.719772e+05	-2.469056e+01
5.752809e+05	-2.464025e+01
5.786037e+05	-2.459171e+01
5.819457e+05	-2.454415e+01
5.853070e+05	-2.449311e+01
5.886877e+05	-2.444254e+01
5.920879e+05	-2.439381e+01
5.955078e+05	-2.434492e+01
5.989474e+05	-2.429738e+01
6.024069e+05	-2.424621e+01
6.058864e+05	-2.419501e+01
6.093860e+05	-2.414632e+01
6.129058e+05	-2.409838e+01
6.164459e+05	-2.404885e+01
6.200064e+05	-2.400328e+01
6.235876e+05	-2.395256e+01
6.271894e+05	-2.390051e+01
6.308120e+05	-2.384858e+01
6.344555e+05	-2.380441e+01
6.381201e+05	-2.375250e+01
6.418059e+05	-2.370726e+01
6.455129e+05	-2.365521e+01
6.492414e+05	-2.360472e+01
6.529914e+05	-2.355862e+01
6.567630e+05	-2.350779e+01
6.605565e+05	-2.346063e+01
6.643718e+05	-2.340869e+01
6.682092e+05	-2.336006e+01
6.720688e+05	-2.331152e+01
6.759506e+05	-2.326238e+01
6.798549e+05	-2.321074e+01
6.837817e+05	-2.316230e+01
6.877312e+05	-2.311584e+01
6.917035e+05	-2.306380e+01
6.956987e+05	-2.301608e+01
6.997171e+05	-2.296661e+01
7.037586e+05	-2.291802e+01
7.078235e+05	-2.286953e+01
7.119118e+05	-2.281839e+01
7.160238e+05	-2.277197e+01
7.201595e+05	-2.272196e+01
7.243191e+05	-2.267444e+01
7.285028e+05	-2.262658e+01
7.327106e+05	-2.257580e+01
7.369427e+05	-2.252681e+01
7.411992e+05	-2.247802e+01
7.454804e+05	-2.242789e+01
7.497862e+05	-2.237903e+01
7.541170e+05	-2.233002e+01
7.584727e+05	-2.228130e+01
7.628536e+05	-2.223314e+01
7.672598e+05	-2.218287e+01
7.716915e+05	-2.213629e+01
7.761488e+05	-2.208593e+01
7.806318e+05	-2.203763e+01
7.851407e+05	-2.198959e+01
7.896756e+05	-2.193923e+01
7.942367e+05	-2.188949e+01
7.988242e+05	-2.183985e+01
8.034382e+05	-2.179262e+01
8.080788e+05	-2.174254e+01
8.127463e+05	-2.169744e+01
8.174406e+05	-2.164695e+01
8.221621e+05	-2.159853e+01
8.269109e+05	-2.154900e+01
8.316871e+05	-2.150154e+01
8.364909e+05	-2.145184e+01
8.413225e+05	-2.140306e+01
8.461819e+05	-2.135417e+01
8.510694e+05	-2.130552e+01
8.559852e+05	-2.125665e+01
8.609293e+05	-2.120850e+01
8.659020e+05	-2.115979e+01
8.709034e+05	-2.111068e+01
8.759337e+05	-2.106440e+01
8.809931e+05	-2.101335e+01
8.860816e+05	-2.096589e+01
8.911996e+05	-2.091795e+01
8.963471e+05	-2.086712e+01
9.015244e+05	-2.082043e+01
9.067316e+05	-2.076985e+01
9.119688e+05	-2.072373e+01
9.172363e+05	-2.067307e+01
9.225342e+05	-2.062586e+01
9.278628e+05	-2.057611e+01
9.332221e+05	-2.052912e+01
9.386123e+05	-2.048140e+01
9.440337e+05	-2.043185e+01
9.494864e+05	-2.038235e+01
9.549706e+05	-2.033536e+01
9.604865e+05	-2.028578e+01
9.660342e+05	-2.023873e+01
9.716140e+05	-2.018905e+01
9.772260e+05	-2.014278e+01
9.828704e+05	-2.009252e+01
9.885474e+05	-2.004581e+01
9.942572e+05	-1.999629e+01
1.000000e+06	-1.994672e+01
