Frequency(Hz)	Magnitude(dB)
1.000000e+01	1.327966e-05
1.005776e+01	-9.080878e-05
1.011585e+01	-3.025701e-05
1.017428e+01	-9.017650e-05
1.023305e+01	-1.451078e-04
1.029215e+01	1.476941e-05
1.035160e+01	2.800022e-05
1.041139e+01	4.798191e-06
1.047153e+01	-1.655395e-04
1.053201e+01	-1.031738e-04
1.059284e+01	4.705112e-06
1.065403e+01	-2.822607e-06
1.071556e+01	7.997081e-05
1.077746e+01	-7.342366e-05
1.083971e+01	5.844326e-05
1.090232e+01	-5.215401e-05
1.096529e+01	-8.574923e-05
1.102862e+01	1.499188e-04
1.109232e+01	-1.440139e-04
1.115639e+01	-1.729247e-05
1.122083e+01	-7.003772e-05
1.128564e+01	6.768602e-05
1.135083e+01	-1.079080e-04
1.141639e+01	-9.163675e-05
1.148233e+01	-5.294467e-05
1.154865e+01	-2.710796e-05
1.161536e+01	-1.992711e-04
1.168245e+01	-5.435656e-06
1.174992e+01	-1.892216e-05
1.181779e+01	-3.535893e-05
1.188605e+01	-8.665887e-05
1.195470e+01	-1.172204e-05
1.202375e+01	-1.616185e-04
1.209320e+01	-6.187523e-05
1.216305e+01	6.791439e-05
1.223330e+01	-8.913588e-05
1.230396e+01	-7.517610e-05
1.237503e+01	-1.136225e-04
1.244651e+01	-7.798883e-05
1.251840e+01	-8.399973e-05
1.259070e+01	2.413953e-05
1.266343e+01	2.622046e-05
1.273657e+01	1.340022e-04
1.281014e+01	-1.344711e-04
1.288413e+01	-7.120641e-06
1.295855e+01	-1.277582e-04
1.303339e+01	7.548038e-06
1.310867e+01	-1.018885e-04
1.318439e+01	1.556474e-04
1.326054e+01	-3.598315e-05
1.333713e+01	-3.875928e-05
1.341417e+01	-2.422479e-04
1.349165e+01	7.022821e-05
1.356958e+01	-6.495574e-05
1.364795e+01	1.039628e-04
1.372678e+01	-1.576925e-04
1.380607e+01	-1.995428e-05
1.388581e+01	-1.170572e-04
1.396602e+01	1.788383e-05
1.404668e+01	-2.273216e-05
1.412782e+01	-1.540230e-04
1.420942e+01	-3.981620e-05
1.429149e+01	-1.005180e-04
1.437404e+01	5.244870e-05
1.445706e+01	-8.496833e-05
1.454057e+01	-1.325567e-04
1.462455e+01	7.233210e-05
1.470902e+01	-1.517376e-04
1.479398e+01	-9.906560e-05
1.487943e+01	-1.105676e-05
1.496537e+01	4.078064e-05
1.505181e+01	8.493736e-05
1.513875e+01	-1.158086e-04
1.522619e+01	-4.874103e-05
1.531414e+01	1.878482e-05
1.540259e+01	-8.271001e-05
1.549156e+01	-1.097598e-04
1.558103e+01	-1.334058e-04
1.567103e+01	7.324443e-05
1.576155e+01	-4.874191e-05
1.585258e+01	-4.383431e-05
1.594415e+01	-1.191816e-04
1.603624e+01	-4.543320e-05
1.612886e+01	-1.628219e-05
1.622202e+01	-1.069690e-04
1.631572e+01	-6.154000e-05
1.640996e+01	4.865593e-06
1.650474e+01	-9.360552e-05
1.660008e+01	-2.373566e-04
1.669596e+01	-2.332444e-05
1.679239e+01	-7.312782e-05
1.688938e+01	6.392131e-05
1.698694e+01	-1.285469e-04
1.708505e+01	-5.493130e-05
1.718373e+01	-7.973937e-05
1.728299e+01	8.787534e-06
1.738281e+01	-7.007863e-05
1.748322e+01	-6.040780e-05
1.758420e+01	-2.604920e-05
1.768576e+01	-1.345957e-04
1.778792e+01	4.133937e-05
1.789066e+01	4.904597e-06
1.799399e+01	-5.464706e-05
1.809793e+01	-1.255798e-04
1.820246e+01	-7.416890e-05
1.830760e+01	-9.853786e-05
1.841334e+01	-6.017847e-06
1.851969e+01	-6.578781e-05
1.862666e+01	-2.216335e-05
1.873425e+01	9.400004e-05
1.884246e+01	2.693889e-05
1.895129e+01	-3.058240e-05
1.906075e+01	-6.580172e-05
1.917085e+01	8.797993e-05
1.928158e+01	-2.829860e-04
1.939295e+01	-6.022542e-05
1.950496e+01	-5.598525e-05
1.961762e+01	-8.224782e-05
1.973093e+01	-8.414551e-05
1.984490e+01	-1.506517e-04
1.995952e+01	-7.975456e-05
2.007480e+01	8.274585e-06
2.019076e+01	-1.337494e-04
2.030738e+01	-1.884892e-04
2.042467e+01	-1.992381e-04
2.054264e+01	-1.004826e-04
2.066130e+01	2.207445e-05
2.078064e+01	-8.866688e-05
2.090066e+01	-1.755271e-04
2.102139e+01	-1.200343e-04
2.114280e+01	-1.319715e-04
2.126492e+01	-1.197197e-04
2.138775e+01	-1.415953e-05
2.151128e+01	-8.330783e-05
2.163553e+01	-1.248269e-04
2.176050e+01	-7.307331e-05
2.188619e+01	-1.079043e-04
2.201260e+01	-8.298520e-05
2.213974e+01	-1.087494e-04
2.226762e+01	-7.706987e-05
2.239624e+01	-1.028275e-04
2.252560e+01	-7.882552e-05
2.265571e+01	6.830204e-05
2.278656e+01	-1.615539e-04
2.291818e+01	-4.516845e-06
2.305055e+01	-1.644192e-04
2.318369e+01	-6.434146e-05
2.331760e+01	-2.334118e-06
2.345228e+01	4.586649e-05
2.358774e+01	-2.152481e-04
2.372398e+01	-2.206670e-04
2.386101e+01	-4.143444e-05
2.399883e+01	-8.648187e-05
2.413745e+01	-1.677952e-04
2.427686e+01	1.987047e-05
2.441709e+01	-1.477937e-04
2.455812e+01	-1.403418e-04
2.469997e+01	-1.985092e-04
2.484263e+01	-7.989163e-05
2.498612e+01	-2.657548e-04
2.513044e+01	1.799972e-05
2.527559e+01	-8.349746e-05
2.542158e+01	-2.210600e-04
2.556842e+01	-9.033858e-06
2.571610e+01	-2.702986e-04
2.586463e+01	-1.537496e-04
2.601403e+01	6.128594e-05
2.616428e+01	-3.464371e-05
2.631541e+01	-2.549069e-04
2.646740e+01	-3.314403e-05
2.662028e+01	-3.548054e-05
2.677404e+01	-1.401425e-04
2.692868e+01	-4.298561e-05
2.708422e+01	-2.108032e-04
2.724066e+01	-2.066705e-04
2.739800e+01	-1.078518e-04
2.755625e+01	-2.245329e-04
2.771541e+01	-1.975307e-04
2.787550e+01	-2.294924e-04
2.803650e+01	-1.512037e-04
2.819844e+01	-9.909494e-05
2.836131e+01	-1.726963e-04
2.852513e+01	-4.296610e-04
2.868989e+01	-4.357982e-05
2.885560e+01	-1.986939e-04
2.902227e+01	-2.652486e-04
2.918990e+01	-2.146476e-05
2.935850e+01	-1.833035e-04
2.952807e+01	-1.605386e-04
2.969863e+01	-2.661724e-04
2.987016e+01	-1.717772e-04
3.004269e+01	-1.712207e-04
3.021622e+01	-1.315947e-04
3.039075e+01	-2.616872e-04
3.056628e+01	-1.100565e-04
3.074283e+01	-2.264544e-04
3.092040e+01	-1.879548e-04
3.109900e+01	-1.329867e-04
3.127862e+01	-1.426558e-04
3.145929e+01	-2.190585e-04
3.164099e+01	-1.895758e-04
3.182375e+01	-2.513929e-04
3.200756e+01	-2.090837e-04
3.219244e+01	-2.598972e-04
3.237838e+01	-1.227390e-04
3.256540e+01	-1.966688e-04
3.275349e+01	-3.814795e-04
3.294268e+01	-2.426081e-04
3.313295e+01	5.990620e-06
3.332433e+01	-1.857414e-04
3.351681e+01	-2.393114e-04
3.371040e+01	-2.675503e-04
3.390511e+01	-1.051999e-04
3.410094e+01	-3.589577e-04
3.429791e+01	-8.988297e-05
3.449601e+01	-2.318981e-04
3.469526e+01	-2.946701e-04
3.489566e+01	-2.440958e-04
3.509721e+01	-2.833409e-04
3.529993e+01	-5.728395e-04
3.550382e+01	-2.186181e-04
3.570889e+01	-2.110816e-04
3.591515e+01	2.746202e-05
3.612259e+01	-1.939735e-04
3.633123e+01	-3.107444e-04
3.654108e+01	-2.215577e-04
3.675214e+01	-3.780356e-04
3.696442e+01	-3.402157e-04
3.717792e+01	-2.053161e-04
3.739266e+01	-2.139739e-04
3.760864e+01	-2.082316e-04
3.782587e+01	-3.788551e-04
3.804435e+01	-4.080042e-04
3.826409e+01	-2.995073e-04
3.848510e+01	-2.529248e-04
3.870739e+01	-3.363380e-04
3.893096e+01	-3.535191e-04
3.915583e+01	-2.948015e-04
3.938199e+01	-3.404972e-04
3.960946e+01	-1.968267e-04
3.983824e+01	-2.621822e-04
4.006834e+01	-2.755608e-04
4.029978e+01	-4.480926e-04
4.053255e+01	-3.186887e-04
4.076666e+01	-4.630834e-04
4.100213e+01	-3.281489e-04
4.123896e+01	-2.816099e-04
4.147715e+01	-3.148763e-04
4.171672e+01	-5.727958e-04
4.195767e+01	-2.872423e-04
4.220002e+01	-3.202246e-04
4.244377e+01	-3.889747e-04
4.268892e+01	-2.742599e-04
4.293549e+01	-3.433199e-04
4.318348e+01	-4.138137e-04
4.343291e+01	-3.277400e-04
4.368377e+01	-4.705841e-04
4.393609e+01	-3.043998e-04
4.418986e+01	-4.961593e-04
4.444510e+01	-2.822349e-04
4.470182e+01	-3.533991e-04
4.496001e+01	-3.762164e-04
4.521970e+01	-4.772516e-04
4.548089e+01	-4.090579e-04
4.574358e+01	-3.872525e-04
4.600779e+01	-2.807458e-04
4.627353e+01	-4.098885e-04
4.654081e+01	-3.864946e-04
4.680963e+01	-4.532270e-04
4.708000e+01	-4.113310e-04
4.735193e+01	-4.095288e-04
4.762543e+01	-4.897114e-04
4.790051e+01	-5.517277e-04
4.817719e+01	-5.052597e-04
4.845545e+01	-4.447496e-04
4.873533e+01	-4.391561e-04
4.901682e+01	-5.145916e-04
4.929994e+01	-3.089963e-04
4.958470e+01	-5.756628e-04
4.987110e+01	-4.575475e-04
5.015915e+01	-4.704885e-04
5.044887e+01	-3.886089e-04
5.074026e+01	-5.372664e-04
5.103333e+01	-4.636088e-04
5.132810e+01	-5.180321e-04
5.162457e+01	-3.142656e-04
5.192275e+01	-6.219071e-04
5.222265e+01	-5.059138e-04
5.252429e+01	-5.557730e-04
5.282767e+01	-7.096645e-04
5.313280e+01	-6.311275e-04
5.343969e+01	-4.571004e-04
5.374836e+01	-4.713264e-04
5.405880e+01	-5.713876e-04
5.437105e+01	-4.709866e-04
5.468509e+01	-7.342774e-04
5.500095e+01	-5.236820e-04
5.531863e+01	-5.165688e-04
5.563815e+01	-6.150501e-04
5.595951e+01	-6.601593e-04
5.628273e+01	-6.235854e-04
5.660782e+01	-6.650751e-04
5.693479e+01	-6.878135e-04
5.726364e+01	-7.420237e-04
5.759439e+01	-6.897397e-04
5.792705e+01	-5.862915e-04
5.826164e+01	-6.184433e-04
5.859815e+01	-6.644691e-04
5.893662e+01	-6.856907e-04
5.927703e+01	-7.068575e-04
5.961941e+01	-8.245627e-04
5.996377e+01	-7.026711e-04
6.031012e+01	-6.698182e-04
6.065847e+01	-7.079764e-04
6.100883e+01	-7.123681e-04
6.136121e+01	-6.765212e-04
6.171563e+01	-7.549790e-04
6.207210e+01	-8.553647e-04
6.243063e+01	-8.073086e-04
6.279122e+01	-6.647922e-04
6.315390e+01	-7.327677e-04
6.351868e+01	-6.034078e-04
6.388556e+01	-8.227489e-04
6.425456e+01	-7.739322e-04
6.462569e+01	-8.813010e-04
6.499897e+01	-7.096035e-04
6.537440e+01	-7.655238e-04
6.575200e+01	-7.678849e-04
6.613178e+01	-7.868274e-04
6.651375e+01	-9.123171e-04
6.689793e+01	-9.011584e-04
6.728433e+01	-8.055175e-04
6.767297e+01	-9.009105e-04
6.806384e+01	-8.870492e-04
6.845698e+01	-9.097491e-04
6.885238e+01	-9.702493e-04
6.925007e+01	-9.997061e-04
6.965005e+01	-1.097968e-03
7.005235e+01	-8.717459e-04
7.045697e+01	-8.440899e-04
7.086393e+01	-1.000010e-03
7.127323e+01	-1.134377e-03
7.168490e+01	-9.480731e-04
7.209895e+01	-1.167185e-03
7.251539e+01	-8.610271e-04
7.293424e+01	-1.080198e-03
7.335551e+01	-1.053972e-03
7.377920e+01	-1.145958e-03
7.420535e+01	-1.126185e-03
7.463396e+01	-1.096951e-03
7.506504e+01	-1.079645e-03
7.549861e+01	-1.186636e-03
7.593469e+01	-1.029409e-03
7.637328e+01	-1.069265e-03
7.681441e+01	-1.172051e-03
7.725809e+01	-1.114662e-03
7.770433e+01	-1.065115e-03
7.815315e+01	-1.287532e-03
7.860456e+01	-1.048947e-03
7.905857e+01	-1.241346e-03
7.951521e+01	-1.360866e-03
7.997449e+01	-1.368583e-03
8.043642e+01	-1.093827e-03
8.090102e+01	-1.290459e-03
8.136830e+01	-1.407102e-03
8.183828e+01	-1.212672e-03
8.231097e+01	-1.324947e-03
8.278640e+01	-1.387864e-03
8.326457e+01	-1.259596e-03
8.374550e+01	-1.506994e-03
8.422921e+01	-1.288719e-03
8.471572e+01	-1.296465e-03
8.520503e+01	-1.329494e-03
8.569717e+01	-1.599581e-03
8.619215e+01	-1.530804e-03
8.669000e+01	-1.465305e-03
8.719071e+01	-1.580731e-03
8.769432e+01	-1.408121e-03
8.820084e+01	-1.614797e-03
8.871029e+01	-1.644478e-03
8.922267e+01	-1.731015e-03
8.973802e+01	-1.545980e-03
9.025634e+01	-1.684904e-03
9.077766e+01	-1.590036e-03
9.130199e+01	-1.577705e-03
9.182935e+01	-1.634727e-03
9.235975e+01	-1.704852e-03
9.289321e+01	-1.723869e-03
9.342976e+01	-1.856612e-03
9.396941e+01	-1.596148e-03
9.451217e+01	-1.734883e-03
9.505807e+01	-1.629238e-03
9.560712e+01	-1.770347e-03
9.615934e+01	-1.897885e-03
9.671476e+01	-1.861600e-03
9.727338e+01	-1.847205e-03
9.783522e+01	-1.858790e-03
9.840032e+01	-1.972838e-03
9.896867e+01	-2.053746e-03
9.954031e+01	-1.786387e-03
1.001153e+02	-1.891282e-03
1.006935e+02	-2.032642e-03
1.012751e+02	-2.208652e-03
1.018601e+02	-1.978095e-03
1.024484e+02	-1.995089e-03
1.030402e+02	-2.059863e-03
1.036353e+02	-2.109594e-03
1.042339e+02	-2.033368e-03
1.048360e+02	-2.042269e-03
1.054415e+02	-2.239629e-03
1.060505e+02	-1.993679e-03
1.066631e+02	-2.254399e-03
1.072791e+02	-2.360352e-03
1.078988e+02	-2.149358e-03
1.085220e+02	-2.263349e-03
1.091488e+02	-2.376990e-03
1.097793e+02	-2.352679e-03
1.104133e+02	-2.432696e-03
1.110511e+02	-2.374410e-03
1.116925e+02	-2.376907e-03
1.123376e+02	-2.391493e-03
1.129865e+02	-2.649067e-03
1.136391e+02	-2.487948e-03
1.142955e+02	-2.503363e-03
1.149556e+02	-2.783382e-03
1.156196e+02	-2.656420e-03
1.162874e+02	-2.685655e-03
1.169591e+02	-2.620639e-03
1.176347e+02	-2.531293e-03
1.183141e+02	-2.693555e-03
1.189975e+02	-2.726000e-03
1.196848e+02	-2.802694e-03
1.203761e+02	-2.871161e-03
1.210714e+02	-2.939960e-03
1.217707e+02	-3.001919e-03
1.224740e+02	-2.947613e-03
1.231814e+02	-2.858396e-03
1.238929e+02	-3.155328e-03
1.246085e+02	-2.948361e-03
1.253283e+02	-3.277021e-03
1.260522e+02	-3.255024e-03
1.267802e+02	-3.191901e-03
1.275125e+02	-3.123612e-03
1.282490e+02	-3.218319e-03
1.289898e+02	-3.379232e-03
1.297348e+02	-3.174447e-03
1.304842e+02	-3.316575e-03
1.312378e+02	-3.269395e-03
1.319959e+02	-3.471325e-03
1.327583e+02	-3.434168e-03
1.335251e+02	-3.526379e-03
1.342963e+02	-3.516626e-03
1.350720e+02	-3.716448e-03
1.358522e+02	-3.534395e-03
1.366368e+02	-3.705111e-03
1.374260e+02	-3.657238e-03
1.382198e+02	-3.699379e-03
1.390182e+02	-3.879038e-03
1.398211e+02	-3.884124e-03
1.406287e+02	-3.745860e-03
1.414410e+02	-3.799270e-03
1.422579e+02	-3.954491e-03
1.430796e+02	-4.059246e-03
1.439060e+02	-4.082208e-03
1.447372e+02	-4.265679e-03
1.455732e+02	-4.074625e-03
1.464141e+02	-4.356239e-03
1.472597e+02	-4.434126e-03
1.481103e+02	-4.147864e-03
1.489658e+02	-4.469842e-03
1.498262e+02	-4.224462e-03
1.506916e+02	-4.393467e-03
1.515620e+02	-4.425637e-03
1.524374e+02	-4.529979e-03
1.533179e+02	-4.548746e-03
1.542034e+02	-4.566072e-03
1.550941e+02	-4.732695e-03
1.559899e+02	-4.835479e-03
1.568909e+02	-4.683618e-03
1.577971e+02	-4.872448e-03
1.587085e+02	-4.869800e-03
1.596252e+02	-4.918132e-03
1.605472e+02	-5.102469e-03
1.614745e+02	-5.023808e-03
1.624072e+02	-5.096287e-03
1.633453e+02	-5.113778e-03
1.642887e+02	-5.289184e-03
1.652377e+02	-5.193754e-03
1.661921e+02	-5.474957e-03
1.671520e+02	-5.578945e-03
1.681175e+02	-5.515713e-03
1.690885e+02	-5.665120e-03
1.700651e+02	-5.763984e-03
1.710474e+02	-5.718261e-03
1.720354e+02	-5.679509e-03
1.730291e+02	-6.033503e-03
1.740285e+02	-5.926481e-03
1.750337e+02	-6.069101e-03
1.760446e+02	-5.986869e-03
1.770615e+02	-5.997645e-03
1.780842e+02	-6.242549e-03
1.791128e+02	-6.303425e-03
1.801473e+02	-6.280245e-03
1.811878e+02	-6.435010e-03
1.822344e+02	-6.323342e-03
1.832870e+02	-6.501348e-03
1.843456e+02	-6.525420e-03
1.854104e+02	-6.764034e-03
1.864813e+02	-6.714625e-03
1.875584e+02	-6.873740e-03
1.886418e+02	-6.950396e-03
1.897313e+02	-6.912007e-03
1.908272e+02	-7.215246e-03
1.919294e+02	-7.250343e-03
1.930380e+02	-7.272490e-03
1.941530e+02	-7.491152e-03
1.952744e+02	-7.454595e-03
1.964023e+02	-7.429451e-03
1.975367e+02	-7.594154e-03
1.986777e+02	-7.700356e-03
1.998252e+02	-7.784823e-03
2.009794e+02	-7.862057e-03
2.021403e+02	-7.846037e-03
2.033078e+02	-7.964976e-03
2.044821e+02	-8.122972e-03
2.056632e+02	-8.351338e-03
2.068511e+02	-8.377772e-03
2.080459e+02	-8.662526e-03
2.092475e+02	-8.517839e-03
2.104561e+02	-8.724451e-03
2.116717e+02	-8.810163e-03
2.128943e+02	-8.988025e-03
2.141240e+02	-8.793728e-03
2.153608e+02	-9.069584e-03
2.166047e+02	-9.087837e-03
2.178558e+02	-9.394042e-03
2.191141e+02	-9.399022e-03
2.203797e+02	-9.459101e-03
2.216526e+02	-9.499817e-03
2.229329e+02	-9.839750e-03
2.242205e+02	-9.813902e-03
2.255156e+02	-9.940018e-03
2.268182e+02	-1.000126e-02
2.281283e+02	-1.014067e-02
2.294459e+02	-1.026775e-02
2.307712e+02	-1.032491e-02
2.321041e+02	-1.048099e-02
2.334447e+02	-1.056618e-02
2.347931e+02	-1.080763e-02
2.361493e+02	-1.077436e-02
2.375133e+02	-1.104044e-02
2.388851e+02	-1.105584e-02
2.402649e+02	-1.125079e-02
2.416527e+02	-1.130037e-02
2.430484e+02	-1.161434e-02
2.444523e+02	-1.172140e-02
2.458642e+02	-1.164129e-02
2.472843e+02	-1.207347e-02
2.487126e+02	-1.206097e-02
2.501492e+02	-1.231138e-02
2.515940e+02	-1.230646e-02
2.530472e+02	-1.231697e-02
2.545088e+02	-1.263300e-02
2.559789e+02	-1.281717e-02
2.574574e+02	-1.281524e-02
2.589444e+02	-1.305319e-02
2.604401e+02	-1.311456e-02
2.619444e+02	-1.321007e-02
2.634574e+02	-1.333064e-02
2.649791e+02	-1.381533e-02
2.665096e+02	-1.393529e-02
2.680489e+02	-1.402119e-02
2.695972e+02	-1.422481e-02
2.711544e+02	-1.426281e-02
2.727205e+02	-1.447467e-02
2.742958e+02	-1.454703e-02
2.758801e+02	-1.489613e-02
2.774736e+02	-1.486582e-02
2.790762e+02	-1.512339e-02
2.806882e+02	-1.530044e-02
2.823094e+02	-1.541668e-02
2.839400e+02	-1.559018e-02
2.855800e+02	-1.590346e-02
2.872295e+02	-1.605406e-02
2.888886e+02	-1.643290e-02
2.905572e+02	-1.656828e-02
2.922354e+02	-1.664426e-02
2.939234e+02	-1.682652e-02
2.956211e+02	-1.692007e-02
2.973286e+02	-1.696372e-02
2.990459e+02	-1.742536e-02
3.007732e+02	-1.770990e-02
3.025104e+02	-1.786802e-02
3.042577e+02	-1.789974e-02
3.060151e+02	-1.820851e-02
3.077826e+02	-1.847654e-02
3.095604e+02	-1.862702e-02
3.113484e+02	-1.880912e-02
3.131467e+02	-1.909536e-02
3.149554e+02	-1.930491e-02
3.167746e+02	-1.960274e-02
3.186043e+02	-1.975263e-02
3.204445e+02	-2.006700e-02
3.222954e+02	-2.025535e-02
3.241570e+02	-2.045984e-02
3.260293e+02	-2.062811e-02
3.279124e+02	-2.093925e-02
3.298064e+02	-2.124675e-02
3.317114e+02	-2.144426e-02
3.336273e+02	-2.175853e-02
3.355544e+02	-2.183737e-02
3.374925e+02	-2.209235e-02
3.394418e+02	-2.250742e-02
3.414024e+02	-2.276266e-02
3.433744e+02	-2.304226e-02
3.453577e+02	-2.315035e-02
3.473525e+02	-2.348267e-02
3.493588e+02	-2.394215e-02
3.513766e+02	-2.398655e-02
3.534062e+02	-2.423914e-02
3.554474e+02	-2.455237e-02
3.575005e+02	-2.492780e-02
3.595654e+02	-2.521960e-02
3.616422e+02	-2.538133e-02
3.637311e+02	-2.591434e-02
3.658320e+02	-2.589784e-02
3.679450e+02	-2.629678e-02
3.700702e+02	-2.672188e-02
3.722077e+02	-2.697938e-02
3.743576e+02	-2.718698e-02
3.765199e+02	-2.743303e-02
3.786946e+02	-2.789479e-02
3.808820e+02	-2.819290e-02
3.830819e+02	-2.849120e-02
3.852946e+02	-2.891354e-02
3.875200e+02	-2.921326e-02
3.897583e+02	-2.963797e-02
3.920096e+02	-2.989630e-02
3.942738e+02	-3.031156e-02
3.965511e+02	-3.056035e-02
3.988416e+02	-3.108266e-02
4.011452e+02	-3.124397e-02
4.034622e+02	-3.173926e-02
4.057926e+02	-3.179259e-02
4.081365e+02	-3.238971e-02
4.104938e+02	-3.274569e-02
4.128648e+02	-3.318312e-02
4.152495e+02	-3.353589e-02
4.176480e+02	-3.386710e-02
4.200603e+02	-3.413484e-02
4.224866e+02	-3.471052e-02
4.249268e+02	-3.523371e-02
4.273812e+02	-3.555916e-02
4.298497e+02	-3.587408e-02
4.323325e+02	-3.641556e-02
4.348297e+02	-3.664387e-02
4.373412e+02	-3.723020e-02
4.398673e+02	-3.760859e-02
4.424079e+02	-3.809479e-02
4.449633e+02	-3.826941e-02
4.475334e+02	-3.895303e-02
4.501183e+02	-3.932267e-02
4.527182e+02	-3.984987e-02
4.553330e+02	-4.038479e-02
4.579630e+02	-4.079169e-02
4.606082e+02	-4.128133e-02
4.632687e+02	-4.154846e-02
4.659445e+02	-4.215626e-02
4.686358e+02	-4.285904e-02
4.713426e+02	-4.329575e-02
4.740650e+02	-4.364495e-02
4.768032e+02	-4.417896e-02
4.795572e+02	-4.462976e-02
4.823271e+02	-4.514719e-02
4.851130e+02	-4.569213e-02
4.879150e+02	-4.619099e-02
4.907332e+02	-4.667973e-02
4.935676e+02	-4.741811e-02
4.964185e+02	-4.769491e-02
4.992858e+02	-4.836320e-02
5.021696e+02	-4.903369e-02
5.050701e+02	-4.934077e-02
5.079874e+02	-5.031166e-02
5.109215e+02	-5.071007e-02
5.138726e+02	-5.116652e-02
5.168407e+02	-5.204445e-02
5.198259e+02	-5.231596e-02
5.228284e+02	-5.292401e-02
5.258482e+02	-5.354696e-02
5.288855e+02	-5.424022e-02
5.319403e+02	-5.492892e-02
5.350128e+02	-5.550087e-02
5.381030e+02	-5.622968e-02
5.412111e+02	-5.663732e-02
5.443371e+02	-5.747614e-02
5.474812e+02	-5.821105e-02
5.506434e+02	-5.892524e-02
5.538239e+02	-5.951462e-02
5.570228e+02	-5.998615e-02
5.602401e+02	-6.082263e-02
5.634760e+02	-6.163667e-02
5.667306e+02	-6.220678e-02
5.700040e+02	-6.308985e-02
5.732964e+02	-6.363363e-02
5.766077e+02	-6.438915e-02
5.799382e+02	-6.513775e-02
5.832879e+02	-6.587621e-02
5.866569e+02	-6.671025e-02
5.900454e+02	-6.734941e-02
5.934535e+02	-6.814269e-02
5.968813e+02	-6.900195e-02
6.003288e+02	-6.975904e-02
6.037963e+02	-7.066451e-02
6.072838e+02	-7.131681e-02
6.107914e+02	-7.238599e-02
6.143194e+02	-7.304574e-02
6.178676e+02	-7.374841e-02
6.214364e+02	-7.479806e-02
6.250258e+02	-7.565671e-02
6.286359e+02	-7.649877e-02
6.322669e+02	-7.711450e-02
6.359189e+02	-7.819473e-02
6.395919e+02	-7.901940e-02
6.432862e+02	-7.998180e-02
6.470017e+02	-8.093433e-02
6.507388e+02	-8.205641e-02
6.544974e+02	-8.291487e-02
6.582778e+02	-8.361821e-02
6.620800e+02	-8.457801e-02
6.659041e+02	-8.576564e-02
6.697504e+02	-8.668169e-02
6.736188e+02	-8.759849e-02
6.775096e+02	-8.883850e-02
6.814229e+02	-8.965389e-02
6.853587e+02	-9.063858e-02
6.893173e+02	-9.194394e-02
6.932988e+02	-9.283998e-02
6.973033e+02	-9.381100e-02
7.013309e+02	-9.509627e-02
7.053817e+02	-9.594690e-02
7.094560e+02	-9.704932e-02
7.135538e+02	-9.822621e-02
7.176752e+02	-9.955511e-02
7.218205e+02	-1.003561e-01
7.259897e+02	-1.015543e-01
7.301830e+02	-1.027938e-01
7.344005e+02	-1.040658e-01
7.386424e+02	-1.051649e-01
7.429087e+02	-1.063083e-01
7.471998e+02	-1.075522e-01
7.515155e+02	-1.089246e-01
7.558563e+02	-1.101644e-01
7.602221e+02	-1.113686e-01
7.646131e+02	-1.127006e-01
7.690295e+02	-1.139425e-01
7.734713e+02	-1.153024e-01
7.779389e+02	-1.165315e-01
7.824322e+02	-1.179552e-01
7.869515e+02	-1.193279e-01
7.914969e+02	-1.206097e-01
7.960686e+02	-1.219852e-01
8.006666e+02	-1.232963e-01
8.052912e+02	-1.248802e-01
8.099426e+02	-1.261577e-01
8.146208e+02	-1.276964e-01
8.193260e+02	-1.292344e-01
8.240584e+02	-1.304514e-01
8.288181e+02	-1.320840e-01
8.336053e+02	-1.336400e-01
8.384202e+02	-1.350985e-01
8.432629e+02	-1.367196e-01
8.481335e+02	-1.382187e-01
8.530323e+02	-1.397634e-01
8.579594e+02	-1.413205e-01
8.629149e+02	-1.428416e-01
8.678991e+02	-1.447539e-01
8.729120e+02	-1.462678e-01
8.779539e+02	-1.478849e-01
8.830250e+02	-1.496644e-01
8.881253e+02	-1.512074e-01
8.932551e+02	-1.529775e-01
8.984145e+02	-1.547233e-01
9.036037e+02	-1.564975e-01
9.088229e+02	-1.583387e-01
9.140722e+02	-1.601169e-01
9.193518e+02	-1.620305e-01
9.246620e+02	-1.637973e-01
9.300028e+02	-1.654873e-01
9.353744e+02	-1.674796e-01
9.407771e+02	-1.694047e-01
9.462110e+02	-1.712044e-01
9.516763e+02	-1.732101e-01
9.571731e+02	-1.752672e-01
9.627017e+02	-1.771851e-01
9.682622e+02	-1.790922e-01
9.738549e+02	-1.813680e-01
9.794798e+02	-1.835338e-01
9.851373e+02	-1.856208e-01
9.908274e+02	-1.875113e-01
9.965504e+02	-1.894744e-01
1.002306e+03	-1.918788e-01
1.008096e+03	-1.939104e-01
1.013918e+03	-1.963185e-01
1.019775e+03	-1.984607e-01
1.025665e+03	-2.006962e-01
1.031589e+03	-2.028742e-01
1.037548e+03	-2.051511e-01
1.043540e+03	-2.075179e-01
1.049568e+03	-2.098804e-01
1.055630e+03	-2.121126e-01
1.061727e+03	-2.146294e-01
1.067860e+03	-2.171088e-01
1.074028e+03	-2.194913e-01
1.080231e+03	-2.219229e-01
1.086471e+03	-2.244584e-01
1.092746e+03	-2.270509e-01
1.099058e+03	-2.296018e-01
1.105406e+03	-2.322374e-01
1.111791e+03	-2.349471e-01
1.118212e+03	-2.374105e-01
1.124671e+03	-2.401315e-01
1.131167e+03	-2.427277e-01
1.137701e+03	-2.455850e-01
1.144272e+03	-2.481622e-01
1.150881e+03	-2.511754e-01
1.157529e+03	-2.538859e-01
1.164215e+03	-2.567355e-01
1.170939e+03	-2.598623e-01
1.177702e+03	-2.626428e-01
1.184505e+03	-2.655394e-01
1.191346e+03	-2.684607e-01
1.198227e+03	-2.715542e-01
1.205148e+03	-2.745593e-01
1.212109e+03	-2.776267e-01
1.219110e+03	-2.808154e-01
1.226152e+03	-2.838006e-01
1.233234e+03	-2.870149e-01
1.240357e+03	-2.904019e-01
1.247521e+03	-2.934871e-01
1.254727e+03	-2.968060e-01
1.261974e+03	-3.002854e-01
1.269263e+03	-3.035495e-01
1.276595e+03	-3.070324e-01
1.283968e+03	-3.103188e-01
1.291384e+03	-3.139131e-01
1.298843e+03	-3.174718e-01
1.306345e+03	-3.209512e-01
1.313891e+03	-3.245846e-01
1.321480e+03	-3.280541e-01
1.329113e+03	-3.315793e-01
1.336790e+03	-3.354810e-01
1.344511e+03	-3.392603e-01
1.352277e+03	-3.429199e-01
1.360087e+03	-3.468963e-01
1.367943e+03	-3.506725e-01
1.375844e+03	-3.546812e-01
1.383791e+03	-3.585829e-01
1.391784e+03	-3.625611e-01
1.399823e+03	-3.665542e-01
1.407908e+03	-3.704488e-01
1.416040e+03	-3.746554e-01
1.424219e+03	-3.787395e-01
1.432445e+03	-3.829269e-01
1.440719e+03	-3.872329e-01
1.449041e+03	-3.914890e-01
1.457410e+03	-3.959629e-01
1.465828e+03	-4.004200e-01
1.474295e+03	-4.046776e-01
1.482810e+03	-4.093145e-01
1.491375e+03	-4.136458e-01
1.499989e+03	-4.182288e-01
1.508653e+03	-4.227611e-01
1.517367e+03	-4.275138e-01
1.526131e+03	-4.322153e-01
1.534946e+03	-4.369998e-01
1.543812e+03	-4.419555e-01
1.552729e+03	-4.467859e-01
1.561697e+03	-4.516500e-01
1.570717e+03	-4.565636e-01
1.579790e+03	-4.617297e-01
1.588915e+03	-4.665534e-01
1.598092e+03	-4.717715e-01
1.607323e+03	-4.771398e-01
1.616606e+03	-4.820960e-01
1.625944e+03	-4.875945e-01
1.635335e+03	-4.928231e-01
1.644781e+03	-4.981644e-01
1.654281e+03	-5.037096e-01
1.663836e+03	-5.094175e-01
1.673446e+03	-5.147529e-01
1.683112e+03	-5.202020e-01
1.692834e+03	-5.260307e-01
1.702611e+03	-5.318059e-01
1.712446e+03	-5.375786e-01
1.722337e+03	-5.434526e-01
1.732285e+03	-5.494252e-01
1.742290e+03	-5.554021e-01
1.752354e+03	-5.612960e-01
1.762475e+03	-5.674865e-01
1.772655e+03	-5.736214e-01
1.782894e+03	-5.797063e-01
1.793192e+03	-5.860367e-01
1.803549e+03	-5.923453e-01
1.813967e+03	-5.989005e-01
1.824444e+03	-6.052702e-01
1.834982e+03	-6.116954e-01
1.845581e+03	-6.182590e-01
1.856241e+03	-6.251699e-01
1.866962e+03	-6.318707e-01
1.877746e+03	-6.385760e-01
1.888592e+03	-6.455512e-01
1.899500e+03	-6.524357e-01
1.910472e+03	-6.597044e-01
1.921506e+03	-6.665420e-01
1.932605e+03	-6.736951e-01
1.943768e+03	-6.810184e-01
1.954995e+03	-6.880707e-01
1.966287e+03	-6.956206e-01
1.977644e+03	-7.031395e-01
1.989067e+03	-7.105208e-01
2.000555e+03	-7.180317e-01
2.012110e+03	-7.257377e-01
2.023732e+03	-7.336375e-01
2.035421e+03	-7.413276e-01
2.047178e+03	-7.492018e-01
2.059002e+03	-7.569924e-01
2.070895e+03	-7.651477e-01
2.082856e+03	-7.734349e-01
2.094887e+03	-7.813128e-01
2.106987e+03	-7.897041e-01
2.119157e+03	-7.982882e-01
2.131397e+03	-8.064266e-01
2.143708e+03	-8.150783e-01
2.156090e+03	-8.236835e-01
2.168543e+03	-8.322921e-01
2.181069e+03	-8.409339e-01
2.193666e+03	-8.500949e-01
2.206337e+03	-8.587720e-01
2.219081e+03	-8.678888e-01
2.231898e+03	-8.770811e-01
2.244789e+03	-8.862169e-01
2.257755e+03	-8.952894e-01
2.270796e+03	-9.048662e-01
2.283912e+03	-9.145216e-01
2.297104e+03	-9.237596e-01
2.310372e+03	-9.333373e-01
2.323716e+03	-9.431459e-01
2.337138e+03	-9.529930e-01
2.350637e+03	-9.629922e-01
2.364214e+03	-9.729599e-01
2.377870e+03	-9.827629e-01
2.391604e+03	-9.931406e-01
2.405418e+03	-1.003543e+00
2.419312e+03	-1.013613e+00
2.433286e+03	-1.024163e+00
2.447340e+03	-1.034843e+00
2.461476e+03	-1.045356e+00
2.475693e+03	-1.056036e+00
2.489993e+03	-1.067101e+00
2.504375e+03	-1.077598e+00
2.518840e+03	-1.088813e+00
2.533389e+03	-1.100109e+00
2.548022e+03	-1.111399e+00
2.562739e+03	-1.122743e+00
2.577541e+03	-1.133881e+00
2.592429e+03	-1.145759e+00
2.607403e+03	-1.157142e+00
2.622463e+03	-1.168980e+00
2.637610e+03	-1.180881e+00
2.652845e+03	-1.192947e+00
2.668168e+03	-1.204913e+00
2.683579e+03	-1.217085e+00
2.699079e+03	-1.229219e+00
2.714669e+03	-1.241750e+00
2.730349e+03	-1.253976e+00
2.746119e+03	-1.266717e+00
2.761981e+03	-1.279466e+00
2.777934e+03	-1.292136e+00
2.793979e+03	-1.305010e+00
2.810117e+03	-1.318220e+00
2.826348e+03	-1.331418e+00
2.842673e+03	-1.344578e+00
2.859092e+03	-1.357963e+00
2.875606e+03	-1.371308e+00
2.892215e+03	-1.385097e+00
2.908921e+03	-1.398553e+00
2.925722e+03	-1.412539e+00
2.942621e+03	-1.426412e+00
2.959618e+03	-1.440451e+00
2.976712e+03	-1.454582e+00
2.993906e+03	-1.468791e+00
3.011198e+03	-1.483433e+00
3.028591e+03	-1.497870e+00
3.046084e+03	-1.512501e+00
3.063678e+03	-1.527209e+00
3.081374e+03	-1.542330e+00
3.099172e+03	-1.557204e+00
3.117072e+03	-1.572444e+00
3.135076e+03	-1.587431e+00
3.153184e+03	-1.602760e+00
3.171397e+03	-1.618342e+00
3.189715e+03	-1.633971e+00
3.208139e+03	-1.649718e+00
3.226669e+03	-1.665525e+00
3.245306e+03	-1.681251e+00
3.264051e+03	-1.697606e+00
3.282904e+03	-1.713833e+00
3.301866e+03	-1.730079e+00
3.320937e+03	-1.746645e+00
3.340119e+03	-1.763174e+00
3.359411e+03	-1.779955e+00
3.378815e+03	-1.796707e+00
3.398331e+03	-1.813950e+00
3.417959e+03	-1.831189e+00
3.437701e+03	-1.848204e+00
3.457557e+03	-1.865648e+00
3.477528e+03	-1.882901e+00
3.497614e+03	-1.900696e+00
3.517816e+03	-1.918333e+00
3.538135e+03	-1.936466e+00
3.558571e+03	-1.954467e+00
3.579125e+03	-1.972532e+00
3.599798e+03	-1.990770e+00
3.620590e+03	-2.009421e+00
3.641503e+03	-2.027919e+00
3.662536e+03	-2.046589e+00
3.683691e+03	-2.065257e+00
3.704967e+03	-2.084301e+00
3.726367e+03	-2.103639e+00
3.747890e+03	-2.122946e+00
3.769538e+03	-2.142292e+00
3.791311e+03	-2.161611e+00
3.813209e+03	-2.181258e+00
3.835234e+03	-2.201215e+00
3.857386e+03	-2.220912e+00
3.879667e+03	-2.241317e+00
3.902075e+03	-2.261355e+00
3.924614e+03	-2.281668e+00
3.947282e+03	-2.302079e+00
3.970081e+03	-2.322743e+00
3.993012e+03	-2.343431e+00
4.016076e+03	-2.364297e+00
4.039272e+03	-2.385480e+00
4.062603e+03	-2.406576e+00
4.086069e+03	-2.428100e+00
4.109670e+03	-2.449282e+00
4.133407e+03	-2.470845e+00
4.157281e+03	-2.492658e+00
4.181294e+03	-2.514277e+00
4.205445e+03	-2.536427e+00
4.229735e+03	-2.558522e+00
4.254166e+03	-2.580835e+00
4.278738e+03	-2.603084e+00
4.303451e+03	-2.626032e+00
4.328308e+03	-2.648783e+00
4.353308e+03	-2.671620e+00
4.378453e+03	-2.694415e+00
4.403742e+03	-2.717391e+00
4.429178e+03	-2.740981e+00
4.454761e+03	-2.764324e+00
4.480492e+03	-2.787977e+00
4.506371e+03	-2.811447e+00
4.532399e+03	-2.835541e+00
4.558578e+03	-2.859667e+00
4.584908e+03	-2.883621e+00
4.611391e+03	-2.907897e+00
4.638026e+03	-2.932285e+00
4.664815e+03	-2.956947e+00
4.691759e+03	-2.981607e+00
4.718858e+03	-3.006341e+00
4.746114e+03	-3.031198e+00
4.773527e+03	-3.056822e+00
4.801099e+03	-3.081937e+00
4.828830e+03	-3.107382e+00
4.856721e+03	-3.132689e+00
4.884773e+03	-3.158579e+00
4.912988e+03	-3.184622e+00
4.941365e+03	-3.210277e+00
4.969906e+03	-3.236663e+00
4.998612e+03	-3.262770e+00
5.027484e+03	-3.289204e+00
5.056522e+03	-3.315837e+00
5.085729e+03	-3.342257e+00
5.115104e+03	-3.369512e+00
5.144648e+03	-3.396023e+00
5.174363e+03	-3.423227e+00
5.204250e+03	-3.450655e+00
5.234310e+03	-3.477848e+00
5.264543e+03	-3.505428e+00
5.294951e+03	-3.533315e+00
5.325534e+03	-3.560987e+00
5.356294e+03	-3.589110e+00
5.387232e+03	-3.617255e+00
5.418348e+03	-3.645558e+00
5.449645e+03	-3.673601e+00
5.481122e+03	-3.702453e+00
5.512780e+03	-3.730946e+00
5.544622e+03	-3.759784e+00
5.576647e+03	-3.788691e+00
5.608858e+03	-3.817740e+00
5.641254e+03	-3.847098e+00
5.673838e+03	-3.876209e+00
5.706610e+03	-3.905986e+00
5.739571e+03	-3.935491e+00
5.772723e+03	-3.965252e+00
5.806066e+03	-3.995024e+00
5.839601e+03	-4.025266e+00
5.873331e+03	-4.055164e+00
5.907255e+03	-4.085665e+00
5.941375e+03	-4.116188e+00
5.975692e+03	-4.146797e+00
6.010207e+03	-4.177305e+00
6.044922e+03	-4.208028e+00
6.079837e+03	-4.239211e+00
6.114954e+03	-4.270279e+00
6.150274e+03	-4.301590e+00
6.185797e+03	-4.332855e+00
6.221526e+03	-4.364190e+00
6.257462e+03	-4.396134e+00
6.293605e+03	-4.427774e+00
6.329956e+03	-4.459255e+00
6.366518e+03	-4.491533e+00
6.403290e+03	-4.524109e+00
6.440276e+03	-4.555815e+00
6.477474e+03	-4.588730e+00
6.514888e+03	-4.620979e+00
6.552518e+03	-4.653732e+00
6.590365e+03	-4.686689e+00
6.628430e+03	-4.719290e+00
6.666716e+03	-4.752093e+00
6.705223e+03	-4.785713e+00
6.743952e+03	-4.818603e+00
6.782905e+03	-4.852248e+00
6.822082e+03	-4.885685e+00
6.861486e+03	-4.919428e+00
6.901118e+03	-4.953324e+00
6.940979e+03	-4.987041e+00
6.981069e+03	-5.021063e+00
7.021392e+03	-5.055274e+00
7.061947e+03	-5.089177e+00
7.102737e+03	-5.123943e+00
7.143762e+03	-5.158412e+00
7.185024e+03	-5.192953e+00
7.226524e+03	-5.227758e+00
7.268264e+03	-5.262894e+00
7.310246e+03	-5.297698e+00
7.352469e+03	-5.332336e+00
7.394937e+03	-5.368049e+00
7.437650e+03	-5.403091e+00
7.480609e+03	-5.438416e+00
7.523817e+03	-5.474086e+00
7.567274e+03	-5.509593e+00
7.610982e+03	-5.545290e+00
7.654943e+03	-5.581354e+00
7.699158e+03	-5.617035e+00
7.743628e+03	-5.653149e+00
7.788355e+03	-5.689661e+00
7.833340e+03	-5.726023e+00
7.878585e+03	-5.762403e+00
7.924091e+03	-5.798592e+00
7.969861e+03	-5.835378e+00
8.015894e+03	-5.872503e+00
8.062194e+03	-5.908780e+00
8.108761e+03	-5.945901e+00
8.155596e+03	-5.983107e+00
8.202703e+03	-6.020015e+00
8.250081e+03	-6.057090e+00
8.297733e+03	-6.095044e+00
8.345661e+03	-6.132507e+00
8.393865e+03	-6.170149e+00
8.442348e+03	-6.207156e+00
8.491110e+03	-6.244917e+00
8.540155e+03	-6.283101e+00
8.589482e+03	-6.320985e+00
8.639095e+03	-6.359207e+00
8.688994e+03	-6.396941e+00
8.739181e+03	-6.435315e+00
8.789658e+03	-6.474059e+00
8.840427e+03	-6.512061e+00
8.891489e+03	-6.550501e+00
8.942846e+03	-6.589233e+00
8.994499e+03	-6.627940e+00
9.046451e+03	-6.666814e+00
9.098703e+03	-6.705869e+00
9.151257e+03	-6.744920e+00
9.204114e+03	-6.783907e+00
9.257277e+03	-6.822839e+00
9.310746e+03	-6.862243e+00
9.364525e+03	-6.901519e+00
9.418614e+03	-6.941290e+00
9.473015e+03	-6.980591e+00
9.527731e+03	-7.019966e+00
9.582763e+03	-7.059675e+00
9.638113e+03	-7.099368e+00
9.693782e+03	-7.139438e+00
9.749773e+03	-7.179424e+00
9.806087e+03	-7.219029e+00
9.862727e+03	-7.259224e+00
9.919693e+03	-7.299489e+00
9.976989e+03	-7.339924e+00
1.003462e+04	-7.380003e+00
1.009258e+04	-7.420972e+00
1.015087e+04	-7.460965e+00
1.020950e+04	-7.501494e+00
1.026847e+04	-7.542344e+00
1.032778e+04	-7.582417e+00
1.038743e+04	-7.623900e+00
1.044743e+04	-7.664520e+00
1.050777e+04	-7.704858e+00
1.056847e+04	-7.746167e+00
1.062951e+04	-7.787399e+00
1.069091e+04	-7.828278e+00
1.075266e+04	-7.870017e+00
1.081476e+04	-7.911538e+00
1.087723e+04	-7.952343e+00
1.094006e+04	-7.993905e+00
1.100324e+04	-8.035500e+00
1.106680e+04	-8.077123e+00
1.113072e+04	-8.118353e+00
1.119501e+04	-8.160442e+00
1.125967e+04	-8.202362e+00
1.132471e+04	-8.243688e+00
1.139012e+04	-8.286010e+00
1.145591e+04	-8.327838e+00
1.152208e+04	-8.369698e+00
1.158863e+04	-8.411742e+00
1.165556e+04	-8.453654e+00
1.172289e+04	-8.496090e+00
1.179060e+04	-8.538195e+00
1.185870e+04	-8.580650e+00
1.192719e+04	-8.622810e+00
1.199608e+04	-8.665735e+00
1.206537e+04	-8.707981e+00
1.213506e+04	-8.750262e+00
1.220515e+04	-8.792742e+00
1.227565e+04	-8.835555e+00
1.234655e+04	-8.878312e+00
1.241787e+04	-8.920534e+00
1.248959e+04	-8.964127e+00
1.256173e+04	-9.006749e+00
1.263429e+04	-9.049141e+00
1.270726e+04	-9.092662e+00
1.278066e+04	-9.135749e+00
1.285448e+04	-9.178300e+00
1.292873e+04	-9.221716e+00
1.300340e+04	-9.264609e+00
1.307851e+04	-9.307822e+00
1.315405e+04	-9.350749e+00
1.323003e+04	-9.394415e+00
1.330644e+04	-9.437219e+00
1.338330e+04	-9.480557e+00
1.346060e+04	-9.524724e+00
1.353835e+04	-9.567619e+00
1.361655e+04	-9.611174e+00
1.369520e+04	-9.655242e+00
1.377430e+04	-9.698431e+00
1.385386e+04	-9.742326e+00
1.393388e+04	-9.785607e+00
1.401436e+04	-9.829804e+00
1.409531e+04	-9.873189e+00
1.417672e+04	-9.916846e+00
1.425861e+04	-9.961047e+00
1.434096e+04	-1.000438e+01
1.442379e+04	-1.004822e+01
1.450711e+04	-1.009229e+01
1.459090e+04	-1.013599e+01
1.467518e+04	-1.018017e+01
1.475994e+04	-1.022422e+01
1.484519e+04	-1.026886e+01
1.493094e+04	-1.031240e+01
1.501718e+04	-1.035673e+01
1.510392e+04	-1.040116e+01
1.519116e+04	-1.044527e+01
1.527890e+04	-1.048932e+01
1.536715e+04	-1.053333e+01
1.545591e+04	-1.057703e+01
1.554518e+04	-1.062230e+01
1.563497e+04	-1.066655e+01
1.572528e+04	-1.071036e+01
1.581611e+04	-1.075464e+01
1.590746e+04	-1.079939e+01
1.599934e+04	-1.084387e+01
1.609175e+04	-1.088866e+01
1.618470e+04	-1.093251e+01
1.627818e+04	-1.097711e+01
1.637220e+04	-1.102134e+01
1.646677e+04	-1.106611e+01
1.656188e+04	-1.111075e+01
1.665754e+04	-1.115544e+01
1.675375e+04	-1.120010e+01
1.685052e+04	-1.124390e+01
1.694785e+04	-1.128891e+01
1.704574e+04	-1.133311e+01
1.714419e+04	-1.137804e+01
1.724322e+04	-1.142287e+01
1.734281e+04	-1.146791e+01
1.744299e+04	-1.151256e+01
1.754374e+04	-1.155674e+01
1.764507e+04	-1.160155e+01
1.774698e+04	-1.164650e+01
1.784949e+04	-1.169089e+01
1.795259e+04	-1.173563e+01
1.805628e+04	-1.178051e+01
1.816057e+04	-1.182528e+01
1.826547e+04	-1.186959e+01
1.837097e+04	-1.191474e+01
1.847708e+04	-1.196023e+01
1.858380e+04	-1.200540e+01
1.869114e+04	-1.204944e+01
1.879910e+04	-1.209500e+01
1.890768e+04	-1.213919e+01
1.901689e+04	-1.218401e+01
1.912673e+04	-1.222903e+01
1.923721e+04	-1.227318e+01
1.934832e+04	-1.231895e+01
1.946008e+04	-1.236285e+01
1.957248e+04	-1.240717e+01
1.968553e+04	-1.245342e+01
1.979923e+04	-1.249789e+01
1.991359e+04	-1.254231e+01
2.002861e+04	-1.258745e+01
2.014430e+04	-1.263300e+01
2.026065e+04	-1.267709e+01
2.037767e+04	-1.272228e+01
2.049537e+04	-1.276730e+01
2.061375e+04	-1.281244e+01
2.073282e+04	-1.285654e+01
2.085257e+04	-1.290222e+01
2.097301e+04	-1.294672e+01
2.109415e+04	-1.299208e+01
2.121599e+04	-1.303614e+01
2.133853e+04	-1.308114e+01
2.146178e+04	-1.312569e+01
2.158575e+04	-1.317083e+01
2.171043e+04	-1.321527e+01
2.183582e+04	-1.325994e+01
2.196195e+04	-1.330470e+01
2.208880e+04	-1.335003e+01
2.221638e+04	-1.339443e+01
2.234470e+04	-1.343877e+01
2.247377e+04	-1.348352e+01
2.260357e+04	-1.352789e+01
2.273413e+04	-1.357284e+01
2.286544e+04	-1.361710e+01
2.299751e+04	-1.366206e+01
2.313034e+04	-1.370722e+01
2.326394e+04	-1.375163e+01
2.339832e+04	-1.379624e+01
2.353346e+04	-1.384016e+01
2.366939e+04	-1.388506e+01
2.380610e+04	-1.392951e+01
2.394361e+04	-1.397418e+01
2.408191e+04	-1.401821e+01
2.422100e+04	-1.406318e+01
2.436090e+04	-1.410797e+01
2.450161e+04	-1.415173e+01
2.464313e+04	-1.419603e+01
2.478547e+04	-1.424103e+01
2.492863e+04	-1.428545e+01
2.507261e+04	-1.432961e+01
2.521743e+04	-1.437430e+01
2.536309e+04	-1.441821e+01
2.550958e+04	-1.446224e+01
2.565692e+04	-1.450681e+01
2.580512e+04	-1.455057e+01
2.595417e+04	-1.459436e+01
2.610408e+04	-1.463827e+01
2.625485e+04	-1.468216e+01
2.640650e+04	-1.472591e+01
2.655902e+04	-1.477109e+01
2.671243e+04	-1.481453e+01
2.686672e+04	-1.485782e+01
2.702190e+04	-1.490241e+01
2.717798e+04	-1.494634e+01
2.733495e+04	-1.499011e+01
2.749284e+04	-1.503432e+01
2.765164e+04	-1.507739e+01
2.781135e+04	-1.512194e+01
2.797199e+04	-1.516413e+01
2.813355e+04	-1.520794e+01
2.829605e+04	-1.525219e+01
2.845949e+04	-1.529552e+01
2.862387e+04	-1.533929e+01
2.878920e+04	-1.538138e+01
2.895549e+04	-1.542603e+01
2.912273e+04	-1.547013e+01
2.929094e+04	-1.551268e+01
2.946013e+04	-1.555546e+01
2.963029e+04	-1.559841e+01
2.980143e+04	-1.564179e+01
2.997356e+04	-1.568478e+01
3.014669e+04	-1.572737e+01
3.032081e+04	-1.577024e+01
3.049595e+04	-1.581446e+01
3.067209e+04	-1.585730e+01
3.084925e+04	-1.589983e+01
3.102743e+04	-1.594181e+01
3.120665e+04	-1.598416e+01
3.138690e+04	-1.602789e+01
3.156819e+04	-1.607003e+01
3.175052e+04	-1.611125e+01
3.193391e+04	-1.615422e+01
3.211836e+04	-1.619724e+01
3.230388e+04	-1.623888e+01
3.249046e+04	-1.628074e+01
3.267812e+04	-1.632331e+01
3.286687e+04	-1.636514e+01
3.305671e+04	-1.640787e+01
3.324764e+04	-1.644974e+01
3.343968e+04	-1.649080e+01
3.363283e+04	-1.653265e+01
3.382709e+04	-1.657559e+01
3.402247e+04	-1.661604e+01
3.421899e+04	-1.665582e+01
3.441663e+04	-1.669815e+01
3.461542e+04	-1.674090e+01
3.481536e+04	-1.678151e+01
3.501645e+04	-1.682202e+01
3.521871e+04	-1.686426e+01
3.542213e+04	-1.690606e+01
3.562672e+04	-1.694635e+01
3.583250e+04	-1.698628e+01
3.603947e+04	-1.702760e+01
3.624763e+04	-1.706930e+01
3.645700e+04	-1.710871e+01
3.666757e+04	-1.714919e+01
3.687936e+04	-1.718826e+01
3.709238e+04	-1.722942e+01
3.730662e+04	-1.726921e+01
3.752210e+04	-1.731071e+01
3.773883e+04	-1.735021e+01
3.795680e+04	-1.738998e+01
3.817604e+04	-1.742968e+01
3.839654e+04	-1.746978e+01
3.861832e+04	-1.750913e+01
3.884138e+04	-1.754761e+01
3.906573e+04	-1.758648e+01
3.929137e+04	-1.762701e+01
3.951831e+04	-1.766643e+01
3.974657e+04	-1.770509e+01
3.997614e+04	-1.774373e+01
4.020704e+04	-1.778205e+01
4.043928e+04	-1.782001e+01
4.067285e+04	-1.785901e+01
4.090778e+04	-1.789768e+01
4.114406e+04	-1.793546e+01
4.138171e+04	-1.797299e+01
4.162073e+04	-1.801232e+01
4.186113e+04	-1.805116e+01
4.210291e+04	-1.808775e+01
4.234610e+04	-1.812427e+01
4.259069e+04	-1.816272e+01
4.283669e+04	-1.820082e+01
4.308411e+04	-1.823656e+01
4.333297e+04	-1.827578e+01
4.358325e+04	-1.831039e+01
4.383499e+04	-1.834631e+01
4.408818e+04	-1.838306e+01
4.434283e+04	-1.842067e+01
4.459895e+04	-1.845798e+01
4.485655e+04	-1.849351e+01
4.511564e+04	-1.852979e+01
4.537623e+04	-1.856561e+01
4.563832e+04	-1.859846e+01
4.590193e+04	-1.863440e+01
4.616705e+04	-1.867157e+01
4.643371e+04	-1.870667e+01
4.670191e+04	-1.874186e+01
4.697166e+04	-1.877651e+01
4.724297e+04	-1.881022e+01
4.751584e+04	-1.884474e+01
4.779029e+04	-1.887777e+01
4.806633e+04	-1.891363e+01
4.834395e+04	-1.894627e+01
4.862319e+04	-1.898074e+01
4.890403e+04	-1.901353e+01
4.918650e+04	-1.904704e+01
4.947060e+04	-1.907838e+01
4.975634e+04	-1.911432e+01
5.004373e+04	-1.914777e+01
5.033278e+04	-1.917852e+01
5.062350e+04	-1.921059e+01
5.091590e+04	-1.924315e+01
5.120999e+04	-1.927515e+01
5.150578e+04	-1.930614e+01
5.180327e+04	-1.933731e+01
5.210248e+04	-1.936877e+01
5.240343e+04	-1.939939e+01
5.270611e+04	-1.943179e+01
5.301053e+04	-1.946087e+01
5.331672e+04	-1.949146e+01
5.362468e+04	-1.952256e+01
5.393441e+04	-1.955074e+01
5.424593e+04	-1.958121e+01
5.455926e+04	-1.960927e+01
5.487439e+04	-1.963970e+01
5.519134e+04	-1.966758e+01
5.551012e+04	-1.969578e+01
5.583075e+04	-1.972577e+01
5.615322e+04	-1.975310e+01
5.647756e+04	-1.978090e+01
5.680377e+04	-1.980728e+01
5.713187e+04	-1.983379e+01
5.746186e+04	-1.986222e+01
5.779376e+04	-1.988864e+01
5.812757e+04	-1.991686e+01
5.846332e+04	-1.994098e+01
5.880100e+04	-1.996510e+01
5.914063e+04	-1.999238e+01
5.948222e+04	-2.001834e+01
5.982579e+04	-2.004294e+01
6.017134e+04	-2.006513e+01
6.051889e+04	-2.009239e+01
6.086844e+04	-2.011449e+01
6.122002e+04	-2.013708e+01
6.157362e+04	-2.016172e+01
6.192927e+04	-2.018387e+01
6.228697e+04	-2.020787e+01
6.264674e+04	-2.022829e+01
6.300858e+04	-2.025104e+01
6.337252e+04	-2.027168e+01
6.373855e+04	-2.029209e+01
6.410670e+04	-2.031274e+01
6.447698e+04	-2.033358e+01
6.484940e+04	-2.035251e+01
6.522397e+04	-2.037198e+01
6.560070e+04	-2.039285e+01
6.597960e+04	-2.041078e+01
6.636070e+04	-2.042739e+01
6.674400e+04	-2.044733e+01
6.712951e+04	-2.046384e+01
6.751724e+04	-2.048152e+01
6.790722e+04	-2.049654e+01
6.829945e+04	-2.051239e+01
6.869395e+04	-2.052915e+01
6.909072e+04	-2.054347e+01
6.948978e+04	-2.055714e+01
6.989115e+04	-2.057284e+01
7.029484e+04	-2.058834e+01
7.070086e+04	-2.060042e+01
7.110923e+04	-2.061368e+01
7.151995e+04	-2.062491e+01
7.193305e+04	-2.063610e+01
7.234853e+04	-2.064599e+01
7.276641e+04	-2.065758e+01
7.318671e+04	-2.066930e+01
7.360943e+04	-2.067890e+01
7.403460e+04	-2.068808e+01
7.446222e+04	-2.069664e+01
7.489231e+04	-2.070345e+01
7.532488e+04	-2.071072e+01
7.575996e+04	-2.072135e+01
7.619754e+04	-2.072467e+01
7.663766e+04	-2.072995e+01
7.708031e+04	-2.073471e+01
7.752553e+04	-2.074069e+01
7.797331e+04	-2.074277e+01
7.842368e+04	-2.074624e+01
7.887665e+04	-2.075040e+01
7.933224e+04	-2.075119e+01
7.979046e+04	-2.075159e+01
8.025133e+04	-2.075219e+01
8.071486e+04	-2.075114e+01
8.118106e+04	-2.075054e+01
8.164996e+04	-2.074962e+01
8.212157e+04	-2.074653e+01
8.259590e+04	-2.074367e+01
8.307297e+04	-2.073771e+01
8.355279e+04	-2.073522e+01
8.403539e+04	-2.072882e+01
8.452078e+04	-2.072203e+01
8.500897e+04	-2.071561e+01
8.549997e+04	-2.070667e+01
8.599382e+04	-2.069754e+01
8.649052e+04	-2.068602e+01
8.699008e+04	-2.067603e+01
8.749253e+04	-2.066535e+01
8.799789e+04	-2.065320e+01
8.850616e+04	-2.063767e+01
8.901737e+04	-2.062290e+01
8.953153e+04	-2.060844e+01
9.004866e+04	-2.059189e+01
9.056877e+04	-2.057381e+01
9.109190e+04	-2.055584e+01
9.161804e+04	-2.053540e+01
9.214722e+04	-2.051582e+01
9.267946e+04	-2.049257e+01
9.321477e+04	-2.047153e+01
9.375318e+04	-2.044485e+01
9.429469e+04	-2.042048e+01
9.483933e+04	-2.039448e+01
9.538712e+04	-2.036263e+01
9.593807e+04	-2.033648e+01
9.649221e+04	-2.030543e+01
9.704954e+04	-2.027300e+01
9.761010e+04	-2.023950e+01
9.817389e+04	-2.020575e+01
9.874094e+04	-2.016998e+01
9.931126e+04	-2.013449e+01
9.988488e+04	-2.009462e+01
1.004618e+05	-2.005474e+01
1.010421e+05	-2.001260e+01
1.016257e+05	-1.996778e+01
1.022127e+05	-1.992395e+01
1.028031e+05	-1.987563e+01
1.033968e+05	-1.982850e+01
1.039941e+05	-1.977751e+01
1.045947e+05	-1.972622e+01
1.051989e+05	-1.967310e+01
1.058065e+05	-1.961731e+01
1.064176e+05	-1.955908e+01
1.070323e+05	-1.949901e+01
1.076505e+05	-1.943838e+01
1.082723e+05	-1.937409e+01
1.088977e+05	-1.930692e+01
1.095266e+05	-1.924081e+01
1.101593e+05	-1.916989e+01
1.107955e+05	-1.909745e+01
1.114355e+05	-1.902228e+01
1.120791e+05	-1.894450e+01
1.127265e+05	-1.886364e+01
1.133776e+05	-1.878225e+01
1.140325e+05	-1.869574e+01
1.146911e+05	-1.860893e+01
1.153536e+05	-1.851729e+01
1.160198e+05	-1.842345e+01
1.166900e+05	-1.832570e+01
1.173640e+05	-1.822537e+01
1.180419e+05	-1.812243e+01
1.187237e+05	-1.801428e+01
1.194094e+05	-1.790523e+01
1.200991e+05	-1.778991e+01
1.207928e+05	-1.767314e+01
1.214905e+05	-1.755256e+01
1.221922e+05	-1.742623e+01
1.228980e+05	-1.729755e+01
1.236078e+05	-1.716266e+01
1.243218e+05	-1.702417e+01
1.250399e+05	-1.688033e+01
1.257621e+05	-1.673264e+01
1.264885e+05	-1.657978e+01
1.272191e+05	-1.641992e+01
1.279539e+05	-1.625759e+01
1.286930e+05	-1.608592e+01
1.294363e+05	-1.591050e+01
1.301839e+05	-1.572882e+01
1.309358e+05	-1.553980e+01
1.316921e+05	-1.534379e+01
1.324528e+05	-1.514202e+01
1.332178e+05	-1.493072e+01
1.339873e+05	-1.471220e+01
1.347612e+05	-1.448506e+01
1.355395e+05	-1.424916e+01
1.363224e+05	-1.400448e+01
1.371098e+05	-1.375048e+01
1.379018e+05	-1.348506e+01
1.386983e+05	-1.320906e+01
1.394994e+05	-1.292147e+01
1.403051e+05	-1.262217e+01
1.411155e+05	-1.230907e+01
1.419306e+05	-1.198248e+01
1.427504e+05	-1.164274e+01
1.435749e+05	-1.128759e+01
1.444042e+05	-1.091674e+01
1.452383e+05	-1.052966e+01
1.460772e+05	-1.012456e+01
1.469209e+05	-9.703912e+00
1.477695e+05	-9.264144e+00
1.486230e+05	-8.808015e+00
1.494814e+05	-8.334952e+00
1.503448e+05	-7.847431e+00
1.512132e+05	-7.348001e+00
1.520866e+05	-6.841623e+00
1.529651e+05	-6.336082e+00
1.538486e+05	-5.841585e+00
1.547372e+05	-5.372570e+00
1.556310e+05	-4.948243e+00
1.565299e+05	-4.590083e+00
1.574340e+05	-4.323165e+00
1.583433e+05	-4.168745e+00
1.592579e+05	-4.142130e+00
1.601778e+05	-4.249062e+00
1.611030e+05	-4.481143e+00
1.620335e+05	-4.822436e+00
1.629694e+05	-5.248861e+00
1.639107e+05	-5.737761e+00
1.648574e+05	-6.266840e+00
1.658097e+05	-6.817932e+00
1.667674e+05	-7.376517e+00
1.677306e+05	-7.934734e+00
1.686994e+05	-8.484849e+00
1.696738e+05	-9.021921e+00
1.706538e+05	-9.543347e+00
1.716395e+05	-1.004759e+01
1.726309e+05	-1.053379e+01
1.736280e+05	-1.100169e+01
1.746309e+05	-1.145219e+01
1.756395e+05	-1.188567e+01
1.766540e+05	-1.230259e+01
1.776744e+05	-1.270345e+01
1.787006e+05	-1.308706e+01
1.797328e+05	-1.345569e+01
1.807709e+05	-1.381214e+01
1.818150e+05	-1.415418e+01
1.828652e+05	-1.448434e+01
1.839214e+05	-1.480071e+01
1.849837e+05	-1.510584e+01
1.860522e+05	-1.540037e+01
1.871268e+05	-1.568404e+01
1.882077e+05	-1.595800e+01
1.892948e+05	-1.621976e+01
1.903881e+05	-1.647523e+01
1.914878e+05	-1.671798e+01
1.925938e+05	-1.695390e+01
1.937062e+05	-1.718224e+01
1.948251e+05	-1.740239e+01
1.959504e+05	-1.761412e+01
1.970822e+05	-1.781605e+01
1.982205e+05	-1.801384e+01
1.993654e+05	-1.820243e+01
2.005169e+05	-1.838492e+01
2.016751e+05	-1.855992e+01
2.028400e+05	-1.872887e+01
2.040116e+05	-1.889054e+01
2.051899e+05	-1.904516e+01
2.063751e+05	-1.919344e+01
2.075671e+05	-1.933593e+01
2.087660e+05	-1.947067e+01
2.099719e+05	-1.960300e+01
2.111846e+05	-1.972743e+01
2.124044e+05	-1.984431e+01
2.136313e+05	-1.995774e+01
2.148652e+05	-2.006420e+01
2.161063e+05	-2.016554e+01
2.173545e+05	-2.025916e+01
2.186099e+05	-2.034875e+01
2.198726e+05	-2.043267e+01
2.211426e+05	-2.050965e+01
2.224199e+05	-2.058029e+01
2.237046e+05	-2.064586e+01
2.249967e+05	-2.070773e+01
2.262962e+05	-2.076046e+01
2.276033e+05	-2.080907e+01
2.289179e+05	-2.085075e+01
2.302402e+05	-2.088742e+01
2.315700e+05	-2.091757e+01
2.329076e+05	-2.094046e+01
2.342528e+05	-2.095797e+01
2.356059e+05	-2.096867e+01
2.369667e+05	-2.097363e+01
2.383354e+05	-2.097261e+01
2.397120e+05	-2.096403e+01
2.410966e+05	-2.094765e+01
2.424892e+05	-2.092626e+01
2.438898e+05	-2.089685e+01
2.452985e+05	-2.085869e+01
2.467153e+05	-2.081445e+01
2.481403e+05	-2.076183e+01
2.495736e+05	-2.070430e+01
2.510151e+05	-2.063306e+01
2.524650e+05	-2.055720e+01
2.539232e+05	-2.047031e+01
2.553898e+05	-2.037496e+01
2.568650e+05	-2.027109e+01
2.583486e+05	-2.015694e+01
2.598408e+05	-2.003325e+01
2.613416e+05	-1.989777e+01
2.628511e+05	-1.975119e+01
2.643694e+05	-1.959249e+01
2.658963e+05	-1.942342e+01
2.674321e+05	-1.924029e+01
2.689768e+05	-1.904547e+01
2.705304e+05	-1.883335e+01
2.720930e+05	-1.860604e+01
2.736646e+05	-1.836279e+01
2.752453e+05	-1.810388e+01
2.768351e+05	-1.782566e+01
2.784341e+05	-1.752921e+01
2.800423e+05	-1.720910e+01
2.816598e+05	-1.686871e+01
2.832867e+05	-1.650481e+01
2.849229e+05	-1.611504e+01
2.865686e+05	-1.569539e+01
2.882238e+05	-1.524637e+01
2.898886e+05	-1.476581e+01
2.915630e+05	-1.424907e+01
2.932470e+05	-1.369733e+01
2.949408e+05	-1.310238e+01
2.966444e+05	-1.246938e+01
2.983578e+05	-1.179507e+01
3.000811e+05	-1.108310e+01
3.018143e+05	-1.034189e+01
3.035576e+05	-9.587390e+00
3.053109e+05	-8.849518e+00
3.070744e+05	-8.178132e+00
3.088481e+05	-7.640145e+00
3.106320e+05	-7.315025e+00
3.124261e+05	-7.265162e+00
3.142307e+05	-7.505638e+00
3.160457e+05	-7.998790e+00
3.178712e+05	-8.669766e+00
3.197072e+05	-9.442571e+00
3.215538e+05	-1.025624e+01
3.234111e+05	-1.107146e+01
3.252791e+05	-1.186442e+01
3.271579e+05	-1.262091e+01
3.290475e+05	-1.333834e+01
3.309481e+05	-1.401267e+01
3.328596e+05	-1.464422e+01
3.347822e+05	-1.523634e+01
3.367159e+05	-1.578881e+01
3.386608e+05	-1.630673e+01
3.406169e+05	-1.678919e+01
3.425842e+05	-1.724150e+01
3.445630e+05	-1.766213e+01
3.465532e+05	-1.805487e+01
3.485549e+05	-1.842158e+01
3.505681e+05	-1.876095e+01
3.525930e+05	-1.907930e+01
3.546295e+05	-1.937216e+01
3.566778e+05	-1.964521e+01
3.587380e+05	-1.989352e+01
3.608101e+05	-2.012470e+01
3.628941e+05	-2.033268e+01
3.649901e+05	-2.052287e+01
3.670983e+05	-2.069304e+01
3.692187e+05	-2.084301e+01
3.713513e+05	-2.097628e+01
3.734962e+05	-2.108972e+01
3.756535e+05	-2.118439e+01
3.778232e+05	-2.126133e+01
3.800055e+05	-2.131822e+01
3.822004e+05	-2.135732e+01
3.844080e+05	-2.137706e+01
3.866283e+05	-2.137462e+01
3.888615e+05	-2.135560e+01
3.911075e+05	-2.131297e+01
3.933665e+05	-2.125059e+01
3.956386e+05	-2.116801e+01
3.979238e+05	-2.106011e+01
4.002222e+05	-2.092984e+01
4.025338e+05	-2.077334e+01
4.048589e+05	-2.059093e+01
4.071973e+05	-2.038106e+01
4.095493e+05	-2.014244e+01
4.119148e+05	-1.987148e+01
4.142940e+05	-1.956653e+01
4.166870e+05	-1.922603e+01
4.190937e+05	-1.884761e+01
4.215144e+05	-1.842540e+01
4.239490e+05	-1.795964e+01
4.263978e+05	-1.744103e+01
4.288606e+05	-1.687165e+01
4.313377e+05	-1.624132e+01
4.338291e+05	-1.554913e+01
4.363349e+05	-1.479357e+01
4.388551e+05	-1.397602e+01
4.413899e+05	-1.310841e+01
4.439394e+05	-1.221658e+01
4.465035e+05	-1.135742e+01
4.490825e+05	-1.062764e+01
4.516764e+05	-1.015978e+01
4.542853e+05	-1.007607e+01
4.569092e+05	-1.041130e+01
4.595483e+05	-1.108690e+01
4.622026e+05	-1.196890e+01
4.648723e+05	-1.293558e+01
4.675574e+05	-1.390481e+01
4.702580e+05	-1.483528e+01
4.729742e+05	-1.570709e+01
4.757060e+05	-1.651058e+01
4.784537e+05	-1.724548e+01
4.812172e+05	-1.791778e+01
4.839967e+05	-1.852524e+01
4.867923e+05	-1.907653e+01
4.896040e+05	-1.957245e+01
4.924319e+05	-2.001533e+01
4.952762e+05	-2.040949e+01
4.981369e+05	-2.075771e+01
5.010141e+05	-2.105982e+01
5.039079e+05	-2.131930e+01
5.068185e+05	-2.153700e+01
5.097458e+05	-2.171122e+01
5.126901e+05	-2.184563e+01
5.156514e+05	-2.193487e+01
5.186298e+05	-2.198534e+01
5.216253e+05	-2.199292e+01
5.246382e+05	-2.195781e+01
5.276685e+05	-2.187725e+01
5.307163e+05	-2.175031e+01
5.337817e+05	-2.157157e+01
5.368648e+05	-2.134367e+01
5.399657e+05	-2.105754e+01
5.430845e+05	-2.071428e+01
5.462214e+05	-2.030345e+01
5.493763e+05	-1.982687e+01
5.525495e+05	-1.927427e+01
5.557410e+05	-1.864174e+01
5.589509e+05	-1.792223e+01
5.621794e+05	-1.711360e+01
5.654265e+05	-1.622260e+01
5.686924e+05	-1.527241e+01
5.719772e+05	-1.432135e+01
5.752809e+05	-1.348366e+01
5.786037e+05	-1.293822e+01
5.819457e+05	-1.286108e+01
5.853070e+05	-1.329969e+01
5.886877e+05	-1.412710e+01
5.920879e+05	-1.515405e+01
5.955078e+05	-1.622797e+01
5.989474e+05	-1.726188e+01
6.024069e+05	-1.821554e+01
6.058864e+05	-1.907507e+01
6.093860e+05	-1.983677e+01
6.129058e+05	-2.050577e+01
6.164459e+05	-2.107930e+01
6.200064e+05	-2.156937e+01
6.235876e+05	-2.197474e+01
6.271894e+05	-2.229939e+01
6.308120e+05	-2.254797e+01
6.344555e+05	-2.271368e+01
6.381201e+05	-2.280552e+01
6.418059e+05	-2.281247e+01
6.455129e+05	-2.274275e+01
6.492414e+05	-2.258601e+01
6.529914e+05	-2.233829e+01
6.567630e+05	-2.199648e+01
6.605565e+05	-2.155259e+01
6.643718e+05	-2.100015e+01
6.682092e+05	-2.033271e+01
6.720688e+05	-1.954715e+01
6.759506e+05	-1.865493e+01
6.798549e+05	-1.769457e+01
6.837817e+05	-1.675294e+01
6.877312e+05	-1.600903e+01
6.917035e+05	-1.570120e+01
6.956987e+05	-1.597965e+01
6.997171e+05	-1.676597e+01
7.037586e+05	-1.782862e+01
7.078235e+05	-1.895632e+01
7.119118e+05	-2.002779e+01
7.160238e+05	-2.098894e+01
7.201595e+05	-2.181759e+01
7.243191e+05	-2.250753e+01
7.285028e+05	-2.306824e+01
7.327106e+05	-2.348701e+01
7.369427e+05	-2.377594e+01
7.411992e+05	-2.393590e+01
7.454804e+05	-2.396350e+01
7.497862e+05	-2.384872e+01
7.541170e+05	-2.359582e+01
7.584727e+05	-2.319132e+01
7.628536e+05	-2.263719e+01
7.672598e+05	-2.192541e+01
7.716915e+05	-2.108183e+01
7.761488e+05	-2.016640e+01
7.806318e+05	-1.932473e+01
7.851407e+05	-1.880847e+01
7.896756e+05	-1.887150e+01
7.942367e+05	-1.953932e+01
7.988242e+05	-2.058069e+01
8.034382e+05	-2.172550e+01
8.080788e+05	-2.279610e+01
8.127463e+05	-2.372005e+01
8.174406e+05	-2.445218e+01
8.221621e+05	-2.499309e+01
8.269109e+05	-2.533501e+01
8.316871e+05	-2.547535e+01
8.364909e+05	-2.540676e+01
8.413225e+05	-2.513236e+01
8.461819e+05	-2.464560e+01
8.510694e+05	-2.397777e+01
8.559852e+05	-2.319708e+01
8.609293e+05	-2.246291e+01
8.659020e+05	-2.206763e+01
8.709034e+05	-2.227839e+01
8.759337e+05	-2.306994e+01
8.809931e+05	-2.416350e+01
8.860816e+05	-2.526363e+01
8.911996e+05	-2.620468e+01
8.963471e+05	-2.690750e+01
9.015244e+05	-2.734433e+01
9.067316e+05	-2.749569e+01
9.119688e+05	-2.737796e+01
9.172363e+05	-2.700274e+01
9.225342e+05	-2.645147e+01
9.278628e+05	-2.590315e+01
9.332221e+05	-2.567802e+01
9.386123e+05	-2.604329e+01
9.440337e+05	-2.693811e+01
9.494864e+05	-2.802924e+01
9.549706e+05	-2.901849e+01
9.604865e+05	-2.973698e+01
9.660342e+05	-3.013163e+01
9.716140e+05	-3.019702e+01
9.772260e+05	-2.999290e+01
9.828704e+05	-2.973065e+01
9.885474e+05	-2.972713e+01
9.942572e+05	-3.026582e+01
1.000000e+06	-3.124409e+01
