Frequency(Hz)	Magnitude(dB)
1.000000e+01	-1.837349e-05
1.005776e+01	-1.858635e-05
1.011585e+01	-1.880168e-05
1.017428e+01	-1.901950e-05
1.023305e+01	-1.923984e-05
1.029215e+01	-1.946274e-05
1.035160e+01	-1.968822e-05
1.041139e+01	-1.991632e-05
1.047153e+01	-2.014705e-05
1.053201e+01	-2.038046e-05
1.059284e+01	-2.061657e-05
1.065403e+01	-2.085542e-05
1.071556e+01	-2.109704e-05
1.077746e+01	-2.134145e-05
1.083971e+01	-2.158870e-05
1.090232e+01	-2.183881e-05
1.096529e+01	-2.209182e-05
1.102862e+01	-2.234776e-05
1.109232e+01	-2.260666e-05
1.115639e+01	-2.286856e-05
1.122083e+01	-2.313350e-05
1.128564e+01	-2.340151e-05
1.135083e+01	-2.367262e-05
1.141639e+01	-2.394687e-05
1.148233e+01	-2.422431e-05
1.154865e+01	-2.450495e-05
1.161536e+01	-2.478885e-05
1.168245e+01	-2.507603e-05
1.174992e+01	-2.536654e-05
1.181779e+01	-2.566042e-05
1.188605e+01	-2.595770e-05
1.195470e+01	-2.625843e-05
1.202375e+01	-2.656264e-05
1.209320e+01	-2.687037e-05
1.216305e+01	-2.718167e-05
1.223330e+01	-2.749658e-05
1.230396e+01	-2.781513e-05
1.237503e+01	-2.813738e-05
1.244651e+01	-2.846336e-05
1.251840e+01	-2.879311e-05
1.259070e+01	-2.912669e-05
1.266343e+01	-2.946413e-05
1.273657e+01	-2.980548e-05
1.281014e+01	-3.015078e-05
1.288413e+01	-3.050008e-05
1.295855e+01	-3.085343e-05
1.303339e+01	-3.121088e-05
1.310867e+01	-3.157246e-05
1.318439e+01	-3.193824e-05
1.326054e+01	-3.230825e-05
1.333713e+01	-3.268255e-05
1.341417e+01	-3.306119e-05
1.349165e+01	-3.344421e-05
1.356958e+01	-3.383167e-05
1.364795e+01	-3.422361e-05
1.372678e+01	-3.462010e-05
1.380607e+01	-3.502118e-05
1.388581e+01	-3.542691e-05
1.396602e+01	-3.583734e-05
1.404668e+01	-3.625253e-05
1.412782e+01	-3.667252e-05
1.420942e+01	-3.709738e-05
1.429149e+01	-3.752716e-05
1.437404e+01	-3.796192e-05
1.445706e+01	-3.840172e-05
1.454057e+01	-3.884661e-05
1.462455e+01	-3.929666e-05
1.470902e+01	-3.975192e-05
1.479398e+01	-4.021245e-05
1.487943e+01	-4.067832e-05
1.496537e+01	-4.114959e-05
1.505181e+01	-4.162632e-05
1.513875e+01	-4.210857e-05
1.522619e+01	-4.259641e-05
1.531414e+01	-4.308990e-05
1.540259e+01	-4.358910e-05
1.549156e+01	-4.409409e-05
1.558103e+01	-4.460493e-05
1.567103e+01	-4.512169e-05
1.576155e+01	-4.564443e-05
1.585258e+01	-4.617323e-05
1.594415e+01	-4.670816e-05
1.603624e+01	-4.724929e-05
1.612886e+01	-4.779668e-05
1.622202e+01	-4.835041e-05
1.631572e+01	-4.891056e-05
1.640996e+01	-4.947720e-05
1.650474e+01	-5.005041e-05
1.660008e+01	-5.063025e-05
1.669596e+01	-5.121681e-05
1.679239e+01	-5.181017e-05
1.688938e+01	-5.241040e-05
1.698694e+01	-5.301759e-05
1.708505e+01	-5.363181e-05
1.718373e+01	-5.425314e-05
1.728299e+01	-5.488168e-05
1.738281e+01	-5.551749e-05
1.748322e+01	-5.616067e-05
1.758420e+01	-5.681131e-05
1.768576e+01	-5.746948e-05
1.778792e+01	-5.813527e-05
1.789066e+01	-5.880878e-05
1.799399e+01	-5.949009e-05
1.809793e+01	-6.017930e-05
1.820246e+01	-6.087649e-05
1.830760e+01	-6.158175e-05
1.841334e+01	-6.229519e-05
1.851969e+01	-6.301689e-05
1.862666e+01	-6.374696e-05
1.873425e+01	-6.448548e-05
1.884246e+01	-6.523255e-05
1.895129e+01	-6.598828e-05
1.906075e+01	-6.675277e-05
1.917085e+01	-6.752611e-05
1.928158e+01	-6.830842e-05
1.939295e+01	-6.909978e-05
1.950496e+01	-6.990032e-05
1.961762e+01	-7.071013e-05
1.973093e+01	-7.152932e-05
1.984490e+01	-7.235800e-05
1.995952e+01	-7.319628e-05
2.007480e+01	-7.404427e-05
2.019076e+01	-7.490208e-05
2.030738e+01	-7.576984e-05
2.042467e+01	-7.664765e-05
2.054264e+01	-7.753562e-05
2.066130e+01	-7.843389e-05
2.078064e+01	-7.934256e-05
2.090066e+01	-8.026175e-05
2.102139e+01	-8.119160e-05
2.114280e+01	-8.213222e-05
2.126492e+01	-8.308373e-05
2.138775e+01	-8.404627e-05
2.151128e+01	-8.501996e-05
2.163553e+01	-8.600493e-05
2.176050e+01	-8.700131e-05
2.188619e+01	-8.800924e-05
2.201260e+01	-8.902884e-05
2.213974e+01	-9.006025e-05
2.226762e+01	-9.110362e-05
2.239624e+01	-9.215906e-05
2.252560e+01	-9.322674e-05
2.265571e+01	-9.430679e-05
2.278656e+01	-9.539935e-05
2.291818e+01	-9.650456e-05
2.305055e+01	-9.762258e-05
2.318369e+01	-9.875355e-05
2.331760e+01	-9.989763e-05
2.345228e+01	-1.010550e-04
2.358774e+01	-1.022257e-04
2.372398e+01	-1.034100e-04
2.386101e+01	-1.046080e-04
2.399883e+01	-1.058199e-04
2.413745e+01	-1.070458e-04
2.427686e+01	-1.082860e-04
2.441709e+01	-1.095405e-04
2.455812e+01	-1.108095e-04
2.469997e+01	-1.120933e-04
2.484263e+01	-1.133919e-04
2.498612e+01	-1.147056e-04
2.513044e+01	-1.160344e-04
2.527559e+01	-1.173787e-04
2.542158e+01	-1.187386e-04
2.556842e+01	-1.201142e-04
2.571610e+01	-1.215057e-04
2.586463e+01	-1.229133e-04
2.601403e+01	-1.243373e-04
2.616428e+01	-1.257778e-04
2.631541e+01	-1.272349e-04
2.646740e+01	-1.287090e-04
2.662028e+01	-1.302001e-04
2.677404e+01	-1.317084e-04
2.692868e+01	-1.332343e-04
2.708422e+01	-1.347778e-04
2.724066e+01	-1.363392e-04
2.739800e+01	-1.379187e-04
2.755625e+01	-1.395165e-04
2.771541e+01	-1.411329e-04
2.787550e+01	-1.427679e-04
2.803650e+01	-1.444219e-04
2.819844e+01	-1.460950e-04
2.836131e+01	-1.477875e-04
2.852513e+01	-1.494997e-04
2.868989e+01	-1.512316e-04
2.885560e+01	-1.529837e-04
2.902227e+01	-1.547560e-04
2.918990e+01	-1.565488e-04
2.935850e+01	-1.583625e-04
2.952807e+01	-1.601971e-04
2.969863e+01	-1.620530e-04
2.987016e+01	-1.639304e-04
3.004269e+01	-1.658295e-04
3.021622e+01	-1.677507e-04
3.039075e+01	-1.696941e-04
3.056628e+01	-1.716600e-04
3.074283e+01	-1.736487e-04
3.092040e+01	-1.756604e-04
3.109900e+01	-1.776955e-04
3.127862e+01	-1.797541e-04
3.145929e+01	-1.818365e-04
3.164099e+01	-1.839431e-04
3.182375e+01	-1.860741e-04
3.200756e+01	-1.882298e-04
3.219244e+01	-1.904104e-04
3.237838e+01	-1.926163e-04
3.256540e+01	-1.948478e-04
3.275349e+01	-1.971051e-04
3.294268e+01	-1.993886e-04
3.313295e+01	-2.016985e-04
3.332433e+01	-2.040352e-04
3.351681e+01	-2.063989e-04
3.371040e+01	-2.087900e-04
3.390511e+01	-2.112089e-04
3.410094e+01	-2.136557e-04
3.429791e+01	-2.161309e-04
3.449601e+01	-2.186348e-04
3.469526e+01	-2.211677e-04
3.489566e+01	-2.237299e-04
3.509721e+01	-2.263218e-04
3.529993e+01	-2.289437e-04
3.550382e+01	-2.315960e-04
3.570889e+01	-2.342791e-04
3.591515e+01	-2.369932e-04
3.612259e+01	-2.397388e-04
3.633123e+01	-2.425161e-04
3.654108e+01	-2.453257e-04
3.675214e+01	-2.481677e-04
3.696442e+01	-2.510427e-04
3.717792e+01	-2.539511e-04
3.739266e+01	-2.568931e-04
3.760864e+01	-2.598692e-04
3.782587e+01	-2.628797e-04
3.804435e+01	-2.659252e-04
3.826409e+01	-2.690059e-04
3.848510e+01	-2.721223e-04
3.870739e+01	-2.752748e-04
3.893096e+01	-2.784638e-04
3.915583e+01	-2.816898e-04
3.938199e+01	-2.849532e-04
3.960946e+01	-2.882543e-04
3.983824e+01	-2.915937e-04
4.006834e+01	-2.949718e-04
4.029978e+01	-2.983890e-04
4.053255e+01	-3.018458e-04
4.076666e+01	-3.053426e-04
4.100213e+01	-3.088800e-04
4.123896e+01	-3.124583e-04
4.147715e+01	-3.160781e-04
4.171672e+01	-3.197398e-04
4.195767e+01	-3.234440e-04
4.220002e+01	-3.271910e-04
4.244377e+01	-3.309815e-04
4.268892e+01	-3.348158e-04
4.293549e+01	-3.386946e-04
4.318348e+01	-3.426183e-04
4.343291e+01	-3.465875e-04
4.368377e+01	-3.506027e-04
4.393609e+01	-3.546643e-04
4.418986e+01	-3.587730e-04
4.444510e+01	-3.629293e-04
4.470182e+01	-3.671338e-04
4.496001e+01	-3.713870e-04
4.521970e+01	-3.756894e-04
4.548089e+01	-3.800417e-04
4.574358e+01	-3.844444e-04
4.600779e+01	-3.888981e-04
4.627353e+01	-3.934034e-04
4.654081e+01	-3.979608e-04
4.680963e+01	-4.025711e-04
4.708000e+01	-4.072348e-04
4.735193e+01	-4.119525e-04
4.762543e+01	-4.167248e-04
4.790051e+01	-4.215525e-04
4.817719e+01	-4.264361e-04
4.845545e+01	-4.313762e-04
4.873533e+01	-4.363735e-04
4.901682e+01	-4.414288e-04
4.929994e+01	-4.465426e-04
4.958470e+01	-4.517157e-04
4.987110e+01	-4.569486e-04
5.015915e+01	-4.622422e-04
5.044887e+01	-4.675971e-04
5.074026e+01	-4.730141e-04
5.103333e+01	-4.784938e-04
5.132810e+01	-4.840370e-04
5.162457e+01	-4.896444e-04
5.192275e+01	-4.953167e-04
5.222265e+01	-5.010547e-04
5.252429e+01	-5.068593e-04
5.282767e+01	-5.127310e-04
5.313280e+01	-5.186708e-04
5.343969e+01	-5.246794e-04
5.374836e+01	-5.307576e-04
5.405880e+01	-5.369062e-04
5.437105e+01	-5.431260e-04
5.468509e+01	-5.494178e-04
5.500095e+01	-5.557826e-04
5.531863e+01	-5.622211e-04
5.563815e+01	-5.687341e-04
5.595951e+01	-5.753226e-04
5.628273e+01	-5.819875e-04
5.660782e+01	-5.887295e-04
5.693479e+01	-5.955496e-04
5.726364e+01	-6.024487e-04
5.759439e+01	-6.094278e-04
5.792705e+01	-6.164877e-04
5.826164e+01	-6.236293e-04
5.859815e+01	-6.308537e-04
5.893662e+01	-6.381618e-04
5.927703e+01	-6.455545e-04
5.961941e+01	-6.530329e-04
5.996377e+01	-6.605979e-04
6.031012e+01	-6.682505e-04
6.065847e+01	-6.759918e-04
6.100883e+01	-6.838227e-04
6.136121e+01	-6.917444e-04
6.171563e+01	-6.997578e-04
6.207210e+01	-7.078640e-04
6.243063e+01	-7.160641e-04
6.279122e+01	-7.243592e-04
6.315390e+01	-7.327504e-04
6.351868e+01	-7.412388e-04
6.388556e+01	-7.498255e-04
6.425456e+01	-7.585117e-04
6.462569e+01	-7.672985e-04
6.499897e+01	-7.761870e-04
6.537440e+01	-7.851786e-04
6.575200e+01	-7.942742e-04
6.613178e+01	-8.034753e-04
6.651375e+01	-8.127829e-04
6.689793e+01	-8.221983e-04
6.728433e+01	-8.317228e-04
6.767297e+01	-8.413576e-04
6.806384e+01	-8.511040e-04
6.845698e+01	-8.609633e-04
6.885238e+01	-8.709368e-04
6.925007e+01	-8.810258e-04
6.965005e+01	-8.912317e-04
7.005235e+01	-9.015558e-04
7.045697e+01	-9.119994e-04
7.086393e+01	-9.225641e-04
7.127323e+01	-9.332511e-04
7.168490e+01	-9.440619e-04
7.209895e+01	-9.549979e-04
7.251539e+01	-9.660606e-04
7.293424e+01	-9.772514e-04
7.335551e+01	-9.885718e-04
7.377920e+01	-1.000023e-03
7.420535e+01	-1.011608e-03
7.463396e+01	-1.023326e-03
7.506504e+01	-1.035180e-03
7.549861e+01	-1.047171e-03
7.593469e+01	-1.059302e-03
7.637328e+01	-1.071573e-03
7.681441e+01	-1.083985e-03
7.725809e+01	-1.096542e-03
7.770433e+01	-1.109244e-03
7.815315e+01	-1.122093e-03
7.860456e+01	-1.135092e-03
7.905857e+01	-1.148240e-03
7.951521e+01	-1.161541e-03
7.997449e+01	-1.174996e-03
8.043642e+01	-1.188607e-03
8.090102e+01	-1.202375e-03
8.136830e+01	-1.216303e-03
8.183828e+01	-1.230392e-03
8.231097e+01	-1.244645e-03
8.278640e+01	-1.259062e-03
8.326457e+01	-1.273647e-03
8.374550e+01	-1.288400e-03
8.422921e+01	-1.303324e-03
8.471572e+01	-1.318421e-03
8.520503e+01	-1.333693e-03
8.569717e+01	-1.349142e-03
8.619215e+01	-1.364770e-03
8.669000e+01	-1.380578e-03
8.719071e+01	-1.396570e-03
8.769432e+01	-1.412747e-03
8.820084e+01	-1.429112e-03
8.871029e+01	-1.445665e-03
8.922267e+01	-1.462411e-03
8.973802e+01	-1.479351e-03
9.025634e+01	-1.496486e-03
9.077766e+01	-1.513820e-03
9.130199e+01	-1.531355e-03
9.182935e+01	-1.549093e-03
9.235975e+01	-1.567037e-03
9.289321e+01	-1.585188e-03
9.342976e+01	-1.603549e-03
9.396941e+01	-1.622124e-03
9.451217e+01	-1.640913e-03
9.505807e+01	-1.659919e-03
9.560712e+01	-1.679146e-03
9.615934e+01	-1.698596e-03
9.671476e+01	-1.718271e-03
9.727338e+01	-1.738173e-03
9.783522e+01	-1.758306e-03
9.840032e+01	-1.778673e-03
9.896867e+01	-1.799275e-03
9.954031e+01	-1.820116e-03
1.001153e+02	-1.841198e-03
1.006935e+02	-1.862524e-03
1.012751e+02	-1.884097e-03
1.018601e+02	-1.905920e-03
1.024484e+02	-1.927996e-03
1.030402e+02	-1.950327e-03
1.036353e+02	-1.972917e-03
1.042339e+02	-1.995768e-03
1.048360e+02	-2.018885e-03
1.054415e+02	-2.042268e-03
1.060505e+02	-2.065923e-03
1.066631e+02	-2.089851e-03
1.072791e+02	-2.114057e-03
1.078988e+02	-2.138543e-03
1.085220e+02	-2.163312e-03
1.091488e+02	-2.188369e-03
1.097793e+02	-2.213715e-03
1.104133e+02	-2.239355e-03
1.110511e+02	-2.265292e-03
1.116925e+02	-2.291529e-03
1.123376e+02	-2.318070e-03
1.129865e+02	-2.344918e-03
1.136391e+02	-2.372077e-03
1.142955e+02	-2.399550e-03
1.149556e+02	-2.427342e-03
1.156196e+02	-2.455455e-03
1.162874e+02	-2.483894e-03
1.169591e+02	-2.512663e-03
1.176347e+02	-2.541764e-03
1.183141e+02	-2.571202e-03
1.189975e+02	-2.600981e-03
1.196848e+02	-2.631105e-03
1.203761e+02	-2.661578e-03
1.210714e+02	-2.692403e-03
1.217707e+02	-2.723586e-03
1.224740e+02	-2.755129e-03
1.231814e+02	-2.787038e-03
1.238929e+02	-2.819316e-03
1.246085e+02	-2.851968e-03
1.253283e+02	-2.884998e-03
1.260522e+02	-2.918410e-03
1.267802e+02	-2.952209e-03
1.275125e+02	-2.986399e-03
1.282490e+02	-3.020985e-03
1.289898e+02	-3.055972e-03
1.297348e+02	-3.091364e-03
1.304842e+02	-3.127165e-03
1.312378e+02	-3.163381e-03
1.319959e+02	-3.200016e-03
1.327583e+02	-3.237075e-03
1.335251e+02	-3.274563e-03
1.342963e+02	-3.312485e-03
1.350720e+02	-3.350847e-03
1.358522e+02	-3.389652e-03
1.366368e+02	-3.428906e-03
1.374260e+02	-3.468615e-03
1.382198e+02	-3.508784e-03
1.390182e+02	-3.549417e-03
1.398211e+02	-3.590521e-03
1.406287e+02	-3.632101e-03
1.414410e+02	-3.674162e-03
1.422579e+02	-3.716710e-03
1.430796e+02	-3.759750e-03
1.439060e+02	-3.803289e-03
1.447372e+02	-3.847331e-03
1.455732e+02	-3.891884e-03
1.464141e+02	-3.936952e-03
1.472597e+02	-3.982541e-03
1.481103e+02	-4.028659e-03
1.489658e+02	-4.075310e-03
1.498262e+02	-4.122501e-03
1.506916e+02	-4.170238e-03
1.515620e+02	-4.218528e-03
1.524374e+02	-4.267377e-03
1.533179e+02	-4.316791e-03
1.542034e+02	-4.366777e-03
1.550941e+02	-4.417341e-03
1.559899e+02	-4.468491e-03
1.568909e+02	-4.520232e-03
1.577971e+02	-4.572573e-03
1.587085e+02	-4.625519e-03
1.596252e+02	-4.679078e-03
1.605472e+02	-4.733257e-03
1.614745e+02	-4.788062e-03
1.624072e+02	-4.843502e-03
1.633453e+02	-4.899584e-03
1.642887e+02	-4.956314e-03
1.652377e+02	-5.013701e-03
1.661921e+02	-5.071752e-03
1.671520e+02	-5.130475e-03
1.681175e+02	-5.189877e-03
1.690885e+02	-5.249967e-03
1.700651e+02	-5.310752e-03
1.710474e+02	-5.372240e-03
1.720354e+02	-5.434440e-03
1.730291e+02	-5.497359e-03
1.740285e+02	-5.561007e-03
1.750337e+02	-5.625391e-03
1.760446e+02	-5.690520e-03
1.770615e+02	-5.756402e-03
1.780842e+02	-5.823046e-03
1.791128e+02	-5.890462e-03
1.801473e+02	-5.958658e-03
1.811878e+02	-6.027642e-03
1.822344e+02	-6.097425e-03
1.832870e+02	-6.168015e-03
1.843456e+02	-6.239421e-03
1.854104e+02	-6.311654e-03
1.864813e+02	-6.384722e-03
1.875584e+02	-6.458636e-03
1.886418e+02	-6.533404e-03
1.897313e+02	-6.609038e-03
1.908272e+02	-6.685546e-03
1.919294e+02	-6.762939e-03
1.930380e+02	-6.841228e-03
1.941530e+02	-6.920422e-03
1.952744e+02	-7.000532e-03
1.964023e+02	-7.081569e-03
1.975367e+02	-7.163543e-03
1.986777e+02	-7.246465e-03
1.998252e+02	-7.330346e-03
2.009794e+02	-7.415197e-03
2.021403e+02	-7.501029e-03
2.033078e+02	-7.587855e-03
2.044821e+02	-7.675684e-03
2.056632e+02	-7.764529e-03
2.068511e+02	-7.854401e-03
2.080459e+02	-7.945313e-03
2.092475e+02	-8.037276e-03
2.104561e+02	-8.130303e-03
2.116717e+02	-8.224405e-03
2.128943e+02	-8.319595e-03
2.141240e+02	-8.415886e-03
2.153608e+02	-8.513291e-03
2.166047e+02	-8.611821e-03
2.178558e+02	-8.711491e-03
2.191141e+02	-8.812313e-03
2.203797e+02	-8.914301e-03
2.216526e+02	-9.017468e-03
2.229329e+02	-9.121827e-03
2.242205e+02	-9.227393e-03
2.255156e+02	-9.334180e-03
2.268182e+02	-9.442201e-03
2.281283e+02	-9.551471e-03
2.294459e+02	-9.662003e-03
2.307712e+02	-9.773814e-03
2.321041e+02	-9.886916e-03
2.334447e+02	-1.000133e-02
2.347931e+02	-1.011706e-02
2.361493e+02	-1.023413e-02
2.375133e+02	-1.035255e-02
2.388851e+02	-1.047234e-02
2.402649e+02	-1.059352e-02
2.416527e+02	-1.071610e-02
2.430484e+02	-1.084009e-02
2.444523e+02	-1.096552e-02
2.458642e+02	-1.109239e-02
2.472843e+02	-1.122073e-02
2.487126e+02	-1.135056e-02
2.501492e+02	-1.148188e-02
2.515940e+02	-1.161473e-02
2.530472e+02	-1.174910e-02
2.545088e+02	-1.188503e-02
2.559789e+02	-1.202253e-02
2.574574e+02	-1.216162e-02
2.589444e+02	-1.230232e-02
2.604401e+02	-1.244464e-02
2.619444e+02	-1.258860e-02
2.634574e+02	-1.273423e-02
2.649791e+02	-1.288154e-02
2.665096e+02	-1.303055e-02
2.680489e+02	-1.318128e-02
2.695972e+02	-1.333375e-02
2.711544e+02	-1.348799e-02
2.727205e+02	-1.364400e-02
2.742958e+02	-1.380182e-02
2.758801e+02	-1.396146e-02
2.774736e+02	-1.412294e-02
2.790762e+02	-1.428629e-02
2.806882e+02	-1.445153e-02
2.823094e+02	-1.461867e-02
2.839400e+02	-1.478774e-02
2.855800e+02	-1.495876e-02
2.872295e+02	-1.513176e-02
2.888886e+02	-1.530676e-02
2.905572e+02	-1.548377e-02
2.922354e+02	-1.566283e-02
2.939234e+02	-1.584396e-02
2.956211e+02	-1.602717e-02
2.973286e+02	-1.621251e-02
2.990459e+02	-1.639998e-02
3.007732e+02	-1.658961e-02
3.025104e+02	-1.678143e-02
3.042577e+02	-1.697547e-02
3.060151e+02	-1.717174e-02
3.077826e+02	-1.737028e-02
3.095604e+02	-1.757111e-02
3.113484e+02	-1.777426e-02
3.131467e+02	-1.797975e-02
3.149554e+02	-1.818761e-02
3.167746e+02	-1.839787e-02
3.186043e+02	-1.861056e-02
3.204445e+02	-1.882570e-02
3.222954e+02	-1.904332e-02
3.241570e+02	-1.926345e-02
3.260293e+02	-1.948612e-02
3.279124e+02	-1.971136e-02
3.298064e+02	-1.993919e-02
3.317114e+02	-2.016966e-02
3.336273e+02	-2.040278e-02
3.355544e+02	-2.063858e-02
3.374925e+02	-2.087711e-02
3.394418e+02	-2.111839e-02
3.414024e+02	-2.136245e-02
3.433744e+02	-2.160932e-02
3.453577e+02	-2.185903e-02
3.473525e+02	-2.211163e-02
3.493588e+02	-2.236714e-02
3.513766e+02	-2.262559e-02
3.534062e+02	-2.288702e-02
3.554474e+02	-2.315146e-02
3.575005e+02	-2.341895e-02
3.595654e+02	-2.368952e-02
3.616422e+02	-2.396321e-02
3.637311e+02	-2.424006e-02
3.658320e+02	-2.452009e-02
3.679450e+02	-2.480335e-02
3.700702e+02	-2.508987e-02
3.722077e+02	-2.537969e-02
3.743576e+02	-2.567284e-02
3.765199e+02	-2.596938e-02
3.786946e+02	-2.626933e-02
3.808820e+02	-2.657273e-02
3.830819e+02	-2.687963e-02
3.852946e+02	-2.719006e-02
3.875200e+02	-2.750406e-02
3.897583e+02	-2.782168e-02
3.920096e+02	-2.814295e-02
3.942738e+02	-2.846792e-02
3.965511e+02	-2.879663e-02
3.988416e+02	-2.912913e-02
4.011452e+02	-2.946545e-02
4.034622e+02	-2.980564e-02
4.057926e+02	-3.014974e-02
4.081365e+02	-3.049781e-02
4.104938e+02	-3.084987e-02
4.128648e+02	-3.120599e-02
4.152495e+02	-3.156620e-02
4.176480e+02	-3.193055e-02
4.200603e+02	-3.229910e-02
4.224866e+02	-3.267188e-02
4.249268e+02	-3.304895e-02
4.273812e+02	-3.343035e-02
4.298497e+02	-3.381614e-02
4.323325e+02	-3.420636e-02
4.348297e+02	-3.460107e-02
4.373412e+02	-3.500031e-02
4.398673e+02	-3.540414e-02
4.424079e+02	-3.581261e-02
4.449633e+02	-3.622577e-02
4.475334e+02	-3.664368e-02
4.501183e+02	-3.706639e-02
4.527182e+02	-3.749396e-02
4.553330e+02	-3.792643e-02
4.579630e+02	-3.836388e-02
4.606082e+02	-3.880634e-02
4.632687e+02	-3.925388e-02
4.659445e+02	-3.970657e-02
4.686358e+02	-4.016445e-02
4.713426e+02	-4.062758e-02
4.740650e+02	-4.109603e-02
4.768032e+02	-4.156985e-02
4.795572e+02	-4.204911e-02
4.823271e+02	-4.253387e-02
4.851130e+02	-4.302419e-02
4.879150e+02	-4.352014e-02
4.907332e+02	-4.402177e-02
4.935676e+02	-4.452915e-02
4.964185e+02	-4.504235e-02
4.992858e+02	-4.556144e-02
5.021696e+02	-4.608647e-02
5.050701e+02	-4.661752e-02
5.079874e+02	-4.715466e-02
5.109215e+02	-4.769796e-02
5.138726e+02	-4.824747e-02
5.168407e+02	-4.880329e-02
5.198259e+02	-4.936547e-02
5.228284e+02	-4.993408e-02
5.258482e+02	-5.050921e-02
5.288855e+02	-5.109093e-02
5.319403e+02	-5.167930e-02
5.350128e+02	-5.227441e-02
5.381030e+02	-5.287633e-02
5.412111e+02	-5.348514e-02
5.443371e+02	-5.410091e-02
5.474812e+02	-5.472373e-02
5.506434e+02	-5.535368e-02
5.538239e+02	-5.599082e-02
5.570228e+02	-5.663526e-02
5.602401e+02	-5.728706e-02
5.634760e+02	-5.794631e-02
5.667306e+02	-5.861310e-02
5.700040e+02	-5.928751e-02
5.732964e+02	-5.996962e-02
5.766077e+02	-6.065953e-02
5.799382e+02	-6.135731e-02
5.832879e+02	-6.206307e-02
5.866569e+02	-6.277689e-02
5.900454e+02	-6.349885e-02
5.934535e+02	-6.422906e-02
5.968813e+02	-6.496760e-02
6.003288e+02	-6.571457e-02
6.037963e+02	-6.647006e-02
6.072838e+02	-6.723417e-02
6.107914e+02	-6.800699e-02
6.143194e+02	-6.878863e-02
6.178676e+02	-6.957918e-02
6.214364e+02	-7.037874e-02
6.250258e+02	-7.118741e-02
6.286359e+02	-7.200530e-02
6.322669e+02	-7.283250e-02
6.359189e+02	-7.366913e-02
6.395919e+02	-7.451528e-02
6.432862e+02	-7.537107e-02
6.470017e+02	-7.623660e-02
6.507388e+02	-7.711198e-02
6.544974e+02	-7.799732e-02
6.582778e+02	-7.889274e-02
6.620800e+02	-7.979834e-02
6.659041e+02	-8.071423e-02
6.697504e+02	-8.164055e-02
6.736188e+02	-8.257739e-02
6.775096e+02	-8.352487e-02
6.814229e+02	-8.448313e-02
6.853587e+02	-8.545226e-02
6.893173e+02	-8.643241e-02
6.932988e+02	-8.742368e-02
6.973033e+02	-8.842621e-02
7.013309e+02	-8.944011e-02
7.053817e+02	-9.046552e-02
7.094560e+02	-9.150256e-02
7.135538e+02	-9.255136e-02
7.176752e+02	-9.361205e-02
7.218205e+02	-9.468476e-02
7.259897e+02	-9.576964e-02
7.301830e+02	-9.686680e-02
7.344005e+02	-9.797639e-02
7.386424e+02	-9.909854e-02
7.429087e+02	-1.002334e-01
7.471998e+02	-1.013811e-01
7.515155e+02	-1.025418e-01
7.558563e+02	-1.037156e-01
7.602221e+02	-1.049027e-01
7.646131e+02	-1.061032e-01
7.690295e+02	-1.073173e-01
7.734713e+02	-1.085451e-01
7.779389e+02	-1.097868e-01
7.824322e+02	-1.110425e-01
7.869515e+02	-1.123123e-01
7.914969e+02	-1.135965e-01
7.960686e+02	-1.148952e-01
8.006666e+02	-1.162086e-01
8.052912e+02	-1.175367e-01
8.099426e+02	-1.188798e-01
8.146208e+02	-1.202381e-01
8.193260e+02	-1.216116e-01
8.240584e+02	-1.230007e-01
8.288181e+02	-1.244053e-01
8.336053e+02	-1.258258e-01
8.384202e+02	-1.272622e-01
8.432629e+02	-1.287148e-01
8.481335e+02	-1.301838e-01
8.530323e+02	-1.316692e-01
8.579594e+02	-1.331714e-01
8.629149e+02	-1.346904e-01
8.678991e+02	-1.362264e-01
8.729120e+02	-1.377797e-01
8.779539e+02	-1.393505e-01
8.830250e+02	-1.409388e-01
8.881253e+02	-1.425450e-01
8.932551e+02	-1.441691e-01
8.984145e+02	-1.458115e-01
9.036037e+02	-1.474722e-01
9.088229e+02	-1.491515e-01
9.140722e+02	-1.508496e-01
9.193518e+02	-1.525668e-01
9.246620e+02	-1.543031e-01
9.300028e+02	-1.560588e-01
9.353744e+02	-1.578341e-01
9.407771e+02	-1.596293e-01
9.462110e+02	-1.614445e-01
9.516763e+02	-1.632799e-01
9.571731e+02	-1.651358e-01
9.627017e+02	-1.670124e-01
9.682622e+02	-1.689100e-01
9.738549e+02	-1.708286e-01
9.794798e+02	-1.727686e-01
9.851373e+02	-1.747302e-01
9.908274e+02	-1.767137e-01
9.965504e+02	-1.787191e-01
1.002306e+03	-1.807469e-01
1.008096e+03	-1.827972e-01
1.013918e+03	-1.848702e-01
1.019775e+03	-1.869663e-01
1.025665e+03	-1.890856e-01
1.031589e+03	-1.912284e-01
1.037548e+03	-1.933949e-01
1.043540e+03	-1.955854e-01
1.049568e+03	-1.978002e-01
1.055630e+03	-2.000395e-01
1.061727e+03	-2.023035e-01
1.067860e+03	-2.045926e-01
1.074028e+03	-2.069070e-01
1.080231e+03	-2.092469e-01
1.086471e+03	-2.116126e-01
1.092746e+03	-2.140044e-01
1.099058e+03	-2.164226e-01
1.105406e+03	-2.188674e-01
1.111791e+03	-2.213391e-01
1.118212e+03	-2.238380e-01
1.124671e+03	-2.263644e-01
1.131167e+03	-2.289186e-01
1.137701e+03	-2.315008e-01
1.144272e+03	-2.341114e-01
1.150881e+03	-2.367506e-01
1.157529e+03	-2.394187e-01
1.164215e+03	-2.421161e-01
1.170939e+03	-2.448430e-01
1.177702e+03	-2.475997e-01
1.184505e+03	-2.503866e-01
1.191346e+03	-2.532040e-01
1.198227e+03	-2.560521e-01
1.205148e+03	-2.589313e-01
1.212109e+03	-2.618419e-01
1.219110e+03	-2.647843e-01
1.226152e+03	-2.677587e-01
1.233234e+03	-2.707654e-01
1.240357e+03	-2.738049e-01
1.247521e+03	-2.768774e-01
1.254727e+03	-2.799833e-01
1.261974e+03	-2.831228e-01
1.269263e+03	-2.862965e-01
1.276595e+03	-2.895045e-01
1.283968e+03	-2.927473e-01
1.291384e+03	-2.960251e-01
1.298843e+03	-2.993385e-01
1.306345e+03	-3.026876e-01
1.313891e+03	-3.060728e-01
1.321480e+03	-3.094946e-01
1.329113e+03	-3.129533e-01
1.336790e+03	-3.164492e-01
1.344511e+03	-3.199827e-01
1.352277e+03	-3.235543e-01
1.360087e+03	-3.271642e-01
1.367943e+03	-3.308128e-01
1.375844e+03	-3.345006e-01
1.383791e+03	-3.382280e-01
1.391784e+03	-3.419952e-01
1.399823e+03	-3.458027e-01
1.407908e+03	-3.496509e-01
1.416040e+03	-3.535403e-01
1.424219e+03	-3.574711e-01
1.432445e+03	-3.614438e-01
1.440719e+03	-3.654588e-01
1.449041e+03	-3.695166e-01
1.457410e+03	-3.736174e-01
1.465828e+03	-3.777619e-01
1.474295e+03	-3.819502e-01
1.482810e+03	-3.861830e-01
1.491375e+03	-3.904606e-01
1.499989e+03	-3.947835e-01
1.508653e+03	-3.991520e-01
1.517367e+03	-4.035666e-01
1.526131e+03	-4.080278e-01
1.534946e+03	-4.125360e-01
1.543812e+03	-4.170917e-01
1.552729e+03	-4.216952e-01
1.561697e+03	-4.263471e-01
1.570717e+03	-4.310477e-01
1.579790e+03	-4.357976e-01
1.588915e+03	-4.405973e-01
1.598092e+03	-4.454471e-01
1.607323e+03	-4.503476e-01
1.616606e+03	-4.552991e-01
1.625944e+03	-4.603023e-01
1.635335e+03	-4.653575e-01
1.644781e+03	-4.704653e-01
1.654281e+03	-4.756261e-01
1.663836e+03	-4.808405e-01
1.673446e+03	-4.861088e-01
1.683112e+03	-4.914316e-01
1.692834e+03	-4.968094e-01
1.702611e+03	-5.022428e-01
1.712446e+03	-5.077321e-01
1.722337e+03	-5.132779e-01
1.732285e+03	-5.188807e-01
1.742290e+03	-5.245410e-01
1.752354e+03	-5.302594e-01
1.762475e+03	-5.360363e-01
1.772655e+03	-5.418723e-01
1.782894e+03	-5.477679e-01
1.793192e+03	-5.537235e-01
1.803549e+03	-5.597399e-01
1.813967e+03	-5.658174e-01
1.824444e+03	-5.719566e-01
1.834982e+03	-5.781581e-01
1.845581e+03	-5.844223e-01
1.856241e+03	-5.907499e-01
1.866962e+03	-5.971414e-01
1.877746e+03	-6.035973e-01
1.888592e+03	-6.101181e-01
1.899500e+03	-6.167045e-01
1.910472e+03	-6.233570e-01
1.921506e+03	-6.300762e-01
1.932605e+03	-6.368625e-01
1.943768e+03	-6.437167e-01
1.954995e+03	-6.506391e-01
1.966287e+03	-6.576305e-01
1.977644e+03	-6.646914e-01
1.989067e+03	-6.718223e-01
2.000555e+03	-6.790239e-01
2.012110e+03	-6.862967e-01
2.023732e+03	-6.936413e-01
2.035421e+03	-7.010583e-01
2.047178e+03	-7.085482e-01
2.059002e+03	-7.161118e-01
2.070895e+03	-7.237494e-01
2.082856e+03	-7.314619e-01
2.094887e+03	-7.392496e-01
2.106987e+03	-7.471133e-01
2.119157e+03	-7.550536e-01
2.131397e+03	-7.630710e-01
2.143708e+03	-7.711661e-01
2.156090e+03	-7.793396e-01
2.168543e+03	-7.875921e-01
2.181069e+03	-7.959241e-01
2.193666e+03	-8.043363e-01
2.206337e+03	-8.128293e-01
2.219081e+03	-8.214037e-01
2.231898e+03	-8.300602e-01
2.244789e+03	-8.387993e-01
2.257755e+03	-8.476216e-01
2.270796e+03	-8.565278e-01
2.283912e+03	-8.655186e-01
2.297104e+03	-8.745944e-01
2.310372e+03	-8.837560e-01
2.323716e+03	-8.930040e-01
2.337138e+03	-9.023390e-01
2.350637e+03	-9.117616e-01
2.364214e+03	-9.212725e-01
2.377870e+03	-9.308723e-01
2.391604e+03	-9.405616e-01
2.405418e+03	-9.503410e-01
2.419312e+03	-9.602112e-01
2.433286e+03	-9.701729e-01
2.447340e+03	-9.802265e-01
2.461476e+03	-9.903729e-01
2.475693e+03	-1.000613e+00
2.489993e+03	-1.010946e+00
2.504375e+03	-1.021374e+00
2.518840e+03	-1.031898e+00
2.533389e+03	-1.042517e+00
2.548022e+03	-1.053233e+00
2.562739e+03	-1.064045e+00
2.577541e+03	-1.074956e+00
2.592429e+03	-1.085965e+00
2.607403e+03	-1.097073e+00
2.622463e+03	-1.108281e+00
2.637610e+03	-1.119588e+00
2.652845e+03	-1.130997e+00
2.668168e+03	-1.142507e+00
2.683579e+03	-1.154120e+00
2.699079e+03	-1.165835e+00
2.714669e+03	-1.177654e+00
2.730349e+03	-1.189576e+00
2.746119e+03	-1.201604e+00
2.761981e+03	-1.213736e+00
2.777934e+03	-1.225975e+00
2.793979e+03	-1.238320e+00
2.810117e+03	-1.250772e+00
2.826348e+03	-1.263332e+00
2.842673e+03	-1.276001e+00
2.859092e+03	-1.288778e+00
2.875606e+03	-1.301665e+00
2.892215e+03	-1.314662e+00
2.908921e+03	-1.327770e+00
2.925722e+03	-1.340989e+00
2.942621e+03	-1.354320e+00
2.959618e+03	-1.367764e+00
2.976712e+03	-1.381322e+00
2.993906e+03	-1.394992e+00
3.011198e+03	-1.408778e+00
3.028591e+03	-1.422678e+00
3.046084e+03	-1.436694e+00
3.063678e+03	-1.450826e+00
3.081374e+03	-1.465075e+00
3.099172e+03	-1.479441e+00
3.117072e+03	-1.493924e+00
3.135076e+03	-1.508527e+00
3.153184e+03	-1.523248e+00
3.171397e+03	-1.538088e+00
3.189715e+03	-1.553049e+00
3.208139e+03	-1.568131e+00
3.226669e+03	-1.583333e+00
3.245306e+03	-1.598658e+00
3.264051e+03	-1.614104e+00
3.282904e+03	-1.629674e+00
3.301866e+03	-1.645366e+00
3.320937e+03	-1.661183e+00
3.340119e+03	-1.677124e+00
3.359411e+03	-1.693189e+00
3.378815e+03	-1.709380e+00
3.398331e+03	-1.725697e+00
3.417959e+03	-1.742141e+00
3.437701e+03	-1.758711e+00
3.457557e+03	-1.775408e+00
3.477528e+03	-1.792234e+00
3.497614e+03	-1.809187e+00
3.517816e+03	-1.826269e+00
3.538135e+03	-1.843481e+00
3.558571e+03	-1.860822e+00
3.579125e+03	-1.878293e+00
3.599798e+03	-1.895895e+00
3.620590e+03	-1.913628e+00
3.641503e+03	-1.931492e+00
3.662536e+03	-1.949488e+00
3.683691e+03	-1.967616e+00
3.704967e+03	-1.985877e+00
3.726367e+03	-2.004271e+00
3.747890e+03	-2.022799e+00
3.769538e+03	-2.041460e+00
3.791311e+03	-2.060255e+00
3.813209e+03	-2.079185e+00
3.835234e+03	-2.098250e+00
3.857386e+03	-2.117450e+00
3.879667e+03	-2.136786e+00
3.902075e+03	-2.156258e+00
3.924614e+03	-2.175866e+00
3.947282e+03	-2.195611e+00
3.970081e+03	-2.215493e+00
3.993012e+03	-2.235511e+00
4.016076e+03	-2.255668e+00
4.039272e+03	-2.275962e+00
4.062603e+03	-2.296395e+00
4.086069e+03	-2.316966e+00
4.109670e+03	-2.337675e+00
4.133407e+03	-2.358524e+00
4.157281e+03	-2.379512e+00
4.181294e+03	-2.400639e+00
4.205445e+03	-2.421905e+00
4.229735e+03	-2.443312e+00
4.254166e+03	-2.464859e+00
4.278738e+03	-2.486546e+00
4.303451e+03	-2.508373e+00
4.328308e+03	-2.530341e+00
4.353308e+03	-2.552450e+00
4.378453e+03	-2.574700e+00
4.403742e+03	-2.597091e+00
4.429178e+03	-2.619623e+00
4.454761e+03	-2.642297e+00
4.480492e+03	-2.665113e+00
4.506371e+03	-2.688070e+00
4.532399e+03	-2.711169e+00
4.558578e+03	-2.734410e+00
4.584908e+03	-2.757793e+00
4.611391e+03	-2.781318e+00
4.638026e+03	-2.804985e+00
4.664815e+03	-2.828794e+00
4.691759e+03	-2.852746e+00
4.718858e+03	-2.876840e+00
4.746114e+03	-2.901076e+00
4.773527e+03	-2.925455e+00
4.801099e+03	-2.949976e+00
4.828830e+03	-2.974639e+00
4.856721e+03	-2.999445e+00
4.884773e+03	-3.024393e+00
4.912988e+03	-3.049484e+00
4.941365e+03	-3.074716e+00
4.969906e+03	-3.100092e+00
4.998612e+03	-3.125609e+00
5.027484e+03	-3.151268e+00
5.056522e+03	-3.177070e+00
5.085729e+03	-3.203014e+00
5.115104e+03	-3.229099e+00
5.144648e+03	-3.255326e+00
5.174363e+03	-3.281695e+00
5.204250e+03	-3.308206e+00
5.234310e+03	-3.334858e+00
5.264543e+03	-3.361651e+00
5.294951e+03	-3.388585e+00
5.325534e+03	-3.415661e+00
5.356294e+03	-3.442877e+00
5.387232e+03	-3.470234e+00
5.418348e+03	-3.497731e+00
5.449645e+03	-3.525368e+00
5.481122e+03	-3.553146e+00
5.512780e+03	-3.581063e+00
5.544622e+03	-3.609120e+00
5.576647e+03	-3.637316e+00
5.608858e+03	-3.665652e+00
5.641254e+03	-3.694126e+00
5.673838e+03	-3.722739e+00
5.706610e+03	-3.751490e+00
5.739571e+03	-3.780379e+00
5.772723e+03	-3.809406e+00
5.806066e+03	-3.838570e+00
5.839601e+03	-3.867871e+00
5.873331e+03	-3.897310e+00
5.907255e+03	-3.926884e+00
5.941375e+03	-3.956595e+00
5.975692e+03	-3.986442e+00
6.010207e+03	-4.016424e+00
6.044922e+03	-4.046541e+00
6.079837e+03	-4.076793e+00
6.114954e+03	-4.107180e+00
6.150274e+03	-4.137700e+00
6.185797e+03	-4.168354e+00
6.221526e+03	-4.199141e+00
6.257462e+03	-4.230061e+00
6.293605e+03	-4.261113e+00
6.329956e+03	-4.292298e+00
6.366518e+03	-4.323613e+00
6.403290e+03	-4.355060e+00
6.440276e+03	-4.386638e+00
6.477474e+03	-4.418345e+00
6.514888e+03	-4.450183e+00
6.552518e+03	-4.482149e+00
6.590365e+03	-4.514244e+00
6.628430e+03	-4.546468e+00
6.666716e+03	-4.578820e+00
6.705223e+03	-4.611298e+00
6.743952e+03	-4.643904e+00
6.782905e+03	-4.676636e+00
6.822082e+03	-4.709493e+00
6.861486e+03	-4.742476e+00
6.901118e+03	-4.775584e+00
6.940979e+03	-4.808816e+00
6.981069e+03	-4.842171e+00
7.021392e+03	-4.875650e+00
7.061947e+03	-4.909251e+00
7.102737e+03	-4.942975e+00
7.143762e+03	-4.976819e+00
7.185024e+03	-5.010785e+00
7.226524e+03	-5.044871e+00
7.268264e+03	-5.079076e+00
7.310246e+03	-5.113401e+00
7.352469e+03	-5.147845e+00
7.394937e+03	-5.182406e+00
7.437650e+03	-5.217085e+00
7.480609e+03	-5.251880e+00
7.523817e+03	-5.286792e+00
7.567274e+03	-5.321819e+00
7.610982e+03	-5.356961e+00
7.654943e+03	-5.392217e+00
7.699158e+03	-5.427587e+00
7.743628e+03	-5.463071e+00
7.788355e+03	-5.498666e+00
7.833340e+03	-5.534374e+00
7.878585e+03	-5.570192e+00
7.924091e+03	-5.606121e+00
7.969861e+03	-5.642160e+00
8.015894e+03	-5.678308e+00
8.062194e+03	-5.714565e+00
8.108761e+03	-5.750929e+00
8.155596e+03	-5.787401e+00
8.202703e+03	-5.823979e+00
8.250081e+03	-5.860664e+00
8.297733e+03	-5.897453e+00
8.345661e+03	-5.934347e+00
8.393865e+03	-5.971345e+00
8.442348e+03	-6.008446e+00
8.491110e+03	-6.045650e+00
8.540155e+03	-6.082955e+00
8.589482e+03	-6.120362e+00
8.639095e+03	-6.157869e+00
8.688994e+03	-6.195475e+00
8.739181e+03	-6.233181e+00
8.789658e+03	-6.270985e+00
8.840427e+03	-6.308887e+00
8.891489e+03	-6.346886e+00
8.942846e+03	-6.384981e+00
8.994499e+03	-6.423172e+00
9.046451e+03	-6.461458e+00
9.098703e+03	-6.499838e+00
9.151257e+03	-6.538311e+00
9.204114e+03	-6.576877e+00
9.257277e+03	-6.615535e+00
9.310746e+03	-6.654285e+00
9.364525e+03	-6.693125e+00
9.418614e+03	-6.732055e+00
9.473015e+03	-6.771074e+00
9.527731e+03	-6.810182e+00
9.582763e+03	-6.849378e+00
9.638113e+03	-6.888660e+00
9.693782e+03	-6.928029e+00
9.749773e+03	-6.967484e+00
9.806087e+03	-7.007024e+00
9.862727e+03	-7.046648e+00
9.919693e+03	-7.086355e+00
9.976989e+03	-7.126145e+00
1.003462e+04	-7.166017e+00
1.009258e+04	-7.205971e+00
1.015087e+04	-7.246005e+00
1.020950e+04	-7.286119e+00
1.026847e+04	-7.326312e+00
1.032778e+04	-7.366584e+00
1.038743e+04	-7.406934e+00
1.044743e+04	-7.447361e+00
1.050777e+04	-7.487864e+00
1.056847e+04	-7.528442e+00
1.062951e+04	-7.569096e+00
1.069091e+04	-7.609823e+00
1.075266e+04	-7.650625e+00
1.081476e+04	-7.691499e+00
1.087723e+04	-7.732445e+00
1.094006e+04	-7.773462e+00
1.100324e+04	-7.814550e+00
1.106680e+04	-7.855708e+00
1.113072e+04	-7.896935e+00
1.119501e+04	-7.938231e+00
1.125967e+04	-7.979594e+00
1.132471e+04	-8.021024e+00
1.139012e+04	-8.062521e+00
1.145591e+04	-8.104084e+00
1.152208e+04	-8.145711e+00
1.158863e+04	-8.187403e+00
1.165556e+04	-8.229158e+00
1.172289e+04	-8.270976e+00
1.179060e+04	-8.312857e+00
1.185870e+04	-8.354799e+00
1.192719e+04	-8.396801e+00
1.199608e+04	-8.438864e+00
1.206537e+04	-8.480986e+00
1.213506e+04	-8.523166e+00
1.220515e+04	-8.565405e+00
1.227565e+04	-8.607700e+00
1.234655e+04	-8.650053e+00
1.241787e+04	-8.692461e+00
1.248959e+04	-8.734925e+00
1.256173e+04	-8.777443e+00
1.263429e+04	-8.820014e+00
1.270726e+04	-8.862639e+00
1.278066e+04	-8.905317e+00
1.285448e+04	-8.948046e+00
1.292873e+04	-8.990826e+00
1.300340e+04	-9.033657e+00
1.307851e+04	-9.076537e+00
1.315405e+04	-9.119467e+00
1.323003e+04	-9.162444e+00
1.330644e+04	-9.205470e+00
1.338330e+04	-9.248542e+00
1.346060e+04	-9.291661e+00
1.353835e+04	-9.334826e+00
1.361655e+04	-9.378035e+00
1.369520e+04	-9.421289e+00
1.377430e+04	-9.464586e+00
1.385386e+04	-9.507927e+00
1.393388e+04	-9.551310e+00
1.401436e+04	-9.594734e+00
1.409531e+04	-9.638200e+00
1.417672e+04	-9.681705e+00
1.425861e+04	-9.725251e+00
1.434096e+04	-9.768835e+00
1.442379e+04	-9.812458e+00
1.450711e+04	-9.856119e+00
1.459090e+04	-9.899816e+00
1.467518e+04	-9.943550e+00
1.475994e+04	-9.987320e+00
1.484519e+04	-1.003112e+01
1.493094e+04	-1.007496e+01
1.501718e+04	-1.011884e+01
1.510392e+04	-1.016274e+01
1.519116e+04	-1.020668e+01
1.527890e+04	-1.025065e+01
1.536715e+04	-1.029465e+01
1.545591e+04	-1.033868e+01
1.554518e+04	-1.038275e+01
1.563497e+04	-1.042684e+01
1.572528e+04	-1.047096e+01
1.581611e+04	-1.051511e+01
1.590746e+04	-1.055928e+01
1.599934e+04	-1.060348e+01
1.609175e+04	-1.064771e+01
1.618470e+04	-1.069196e+01
1.627818e+04	-1.073624e+01
1.637220e+04	-1.078054e+01
1.646677e+04	-1.082487e+01
1.656188e+04	-1.086922e+01
1.665754e+04	-1.091359e+01
1.675375e+04	-1.095798e+01
1.685052e+04	-1.100239e+01
1.694785e+04	-1.104682e+01
1.704574e+04	-1.109128e+01
1.714419e+04	-1.113575e+01
1.724322e+04	-1.118024e+01
1.734281e+04	-1.122474e+01
1.744299e+04	-1.126927e+01
1.754374e+04	-1.131381e+01
1.764507e+04	-1.135837e+01
1.774698e+04	-1.140294e+01
1.784949e+04	-1.144753e+01
1.795259e+04	-1.149213e+01
1.805628e+04	-1.153674e+01
1.816057e+04	-1.158137e+01
1.826547e+04	-1.162600e+01
1.837097e+04	-1.167065e+01
1.847708e+04	-1.171531e+01
1.858380e+04	-1.175999e+01
1.869114e+04	-1.180467e+01
1.879910e+04	-1.184935e+01
1.890768e+04	-1.189405e+01
1.901689e+04	-1.193875e+01
1.912673e+04	-1.198347e+01
1.923721e+04	-1.202818e+01
1.934832e+04	-1.207291e+01
1.946008e+04	-1.211763e+01
1.957248e+04	-1.216237e+01
1.968553e+04	-1.220710e+01
1.979923e+04	-1.225184e+01
1.991359e+04	-1.229658e+01
2.002861e+04	-1.234132e+01
2.014430e+04	-1.238607e+01
2.026065e+04	-1.243081e+01
2.037767e+04	-1.247556e+01
2.049537e+04	-1.252030e+01
2.061375e+04	-1.256504e+01
2.073282e+04	-1.260978e+01
2.085257e+04	-1.265452e+01
2.097301e+04	-1.269925e+01
2.109415e+04	-1.274398e+01
2.121599e+04	-1.278870e+01
2.133853e+04	-1.283342e+01
2.146178e+04	-1.287813e+01
2.158575e+04	-1.292283e+01
2.171043e+04	-1.296753e+01
2.183582e+04	-1.301222e+01
2.196195e+04	-1.305690e+01
2.208880e+04	-1.310157e+01
2.221638e+04	-1.314623e+01
2.234470e+04	-1.319088e+01
2.247377e+04	-1.323552e+01
2.260357e+04	-1.328014e+01
2.273413e+04	-1.332475e+01
2.286544e+04	-1.336935e+01
2.299751e+04	-1.341394e+01
2.313034e+04	-1.345850e+01
2.326394e+04	-1.350306e+01
2.339832e+04	-1.354759e+01
2.353346e+04	-1.359211e+01
2.366939e+04	-1.363661e+01
2.380610e+04	-1.368109e+01
2.394361e+04	-1.372556e+01
2.408191e+04	-1.377000e+01
2.422100e+04	-1.381442e+01
2.436090e+04	-1.385882e+01
2.450161e+04	-1.390319e+01
2.464313e+04	-1.394755e+01
2.478547e+04	-1.399188e+01
2.492863e+04	-1.403618e+01
2.507261e+04	-1.408046e+01
2.521743e+04	-1.412472e+01
2.536309e+04	-1.416894e+01
2.550958e+04	-1.421314e+01
2.565692e+04	-1.425731e+01
2.580512e+04	-1.430145e+01
2.595417e+04	-1.434556e+01
2.610408e+04	-1.438964e+01
2.625485e+04	-1.443369e+01
2.640650e+04	-1.447771e+01
2.655902e+04	-1.452169e+01
2.671243e+04	-1.456564e+01
2.686672e+04	-1.460955e+01
2.702190e+04	-1.465343e+01
2.717798e+04	-1.469727e+01
2.733495e+04	-1.474108e+01
2.749284e+04	-1.478484e+01
2.765164e+04	-1.482857e+01
2.781135e+04	-1.487225e+01
2.797199e+04	-1.491590e+01
2.813355e+04	-1.495950e+01
2.829605e+04	-1.500306e+01
2.845949e+04	-1.504658e+01
2.862387e+04	-1.509005e+01
2.878920e+04	-1.513348e+01
2.895549e+04	-1.517686e+01
2.912273e+04	-1.522020e+01
2.929094e+04	-1.526349e+01
2.946013e+04	-1.530672e+01
2.963029e+04	-1.534991e+01
2.980143e+04	-1.539305e+01
2.997356e+04	-1.543613e+01
3.014669e+04	-1.547917e+01
3.032081e+04	-1.552214e+01
3.049595e+04	-1.556507e+01
3.067209e+04	-1.560794e+01
3.084925e+04	-1.565075e+01
3.102743e+04	-1.569350e+01
3.120665e+04	-1.573620e+01
3.138690e+04	-1.577883e+01
3.156819e+04	-1.582141e+01
3.175052e+04	-1.586392e+01
3.193391e+04	-1.590637e+01
3.211836e+04	-1.594876e+01
3.230388e+04	-1.599108e+01
3.249046e+04	-1.603333e+01
3.267812e+04	-1.607552e+01
3.286687e+04	-1.611764e+01
3.305671e+04	-1.615969e+01
3.324764e+04	-1.620167e+01
3.343968e+04	-1.624358e+01
3.363283e+04	-1.628541e+01
3.382709e+04	-1.632717e+01
3.402247e+04	-1.636886e+01
3.421899e+04	-1.641046e+01
3.441663e+04	-1.645200e+01
3.461542e+04	-1.649345e+01
3.481536e+04	-1.653482e+01
3.501645e+04	-1.657611e+01
3.521871e+04	-1.661732e+01
3.542213e+04	-1.665844e+01
3.562672e+04	-1.669948e+01
3.583250e+04	-1.674043e+01
3.603947e+04	-1.678130e+01
3.624763e+04	-1.682208e+01
3.645700e+04	-1.686276e+01
3.666757e+04	-1.690335e+01
3.687936e+04	-1.694385e+01
3.709238e+04	-1.698426e+01
3.730662e+04	-1.702457e+01
3.752210e+04	-1.706478e+01
3.773883e+04	-1.710490e+01
3.795680e+04	-1.714491e+01
3.817604e+04	-1.718482e+01
3.839654e+04	-1.722463e+01
3.861832e+04	-1.726433e+01
3.884138e+04	-1.730393e+01
3.906573e+04	-1.734342e+01
3.929137e+04	-1.738280e+01
3.951831e+04	-1.742206e+01
3.974657e+04	-1.746122e+01
3.997614e+04	-1.750026e+01
4.020704e+04	-1.753919e+01
4.043928e+04	-1.757800e+01
4.067285e+04	-1.761669e+01
4.090778e+04	-1.765525e+01
4.114406e+04	-1.769370e+01
4.138171e+04	-1.773202e+01
4.162073e+04	-1.777021e+01
4.186113e+04	-1.780828e+01
4.210291e+04	-1.784622e+01
4.234610e+04	-1.788402e+01
4.259069e+04	-1.792170e+01
4.283669e+04	-1.795923e+01
4.308411e+04	-1.799663e+01
4.333297e+04	-1.803389e+01
4.358325e+04	-1.807101e+01
4.383499e+04	-1.810799e+01
4.408818e+04	-1.814482e+01
4.434283e+04	-1.818150e+01
4.459895e+04	-1.821803e+01
4.485655e+04	-1.825442e+01
4.511564e+04	-1.829065e+01
4.537623e+04	-1.832672e+01
4.563832e+04	-1.836264e+01
4.590193e+04	-1.839839e+01
4.616705e+04	-1.843399e+01
4.643371e+04	-1.846941e+01
4.670191e+04	-1.850468e+01
4.697166e+04	-1.853977e+01
4.724297e+04	-1.857469e+01
4.751584e+04	-1.860944e+01
4.779029e+04	-1.864401e+01
4.806633e+04	-1.867840e+01
4.834395e+04	-1.871261e+01
4.862319e+04	-1.874664e+01
4.890403e+04	-1.878048e+01
4.918650e+04	-1.881413e+01
4.947060e+04	-1.884759e+01
4.975634e+04	-1.888086e+01
5.004373e+04	-1.891393e+01
5.033278e+04	-1.894680e+01
5.062350e+04	-1.897946e+01
5.091590e+04	-1.901192e+01
5.120999e+04	-1.904418e+01
5.150578e+04	-1.907622e+01
5.180327e+04	-1.910804e+01
5.210248e+04	-1.913965e+01
5.240343e+04	-1.917104e+01
5.270611e+04	-1.920221e+01
5.301053e+04	-1.923315e+01
5.331672e+04	-1.926386e+01
5.362468e+04	-1.929433e+01
5.393441e+04	-1.932457e+01
5.424593e+04	-1.935458e+01
5.455926e+04	-1.938433e+01
5.487439e+04	-1.941384e+01
5.519134e+04	-1.944311e+01
5.551012e+04	-1.947211e+01
5.583075e+04	-1.950086e+01
5.615322e+04	-1.952935e+01
5.647756e+04	-1.955758e+01
5.680377e+04	-1.958554e+01
5.713187e+04	-1.961322e+01
5.746186e+04	-1.964063e+01
5.779376e+04	-1.966776e+01
5.812757e+04	-1.969460e+01
5.846332e+04	-1.972116e+01
5.880100e+04	-1.974742e+01
5.914063e+04	-1.977339e+01
5.948222e+04	-1.979906e+01
5.982579e+04	-1.982442e+01
6.017134e+04	-1.984947e+01
6.051889e+04	-1.987421e+01
6.086844e+04	-1.989863e+01
6.122002e+04	-1.992272e+01
6.157362e+04	-1.994649e+01
6.192927e+04	-1.996992e+01
6.228697e+04	-1.999302e+01
6.264674e+04	-2.001577e+01
6.300858e+04	-2.003818e+01
6.337252e+04	-2.006023e+01
6.373855e+04	-2.008192e+01
6.410670e+04	-2.010325e+01
6.447698e+04	-2.012421e+01
6.484940e+04	-2.014480e+01
6.522397e+04	-2.016501e+01
6.560070e+04	-2.018482e+01
6.597960e+04	-2.020425e+01
6.636070e+04	-2.022328e+01
6.674400e+04	-2.024190e+01
6.712951e+04	-2.026012e+01
6.751724e+04	-2.027792e+01
6.790722e+04	-2.029529e+01
6.829945e+04	-2.031224e+01
6.869395e+04	-2.032875e+01
6.909072e+04	-2.034481e+01
6.948978e+04	-2.036043e+01
6.989115e+04	-2.037559e+01
7.029484e+04	-2.039028e+01
7.070086e+04	-2.040451e+01
7.110923e+04	-2.041825e+01
7.151995e+04	-2.043151e+01
7.193305e+04	-2.044428e+01
7.234853e+04	-2.045654e+01
7.276641e+04	-2.046830e+01
7.318671e+04	-2.047953e+01
7.360943e+04	-2.049024e+01
7.403460e+04	-2.050041e+01
7.446222e+04	-2.051004e+01
7.489231e+04	-2.051912e+01
7.532488e+04	-2.052763e+01
7.575996e+04	-2.053558e+01
7.619754e+04	-2.054294e+01
7.663766e+04	-2.054971e+01
7.708031e+04	-2.055588e+01
7.752553e+04	-2.056144e+01
7.797331e+04	-2.056638e+01
7.842368e+04	-2.057069e+01
7.887665e+04	-2.057436e+01
7.933224e+04	-2.057738e+01
7.979046e+04	-2.057973e+01
8.025133e+04	-2.058140e+01
8.071486e+04	-2.058239e+01
8.118106e+04	-2.058268e+01
8.164996e+04	-2.058225e+01
8.212157e+04	-2.058110e+01
8.259590e+04	-2.057922e+01
8.307297e+04	-2.057658e+01
8.355279e+04	-2.057318e+01
8.403539e+04	-2.056900e+01
8.452078e+04	-2.056403e+01
8.500897e+04	-2.055825e+01
8.549997e+04	-2.055165e+01
8.599382e+04	-2.054421e+01
8.649052e+04	-2.053592e+01
8.699008e+04	-2.052676e+01
8.749253e+04	-2.051672e+01
8.799789e+04	-2.050577e+01
8.850616e+04	-2.049390e+01
8.901737e+04	-2.048110e+01
8.953153e+04	-2.046734e+01
9.004866e+04	-2.045261e+01
9.056877e+04	-2.043688e+01
9.109190e+04	-2.042014e+01
9.161804e+04	-2.040237e+01
9.214722e+04	-2.038354e+01
9.267946e+04	-2.036364e+01
9.321477e+04	-2.034263e+01
9.375318e+04	-2.032051e+01
9.429469e+04	-2.029724e+01
9.483933e+04	-2.027280e+01
9.538712e+04	-2.024717e+01
9.593807e+04	-2.022032e+01
9.649221e+04	-2.019223e+01
9.704954e+04	-2.016286e+01
9.761010e+04	-2.013219e+01
9.817389e+04	-2.010019e+01
9.874094e+04	-2.006683e+01
9.931126e+04	-2.003208e+01
9.988488e+04	-1.999591e+01
1.004618e+05	-1.995828e+01
1.010421e+05	-1.991916e+01
1.016257e+05	-1.987852e+01
1.022127e+05	-1.983632e+01
1.028031e+05	-1.979252e+01
1.033968e+05	-1.974708e+01
1.039941e+05	-1.969996e+01
1.045947e+05	-1.965112e+01
1.051989e+05	-1.960052e+01
1.058065e+05	-1.954811e+01
1.064176e+05	-1.949384e+01
1.070323e+05	-1.943767e+01
1.076505e+05	-1.937954e+01
1.082723e+05	-1.931941e+01
1.088977e+05	-1.925722e+01
1.095266e+05	-1.919290e+01
1.101593e+05	-1.912641e+01
1.107955e+05	-1.905767e+01
1.114355e+05	-1.898664e+01
1.120791e+05	-1.891323e+01
1.127265e+05	-1.883738e+01
1.133776e+05	-1.875901e+01
1.140325e+05	-1.867805e+01
1.146911e+05	-1.859442e+01
1.153536e+05	-1.850803e+01
1.160198e+05	-1.841880e+01
1.166900e+05	-1.832663e+01
1.173640e+05	-1.823143e+01
1.180419e+05	-1.813309e+01
1.187237e+05	-1.803151e+01
1.194094e+05	-1.792657e+01
1.200991e+05	-1.781815e+01
1.207928e+05	-1.770614e+01
1.214905e+05	-1.759039e+01
1.221922e+05	-1.747076e+01
1.228980e+05	-1.734712e+01
1.236078e+05	-1.721930e+01
1.243218e+05	-1.708713e+01
1.250399e+05	-1.695044e+01
1.257621e+05	-1.680904e+01
1.264885e+05	-1.666272e+01
1.272191e+05	-1.651129e+01
1.279539e+05	-1.635450e+01
1.286930e+05	-1.619212e+01
1.294363e+05	-1.602388e+01
1.301839e+05	-1.584951e+01
1.309358e+05	-1.566870e+01
1.316921e+05	-1.548113e+01
1.324528e+05	-1.528646e+01
1.332178e+05	-1.508430e+01
1.339873e+05	-1.487426e+01
1.347612e+05	-1.465589e+01
1.355395e+05	-1.442870e+01
1.363224e+05	-1.419219e+01
1.371098e+05	-1.394578e+01
1.379018e+05	-1.368886e+01
1.386983e+05	-1.342073e+01
1.394994e+05	-1.314066e+01
1.403051e+05	-1.284783e+01
1.411155e+05	-1.254132e+01
1.419306e+05	-1.222013e+01
1.427504e+05	-1.188317e+01
1.435749e+05	-1.152918e+01
1.444042e+05	-1.115682e+01
1.452383e+05	-1.076454e+01
1.460772e+05	-1.035066e+01
1.469209e+05	-9.913292e+00
1.477695e+05	-9.450335e+00
1.486230e+05	-8.959480e+00
1.494814e+05	-8.438201e+00
1.503448e+05	-7.883784e+00
1.512132e+05	-7.293398e+00
1.520866e+05	-6.664264e+00
1.529651e+05	-5.993966e+00
1.538486e+05	-5.281056e+00
1.547372e+05	-4.526144e+00
1.556310e+05	-3.733825e+00
1.565299e+05	-2.915951e+00
1.574340e+05	-2.096725e+00
1.583433e+05	-1.319439e+00
1.592579e+05	-6.520374e-01
1.601778e+05	-1.834890e-01
1.611030e+05	-2.601806e-04
1.620335e+05	-1.460198e-01
1.629694e+05	-5.954916e-01
1.639107e+05	-1.270022e+00
1.648574e+05	-2.077913e+00
1.658097e+05	-2.944192e+00
1.667674e+05	-3.818937e+00
1.677306e+05	-4.673237e+00
1.686994e+05	-5.492322e+00
1.696738e+05	-6.269914e+00
1.706538e+05	-7.004485e+00
1.716395e+05	-7.697006e+00
1.726309e+05	-8.349661e+00
1.736280e+05	-8.965133e+00
1.746309e+05	-9.546222e+00
1.756395e+05	-1.009565e+01
1.766540e+05	-1.061596e+01
1.776744e+05	-1.110949e+01
1.787006e+05	-1.157837e+01
1.797328e+05	-1.202448e+01
1.807709e+05	-1.244955e+01
1.818150e+05	-1.285511e+01
1.828652e+05	-1.324252e+01
1.839214e+05	-1.361302e+01
1.849837e+05	-1.396771e+01
1.860522e+05	-1.430758e+01
1.871268e+05	-1.463351e+01
1.882077e+05	-1.494631e+01
1.892948e+05	-1.524671e+01
1.903881e+05	-1.553535e+01
1.914878e+05	-1.581283e+01
1.925938e+05	-1.607969e+01
1.937062e+05	-1.633641e+01
1.948251e+05	-1.658343e+01
1.959504e+05	-1.682116e+01
1.970822e+05	-1.704997e+01
1.982205e+05	-1.727018e+01
1.993654e+05	-1.748209e+01
2.005169e+05	-1.768600e+01
2.016751e+05	-1.788214e+01
2.028400e+05	-1.807075e+01
2.040116e+05	-1.825203e+01
2.051899e+05	-1.842618e+01
2.063751e+05	-1.859336e+01
2.075671e+05	-1.875373e+01
2.087660e+05	-1.890743e+01
2.099719e+05	-1.905458e+01
2.111846e+05	-1.919530e+01
2.124044e+05	-1.932968e+01
2.136313e+05	-1.945781e+01
2.148652e+05	-1.957977e+01
2.161063e+05	-1.969562e+01
2.173545e+05	-1.980541e+01
2.186099e+05	-1.990919e+01
2.198726e+05	-2.000699e+01
2.211426e+05	-2.009884e+01
2.224199e+05	-2.018475e+01
2.237046e+05	-2.026473e+01
2.249967e+05	-2.033877e+01
2.262962e+05	-2.040687e+01
2.276033e+05	-2.046900e+01
2.289179e+05	-2.052514e+01
2.302402e+05	-2.057524e+01
2.315700e+05	-2.061926e+01
2.329076e+05	-2.065714e+01
2.342528e+05	-2.068882e+01
2.356059e+05	-2.071422e+01
2.369667e+05	-2.073324e+01
2.383354e+05	-2.074581e+01
2.397120e+05	-2.075180e+01
2.410966e+05	-2.075110e+01
2.424892e+05	-2.074357e+01
2.438898e+05	-2.072908e+01
2.452985e+05	-2.070746e+01
2.467153e+05	-2.067854e+01
2.481403e+05	-2.064212e+01
2.495736e+05	-2.059802e+01
2.510151e+05	-2.054599e+01
2.524650e+05	-2.048580e+01
2.539232e+05	-2.041718e+01
2.553898e+05	-2.033985e+01
2.568650e+05	-2.025348e+01
2.583486e+05	-2.015773e+01
2.598408e+05	-2.005223e+01
2.613416e+05	-1.993657e+01
2.628511e+05	-1.981029e+01
2.643694e+05	-1.967292e+01
2.658963e+05	-1.952391e+01
2.674321e+05	-1.936266e+01
2.689768e+05	-1.918852e+01
2.705304e+05	-1.900076e+01
2.720930e+05	-1.879858e+01
2.736646e+05	-1.858108e+01
2.752453e+05	-1.834726e+01
2.768351e+05	-1.809599e+01
2.784341e+05	-1.782601e+01
2.800423e+05	-1.753588e+01
2.816598e+05	-1.722396e+01
2.832867e+05	-1.688841e+01
2.849229e+05	-1.652706e+01
2.865686e+05	-1.613745e+01
2.882238e+05	-1.571666e+01
2.898886e+05	-1.526130e+01
2.915630e+05	-1.476735e+01
2.932470e+05	-1.422999e+01
2.949408e+05	-1.364343e+01
2.966444e+05	-1.300059e+01
2.983578e+05	-1.229279e+01
3.000811e+05	-1.150921e+01
3.018143e+05	-1.063633e+01
3.035576e+05	-9.657099e+00
3.053109e+05	-8.550301e+00
3.070744e+05	-7.290493e+00
3.088481e+05	-5.851215e+00
3.106320e+05	-4.219854e+00
3.124261e+05	-2.451207e+00
3.142307e+05	-8.196154e-01
3.160457e+05	-4.643952e-03
3.178712e+05	-5.980873e-01
3.197072e+05	-2.187259e+00
3.215538e+05	-4.027054e+00
3.234111e+05	-5.762680e+00
3.252791e+05	-7.308588e+00
3.271579e+05	-8.669271e+00
3.290475e+05	-9.869970e+00
3.309481e+05	-1.093666e+01
3.328596e+05	-1.189136e+01
3.347822e+05	-1.275181e+01
3.367159e+05	-1.353206e+01
3.386608e+05	-1.424326e+01
3.406169e+05	-1.489435e+01
3.425842e+05	-1.549251e+01
3.445630e+05	-1.604359e+01
3.465532e+05	-1.655239e+01
3.485549e+05	-1.702287e+01
3.505681e+05	-1.745835e+01
3.525930e+05	-1.786157e+01
3.546295e+05	-1.823486e+01
3.566778e+05	-1.858019e+01
3.587380e+05	-1.889920e+01
3.608101e+05	-1.919329e+01
3.628941e+05	-1.946365e+01
3.649901e+05	-1.971126e+01
3.670983e+05	-1.993694e+01
3.692187e+05	-2.014139e+01
3.713513e+05	-2.032513e+01
3.734962e+05	-2.048860e+01
3.756535e+05	-2.063213e+01
3.778232e+05	-2.075592e+01
3.800055e+05	-2.086010e+01
3.822004e+05	-2.094469e+01
3.844080e+05	-2.100963e+01
3.866283e+05	-2.105475e+01
3.888615e+05	-2.107981e+01
3.911075e+05	-2.108444e+01
3.933665e+05	-2.106820e+01
3.956386e+05	-2.103052e+01
3.979238e+05	-2.097071e+01
4.002222e+05	-2.088794e+01
4.025338e+05	-2.078126e+01
4.048589e+05	-2.064952e+01
4.071973e+05	-2.049139e+01
4.095493e+05	-2.030531e+01
4.119148e+05	-2.008945e+01
4.142940e+05	-1.984167e+01
4.166870e+05	-1.955945e+01
4.190937e+05	-1.923979e+01
4.215144e+05	-1.887913e+01
4.239490e+05	-1.847318e+01
4.263978e+05	-1.801674e+01
4.288606e+05	-1.750340e+01
4.313377e+05	-1.692523e+01
4.338291e+05	-1.627215e+01
4.363349e+05	-1.553124e+01
4.388551e+05	-1.468553e+01
4.413899e+05	-1.371219e+01
4.439394e+05	-1.257974e+01
4.465035e+05	-1.124349e+01
4.490825e+05	-9.638467e+00
4.516764e+05	-7.670569e+00
4.542853e+05	-5.222030e+00
4.569092e+05	-2.307637e+00
4.595483e+05	-8.094644e-02
4.622026e+05	-1.204839e+00
4.648723e+05	-4.198551e+00
4.675574e+05	-6.953581e+00
4.702580e+05	-9.192034e+00
4.729742e+05	-1.101723e+01
4.757060e+05	-1.253594e+01
4.784537e+05	-1.382374e+01
4.812172e+05	-1.493220e+01
4.839967e+05	-1.589706e+01
4.867923e+05	-1.674374e+01
4.896040e+05	-1.749076e+01
4.924319e+05	-1.815190e+01
4.952762e+05	-1.873758e+01
4.981369e+05	-1.925582e+01
5.010141e+05	-1.971279e+01
5.039079e+05	-2.011327e+01
5.068185e+05	-2.046097e+01
5.097458e+05	-2.075869e+01
5.126901e+05	-2.100849e+01
5.156514e+05	-2.121182e+01
5.186298e+05	-2.136957e+01
5.216253e+05	-2.148209e+01
5.246382e+05	-2.154928e+01
5.276685e+05	-2.157051e+01
5.307163e+05	-2.154468e+01
5.337817e+05	-2.147010e+01
5.368648e+05	-2.134450e+01
5.399657e+05	-2.116487e+01
5.430845e+05	-2.092738e+01
5.462214e+05	-2.062710e+01
5.493763e+05	-2.025781e+01
5.525495e+05	-1.981150e+01
5.557410e+05	-1.927786e+01
5.589509e+05	-1.864331e+01
5.621794e+05	-1.788969e+01
5.654265e+05	-1.699197e+01
5.686924e+05	-1.591452e+01
5.719772e+05	-1.460448e+01
5.752809e+05	-1.297911e+01
5.786037e+05	-1.090067e+01
5.819457e+05	-8.126675e+00
5.853070e+05	-4.278367e+00
5.886877e+05	-2.063240e-01
5.920879e+05	-2.427314e+00
5.955078e+05	-6.859969e+00
5.989474e+05	-1.015403e+01
6.024069e+05	-1.259915e+01
6.058864e+05	-1.450045e+01
6.093860e+05	-1.603071e+01
6.129058e+05	-1.729029e+01
6.164459e+05	-1.834106e+01
6.200064e+05	-1.922318e+01
6.235876e+05	-1.996371e+01
6.271894e+05	-2.058132e+01
6.308120e+05	-2.108900e+01
6.344555e+05	-2.149572e+01
6.381201e+05	-2.180736e+01
6.418059e+05	-2.202738e+01
6.455129e+05	-2.215711e+01
6.492414e+05	-2.219593e+01
6.529914e+05	-2.214125e+01
6.567630e+05	-2.198830e+01
6.605565e+05	-2.172977e+01
6.643718e+05	-2.135510e+01
6.682092e+05	-2.084942e+01
6.720688e+05	-2.019167e+01
6.759506e+05	-1.935149e+01
6.798549e+05	-1.828370e+01
6.837817e+05	-1.691753e+01
6.877312e+05	-1.513426e+01
6.917035e+05	-1.271425e+01
6.956987e+05	-9.194990e+00
6.997171e+05	-3.597832e+00
7.037586e+05	-8.823172e-01
7.078235e+05	-7.371000e+00
7.119118e+05	-1.177065e+01
7.160238e+05	-1.472160e+01
7.201595e+05	-1.687495e+01
7.243191e+05	-1.852262e+01
7.285028e+05	-1.981250e+01
7.327106e+05	-2.082742e+01
7.369427e+05	-2.161672e+01
7.411992e+05	-2.221041e+01
7.454804e+05	-2.262616e+01
7.497862e+05	-2.287281e+01
7.541170e+05	-2.295205e+01
7.584727e+05	-2.285882e+01
7.628536e+05	-2.258066e+01
7.672598e+05	-2.209574e+01
7.716915e+05	-2.136874e+01
7.761488e+05	-2.034274e+01
7.806318e+05	-1.892214e+01
7.851407e+05	-1.693275e+01
7.896756e+05	-1.401092e+01
7.942367e+05	-9.210539e+00
7.988242e+05	-5.665858e-01
8.034382e+05	-7.078143e+00
8.080788e+05	-1.315209e+01
8.127463e+05	-1.671961e+01
8.174406e+05	-1.913228e+01
8.221621e+05	-2.086161e+01
8.269109e+05	-2.211457e+01
8.316871e+05	-2.299417e+01
8.364909e+05	-2.355270e+01
8.413225e+05	-2.381228e+01
8.461819e+05	-2.377242e+01
8.510694e+05	-2.341063e+01
8.559852e+05	-2.267602e+01
8.609293e+05	-2.147160e+01
8.659020e+05	-1.960840e+01
8.709034e+05	-1.666769e+01
8.759337e+05	-1.142924e+01
8.809931e+05	-1.224127e-01
8.860816e+05	-1.090636e+01
8.911996e+05	-1.682928e+01
8.963471e+05	-2.017727e+01
9.015244e+05	-2.233032e+01
9.067316e+05	-2.372686e+01
9.119688e+05	-2.454206e+01
9.172363e+05	-2.483957e+01
9.225342e+05	-2.461311e+01
9.278628e+05	-2.378557e+01
9.332221e+05	-2.216460e+01
9.386123e+05	-1.927936e+01
9.440337e+05	-1.359923e+01
9.494864e+05	-4.906285e-01
9.549706e+05	-1.508674e+01
9.604865e+05	-2.056241e+01
9.660342e+05	-2.352658e+01
9.716140e+05	-2.520205e+01
9.772260e+05	-2.593630e+01
9.828704e+05	-2.579268e+01
9.885474e+05	-2.463095e+01
9.942572e+05	-2.195661e+01
1.000000e+06	-1.592414e+01
