Frequency(Hz)	Magnitude(dB)
1.000000e+01	-3.475262e-03
1.005776e+01	2.347817e-02
1.011585e+01	-1.360157e-02
1.017428e+01	-2.942666e-03
1.023305e+01	-8.520293e-03
1.029215e+01	1.312931e-02
1.035160e+01	-4.557529e-03
1.041139e+01	-1.557610e-02
1.047153e+01	-3.716669e-03
1.053201e+01	6.172357e-04
1.059284e+01	4.146927e-03
1.065403e+01	1.281464e-02
1.071556e+01	1.857879e-02
1.077746e+01	-1.195055e-02
1.083971e+01	-5.065284e-03
1.090232e+01	9.374987e-03
1.096529e+01	3.214418e-03
1.102862e+01	-1.667652e-03
1.109232e+01	6.862797e-03
1.115639e+01	-3.685999e-05
1.122083e+01	-2.894356e-03
1.128564e+01	-2.950939e-03
1.135083e+01	4.853897e-03
1.141639e+01	-6.584266e-03
1.148233e+01	7.504338e-03
1.154865e+01	-1.942348e-04
1.161536e+01	-6.087373e-03
1.168245e+01	-8.039794e-03
1.174992e+01	8.469129e-03
1.181779e+01	-1.929325e-03
1.188605e+01	-9.703557e-03
1.195470e+01	-9.850984e-04
1.202375e+01	-1.674639e-02
1.209320e+01	-3.841527e-03
1.216305e+01	1.033461e-02
1.223330e+01	-1.060634e-02
1.230396e+01	-2.164417e-02
1.237503e+01	-7.470760e-03
1.244651e+01	1.330717e-02
1.251840e+01	-2.820357e-03
1.259070e+01	1.202938e-02
1.266343e+01	7.225044e-03
1.273657e+01	2.076672e-03
1.281014e+01	6.174947e-04
1.288413e+01	-3.703572e-03
1.295855e+01	-2.185601e-03
1.303339e+01	6.783122e-03
1.310867e+01	7.964826e-03
1.318439e+01	6.283708e-03
1.326054e+01	-6.019812e-03
1.333713e+01	1.826327e-02
1.341417e+01	1.477906e-02
1.349165e+01	-1.685102e-03
1.356958e+01	1.679480e-03
1.364795e+01	-1.648602e-03
1.372678e+01	-6.555180e-03
1.380607e+01	5.350539e-03
1.388581e+01	-6.029687e-03
1.396602e+01	5.858986e-03
1.404668e+01	-2.420442e-02
1.412782e+01	-9.787822e-03
1.420942e+01	-5.080746e-03
1.429149e+01	3.016309e-03
1.437404e+01	-9.797749e-03
1.445706e+01	1.772096e-02
1.454057e+01	1.367051e-02
1.462455e+01	-2.939237e-03
1.470902e+01	-7.114963e-03
1.479398e+01	-2.605378e-02
1.487943e+01	3.278197e-03
1.496537e+01	1.303317e-03
1.505181e+01	1.538816e-02
1.513875e+01	-7.690472e-03
1.522619e+01	1.869382e-03
1.531414e+01	5.878531e-04
1.540259e+01	9.204194e-03
1.549156e+01	-6.292470e-03
1.558103e+01	-1.504782e-02
1.567103e+01	1.622429e-03
1.576155e+01	-1.448079e-03
1.585258e+01	-8.695668e-03
1.594415e+01	-1.571564e-02
1.603624e+01	1.850221e-02
1.612886e+01	1.542103e-02
1.622202e+01	-1.618874e-02
1.631572e+01	1.402602e-02
1.640996e+01	-1.395518e-02
1.650474e+01	-4.685431e-03
1.660008e+01	5.913180e-03
1.669596e+01	1.955624e-03
1.679239e+01	-8.082906e-03
1.688938e+01	-4.538436e-03
1.698694e+01	-7.722317e-03
1.708505e+01	2.627512e-04
1.718373e+01	9.510702e-03
1.728299e+01	5.000874e-03
1.738281e+01	-3.932280e-03
1.748322e+01	-7.034667e-03
1.758420e+01	-8.427469e-05
1.768576e+01	-7.304355e-03
1.778792e+01	1.560536e-02
1.789066e+01	-1.553966e-03
1.799399e+01	1.169655e-02
1.809793e+01	-9.857012e-03
1.820246e+01	2.041949e-03
1.830760e+01	2.536006e-04
1.841334e+01	1.551358e-03
1.851969e+01	7.450791e-03
1.862666e+01	-9.473792e-04
1.873425e+01	9.864349e-03
1.884246e+01	1.419372e-02
1.895129e+01	-1.565663e-02
1.906075e+01	-6.875871e-03
1.917085e+01	9.999533e-03
1.928158e+01	-6.765884e-04
1.939295e+01	8.400158e-03
1.950496e+01	2.692046e-03
1.961762e+01	-2.771903e-03
1.973093e+01	3.031817e-03
1.984490e+01	-1.466628e-02
1.995952e+01	1.880005e-03
2.007480e+01	-1.785361e-03
2.019076e+01	1.444441e-03
2.030738e+01	1.074180e-02
2.042467e+01	1.096104e-02
2.054264e+01	2.895192e-02
2.066130e+01	6.113102e-03
2.078064e+01	-6.808754e-03
2.090066e+01	2.764079e-02
2.102139e+01	-1.972250e-02
2.114280e+01	4.760014e-03
2.126492e+01	-7.414187e-03
2.138775e+01	-1.015685e-03
2.151128e+01	-1.400169e-02
2.163553e+01	6.927550e-03
2.176050e+01	-6.028238e-03
2.188619e+01	-4.126821e-03
2.201260e+01	-3.072855e-03
2.213974e+01	9.546178e-05
2.226762e+01	-3.374345e-03
2.239624e+01	1.135076e-02
2.252560e+01	-7.971465e-04
2.265571e+01	2.382975e-03
2.278656e+01	-1.862936e-02
2.291818e+01	-2.066639e-04
2.305055e+01	5.917111e-03
2.318369e+01	-2.386312e-03
2.331760e+01	-3.785923e-03
2.345228e+01	2.470694e-03
2.358774e+01	-2.287636e-02
2.372398e+01	-2.201752e-03
2.386101e+01	-7.170223e-03
2.399883e+01	2.702653e-03
2.413745e+01	-1.634717e-03
2.427686e+01	-4.013969e-03
2.441709e+01	-6.815154e-04
2.455812e+01	-2.393139e-02
2.469997e+01	-5.699545e-03
2.484263e+01	1.286835e-02
2.498612e+01	4.387683e-03
2.513044e+01	-1.065537e-02
2.527559e+01	-1.458504e-02
2.542158e+01	-1.943989e-02
2.556842e+01	-2.015714e-02
2.571610e+01	-1.323130e-02
2.586463e+01	-7.416036e-03
2.601403e+01	6.352735e-03
2.616428e+01	2.602356e-03
2.631541e+01	-8.404227e-03
2.646740e+01	-7.451920e-03
2.662028e+01	-9.905343e-03
2.677404e+01	2.252984e-02
2.692868e+01	-7.379840e-03
2.708422e+01	-7.773011e-03
2.724066e+01	2.234063e-02
2.739800e+01	7.814823e-03
2.755625e+01	5.962282e-03
2.771541e+01	-2.031092e-02
2.787550e+01	2.392223e-03
2.803650e+01	-3.202784e-03
2.819844e+01	-7.585341e-03
2.836131e+01	2.035424e-02
2.852513e+01	6.843178e-03
2.868989e+01	1.331844e-02
2.885560e+01	1.297367e-03
2.902227e+01	-3.890845e-03
2.918990e+01	-8.785947e-05
2.935850e+01	1.399858e-02
2.952807e+01	2.087391e-03
2.969863e+01	-1.178379e-02
2.987016e+01	-1.436344e-02
3.004269e+01	-1.679539e-02
3.021622e+01	9.988222e-04
3.039075e+01	1.720227e-03
3.056628e+01	-5.608852e-04
3.074283e+01	8.040495e-04
3.092040e+01	9.572445e-03
3.109900e+01	5.448663e-03
3.127862e+01	3.106994e-03
3.145929e+01	4.873450e-04
3.164099e+01	-1.288149e-02
3.182375e+01	-2.050757e-03
3.200756e+01	-4.103921e-03
3.219244e+01	-5.404394e-03
3.237838e+01	-9.246519e-03
3.256540e+01	7.351437e-03
3.275349e+01	1.433949e-03
3.294268e+01	8.123268e-03
3.313295e+01	4.294393e-03
3.332433e+01	6.196217e-03
3.351681e+01	6.446253e-03
3.371040e+01	-5.051749e-03
3.390511e+01	6.412988e-03
3.410094e+01	-1.318197e-02
3.429791e+01	-6.175868e-03
3.449601e+01	7.418020e-03
3.469526e+01	-1.424220e-02
3.489566e+01	-1.791745e-02
3.509721e+01	-2.066058e-02
3.529993e+01	3.310230e-03
3.550382e+01	1.445798e-02
3.570889e+01	8.097319e-03
3.591515e+01	-5.361586e-03
3.612259e+01	-7.456363e-03
3.633123e+01	4.274167e-03
3.654108e+01	1.301399e-03
3.675214e+01	-2.818706e-04
3.696442e+01	-3.396174e-03
3.717792e+01	8.748362e-03
3.739266e+01	-4.201056e-03
3.760864e+01	6.727312e-04
3.782587e+01	1.587417e-02
3.804435e+01	-8.402325e-03
3.826409e+01	-1.023807e-02
3.848510e+01	-3.811380e-03
3.870739e+01	8.686328e-03
3.893096e+01	-1.038263e-02
3.915583e+01	-2.923066e-03
3.938199e+01	-6.266716e-03
3.960946e+01	-3.992718e-03
3.983824e+01	1.689518e-02
4.006834e+01	-1.159729e-02
4.029978e+01	1.070813e-03
4.053255e+01	-1.234773e-02
4.076666e+01	4.279237e-03
4.100213e+01	-9.290032e-03
4.123896e+01	-8.232612e-03
4.147715e+01	7.346512e-03
4.171672e+01	1.150880e-02
4.195767e+01	7.975255e-03
4.220002e+01	-2.715966e-03
4.244377e+01	3.017357e-03
4.268892e+01	6.932419e-03
4.293549e+01	1.295699e-02
4.318348e+01	9.038975e-03
4.343291e+01	-2.286454e-03
4.368377e+01	2.097951e-02
4.393609e+01	-2.251310e-04
4.418986e+01	-6.464085e-03
4.444510e+01	-4.113283e-03
4.470182e+01	4.675726e-03
4.496001e+01	9.180481e-03
4.521970e+01	8.833677e-03
4.548089e+01	-1.198483e-02
4.574358e+01	1.498932e-02
4.600779e+01	9.967667e-03
4.627353e+01	-5.855950e-03
4.654081e+01	-3.715764e-04
4.680963e+01	-1.481352e-02
4.708000e+01	-1.652388e-02
4.735193e+01	2.689041e-03
4.762543e+01	-1.239297e-03
4.790051e+01	-8.352240e-03
4.817719e+01	5.320972e-03
4.845545e+01	-3.997190e-03
4.873533e+01	1.392937e-03
4.901682e+01	-8.848696e-03
4.929994e+01	1.462481e-02
4.958470e+01	5.815158e-03
4.987110e+01	-2.759490e-02
5.015915e+01	-2.326667e-03
5.044887e+01	-2.989115e-03
5.074026e+01	2.152988e-02
5.103333e+01	5.808654e-03
5.132810e+01	1.349075e-02
5.162457e+01	-1.391324e-02
5.192275e+01	3.025829e-03
5.222265e+01	-4.577256e-03
5.252429e+01	-6.310781e-03
5.282767e+01	8.253758e-03
5.313280e+01	4.137525e-03
5.343969e+01	-3.831039e-03
5.374836e+01	-9.402501e-03
5.405880e+01	-5.805112e-04
5.437105e+01	6.137508e-03
5.468509e+01	-1.327705e-02
5.500095e+01	-5.969056e-03
5.531863e+01	1.129537e-02
5.563815e+01	-6.555668e-04
5.595951e+01	1.196454e-02
5.628273e+01	8.371095e-03
5.660782e+01	9.541401e-04
5.693479e+01	1.369523e-03
5.726364e+01	-1.608051e-03
5.759439e+01	-3.856060e-03
5.792705e+01	-9.749012e-03
5.826164e+01	-6.707564e-03
5.859815e+01	1.164384e-02
5.893662e+01	-1.134893e-02
5.927703e+01	3.349786e-03
5.961941e+01	9.654527e-03
5.996377e+01	7.437659e-03
6.031012e+01	-2.397392e-03
6.065847e+01	1.323979e-02
6.100883e+01	4.526212e-03
6.136121e+01	-1.234022e-03
6.171563e+01	1.049780e-02
6.207210e+01	-2.359509e-04
6.243063e+01	-2.695970e-04
6.279122e+01	-4.320869e-03
6.315390e+01	4.638411e-04
6.351868e+01	-1.336305e-02
6.388556e+01	8.180465e-03
6.425456e+01	-1.717630e-02
6.462569e+01	-1.581732e-02
6.499897e+01	-1.504563e-02
6.537440e+01	2.186363e-02
6.575200e+01	-6.100461e-03
6.613178e+01	4.262656e-03
6.651375e+01	1.204247e-02
6.689793e+01	1.929774e-02
6.728433e+01	3.673588e-03
6.767297e+01	1.212601e-02
6.806384e+01	4.007697e-03
6.845698e+01	-5.440340e-03
6.885238e+01	-6.197435e-03
6.925007e+01	-2.661738e-03
6.965005e+01	6.672507e-03
7.005235e+01	-4.585079e-03
7.045697e+01	-1.341101e-02
7.086393e+01	3.552089e-03
7.127323e+01	-9.096403e-03
7.168490e+01	-5.312016e-03
7.209895e+01	-5.451433e-03
7.251539e+01	1.325308e-02
7.293424e+01	-7.451207e-03
7.335551e+01	1.412759e-03
7.377920e+01	-5.186481e-03
7.420535e+01	-1.213498e-02
7.463396e+01	-1.980719e-03
7.506504e+01	8.560302e-03
7.549861e+01	-2.387917e-03
7.593469e+01	3.091260e-03
7.637328e+01	-5.749862e-03
7.681441e+01	-1.507424e-02
7.725809e+01	9.319640e-03
7.770433e+01	-9.384332e-03
7.815315e+01	-7.891649e-03
7.860456e+01	-2.792040e-02
7.905857e+01	-2.647019e-03
7.951521e+01	-1.512146e-02
7.997449e+01	-2.131376e-02
8.043642e+01	-1.673900e-03
8.090102e+01	4.116797e-03
8.136830e+01	-1.191049e-02
8.183828e+01	-1.292704e-02
8.231097e+01	-3.604825e-03
8.278640e+01	4.510962e-03
8.326457e+01	1.783540e-04
8.374550e+01	1.762368e-02
8.422921e+01	-2.167910e-03
8.471572e+01	-2.142069e-03
8.520503e+01	-1.635570e-03
8.569717e+01	2.385006e-03
8.619215e+01	1.162154e-02
8.669000e+01	-1.583648e-02
8.719071e+01	6.182243e-03
8.769432e+01	-1.288823e-02
8.820084e+01	1.467454e-02
8.871029e+01	1.015069e-02
8.922267e+01	7.850874e-03
8.973802e+01	3.152799e-03
9.025634e+01	-3.246147e-03
9.077766e+01	-4.712195e-03
9.130199e+01	1.494451e-02
9.182935e+01	7.358371e-03
9.235975e+01	-1.966975e-05
9.289321e+01	-5.241084e-03
9.342976e+01	5.642906e-03
9.396941e+01	-1.236485e-03
9.451217e+01	-2.835570e-04
9.505807e+01	3.479168e-03
9.560712e+01	-8.818785e-04
9.615934e+01	-3.952174e-03
9.671476e+01	2.112596e-02
9.727338e+01	-6.286468e-03
9.783522e+01	8.315736e-03
9.840032e+01	-2.080583e-03
9.896867e+01	-1.863981e-02
9.954031e+01	-2.117018e-02
1.001153e+02	-4.571575e-03
1.006935e+02	1.103579e-04
1.012751e+02	-1.662476e-03
1.018601e+02	1.410974e-02
1.024484e+02	-5.895287e-03
1.030402e+02	4.946528e-03
1.036353e+02	-7.917623e-03
1.042339e+02	-1.483294e-02
1.048360e+02	-4.291721e-03
1.054415e+02	-9.602561e-03
1.060505e+02	5.570658e-03
1.066631e+02	3.099204e-03
1.072791e+02	-1.453986e-02
1.078988e+02	-3.353074e-03
1.085220e+02	-2.181157e-02
1.091488e+02	6.765318e-03
1.097793e+02	-1.949941e-02
1.104133e+02	-2.890119e-03
1.110511e+02	-1.154091e-02
1.116925e+02	-1.316885e-03
1.123376e+02	-4.973001e-04
1.129865e+02	-2.337256e-02
1.136391e+02	8.949565e-03
1.142955e+02	-1.773531e-02
1.149556e+02	-1.568322e-02
1.156196e+02	-6.471305e-04
1.162874e+02	-3.030807e-04
1.169591e+02	2.009090e-02
1.176347e+02	2.138566e-02
1.183141e+02	-1.713519e-02
1.189975e+02	-6.443995e-03
1.196848e+02	4.113489e-03
1.203761e+02	-5.595411e-03
1.210714e+02	-3.774830e-03
1.217707e+02	9.022076e-03
1.224740e+02	-1.032762e-02
1.231814e+02	1.033743e-02
1.238929e+02	2.249015e-02
1.246085e+02	-3.912527e-03
1.253283e+02	-8.082280e-04
1.260522e+02	-5.934907e-04
1.267802e+02	-1.143911e-02
1.275125e+02	-1.469850e-03
1.282490e+02	-2.352042e-03
1.289898e+02	4.368361e-03
1.297348e+02	-6.733702e-04
1.304842e+02	-1.206051e-02
1.312378e+02	2.510914e-02
1.319959e+02	-1.140254e-02
1.327583e+02	1.997820e-04
1.335251e+02	-5.705184e-03
1.342963e+02	-1.417436e-02
1.350720e+02	2.487947e-03
1.358522e+02	1.130425e-03
1.366368e+02	-2.303246e-03
1.374260e+02	-1.338880e-02
1.382198e+02	5.771081e-03
1.390182e+02	-9.641031e-04
1.398211e+02	-1.811163e-02
1.406287e+02	-1.626243e-02
1.414410e+02	1.352176e-02
1.422579e+02	-1.738774e-02
1.430796e+02	-1.990761e-02
1.439060e+02	1.173331e-02
1.447372e+02	-3.695330e-03
1.455732e+02	3.255320e-03
1.464141e+02	-1.127762e-02
1.472597e+02	1.561370e-03
1.481103e+02	6.513312e-03
1.489658e+02	2.714025e-03
1.498262e+02	1.367236e-02
1.506916e+02	4.549027e-04
1.515620e+02	-2.118083e-03
1.524374e+02	3.738203e-04
1.533179e+02	-5.229772e-03
1.542034e+02	-2.425696e-02
1.550941e+02	-1.245979e-02
1.559899e+02	-8.694172e-03
1.568909e+02	-3.863719e-03
1.577971e+02	1.452114e-03
1.587085e+02	-5.496887e-03
1.596252e+02	-4.495253e-03
1.605472e+02	1.879913e-03
1.614745e+02	9.703007e-04
1.624072e+02	-2.600258e-03
1.633453e+02	1.349243e-02
1.642887e+02	-8.523679e-03
1.652377e+02	-2.457024e-03
1.661921e+02	9.369959e-03
1.671520e+02	-2.019314e-02
1.681175e+02	-8.142912e-03
1.690885e+02	-1.395059e-03
1.700651e+02	2.060579e-03
1.710474e+02	-4.021571e-04
1.720354e+02	-5.577934e-03
1.730291e+02	5.653295e-03
1.740285e+02	-9.057464e-03
1.750337e+02	4.709454e-04
1.760446e+02	-2.579251e-02
1.770615e+02	-1.451657e-02
1.780842e+02	-1.542900e-02
1.791128e+02	-1.246293e-02
1.801473e+02	-2.139400e-02
1.811878e+02	-3.837015e-03
1.822344e+02	-1.942725e-02
1.832870e+02	-2.503216e-03
1.843456e+02	5.518094e-04
1.854104e+02	-8.428264e-03
1.864813e+02	-1.891335e-03
1.875584e+02	-7.182707e-03
1.886418e+02	4.896861e-03
1.897313e+02	-9.417566e-04
1.908272e+02	-1.241577e-02
1.919294e+02	-8.540301e-03
1.930380e+02	-7.826171e-03
1.941530e+02	-1.945250e-02
1.952744e+02	4.362056e-03
1.964023e+02	4.691307e-03
1.975367e+02	-8.862143e-03
1.986777e+02	1.012518e-02
1.998252e+02	-2.095639e-02
2.009794e+02	-6.942102e-03
2.021403e+02	-4.064475e-03
2.033078e+02	-4.004236e-03
2.044821e+02	-7.667948e-03
2.056632e+02	-9.670063e-03
2.068511e+02	-2.251100e-03
2.080459e+02	-1.021231e-02
2.092475e+02	-9.834997e-04
2.104561e+02	-1.128963e-03
2.116717e+02	-1.429254e-02
2.128943e+02	-2.045975e-02
2.141240e+02	-2.506702e-02
2.153608e+02	-1.726924e-02
2.166047e+02	-2.022425e-02
2.178558e+02	-3.793527e-03
2.191141e+02	-3.416025e-03
2.203797e+02	-4.176949e-03
2.216526e+02	-1.486294e-02
2.229329e+02	-5.925730e-03
2.242205e+02	-1.635717e-02
2.255156e+02	-1.993350e-02
2.268182e+02	-3.991987e-03
2.281283e+02	-8.483376e-03
2.294459e+02	-1.024352e-02
2.307712e+02	-5.247071e-03
2.321041e+02	4.206866e-03
2.334447e+02	-1.138162e-02
2.347931e+02	-1.994637e-02
2.361493e+02	-2.443372e-02
2.375133e+02	-8.841565e-03
2.388851e+02	-1.794618e-02
2.402649e+02	-2.972289e-02
2.416527e+02	3.297013e-03
2.430484e+02	-1.703915e-02
2.444523e+02	-1.053043e-02
2.458642e+02	-1.019597e-02
2.472843e+02	-1.744232e-02
2.487126e+02	-4.921516e-03
2.501492e+02	8.214046e-03
2.515940e+02	-8.828125e-03
2.530472e+02	2.280688e-03
2.545088e+02	1.747940e-03
2.559789e+02	-1.675050e-02
2.574574e+02	-4.221038e-03
2.589444e+02	-7.647138e-03
2.604401e+02	3.669670e-03
2.619444e+02	8.229746e-03
2.634574e+02	-1.010552e-02
2.649791e+02	-1.829043e-02
2.665096e+02	3.728613e-03
2.680489e+02	-1.996804e-02
2.695972e+02	-7.602802e-03
2.711544e+02	-1.017959e-02
2.727205e+02	-1.300359e-02
2.742958e+02	-1.920311e-02
2.758801e+02	-1.845305e-02
2.774736e+02	-1.479729e-02
2.790762e+02	-1.239999e-02
2.806882e+02	-6.004018e-03
2.823094e+02	1.526610e-04
2.839400e+02	-2.045392e-02
2.855800e+02	-3.626281e-02
2.872295e+02	-1.817812e-02
2.888886e+02	7.151311e-04
2.905572e+02	-8.999110e-03
2.922354e+02	-5.646195e-03
2.939234e+02	-4.322583e-02
2.956211e+02	-1.525794e-02
2.973286e+02	-3.079735e-02
2.990459e+02	-3.101011e-02
3.007732e+02	-8.015208e-03
3.025104e+02	-1.649717e-02
3.042577e+02	-1.109705e-02
3.060151e+02	-1.785976e-02
3.077826e+02	5.584171e-04
3.095604e+02	-1.162376e-02
3.113484e+02	-2.925231e-02
3.131467e+02	-2.086986e-02
3.149554e+02	-1.450200e-02
3.167746e+02	-9.681707e-03
3.186043e+02	-1.640681e-02
3.204445e+02	-1.806972e-02
3.222954e+02	-2.670735e-02
3.241570e+02	-3.133305e-02
3.260293e+02	-1.891875e-02
3.279124e+02	-1.567538e-02
3.298064e+02	-2.286476e-02
3.317114e+02	-2.971677e-02
3.336273e+02	-7.790767e-03
3.355544e+02	-2.811448e-02
3.374925e+02	-2.921351e-02
3.394418e+02	-3.140307e-04
3.414024e+02	-1.606692e-02
3.433744e+02	-1.290664e-02
3.453577e+02	-7.321256e-03
3.473525e+02	-2.045293e-02
3.493588e+02	-1.118465e-02
3.513766e+02	-3.233383e-02
3.534062e+02	-7.883686e-03
3.554474e+02	-1.911727e-02
3.575005e+02	-1.863969e-02
3.595654e+02	-2.483162e-02
3.616422e+02	-3.438816e-02
3.637311e+02	-3.543871e-02
3.658320e+02	-3.859320e-02
3.679450e+02	-1.200984e-02
3.700702e+02	-2.369048e-02
3.722077e+02	-1.010194e-02
3.743576e+02	-2.229065e-02
3.765199e+02	-1.185592e-02
3.786946e+02	-2.727873e-02
3.808820e+02	-4.858879e-02
3.830819e+02	-1.994535e-02
3.852946e+02	-5.014937e-02
3.875200e+02	-1.833412e-02
3.897583e+02	-2.442063e-02
3.920096e+02	-2.363853e-02
3.942738e+02	-3.518956e-02
3.965511e+02	-2.807866e-02
3.988416e+02	-1.859405e-02
4.011452e+02	-2.794359e-02
4.034622e+02	-2.586129e-02
4.057926e+02	-1.477341e-02
4.081365e+02	-1.929948e-02
4.104938e+02	-3.221222e-02
4.128648e+02	-3.730284e-02
4.152495e+02	-2.349561e-02
4.176480e+02	-2.008768e-02
4.200603e+02	-2.141546e-02
4.224866e+02	-7.053774e-03
4.249268e+02	-2.932781e-02
4.273812e+02	-3.936453e-02
4.298497e+02	-2.604977e-02
4.323325e+02	-3.912454e-02
4.348297e+02	-2.489196e-02
4.373412e+02	-1.346247e-02
4.398673e+02	-3.467636e-02
4.424079e+02	-3.347332e-02
4.449633e+02	-2.936187e-02
4.475334e+02	-4.582014e-02
4.501183e+02	-2.545249e-02
4.527182e+02	-4.450067e-02
4.553330e+02	-5.003368e-02
4.579630e+02	-4.107839e-02
4.606082e+02	-2.263735e-02
4.632687e+02	-4.420451e-02
4.659445e+02	-3.727837e-02
4.686358e+02	-2.131372e-02
4.713426e+02	-3.294314e-02
4.740650e+02	-4.096208e-02
4.768032e+02	-4.551924e-02
4.795572e+02	-4.553368e-02
4.823271e+02	-5.726368e-02
4.851130e+02	-3.256444e-02
4.879150e+02	-1.666387e-02
4.907332e+02	-6.866153e-02
4.935676e+02	-5.607030e-02
4.964185e+02	-4.273492e-02
4.992858e+02	-2.269690e-02
5.021696e+02	-3.864225e-02
5.050701e+02	-3.734937e-02
5.079874e+02	-3.977608e-02
5.109215e+02	-4.878398e-02
5.138726e+02	-3.677121e-02
5.168407e+02	-4.014519e-02
5.198259e+02	-5.044150e-02
5.228284e+02	-4.543337e-02
5.258482e+02	-4.587379e-02
5.288855e+02	-6.627300e-02
5.319403e+02	-4.031214e-02
5.350128e+02	-3.808156e-02
5.381030e+02	-4.324018e-02
5.412111e+02	-5.343843e-02
5.443371e+02	-4.215669e-02
5.474812e+02	-4.089433e-02
5.506434e+02	-3.508765e-02
5.538239e+02	-5.937828e-02
5.570228e+02	-6.761268e-02
5.602401e+02	-5.357454e-02
5.634760e+02	-5.937513e-02
5.667306e+02	-5.755691e-02
5.700040e+02	-4.565124e-02
5.732964e+02	-4.834455e-02
5.766077e+02	-6.067406e-02
5.799382e+02	-5.926716e-02
5.832879e+02	-6.313866e-02
5.866569e+02	-4.503690e-02
5.900454e+02	-6.165541e-02
5.934535e+02	-5.065897e-02
5.968813e+02	-7.332108e-02
6.003288e+02	-6.006895e-02
6.037963e+02	-6.789499e-02
6.072838e+02	-6.249053e-02
6.107914e+02	-6.496306e-02
6.143194e+02	-7.604662e-02
6.178676e+02	-4.147499e-02
6.214364e+02	-4.824038e-02
6.250258e+02	-7.584589e-02
6.286359e+02	-6.024088e-02
6.322669e+02	-6.347669e-02
6.359189e+02	-7.676915e-02
6.395919e+02	-7.374157e-02
6.432862e+02	-5.515190e-02
6.470017e+02	-8.988919e-02
6.507388e+02	-6.209292e-02
6.544974e+02	-7.131941e-02
6.582778e+02	-6.972124e-02
6.620800e+02	-6.508291e-02
6.659041e+02	-8.816833e-02
6.697504e+02	-5.159364e-02
6.736188e+02	-6.520324e-02
6.775096e+02	-7.460626e-02
6.814229e+02	-7.785487e-02
6.853587e+02	-8.214842e-02
6.893173e+02	-8.552271e-02
6.932988e+02	-8.674951e-02
6.973033e+02	-8.194322e-02
7.013309e+02	-7.669321e-02
7.053817e+02	-8.874181e-02
7.094560e+02	-7.854836e-02
7.135538e+02	-9.304841e-02
7.176752e+02	-7.282639e-02
7.218205e+02	-8.276960e-02
7.259897e+02	-7.684493e-02
7.301830e+02	-9.082243e-02
7.344005e+02	-8.532809e-02
7.386424e+02	-9.545705e-02
7.429087e+02	-8.269199e-02
7.471998e+02	-8.918687e-02
7.515155e+02	-1.022602e-01
7.558563e+02	-1.004004e-01
7.602221e+02	-9.290519e-02
7.646131e+02	-9.417148e-02
7.690295e+02	-9.817406e-02
7.734713e+02	-8.465467e-02
7.779389e+02	-1.000362e-01
7.824322e+02	-1.130282e-01
7.869515e+02	-9.923552e-02
7.914969e+02	-9.635529e-02
7.960686e+02	-1.077565e-01
8.006666e+02	-1.037493e-01
8.052912e+02	-1.077680e-01
8.099426e+02	-9.349663e-02
8.146208e+02	-1.095560e-01
8.193260e+02	-1.152632e-01
8.240584e+02	-1.129127e-01
8.288181e+02	-1.172637e-01
8.336053e+02	-1.099889e-01
8.384202e+02	-1.347619e-01
8.432629e+02	-9.328603e-02
8.481335e+02	-1.215175e-01
8.530323e+02	-1.190781e-01
8.579594e+02	-1.108560e-01
8.629149e+02	-1.234462e-01
8.678991e+02	-1.145423e-01
8.729120e+02	-1.058193e-01
8.779539e+02	-1.214333e-01
8.830250e+02	-1.261835e-01
8.881253e+02	-1.231429e-01
8.932551e+02	-1.220505e-01
8.984145e+02	-1.311446e-01
9.036037e+02	-1.526793e-01
9.088229e+02	-1.335656e-01
9.140722e+02	-1.343849e-01
9.193518e+02	-1.262192e-01
9.246620e+02	-1.370148e-01
9.300028e+02	-1.303996e-01
9.353744e+02	-1.333027e-01
9.407771e+02	-1.279073e-01
9.462110e+02	-1.549646e-01
9.516763e+02	-1.559910e-01
9.571731e+02	-1.489674e-01
9.627017e+02	-1.578255e-01
9.682622e+02	-1.471318e-01
9.738549e+02	-1.578607e-01
9.794798e+02	-1.369194e-01
9.851373e+02	-1.580963e-01
9.908274e+02	-1.594464e-01
9.965504e+02	-1.532439e-01
1.002306e+03	-1.532964e-01
1.008096e+03	-1.602525e-01
1.013918e+03	-1.555465e-01
1.019775e+03	-2.003756e-01
1.025665e+03	-1.655955e-01
1.031589e+03	-1.754319e-01
1.037548e+03	-1.704618e-01
1.043540e+03	-1.813022e-01
1.049568e+03	-1.818166e-01
1.055630e+03	-1.708201e-01
1.061727e+03	-1.976697e-01
1.067860e+03	-1.983152e-01
1.074028e+03	-1.809208e-01
1.080231e+03	-2.036827e-01
1.086471e+03	-1.701058e-01
1.092746e+03	-1.945566e-01
1.099058e+03	-1.763907e-01
1.105406e+03	-1.955787e-01
1.111791e+03	-2.059765e-01
1.118212e+03	-2.090200e-01
1.124671e+03	-1.941969e-01
1.131167e+03	-1.939974e-01
1.137701e+03	-1.947369e-01
1.144272e+03	-2.133179e-01
1.150881e+03	-2.203819e-01
1.157529e+03	-1.991831e-01
1.164215e+03	-2.142835e-01
1.170939e+03	-2.246580e-01
1.177702e+03	-2.311983e-01
1.184505e+03	-2.222243e-01
1.191346e+03	-2.310334e-01
1.198227e+03	-2.477283e-01
1.205148e+03	-2.434056e-01
1.212109e+03	-2.551732e-01
1.219110e+03	-2.294574e-01
1.226152e+03	-2.364936e-01
1.233234e+03	-2.375712e-01
1.240357e+03	-2.419490e-01
1.247521e+03	-2.536468e-01
1.254727e+03	-2.545597e-01
1.261974e+03	-2.580871e-01
1.269263e+03	-2.581602e-01
1.276595e+03	-2.729459e-01
1.283968e+03	-2.806679e-01
1.291384e+03	-2.590470e-01
1.298843e+03	-2.790031e-01
1.306345e+03	-2.735809e-01
1.313891e+03	-2.962224e-01
1.321480e+03	-2.861569e-01
1.329113e+03	-2.952732e-01
1.336790e+03	-2.955625e-01
1.344511e+03	-2.824434e-01
1.352277e+03	-2.826045e-01
1.360087e+03	-3.124149e-01
1.367943e+03	-2.851467e-01
1.375844e+03	-3.082805e-01
1.383791e+03	-3.205138e-01
1.391784e+03	-3.087130e-01
1.399823e+03	-3.265061e-01
1.407908e+03	-3.214707e-01
1.416040e+03	-3.151092e-01
1.424219e+03	-3.341575e-01
1.432445e+03	-3.180806e-01
1.440719e+03	-3.150073e-01
1.449041e+03	-3.263501e-01
1.457410e+03	-3.516797e-01
1.465828e+03	-3.373585e-01
1.474295e+03	-3.429347e-01
1.482810e+03	-3.658541e-01
1.491375e+03	-3.666483e-01
1.499989e+03	-3.496950e-01
1.508653e+03	-3.734115e-01
1.517367e+03	-3.602666e-01
1.526131e+03	-3.784418e-01
1.534946e+03	-3.782163e-01
1.543812e+03	-3.786412e-01
1.552729e+03	-3.628971e-01
1.561697e+03	-3.930645e-01
1.570717e+03	-3.727591e-01
1.579790e+03	-3.940893e-01
1.588915e+03	-4.133944e-01
1.598092e+03	-3.814824e-01
1.607323e+03	-4.032903e-01
1.616606e+03	-4.130699e-01
1.625944e+03	-4.216722e-01
1.635335e+03	-4.159012e-01
1.644781e+03	-4.280046e-01
1.654281e+03	-4.167499e-01
1.663836e+03	-4.514711e-01
1.673446e+03	-4.407166e-01
1.683112e+03	-4.394698e-01
1.692834e+03	-4.524878e-01
1.702611e+03	-4.361754e-01
1.712446e+03	-4.454719e-01
1.722337e+03	-4.731526e-01
1.732285e+03	-4.701659e-01
1.742290e+03	-4.925506e-01
1.752354e+03	-4.794437e-01
1.762475e+03	-4.880584e-01
1.772655e+03	-5.030414e-01
1.782894e+03	-5.033088e-01
1.793192e+03	-4.840021e-01
1.803549e+03	-5.123364e-01
1.813967e+03	-5.191543e-01
1.824444e+03	-5.384266e-01
1.834982e+03	-5.326360e-01
1.845581e+03	-5.443096e-01
1.856241e+03	-5.291185e-01
1.866962e+03	-5.454800e-01
1.877746e+03	-5.470450e-01
1.888592e+03	-5.510569e-01
1.899500e+03	-5.535537e-01
1.910472e+03	-5.922664e-01
1.921506e+03	-5.733408e-01
1.932605e+03	-5.932051e-01
1.943768e+03	-5.851475e-01
1.954995e+03	-6.031275e-01
1.966287e+03	-5.916692e-01
1.977644e+03	-6.068816e-01
1.989067e+03	-6.037203e-01
2.000555e+03	-6.156553e-01
2.012110e+03	-6.161921e-01
2.023732e+03	-6.341816e-01
2.035421e+03	-6.482307e-01
2.047178e+03	-6.347885e-01
2.059002e+03	-6.448379e-01
2.070895e+03	-6.535915e-01
2.082856e+03	-6.567870e-01
2.094887e+03	-6.660634e-01
2.106987e+03	-6.615914e-01
2.119157e+03	-6.784273e-01
2.131397e+03	-6.816193e-01
2.143708e+03	-7.124233e-01
2.156090e+03	-7.020615e-01
2.168543e+03	-7.231347e-01
2.181069e+03	-7.183552e-01
2.193666e+03	-7.359947e-01
2.206337e+03	-7.371008e-01
2.219081e+03	-7.445345e-01
2.231898e+03	-7.569421e-01
2.244789e+03	-7.769186e-01
2.257755e+03	-7.785791e-01
2.270796e+03	-7.666673e-01
2.283912e+03	-7.690837e-01
2.297104e+03	-8.050715e-01
2.310372e+03	-8.028925e-01
2.323716e+03	-8.093328e-01
2.337138e+03	-8.224305e-01
2.350637e+03	-8.243358e-01
2.364214e+03	-8.544963e-01
2.377870e+03	-8.609768e-01
2.391604e+03	-8.595142e-01
2.405418e+03	-8.564352e-01
2.419312e+03	-8.729517e-01
2.433286e+03	-8.740459e-01
2.447340e+03	-9.082585e-01
2.461476e+03	-9.044440e-01
2.475693e+03	-9.073853e-01
2.489993e+03	-9.317574e-01
2.504375e+03	-9.365043e-01
2.518840e+03	-9.245544e-01
2.533389e+03	-9.450203e-01
2.548022e+03	-9.794871e-01
2.562739e+03	-9.589383e-01
2.577541e+03	-9.723920e-01
2.592429e+03	-9.829595e-01
2.607403e+03	-9.997336e-01
2.622463e+03	-1.001774e+00
2.637610e+03	-1.010858e+00
2.652845e+03	-1.033978e+00
2.668168e+03	-1.045701e+00
2.683579e+03	-1.056323e+00
2.699079e+03	-1.061602e+00
2.714669e+03	-1.063751e+00
2.730349e+03	-1.091061e+00
2.746119e+03	-1.102676e+00
2.761981e+03	-1.083003e+00
2.777934e+03	-1.121964e+00
2.793979e+03	-1.129921e+00
2.810117e+03	-1.154379e+00
2.826348e+03	-1.158380e+00
2.842673e+03	-1.171978e+00
2.859092e+03	-1.173514e+00
2.875606e+03	-1.188292e+00
2.892215e+03	-1.194501e+00
2.908921e+03	-1.207962e+00
2.925722e+03	-1.228367e+00
2.942621e+03	-1.234656e+00
2.959618e+03	-1.251518e+00
2.976712e+03	-1.273435e+00
2.993906e+03	-1.285802e+00
3.011198e+03	-1.281088e+00
3.028591e+03	-1.282163e+00
3.046084e+03	-1.314950e+00
3.063678e+03	-1.323429e+00
3.081374e+03	-1.324870e+00
3.099172e+03	-1.362062e+00
3.117072e+03	-1.360738e+00
3.135076e+03	-1.378330e+00
3.153184e+03	-1.391319e+00
3.171397e+03	-1.401627e+00
3.189715e+03	-1.434078e+00
3.208139e+03	-1.438383e+00
3.226669e+03	-1.463572e+00
3.245306e+03	-1.471304e+00
3.264051e+03	-1.462670e+00
3.282904e+03	-1.488927e+00
3.301866e+03	-1.503584e+00
3.320937e+03	-1.542485e+00
3.340119e+03	-1.543686e+00
3.359411e+03	-1.550914e+00
3.378815e+03	-1.577411e+00
3.398331e+03	-1.582159e+00
3.417959e+03	-1.598059e+00
3.437701e+03	-1.625002e+00
3.457557e+03	-1.636855e+00
3.477528e+03	-1.648209e+00
3.497614e+03	-1.679226e+00
3.517816e+03	-1.697634e+00
3.538135e+03	-1.697090e+00
3.558571e+03	-1.710710e+00
3.579125e+03	-1.711296e+00
3.599798e+03	-1.737915e+00
3.620590e+03	-1.755295e+00
3.641503e+03	-1.772968e+00
3.662536e+03	-1.800194e+00
3.683691e+03	-1.798376e+00
3.704967e+03	-1.818476e+00
3.726367e+03	-1.834565e+00
3.747890e+03	-1.879883e+00
3.769538e+03	-1.861815e+00
3.791311e+03	-1.907252e+00
3.813209e+03	-1.902534e+00
3.835234e+03	-1.937865e+00
3.857386e+03	-1.951056e+00
3.879667e+03	-1.962880e+00
3.902075e+03	-1.991170e+00
3.924614e+03	-2.010330e+00
3.947282e+03	-2.014298e+00
3.970081e+03	-2.048007e+00
3.993012e+03	-2.070290e+00
4.016076e+03	-2.076172e+00
4.039272e+03	-2.113302e+00
4.062603e+03	-2.125895e+00
4.086069e+03	-2.110091e+00
4.109670e+03	-2.152493e+00
4.133407e+03	-2.190655e+00
4.157281e+03	-2.203494e+00
4.181294e+03	-2.214762e+00
4.205445e+03	-2.243947e+00
4.229735e+03	-2.249251e+00
4.254166e+03	-2.267566e+00
4.278738e+03	-2.296177e+00
4.303451e+03	-2.316315e+00
4.328308e+03	-2.338414e+00
4.353308e+03	-2.366691e+00
4.378453e+03	-2.366328e+00
4.403742e+03	-2.417667e+00
4.429178e+03	-2.418421e+00
4.454761e+03	-2.433696e+00
4.480492e+03	-2.461774e+00
4.506371e+03	-2.493978e+00
4.532399e+03	-2.499192e+00
4.558578e+03	-2.534542e+00
4.584908e+03	-2.552966e+00
4.611391e+03	-2.567208e+00
4.638026e+03	-2.610083e+00
4.664815e+03	-2.615383e+00
4.691759e+03	-2.645212e+00
4.718858e+03	-2.667435e+00
4.746114e+03	-2.690536e+00
4.773527e+03	-2.712457e+00
4.801099e+03	-2.744545e+00
4.828830e+03	-2.754298e+00
4.856721e+03	-2.778174e+00
4.884773e+03	-2.796062e+00
4.912988e+03	-2.827072e+00
4.941365e+03	-2.853924e+00
4.969906e+03	-2.888686e+00
4.998612e+03	-2.889326e+00
5.027484e+03	-2.920658e+00
5.056522e+03	-2.962891e+00
5.085729e+03	-2.993099e+00
5.115104e+03	-2.983948e+00
5.144648e+03	-3.029829e+00
5.174363e+03	-3.040234e+00
5.204250e+03	-3.075011e+00
5.234310e+03	-3.098361e+00
5.264543e+03	-3.119571e+00
5.294951e+03	-3.168520e+00
5.325534e+03	-3.168705e+00
5.356294e+03	-3.189048e+00
5.387232e+03	-3.233571e+00
5.418348e+03	-3.252889e+00
5.449645e+03	-3.270329e+00
5.481122e+03	-3.305316e+00
5.512780e+03	-3.333428e+00
5.544622e+03	-3.361051e+00
5.576647e+03	-3.402304e+00
5.608858e+03	-3.416257e+00
5.641254e+03	-3.454426e+00
5.673838e+03	-3.460134e+00
5.706610e+03	-3.515770e+00
5.739571e+03	-3.521592e+00
5.772723e+03	-3.547673e+00
5.806066e+03	-3.576254e+00
5.839601e+03	-3.609597e+00
5.873331e+03	-3.645134e+00
5.907255e+03	-3.671814e+00
5.941375e+03	-3.706086e+00
5.975692e+03	-3.724464e+00
6.010207e+03	-3.734905e+00
6.044922e+03	-3.785846e+00
6.079837e+03	-3.793747e+00
6.114954e+03	-3.826561e+00
6.150274e+03	-3.853343e+00
6.185797e+03	-3.882874e+00
6.221526e+03	-3.894206e+00
6.257462e+03	-3.965341e+00
6.293605e+03	-3.988441e+00
6.329956e+03	-4.011424e+00
6.366518e+03	-4.036461e+00
6.403290e+03	-4.074304e+00
6.440276e+03	-4.096596e+00
6.477474e+03	-4.135284e+00
6.514888e+03	-4.169350e+00
6.552518e+03	-4.211632e+00
6.590365e+03	-4.230312e+00
6.628430e+03	-4.268990e+00
6.666716e+03	-4.304738e+00
6.705223e+03	-4.330420e+00
6.743952e+03	-4.341925e+00
6.782905e+03	-4.390543e+00
6.822082e+03	-4.416063e+00
6.861486e+03	-4.423025e+00
6.901118e+03	-4.480668e+00
6.940979e+03	-4.509932e+00
6.981069e+03	-4.556041e+00
7.021392e+03	-4.578628e+00
7.061947e+03	-4.614924e+00
7.102737e+03	-4.649856e+00
7.143762e+03	-4.670184e+00
7.185024e+03	-4.706800e+00
7.226524e+03	-4.724334e+00
7.268264e+03	-4.795232e+00
7.310246e+03	-4.800627e+00
7.352469e+03	-4.847376e+00
7.394937e+03	-4.878769e+00
7.437650e+03	-4.916469e+00
7.480609e+03	-4.931223e+00
7.523817e+03	-4.977763e+00
7.567274e+03	-5.009147e+00
7.610982e+03	-5.050011e+00
7.654943e+03	-5.049942e+00
7.699158e+03	-5.114973e+00
7.743628e+03	-5.156325e+00
7.788355e+03	-5.170315e+00
7.833340e+03	-5.218521e+00
7.878585e+03	-5.258443e+00
7.924091e+03	-5.303395e+00
7.969861e+03	-5.304803e+00
8.015894e+03	-5.378031e+00
8.062194e+03	-5.389771e+00
8.108761e+03	-5.416644e+00
8.155596e+03	-5.466905e+00
8.202703e+03	-5.488288e+00
8.250081e+03	-5.524855e+00
8.297733e+03	-5.574041e+00
8.345661e+03	-5.618592e+00
8.393865e+03	-5.621956e+00
8.442348e+03	-5.683855e+00
8.491110e+03	-5.699522e+00
8.540155e+03	-5.766181e+00
8.589482e+03	-5.798479e+00
8.639095e+03	-5.836957e+00
8.688994e+03	-5.867483e+00
8.739181e+03	-5.863524e+00
8.789658e+03	-5.923465e+00
8.840427e+03	-5.966062e+00
8.891489e+03	-5.997456e+00
8.942846e+03	-6.065570e+00
8.994499e+03	-6.090296e+00
9.046451e+03	-6.106039e+00
9.098703e+03	-6.160243e+00
9.151257e+03	-6.196518e+00
9.204114e+03	-6.228396e+00
9.257277e+03	-6.262558e+00
9.310746e+03	-6.316181e+00
9.364525e+03	-6.351462e+00
9.418614e+03	-6.376233e+00
9.473015e+03	-6.420319e+00
9.527731e+03	-6.457671e+00
9.582763e+03	-6.501427e+00
9.638113e+03	-6.560707e+00
9.693782e+03	-6.573993e+00
9.749773e+03	-6.637105e+00
9.806087e+03	-6.653130e+00
9.862727e+03	-6.696878e+00
9.919693e+03	-6.724971e+00
9.976989e+03	-6.763362e+00
1.003462e+04	-6.830705e+00
1.009258e+04	-6.860091e+00
1.015087e+04	-6.858536e+00
1.020950e+04	-6.926559e+00
1.026847e+04	-6.969418e+00
1.032778e+04	-7.009359e+00
1.038743e+04	-7.049107e+00
1.044743e+04	-7.090834e+00
1.050777e+04	-7.124946e+00
1.056847e+04	-7.171878e+00
1.062951e+04	-7.204738e+00
1.069091e+04	-7.235707e+00
1.075266e+04	-7.299191e+00
1.081476e+04	-7.316712e+00
1.087723e+04	-7.371369e+00
1.094006e+04	-7.392459e+00
1.100324e+04	-7.449810e+00
1.106680e+04	-7.487204e+00
1.113072e+04	-7.534909e+00
1.119501e+04	-7.559889e+00
1.125967e+04	-7.606097e+00
1.132471e+04	-7.654188e+00
1.139012e+04	-7.689444e+00
1.145591e+04	-7.745488e+00
1.152208e+04	-7.756461e+00
1.158863e+04	-7.799043e+00
1.165556e+04	-7.871761e+00
1.172289e+04	-7.892272e+00
1.179060e+04	-7.924708e+00
1.185870e+04	-7.975627e+00
1.192719e+04	-8.020639e+00
1.199608e+04	-8.064751e+00
1.206537e+04	-8.101523e+00
1.213506e+04	-8.148460e+00
1.220515e+04	-8.195633e+00
1.227565e+04	-8.227132e+00
1.234655e+04	-8.272627e+00
1.241787e+04	-8.321087e+00
1.248959e+04	-8.357416e+00
1.256173e+04	-8.404537e+00
1.263429e+04	-8.439661e+00
1.270726e+04	-8.476781e+00
1.278066e+04	-8.530646e+00
1.285448e+04	-8.554731e+00
1.292873e+04	-8.616161e+00
1.300340e+04	-8.631652e+00
1.307851e+04	-8.681652e+00
1.315405e+04	-8.717894e+00
1.323003e+04	-8.758710e+00
1.330644e+04	-8.826315e+00
1.338330e+04	-8.848007e+00
1.346060e+04	-8.899147e+00
1.353835e+04	-8.945068e+00
1.361655e+04	-8.976671e+00
1.369520e+04	-9.025004e+00
1.377430e+04	-9.060492e+00
1.385386e+04	-9.139179e+00
1.393388e+04	-9.147136e+00
1.401436e+04	-9.205410e+00
1.409531e+04	-9.226536e+00
1.417672e+04	-9.285287e+00
1.425861e+04	-9.331504e+00
1.434096e+04	-9.373180e+00
1.442379e+04	-9.402903e+00
1.450711e+04	-9.451234e+00
1.459090e+04	-9.491232e+00
1.467518e+04	-9.537843e+00
1.475994e+04	-9.584499e+00
1.484519e+04	-9.639779e+00
1.493094e+04	-9.704717e+00
1.501718e+04	-9.700706e+00
1.510392e+04	-9.783471e+00
1.519116e+04	-9.821633e+00
1.527890e+04	-9.871003e+00
1.536715e+04	-9.890182e+00
1.545591e+04	-9.932175e+00
1.554518e+04	-9.973940e+00
1.563497e+04	-1.002983e+01
1.572528e+04	-1.007004e+01
1.581611e+04	-1.011437e+01
1.590746e+04	-1.016092e+01
1.599934e+04	-1.020647e+01
1.609175e+04	-1.025966e+01
1.618470e+04	-1.028513e+01
1.627818e+04	-1.033431e+01
1.637220e+04	-1.037639e+01
1.646677e+04	-1.041185e+01
1.656188e+04	-1.047599e+01
1.665754e+04	-1.050122e+01
1.675375e+04	-1.054747e+01
1.685052e+04	-1.059063e+01
1.694785e+04	-1.064810e+01
1.704574e+04	-1.067616e+01
1.714419e+04	-1.073148e+01
1.724322e+04	-1.078958e+01
1.734281e+04	-1.081257e+01
1.744299e+04	-1.087699e+01
1.754374e+04	-1.091014e+01
1.764507e+04	-1.093980e+01
1.774698e+04	-1.100655e+01
1.784949e+04	-1.104682e+01
1.795259e+04	-1.106664e+01
1.805628e+04	-1.111520e+01
1.816057e+04	-1.117815e+01
1.826547e+04	-1.121344e+01
1.837097e+04	-1.127056e+01
1.847708e+04	-1.131969e+01
1.858380e+04	-1.135874e+01
1.869114e+04	-1.141376e+01
1.879910e+04	-1.143777e+01
1.890768e+04	-1.147464e+01
1.901689e+04	-1.153868e+01
1.912673e+04	-1.159232e+01
1.923721e+04	-1.162897e+01
1.934832e+04	-1.167700e+01
1.946008e+04	-1.171863e+01
1.957248e+04	-1.176000e+01
1.968553e+04	-1.180102e+01
1.979923e+04	-1.185623e+01
1.991359e+04	-1.188064e+01
2.002861e+04	-1.192710e+01
2.014430e+04	-1.196743e+01
2.026065e+04	-1.202444e+01
2.037767e+04	-1.206818e+01
2.049537e+04	-1.211798e+01
2.061375e+04	-1.214525e+01
2.073282e+04	-1.221180e+01
2.085257e+04	-1.223729e+01
2.097301e+04	-1.229016e+01
2.109415e+04	-1.234104e+01
2.121599e+04	-1.237598e+01
2.133853e+04	-1.243604e+01
2.146178e+04	-1.248162e+01
2.158575e+04	-1.250712e+01
2.171043e+04	-1.255433e+01
2.183582e+04	-1.259563e+01
2.196195e+04	-1.264575e+01
2.208880e+04	-1.268429e+01
2.221638e+04	-1.271164e+01
2.234470e+04	-1.277721e+01
2.247377e+04	-1.282161e+01
2.260357e+04	-1.287430e+01
2.273413e+04	-1.291137e+01
2.286544e+04	-1.295256e+01
2.299751e+04	-1.300215e+01
2.313034e+04	-1.303275e+01
2.326394e+04	-1.308964e+01
2.339832e+04	-1.312060e+01
2.353346e+04	-1.317295e+01
2.366939e+04	-1.322783e+01
2.380610e+04	-1.327012e+01
2.394361e+04	-1.331613e+01
2.408191e+04	-1.336283e+01
2.422100e+04	-1.339862e+01
2.436090e+04	-1.345090e+01
2.450161e+04	-1.348678e+01
2.464313e+04	-1.354640e+01
2.478547e+04	-1.356060e+01
2.492863e+04	-1.362747e+01
2.507261e+04	-1.367579e+01
2.521743e+04	-1.370737e+01
2.536309e+04	-1.376377e+01
2.550958e+04	-1.379257e+01
2.565692e+04	-1.385373e+01
2.580512e+04	-1.389361e+01
2.595417e+04	-1.392348e+01
2.610408e+04	-1.399033e+01
2.625485e+04	-1.405035e+01
2.640650e+04	-1.406340e+01
2.655902e+04	-1.409836e+01
2.671243e+04	-1.414891e+01
2.686672e+04	-1.419503e+01
2.702190e+04	-1.424551e+01
2.717798e+04	-1.429856e+01
2.733495e+04	-1.433554e+01
2.749284e+04	-1.437410e+01
2.765164e+04	-1.444105e+01
2.781135e+04	-1.447041e+01
2.797199e+04	-1.451653e+01
2.813355e+04	-1.455099e+01
2.829605e+04	-1.460794e+01
2.845949e+04	-1.464667e+01
2.862387e+04	-1.466735e+01
2.878920e+04	-1.471900e+01
2.895549e+04	-1.477682e+01
2.912273e+04	-1.480949e+01
2.929094e+04	-1.485873e+01
2.946013e+04	-1.488037e+01
2.963029e+04	-1.495258e+01
2.980143e+04	-1.498264e+01
2.997356e+04	-1.500730e+01
3.014669e+04	-1.508940e+01
3.032081e+04	-1.512560e+01
3.049595e+04	-1.515149e+01
3.067209e+04	-1.521565e+01
3.084925e+04	-1.524845e+01
3.102743e+04	-1.528441e+01
3.120665e+04	-1.534343e+01
3.138690e+04	-1.537998e+01
3.156819e+04	-1.541248e+01
3.175052e+04	-1.546136e+01
3.193391e+04	-1.551315e+01
3.211836e+04	-1.553666e+01
3.230388e+04	-1.557680e+01
3.249046e+04	-1.562984e+01
3.267812e+04	-1.567700e+01
3.286687e+04	-1.570701e+01
3.305671e+04	-1.575845e+01
3.324764e+04	-1.580673e+01
3.343968e+04	-1.583856e+01
3.363283e+04	-1.586975e+01
3.382709e+04	-1.593454e+01
3.402247e+04	-1.597420e+01
3.421899e+04	-1.602211e+01
3.441663e+04	-1.605325e+01
3.461542e+04	-1.609955e+01
3.481536e+04	-1.613077e+01
3.501645e+04	-1.616790e+01
3.521871e+04	-1.620050e+01
3.542213e+04	-1.626963e+01
3.562672e+04	-1.628887e+01
3.583250e+04	-1.635177e+01
3.603947e+04	-1.639517e+01
3.624763e+04	-1.642262e+01
3.645700e+04	-1.646561e+01
3.666757e+04	-1.651511e+01
3.687936e+04	-1.653350e+01
3.709238e+04	-1.658557e+01
3.730662e+04	-1.660926e+01
3.752210e+04	-1.667453e+01
3.773883e+04	-1.671376e+01
3.795680e+04	-1.673468e+01
3.817604e+04	-1.679527e+01
3.839654e+04	-1.682564e+01
3.861832e+04	-1.688199e+01
3.884138e+04	-1.691317e+01
3.906573e+04	-1.695911e+01
3.929137e+04	-1.698765e+01
3.951831e+04	-1.702228e+01
3.974657e+04	-1.706734e+01
3.997614e+04	-1.711480e+01
4.020704e+04	-1.713329e+01
4.043928e+04	-1.718824e+01
4.067285e+04	-1.723703e+01
4.090778e+04	-1.726883e+01
4.114406e+04	-1.730522e+01
4.138171e+04	-1.735677e+01
4.162073e+04	-1.738079e+01
4.186113e+04	-1.742097e+01
4.210291e+04	-1.745629e+01
4.234610e+04	-1.749978e+01
4.259069e+04	-1.753621e+01
4.283669e+04	-1.758145e+01
4.308411e+04	-1.762529e+01
4.333297e+04	-1.765357e+01
4.358325e+04	-1.770103e+01
4.383499e+04	-1.774048e+01
4.408818e+04	-1.777365e+01
4.434283e+04	-1.781382e+01
4.459895e+04	-1.784017e+01
4.485655e+04	-1.786721e+01
4.511564e+04	-1.791443e+01
4.537623e+04	-1.796121e+01
4.563832e+04	-1.800541e+01
4.590193e+04	-1.804075e+01
4.616705e+04	-1.806853e+01
4.643371e+04	-1.810028e+01
4.670191e+04	-1.814334e+01
4.697166e+04	-1.817116e+01
4.724297e+04	-1.821054e+01
4.751584e+04	-1.825242e+01
4.779029e+04	-1.826148e+01
4.806633e+04	-1.831448e+01
4.834395e+04	-1.835211e+01
4.862319e+04	-1.839638e+01
4.890403e+04	-1.841282e+01
4.918650e+04	-1.846819e+01
4.947060e+04	-1.848996e+01
4.975634e+04	-1.853043e+01
5.004373e+04	-1.855710e+01
5.033278e+04	-1.858976e+01
5.062350e+04	-1.862701e+01
5.091590e+04	-1.865391e+01
5.120999e+04	-1.869405e+01
5.150578e+04	-1.873485e+01
5.180327e+04	-1.877314e+01
5.210248e+04	-1.878911e+01
5.240343e+04	-1.882993e+01
5.270611e+04	-1.885025e+01
5.301053e+04	-1.889893e+01
5.331672e+04	-1.890418e+01
5.362468e+04	-1.895061e+01
5.393441e+04	-1.898983e+01
5.424593e+04	-1.901516e+01
5.455926e+04	-1.905684e+01
5.487439e+04	-1.906880e+01
5.519134e+04	-1.909940e+01
5.551012e+04	-1.912999e+01
5.583075e+04	-1.916644e+01
5.615322e+04	-1.919329e+01
5.647756e+04	-1.923126e+01
5.680377e+04	-1.927987e+01
5.713187e+04	-1.927885e+01
5.746186e+04	-1.931030e+01
5.779376e+04	-1.932910e+01
5.812757e+04	-1.936561e+01
5.846332e+04	-1.938771e+01
5.880100e+04	-1.943300e+01
5.914063e+04	-1.945294e+01
5.948222e+04	-1.948847e+01
5.982579e+04	-1.951050e+01
6.017134e+04	-1.953567e+01
6.051889e+04	-1.955685e+01
6.086844e+04	-1.959776e+01
6.122002e+04	-1.959943e+01
6.157362e+04	-1.966391e+01
6.192927e+04	-1.965712e+01
6.228697e+04	-1.969689e+01
6.264674e+04	-1.971679e+01
6.300858e+04	-1.973562e+01
6.337252e+04	-1.975860e+01
6.373855e+04	-1.979702e+01
6.410670e+04	-1.982093e+01
6.447698e+04	-1.984773e+01
6.484940e+04	-1.985107e+01
6.522397e+04	-1.988802e+01
6.560070e+04	-1.988595e+01
6.597960e+04	-1.992676e+01
6.636070e+04	-1.994756e+01
6.674400e+04	-1.997992e+01
6.712951e+04	-1.999105e+01
6.751724e+04	-2.001201e+01
6.790722e+04	-2.002231e+01
6.829945e+04	-2.004002e+01
6.869395e+04	-2.003961e+01
6.909072e+04	-2.009864e+01
6.948978e+04	-2.009019e+01
6.989115e+04	-2.010813e+01
7.029484e+04	-2.011519e+01
7.070086e+04	-2.012895e+01
7.110923e+04	-2.016148e+01
7.151995e+04	-2.018225e+01
7.193305e+04	-2.018730e+01
7.234853e+04	-2.019747e+01
7.276641e+04	-2.023859e+01
7.318671e+04	-2.025292e+01
7.360943e+04	-2.025783e+01
7.403460e+04	-2.027525e+01
7.446222e+04	-2.028971e+01
7.489231e+04	-2.029556e+01
7.532488e+04	-2.031359e+01
7.575996e+04	-2.032583e+01
7.619754e+04	-2.031784e+01
7.663766e+04	-2.034847e+01
7.708031e+04	-2.035115e+01
7.752553e+04	-2.033706e+01
7.797331e+04	-2.036519e+01
7.842368e+04	-2.037529e+01
7.887665e+04	-2.037898e+01
7.933224e+04	-2.036983e+01
7.979046e+04	-2.038237e+01
8.025133e+04	-2.039866e+01
8.071486e+04	-2.040315e+01
8.118106e+04	-2.040419e+01
8.164996e+04	-2.039497e+01
8.212157e+04	-2.041306e+01
8.259590e+04	-2.041306e+01
8.307297e+04	-2.041763e+01
8.355279e+04	-2.040639e+01
8.403539e+04	-2.043278e+01
8.452078e+04	-2.040570e+01
8.500897e+04	-2.042432e+01
8.549997e+04	-2.042154e+01
8.599382e+04	-2.038817e+01
8.649052e+04	-2.043175e+01
8.699008e+04	-2.039190e+01
8.749253e+04	-2.039275e+01
8.799789e+04	-2.038690e+01
8.850616e+04	-2.037493e+01
8.901737e+04	-2.036853e+01
8.953153e+04	-2.034791e+01
9.004866e+04	-2.036300e+01
9.056877e+04	-2.034877e+01
9.109190e+04	-2.034424e+01
9.161804e+04	-2.032030e+01
9.214722e+04	-2.031985e+01
9.267946e+04	-2.029700e+01
9.321477e+04	-2.027101e+01
9.375318e+04	-2.026992e+01
9.429469e+04	-2.026229e+01
9.483933e+04	-2.023072e+01
9.538712e+04	-2.017994e+01
9.593807e+04	-2.019623e+01
9.649221e+04	-2.017421e+01
9.704954e+04	-2.014306e+01
9.761010e+04	-2.012587e+01
9.817389e+04	-2.010738e+01
9.874094e+04	-2.008238e+01
9.931126e+04	-2.004777e+01
9.988488e+04	-2.002340e+01
1.004618e+05	-1.999360e+01
1.010421e+05	-1.994411e+01
1.016257e+05	-1.993072e+01
1.022127e+05	-1.987708e+01
1.028031e+05	-1.985073e+01
1.033968e+05	-1.981795e+01
1.039941e+05	-1.976819e+01
1.045947e+05	-1.973951e+01
1.051989e+05	-1.971919e+01
1.058065e+05	-1.965537e+01
1.064176e+05	-1.961040e+01
1.070323e+05	-1.955242e+01
1.076505e+05	-1.952397e+01
1.082723e+05	-1.947583e+01
1.088977e+05	-1.941276e+01
1.095266e+05	-1.938088e+01
1.101593e+05	-1.929846e+01
1.107955e+05	-1.923598e+01
1.114355e+05	-1.919247e+01
1.120791e+05	-1.912983e+01
1.127265e+05	-1.905656e+01
1.133776e+05	-1.901314e+01
1.140325e+05	-1.892448e+01
1.146911e+05	-1.886899e+01
1.153536e+05	-1.879488e+01
1.160198e+05	-1.873351e+01
1.166900e+05	-1.865793e+01
1.173640e+05	-1.856841e+01
1.180419e+05	-1.847749e+01
1.187237e+05	-1.840408e+01
1.194094e+05	-1.831432e+01
1.200991e+05	-1.821550e+01
1.207928e+05	-1.812577e+01
1.214905e+05	-1.803349e+01
1.221922e+05	-1.792068e+01
1.228980e+05	-1.782191e+01
1.236078e+05	-1.773963e+01
1.243218e+05	-1.759635e+01
1.250399e+05	-1.748272e+01
1.257621e+05	-1.740421e+01
1.264885e+05	-1.726789e+01
1.272191e+05	-1.713333e+01
1.279539e+05	-1.701321e+01
1.286930e+05	-1.687608e+01
1.294363e+05	-1.674927e+01
1.301839e+05	-1.660073e+01
1.309358e+05	-1.645262e+01
1.316921e+05	-1.629288e+01
1.324528e+05	-1.612200e+01
1.332178e+05	-1.596608e+01
1.339873e+05	-1.577476e+01
1.347612e+05	-1.560671e+01
1.355395e+05	-1.543314e+01
1.363224e+05	-1.524936e+01
1.371098e+05	-1.506358e+01
1.379018e+05	-1.484263e+01
1.386983e+05	-1.464626e+01
1.394994e+05	-1.441874e+01
1.403051e+05	-1.417947e+01
1.411155e+05	-1.395148e+01
1.419306e+05	-1.371981e+01
1.427504e+05	-1.344296e+01
1.435749e+05	-1.318366e+01
1.444042e+05	-1.289049e+01
1.452383e+05	-1.259344e+01
1.460772e+05	-1.229659e+01
1.469209e+05	-1.196271e+01
1.477695e+05	-1.163559e+01
1.486230e+05	-1.126255e+01
1.494814e+05	-1.087850e+01
1.503448e+05	-1.049313e+01
1.512132e+05	-1.008444e+01
1.520866e+05	-9.620717e+00
1.529651e+05	-9.142857e+00
1.538486e+05	-8.656879e+00
1.547372e+05	-8.128472e+00
1.556310e+05	-7.581036e+00
1.565299e+05	-6.979764e+00
1.574340e+05	-6.348062e+00
1.583433e+05	-5.688411e+00
1.592579e+05	-4.955532e+00
1.601778e+05	-4.214091e+00
1.611030e+05	-3.421764e+00
1.620335e+05	-2.641611e+00
1.629694e+05	-1.841704e+00
1.639107e+05	-1.127331e+00
1.648574e+05	-5.385347e-01
1.658097e+05	-1.710390e-01
1.667674e+05	-9.214778e-02
1.677306e+05	-3.017548e-01
1.686994e+05	-8.192748e-01
1.696738e+05	-1.508766e+00
1.706538e+05	-2.300221e+00
1.716395e+05	-3.149291e+00
1.726309e+05	-3.982309e+00
1.736280e+05	-4.805349e+00
1.746309e+05	-5.593517e+00
1.756395e+05	-6.348753e+00
1.766540e+05	-7.053578e+00
1.776744e+05	-7.751923e+00
1.787006e+05	-8.383952e+00
1.797328e+05	-8.982152e+00
1.807709e+05	-9.557408e+00
1.818150e+05	-1.008370e+01
1.828652e+05	-1.059278e+01
1.839214e+05	-1.106350e+01
1.849837e+05	-1.153542e+01
1.860522e+05	-1.197458e+01
1.871268e+05	-1.240601e+01
1.882077e+05	-1.277865e+01
1.892948e+05	-1.314935e+01
1.903881e+05	-1.352404e+01
1.914878e+05	-1.389041e+01
1.925938e+05	-1.422548e+01
1.937062e+05	-1.452212e+01
1.948251e+05	-1.482408e+01
1.959504e+05	-1.513351e+01
1.970822e+05	-1.542458e+01
1.982205e+05	-1.569926e+01
1.993654e+05	-1.596840e+01
2.005169e+05	-1.620412e+01
2.016751e+05	-1.646950e+01
2.028400e+05	-1.670272e+01
2.040116e+05	-1.692801e+01
2.051899e+05	-1.713861e+01
2.063751e+05	-1.733927e+01
2.075671e+05	-1.755310e+01
2.087660e+05	-1.774437e+01
2.099719e+05	-1.790376e+01
2.111846e+05	-1.809396e+01
2.124044e+05	-1.825949e+01
2.136313e+05	-1.845629e+01
2.148652e+05	-1.858557e+01
2.161063e+05	-1.874116e+01
2.173545e+05	-1.887530e+01
2.186099e+05	-1.901433e+01
2.198726e+05	-1.917216e+01
2.211426e+05	-1.927794e+01
2.224199e+05	-1.940308e+01
2.237046e+05	-1.951983e+01
2.249967e+05	-1.962325e+01
2.262962e+05	-1.974418e+01
2.276033e+05	-1.979781e+01
2.289179e+05	-1.991250e+01
2.302402e+05	-1.999766e+01
2.315700e+05	-2.006586e+01
2.329076e+05	-2.012794e+01
2.342528e+05	-2.019644e+01
2.356059e+05	-2.025245e+01
2.369667e+05	-2.031684e+01
2.383354e+05	-2.036656e+01
2.397120e+05	-2.037530e+01
2.410966e+05	-2.043845e+01
2.424892e+05	-2.046761e+01
2.438898e+05	-2.049360e+01
2.452985e+05	-2.051844e+01
2.467153e+05	-2.048892e+01
2.481403e+05	-2.050842e+01
2.495736e+05	-2.051254e+01
2.510151e+05	-2.049698e+01
2.524650e+05	-2.045492e+01
2.539232e+05	-2.045730e+01
2.553898e+05	-2.042576e+01
2.568650e+05	-2.037097e+01
2.583486e+05	-2.032967e+01
2.598408e+05	-2.026822e+01
2.613416e+05	-2.020362e+01
2.628511e+05	-2.011703e+01
2.643694e+05	-2.002514e+01
2.658963e+05	-1.994765e+01
2.674321e+05	-1.984905e+01
2.689768e+05	-1.974880e+01
2.705304e+05	-1.960361e+01
2.720930e+05	-1.946745e+01
2.736646e+05	-1.932210e+01
2.752453e+05	-1.916609e+01
2.768351e+05	-1.900545e+01
2.784341e+05	-1.882555e+01
2.800423e+05	-1.861145e+01
2.816598e+05	-1.841170e+01
2.832867e+05	-1.819266e+01
2.849229e+05	-1.793084e+01
2.865686e+05	-1.766228e+01
2.882238e+05	-1.739715e+01
2.898886e+05	-1.707714e+01
2.915630e+05	-1.676063e+01
2.932470e+05	-1.638822e+01
2.949408e+05	-1.601417e+01
2.966444e+05	-1.562476e+01
2.983578e+05	-1.516002e+01
3.000811e+05	-1.466060e+01
3.018143e+05	-1.416160e+01
3.035576e+05	-1.356589e+01
3.053109e+05	-1.294615e+01
3.070744e+05	-1.223641e+01
3.088481e+05	-1.148521e+01
3.106320e+05	-1.063644e+01
3.124261e+05	-9.681323e+00
3.142307e+05	-8.605126e+00
3.160457e+05	-7.380987e+00
3.178712e+05	-5.980747e+00
3.197072e+05	-4.402614e+00
3.215538e+05	-2.655942e+00
3.234111e+05	-1.008431e+00
3.252791e+05	1.761824e-02
3.271579e+05	-3.243690e-01
3.290475e+05	-1.766887e+00
3.309481e+05	-3.566596e+00
3.328596e+05	-5.332557e+00
3.347822e+05	-6.901703e+00
3.367159e+05	-8.311788e+00
3.386608e+05	-9.499561e+00
3.406169e+05	-1.059916e+01
3.425842e+05	-1.158927e+01
3.445630e+05	-1.246634e+01
3.465532e+05	-1.325714e+01
3.485549e+05	-1.397754e+01
3.505681e+05	-1.464380e+01
3.525930e+05	-1.525602e+01
3.546295e+05	-1.581550e+01
3.566778e+05	-1.634777e+01
3.587380e+05	-1.680592e+01
3.608101e+05	-1.726603e+01
3.628941e+05	-1.767840e+01
3.649901e+05	-1.804520e+01
3.670983e+05	-1.841159e+01
3.692187e+05	-1.874470e+01
3.713513e+05	-1.904538e+01
3.734962e+05	-1.932623e+01
3.756535e+05	-1.958413e+01
3.778232e+05	-1.982779e+01
3.800055e+05	-2.002733e+01
3.822004e+05	-2.022016e+01
3.844080e+05	-2.038892e+01
3.866283e+05	-2.054051e+01
3.888615e+05	-2.067806e+01
3.911075e+05	-2.076912e+01
3.933665e+05	-2.087167e+01
3.956386e+05	-2.096904e+01
3.979238e+05	-2.101557e+01
4.002222e+05	-2.104481e+01
4.025338e+05	-2.104812e+01
4.048589e+05	-2.106611e+01
4.071973e+05	-2.104465e+01
4.095493e+05	-2.097922e+01
4.119148e+05	-2.094992e+01
4.142940e+05	-2.083008e+01
4.166870e+05	-2.070282e+01
4.190937e+05	-2.057519e+01
4.215144e+05	-2.040134e+01
4.239490e+05	-2.020085e+01
4.263978e+05	-1.998685e+01
4.288606e+05	-1.974964e+01
4.313377e+05	-1.942667e+01
4.338291e+05	-1.911367e+01
4.363349e+05	-1.874809e+01
4.388551e+05	-1.831188e+01
4.413899e+05	-1.786432e+01
4.439394e+05	-1.731522e+01
4.465035e+05	-1.672021e+01
4.490825e+05	-1.605627e+01
4.516764e+05	-1.532710e+01
4.542853e+05	-1.442256e+01
4.569092e+05	-1.344378e+01
4.595483e+05	-1.228142e+01
4.622026e+05	-1.089092e+01
4.648723e+05	-9.233354e+00
4.675574e+05	-7.214563e+00
4.702580e+05	-4.680060e+00
4.729742e+05	-1.802486e+00
4.757060e+05	-4.267581e-02
4.784537e+05	-1.641712e+00
4.812172e+05	-4.617563e+00
4.839967e+05	-7.251915e+00
4.867923e+05	-9.384066e+00
4.896040e+05	-1.113420e+01
4.924319e+05	-1.261353e+01
4.952762e+05	-1.388215e+01
4.981369e+05	-1.493459e+01
5.010141e+05	-1.588140e+01
5.039079e+05	-1.671745e+01
5.068185e+05	-1.743024e+01
5.097458e+05	-1.808661e+01
5.126901e+05	-1.866546e+01
5.156514e+05	-1.913995e+01
5.186298e+05	-1.959160e+01
5.216253e+05	-1.998623e+01
5.246382e+05	-2.031481e+01
5.276685e+05	-2.058929e+01
5.307163e+05	-2.082875e+01
5.337817e+05	-2.100960e+01
5.368648e+05	-2.116749e+01
5.399657e+05	-2.125548e+01
5.430845e+05	-2.129887e+01
5.462214e+05	-2.129850e+01
5.493763e+05	-2.128687e+01
5.525495e+05	-2.118893e+01
5.557410e+05	-2.102124e+01
5.589509e+05	-2.083770e+01
5.621794e+05	-2.057310e+01
5.654265e+05	-2.024146e+01
5.686924e+05	-1.986329e+01
5.719772e+05	-1.938653e+01
5.752809e+05	-1.881746e+01
5.786037e+05	-1.812514e+01
5.819457e+05	-1.733045e+01
5.853070e+05	-1.637404e+01
5.886877e+05	-1.523683e+01
5.920879e+05	-1.379106e+01
5.955078e+05	-1.204508e+01
5.989474e+05	-9.743655e+00
6.024069e+05	-6.632332e+00
6.058864e+05	-2.488795e+00
6.093860e+05	-2.922063e-01
6.129058e+05	-4.125098e+00
6.164459e+05	-8.059456e+00
6.200064e+05	-1.094707e+01
6.235876e+05	-1.312588e+01
6.271894e+05	-1.486911e+01
6.308120e+05	-1.629169e+01
6.344555e+05	-1.744675e+01
6.381201e+05	-1.843810e+01
6.418059e+05	-1.924994e+01
6.455129e+05	-1.993789e+01
6.492414e+05	-2.050043e+01
6.529914e+05	-2.095941e+01
6.567630e+05	-2.133280e+01
6.605565e+05	-2.159099e+01
6.643718e+05	-2.176293e+01
6.682092e+05	-2.186678e+01
6.720688e+05	-2.184982e+01
6.759506e+05	-2.175555e+01
6.798549e+05	-2.153692e+01
6.837817e+05	-2.121159e+01
6.877312e+05	-2.077717e+01
6.917035e+05	-2.016550e+01
6.956987e+05	-1.942202e+01
6.997171e+05	-1.845280e+01
7.037586e+05	-1.721598e+01
7.078235e+05	-1.560858e+01
7.119118e+05	-1.344069e+01
7.160238e+05	-1.041253e+01
7.201595e+05	-5.665195e+00
7.243191e+05	4.185595e-01
7.285028e+05	-4.953487e+00
7.327106e+05	-1.023632e+01
7.369427e+05	-1.361689e+01
7.411992e+05	-1.604524e+01
7.454804e+05	-1.785145e+01
7.497862e+05	-1.927298e+01
7.541170e+05	-2.039025e+01
7.584727e+05	-2.129883e+01
7.628536e+05	-2.196250e+01
7.672598e+05	-2.246920e+01
7.716915e+05	-2.280423e+01
7.761488e+05	-2.296630e+01
7.806318e+05	-2.294693e+01
7.851407e+05	-2.279958e+01
7.896756e+05	-2.241577e+01
7.942367e+05	-2.184469e+01
7.988242e+05	-2.099023e+01
8.034382e+05	-1.981462e+01
8.080788e+05	-1.819847e+01
8.127463e+05	-1.588746e+01
8.174406e+05	-1.237036e+01
8.221621e+05	-6.109511e+00
8.269109e+05	-1.186792e+00
8.316871e+05	-1.005037e+01
8.364909e+05	-1.484109e+01
8.413225e+05	-1.787009e+01
8.461819e+05	-1.996194e+01
8.510694e+05	-2.149043e+01
8.559852e+05	-2.261964e+01
8.609293e+05	-2.338219e+01
8.659020e+05	-2.383987e+01
8.709034e+05	-2.398901e+01
8.759337e+05	-2.388111e+01
8.809931e+05	-2.340786e+01
8.860816e+05	-2.260039e+01
8.911996e+05	-2.126252e+01
8.963471e+05	-1.926872e+01
9.015244e+05	-1.606606e+01
9.067316e+05	-1.016832e+01
9.119688e+05	-2.279970e-01
9.172363e+05	-1.197950e+01
9.225342e+05	-1.730906e+01
9.278628e+05	-2.038541e+01
9.332221e+05	-2.237692e+01
9.386123e+05	-2.358250e+01
9.440337e+05	-2.427588e+01
9.494864e+05	-2.439907e+01
9.549706e+05	-2.398541e+01
9.604865e+05	-2.287428e+01
9.660342e+05	-2.078015e+01
9.716140e+05	-1.697010e+01
9.772260e+05	-8.035523e+00
9.828704e+05	-9.491754e+00
9.885474e+05	-1.816221e+01
9.942572e+05	-2.223026e+01
1.000000e+06	-2.457032e+01
