Frequency(Hz)	Magnitude(dB)
1.000000e+01	-1.212863e-05
1.005776e+01	-1.978368e-05
1.011585e+01	3.386169e-05
1.017428e+01	5.826671e-05
1.023305e+01	1.358831e-04
1.029215e+01	-2.304495e-05
1.035160e+01	3.201738e-05
1.041139e+01	5.042374e-05
1.047153e+01	-1.124294e-04
1.053201e+01	3.203404e-05
1.059284e+01	1.527416e-05
1.065403e+01	8.526508e-05
1.071556e+01	9.739036e-05
1.077746e+01	1.363939e-06
1.083971e+01	-9.009313e-05
1.090232e+01	-1.171453e-04
1.096529e+01	-2.416203e-05
1.102862e+01	-7.580201e-07
1.109232e+01	-2.308461e-05
1.115639e+01	-4.847902e-06
1.122083e+01	-1.695363e-04
1.128564e+01	-8.489284e-05
1.135083e+01	-5.184450e-05
1.141639e+01	1.149621e-05
1.148233e+01	4.230124e-07
1.154865e+01	6.405345e-05
1.161536e+01	-7.000163e-05
1.168245e+01	-6.934611e-05
1.174992e+01	1.145793e-05
1.181779e+01	8.615093e-06
1.188605e+01	-1.991257e-05
1.195470e+01	-8.558837e-05
1.202375e+01	3.936398e-05
1.209320e+01	-9.124932e-05
1.216305e+01	1.126596e-04
1.223330e+01	-1.159286e-06
1.230396e+01	8.732283e-05
1.237503e+01	6.696233e-05
1.244651e+01	-1.802177e-04
1.251840e+01	-1.251373e-05
1.259070e+01	-1.138154e-04
1.266343e+01	2.146161e-05
1.273657e+01	2.589815e-05
1.281014e+01	9.630232e-06
1.288413e+01	-7.077515e-05
1.295855e+01	8.806670e-05
1.303339e+01	-4.833104e-05
1.310867e+01	-9.626132e-05
1.318439e+01	-5.342014e-05
1.326054e+01	5.546155e-05
1.333713e+01	-4.161119e-05
1.341417e+01	-6.288101e-05
1.349165e+01	-6.278424e-05
1.356958e+01	-4.241474e-05
1.364795e+01	6.577182e-05
1.372678e+01	-5.207571e-05
1.380607e+01	-1.573635e-04
1.388581e+01	-7.386172e-05
1.396602e+01	-5.321647e-05
1.404668e+01	-1.923501e-04
1.412782e+01	-6.588139e-05
1.420942e+01	5.466760e-05
1.429149e+01	4.645768e-05
1.437404e+01	-3.306078e-05
1.445706e+01	-3.443455e-05
1.454057e+01	-1.945716e-04
1.462455e+01	-1.086591e-04
1.470902e+01	2.831407e-06
1.479398e+01	1.042628e-04
1.487943e+01	-1.222676e-04
1.496537e+01	-1.397458e-04
1.505181e+01	-8.271726e-05
1.513875e+01	-6.258451e-05
1.522619e+01	5.679515e-05
1.531414e+01	-1.779345e-04
1.540259e+01	-1.399627e-04
1.549156e+01	-1.652440e-06
1.558103e+01	5.737800e-05
1.567103e+01	-2.479489e-05
1.576155e+01	-1.452015e-04
1.585258e+01	1.844667e-05
1.594415e+01	8.417106e-05
1.603624e+01	-6.487512e-05
1.612886e+01	-1.956765e-04
1.622202e+01	-1.310417e-06
1.631572e+01	7.890511e-06
1.640996e+01	-8.531705e-05
1.650474e+01	3.370915e-05
1.660008e+01	4.013031e-05
1.669596e+01	1.633030e-05
1.679239e+01	1.239518e-04
1.688938e+01	3.595499e-05
1.698694e+01	-1.183566e-04
1.708505e+01	-7.145363e-05
1.718373e+01	2.709317e-05
1.728299e+01	-3.557292e-05
1.738281e+01	6.588450e-05
1.748322e+01	-4.881065e-05
1.758420e+01	-9.592607e-05
1.768576e+01	5.013374e-05
1.778792e+01	-1.590225e-04
1.789066e+01	-9.758162e-05
1.799399e+01	6.194468e-05
1.809793e+01	8.295652e-06
1.820246e+01	2.614206e-05
1.830760e+01	-1.257708e-04
1.841334e+01	-1.027390e-05
1.851969e+01	-2.003985e-04
1.862666e+01	-1.569118e-05
1.873425e+01	4.814001e-05
1.884246e+01	-8.298462e-06
1.895129e+01	-6.710738e-05
1.906075e+01	-4.629805e-05
1.917085e+01	-1.029172e-04
1.928158e+01	-2.896705e-05
1.939295e+01	-8.867866e-05
1.950496e+01	-1.648225e-04
1.961762e+01	-1.620003e-04
1.973093e+01	-8.141671e-05
1.984490e+01	-7.436617e-05
1.995952e+01	-4.004006e-07
2.007480e+01	-8.681158e-05
2.019076e+01	2.469907e-06
2.030738e+01	-6.529269e-05
2.042467e+01	-2.025884e-04
2.054264e+01	-1.694662e-04
2.066130e+01	-4.261634e-05
2.078064e+01	-1.814676e-04
2.090066e+01	1.121682e-04
2.102139e+01	-1.078315e-04
2.114280e+01	3.127441e-05
2.126492e+01	1.403432e-05
2.138775e+01	-1.597895e-04
2.151128e+01	-5.676036e-05
2.163553e+01	-1.661803e-04
2.176050e+01	-1.288237e-04
2.188619e+01	-2.411726e-04
2.201260e+01	-9.361596e-06
2.213974e+01	-6.427848e-05
2.226762e+01	-1.780111e-04
2.239624e+01	-1.781068e-04
2.252560e+01	-3.893168e-05
2.265571e+01	-5.722072e-05
2.278656e+01	1.907044e-05
2.291818e+01	-2.601056e-04
2.305055e+01	4.887555e-05
2.318369e+01	-1.335171e-05
2.331760e+01	1.079059e-04
2.345228e+01	-6.232492e-05
2.358774e+01	-1.621134e-04
2.372398e+01	-6.172409e-05
2.386101e+01	-1.578383e-04
2.399883e+01	5.738972e-05
2.413745e+01	-1.093733e-04
2.427686e+01	8.244567e-06
2.441709e+01	-8.302359e-05
2.455812e+01	-2.226322e-04
2.469997e+01	1.573231e-06
2.484263e+01	-2.833880e-05
2.498612e+01	-2.143320e-04
2.513044e+01	-1.284748e-04
2.527559e+01	-1.006311e-04
2.542158e+01	-3.020284e-04
2.556842e+01	1.479123e-05
2.571610e+01	-2.131121e-05
2.586463e+01	7.689499e-05
2.601403e+01	-1.770957e-04
2.616428e+01	-1.554942e-04
2.631541e+01	-1.411477e-04
2.646740e+01	-2.075374e-05
2.662028e+01	-1.409577e-04
2.677404e+01	2.688109e-05
2.692868e+01	-1.457640e-04
2.708422e+01	-1.072862e-04
2.724066e+01	-6.061913e-05
2.739800e+01	-2.009926e-05
2.755625e+01	-4.613825e-05
2.771541e+01	-2.481389e-04
2.787550e+01	-6.957853e-05
2.803650e+01	-5.376825e-05
2.819844e+01	-2.910979e-04
2.836131e+01	-9.701621e-05
2.852513e+01	-8.490951e-05
2.868989e+01	-2.084942e-04
2.885560e+01	-2.317071e-04
2.902227e+01	-6.061356e-05
2.918990e+01	-1.610354e-04
2.935850e+01	-6.370939e-05
2.952807e+01	-1.298200e-04
2.969863e+01	-1.642576e-04
2.987016e+01	-1.238720e-04
3.004269e+01	-2.783237e-04
3.021622e+01	-5.657629e-05
3.039075e+01	-1.889389e-04
3.056628e+01	-1.433642e-04
3.074283e+01	-1.130531e-04
3.092040e+01	-2.163447e-04
3.109900e+01	4.858722e-05
3.127862e+01	-5.371395e-05
3.145929e+01	-1.185196e-04
3.164099e+01	-2.555615e-04
3.182375e+01	-6.194990e-06
3.200756e+01	-2.375841e-04
3.219244e+01	-7.228249e-05
3.237838e+01	-8.733114e-05
3.256540e+01	-7.421498e-05
3.275349e+01	-2.578362e-04
3.294268e+01	-2.169658e-04
3.313295e+01	-1.557545e-04
3.332433e+01	-2.580522e-05
3.351681e+01	-1.811022e-04
3.371040e+01	-1.670180e-04
3.390511e+01	-1.957621e-04
3.410094e+01	-4.041060e-05
3.429791e+01	-1.984587e-04
3.449601e+01	-1.162614e-04
3.469526e+01	-1.830959e-04
3.489566e+01	-2.572769e-04
3.509721e+01	-1.833890e-04
3.529993e+01	-1.357801e-04
3.550382e+01	-1.798346e-04
3.570889e+01	2.652133e-05
3.591515e+01	-1.312805e-04
3.612259e+01	-2.135442e-04
3.633123e+01	-1.295500e-04
3.654108e+01	-1.783549e-04
3.675214e+01	-1.859486e-04
3.696442e+01	-2.712179e-04
3.717792e+01	-3.036638e-04
3.739266e+01	-1.001926e-04
3.760864e+01	-3.698985e-04
3.782587e+01	-2.476175e-04
3.804435e+01	-2.430529e-04
3.826409e+01	-1.291595e-04
3.848510e+01	-1.805323e-04
3.870739e+01	-2.711615e-04
3.893096e+01	-1.619559e-04
3.915583e+01	-2.157139e-04
3.938199e+01	-2.391235e-04
3.960946e+01	-3.160304e-04
3.983824e+01	-2.213662e-04
4.006834e+01	-3.955014e-04
4.029978e+01	-2.765506e-04
4.053255e+01	-3.166155e-04
4.076666e+01	-4.176697e-04
4.100213e+01	-3.432638e-04
4.123896e+01	-2.315651e-04
4.147715e+01	-1.726607e-04
4.171672e+01	-2.943057e-04
4.195767e+01	-2.388750e-04
4.220002e+01	-4.349807e-04
4.244377e+01	-3.100907e-04
4.268892e+01	-4.079259e-04
4.293549e+01	-3.006565e-04
4.318348e+01	-3.967485e-04
4.343291e+01	-2.928052e-04
4.368377e+01	-2.035400e-04
4.393609e+01	-3.455286e-04
4.418986e+01	-2.705852e-04
4.444510e+01	-2.049288e-04
4.470182e+01	-2.101831e-04
4.496001e+01	-4.037003e-04
4.521970e+01	-2.184877e-04
4.548089e+01	-3.252877e-04
4.574358e+01	-3.842294e-04
4.600779e+01	-4.218437e-04
4.627353e+01	-2.917428e-04
4.654081e+01	-3.806425e-04
4.680963e+01	-3.341241e-04
4.708000e+01	-3.429611e-04
4.735193e+01	-4.555900e-04
4.762543e+01	-4.474617e-04
4.790051e+01	-3.842613e-04
4.817719e+01	-2.833780e-04
4.845545e+01	-4.011029e-04
4.873533e+01	-3.612385e-04
4.901682e+01	-3.757181e-04
4.929994e+01	-5.209500e-04
4.958470e+01	-1.799492e-04
4.987110e+01	-4.219165e-04
5.015915e+01	-2.309015e-04
5.044887e+01	-3.273893e-04
5.074026e+01	-3.564736e-04
5.103333e+01	-4.651943e-04
5.132810e+01	-4.045385e-04
5.162457e+01	-4.415392e-04
5.192275e+01	-3.841237e-04
5.222265e+01	-5.738559e-04
5.252429e+01	-4.281810e-04
5.282767e+01	-4.256520e-04
5.313280e+01	-3.038182e-04
5.343969e+01	-4.703428e-04
5.374836e+01	-3.902821e-04
5.405880e+01	-4.418117e-04
5.437105e+01	-4.784399e-04
5.468509e+01	-4.193046e-04
5.500095e+01	-5.828090e-04
5.531863e+01	-3.840952e-04
5.563815e+01	-4.397369e-04
5.595951e+01	-4.499066e-04
5.628273e+01	-4.540324e-04
5.660782e+01	-5.246211e-04
5.693479e+01	-5.270434e-04
5.726364e+01	-4.640801e-04
5.759439e+01	-4.701561e-04
5.792705e+01	-6.554045e-04
5.826164e+01	-4.634220e-04
5.859815e+01	-4.867597e-04
5.893662e+01	-5.013406e-04
5.927703e+01	-5.874457e-04
5.961941e+01	-6.146680e-04
5.996377e+01	-5.342123e-04
6.031012e+01	-6.645647e-04
6.065847e+01	-4.721382e-04
6.100883e+01	-5.515933e-04
6.136121e+01	-5.399642e-04
6.171563e+01	-6.617898e-04
6.207210e+01	-6.573853e-04
6.243063e+01	-6.799214e-04
6.279122e+01	-7.100941e-04
6.315390e+01	-6.469453e-04
6.351868e+01	-6.475961e-04
6.388556e+01	-6.972623e-04
6.425456e+01	-5.617313e-04
6.462569e+01	-7.007714e-04
6.499897e+01	-7.791585e-04
6.537440e+01	-7.392649e-04
6.575200e+01	-7.374566e-04
6.613178e+01	-7.595191e-04
6.651375e+01	-6.190650e-04
6.689793e+01	-6.472281e-04
6.728433e+01	-6.811351e-04
6.767297e+01	-6.575398e-04
6.806384e+01	-6.509743e-04
6.845698e+01	-6.094145e-04
6.885238e+01	-6.515054e-04
6.925007e+01	-8.797089e-04
6.965005e+01	-8.275300e-04
7.005235e+01	-7.805431e-04
7.045697e+01	-7.216443e-04
7.086393e+01	-9.235550e-04
7.127323e+01	-7.304563e-04
7.168490e+01	-9.116748e-04
7.209895e+01	-9.125710e-04
7.251539e+01	-7.800333e-04
7.293424e+01	-9.317667e-04
7.335551e+01	-7.273032e-04
7.377920e+01	-7.716890e-04
7.420535e+01	-9.158557e-04
7.463396e+01	-7.789069e-04
7.506504e+01	-8.135100e-04
7.549861e+01	-9.753013e-04
7.593469e+01	-9.338138e-04
7.637328e+01	-8.149508e-04
7.681441e+01	-1.025707e-03
7.725809e+01	-1.043453e-03
7.770433e+01	-1.034284e-03
7.815315e+01	-9.459610e-04
7.860456e+01	-1.033977e-03
7.905857e+01	-9.867196e-04
7.951521e+01	-1.012834e-03
7.997449e+01	-1.112669e-03
8.043642e+01	-1.030223e-03
8.090102e+01	-9.548276e-04
8.136830e+01	-1.066249e-03
8.183828e+01	-9.481450e-04
8.231097e+01	-1.071969e-03
8.278640e+01	-9.575409e-04
8.326457e+01	-1.059821e-03
8.374550e+01	-1.143867e-03
8.422921e+01	-1.129107e-03
8.471572e+01	-9.951378e-04
8.520503e+01	-1.055532e-03
8.569717e+01	-1.173698e-03
8.619215e+01	-1.192039e-03
8.669000e+01	-1.183662e-03
8.719071e+01	-1.205898e-03
8.769432e+01	-1.115146e-03
8.820084e+01	-1.101328e-03
8.871029e+01	-1.247626e-03
8.922267e+01	-1.227379e-03
8.973802e+01	-1.229385e-03
9.025634e+01	-1.260364e-03
9.077766e+01	-1.397451e-03
9.130199e+01	-1.185212e-03
9.182935e+01	-1.258466e-03
9.235975e+01	-1.284886e-03
9.289321e+01	-1.382051e-03
9.342976e+01	-1.383802e-03
9.396941e+01	-1.436505e-03
9.451217e+01	-1.571950e-03
9.505807e+01	-1.578849e-03
9.560712e+01	-1.356764e-03
9.615934e+01	-1.387963e-03
9.671476e+01	-1.375720e-03
9.727338e+01	-1.511004e-03
9.783522e+01	-1.453197e-03
9.840032e+01	-1.631505e-03
9.896867e+01	-1.489189e-03
9.954031e+01	-1.473273e-03
1.001153e+02	-1.506320e-03
1.006935e+02	-1.472506e-03
1.012751e+02	-1.684069e-03
1.018601e+02	-1.674410e-03
1.024484e+02	-1.572476e-03
1.030402e+02	-1.628176e-03
1.036353e+02	-1.670974e-03
1.042339e+02	-1.630038e-03
1.048360e+02	-1.692725e-03
1.054415e+02	-1.717342e-03
1.060505e+02	-1.779233e-03
1.066631e+02	-1.619086e-03
1.072791e+02	-1.881385e-03
1.078988e+02	-1.824496e-03
1.085220e+02	-1.865742e-03
1.091488e+02	-1.834738e-03
1.097793e+02	-1.846955e-03
1.104133e+02	-1.934224e-03
1.110511e+02	-1.858729e-03
1.116925e+02	-2.033930e-03
1.123376e+02	-2.003834e-03
1.129865e+02	-2.018700e-03
1.136391e+02	-2.157501e-03
1.142955e+02	-2.034249e-03
1.149556e+02	-2.187195e-03
1.156196e+02	-2.220158e-03
1.162874e+02	-2.132937e-03
1.169591e+02	-2.008873e-03
1.176347e+02	-2.197394e-03
1.183141e+02	-2.161613e-03
1.189975e+02	-2.152025e-03
1.196848e+02	-2.162962e-03
1.203761e+02	-2.085586e-03
1.210714e+02	-2.295155e-03
1.217707e+02	-2.460389e-03
1.224740e+02	-2.362283e-03
1.231814e+02	-2.370858e-03
1.238929e+02	-2.419783e-03
1.246085e+02	-2.407497e-03
1.253283e+02	-2.560003e-03
1.260522e+02	-2.579744e-03
1.267802e+02	-2.505306e-03
1.275125e+02	-2.523270e-03
1.282490e+02	-2.691342e-03
1.289898e+02	-2.505080e-03
1.297348e+02	-2.423905e-03
1.304842e+02	-2.789552e-03
1.312378e+02	-2.836676e-03
1.319959e+02	-2.621924e-03
1.327583e+02	-2.669383e-03
1.335251e+02	-2.775292e-03
1.342963e+02	-2.843541e-03
1.350720e+02	-2.879428e-03
1.358522e+02	-2.749043e-03
1.366368e+02	-2.863669e-03
1.374260e+02	-2.800902e-03
1.382198e+02	-3.035347e-03
1.390182e+02	-2.915869e-03
1.398211e+02	-3.110339e-03
1.406287e+02	-3.185443e-03
1.414410e+02	-3.102204e-03
1.422579e+02	-3.140211e-03
1.430796e+02	-3.061952e-03
1.439060e+02	-3.225599e-03
1.447372e+02	-3.139628e-03
1.455732e+02	-3.251548e-03
1.464141e+02	-3.462548e-03
1.472597e+02	-3.239986e-03
1.481103e+02	-3.522367e-03
1.489658e+02	-3.365037e-03
1.498262e+02	-3.538087e-03
1.506916e+02	-3.293114e-03
1.515620e+02	-3.517233e-03
1.524374e+02	-3.518834e-03
1.533179e+02	-3.783308e-03
1.542034e+02	-3.837226e-03
1.550941e+02	-3.745173e-03
1.559899e+02	-3.797071e-03
1.568909e+02	-3.892154e-03
1.577971e+02	-3.819257e-03
1.587085e+02	-3.764743e-03
1.596252e+02	-3.846125e-03
1.605472e+02	-4.065242e-03
1.614745e+02	-4.067895e-03
1.624072e+02	-4.255000e-03
1.633453e+02	-4.122378e-03
1.642887e+02	-4.280077e-03
1.652377e+02	-4.196426e-03
1.661921e+02	-4.263811e-03
1.671520e+02	-4.346090e-03
1.681175e+02	-4.361574e-03
1.690885e+02	-4.396745e-03
1.700651e+02	-4.502810e-03
1.710474e+02	-4.538930e-03
1.720354e+02	-4.472645e-03
1.730291e+02	-4.604332e-03
1.740285e+02	-4.701091e-03
1.750337e+02	-4.635543e-03
1.760446e+02	-4.892367e-03
1.770615e+02	-4.920713e-03
1.780842e+02	-4.863877e-03
1.791128e+02	-5.172667e-03
1.801473e+02	-4.917771e-03
1.811878e+02	-5.074646e-03
1.822344e+02	-5.218670e-03
1.832870e+02	-5.265794e-03
1.843456e+02	-5.296791e-03
1.854104e+02	-5.418495e-03
1.864813e+02	-5.345124e-03
1.875584e+02	-5.470627e-03
1.886418e+02	-5.497938e-03
1.897313e+02	-5.636482e-03
1.908272e+02	-5.753395e-03
1.919294e+02	-5.860955e-03
1.930380e+02	-5.766813e-03
1.941530e+02	-5.932100e-03
1.952744e+02	-5.962489e-03
1.964023e+02	-6.024511e-03
1.975367e+02	-6.062063e-03
1.986777e+02	-6.235221e-03
1.998252e+02	-6.071792e-03
2.009794e+02	-6.168210e-03
2.021403e+02	-6.421759e-03
2.033078e+02	-6.251506e-03
2.044821e+02	-6.381196e-03
2.056632e+02	-6.594106e-03
2.068511e+02	-6.605050e-03
2.080459e+02	-6.775650e-03
2.092475e+02	-6.834757e-03
2.104561e+02	-7.047377e-03
2.116717e+02	-6.838250e-03
2.128943e+02	-6.997981e-03
2.141240e+02	-7.176741e-03
2.153608e+02	-7.279013e-03
2.166047e+02	-7.188816e-03
2.178558e+02	-7.372075e-03
2.191141e+02	-7.393141e-03
2.203797e+02	-7.658493e-03
2.216526e+02	-7.479424e-03
2.229329e+02	-7.646206e-03
2.242205e+02	-7.840878e-03
2.255156e+02	-7.895304e-03
2.268182e+02	-7.940935e-03
2.281283e+02	-8.142555e-03
2.294459e+02	-8.173192e-03
2.307712e+02	-8.256783e-03
2.321041e+02	-8.384091e-03
2.334447e+02	-8.439995e-03
2.347931e+02	-8.680941e-03
2.361493e+02	-8.603765e-03
2.375133e+02	-8.704386e-03
2.388851e+02	-8.771729e-03
2.402649e+02	-8.827060e-03
2.416527e+02	-9.157288e-03
2.430484e+02	-9.186669e-03
2.444523e+02	-9.211254e-03
2.458642e+02	-9.362975e-03
2.472843e+02	-9.607202e-03
2.487126e+02	-9.539817e-03
2.501492e+02	-9.745227e-03
2.515940e+02	-9.757321e-03
2.530472e+02	-9.780065e-03
2.545088e+02	-1.002265e-02
2.559789e+02	-1.018208e-02
2.574574e+02	-1.038131e-02
2.589444e+02	-1.033377e-02
2.604401e+02	-1.045198e-02
2.619444e+02	-1.067864e-02
2.634574e+02	-1.083028e-02
2.649791e+02	-1.087996e-02
2.665096e+02	-1.086399e-02
2.680489e+02	-1.113803e-02
2.695972e+02	-1.134134e-02
2.711544e+02	-1.127686e-02
2.727205e+02	-1.153606e-02
2.742958e+02	-1.170059e-02
2.758801e+02	-1.185460e-02
2.774736e+02	-1.190390e-02
2.790762e+02	-1.218181e-02
2.806882e+02	-1.209878e-02
2.823094e+02	-1.239361e-02
2.839400e+02	-1.256765e-02
2.855800e+02	-1.276138e-02
2.872295e+02	-1.277256e-02
2.888886e+02	-1.284991e-02
2.905572e+02	-1.310957e-02
2.922354e+02	-1.316447e-02
2.939234e+02	-1.350680e-02
2.956211e+02	-1.350248e-02
2.973286e+02	-1.365992e-02
2.990459e+02	-1.388761e-02
3.007732e+02	-1.417354e-02
3.025104e+02	-1.424553e-02
3.042577e+02	-1.432553e-02
3.060151e+02	-1.448684e-02
3.077826e+02	-1.486981e-02
3.095604e+02	-1.479310e-02
3.113484e+02	-1.503812e-02
3.131467e+02	-1.528756e-02
3.149554e+02	-1.542774e-02
3.167746e+02	-1.573060e-02
3.186043e+02	-1.563289e-02
3.204445e+02	-1.578216e-02
3.222954e+02	-1.593178e-02
3.241570e+02	-1.633155e-02
3.260293e+02	-1.655865e-02
3.279124e+02	-1.655023e-02
3.298064e+02	-1.689803e-02
3.317114e+02	-1.710713e-02
3.336273e+02	-1.724648e-02
3.355544e+02	-1.739523e-02
3.374925e+02	-1.768711e-02
3.394418e+02	-1.778968e-02
3.414024e+02	-1.816577e-02
3.433744e+02	-1.825792e-02
3.453577e+02	-1.846401e-02
3.473525e+02	-1.869658e-02
3.493588e+02	-1.893063e-02
3.513766e+02	-1.936242e-02
3.534062e+02	-1.945976e-02
3.554474e+02	-1.964295e-02
3.575005e+02	-1.991977e-02
3.595654e+02	-1.996768e-02
3.616422e+02	-2.050763e-02
3.637311e+02	-2.061198e-02
3.658320e+02	-2.069606e-02
3.679450e+02	-2.115505e-02
3.700702e+02	-2.116640e-02
3.722077e+02	-2.162875e-02
3.743576e+02	-2.169556e-02
3.765199e+02	-2.210693e-02
3.786946e+02	-2.234923e-02
3.808820e+02	-2.260724e-02
3.830819e+02	-2.275640e-02
3.852946e+02	-2.316466e-02
3.875200e+02	-2.325985e-02
3.897583e+02	-2.351279e-02
3.920096e+02	-2.392753e-02
3.942738e+02	-2.405437e-02
3.965511e+02	-2.427424e-02
3.988416e+02	-2.479085e-02
4.011452e+02	-2.488013e-02
4.034622e+02	-2.519971e-02
4.057926e+02	-2.560331e-02
4.081365e+02	-2.590358e-02
4.104938e+02	-2.615262e-02
4.128648e+02	-2.645764e-02
4.152495e+02	-2.668013e-02
4.176480e+02	-2.712766e-02
4.200603e+02	-2.735643e-02
4.224866e+02	-2.780689e-02
4.249268e+02	-2.806146e-02
4.273812e+02	-2.831550e-02
4.298497e+02	-2.869742e-02
4.323325e+02	-2.895667e-02
4.348297e+02	-2.930802e-02
4.373412e+02	-2.970974e-02
4.398673e+02	-2.996528e-02
4.424079e+02	-3.023389e-02
4.449633e+02	-3.054194e-02
4.475334e+02	-3.104431e-02
4.501183e+02	-3.136245e-02
4.527182e+02	-3.188556e-02
4.553330e+02	-3.216188e-02
4.579630e+02	-3.243827e-02
4.606082e+02	-3.273252e-02
4.632687e+02	-3.329783e-02
4.659445e+02	-3.363697e-02
4.686358e+02	-3.399538e-02
4.713426e+02	-3.430862e-02
4.740650e+02	-3.461253e-02
4.768032e+02	-3.507292e-02
4.795572e+02	-3.560336e-02
4.823271e+02	-3.602467e-02
4.851130e+02	-3.644050e-02
4.879150e+02	-3.692855e-02
4.907332e+02	-3.724335e-02
4.935676e+02	-3.775395e-02
4.964185e+02	-3.818014e-02
4.992858e+02	-3.842298e-02
5.021696e+02	-3.900311e-02
5.050701e+02	-3.944414e-02
5.079874e+02	-3.985681e-02
5.109215e+02	-4.033214e-02
5.138726e+02	-4.084390e-02
5.168407e+02	-4.128714e-02
5.198259e+02	-4.173858e-02
5.228284e+02	-4.232064e-02
5.258482e+02	-4.272525e-02
5.288855e+02	-4.323521e-02
5.319403e+02	-4.384494e-02
5.350128e+02	-4.426000e-02
5.381030e+02	-4.474069e-02
5.412111e+02	-4.519778e-02
5.443371e+02	-4.587527e-02
5.474812e+02	-4.631388e-02
5.506434e+02	-4.696769e-02
5.538239e+02	-4.740560e-02
5.570228e+02	-4.783517e-02
5.602401e+02	-4.860970e-02
5.634760e+02	-4.907311e-02
5.667306e+02	-4.970890e-02
5.700040e+02	-5.024067e-02
5.732964e+02	-5.080290e-02
5.766077e+02	-5.159333e-02
5.799382e+02	-5.199188e-02
5.832879e+02	-5.270499e-02
5.866569e+02	-5.317326e-02
5.900454e+02	-5.384594e-02
5.934535e+02	-5.439235e-02
5.968813e+02	-5.509317e-02
6.003288e+02	-5.558773e-02
6.037963e+02	-5.625988e-02
6.072838e+02	-5.714931e-02
6.107914e+02	-5.757710e-02
6.143194e+02	-5.847063e-02
6.178676e+02	-5.891742e-02
6.214364e+02	-5.968495e-02
6.250258e+02	-6.027046e-02
6.286359e+02	-6.110766e-02
6.322669e+02	-6.176143e-02
6.359189e+02	-6.241683e-02
6.395919e+02	-6.331804e-02
6.432862e+02	-6.402464e-02
6.470017e+02	-6.472474e-02
6.507388e+02	-6.534466e-02
6.544974e+02	-6.608353e-02
6.582778e+02	-6.690458e-02
6.620800e+02	-6.770369e-02
6.659041e+02	-6.836527e-02
6.697504e+02	-6.913437e-02
6.736188e+02	-7.006553e-02
6.775096e+02	-7.073266e-02
6.814229e+02	-7.157464e-02
6.853587e+02	-7.231840e-02
6.893173e+02	-7.327193e-02
6.932988e+02	-7.414422e-02
6.973033e+02	-7.505493e-02
7.013309e+02	-7.568589e-02
7.053817e+02	-7.691591e-02
7.094560e+02	-7.758180e-02
7.135538e+02	-7.851349e-02
7.176752e+02	-7.938198e-02
7.218205e+02	-8.026823e-02
7.259897e+02	-8.117876e-02
7.301830e+02	-8.243878e-02
7.344005e+02	-8.300608e-02
7.386424e+02	-8.392909e-02
7.429087e+02	-8.512322e-02
7.471998e+02	-8.619099e-02
7.515155e+02	-8.702723e-02
7.558563e+02	-8.804097e-02
7.602221e+02	-8.900875e-02
7.646131e+02	-8.997897e-02
7.690295e+02	-9.100519e-02
7.734713e+02	-9.221743e-02
7.779389e+02	-9.297570e-02
7.824322e+02	-9.419054e-02
7.869515e+02	-9.527127e-02
7.914969e+02	-9.635404e-02
7.960686e+02	-9.745828e-02
8.006666e+02	-9.852735e-02
8.052912e+02	-9.957924e-02
8.099426e+02	-1.007107e-01
8.146208e+02	-1.021337e-01
8.193260e+02	-1.030963e-01
8.240584e+02	-1.042635e-01
8.288181e+02	-1.055526e-01
8.336053e+02	-1.068710e-01
8.384202e+02	-1.080692e-01
8.432629e+02	-1.092437e-01
8.481335e+02	-1.103268e-01
8.530323e+02	-1.116915e-01
8.579594e+02	-1.130145e-01
8.629149e+02	-1.142423e-01
8.678991e+02	-1.156595e-01
8.729120e+02	-1.169853e-01
8.779539e+02	-1.183382e-01
8.830250e+02	-1.195958e-01
8.881253e+02	-1.210265e-01
8.932551e+02	-1.223171e-01
8.984145e+02	-1.236802e-01
9.036037e+02	-1.252593e-01
9.088229e+02	-1.266431e-01
9.140722e+02	-1.280747e-01
9.193518e+02	-1.294932e-01
9.246620e+02	-1.309749e-01
9.300028e+02	-1.323618e-01
9.353744e+02	-1.338626e-01
9.407771e+02	-1.354868e-01
9.462110e+02	-1.371248e-01
9.516763e+02	-1.387737e-01
9.571731e+02	-1.403763e-01
9.627017e+02	-1.417373e-01
9.682622e+02	-1.434091e-01
9.738549e+02	-1.452043e-01
9.794798e+02	-1.468485e-01
9.851373e+02	-1.484755e-01
9.908274e+02	-1.501924e-01
9.965504e+02	-1.519095e-01
1.002306e+03	-1.535025e-01
1.008096e+03	-1.551581e-01
1.013918e+03	-1.569890e-01
1.019775e+03	-1.589494e-01
1.025665e+03	-1.606350e-01
1.031589e+03	-1.625042e-01
1.037548e+03	-1.642676e-01
1.043540e+03	-1.663941e-01
1.049568e+03	-1.681646e-01
1.055630e+03	-1.699437e-01
1.061727e+03	-1.720387e-01
1.067860e+03	-1.736925e-01
1.074028e+03	-1.757592e-01
1.080231e+03	-1.776868e-01
1.086471e+03	-1.797635e-01
1.092746e+03	-1.817588e-01
1.099058e+03	-1.839616e-01
1.105406e+03	-1.860254e-01
1.111791e+03	-1.880994e-01
1.118212e+03	-1.900770e-01
1.124671e+03	-1.925213e-01
1.131167e+03	-1.945346e-01
1.137701e+03	-1.967920e-01
1.144272e+03	-1.989617e-01
1.150881e+03	-2.012308e-01
1.157529e+03	-2.035365e-01
1.164215e+03	-2.058242e-01
1.170939e+03	-2.083113e-01
1.177702e+03	-2.105130e-01
1.184505e+03	-2.130531e-01
1.191346e+03	-2.153899e-01
1.198227e+03	-2.178350e-01
1.205148e+03	-2.202475e-01
1.212109e+03	-2.225984e-01
1.219110e+03	-2.252061e-01
1.226152e+03	-2.277124e-01
1.233234e+03	-2.303852e-01
1.240357e+03	-2.330089e-01
1.247521e+03	-2.355575e-01
1.254727e+03	-2.381228e-01
1.261974e+03	-2.409530e-01
1.269263e+03	-2.436061e-01
1.276595e+03	-2.463109e-01
1.283968e+03	-2.491828e-01
1.291384e+03	-2.518707e-01
1.298843e+03	-2.548968e-01
1.306345e+03	-2.574679e-01
1.313891e+03	-2.604932e-01
1.321480e+03	-2.633496e-01
1.329113e+03	-2.665199e-01
1.336790e+03	-2.693918e-01
1.344511e+03	-2.725653e-01
1.352277e+03	-2.756284e-01
1.360087e+03	-2.784291e-01
1.367943e+03	-2.816832e-01
1.375844e+03	-2.847149e-01
1.383791e+03	-2.879603e-01
1.391784e+03	-2.913777e-01
1.399823e+03	-2.945473e-01
1.407908e+03	-2.979116e-01
1.416040e+03	-3.011248e-01
1.424219e+03	-3.044426e-01
1.432445e+03	-3.079221e-01
1.440719e+03	-3.113141e-01
1.449041e+03	-3.147531e-01
1.457410e+03	-3.184042e-01
1.465828e+03	-3.218731e-01
1.474295e+03	-3.253860e-01
1.482810e+03	-3.290779e-01
1.491375e+03	-3.327522e-01
1.499989e+03	-3.364988e-01
1.508653e+03	-3.402460e-01
1.517367e+03	-3.440155e-01
1.526131e+03	-3.478084e-01
1.534946e+03	-3.516490e-01
1.543812e+03	-3.556519e-01
1.552729e+03	-3.597745e-01
1.561697e+03	-3.636434e-01
1.570717e+03	-3.676206e-01
1.579790e+03	-3.717216e-01
1.588915e+03	-3.758737e-01
1.598092e+03	-3.800218e-01
1.607323e+03	-3.842949e-01
1.616606e+03	-3.884349e-01
1.625944e+03	-3.928564e-01
1.635335e+03	-3.972084e-01
1.644781e+03	-4.013296e-01
1.654281e+03	-4.060580e-01
1.663836e+03	-4.104441e-01
1.673446e+03	-4.148974e-01
1.683112e+03	-4.195390e-01
1.692834e+03	-4.242770e-01
1.702611e+03	-4.290390e-01
1.712446e+03	-4.335890e-01
1.722337e+03	-4.383115e-01
1.732285e+03	-4.433729e-01
1.742290e+03	-4.481095e-01
1.752354e+03	-4.531809e-01
1.762475e+03	-4.580531e-01
1.772655e+03	-4.631325e-01
1.782894e+03	-4.682540e-01
1.793192e+03	-4.732013e-01
1.803549e+03	-4.785208e-01
1.813967e+03	-4.836255e-01
1.824444e+03	-4.890786e-01
1.834982e+03	-4.943469e-01
1.845581e+03	-4.997787e-01
1.856241e+03	-5.052017e-01
1.866962e+03	-5.107888e-01
1.877746e+03	-5.162461e-01
1.888592e+03	-5.219882e-01
1.899500e+03	-5.276586e-01
1.910472e+03	-5.332971e-01
1.921506e+03	-5.391751e-01
1.932605e+03	-5.449428e-01
1.943768e+03	-5.508837e-01
1.954995e+03	-5.568119e-01
1.966287e+03	-5.630466e-01
1.977644e+03	-5.692570e-01
1.989067e+03	-5.752925e-01
2.000555e+03	-5.813198e-01
2.012110e+03	-5.878966e-01
2.023732e+03	-5.943426e-01
2.035421e+03	-6.006060e-01
2.047178e+03	-6.074583e-01
2.059002e+03	-6.137242e-01
2.070895e+03	-6.203326e-01
2.082856e+03	-6.271832e-01
2.094887e+03	-6.337450e-01
2.106987e+03	-6.403937e-01
2.119157e+03	-6.474069e-01
2.131397e+03	-6.546325e-01
2.143708e+03	-6.613531e-01
2.156090e+03	-6.685908e-01
2.168543e+03	-6.756777e-01
2.181069e+03	-6.829139e-01
2.193666e+03	-6.902936e-01
2.206337e+03	-6.977257e-01
2.219081e+03	-7.050596e-01
2.231898e+03	-7.127216e-01
2.244789e+03	-7.203097e-01
2.257755e+03	-7.280010e-01
2.270796e+03	-7.357334e-01
2.283912e+03	-7.434361e-01
2.297104e+03	-7.513243e-01
2.310372e+03	-7.593286e-01
2.323716e+03	-7.672846e-01
2.337138e+03	-7.757169e-01
2.350637e+03	-7.838797e-01
2.364214e+03	-7.920407e-01
2.377870e+03	-8.003326e-01
2.391604e+03	-8.089548e-01
2.405418e+03	-8.174918e-01
2.419312e+03	-8.261103e-01
2.433286e+03	-8.347065e-01
2.447340e+03	-8.437741e-01
2.461476e+03	-8.522509e-01
2.475693e+03	-8.614850e-01
2.489993e+03	-8.703707e-01
2.504375e+03	-8.793271e-01
2.518840e+03	-8.887422e-01
2.533389e+03	-8.980863e-01
2.548022e+03	-9.075629e-01
2.562739e+03	-9.169866e-01
2.577541e+03	-9.262374e-01
2.592429e+03	-9.362096e-01
2.607403e+03	-9.457428e-01
2.622463e+03	-9.557202e-01
2.637610e+03	-9.656664e-01
2.652845e+03	-9.758457e-01
2.668168e+03	-9.857236e-01
2.683579e+03	-9.957380e-01
2.699079e+03	-1.006271e+00
2.714669e+03	-1.016748e+00
2.730349e+03	-1.027087e+00
2.746119e+03	-1.037725e+00
2.761981e+03	-1.048383e+00
2.777934e+03	-1.059029e+00
2.793979e+03	-1.070085e+00
2.810117e+03	-1.081099e+00
2.826348e+03	-1.092103e+00
2.842673e+03	-1.103128e+00
2.859092e+03	-1.114454e+00
2.875606e+03	-1.125710e+00
2.892215e+03	-1.137305e+00
2.908921e+03	-1.149044e+00
2.925722e+03	-1.160511e+00
2.942621e+03	-1.172138e+00
2.959618e+03	-1.184074e+00
2.976712e+03	-1.196146e+00
2.993906e+03	-1.208292e+00
3.011198e+03	-1.220405e+00
3.028591e+03	-1.232617e+00
3.046084e+03	-1.245050e+00
3.063678e+03	-1.257785e+00
3.081374e+03	-1.270040e+00
3.099172e+03	-1.283147e+00
3.117072e+03	-1.295916e+00
3.135076e+03	-1.308905e+00
3.153184e+03	-1.321796e+00
3.171397e+03	-1.335109e+00
3.189715e+03	-1.348225e+00
3.208139e+03	-1.361563e+00
3.226669e+03	-1.375194e+00
3.245306e+03	-1.388750e+00
3.264051e+03	-1.402501e+00
3.282904e+03	-1.416379e+00
3.301866e+03	-1.430186e+00
3.320937e+03	-1.444400e+00
3.340119e+03	-1.458627e+00
3.359411e+03	-1.473028e+00
3.378815e+03	-1.487346e+00
3.398331e+03	-1.501666e+00
3.417959e+03	-1.516521e+00
3.437701e+03	-1.531322e+00
3.457557e+03	-1.546083e+00
3.477528e+03	-1.561368e+00
3.497614e+03	-1.576327e+00
3.517816e+03	-1.591815e+00
3.538135e+03	-1.607231e+00
3.558571e+03	-1.622457e+00
3.579125e+03	-1.638124e+00
3.599798e+03	-1.654042e+00
3.620590e+03	-1.669758e+00
3.641503e+03	-1.685907e+00
3.662536e+03	-1.701893e+00
3.683691e+03	-1.718401e+00
3.704967e+03	-1.734624e+00
3.726367e+03	-1.751253e+00
3.747890e+03	-1.767751e+00
3.769538e+03	-1.784640e+00
3.791311e+03	-1.801351e+00
3.813209e+03	-1.818506e+00
3.835234e+03	-1.835660e+00
3.857386e+03	-1.852967e+00
3.879667e+03	-1.870140e+00
3.902075e+03	-1.887816e+00
3.924614e+03	-1.905513e+00
3.947282e+03	-1.923282e+00
3.970081e+03	-1.941252e+00
3.993012e+03	-1.959325e+00
4.016076e+03	-1.977539e+00
4.039272e+03	-1.995644e+00
4.062603e+03	-2.014348e+00
4.086069e+03	-2.032857e+00
4.109670e+03	-2.051521e+00
4.133407e+03	-2.070477e+00
4.157281e+03	-2.089597e+00
4.181294e+03	-2.108584e+00
4.205445e+03	-2.128076e+00
4.229735e+03	-2.147340e+00
4.254166e+03	-2.167104e+00
4.278738e+03	-2.186239e+00
4.303451e+03	-2.206176e+00
4.328308e+03	-2.226439e+00
4.353308e+03	-2.246558e+00
4.378453e+03	-2.266586e+00
4.403742e+03	-2.287185e+00
4.429178e+03	-2.307440e+00
4.454761e+03	-2.328174e+00
4.480492e+03	-2.349019e+00
4.506371e+03	-2.369986e+00
4.532399e+03	-2.390946e+00
4.558578e+03	-2.412039e+00
4.584908e+03	-2.433605e+00
4.611391e+03	-2.455290e+00
4.638026e+03	-2.476321e+00
4.664815e+03	-2.498582e+00
4.691759e+03	-2.520189e+00
4.718858e+03	-2.542347e+00
4.746114e+03	-2.564403e+00
4.773527e+03	-2.587034e+00
4.801099e+03	-2.609413e+00
4.828830e+03	-2.632026e+00
4.856721e+03	-2.654771e+00
4.884773e+03	-2.677487e+00
4.912988e+03	-2.700567e+00
4.941365e+03	-2.723802e+00
4.969906e+03	-2.747185e+00
4.998612e+03	-2.770470e+00
5.027484e+03	-2.794016e+00
5.056522e+03	-2.817911e+00
5.085729e+03	-2.841724e+00
5.115104e+03	-2.865957e+00
5.144648e+03	-2.890113e+00
5.174363e+03	-2.914464e+00
5.204250e+03	-2.938834e+00
5.234310e+03	-2.963368e+00
5.264543e+03	-2.987907e+00
5.294951e+03	-3.012795e+00
5.325534e+03	-3.038075e+00
5.356294e+03	-3.063170e+00
5.387232e+03	-3.088471e+00
5.418348e+03	-3.113744e+00
5.449645e+03	-3.139456e+00
5.481122e+03	-3.165473e+00
5.512780e+03	-3.191213e+00
5.544622e+03	-3.217229e+00
5.576647e+03	-3.243303e+00
5.608858e+03	-3.269467e+00
5.641254e+03	-3.296000e+00
5.673838e+03	-3.322876e+00
5.706610e+03	-3.349243e+00
5.739571e+03	-3.375978e+00
5.772723e+03	-3.403392e+00
5.806066e+03	-3.430555e+00
5.839601e+03	-3.457379e+00
5.873331e+03	-3.485106e+00
5.907255e+03	-3.512594e+00
5.941375e+03	-3.540431e+00
5.975692e+03	-3.568111e+00
6.010207e+03	-3.596058e+00
6.044922e+03	-3.624356e+00
6.079837e+03	-3.652688e+00
6.114954e+03	-3.680747e+00
6.150274e+03	-3.709473e+00
6.185797e+03	-3.738137e+00
6.221526e+03	-3.766793e+00
6.257462e+03	-3.795823e+00
6.293605e+03	-3.825048e+00
6.329956e+03	-3.854501e+00
6.366518e+03	-3.883649e+00
6.403290e+03	-3.913127e+00
6.440276e+03	-3.943013e+00
6.477474e+03	-3.972814e+00
6.514888e+03	-4.002532e+00
6.552518e+03	-4.032721e+00
6.590365e+03	-4.062739e+00
6.628430e+03	-4.093168e+00
6.666716e+03	-4.123510e+00
6.705223e+03	-4.154223e+00
6.743952e+03	-4.184826e+00
6.782905e+03	-4.215819e+00
6.822082e+03	-4.246686e+00
6.861486e+03	-4.277914e+00
6.901118e+03	-4.309059e+00
6.940979e+03	-4.340499e+00
6.981069e+03	-4.372155e+00
7.021392e+03	-4.403450e+00
7.061947e+03	-4.435343e+00
7.102737e+03	-4.467516e+00
7.143762e+03	-4.499320e+00
7.185024e+03	-4.531486e+00
7.226524e+03	-4.563668e+00
7.268264e+03	-4.596223e+00
7.310246e+03	-4.628508e+00
7.352469e+03	-4.661220e+00
7.394937e+03	-4.694079e+00
7.437650e+03	-4.726815e+00
7.480609e+03	-4.760200e+00
7.523817e+03	-4.793268e+00
7.567274e+03	-4.826586e+00
7.610982e+03	-4.859781e+00
7.654943e+03	-4.893617e+00
7.699158e+03	-4.927427e+00
7.743628e+03	-4.961243e+00
7.788355e+03	-4.994753e+00
7.833340e+03	-5.028712e+00
7.878585e+03	-5.062956e+00
7.924091e+03	-5.097267e+00
7.969861e+03	-5.131794e+00
8.015894e+03	-5.166305e+00
8.062194e+03	-5.200926e+00
8.108761e+03	-5.235512e+00
8.155596e+03	-5.270181e+00
8.202703e+03	-5.305287e+00
8.250081e+03	-5.340309e+00
8.297733e+03	-5.375700e+00
8.345661e+03	-5.410660e+00
8.393865e+03	-5.446159e+00
8.442348e+03	-5.481792e+00
8.491110e+03	-5.517428e+00
8.540155e+03	-5.553269e+00
8.589482e+03	-5.589116e+00
8.639095e+03	-5.625277e+00
8.688994e+03	-5.661679e+00
8.739181e+03	-5.697445e+00
8.789658e+03	-5.733465e+00
8.840427e+03	-5.770267e+00
8.891489e+03	-5.806543e+00
8.942846e+03	-5.843322e+00
8.994499e+03	-5.879827e+00
9.046451e+03	-5.916913e+00
9.098703e+03	-5.953884e+00
9.151257e+03	-5.990548e+00
9.204114e+03	-6.027731e+00
9.257277e+03	-6.065090e+00
9.310746e+03	-6.102344e+00
9.364525e+03	-6.139959e+00
9.418614e+03	-6.177599e+00
9.473015e+03	-6.215260e+00
9.527731e+03	-6.252634e+00
9.582763e+03	-6.290449e+00
9.638113e+03	-6.328796e+00
9.693782e+03	-6.366899e+00
9.749773e+03	-6.404605e+00
9.806087e+03	-6.443001e+00
9.862727e+03	-6.481269e+00
9.919693e+03	-6.519703e+00
9.976989e+03	-6.557793e+00
1.003462e+04	-6.596614e+00
1.009258e+04	-6.635406e+00
1.015087e+04	-6.674294e+00
1.020950e+04	-6.713681e+00
1.026847e+04	-6.752050e+00
1.032778e+04	-6.790771e+00
1.038743e+04	-6.830355e+00
1.044743e+04	-6.869591e+00
1.050777e+04	-6.908942e+00
1.056847e+04	-6.948353e+00
1.062951e+04	-6.987621e+00
1.069091e+04	-7.027260e+00
1.075266e+04	-7.066663e+00
1.081476e+04	-7.106441e+00
1.087723e+04	-7.146959e+00
1.094006e+04	-7.186386e+00
1.100324e+04	-7.226193e+00
1.106680e+04	-7.266402e+00
1.113072e+04	-7.306647e+00
1.119501e+04	-7.346864e+00
1.125967e+04	-7.386885e+00
1.132471e+04	-7.427299e+00
1.139012e+04	-7.467755e+00
1.145591e+04	-7.508082e+00
1.152208e+04	-7.549003e+00
1.158863e+04	-7.589446e+00
1.165556e+04	-7.630357e+00
1.172289e+04	-7.671203e+00
1.179060e+04	-7.712153e+00
1.185870e+04	-7.752276e+00
1.192719e+04	-7.794034e+00
1.199608e+04	-7.834994e+00
1.206537e+04	-7.876610e+00
1.213506e+04	-7.917622e+00
1.220515e+04	-7.958498e+00
1.227565e+04	-7.999974e+00
1.234655e+04	-8.041378e+00
1.241787e+04	-8.082891e+00
1.248959e+04	-8.124461e+00
1.256173e+04	-8.166243e+00
1.263429e+04	-8.207591e+00
1.270726e+04	-8.249812e+00
1.278066e+04	-8.291321e+00
1.285448e+04	-8.332942e+00
1.292873e+04	-8.375136e+00
1.300340e+04	-8.417537e+00
1.307851e+04	-8.459338e+00
1.315405e+04	-8.501428e+00
1.323003e+04	-8.543257e+00
1.330644e+04	-8.586094e+00
1.338330e+04	-8.627892e+00
1.346060e+04	-8.670543e+00
1.353835e+04	-8.713055e+00
1.361655e+04	-8.755155e+00
1.369520e+04	-8.797623e+00
1.377430e+04	-8.840266e+00
1.385386e+04	-8.882635e+00
1.393388e+04	-8.925461e+00
1.401436e+04	-8.968646e+00
1.409531e+04	-9.010799e+00
1.417672e+04	-9.054051e+00
1.425861e+04	-9.096414e+00
1.434096e+04	-9.139243e+00
1.442379e+04	-9.182433e+00
1.450711e+04	-9.225339e+00
1.459090e+04	-9.268290e+00
1.467518e+04	-9.311228e+00
1.475994e+04	-9.354496e+00
1.484519e+04	-9.397757e+00
1.493094e+04	-9.440990e+00
1.501718e+04	-9.484366e+00
1.510392e+04	-9.527937e+00
1.519116e+04	-9.571374e+00
1.527890e+04	-9.614217e+00
1.536715e+04	-9.657617e+00
1.545591e+04	-9.700917e+00
1.554518e+04	-9.744834e+00
1.563497e+04	-9.788066e+00
1.572528e+04	-9.831902e+00
1.581611e+04	-9.875400e+00
1.590746e+04	-9.919349e+00
1.599934e+04	-9.962440e+00
1.609175e+04	-1.000667e+01
1.618470e+04	-1.004981e+01
1.627818e+04	-1.009405e+01
1.637220e+04	-1.013771e+01
1.646677e+04	-1.018182e+01
1.656188e+04	-1.022569e+01
1.665754e+04	-1.026979e+01
1.675375e+04	-1.031342e+01
1.685052e+04	-1.035728e+01
1.694785e+04	-1.040163e+01
1.704574e+04	-1.044538e+01
1.714419e+04	-1.048935e+01
1.724322e+04	-1.053397e+01
1.734281e+04	-1.057814e+01
1.744299e+04	-1.062210e+01
1.754374e+04	-1.066610e+01
1.764507e+04	-1.070999e+01
1.774698e+04	-1.075431e+01
1.784949e+04	-1.079931e+01
1.795259e+04	-1.084279e+01
1.805628e+04	-1.088721e+01
1.816057e+04	-1.093086e+01
1.826547e+04	-1.097552e+01
1.837097e+04	-1.102006e+01
1.847708e+04	-1.106415e+01
1.858380e+04	-1.110870e+01
1.869114e+04	-1.115298e+01
1.879910e+04	-1.119715e+01
1.890768e+04	-1.124191e+01
1.901689e+04	-1.128654e+01
1.912673e+04	-1.133067e+01
1.923721e+04	-1.137499e+01
1.934832e+04	-1.141944e+01
1.946008e+04	-1.146435e+01
1.957248e+04	-1.150896e+01
1.968553e+04	-1.155383e+01
1.979923e+04	-1.159756e+01
1.991359e+04	-1.164207e+01
2.002861e+04	-1.168727e+01
2.014430e+04	-1.173069e+01
2.026065e+04	-1.177666e+01
2.037767e+04	-1.182005e+01
2.049537e+04	-1.186502e+01
2.061375e+04	-1.190934e+01
2.073282e+04	-1.195516e+01
2.085257e+04	-1.199887e+01
2.097301e+04	-1.204269e+01
2.109415e+04	-1.208780e+01
2.121599e+04	-1.213240e+01
2.133853e+04	-1.217730e+01
2.146178e+04	-1.222174e+01
2.158575e+04	-1.226660e+01
2.171043e+04	-1.231076e+01
2.183582e+04	-1.235586e+01
2.196195e+04	-1.240023e+01
2.208880e+04	-1.244502e+01
2.221638e+04	-1.248868e+01
2.234470e+04	-1.253442e+01
2.247377e+04	-1.257845e+01
2.260357e+04	-1.262346e+01
2.273413e+04	-1.266790e+01
2.286544e+04	-1.271177e+01
2.299751e+04	-1.275726e+01
2.313034e+04	-1.280148e+01
2.326394e+04	-1.284510e+01
2.339832e+04	-1.289106e+01
2.353346e+04	-1.293481e+01
2.366939e+04	-1.297903e+01
2.380610e+04	-1.302377e+01
2.394361e+04	-1.306819e+01
2.408191e+04	-1.311296e+01
2.422100e+04	-1.315793e+01
2.436090e+04	-1.320208e+01
2.450161e+04	-1.324640e+01
2.464313e+04	-1.329114e+01
2.478547e+04	-1.333544e+01
2.492863e+04	-1.337959e+01
2.507261e+04	-1.342417e+01
2.521743e+04	-1.346710e+01
2.536309e+04	-1.351282e+01
2.550958e+04	-1.355772e+01
2.565692e+04	-1.360204e+01
2.580512e+04	-1.364623e+01
2.595417e+04	-1.369004e+01
2.610408e+04	-1.373395e+01
2.625485e+04	-1.377879e+01
2.640650e+04	-1.382266e+01
2.655902e+04	-1.386709e+01
2.671243e+04	-1.391075e+01
2.686672e+04	-1.395433e+01
2.702190e+04	-1.399951e+01
2.717798e+04	-1.404336e+01
2.733495e+04	-1.408685e+01
2.749284e+04	-1.413080e+01
2.765164e+04	-1.417423e+01
2.781135e+04	-1.421912e+01
2.797199e+04	-1.426255e+01
2.813355e+04	-1.430659e+01
2.829605e+04	-1.435048e+01
2.845949e+04	-1.439462e+01
2.862387e+04	-1.443831e+01
2.878920e+04	-1.448053e+01
2.895549e+04	-1.452486e+01
2.912273e+04	-1.456927e+01
2.929094e+04	-1.461238e+01
2.946013e+04	-1.465680e+01
2.963029e+04	-1.470064e+01
2.980143e+04	-1.474442e+01
2.997356e+04	-1.478685e+01
3.014669e+04	-1.483165e+01
3.032081e+04	-1.487325e+01
3.049595e+04	-1.491727e+01
3.067209e+04	-1.496052e+01
3.084925e+04	-1.500405e+01
3.102743e+04	-1.504708e+01
3.120665e+04	-1.509026e+01
3.138690e+04	-1.513335e+01
3.156819e+04	-1.517652e+01
3.175052e+04	-1.521881e+01
3.193391e+04	-1.526196e+01
3.211836e+04	-1.530499e+01
3.230388e+04	-1.534750e+01
3.249046e+04	-1.539013e+01
3.267812e+04	-1.543402e+01
3.286687e+04	-1.547561e+01
3.305671e+04	-1.551811e+01
3.324764e+04	-1.556081e+01
3.343968e+04	-1.560455e+01
3.363283e+04	-1.564545e+01
3.382709e+04	-1.568810e+01
3.402247e+04	-1.573053e+01
3.421899e+04	-1.577251e+01
3.441663e+04	-1.581510e+01
3.461542e+04	-1.585665e+01
3.481536e+04	-1.589982e+01
3.501645e+04	-1.594147e+01
3.521871e+04	-1.598238e+01
3.542213e+04	-1.602456e+01
3.562672e+04	-1.606641e+01
3.583250e+04	-1.610853e+01
3.603947e+04	-1.614930e+01
3.624763e+04	-1.619051e+01
3.645700e+04	-1.623250e+01
3.666757e+04	-1.627417e+01
3.687936e+04	-1.631508e+01
3.709238e+04	-1.635624e+01
3.730662e+04	-1.639815e+01
3.752210e+04	-1.643909e+01
3.773883e+04	-1.647876e+01
3.795680e+04	-1.651973e+01
3.817604e+04	-1.656097e+01
3.839654e+04	-1.660107e+01
3.861832e+04	-1.664276e+01
3.884138e+04	-1.668354e+01
3.906573e+04	-1.672314e+01
3.929137e+04	-1.676378e+01
3.951831e+04	-1.680323e+01
3.974657e+04	-1.684444e+01
3.997614e+04	-1.688290e+01
4.020704e+04	-1.692448e+01
4.043928e+04	-1.696341e+01
4.067285e+04	-1.700308e+01
4.090778e+04	-1.704221e+01
4.114406e+04	-1.708194e+01
4.138171e+04	-1.712100e+01
4.162073e+04	-1.716000e+01
4.186113e+04	-1.719916e+01
4.210291e+04	-1.723826e+01
4.234610e+04	-1.727797e+01
4.259069e+04	-1.731570e+01
4.283669e+04	-1.735552e+01
4.308411e+04	-1.739403e+01
4.333297e+04	-1.743265e+01
4.358325e+04	-1.747066e+01
4.383499e+04	-1.750804e+01
4.408818e+04	-1.754611e+01
4.434283e+04	-1.758441e+01
4.459895e+04	-1.762207e+01
4.485655e+04	-1.765949e+01
4.511564e+04	-1.769754e+01
4.537623e+04	-1.773524e+01
4.563832e+04	-1.777296e+01
4.590193e+04	-1.780890e+01
4.616705e+04	-1.784536e+01
4.643371e+04	-1.788466e+01
4.670191e+04	-1.792002e+01
4.697166e+04	-1.795662e+01
4.724297e+04	-1.799221e+01
4.751584e+04	-1.802867e+01
4.779029e+04	-1.806377e+01
4.806633e+04	-1.810185e+01
4.834395e+04	-1.813719e+01
4.862319e+04	-1.817093e+01
4.890403e+04	-1.820718e+01
4.918650e+04	-1.824260e+01
4.947060e+04	-1.827827e+01
4.975634e+04	-1.831294e+01
5.004373e+04	-1.834696e+01
5.033278e+04	-1.838262e+01
5.062350e+04	-1.841609e+01
5.091590e+04	-1.845033e+01
5.120999e+04	-1.848509e+01
5.150578e+04	-1.851953e+01
5.180327e+04	-1.855327e+01
5.210248e+04	-1.858715e+01
5.240343e+04	-1.861784e+01
5.270611e+04	-1.865159e+01
5.301053e+04	-1.868592e+01
5.331672e+04	-1.871825e+01
5.362468e+04	-1.875170e+01
5.393441e+04	-1.878203e+01
5.424593e+04	-1.881470e+01
5.455926e+04	-1.884614e+01
5.487439e+04	-1.887796e+01
5.519134e+04	-1.891068e+01
5.551012e+04	-1.894169e+01
5.583075e+04	-1.897106e+01
5.615322e+04	-1.900175e+01
5.647756e+04	-1.903362e+01
5.680377e+04	-1.906323e+01
5.713187e+04	-1.909279e+01
5.746186e+04	-1.912274e+01
5.779376e+04	-1.915211e+01
5.812757e+04	-1.918315e+01
5.846332e+04	-1.921126e+01
5.880100e+04	-1.923855e+01
5.914063e+04	-1.926833e+01
5.948222e+04	-1.929706e+01
5.982579e+04	-1.932577e+01
6.017134e+04	-1.935279e+01
6.051889e+04	-1.937915e+01
6.086844e+04	-1.940712e+01
6.122002e+04	-1.943469e+01
6.157362e+04	-1.946012e+01
6.192927e+04	-1.948598e+01
6.228697e+04	-1.951322e+01
6.264674e+04	-1.953863e+01
6.300858e+04	-1.956305e+01
6.337252e+04	-1.958963e+01
6.373855e+04	-1.961364e+01
6.410670e+04	-1.963654e+01
6.447698e+04	-1.966248e+01
6.484940e+04	-1.968430e+01
6.522397e+04	-1.970812e+01
6.560070e+04	-1.973204e+01
6.597960e+04	-1.975590e+01
6.636070e+04	-1.977776e+01
6.674400e+04	-1.980064e+01
6.712951e+04	-1.982009e+01
6.751724e+04	-1.984319e+01
6.790722e+04	-1.986436e+01
6.829945e+04	-1.988494e+01
6.869395e+04	-1.990498e+01
6.909072e+04	-1.992554e+01
6.948978e+04	-1.994246e+01
6.989115e+04	-1.996307e+01
7.029484e+04	-1.998019e+01
7.070086e+04	-2.000047e+01
7.110923e+04	-2.001861e+01
7.151995e+04	-2.003673e+01
7.193305e+04	-2.005359e+01
7.234853e+04	-2.007041e+01
7.276641e+04	-2.008661e+01
7.318671e+04	-2.010017e+01
7.360943e+04	-2.011644e+01
7.403460e+04	-2.013046e+01
7.446222e+04	-2.014582e+01
7.489231e+04	-2.016056e+01
7.532488e+04	-2.017350e+01
7.575996e+04	-2.018365e+01
7.619754e+04	-2.019840e+01
7.663766e+04	-2.020934e+01
7.708031e+04	-2.022090e+01
7.752553e+04	-2.023219e+01
7.797331e+04	-2.024264e+01
7.842368e+04	-2.025108e+01
7.887665e+04	-2.026121e+01
7.933224e+04	-2.026991e+01
7.979046e+04	-2.027762e+01
8.025133e+04	-2.028569e+01
8.071486e+04	-2.029383e+01
8.118106e+04	-2.029747e+01
8.164996e+04	-2.030488e+01
8.212157e+04	-2.031024e+01
8.259590e+04	-2.031363e+01
8.307297e+04	-2.031868e+01
8.355279e+04	-2.031898e+01
8.403539e+04	-2.032283e+01
8.452078e+04	-2.032487e+01
8.500897e+04	-2.032544e+01
8.549997e+04	-2.032590e+01
8.599382e+04	-2.032550e+01
8.649052e+04	-2.032513e+01
8.699008e+04	-2.032443e+01
8.749253e+04	-2.032074e+01
8.799789e+04	-2.031807e+01
8.850616e+04	-2.031290e+01
8.901737e+04	-2.030921e+01
8.953153e+04	-2.030324e+01
9.004866e+04	-2.029660e+01
9.056877e+04	-2.029034e+01
9.109190e+04	-2.028310e+01
9.161804e+04	-2.027157e+01
9.214722e+04	-2.026338e+01
9.267946e+04	-2.025210e+01
9.321477e+04	-2.023911e+01
9.375318e+04	-2.022756e+01
9.429469e+04	-2.021466e+01
9.483933e+04	-2.020021e+01
9.538712e+04	-2.018488e+01
9.593807e+04	-2.016816e+01
9.649221e+04	-2.015118e+01
9.704954e+04	-2.013114e+01
9.761010e+04	-2.011183e+01
9.817389e+04	-2.009151e+01
9.874094e+04	-2.007002e+01
9.931126e+04	-2.004724e+01
9.988488e+04	-2.002173e+01
1.004618e+05	-1.999720e+01
1.010421e+05	-1.996971e+01
1.016257e+05	-1.994411e+01
1.022127e+05	-1.991457e+01
1.028031e+05	-1.988388e+01
1.033968e+05	-1.985488e+01
1.039941e+05	-1.982005e+01
1.045947e+05	-1.978500e+01
1.051989e+05	-1.974940e+01
1.058065e+05	-1.971280e+01
1.064176e+05	-1.967328e+01
1.070323e+05	-1.963251e+01
1.076505e+05	-1.959004e+01
1.082723e+05	-1.954867e+01
1.088977e+05	-1.950370e+01
1.095266e+05	-1.945681e+01
1.101593e+05	-1.940739e+01
1.107955e+05	-1.935886e+01
1.114355e+05	-1.930797e+01
1.120791e+05	-1.925370e+01
1.127265e+05	-1.919910e+01
1.133776e+05	-1.914209e+01
1.140325e+05	-1.908291e+01
1.146911e+05	-1.902062e+01
1.153536e+05	-1.895718e+01
1.160198e+05	-1.889019e+01
1.166900e+05	-1.882309e+01
1.173640e+05	-1.875316e+01
1.180419e+05	-1.868146e+01
1.187237e+05	-1.860708e+01
1.194094e+05	-1.853018e+01
1.200991e+05	-1.845032e+01
1.207928e+05	-1.836680e+01
1.214905e+05	-1.828130e+01
1.221922e+05	-1.819591e+01
1.228980e+05	-1.810558e+01
1.236078e+05	-1.800982e+01
1.243218e+05	-1.791480e+01
1.250399e+05	-1.781315e+01
1.257621e+05	-1.771213e+01
1.264885e+05	-1.760576e+01
1.272191e+05	-1.749590e+01
1.279539e+05	-1.738223e+01
1.286930e+05	-1.726551e+01
1.294363e+05	-1.714520e+01
1.301839e+05	-1.702041e+01
1.309358e+05	-1.689037e+01
1.316921e+05	-1.675715e+01
1.324528e+05	-1.662093e+01
1.332178e+05	-1.647812e+01
1.339873e+05	-1.633085e+01
1.347612e+05	-1.617691e+01
1.355395e+05	-1.601980e+01
1.363224e+05	-1.585793e+01
1.371098e+05	-1.568955e+01
1.379018e+05	-1.551342e+01
1.386983e+05	-1.533327e+01
1.394994e+05	-1.514751e+01
1.403051e+05	-1.495216e+01
1.411155e+05	-1.475034e+01
1.419306e+05	-1.454281e+01
1.427504e+05	-1.432566e+01
1.435749e+05	-1.409992e+01
1.444042e+05	-1.386673e+01
1.452383e+05	-1.362463e+01
1.460772e+05	-1.337238e+01
1.469209e+05	-1.311072e+01
1.477695e+05	-1.283669e+01
1.486230e+05	-1.255269e+01
1.494814e+05	-1.225750e+01
1.503448e+05	-1.194860e+01
1.512132e+05	-1.162723e+01
1.520866e+05	-1.129252e+01
1.529651e+05	-1.094197e+01
1.538486e+05	-1.057798e+01
1.547372e+05	-1.019750e+01
1.556310e+05	-9.800449e+00
1.565299e+05	-9.387483e+00
1.574340e+05	-8.957853e+00
1.583433e+05	-8.512291e+00
1.592579e+05	-8.051044e+00
1.601778e+05	-7.576979e+00
1.611030e+05	-7.092785e+00
1.620335e+05	-6.603218e+00
1.629694e+05	-6.115431e+00
1.639107e+05	-5.639295e+00
1.648574e+05	-5.188661e+00
1.658097e+05	-4.780950e+00
1.667674e+05	-4.436638e+00
1.677306e+05	-4.177157e+00
1.686994e+05	-4.023280e+00
1.696738e+05	-3.988586e+00
1.706538e+05	-4.079050e+00
1.716395e+05	-4.289112e+00
1.726309e+05	-4.604004e+00
1.736280e+05	-5.003641e+00
1.746309e+05	-5.465945e+00
1.756395e+05	-5.970700e+00
1.766540e+05	-6.500313e+00
1.776744e+05	-7.041702e+00
1.787006e+05	-7.584414e+00
1.797328e+05	-8.121439e+00
1.807709e+05	-8.647130e+00
1.818150e+05	-9.159784e+00
1.828652e+05	-9.656872e+00
1.839214e+05	-1.013665e+01
1.849837e+05	-1.059956e+01
1.860522e+05	-1.104654e+01
1.871268e+05	-1.147624e+01
1.882077e+05	-1.188848e+01
1.892948e+05	-1.228685e+01
1.903881e+05	-1.266908e+01
1.914878e+05	-1.303741e+01
1.925938e+05	-1.339193e+01
1.937062e+05	-1.373268e+01
1.948251e+05	-1.406107e+01
1.959504e+05	-1.437697e+01
1.970822e+05	-1.468142e+01
1.982205e+05	-1.497627e+01
1.993654e+05	-1.525871e+01
2.005169e+05	-1.553241e+01
2.016751e+05	-1.579464e+01
2.028400e+05	-1.604870e+01
2.040116e+05	-1.629356e+01
2.051899e+05	-1.653095e+01
2.063751e+05	-1.675731e+01
2.075671e+05	-1.697662e+01
2.087660e+05	-1.718823e+01
2.099719e+05	-1.739259e+01
2.111846e+05	-1.758785e+01
2.124044e+05	-1.777794e+01
2.136313e+05	-1.796034e+01
2.148652e+05	-1.813791e+01
2.161063e+05	-1.830568e+01
2.173545e+05	-1.846681e+01
2.186099e+05	-1.862182e+01
2.198726e+05	-1.877266e+01
2.211426e+05	-1.891543e+01
2.224199e+05	-1.905109e+01
2.237046e+05	-1.918140e+01
2.249967e+05	-1.930767e+01
2.262962e+05	-1.942615e+01
2.276033e+05	-1.953776e+01
2.289179e+05	-1.964569e+01
2.302402e+05	-1.974790e+01
2.315700e+05	-1.984307e+01
2.329076e+05	-1.993323e+01
2.342528e+05	-2.001632e+01
2.356059e+05	-2.009431e+01
2.369667e+05	-2.016774e+01
2.383354e+05	-2.023378e+01
2.397120e+05	-2.029416e+01
2.410966e+05	-2.034808e+01
2.424892e+05	-2.039843e+01
2.438898e+05	-2.044177e+01
2.452985e+05	-2.047828e+01
2.467153e+05	-2.050842e+01
2.481403e+05	-2.053218e+01
2.495736e+05	-2.055244e+01
2.510151e+05	-2.056434e+01
2.524650e+05	-2.057006e+01
2.539232e+05	-2.056852e+01
2.553898e+05	-2.056048e+01
2.568650e+05	-2.054796e+01
2.583486e+05	-2.052736e+01
2.598408e+05	-2.049604e+01
2.613416e+05	-2.046226e+01
2.628511e+05	-2.042030e+01
2.643694e+05	-2.036984e+01
2.658963e+05	-2.030983e+01
2.674321e+05	-2.024182e+01
2.689768e+05	-2.016625e+01
2.705304e+05	-2.008405e+01
2.720930e+05	-1.999083e+01
2.736646e+05	-1.988684e+01
2.752453e+05	-1.977436e+01
2.768351e+05	-1.965333e+01
2.784341e+05	-1.951910e+01
2.800423e+05	-1.937655e+01
2.816598e+05	-1.921887e+01
2.832867e+05	-1.905342e+01
2.849229e+05	-1.887345e+01
2.865686e+05	-1.867773e+01
2.882238e+05	-1.846997e+01
2.898886e+05	-1.824663e+01
2.915630e+05	-1.800903e+01
2.932470e+05	-1.775379e+01
2.949408e+05	-1.748029e+01
2.966444e+05	-1.718714e+01
2.983578e+05	-1.687255e+01
3.000811e+05	-1.653777e+01
3.018143e+05	-1.618030e+01
3.035576e+05	-1.579543e+01
3.053109e+05	-1.538434e+01
3.070744e+05	-1.494521e+01
3.088481e+05	-1.447338e+01
3.106320e+05	-1.396769e+01
3.124261e+05	-1.342564e+01
3.142307e+05	-1.284675e+01
3.160457e+05	-1.222848e+01
3.178712e+05	-1.157082e+01
3.197072e+05	-1.087657e+01
3.215538e+05	-1.015427e+01
3.234111e+05	-9.418537e+00
3.252791e+05	-8.696761e+00
3.271579e+05	-8.033069e+00
3.290475e+05	-7.489803e+00
3.309481e+05	-7.140192e+00
3.328596e+05	-7.046784e+00
3.347822e+05	-7.233345e+00
3.367159e+05	-7.671300e+00
3.386608e+05	-8.295078e+00
3.406169e+05	-9.032402e+00
3.425842e+05	-9.822563e+00
3.445630e+05	-1.062264e+01
3.465532e+05	-1.140672e+01
3.485549e+05	-1.215874e+01
3.505681e+05	-1.287395e+01
3.525930e+05	-1.354862e+01
3.546295e+05	-1.418248e+01
3.566778e+05	-1.477540e+01
3.587380e+05	-1.533309e+01
3.608101e+05	-1.585319e+01
3.628941e+05	-1.633877e+01
3.649901e+05	-1.679385e+01
3.670983e+05	-1.721834e+01
3.692187e+05	-1.761647e+01
3.713513e+05	-1.798530e+01
3.734962e+05	-1.832880e+01
3.756535e+05	-1.865124e+01
3.778232e+05	-1.894766e+01
3.800055e+05	-1.922379e+01
3.822004e+05	-1.947870e+01
3.844080e+05	-1.971083e+01
3.866283e+05	-1.992384e+01
3.888615e+05	-2.011887e+01
3.911075e+05	-2.029173e+01
3.933665e+05	-2.044752e+01
3.956386e+05	-2.058449e+01
3.979238e+05	-2.070258e+01
4.002222e+05	-2.080246e+01
4.025338e+05	-2.088219e+01
4.048589e+05	-2.094500e+01
4.071973e+05	-2.098837e+01
4.095493e+05	-2.101426e+01
4.119148e+05	-2.101815e+01
4.142940e+05	-2.100311e+01
4.166870e+05	-2.096872e+01
4.190937e+05	-2.091281e+01
4.215144e+05	-2.083680e+01
4.239490e+05	-2.073510e+01
4.263978e+05	-2.061123e+01
4.288606e+05	-2.046496e+01
4.313377e+05	-2.029015e+01
4.338291e+05	-2.008852e+01
4.363349e+05	-1.986015e+01
4.388551e+05	-1.960277e+01
4.413899e+05	-1.930708e+01
4.439394e+05	-1.898087e+01
4.465035e+05	-1.861620e+01
4.490825e+05	-1.821093e+01
4.516764e+05	-1.776104e+01
4.542853e+05	-1.726301e+01
4.569092e+05	-1.671344e+01
4.595483e+05	-1.610733e+01
4.622026e+05	-1.544297e+01
4.648723e+05	-1.471547e+01
4.675574e+05	-1.392838e+01
4.702580e+05	-1.308656e+01
4.729742e+05	-1.221443e+01
4.757060e+05	-1.135484e+01
4.784537e+05	-1.059172e+01
4.812172e+05	-1.004167e+01
4.839967e+05	-9.832013e+00
4.867923e+05	-1.002840e+01
4.896040e+05	-1.058980e+01
4.924319e+05	-1.139854e+01
4.952762e+05	-1.232851e+01
4.981369e+05	-1.328774e+01
5.010141e+05	-1.422147e+01
5.039079e+05	-1.510259e+01
5.068185e+05	-1.592217e+01
5.097458e+05	-1.667524e+01
5.126901e+05	-1.736317e+01
5.156514e+05	-1.798968e+01
5.186298e+05	-1.855662e+01
5.216253e+05	-1.906772e+01
5.246382e+05	-1.952949e+01
5.276685e+05	-1.994016e+01
5.307163e+05	-2.030302e+01
5.337817e+05	-2.062260e+01
5.368648e+05	-2.089614e+01
5.399657e+05	-2.112900e+01
5.430845e+05	-2.131617e+01
5.462214e+05	-2.146866e+01
5.493763e+05	-2.157913e+01
5.525495e+05	-2.164301e+01
5.557410e+05	-2.166693e+01
5.589509e+05	-2.165096e+01
5.621794e+05	-2.159016e+01
5.654265e+05	-2.148281e+01
5.686924e+05	-2.132785e+01
5.719772e+05	-2.112109e+01
5.752809e+05	-2.086168e+01
5.786037e+05	-2.054587e+01
5.819457e+05	-2.016930e+01
5.853070e+05	-1.972800e+01
5.886877e+05	-1.921001e+01
5.920879e+05	-1.861852e+01
5.955078e+05	-1.794208e+01
5.989474e+05	-1.718138e+01
6.024069e+05	-1.633648e+01
6.058864e+05	-1.542050e+01
6.093860e+05	-1.447520e+01
6.129058e+05	-1.358541e+01
6.164459e+05	-1.290020e+01
6.200064e+05	-1.260125e+01
6.235876e+05	-1.280591e+01
6.271894e+05	-1.346582e+01
6.308120e+05	-1.440897e+01
6.344555e+05	-1.546094e+01
6.381201e+05	-1.650976e+01
6.418059e+05	-1.749645e+01
6.455129e+05	-1.839687e+01
6.492414e+05	-1.920078e+01
6.529914e+05	-1.991239e+01
6.567630e+05	-2.052822e+01
6.605565e+05	-2.106019e+01
6.643718e+05	-2.150722e+01
6.682092e+05	-2.187373e+01
6.720688e+05	-2.216179e+01
6.759506e+05	-2.237196e+01
6.798549e+05	-2.250483e+01
6.837817e+05	-2.256438e+01
6.877312e+05	-2.253818e+01
6.917035e+05	-2.243260e+01
6.956987e+05	-2.224113e+01
6.997171e+05	-2.196230e+01
7.037586e+05	-2.158075e+01
7.078235e+05	-2.110157e+01
7.119118e+05	-2.050885e+01
7.160238e+05	-1.980404e+01
7.201595e+05	-1.898572e+01
7.243191e+05	-1.807121e+01
7.285028e+05	-1.711119e+01
7.327106e+05	-1.622306e+01
7.369427e+05	-1.560624e+01
7.411992e+05	-1.548557e+01
7.454804e+05	-1.594294e+01
7.497862e+05	-1.683311e+01
7.541170e+05	-1.792539e+01
7.584727e+05	-1.903500e+01
7.628536e+05	-2.006563e+01
7.672598e+05	-2.098218e+01
7.716915e+05	-2.176492e+01
7.761488e+05	-2.241103e+01
7.806318e+05	-2.292689e+01
7.851407e+05	-2.330904e+01
7.896756e+05	-2.356624e+01
7.942367e+05	-2.368899e+01
7.988242e+05	-2.368191e+01
8.034382e+05	-2.353237e+01
8.080788e+05	-2.324664e+01
8.127463e+05	-2.281159e+01
8.174406e+05	-2.222233e+01
8.221621e+05	-2.148731e+01
8.269109e+05	-2.062344e+01
8.316871e+05	-1.971143e+01
8.364909e+05	-1.891078e+01
8.413225e+05	-1.848071e+01
8.461819e+05	-1.864231e+01
8.510694e+05	-1.938204e+01
8.559852e+05	-2.044059e+01
8.609293e+05	-2.156746e+01
8.659020e+05	-2.260871e+01
8.709034e+05	-2.349388e+01
8.759337e+05	-2.419259e+01
8.809931e+05	-2.470154e+01
8.860816e+05	-2.500624e+01
8.911996e+05	-2.511814e+01
8.963471e+05	-2.502063e+01
9.015244e+05	-2.471094e+01
9.067316e+05	-2.420547e+01
9.119688e+05	-2.352249e+01
9.172363e+05	-2.273354e+01
9.225342e+05	-2.201732e+01
9.278628e+05	-2.166645e+01
9.332221e+05	-2.192685e+01
9.386123e+05	-2.274971e+01
9.440337e+05	-2.384396e+01
9.494864e+05	-2.492538e+01
9.549706e+05	-2.584540e+01
9.604865e+05	-2.652474e+01
9.660342e+05	-2.694060e+01
9.716140e+05	-2.707501e+01
9.772260e+05	-2.693259e+01
9.828704e+05	-2.654400e+01
9.885474e+05	-2.598029e+01
9.942572e+05	-2.542761e+01
1.000000e+06	-2.519823e+01
