Frequency(Hz)	Magnitude(dB)
1.000000e+01	-2.293773e+00
1.005776e+01	-2.314518e+00
1.011585e+01	-2.335243e+00
1.017428e+01	-2.355990e+00
1.023305e+01	-2.377019e+00
1.029215e+01	-2.398484e+00
1.035160e+01	-2.419883e+00
1.041139e+01	-2.441109e+00
1.047153e+01	-2.462527e+00
1.053201e+01	-2.484290e+00
1.059284e+01	-2.506226e+00
1.065403e+01	-2.528049e+00
1.071556e+01	-2.550466e+00
1.077746e+01	-2.572608e+00
1.083971e+01	-2.594993e+00
1.090232e+01	-2.617819e+00
1.096529e+01	-2.640409e+00
1.102862e+01	-2.663182e+00
1.109232e+01	-2.686171e+00
1.115639e+01	-2.709394e+00
1.122083e+01	-2.732705e+00
1.128564e+01	-2.756165e+00
1.135083e+01	-2.779842e+00
1.141639e+01	-2.803339e+00
1.148233e+01	-2.827222e+00
1.154865e+01	-2.851370e+00
1.161536e+01	-2.875494e+00
1.168245e+01	-2.899603e+00
1.174992e+01	-2.924218e+00
1.181779e+01	-2.948836e+00
1.188605e+01	-2.973532e+00
1.195470e+01	-2.998396e+00
1.202375e+01	-3.023471e+00
1.209320e+01	-3.048768e+00
1.216305e+01	-3.073779e+00
1.223330e+01	-3.099335e+00
1.230396e+01	-3.125046e+00
1.237503e+01	-3.150641e+00
1.244651e+01	-3.176768e+00
1.251840e+01	-3.202486e+00
1.259070e+01	-3.228674e+00
1.266343e+01	-3.255043e+00
1.273657e+01	-3.281533e+00
1.281014e+01	-3.307847e+00
1.288413e+01	-3.334809e+00
1.295855e+01	-3.361620e+00
1.303339e+01	-3.388665e+00
1.310867e+01	-3.415938e+00
1.318439e+01	-3.443320e+00
1.326054e+01	-3.470740e+00
1.333713e+01	-3.498307e+00
1.341417e+01	-3.525862e+00
1.349165e+01	-3.553827e+00
1.356958e+01	-3.581984e+00
1.364795e+01	-3.610033e+00
1.372678e+01	-3.638383e+00
1.380607e+01	-3.666964e+00
1.388581e+01	-3.695383e+00
1.396602e+01	-3.723987e+00
1.404668e+01	-3.752900e+00
1.412782e+01	-3.781943e+00
1.420942e+01	-3.811113e+00
1.429149e+01	-3.840421e+00
1.437404e+01	-3.870006e+00
1.445706e+01	-3.899549e+00
1.454057e+01	-3.929515e+00
1.462455e+01	-3.959107e+00
1.470902e+01	-3.988902e+00
1.479398e+01	-4.019155e+00
1.487943e+01	-4.049489e+00
1.496537e+01	-4.079957e+00
1.505181e+01	-4.110361e+00
1.513875e+01	-4.141093e+00
1.522619e+01	-4.171860e+00
1.531414e+01	-4.202778e+00
1.540259e+01	-4.234008e+00
1.549156e+01	-4.265036e+00
1.558103e+01	-4.296664e+00
1.567103e+01	-4.327913e+00
1.576155e+01	-4.359662e+00
1.585258e+01	-4.391304e+00
1.594415e+01	-4.423480e+00
1.603624e+01	-4.455391e+00
1.612886e+01	-4.487574e+00
1.622202e+01	-4.519812e+00
1.631572e+01	-4.552135e+00
1.640996e+01	-4.584685e+00
1.650474e+01	-4.617369e+00
1.660008e+01	-4.650287e+00
1.669596e+01	-4.683371e+00
1.679239e+01	-4.715972e+00
1.688938e+01	-4.749592e+00
1.698694e+01	-4.782879e+00
1.708505e+01	-4.816342e+00
1.718373e+01	-4.849818e+00
1.728299e+01	-4.883807e+00
1.738281e+01	-4.917153e+00
1.748322e+01	-4.951554e+00
1.758420e+01	-4.985504e+00
1.768576e+01	-5.019532e+00
1.778792e+01	-5.054044e+00
1.789066e+01	-5.088222e+00
1.799399e+01	-5.123024e+00
1.809793e+01	-5.157984e+00
1.820246e+01	-5.192602e+00
1.830760e+01	-5.227501e+00
1.841334e+01	-5.262606e+00
1.851969e+01	-5.297838e+00
1.862666e+01	-5.333068e+00
1.873425e+01	-5.368576e+00
1.884246e+01	-5.403922e+00
1.895129e+01	-5.439936e+00
1.906075e+01	-5.475561e+00
1.917085e+01	-5.511559e+00
1.928158e+01	-5.547564e+00
1.939295e+01	-5.584012e+00
1.950496e+01	-5.619763e+00
1.961762e+01	-5.656607e+00
1.973093e+01	-5.692621e+00
1.984490e+01	-5.729344e+00
1.995952e+01	-5.766239e+00
2.007480e+01	-5.802814e+00
2.019076e+01	-5.839809e+00
2.030738e+01	-5.876825e+00
2.042467e+01	-5.914189e+00
2.054264e+01	-5.951460e+00
2.066130e+01	-5.988755e+00
2.078064e+01	-6.026063e+00
2.090066e+01	-6.063758e+00
2.102139e+01	-6.101323e+00
2.114280e+01	-6.139082e+00
2.126492e+01	-6.177136e+00
2.138775e+01	-6.215057e+00
2.151128e+01	-6.253130e+00
2.163553e+01	-6.291533e+00
2.176050e+01	-6.329610e+00
2.188619e+01	-6.368311e+00
2.201260e+01	-6.406404e+00
2.213974e+01	-6.445409e+00
2.226762e+01	-6.483963e+00
2.239624e+01	-6.523047e+00
2.252560e+01	-6.561682e+00
2.265571e+01	-6.600915e+00
2.278656e+01	-6.639927e+00
2.291818e+01	-6.679246e+00
2.305055e+01	-6.718574e+00
2.318369e+01	-6.758160e+00
2.331760e+01	-6.797656e+00
2.345228e+01	-6.837074e+00
2.358774e+01	-6.877005e+00
2.372398e+01	-6.916943e+00
2.386101e+01	-6.956385e+00
2.399883e+01	-6.996235e+00
2.413745e+01	-7.036364e+00
2.427686e+01	-7.076909e+00
2.441709e+01	-7.116857e+00
2.455812e+01	-7.157376e+00
2.469997e+01	-7.197741e+00
2.484263e+01	-7.238384e+00
2.498612e+01	-7.279347e+00
2.513044e+01	-7.319648e+00
2.527559e+01	-7.360600e+00
2.542158e+01	-7.401479e+00
2.556842e+01	-7.442357e+00
2.571610e+01	-7.483278e+00
2.586463e+01	-7.524544e+00
2.601403e+01	-7.566028e+00
2.616428e+01	-7.606742e+00
2.631541e+01	-7.648367e+00
2.646740e+01	-7.689984e+00
2.662028e+01	-7.731607e+00
2.677404e+01	-7.773069e+00
2.692868e+01	-7.814898e+00
2.708422e+01	-7.856501e+00
2.724066e+01	-7.898443e+00
2.739800e+01	-7.940495e+00
2.755625e+01	-7.981887e+00
2.771541e+01	-8.024784e+00
2.787550e+01	-8.066679e+00
2.803650e+01	-8.109194e+00
2.819844e+01	-8.151297e+00
2.836131e+01	-8.193814e+00
2.852513e+01	-8.235993e+00
2.868989e+01	-8.278760e+00
2.885560e+01	-8.321884e+00
2.902227e+01	-8.363918e+00
2.918990e+01	-8.407033e+00
2.935850e+01	-8.449918e+00
2.952807e+01	-8.492812e+00
2.969863e+01	-8.535394e+00
2.987016e+01	-8.578572e+00
3.004269e+01	-8.621759e+00
3.021622e+01	-8.664893e+00
3.039075e+01	-8.708298e+00
3.056628e+01	-8.751814e+00
3.074283e+01	-8.795092e+00
3.092040e+01	-8.838043e+00
3.109900e+01	-8.882093e+00
3.127862e+01	-8.925616e+00
3.145929e+01	-8.969229e+00
3.164099e+01	-9.012451e+00
3.182375e+01	-9.056774e+00
3.200756e+01	-9.100260e+00
3.219244e+01	-9.143926e+00
3.237838e+01	-9.188528e+00
3.256540e+01	-9.232431e+00
3.275349e+01	-9.276720e+00
3.294268e+01	-9.320771e+00
3.313295e+01	-9.364942e+00
3.332433e+01	-9.409097e+00
3.351681e+01	-9.453744e+00
3.371040e+01	-9.497434e+00
3.390511e+01	-9.542258e+00
3.410094e+01	-9.586799e+00
3.429791e+01	-9.631313e+00
3.449601e+01	-9.676028e+00
3.469526e+01	-9.720971e+00
3.489566e+01	-9.765214e+00
3.509721e+01	-9.810138e+00
3.529993e+01	-9.854689e+00
3.550382e+01	-9.900118e+00
3.570889e+01	-9.944500e+00
3.591515e+01	-9.989370e+00
3.612259e+01	-1.003532e+01
3.633123e+01	-1.007979e+01
3.654108e+01	-1.012417e+01
3.675214e+01	-1.016998e+01
3.696442e+01	-1.021560e+01
3.717792e+01	-1.026097e+01
3.739266e+01	-1.030613e+01
3.760864e+01	-1.035131e+01
3.782587e+01	-1.039630e+01
3.804435e+01	-1.044242e+01
3.826409e+01	-1.048778e+01
3.848510e+01	-1.053389e+01
3.870739e+01	-1.057881e+01
3.893096e+01	-1.062514e+01
3.915583e+01	-1.067073e+01
3.938199e+01	-1.071599e+01
3.960946e+01	-1.076216e+01
3.983824e+01	-1.080787e+01
4.006834e+01	-1.085360e+01
4.029978e+01	-1.090011e+01
4.053255e+01	-1.094521e+01
4.076666e+01	-1.099181e+01
4.100213e+01	-1.103797e+01
4.123896e+01	-1.108310e+01
4.147715e+01	-1.112938e+01
4.171672e+01	-1.117609e+01
4.195767e+01	-1.122272e+01
4.220002e+01	-1.126846e+01
4.244377e+01	-1.131492e+01
4.268892e+01	-1.136172e+01
4.293549e+01	-1.140779e+01
4.318348e+01	-1.145378e+01
4.343291e+01	-1.150034e+01
4.368377e+01	-1.154711e+01
4.393609e+01	-1.159418e+01
4.418986e+01	-1.164025e+01
4.444510e+01	-1.168670e+01
4.470182e+01	-1.173293e+01
4.496001e+01	-1.178048e+01
4.521970e+01	-1.182664e+01
4.548089e+01	-1.187446e+01
4.574358e+01	-1.192012e+01
4.600779e+01	-1.196718e+01
4.627353e+01	-1.201449e+01
4.654081e+01	-1.206098e+01
4.680963e+01	-1.210843e+01
4.708000e+01	-1.215484e+01
4.735193e+01	-1.220236e+01
4.762543e+01	-1.224898e+01
4.790051e+01	-1.229563e+01
4.817719e+01	-1.234329e+01
4.845545e+01	-1.239024e+01
4.873533e+01	-1.243786e+01
4.901682e+01	-1.248464e+01
4.929994e+01	-1.253169e+01
4.958470e+01	-1.257912e+01
4.987110e+01	-1.262649e+01
5.015915e+01	-1.267394e+01
5.044887e+01	-1.272078e+01
5.074026e+01	-1.276852e+01
5.103333e+01	-1.281626e+01
5.132810e+01	-1.286393e+01
5.162457e+01	-1.291032e+01
5.192275e+01	-1.295828e+01
5.222265e+01	-1.300498e+01
5.252429e+01	-1.305315e+01
5.282767e+01	-1.310031e+01
5.313280e+01	-1.314828e+01
5.343969e+01	-1.319687e+01
5.374836e+01	-1.324365e+01
5.405880e+01	-1.329085e+01
5.437105e+01	-1.333888e+01
5.468509e+01	-1.338698e+01
5.500095e+01	-1.343448e+01
5.531863e+01	-1.348261e+01
5.563815e+01	-1.353036e+01
5.595951e+01	-1.357809e+01
5.628273e+01	-1.362563e+01
5.660782e+01	-1.367381e+01
5.693479e+01	-1.372127e+01
5.726364e+01	-1.376885e+01
5.759439e+01	-1.381788e+01
5.792705e+01	-1.386529e+01
5.826164e+01	-1.391399e+01
5.859815e+01	-1.396089e+01
5.893662e+01	-1.400921e+01
5.927703e+01	-1.405723e+01
5.961941e+01	-1.410503e+01
5.996377e+01	-1.415346e+01
6.031012e+01	-1.420130e+01
6.065847e+01	-1.425047e+01
6.100883e+01	-1.429850e+01
6.136121e+01	-1.434650e+01
6.171563e+01	-1.439363e+01
6.207210e+01	-1.444167e+01
6.243063e+01	-1.449081e+01
6.279122e+01	-1.453973e+01
6.315390e+01	-1.458668e+01
6.351868e+01	-1.463553e+01
6.388556e+01	-1.468404e+01
6.425456e+01	-1.473275e+01
6.462569e+01	-1.478093e+01
6.499897e+01	-1.482855e+01
6.537440e+01	-1.487761e+01
6.575200e+01	-1.492510e+01
6.613178e+01	-1.497454e+01
6.651375e+01	-1.502277e+01
6.689793e+01	-1.507043e+01
6.728433e+01	-1.511978e+01
6.767297e+01	-1.516762e+01
6.806384e+01	-1.521698e+01
6.845698e+01	-1.526579e+01
6.885238e+01	-1.531431e+01
6.925007e+01	-1.536194e+01
6.965005e+01	-1.541071e+01
7.005235e+01	-1.546003e+01
7.045697e+01	-1.550805e+01
7.086393e+01	-1.555669e+01
7.127323e+01	-1.560610e+01
7.168490e+01	-1.565373e+01
7.209895e+01	-1.570318e+01
7.251539e+01	-1.575145e+01
7.293424e+01	-1.580033e+01
7.335551e+01	-1.584903e+01
7.377920e+01	-1.589805e+01
7.420535e+01	-1.594532e+01
7.463396e+01	-1.599473e+01
7.506504e+01	-1.604393e+01
7.549861e+01	-1.609232e+01
7.593469e+01	-1.614152e+01
7.637328e+01	-1.619049e+01
7.681441e+01	-1.623916e+01
7.725809e+01	-1.628792e+01
7.770433e+01	-1.633720e+01
7.815315e+01	-1.638618e+01
7.860456e+01	-1.643497e+01
7.905857e+01	-1.648307e+01
7.951521e+01	-1.653205e+01
7.997449e+01	-1.658173e+01
8.043642e+01	-1.663090e+01
8.090102e+01	-1.667858e+01
8.136830e+01	-1.672764e+01
8.183828e+01	-1.677729e+01
8.231097e+01	-1.682568e+01
8.278640e+01	-1.687513e+01
8.326457e+01	-1.692479e+01
8.374550e+01	-1.697464e+01
8.422921e+01	-1.702182e+01
8.471572e+01	-1.707196e+01
8.520503e+01	-1.712149e+01
8.569717e+01	-1.716895e+01
8.619215e+01	-1.721961e+01
8.669000e+01	-1.726782e+01
8.719071e+01	-1.731495e+01
8.769432e+01	-1.736613e+01
8.820084e+01	-1.741381e+01
8.871029e+01	-1.746453e+01
8.922267e+01	-1.751402e+01
8.973802e+01	-1.756209e+01
9.025634e+01	-1.761114e+01
9.077766e+01	-1.766113e+01
9.130199e+01	-1.770953e+01
9.182935e+01	-1.775940e+01
9.235975e+01	-1.780760e+01
9.289321e+01	-1.785645e+01
9.342976e+01	-1.790683e+01
9.396941e+01	-1.795578e+01
9.451217e+01	-1.800462e+01
9.505807e+01	-1.805328e+01
9.560712e+01	-1.810385e+01
9.615934e+01	-1.815204e+01
9.671476e+01	-1.820110e+01
9.727338e+01	-1.825110e+01
9.783522e+01	-1.829959e+01
9.840032e+01	-1.835047e+01
9.896867e+01	-1.839947e+01
9.954031e+01	-1.844916e+01
1.001153e+02	-1.849796e+01
1.006935e+02	-1.854670e+01
1.012751e+02	-1.859635e+01
1.018601e+02	-1.864694e+01
1.024484e+02	-1.869448e+01
1.030402e+02	-1.874413e+01
1.036353e+02	-1.879370e+01
1.042339e+02	-1.884399e+01
1.048360e+02	-1.889274e+01
1.054415e+02	-1.894177e+01
1.060505e+02	-1.899123e+01
1.066631e+02	-1.904040e+01
1.072791e+02	-1.909081e+01
1.078988e+02	-1.913966e+01
1.085220e+02	-1.918945e+01
1.091488e+02	-1.923786e+01
1.097793e+02	-1.928760e+01
1.104133e+02	-1.933858e+01
1.110511e+02	-1.938634e+01
1.116925e+02	-1.943677e+01
1.123376e+02	-1.948607e+01
1.129865e+02	-1.953540e+01
1.136391e+02	-1.958386e+01
1.142955e+02	-1.963450e+01
1.149556e+02	-1.968435e+01
1.156196e+02	-1.973276e+01
1.162874e+02	-1.978344e+01
1.169591e+02	-1.983188e+01
1.176347e+02	-1.988207e+01
1.183141e+02	-1.993201e+01
1.189975e+02	-1.998090e+01
1.196848e+02	-2.002915e+01
1.203761e+02	-2.007892e+01
1.210714e+02	-2.013114e+01
1.217707e+02	-2.017904e+01
1.224740e+02	-2.022859e+01
1.231814e+02	-2.027978e+01
1.238929e+02	-2.032927e+01
1.246085e+02	-2.037778e+01
1.253283e+02	-2.042802e+01
1.260522e+02	-2.047689e+01
1.267802e+02	-2.052510e+01
1.275125e+02	-2.057689e+01
1.282490e+02	-2.062647e+01
1.289898e+02	-2.067446e+01
1.297348e+02	-2.072529e+01
1.304842e+02	-2.077348e+01
1.312378e+02	-2.082353e+01
1.319959e+02	-2.087217e+01
1.327583e+02	-2.092271e+01
1.335251e+02	-2.097370e+01
1.342963e+02	-2.102281e+01
1.350720e+02	-2.107222e+01
1.358522e+02	-2.112295e+01
1.366368e+02	-2.117128e+01
1.374260e+02	-2.122177e+01
1.382198e+02	-2.127005e+01
1.390182e+02	-2.131921e+01
1.398211e+02	-2.136856e+01
1.406287e+02	-2.141951e+01
1.414410e+02	-2.146828e+01
1.422579e+02	-2.151914e+01
1.430796e+02	-2.156848e+01
1.439060e+02	-2.162062e+01
1.447372e+02	-2.166756e+01
1.455732e+02	-2.171832e+01
1.464141e+02	-2.176846e+01
1.472597e+02	-2.181779e+01
1.481103e+02	-2.186686e+01
1.489658e+02	-2.191693e+01
1.498262e+02	-2.196562e+01
1.506916e+02	-2.201604e+01
1.515620e+02	-2.206393e+01
1.524374e+02	-2.211331e+01
1.533179e+02	-2.216624e+01
1.542034e+02	-2.221467e+01
1.550941e+02	-2.226488e+01
1.559899e+02	-2.231390e+01
1.568909e+02	-2.236508e+01
1.577971e+02	-2.241425e+01
1.587085e+02	-2.246502e+01
1.596252e+02	-2.251245e+01
1.605472e+02	-2.256251e+01
1.614745e+02	-2.261427e+01
1.624072e+02	-2.266227e+01
1.633453e+02	-2.271262e+01
1.642887e+02	-2.276212e+01
1.652377e+02	-2.280953e+01
1.661921e+02	-2.285971e+01
1.671520e+02	-2.291196e+01
1.681175e+02	-2.296193e+01
1.690885e+02	-2.301059e+01
1.700651e+02	-2.306130e+01
1.710474e+02	-2.311140e+01
1.720354e+02	-2.315957e+01
1.730291e+02	-2.321193e+01
1.740285e+02	-2.326124e+01
1.750337e+02	-2.331031e+01
1.760446e+02	-2.336036e+01
1.770615e+02	-2.341040e+01
1.780842e+02	-2.346024e+01
1.791128e+02	-2.351061e+01
1.801473e+02	-2.355840e+01
1.811878e+02	-2.360984e+01
1.822344e+02	-2.365719e+01
1.832870e+02	-2.370989e+01
1.843456e+02	-2.375917e+01
1.854104e+02	-2.380510e+01
1.864813e+02	-2.385525e+01
1.875584e+02	-2.390860e+01
1.886418e+02	-2.395624e+01
1.897313e+02	-2.400853e+01
1.908272e+02	-2.405817e+01
1.919294e+02	-2.410600e+01
1.930380e+02	-2.415679e+01
1.941530e+02	-2.420764e+01
1.952744e+02	-2.425713e+01
1.964023e+02	-2.430572e+01
1.975367e+02	-2.435795e+01
1.986777e+02	-2.440774e+01
1.998252e+02	-2.445928e+01
2.009794e+02	-2.450598e+01
2.021403e+02	-2.455627e+01
2.033078e+02	-2.460670e+01
2.044821e+02	-2.465549e+01
2.056632e+02	-2.470525e+01
2.068511e+02	-2.475662e+01
2.080459e+02	-2.480646e+01
2.092475e+02	-2.485684e+01
2.104561e+02	-2.490640e+01
2.116717e+02	-2.495501e+01
2.128943e+02	-2.500301e+01
2.141240e+02	-2.505776e+01
2.153608e+02	-2.510675e+01
2.166047e+02	-2.515220e+01
2.178558e+02	-2.520650e+01
2.191141e+02	-2.525216e+01
2.203797e+02	-2.530336e+01
2.216526e+02	-2.535357e+01
2.229329e+02	-2.540545e+01
2.242205e+02	-2.545501e+01
2.255156e+02	-2.550473e+01
2.268182e+02	-2.555514e+01
2.281283e+02	-2.560697e+01
2.294459e+02	-2.565213e+01
2.307712e+02	-2.570467e+01
2.321041e+02	-2.575345e+01
2.334447e+02	-2.580436e+01
2.347931e+02	-2.585298e+01
2.361493e+02	-2.590304e+01
2.375133e+02	-2.595326e+01
2.388851e+02	-2.600317e+01
2.402649e+02	-2.605447e+01
2.416527e+02	-2.610431e+01
2.430484e+02	-2.615536e+01
2.444523e+02	-2.620554e+01
2.458642e+02	-2.625292e+01
2.472843e+02	-2.630506e+01
2.487126e+02	-2.635263e+01
2.501492e+02	-2.640790e+01
2.515940e+02	-2.645621e+01
2.530472e+02	-2.650411e+01
2.545088e+02	-2.655181e+01
2.559789e+02	-2.659967e+01
2.574574e+02	-2.665195e+01
2.589444e+02	-2.670352e+01
2.604401e+02	-2.675106e+01
2.619444e+02	-2.680476e+01
2.634574e+02	-2.685294e+01
2.649791e+02	-2.690486e+01
2.665096e+02	-2.695156e+01
2.680489e+02	-2.700302e+01
2.695972e+02	-2.705561e+01
2.711544e+02	-2.710496e+01
2.727205e+02	-2.715300e+01
2.742958e+02	-2.720189e+01
2.758801e+02	-2.725494e+01
2.774736e+02	-2.730298e+01
2.790762e+02	-2.735509e+01
2.806882e+02	-2.740520e+01
2.823094e+02	-2.745182e+01
2.839400e+02	-2.750501e+01
2.855800e+02	-2.755202e+01
2.872295e+02	-2.760254e+01
2.888886e+02	-2.765366e+01
2.905572e+02	-2.770347e+01
2.922354e+02	-2.775626e+01
2.939234e+02	-2.780330e+01
2.956211e+02	-2.785319e+01
2.973286e+02	-2.789976e+01
2.990459e+02	-2.795477e+01
3.007732e+02	-2.800099e+01
3.025104e+02	-2.805102e+01
3.042577e+02	-2.810144e+01
3.060151e+02	-2.815190e+01
3.077826e+02	-2.820199e+01
3.095604e+02	-2.825723e+01
3.113484e+02	-2.831034e+01
3.131467e+02	-2.835231e+01
3.149554e+02	-2.840810e+01
3.167746e+02	-2.845705e+01
3.186043e+02	-2.850637e+01
3.204445e+02	-2.855145e+01
3.222954e+02	-2.860333e+01
3.241570e+02	-2.865175e+01
3.260293e+02	-2.870576e+01
3.279124e+02	-2.875202e+01
3.298064e+02	-2.881047e+01
3.317114e+02	-2.885696e+01
3.336273e+02	-2.890622e+01
3.355544e+02	-2.895483e+01
3.374925e+02	-2.900245e+01
3.394418e+02	-2.905294e+01
3.414024e+02	-2.909967e+01
3.433744e+02	-2.915360e+01
3.453577e+02	-2.920517e+01
3.473525e+02	-2.925011e+01
3.493588e+02	-2.930682e+01
3.513766e+02	-2.935362e+01
3.534062e+02	-2.940343e+01
3.554474e+02	-2.945674e+01
3.575005e+02	-2.950435e+01
3.595654e+02	-2.956135e+01
3.616422e+02	-2.960755e+01
3.637311e+02	-2.965294e+01
3.658320e+02	-2.970389e+01
3.679450e+02	-2.975451e+01
3.700702e+02	-2.980140e+01
3.722077e+02	-2.985364e+01
3.743576e+02	-2.990805e+01
3.765199e+02	-2.995346e+01
3.786946e+02	-3.000825e+01
3.808820e+02	-3.005934e+01
3.830819e+02	-3.010874e+01
3.852946e+02	-3.015073e+01
3.875200e+02	-3.020917e+01
3.897583e+02	-3.025692e+01
3.920096e+02	-3.031037e+01
3.942738e+02	-3.035181e+01
3.965511e+02	-3.040620e+01
3.988416e+02	-3.045711e+01
4.011452e+02	-3.050724e+01
4.034622e+02	-3.055851e+01
4.057926e+02	-3.060689e+01
4.081365e+02	-3.065994e+01
4.104938e+02	-3.070290e+01
4.128648e+02	-3.076298e+01
4.152495e+02	-3.080492e+01
4.176480e+02	-3.085732e+01
4.200603e+02	-3.090174e+01
4.224866e+02	-3.095301e+01
4.249268e+02	-3.100955e+01
4.273812e+02	-3.105908e+01
4.298497e+02	-3.110973e+01
4.323325e+02	-3.115686e+01
4.348297e+02	-3.121139e+01
4.373412e+02	-3.125142e+01
4.398673e+02	-3.130790e+01
4.424079e+02	-3.135963e+01
4.449633e+02	-3.140655e+01
4.475334e+02	-3.146125e+01
4.501183e+02	-3.150285e+01
4.527182e+02	-3.156562e+01
4.553330e+02	-3.161410e+01
4.579630e+02	-3.165977e+01
4.606082e+02	-3.171397e+01
4.632687e+02	-3.176081e+01
4.659445e+02	-3.181532e+01
4.686358e+02	-3.185902e+01
4.713426e+02	-3.190536e+01
4.740650e+02	-3.196221e+01
4.768032e+02	-3.201357e+01
4.795572e+02	-3.205643e+01
4.823271e+02	-3.211111e+01
4.851130e+02	-3.215974e+01
4.879150e+02	-3.221736e+01
4.907332e+02	-3.226015e+01
4.935676e+02	-3.231233e+01
4.964185e+02	-3.236408e+01
4.992858e+02	-3.240963e+01
5.021696e+02	-3.246780e+01
5.050701e+02	-3.250990e+01
5.079874e+02	-3.256547e+01
5.109215e+02	-3.260816e+01
5.138726e+02	-3.265251e+01
5.168407e+02	-3.271366e+01
5.198259e+02	-3.276703e+01
5.228284e+02	-3.281660e+01
5.258482e+02	-3.286554e+01
5.288855e+02	-3.291987e+01
5.319403e+02	-3.296615e+01
5.350128e+02	-3.301238e+01
5.381030e+02	-3.306508e+01
5.412111e+02	-3.311800e+01
5.443371e+02	-3.316958e+01
5.474812e+02	-3.321447e+01
5.506434e+02	-3.326532e+01
5.538239e+02	-3.331487e+01
5.570228e+02	-3.336134e+01
5.602401e+02	-3.341953e+01
5.634760e+02	-3.346893e+01
5.667306e+02	-3.351657e+01
5.700040e+02	-3.355808e+01
5.732964e+02	-3.361146e+01
5.766077e+02	-3.366298e+01
5.799382e+02	-3.372084e+01
5.832879e+02	-3.377484e+01
5.866569e+02	-3.381943e+01
5.900454e+02	-3.386485e+01
5.934535e+02	-3.392415e+01
5.968813e+02	-3.396905e+01
6.003288e+02	-3.401240e+01
6.037963e+02	-3.406527e+01
6.072838e+02	-3.412132e+01
6.107914e+02	-3.416741e+01
6.143194e+02	-3.421385e+01
6.178676e+02	-3.427630e+01
6.214364e+02	-3.432744e+01
6.250258e+02	-3.436386e+01
6.286359e+02	-3.442027e+01
6.322669e+02	-3.447700e+01
6.359189e+02	-3.451855e+01
6.395919e+02	-3.457327e+01
6.432862e+02	-3.462979e+01
6.470017e+02	-3.467286e+01
6.507388e+02	-3.472097e+01
6.544974e+02	-3.477739e+01
6.582778e+02	-3.482950e+01
6.620800e+02	-3.487453e+01
6.659041e+02	-3.493686e+01
6.697504e+02	-3.497388e+01
6.736188e+02	-3.502425e+01
6.775096e+02	-3.508159e+01
6.814229e+02	-3.512294e+01
6.853587e+02	-3.517297e+01
6.893173e+02	-3.522588e+01
6.932988e+02	-3.528081e+01
6.973033e+02	-3.533365e+01
7.013309e+02	-3.538068e+01
7.053817e+02	-3.542648e+01
7.094560e+02	-3.548262e+01
7.135538e+02	-3.553431e+01
7.176752e+02	-3.557582e+01
7.218205e+02	-3.563498e+01
7.259897e+02	-3.566923e+01
7.301830e+02	-3.574138e+01
7.344005e+02	-3.577853e+01
7.386424e+02	-3.584016e+01
7.429087e+02	-3.588724e+01
7.471998e+02	-3.593707e+01
7.515155e+02	-3.598726e+01
7.558563e+02	-3.603045e+01
7.602221e+02	-3.608784e+01
7.646131e+02	-3.613565e+01
7.690295e+02	-3.618804e+01
7.734713e+02	-3.622091e+01
7.779389e+02	-3.629143e+01
7.824322e+02	-3.633598e+01
7.869515e+02	-3.638652e+01
7.914969e+02	-3.643703e+01
7.960686e+02	-3.648232e+01
8.006666e+02	-3.655113e+01
8.052912e+02	-3.659566e+01
8.099426e+02	-3.665017e+01
8.146208e+02	-3.669236e+01
8.193260e+02	-3.674318e+01
8.240584e+02	-3.678919e+01
8.288181e+02	-3.684515e+01
8.336053e+02	-3.689149e+01
8.384202e+02	-3.694543e+01
8.432629e+02	-3.700228e+01
8.481335e+02	-3.703822e+01
8.530323e+02	-3.709505e+01
8.579594e+02	-3.714757e+01
8.629149e+02	-3.719582e+01
8.678991e+02	-3.725035e+01
8.729120e+02	-3.729288e+01
8.779539e+02	-3.735718e+01
8.830250e+02	-3.740324e+01
8.881253e+02	-3.744994e+01
8.932551e+02	-3.751086e+01
8.984145e+02	-3.754972e+01
9.036037e+02	-3.760610e+01
9.088229e+02	-3.765388e+01
9.140722e+02	-3.770529e+01
9.193518e+02	-3.775608e+01
9.246620e+02	-3.780572e+01
9.300028e+02	-3.785270e+01
9.353744e+02	-3.790153e+01
9.407771e+02	-3.795792e+01
9.462110e+02	-3.800574e+01
9.516763e+02	-3.805530e+01
9.571731e+02	-3.811037e+01
9.627017e+02	-3.814784e+01
9.682622e+02	-3.820257e+01
9.738549e+02	-3.826146e+01
9.794798e+02	-3.831990e+01
9.851373e+02	-3.835737e+01
9.908274e+02	-3.841476e+01
9.965504e+02	-3.844735e+01
1.002306e+03	-3.851744e+01
1.008096e+03	-3.856809e+01
1.013918e+03	-3.860860e+01
1.019775e+03	-3.868078e+01
1.025665e+03	-3.871979e+01
1.031589e+03	-3.879053e+01
1.037548e+03	-3.881666e+01
1.043540e+03	-3.888168e+01
1.049568e+03	-3.891918e+01
1.055630e+03	-3.897730e+01
1.061727e+03	-3.903995e+01
1.067860e+03	-3.908543e+01
1.074028e+03	-3.911805e+01
1.080231e+03	-3.917851e+01
1.086471e+03	-3.922143e+01
1.092746e+03	-3.929061e+01
1.099058e+03	-3.932950e+01
1.105406e+03	-3.936975e+01
1.111791e+03	-3.942406e+01
1.118212e+03	-3.949248e+01
1.124671e+03	-3.953410e+01
1.131167e+03	-3.959360e+01
1.137701e+03	-3.964643e+01
1.144272e+03	-3.969037e+01
1.150881e+03	-3.974005e+01
1.157529e+03	-3.979752e+01
1.164215e+03	-3.983797e+01
1.170939e+03	-3.990378e+01
1.177702e+03	-3.994290e+01
1.184505e+03	-3.998717e+01
1.191346e+03	-4.004604e+01
1.198227e+03	-4.010986e+01
1.205148e+03	-4.014445e+01
1.212109e+03	-4.019445e+01
1.219110e+03	-4.025917e+01
1.226152e+03	-4.028502e+01
1.233234e+03	-4.036371e+01
1.240357e+03	-4.041268e+01
1.247521e+03	-4.044836e+01
1.254727e+03	-4.050584e+01
1.261974e+03	-4.057283e+01
1.269263e+03	-4.059558e+01
1.276595e+03	-4.066263e+01
1.283968e+03	-4.073181e+01
1.291384e+03	-4.073759e+01
1.298843e+03	-4.081794e+01
1.306345e+03	-4.086841e+01
1.313891e+03	-4.092408e+01
1.321480e+03	-4.096535e+01
1.329113e+03	-4.102924e+01
1.336790e+03	-4.106900e+01
1.344511e+03	-4.112969e+01
1.352277e+03	-4.119671e+01
1.360087e+03	-4.124196e+01
1.367943e+03	-4.127211e+01
1.375844e+03	-4.132559e+01
1.383791e+03	-4.137831e+01
1.391784e+03	-4.142025e+01
1.399823e+03	-4.149977e+01
1.407908e+03	-4.151558e+01
1.416040e+03	-4.157660e+01
1.424219e+03	-4.163622e+01
1.432445e+03	-4.169649e+01
1.440719e+03	-4.174864e+01
1.449041e+03	-4.178714e+01
1.457410e+03	-4.186087e+01
1.465828e+03	-4.188727e+01
1.474295e+03	-4.195800e+01
1.482810e+03	-4.200230e+01
1.491375e+03	-4.205139e+01
1.499989e+03	-4.210184e+01
1.508653e+03	-4.216347e+01
1.517367e+03	-4.220951e+01
1.526131e+03	-4.226249e+01
1.534946e+03	-4.231252e+01
1.543812e+03	-4.237319e+01
1.552729e+03	-4.241856e+01
1.561697e+03	-4.248929e+01
1.570717e+03	-4.249139e+01
1.579790e+03	-4.256290e+01
1.588915e+03	-4.261698e+01
1.598092e+03	-4.268768e+01
1.607323e+03	-4.272528e+01
1.616606e+03	-4.278244e+01
1.625944e+03	-4.286355e+01
1.635335e+03	-4.287966e+01
1.644781e+03	-4.293265e+01
1.654281e+03	-4.299962e+01
1.663836e+03	-4.305143e+01
1.673446e+03	-4.310378e+01
1.683112e+03	-4.312959e+01
1.692834e+03	-4.318895e+01
1.702611e+03	-4.323598e+01
1.712446e+03	-4.328363e+01
1.722337e+03	-4.336667e+01
1.732285e+03	-4.340358e+01
1.742290e+03	-4.346838e+01
1.752354e+03	-4.350587e+01
1.762475e+03	-4.356678e+01
1.772655e+03	-4.360010e+01
1.782894e+03	-4.364509e+01
1.793192e+03	-4.371785e+01
1.803549e+03	-4.374750e+01
1.813967e+03	-4.382624e+01
1.824444e+03	-4.387596e+01
1.834982e+03	-4.394658e+01
1.845581e+03	-4.399096e+01
1.856241e+03	-4.405148e+01
1.866962e+03	-4.410336e+01
1.877746e+03	-4.413592e+01
1.888592e+03	-4.419483e+01
1.899500e+03	-4.427823e+01
1.910472e+03	-4.431124e+01
1.921506e+03	-4.438728e+01
1.932605e+03	-4.441706e+01
1.943768e+03	-4.446953e+01
1.954995e+03	-4.451099e+01
1.966287e+03	-4.459521e+01
1.977644e+03	-4.460336e+01
1.989067e+03	-4.467150e+01
2.000555e+03	-4.472143e+01
2.012110e+03	-4.478205e+01
2.023732e+03	-4.484420e+01
2.035421e+03	-4.490521e+01
2.047178e+03	-4.494390e+01
2.059002e+03	-4.500044e+01
2.070895e+03	-4.505647e+01
2.082856e+03	-4.510370e+01
2.094887e+03	-4.515471e+01
2.106987e+03	-4.517805e+01
2.119157e+03	-4.526698e+01
2.131397e+03	-4.531205e+01
2.143708e+03	-4.537723e+01
2.156090e+03	-4.541017e+01
2.168543e+03	-4.551099e+01
2.181069e+03	-4.555977e+01
2.193666e+03	-4.559341e+01
2.206337e+03	-4.561912e+01
2.219081e+03	-4.565518e+01
2.231898e+03	-4.577651e+01
2.244789e+03	-4.581349e+01
2.257755e+03	-4.587974e+01
2.270796e+03	-4.593409e+01
2.283912e+03	-4.597360e+01
2.297104e+03	-4.600166e+01
2.310372e+03	-4.606451e+01
2.323716e+03	-4.612799e+01
2.337138e+03	-4.621449e+01
2.350637e+03	-4.625691e+01
2.364214e+03	-4.628221e+01
2.377870e+03	-4.632585e+01
2.391604e+03	-4.643261e+01
2.405418e+03	-4.650045e+01
2.419312e+03	-4.651930e+01
2.433286e+03	-4.658543e+01
2.447340e+03	-4.663956e+01
2.461476e+03	-4.667250e+01
2.475693e+03	-4.672250e+01
2.489993e+03	-4.680243e+01
2.504375e+03	-4.686558e+01
2.518840e+03	-4.686315e+01
2.533389e+03	-4.695678e+01
2.548022e+03	-4.700666e+01
2.562739e+03	-4.708534e+01
2.577541e+03	-4.712995e+01
2.592429e+03	-4.719718e+01
2.607403e+03	-4.722400e+01
2.622463e+03	-4.731897e+01
2.637610e+03	-4.738721e+01
2.652845e+03	-4.740676e+01
2.668168e+03	-4.745665e+01
2.683579e+03	-4.748451e+01
2.699079e+03	-4.758352e+01
2.714669e+03	-4.759825e+01
2.730349e+03	-4.769904e+01
2.746119e+03	-4.772803e+01
2.761981e+03	-4.778263e+01
2.777934e+03	-4.783684e+01
2.793979e+03	-4.795311e+01
2.810117e+03	-4.798644e+01
2.826348e+03	-4.799788e+01
2.842673e+03	-4.807190e+01
2.859092e+03	-4.814964e+01
2.875606e+03	-4.820836e+01
2.892215e+03	-4.826625e+01
2.908921e+03	-4.830411e+01
2.925722e+03	-4.837479e+01
2.942621e+03	-4.838629e+01
2.959618e+03	-4.845344e+01
2.976712e+03	-4.856959e+01
2.993906e+03	-4.862164e+01
3.011198e+03	-4.866351e+01
3.028591e+03	-4.874237e+01
3.046084e+03	-4.877279e+01
3.063678e+03	-4.881491e+01
3.081374e+03	-4.886498e+01
3.099172e+03	-4.889346e+01
3.117072e+03	-4.903913e+01
3.135076e+03	-4.905888e+01
3.153184e+03	-4.913115e+01
3.171397e+03	-4.911302e+01
3.189715e+03	-4.920507e+01
3.208139e+03	-4.928598e+01
3.226669e+03	-4.937997e+01
3.245306e+03	-4.943300e+01
3.264051e+03	-4.948469e+01
3.282904e+03	-4.956242e+01
3.301866e+03	-4.961971e+01
3.320937e+03	-4.970145e+01
3.340119e+03	-4.972575e+01
3.359411e+03	-4.981046e+01
3.378815e+03	-4.979334e+01
3.398331e+03	-4.991209e+01
3.417959e+03	-4.995399e+01
3.437701e+03	-5.000153e+01
3.457557e+03	-5.006488e+01
3.477528e+03	-5.013757e+01
3.497614e+03	-5.019699e+01
3.517816e+03	-5.026851e+01
3.538135e+03	-5.032748e+01
3.558571e+03	-5.043196e+01
3.579125e+03	-5.045212e+01
3.599798e+03	-5.049346e+01
3.620590e+03	-5.057277e+01
3.641503e+03	-5.061382e+01
3.662536e+03	-5.069286e+01
3.683691e+03	-5.074218e+01
3.704967e+03	-5.080295e+01
3.726367e+03	-5.087843e+01
3.747890e+03	-5.093713e+01
3.769538e+03	-5.099508e+01
3.791311e+03	-5.108060e+01
3.813209e+03	-5.111364e+01
3.835234e+03	-5.112533e+01
3.857386e+03	-5.120581e+01
3.879667e+03	-5.133237e+01
3.902075e+03	-5.135987e+01
3.924614e+03	-5.151923e+01
3.947282e+03	-5.151221e+01
3.970081e+03	-5.156130e+01
3.993012e+03	-5.170410e+01
4.016076e+03	-5.171223e+01
4.039272e+03	-5.170295e+01
4.062603e+03	-5.182164e+01
4.086069e+03	-5.192367e+01
4.109670e+03	-5.199253e+01
4.133407e+03	-5.201298e+01
4.157281e+03	-5.209040e+01
4.181294e+03	-5.215610e+01
4.205445e+03	-5.220809e+01
4.229735e+03	-5.228179e+01
4.254166e+03	-5.236804e+01
4.278738e+03	-5.236262e+01
4.303451e+03	-5.251172e+01
4.328308e+03	-5.255552e+01
4.353308e+03	-5.258391e+01
4.378453e+03	-5.270416e+01
4.403742e+03	-5.275086e+01
4.429178e+03	-5.280092e+01
4.454761e+03	-5.285966e+01
4.480492e+03	-5.299265e+01
4.506371e+03	-5.300926e+01
4.532399e+03	-5.307568e+01
4.558578e+03	-5.309232e+01
4.584908e+03	-5.325337e+01
4.611391e+03	-5.324284e+01
4.638026e+03	-5.335637e+01
4.664815e+03	-5.338248e+01
4.691759e+03	-5.353511e+01
4.718858e+03	-5.357521e+01
4.746114e+03	-5.367214e+01
4.773527e+03	-5.372661e+01
4.801099e+03	-5.389745e+01
4.828830e+03	-5.386007e+01
4.856721e+03	-5.391594e+01
4.884773e+03	-5.398366e+01
4.912988e+03	-5.410410e+01
4.941365e+03	-5.420525e+01
4.969906e+03	-5.432330e+01
4.998612e+03	-5.431345e+01
5.027484e+03	-5.439862e+01
5.056522e+03	-5.443578e+01
5.085729e+03	-5.442926e+01
5.115104e+03	-5.467200e+01
5.144648e+03	-5.475936e+01
5.174363e+03	-5.476537e+01
5.204250e+03	-5.479228e+01
5.234310e+03	-5.491090e+01
5.264543e+03	-5.507548e+01
5.294951e+03	-5.507346e+01
5.325534e+03	-5.511922e+01
5.356294e+03	-5.516031e+01
5.387232e+03	-5.525246e+01
5.418348e+03	-5.540427e+01
5.449645e+03	-5.550875e+01
5.481122e+03	-5.554457e+01
5.512780e+03	-5.562133e+01
5.544622e+03	-5.570915e+01
5.576647e+03	-5.577588e+01
5.608858e+03	-5.587277e+01
5.641254e+03	-5.598940e+01
5.673838e+03	-5.592580e+01
5.706610e+03	-5.611433e+01
5.739571e+03	-5.627948e+01
5.772723e+03	-5.631403e+01
5.806066e+03	-5.630864e+01
5.839601e+03	-5.641069e+01
5.873331e+03	-5.656314e+01
5.907255e+03	-5.673011e+01
5.941375e+03	-5.682800e+01
5.975692e+03	-5.677822e+01
6.010207e+03	-5.689028e+01
6.044922e+03	-5.699767e+01
6.079837e+03	-5.699995e+01
6.114954e+03	-5.718565e+01
6.150274e+03	-5.727574e+01
6.185797e+03	-5.739130e+01
6.221526e+03	-5.733510e+01
6.257462e+03	-5.750492e+01
6.293605e+03	-5.760006e+01
6.329956e+03	-5.776661e+01
6.366518e+03	-5.778604e+01
6.403290e+03	-5.793771e+01
6.440276e+03	-5.808282e+01
6.477474e+03	-5.810171e+01
6.514888e+03	-5.819241e+01
6.552518e+03	-5.835962e+01
6.590365e+03	-5.836287e+01
6.628430e+03	-5.853281e+01
6.666716e+03	-5.850098e+01
6.705223e+03	-5.870443e+01
6.743952e+03	-5.878496e+01
6.782905e+03	-5.883292e+01
6.822082e+03	-5.890072e+01
6.861486e+03	-5.897775e+01
6.901118e+03	-5.898540e+01
6.940979e+03	-5.938652e+01
6.981069e+03	-5.942306e+01
7.021392e+03	-5.939692e+01
7.061947e+03	-5.962206e+01
7.102737e+03	-5.971037e+01
7.143762e+03	-5.979892e+01
7.185024e+03	-5.993999e+01
7.226524e+03	-6.006871e+01
7.268264e+03	-6.010054e+01
7.310246e+03	-6.019486e+01
7.352469e+03	-6.035989e+01
7.394937e+03	-6.036677e+01
7.437650e+03	-6.050217e+01
7.480609e+03	-6.057034e+01
7.523817e+03	-6.093448e+01
7.567274e+03	-6.090201e+01
7.610982e+03	-6.104705e+01
7.654943e+03	-6.133993e+01
7.699158e+03	-6.121258e+01
7.743628e+03	-6.134407e+01
7.788355e+03	-6.154174e+01
7.833340e+03	-6.156148e+01
7.878585e+03	-6.159812e+01
7.924091e+03	-6.183178e+01
7.969861e+03	-6.205457e+01
8.015894e+03	-6.212094e+01
8.062194e+03	-6.217460e+01
8.108761e+03	-6.238268e+01
8.155596e+03	-6.233536e+01
8.202703e+03	-6.249849e+01
8.250081e+03	-6.286396e+01
8.297733e+03	-6.268359e+01
8.345661e+03	-6.287095e+01
8.393865e+03	-6.290539e+01
8.442348e+03	-6.311421e+01
8.491110e+03	-6.291656e+01
8.540155e+03	-6.317148e+01
8.589482e+03	-6.326659e+01
8.639095e+03	-6.355730e+01
8.688994e+03	-6.323922e+01
8.739181e+03	-6.326215e+01
8.789658e+03	-6.331960e+01
8.840427e+03	-6.306358e+01
8.891489e+03	-6.306396e+01
8.942846e+03	-6.321548e+01
8.994499e+03	-6.303152e+01
9.046451e+03	-6.267173e+01
9.098703e+03	-6.265652e+01
9.151257e+03	-6.206028e+01
9.204114e+03	-6.176765e+01
9.257277e+03	-6.122019e+01
9.310746e+03	-6.084057e+01
9.364525e+03	-6.070366e+01
9.418614e+03	-6.125363e+01
9.473015e+03	-6.284534e+01
9.527731e+03	-6.509671e+01
9.582763e+03	-6.761311e+01
9.638113e+03	-6.995524e+01
9.693782e+03	-7.330378e+01
9.749773e+03	-7.724935e+01
9.806087e+03	-8.298763e+01
9.862727e+03	-8.687095e+01
9.919693e+03	-1.101665e+02
9.976989e+03	-9.749835e+01
1.003462e+04	-9.324740e+01
1.009258e+04	-9.783606e+01
1.015087e+04	-1.050958e+02
1.020950e+04	-9.577111e+01
1.026847e+04	-9.325765e+01
1.032778e+04	-9.301206e+01
1.038743e+04	-9.316313e+01
1.044743e+04	-9.768041e+01
1.050777e+04	-9.306817e+01
1.056847e+04	-8.996291e+01
1.062951e+04	-8.634661e+01
1.069091e+04	-8.745856e+01
1.075266e+04	-8.585340e+01
1.081476e+04	-8.498443e+01
1.087723e+04	-8.144309e+01
1.094006e+04	-8.090115e+01
1.100324e+04	-8.025961e+01
1.106680e+04	-7.955215e+01
1.113072e+04	-7.874296e+01
1.119501e+04	-7.910318e+01
1.125967e+04	-7.816592e+01
1.132471e+04	-7.703845e+01
1.139012e+04	-7.548762e+01
1.145591e+04	-7.567120e+01
1.152208e+04	-7.470015e+01
1.158863e+04	-7.427469e+01
1.165556e+04	-7.415035e+01
1.172289e+04	-7.387201e+01
1.179060e+04	-7.362483e+01
1.185870e+04	-7.278876e+01
1.192719e+04	-7.270443e+01
1.199608e+04	-7.192940e+01
1.206537e+04	-7.179189e+01
1.213506e+04	-7.082310e+01
1.220515e+04	-7.078875e+01
1.227565e+04	-7.012963e+01
1.234655e+04	-7.022752e+01
1.241787e+04	-7.001823e+01
1.248959e+04	-6.954362e+01
1.256173e+04	-6.957826e+01
1.263429e+04	-6.896404e+01
1.270726e+04	-6.878520e+01
1.278066e+04	-6.822505e+01
1.285448e+04	-6.807256e+01
1.292873e+04	-6.801550e+01
1.300340e+04	-6.763152e+01
1.307851e+04	-6.767772e+01
1.315405e+04	-6.724368e+01
1.323003e+04	-6.691245e+01
1.330644e+04	-6.695128e+01
1.338330e+04	-6.644893e+01
1.346060e+04	-6.605929e+01
1.353835e+04	-6.613246e+01
1.361655e+04	-6.558790e+01
1.369520e+04	-6.580668e+01
1.377430e+04	-6.553355e+01
1.385386e+04	-6.537843e+01
1.393388e+04	-6.502589e+01
1.401436e+04	-6.460909e+01
1.409531e+04	-6.479795e+01
1.417672e+04	-6.462196e+01
1.425861e+04	-6.449918e+01
1.434096e+04	-6.406555e+01
1.442379e+04	-6.398643e+01
1.450711e+04	-6.387566e+01
1.459090e+04	-6.378912e+01
1.467518e+04	-6.357332e+01
1.475994e+04	-6.350615e+01
1.484519e+04	-6.299333e+01
1.493094e+04	-6.301576e+01
1.501718e+04	-6.277532e+01
1.510392e+04	-6.272729e+01
1.519116e+04	-6.248170e+01
1.527890e+04	-6.238080e+01
1.536715e+04	-6.219214e+01
1.545591e+04	-6.218146e+01
1.554518e+04	-6.186855e+01
1.563497e+04	-6.168869e+01
1.572528e+04	-6.167901e+01
1.581611e+04	-6.149313e+01
1.590746e+04	-6.144700e+01
1.599934e+04	-6.140842e+01
1.609175e+04	-6.102843e+01
1.618470e+04	-6.118779e+01
1.627818e+04	-6.094818e+01
1.637220e+04	-6.065441e+01
1.646677e+04	-6.070192e+01
1.656188e+04	-6.052536e+01
1.665754e+04	-6.039575e+01
1.675375e+04	-6.022952e+01
1.685052e+04	-6.026430e+01
1.694785e+04	-6.011691e+01
1.704574e+04	-5.997302e+01
1.714419e+04	-5.970469e+01
1.724322e+04	-5.957873e+01
1.734281e+04	-5.942365e+01
1.744299e+04	-5.937278e+01
1.754374e+04	-5.941363e+01
1.764507e+04	-5.930706e+01
1.774698e+04	-5.909144e+01
1.784949e+04	-5.906868e+01
1.795259e+04	-5.908854e+01
1.805628e+04	-5.876039e+01
1.816057e+04	-5.884856e+01
1.826547e+04	-5.860713e+01
1.837097e+04	-5.844510e+01
1.847708e+04	-5.843013e+01
1.858380e+04	-5.822852e+01
1.869114e+04	-5.813689e+01
1.879910e+04	-5.817774e+01
1.890768e+04	-5.806381e+01
1.901689e+04	-5.769622e+01
1.912673e+04	-5.776056e+01
1.923721e+04	-5.767653e+01
1.934832e+04	-5.748293e+01
1.946008e+04	-5.754978e+01
1.957248e+04	-5.745035e+01
1.968553e+04	-5.733640e+01
1.979923e+04	-5.722204e+01
1.991359e+04	-5.694392e+01
2.002861e+04	-5.703162e+01
2.014430e+04	-5.681865e+01
2.026065e+04	-5.689089e+01
2.037767e+04	-5.678710e+01
2.049537e+04	-5.668217e+01
2.061375e+04	-5.661692e+01
2.073282e+04	-5.647402e+01
2.085257e+04	-5.644690e+01
2.097301e+04	-5.632903e+01
2.109415e+04	-5.617889e+01
2.121599e+04	-5.615674e+01
2.133853e+04	-5.620325e+01
2.146178e+04	-5.598937e+01
2.158575e+04	-5.593438e+01
2.171043e+04	-5.582145e+01
2.183582e+04	-5.569962e+01
2.196195e+04	-5.579271e+01
2.208880e+04	-5.557522e+01
2.221638e+04	-5.534443e+01
2.234470e+04	-5.535455e+01
2.247377e+04	-5.537715e+01
2.260357e+04	-5.532572e+01
2.273413e+04	-5.512461e+01
2.286544e+04	-5.510826e+01
2.299751e+04	-5.498237e+01
2.313034e+04	-5.498889e+01
2.326394e+04	-5.486665e+01
2.339832e+04	-5.482588e+01
2.353346e+04	-5.459889e+01
2.366939e+04	-5.474268e+01
2.380610e+04	-5.451370e+01
2.394361e+04	-5.444378e+01
2.408191e+04	-5.441418e+01
2.422100e+04	-5.435801e+01
2.436090e+04	-5.425304e+01
2.450161e+04	-5.413034e+01
2.464313e+04	-5.410400e+01
2.478547e+04	-5.410279e+01
2.492863e+04	-5.393349e+01
2.507261e+04	-5.386022e+01
2.521743e+04	-5.382438e+01
2.536309e+04	-5.375224e+01
2.550958e+04	-5.358964e+01
2.565692e+04	-5.362900e+01
2.580512e+04	-5.351267e+01
2.595417e+04	-5.345573e+01
2.610408e+04	-5.336416e+01
2.625485e+04	-5.329201e+01
2.640650e+04	-5.326145e+01
2.655902e+04	-5.323110e+01
2.671243e+04	-5.313909e+01
2.686672e+04	-5.297705e+01
2.702190e+04	-5.299614e+01
2.717798e+04	-5.291823e+01
2.733495e+04	-5.286272e+01
2.749284e+04	-5.272614e+01
2.765164e+04	-5.271188e+01
2.781135e+04	-5.263608e+01
2.797199e+04	-5.253689e+01
2.813355e+04	-5.247209e+01
2.829605e+04	-5.241805e+01
2.845949e+04	-5.233198e+01
2.862387e+04	-5.232390e+01
2.878920e+04	-5.223127e+01
2.895549e+04	-5.217530e+01
2.912273e+04	-5.206867e+01
2.929094e+04	-5.202411e+01
2.946013e+04	-5.195367e+01
2.963029e+04	-5.190969e+01
2.980143e+04	-5.176048e+01
2.997356e+04	-5.172969e+01
3.014669e+04	-5.166716e+01
3.032081e+04	-5.159391e+01
3.049595e+04	-5.148942e+01
3.067209e+04	-5.145342e+01
3.084925e+04	-5.139570e+01
3.102743e+04	-5.136761e+01
3.120665e+04	-5.130890e+01
3.138690e+04	-5.121139e+01
3.156819e+04	-5.111486e+01
3.175052e+04	-5.112543e+01
3.193391e+04	-5.109310e+01
3.211836e+04	-5.096354e+01
3.230388e+04	-5.089100e+01
3.249046e+04	-5.091876e+01
3.267812e+04	-5.079042e+01
3.286687e+04	-5.076454e+01
3.305671e+04	-5.064824e+01
3.324764e+04	-5.059984e+01
3.343968e+04	-5.057975e+01
3.363283e+04	-5.047936e+01
3.382709e+04	-5.042598e+01
3.402247e+04	-5.035341e+01
3.421899e+04	-5.034425e+01
3.441663e+04	-5.025672e+01
3.461542e+04	-5.020852e+01
3.481536e+04	-5.010955e+01
3.501645e+04	-5.007551e+01
3.521871e+04	-4.999009e+01
3.542213e+04	-4.997793e+01
3.562672e+04	-4.991130e+01
3.583250e+04	-4.981067e+01
3.603947e+04	-4.974941e+01
3.624763e+04	-4.974385e+01
3.645700e+04	-4.963225e+01
3.666757e+04	-4.957235e+01
3.687936e+04	-4.957004e+01
3.709238e+04	-4.945421e+01
3.730662e+04	-4.940026e+01
3.752210e+04	-4.938786e+01
3.773883e+04	-4.931134e+01
3.795680e+04	-4.922482e+01
3.817604e+04	-4.914159e+01
3.839654e+04	-4.914770e+01
3.861832e+04	-4.907874e+01
3.884138e+04	-4.895329e+01
3.906573e+04	-4.895606e+01
3.929137e+04	-4.881973e+01
3.951831e+04	-4.877871e+01
3.974657e+04	-4.879343e+01
3.997614e+04	-4.872038e+01
4.020704e+04	-4.869863e+01
4.043928e+04	-4.859775e+01
4.067285e+04	-4.851619e+01
4.090778e+04	-4.845372e+01
4.114406e+04	-4.841957e+01
4.138171e+04	-4.835116e+01
4.162073e+04	-4.830150e+01
4.186113e+04	-4.825281e+01
4.210291e+04	-4.818260e+01
4.234610e+04	-4.813902e+01
4.259069e+04	-4.807407e+01
4.283669e+04	-4.798735e+01
4.308411e+04	-4.796283e+01
4.333297e+04	-4.791186e+01
4.358325e+04	-4.783637e+01
4.383499e+04	-4.778814e+01
4.408818e+04	-4.772323e+01
4.434283e+04	-4.770659e+01
4.459895e+04	-4.763580e+01
4.485655e+04	-4.757979e+01
4.511564e+04	-4.745144e+01
4.537623e+04	-4.746765e+01
4.563832e+04	-4.738871e+01
4.590193e+04	-4.734364e+01
4.616705e+04	-4.727246e+01
4.643371e+04	-4.722285e+01
4.670191e+04	-4.715910e+01
4.697166e+04	-4.710027e+01
4.724297e+04	-4.705541e+01
4.751584e+04	-4.698636e+01
4.779029e+04	-4.694347e+01
4.806633e+04	-4.690497e+01
4.834395e+04	-4.681062e+01
4.862319e+04	-4.681351e+01
4.890403e+04	-4.674659e+01
4.918650e+04	-4.665020e+01
4.947060e+04	-4.664636e+01
4.975634e+04	-4.652227e+01
5.004373e+04	-4.647660e+01
5.033278e+04	-4.645352e+01
5.062350e+04	-4.636402e+01
5.091590e+04	-4.634866e+01
5.120999e+04	-4.627218e+01
5.150578e+04	-4.623482e+01
5.180327e+04	-4.615892e+01
5.210248e+04	-4.607209e+01
5.240343e+04	-4.608224e+01
5.270611e+04	-4.603941e+01
5.301053e+04	-4.594898e+01
5.331672e+04	-4.589403e+01
5.362468e+04	-4.586484e+01
5.393441e+04	-4.576003e+01
5.424593e+04	-4.577236e+01
5.455926e+04	-4.569834e+01
5.487439e+04	-4.560794e+01
5.519134e+04	-4.557034e+01
5.551012e+04	-4.550987e+01
5.583075e+04	-4.545854e+01
5.615322e+04	-4.543016e+01
5.647756e+04	-4.536420e+01
5.680377e+04	-4.532852e+01
5.713187e+04	-4.524991e+01
5.746186e+04	-4.520847e+01
5.779376e+04	-4.516613e+01
5.812757e+04	-4.507575e+01
5.846332e+04	-4.503535e+01
5.880100e+04	-4.498250e+01
5.914063e+04	-4.492597e+01
5.948222e+04	-4.489540e+01
5.982579e+04	-4.482178e+01
6.017134e+04	-4.478874e+01
6.051889e+04	-4.473397e+01
6.086844e+04	-4.468900e+01
6.122002e+04	-4.461443e+01
6.157362e+04	-4.458087e+01
6.192927e+04	-4.451346e+01
6.228697e+04	-4.447733e+01
6.264674e+04	-4.442980e+01
6.300858e+04	-4.435253e+01
6.337252e+04	-4.432818e+01
6.373855e+04	-4.425153e+01
6.410670e+04	-4.417130e+01
6.447698e+04	-4.411409e+01
6.484940e+04	-4.407642e+01
6.522397e+04	-4.404043e+01
6.560070e+04	-4.402572e+01
6.597960e+04	-4.393601e+01
6.636070e+04	-4.385562e+01
6.674400e+04	-4.381910e+01
6.712951e+04	-4.377689e+01
6.751724e+04	-4.368791e+01
6.790722e+04	-4.365678e+01
6.829945e+04	-4.363888e+01
6.869395e+04	-4.357703e+01
6.909072e+04	-4.350649e+01
6.948978e+04	-4.345219e+01
6.989115e+04	-4.338940e+01
7.029484e+04	-4.335067e+01
7.070086e+04	-4.331807e+01
7.110923e+04	-4.326524e+01
7.151995e+04	-4.317231e+01
7.193305e+04	-4.314356e+01
7.234853e+04	-4.309871e+01
7.276641e+04	-4.302072e+01
7.318671e+04	-4.297693e+01
7.360943e+04	-4.296969e+01
7.403460e+04	-4.288348e+01
7.446222e+04	-4.283396e+01
7.489231e+04	-4.276357e+01
7.532488e+04	-4.271232e+01
7.575996e+04	-4.266302e+01
7.619754e+04	-4.262591e+01
7.663766e+04	-4.258523e+01
7.708031e+04	-4.252029e+01
7.752553e+04	-4.246829e+01
7.797331e+04	-4.241348e+01
7.842368e+04	-4.237291e+01
7.887665e+04	-4.231163e+01
7.933224e+04	-4.225193e+01
7.979046e+04	-4.220156e+01
8.025133e+04	-4.216563e+01
8.071486e+04	-4.210829e+01
8.118106e+04	-4.205463e+01
8.164996e+04	-4.199406e+01
8.212157e+04	-4.193297e+01
8.259590e+04	-4.188965e+01
8.307297e+04	-4.185914e+01
8.355279e+04	-4.176153e+01
8.403539e+04	-4.172148e+01
8.452078e+04	-4.169862e+01
8.500897e+04	-4.162794e+01
8.549997e+04	-4.157789e+01
8.599382e+04	-4.153204e+01
8.649052e+04	-4.147521e+01
8.699008e+04	-4.142851e+01
8.749253e+04	-4.137635e+01
8.799789e+04	-4.132344e+01
8.850616e+04	-4.127343e+01
8.901737e+04	-4.121452e+01
8.953153e+04	-4.117551e+01
9.004866e+04	-4.112047e+01
9.056877e+04	-4.107727e+01
9.109190e+04	-4.100362e+01
9.161804e+04	-4.097227e+01
9.214722e+04	-4.091381e+01
9.267946e+04	-4.084854e+01
9.321477e+04	-4.081377e+01
9.375318e+04	-4.075001e+01
9.429469e+04	-4.070278e+01
9.483933e+04	-4.067142e+01
9.538712e+04	-4.060427e+01
9.593807e+04	-4.054641e+01
9.649221e+04	-4.049150e+01
9.704954e+04	-4.044291e+01
9.761010e+04	-4.038714e+01
9.817389e+04	-4.033793e+01
9.874094e+04	-4.029302e+01
9.931126e+04	-4.024811e+01
9.988488e+04	-4.018556e+01
1.004618e+05	-4.013803e+01
1.010421e+05	-4.009099e+01
1.016257e+05	-4.002824e+01
1.022127e+05	-3.999019e+01
1.028031e+05	-3.990997e+01
1.033968e+05	-3.988818e+01
1.039941e+05	-3.983186e+01
1.045947e+05	-3.977652e+01
1.051989e+05	-3.973435e+01
1.058065e+05	-3.966789e+01
1.064176e+05	-3.963521e+01
1.070323e+05	-3.957973e+01
1.076505e+05	-3.953948e+01
1.082723e+05	-3.947322e+01
1.088977e+05	-3.940719e+01
1.095266e+05	-3.938037e+01
1.101593e+05	-3.932439e+01
1.107955e+05	-3.928381e+01
1.114355e+05	-3.921056e+01
1.120791e+05	-3.918751e+01
1.127265e+05	-3.912595e+01
1.133776e+05	-3.906734e+01
1.140325e+05	-3.902442e+01
1.146911e+05	-3.897089e+01
1.153536e+05	-3.892058e+01
1.160198e+05	-3.885822e+01
1.166900e+05	-3.882105e+01
1.173640e+05	-3.875705e+01
1.180419e+05	-3.871944e+01
1.187237e+05	-3.866702e+01
1.194094e+05	-3.860383e+01
1.200991e+05	-3.856326e+01
1.207928e+05	-3.851104e+01
1.214905e+05	-3.845731e+01
1.221922e+05	-3.840644e+01
1.228980e+05	-3.836052e+01
1.236078e+05	-3.830343e+01
1.243218e+05	-3.825289e+01
1.250399e+05	-3.819490e+01
1.257621e+05	-3.815790e+01
1.264885e+05	-3.810796e+01
1.272191e+05	-3.805122e+01
1.279539e+05	-3.799695e+01
1.286930e+05	-3.795694e+01
1.294363e+05	-3.791075e+01
1.301839e+05	-3.785150e+01
1.309358e+05	-3.780293e+01
1.316921e+05	-3.775057e+01
1.324528e+05	-3.770344e+01
1.332178e+05	-3.764622e+01
1.339873e+05	-3.759609e+01
1.347612e+05	-3.755786e+01
1.355395e+05	-3.749593e+01
1.363224e+05	-3.743724e+01
1.371098e+05	-3.739490e+01
1.379018e+05	-3.734479e+01
1.386983e+05	-3.729667e+01
1.394994e+05	-3.724338e+01
1.403051e+05	-3.719431e+01
1.411155e+05	-3.714933e+01
1.419306e+05	-3.709767e+01
1.427504e+05	-3.704875e+01
1.435749e+05	-3.699385e+01
1.444042e+05	-3.693720e+01
1.452383e+05	-3.688909e+01
1.460772e+05	-3.683400e+01
1.469209e+05	-3.679433e+01
1.477695e+05	-3.673471e+01
1.486230e+05	-3.668559e+01
1.494814e+05	-3.662442e+01
1.503448e+05	-3.658251e+01
1.512132e+05	-3.653463e+01
1.520866e+05	-3.649531e+01
1.529651e+05	-3.644351e+01
1.538486e+05	-3.637700e+01
1.547372e+05	-3.633305e+01
1.556310e+05	-3.628812e+01
1.565299e+05	-3.623326e+01
1.574340e+05	-3.618632e+01
1.583433e+05	-3.612940e+01
1.592579e+05	-3.608598e+01
1.601778e+05	-3.602968e+01
1.611030e+05	-3.598935e+01
1.620335e+05	-3.593153e+01
1.629694e+05	-3.587896e+01
1.639107e+05	-3.582218e+01
1.648574e+05	-3.577322e+01
1.658097e+05	-3.573290e+01
1.667674e+05	-3.567971e+01
1.677306e+05	-3.562568e+01
1.686994e+05	-3.558479e+01
1.696738e+05	-3.552982e+01
1.706538e+05	-3.547580e+01
1.716395e+05	-3.542462e+01
1.726309e+05	-3.537473e+01
1.736280e+05	-3.532634e+01
1.746309e+05	-3.527247e+01
1.756395e+05	-3.522381e+01
1.766540e+05	-3.516934e+01
1.776744e+05	-3.513323e+01
1.787006e+05	-3.507701e+01
1.797328e+05	-3.503413e+01
1.807709e+05	-3.497544e+01
1.818150e+05	-3.492273e+01
1.828652e+05	-3.487357e+01
1.839214e+05	-3.482782e+01
1.849837e+05	-3.476327e+01
1.860522e+05	-3.471804e+01
1.871268e+05	-3.467181e+01
1.882077e+05	-3.462980e+01
1.892948e+05	-3.457883e+01
1.903881e+05	-3.452572e+01
1.914878e+05	-3.447558e+01
1.925938e+05	-3.442486e+01
1.937062e+05	-3.438015e+01
1.948251e+05	-3.432345e+01
1.959504e+05	-3.427206e+01
1.970822e+05	-3.421936e+01
1.982205e+05	-3.417021e+01
1.993654e+05	-3.411858e+01
2.005169e+05	-3.406694e+01
2.016751e+05	-3.402139e+01
2.028400e+05	-3.396367e+01
2.040116e+05	-3.390967e+01
2.051899e+05	-3.387031e+01
2.063751e+05	-3.381455e+01
2.075671e+05	-3.377543e+01
2.087660e+05	-3.372625e+01
2.099719e+05	-3.366905e+01
2.111846e+05	-3.361984e+01
2.124044e+05	-3.357002e+01
2.136313e+05	-3.352203e+01
2.148652e+05	-3.346910e+01
2.161063e+05	-3.341954e+01
2.173545e+05	-3.337273e+01
2.186099e+05	-3.331693e+01
2.198726e+05	-3.326961e+01
2.211426e+05	-3.321957e+01
2.224199e+05	-3.316596e+01
2.237046e+05	-3.311474e+01
2.249967e+05	-3.306509e+01
2.262962e+05	-3.301495e+01
2.276033e+05	-3.297224e+01
2.289179e+05	-3.292271e+01
2.302402e+05	-3.287374e+01
2.315700e+05	-3.281746e+01
2.329076e+05	-3.276771e+01
2.342528e+05	-3.271470e+01
2.356059e+05	-3.266707e+01
2.369667e+05	-3.261053e+01
2.383354e+05	-3.256483e+01
2.397120e+05	-3.252046e+01
2.410966e+05	-3.247475e+01
2.424892e+05	-3.241579e+01
2.438898e+05	-3.236279e+01
2.452985e+05	-3.231513e+01
2.467153e+05	-3.226129e+01
2.481403e+05	-3.221758e+01
2.495736e+05	-3.217011e+01
2.510151e+05	-3.211601e+01
2.524650e+05	-3.206960e+01
2.539232e+05	-3.201258e+01
2.553898e+05	-3.196714e+01
2.568650e+05	-3.191589e+01
2.583486e+05	-3.186760e+01
2.598408e+05	-3.181806e+01
2.613416e+05	-3.176766e+01
2.628511e+05	-3.171557e+01
2.643694e+05	-3.166572e+01
2.658963e+05	-3.161778e+01
2.674321e+05	-3.156522e+01
2.689768e+05	-3.151465e+01
2.705304e+05	-3.146984e+01
2.720930e+05	-3.141774e+01
2.736646e+05	-3.136404e+01
2.752453e+05	-3.131459e+01
2.768351e+05	-3.126402e+01
2.784341e+05	-3.120950e+01
2.800423e+05	-3.116459e+01
2.816598e+05	-3.111269e+01
2.832867e+05	-3.106766e+01
2.849229e+05	-3.101656e+01
2.865686e+05	-3.095680e+01
2.882238e+05	-3.091413e+01
2.898886e+05	-3.086563e+01
2.915630e+05	-3.081950e+01
2.932470e+05	-3.076376e+01
2.949408e+05	-3.071596e+01
2.966444e+05	-3.067002e+01
2.983578e+05	-3.061744e+01
3.000811e+05	-3.057154e+01
3.018143e+05	-3.051509e+01
3.035576e+05	-3.046761e+01
3.053109e+05	-3.041998e+01
3.070744e+05	-3.036277e+01
3.088481e+05	-3.031123e+01
3.106320e+05	-3.026660e+01
3.124261e+05	-3.021939e+01
3.142307e+05	-3.016793e+01
3.160457e+05	-3.012116e+01
3.178712e+05	-3.006513e+01
3.197072e+05	-3.001865e+01
3.215538e+05	-2.997292e+01
3.234111e+05	-2.992348e+01
3.252791e+05	-2.986432e+01
3.271579e+05	-2.981747e+01
3.290475e+05	-2.976663e+01
3.309481e+05	-2.971588e+01
3.328596e+05	-2.966531e+01
3.347822e+05	-2.961344e+01
3.367159e+05	-2.957096e+01
3.386608e+05	-2.951914e+01
3.406169e+05	-2.946646e+01
3.425842e+05	-2.942454e+01
3.445630e+05	-2.937388e+01
3.465532e+05	-2.932425e+01
3.485549e+05	-2.927211e+01
3.505681e+05	-2.921644e+01
3.525930e+05	-2.917298e+01
3.546295e+05	-2.912441e+01
3.566778e+05	-2.907525e+01
3.587380e+05	-2.901917e+01
3.608101e+05	-2.897123e+01
3.628941e+05	-2.891898e+01
3.649901e+05	-2.887263e+01
3.670983e+05	-2.882554e+01
3.692187e+05	-2.876936e+01
3.713513e+05	-2.872569e+01
3.734962e+05	-2.867339e+01
3.756535e+05	-2.862438e+01
3.778232e+05	-2.857236e+01
3.800055e+05	-2.852287e+01
3.822004e+05	-2.846993e+01
3.844080e+05	-2.842012e+01
3.866283e+05	-2.837257e+01
3.888615e+05	-2.832183e+01
3.911075e+05	-2.827135e+01
3.933665e+05	-2.822032e+01
3.956386e+05	-2.817383e+01
3.979238e+05	-2.812258e+01
4.002222e+05	-2.807801e+01
4.025338e+05	-2.802415e+01
4.048589e+05	-2.797421e+01
4.071973e+05	-2.792763e+01
4.095493e+05	-2.787493e+01
4.119148e+05	-2.782881e+01
4.142940e+05	-2.777583e+01
4.166870e+05	-2.772777e+01
4.190937e+05	-2.767617e+01
4.215144e+05	-2.762822e+01
4.239490e+05	-2.757625e+01
4.263978e+05	-2.752974e+01
4.288606e+05	-2.747749e+01
4.313377e+05	-2.742881e+01
4.338291e+05	-2.737756e+01
4.363349e+05	-2.733074e+01
4.388551e+05	-2.727740e+01
4.413899e+05	-2.722928e+01
4.439394e+05	-2.717925e+01
4.465035e+05	-2.712923e+01
4.490825e+05	-2.707982e+01
4.516764e+05	-2.703745e+01
4.542853e+05	-2.697822e+01
4.569092e+05	-2.693178e+01
4.595483e+05	-2.688153e+01
4.622026e+05	-2.682844e+01
4.648723e+05	-2.678045e+01
4.675574e+05	-2.673258e+01
4.702580e+05	-2.668333e+01
4.729742e+05	-2.663381e+01
4.757060e+05	-2.658622e+01
4.784537e+05	-2.652940e+01
4.812172e+05	-2.648627e+01
4.839967e+05	-2.643501e+01
4.867923e+05	-2.638590e+01
4.896040e+05	-2.633736e+01
4.924319e+05	-2.628586e+01
4.952762e+05	-2.623512e+01
4.981369e+05	-2.618820e+01
5.010141e+05	-2.613671e+01
5.039079e+05	-2.608917e+01
5.068185e+05	-2.603802e+01
5.097458e+05	-2.599113e+01
5.126901e+05	-2.594073e+01
5.156514e+05	-2.589135e+01
5.186298e+05	-2.584170e+01
5.216253e+05	-2.579255e+01
5.246382e+05	-2.573919e+01
5.276685e+05	-2.569436e+01
5.307163e+05	-2.564302e+01
5.337817e+05	-2.559034e+01
5.368648e+05	-2.554036e+01
5.399657e+05	-2.549408e+01
5.430845e+05	-2.544144e+01
5.462214e+05	-2.539604e+01
5.493763e+05	-2.534731e+01
5.525495e+05	-2.530052e+01
5.557410e+05	-2.524714e+01
5.589509e+05	-2.519893e+01
5.621794e+05	-2.514641e+01
5.654265e+05	-2.509673e+01
5.686924e+05	-2.504944e+01
5.719772e+05	-2.499925e+01
5.752809e+05	-2.494947e+01
5.786037e+05	-2.490066e+01
5.819457e+05	-2.485215e+01
5.853070e+05	-2.480403e+01
5.886877e+05	-2.475056e+01
5.920879e+05	-2.470423e+01
5.955078e+05	-2.465404e+01
5.989474e+05	-2.460634e+01
6.024069e+05	-2.455476e+01
6.058864e+05	-2.450464e+01
6.093860e+05	-2.445841e+01
6.129058e+05	-2.440647e+01
6.164459e+05	-2.435825e+01
6.200064e+05	-2.430944e+01
6.235876e+05	-2.426018e+01
6.271894e+05	-2.421058e+01
6.308120e+05	-2.415985e+01
6.344555e+05	-2.410919e+01
6.381201e+05	-2.405977e+01
6.418059e+05	-2.401349e+01
6.455129e+05	-2.396409e+01
6.492414e+05	-2.391528e+01
6.529914e+05	-2.386670e+01
6.567630e+05	-2.381727e+01
6.605565e+05	-2.376863e+01
6.643718e+05	-2.371694e+01
6.682092e+05	-2.366744e+01
6.720688e+05	-2.361974e+01
6.759506e+05	-2.356968e+01
6.798549e+05	-2.352203e+01
6.837817e+05	-2.347170e+01
6.877312e+05	-2.342183e+01
6.917035e+05	-2.337373e+01
6.956987e+05	-2.332281e+01
6.997171e+05	-2.327422e+01
7.037586e+05	-2.322545e+01
7.078235e+05	-2.317626e+01
7.119118e+05	-2.312772e+01
7.160238e+05	-2.307976e+01
7.201595e+05	-2.303196e+01
7.243191e+05	-2.297965e+01
7.285028e+05	-2.293187e+01
7.327106e+05	-2.288198e+01
7.369427e+05	-2.283536e+01
7.411992e+05	-2.278360e+01
7.454804e+05	-2.273485e+01
7.497862e+05	-2.268651e+01
7.541170e+05	-2.263563e+01
7.584727e+05	-2.258733e+01
7.628536e+05	-2.253946e+01
7.672598e+05	-2.249147e+01
7.716915e+05	-2.244090e+01
7.761488e+05	-2.239199e+01
7.806318e+05	-2.234253e+01
7.851407e+05	-2.229748e+01
7.896756e+05	-2.224526e+01
7.942367e+05	-2.219603e+01
7.988242e+05	-2.214838e+01
8.034382e+05	-2.209624e+01
8.080788e+05	-2.205057e+01
8.127463e+05	-2.200070e+01
8.174406e+05	-2.195241e+01
8.221621e+05	-2.190418e+01
8.269109e+05	-2.185501e+01
8.316871e+05	-2.180478e+01
8.364909e+05	-2.175786e+01
8.413225e+05	-2.170698e+01
8.461819e+05	-2.166225e+01
8.510694e+05	-2.161057e+01
8.559852e+05	-2.156260e+01
8.609293e+05	-2.151174e+01
8.659020e+05	-2.146545e+01
8.709034e+05	-2.141630e+01
8.759337e+05	-2.136751e+01
8.809931e+05	-2.131814e+01
8.860816e+05	-2.126671e+01
8.911996e+05	-2.122198e+01
8.963471e+05	-2.117206e+01
9.015244e+05	-2.112324e+01
9.067316e+05	-2.107289e+01
9.119688e+05	-2.102806e+01
9.172363e+05	-2.097712e+01
9.225342e+05	-2.092979e+01
9.278628e+05	-2.088032e+01
9.332221e+05	-2.083326e+01
9.386123e+05	-2.078297e+01
9.440337e+05	-2.073476e+01
9.494864e+05	-2.068618e+01
9.549706e+05	-2.063673e+01
9.604865e+05	-2.059115e+01
9.660342e+05	-2.054154e+01
9.716140e+05	-2.049230e+01
9.772260e+05	-2.044508e+01
9.828704e+05	-2.039642e+01
9.885474e+05	-2.034896e+01
9.942572e+05	-2.029967e+01
1.000000e+06	-2.025053e+01
