Frequency(Hz)	Magnitude(dB)
1.000000e+01	-2.116046e+00
1.005776e+01	-2.135529e+00
1.011585e+01	-2.154931e+00
1.017428e+01	-2.174261e+00
1.023305e+01	-2.194121e+00
1.029215e+01	-2.214234e+00
1.035160e+01	-2.234447e+00
1.041139e+01	-2.254416e+00
1.047153e+01	-2.274669e+00
1.053201e+01	-2.295128e+00
1.059284e+01	-2.316028e+00
1.065403e+01	-2.336639e+00
1.071556e+01	-2.357607e+00
1.077746e+01	-2.378331e+00
1.083971e+01	-2.399803e+00
1.090232e+01	-2.420863e+00
1.096529e+01	-2.442485e+00
1.102862e+01	-2.463946e+00
1.109232e+01	-2.485865e+00
1.115639e+01	-2.507736e+00
1.122083e+01	-2.529597e+00
1.128564e+01	-2.551773e+00
1.135083e+01	-2.573761e+00
1.141639e+01	-2.596646e+00
1.148233e+01	-2.619098e+00
1.154865e+01	-2.642008e+00
1.161536e+01	-2.664757e+00
1.168245e+01	-2.687780e+00
1.174992e+01	-2.711047e+00
1.181779e+01	-2.734396e+00
1.188605e+01	-2.757734e+00
1.195470e+01	-2.781082e+00
1.202375e+01	-2.804907e+00
1.209320e+01	-2.828873e+00
1.216305e+01	-2.852709e+00
1.223330e+01	-2.876918e+00
1.230396e+01	-2.901211e+00
1.237503e+01	-2.925823e+00
1.244651e+01	-2.950500e+00
1.251840e+01	-2.975040e+00
1.259070e+01	-3.000003e+00
1.266343e+01	-3.024949e+00
1.273657e+01	-3.050199e+00
1.281014e+01	-3.075467e+00
1.288413e+01	-3.101034e+00
1.295855e+01	-3.126506e+00
1.303339e+01	-3.152468e+00
1.310867e+01	-3.178139e+00
1.318439e+01	-3.204329e+00
1.326054e+01	-3.230179e+00
1.333713e+01	-3.256691e+00
1.341417e+01	-3.283087e+00
1.349165e+01	-3.310030e+00
1.356958e+01	-3.336305e+00
1.364795e+01	-3.363365e+00
1.372678e+01	-3.390720e+00
1.380607e+01	-3.417696e+00
1.388581e+01	-3.444991e+00
1.396602e+01	-3.472606e+00
1.404668e+01	-3.499875e+00
1.412782e+01	-3.527911e+00
1.420942e+01	-3.555525e+00
1.429149e+01	-3.583825e+00
1.437404e+01	-3.611986e+00
1.445706e+01	-3.640086e+00
1.454057e+01	-3.668787e+00
1.462455e+01	-3.697365e+00
1.470902e+01	-3.725871e+00
1.479398e+01	-3.754966e+00
1.487943e+01	-3.783978e+00
1.496537e+01	-3.812994e+00
1.505181e+01	-3.842337e+00
1.513875e+01	-3.871959e+00
1.522619e+01	-3.901582e+00
1.531414e+01	-3.931086e+00
1.540259e+01	-3.961223e+00
1.549156e+01	-3.990899e+00
1.558103e+01	-4.021087e+00
1.567103e+01	-4.051432e+00
1.576155e+01	-4.081890e+00
1.585258e+01	-4.112364e+00
1.594415e+01	-4.143189e+00
1.603624e+01	-4.173895e+00
1.612886e+01	-4.204840e+00
1.622202e+01	-4.235981e+00
1.631572e+01	-4.267121e+00
1.640996e+01	-4.298436e+00
1.650474e+01	-4.330196e+00
1.660008e+01	-4.361793e+00
1.669596e+01	-4.393715e+00
1.679239e+01	-4.425342e+00
1.688938e+01	-4.457577e+00
1.698694e+01	-4.489474e+00
1.708505e+01	-4.521908e+00
1.718373e+01	-4.554220e+00
1.728299e+01	-4.586868e+00
1.738281e+01	-4.619645e+00
1.748322e+01	-4.652049e+00
1.758420e+01	-4.685305e+00
1.768576e+01	-4.718399e+00
1.778792e+01	-4.751648e+00
1.789066e+01	-4.785084e+00
1.799399e+01	-4.818328e+00
1.809793e+01	-4.852076e+00
1.820246e+01	-4.885833e+00
1.830760e+01	-4.919336e+00
1.841334e+01	-4.953219e+00
1.851969e+01	-4.987859e+00
1.862666e+01	-5.021861e+00
1.873425e+01	-5.056227e+00
1.884246e+01	-5.090475e+00
1.895129e+01	-5.124977e+00
1.906075e+01	-5.160091e+00
1.917085e+01	-5.194578e+00
1.928158e+01	-5.229339e+00
1.939295e+01	-5.264692e+00
1.950496e+01	-5.300041e+00
1.961762e+01	-5.335443e+00
1.973093e+01	-5.370834e+00
1.984490e+01	-5.406334e+00
1.995952e+01	-5.441980e+00
2.007480e+01	-5.477972e+00
2.019076e+01	-5.513975e+00
2.030738e+01	-5.549567e+00
2.042467e+01	-5.585831e+00
2.054264e+01	-5.622103e+00
2.066130e+01	-5.658708e+00
2.078064e+01	-5.695214e+00
2.090066e+01	-5.731495e+00
2.102139e+01	-5.768466e+00
2.114280e+01	-5.805151e+00
2.126492e+01	-5.842115e+00
2.138775e+01	-5.879255e+00
2.151128e+01	-5.916303e+00
2.163553e+01	-5.953412e+00
2.176050e+01	-5.990992e+00
2.188619e+01	-6.028347e+00
2.201260e+01	-6.066058e+00
2.213974e+01	-6.103802e+00
2.226762e+01	-6.141480e+00
2.239624e+01	-6.179714e+00
2.252560e+01	-6.217492e+00
2.265571e+01	-6.255727e+00
2.278656e+01	-6.293843e+00
2.291818e+01	-6.332217e+00
2.305055e+01	-6.370661e+00
2.318369e+01	-6.409312e+00
2.331760e+01	-6.447987e+00
2.345228e+01	-6.486505e+00
2.358774e+01	-6.525196e+00
2.372398e+01	-6.564600e+00
2.386101e+01	-6.603509e+00
2.399883e+01	-6.642895e+00
2.413745e+01	-6.681727e+00
2.427686e+01	-6.720833e+00
2.441709e+01	-6.760394e+00
2.455812e+01	-6.800006e+00
2.469997e+01	-6.839899e+00
2.484263e+01	-6.879054e+00
2.498612e+01	-6.919171e+00
2.513044e+01	-6.958737e+00
2.527559e+01	-6.998830e+00
2.542158e+01	-7.039093e+00
2.556842e+01	-7.079302e+00
2.571610e+01	-7.119935e+00
2.586463e+01	-7.160124e+00
2.601403e+01	-7.200271e+00
2.616428e+01	-7.241149e+00
2.631541e+01	-7.281872e+00
2.646740e+01	-7.322088e+00
2.662028e+01	-7.362838e+00
2.677404e+01	-7.404283e+00
2.692868e+01	-7.444903e+00
2.708422e+01	-7.485819e+00
2.724066e+01	-7.527280e+00
2.739800e+01	-7.568287e+00
2.755625e+01	-7.610140e+00
2.771541e+01	-7.650993e+00
2.787550e+01	-7.692853e+00
2.803650e+01	-7.734143e+00
2.819844e+01	-7.775963e+00
2.836131e+01	-7.817437e+00
2.852513e+01	-7.859301e+00
2.868989e+01	-7.901385e+00
2.885560e+01	-7.943060e+00
2.902227e+01	-7.985231e+00
2.918990e+01	-8.027320e+00
2.935850e+01	-8.069618e+00
2.952807e+01	-8.111776e+00
2.969863e+01	-8.153926e+00
2.987016e+01	-8.196380e+00
3.004269e+01	-8.239102e+00
3.021622e+01	-8.281261e+00
3.039075e+01	-8.324169e+00
3.056628e+01	-8.367037e+00
3.074283e+01	-8.409361e+00
3.092040e+01	-8.452360e+00
3.109900e+01	-8.495328e+00
3.127862e+01	-8.538009e+00
3.145929e+01	-8.581531e+00
3.164099e+01	-8.624671e+00
3.182375e+01	-8.667775e+00
3.200756e+01	-8.711160e+00
3.219244e+01	-8.754527e+00
3.237838e+01	-8.797908e+00
3.256540e+01	-8.841358e+00
3.275349e+01	-8.884678e+00
3.294268e+01	-8.928123e+00
3.313295e+01	-8.972271e+00
3.332433e+01	-9.015302e+00
3.351681e+01	-9.059945e+00
3.371040e+01	-9.103109e+00
3.390511e+01	-9.147301e+00
3.410094e+01	-9.191168e+00
3.429791e+01	-9.235330e+00
3.449601e+01	-9.279660e+00
3.469526e+01	-9.323601e+00
3.489566e+01	-9.367607e+00
3.509721e+01	-9.411875e+00
3.529993e+01	-9.456056e+00
3.550382e+01	-9.500301e+00
3.570889e+01	-9.544881e+00
3.591515e+01	-9.589723e+00
3.612259e+01	-9.634040e+00
3.633123e+01	-9.678673e+00
3.654108e+01	-9.723255e+00
3.675214e+01	-9.768299e+00
3.696442e+01	-9.813272e+00
3.717792e+01	-9.857179e+00
3.739266e+01	-9.902875e+00
3.760864e+01	-9.947659e+00
3.782587e+01	-9.992324e+00
3.804435e+01	-1.003788e+01
3.826409e+01	-1.008315e+01
3.848510e+01	-1.012810e+01
3.870739e+01	-1.017272e+01
3.893096e+01	-1.021830e+01
3.915583e+01	-1.026362e+01
3.938199e+01	-1.030904e+01
3.960946e+01	-1.035457e+01
3.983824e+01	-1.040001e+01
4.006834e+01	-1.044545e+01
4.029978e+01	-1.049115e+01
4.053255e+01	-1.053682e+01
4.076666e+01	-1.058195e+01
4.100213e+01	-1.062783e+01
4.123896e+01	-1.067344e+01
4.147715e+01	-1.071954e+01
4.171672e+01	-1.076423e+01
4.195767e+01	-1.081093e+01
4.220002e+01	-1.085722e+01
4.244377e+01	-1.090284e+01
4.268892e+01	-1.094855e+01
4.293549e+01	-1.099472e+01
4.318348e+01	-1.104059e+01
4.343291e+01	-1.108672e+01
4.368377e+01	-1.113266e+01
4.393609e+01	-1.117941e+01
4.418986e+01	-1.122514e+01
4.444510e+01	-1.127171e+01
4.470182e+01	-1.131812e+01
4.496001e+01	-1.136478e+01
4.521970e+01	-1.141072e+01
4.548089e+01	-1.145703e+01
4.574358e+01	-1.150357e+01
4.600779e+01	-1.155035e+01
4.627353e+01	-1.159583e+01
4.654081e+01	-1.164239e+01
4.680963e+01	-1.168972e+01
4.708000e+01	-1.173625e+01
4.735193e+01	-1.178321e+01
4.762543e+01	-1.183000e+01
4.790051e+01	-1.187710e+01
4.817719e+01	-1.192382e+01
4.845545e+01	-1.197081e+01
4.873533e+01	-1.201772e+01
4.901682e+01	-1.206414e+01
4.929994e+01	-1.211089e+01
4.958470e+01	-1.215883e+01
4.987110e+01	-1.220462e+01
5.015915e+01	-1.225191e+01
5.044887e+01	-1.229895e+01
5.074026e+01	-1.234631e+01
5.103333e+01	-1.239287e+01
5.132810e+01	-1.244076e+01
5.162457e+01	-1.248758e+01
5.192275e+01	-1.253465e+01
5.222265e+01	-1.258193e+01
5.252429e+01	-1.262947e+01
5.282767e+01	-1.267649e+01
5.313280e+01	-1.272450e+01
5.343969e+01	-1.277130e+01
5.374836e+01	-1.281884e+01
5.405880e+01	-1.286600e+01
5.437105e+01	-1.291410e+01
5.468509e+01	-1.296184e+01
5.500095e+01	-1.300882e+01
5.531863e+01	-1.305660e+01
5.563815e+01	-1.310426e+01
5.595951e+01	-1.315126e+01
5.628273e+01	-1.319920e+01
5.660782e+01	-1.324654e+01
5.693479e+01	-1.329489e+01
5.726364e+01	-1.334238e+01
5.759439e+01	-1.338941e+01
5.792705e+01	-1.343752e+01
5.826164e+01	-1.348536e+01
5.859815e+01	-1.353317e+01
5.893662e+01	-1.358100e+01
5.927703e+01	-1.362836e+01
5.961941e+01	-1.367677e+01
5.996377e+01	-1.372439e+01
6.031012e+01	-1.377160e+01
6.065847e+01	-1.382084e+01
6.100883e+01	-1.386799e+01
6.136121e+01	-1.391546e+01
6.171563e+01	-1.396409e+01
6.207210e+01	-1.401332e+01
6.243063e+01	-1.406018e+01
6.279122e+01	-1.410882e+01
6.315390e+01	-1.415716e+01
6.351868e+01	-1.420488e+01
6.388556e+01	-1.425300e+01
6.425456e+01	-1.430128e+01
6.462569e+01	-1.434910e+01
6.499897e+01	-1.439796e+01
6.537440e+01	-1.444599e+01
6.575200e+01	-1.449528e+01
6.613178e+01	-1.454264e+01
6.651375e+01	-1.459010e+01
6.689793e+01	-1.463841e+01
6.728433e+01	-1.468730e+01
6.767297e+01	-1.473600e+01
6.806384e+01	-1.478311e+01
6.845698e+01	-1.483245e+01
6.885238e+01	-1.488055e+01
6.925007e+01	-1.492891e+01
6.965005e+01	-1.497761e+01
7.005235e+01	-1.502585e+01
7.045697e+01	-1.507426e+01
7.086393e+01	-1.512294e+01
7.127323e+01	-1.517131e+01
7.168490e+01	-1.521889e+01
7.209895e+01	-1.526792e+01
7.251539e+01	-1.531656e+01
7.293424e+01	-1.536490e+01
7.335551e+01	-1.541363e+01
7.377920e+01	-1.546244e+01
7.420535e+01	-1.551135e+01
7.463396e+01	-1.555948e+01
7.506504e+01	-1.560790e+01
7.549861e+01	-1.565665e+01
7.593469e+01	-1.570649e+01
7.637328e+01	-1.575465e+01
7.681441e+01	-1.580324e+01
7.725809e+01	-1.585240e+01
7.770433e+01	-1.590115e+01
7.815315e+01	-1.594958e+01
7.860456e+01	-1.599881e+01
7.905857e+01	-1.604657e+01
7.951521e+01	-1.609485e+01
7.997449e+01	-1.614427e+01
8.043642e+01	-1.619304e+01
8.090102e+01	-1.624203e+01
8.136830e+01	-1.629080e+01
8.183828e+01	-1.634071e+01
8.231097e+01	-1.638933e+01
8.278640e+01	-1.643831e+01
8.326457e+01	-1.648626e+01
8.374550e+01	-1.653614e+01
8.422921e+01	-1.658370e+01
8.471572e+01	-1.663314e+01
8.520503e+01	-1.668333e+01
8.569717e+01	-1.673164e+01
8.619215e+01	-1.677944e+01
8.669000e+01	-1.682944e+01
8.719071e+01	-1.687771e+01
8.769432e+01	-1.692638e+01
8.820084e+01	-1.697520e+01
8.871029e+01	-1.702563e+01
8.922267e+01	-1.707465e+01
8.973802e+01	-1.712286e+01
9.025634e+01	-1.717221e+01
9.077766e+01	-1.722150e+01
9.130199e+01	-1.726984e+01
9.182935e+01	-1.732091e+01
9.235975e+01	-1.736837e+01
9.289321e+01	-1.741786e+01
9.342976e+01	-1.746739e+01
9.396941e+01	-1.751596e+01
9.451217e+01	-1.756585e+01
9.505807e+01	-1.761451e+01
9.560712e+01	-1.766340e+01
9.615934e+01	-1.771229e+01
9.671476e+01	-1.776297e+01
9.727338e+01	-1.781169e+01
9.783522e+01	-1.785984e+01
9.840032e+01	-1.790871e+01
9.896867e+01	-1.795907e+01
9.954031e+01	-1.800718e+01
1.001153e+02	-1.805673e+01
1.006935e+02	-1.810696e+01
1.012751e+02	-1.815629e+01
1.018601e+02	-1.820567e+01
1.024484e+02	-1.825483e+01
1.030402e+02	-1.830339e+01
1.036353e+02	-1.835356e+01
1.042339e+02	-1.840117e+01
1.048360e+02	-1.845128e+01
1.054415e+02	-1.850160e+01
1.060505e+02	-1.855085e+01
1.066631e+02	-1.859927e+01
1.072791e+02	-1.864940e+01
1.078988e+02	-1.869788e+01
1.085220e+02	-1.874742e+01
1.091488e+02	-1.879783e+01
1.097793e+02	-1.884682e+01
1.104133e+02	-1.889586e+01
1.110511e+02	-1.894580e+01
1.116925e+02	-1.899439e+01
1.123376e+02	-1.904341e+01
1.129865e+02	-1.909313e+01
1.136391e+02	-1.914346e+01
1.142955e+02	-1.919173e+01
1.149556e+02	-1.924195e+01
1.156196e+02	-1.929005e+01
1.162874e+02	-1.934093e+01
1.169591e+02	-1.938986e+01
1.176347e+02	-1.943918e+01
1.183141e+02	-1.948993e+01
1.189975e+02	-1.953914e+01
1.196848e+02	-1.958701e+01
1.203761e+02	-1.963729e+01
1.210714e+02	-1.968640e+01
1.217707e+02	-1.973582e+01
1.224740e+02	-1.978687e+01
1.231814e+02	-1.983482e+01
1.238929e+02	-1.988564e+01
1.246085e+02	-1.993438e+01
1.253283e+02	-1.998489e+01
1.260522e+02	-2.003535e+01
1.267802e+02	-2.008358e+01
1.275125e+02	-2.013214e+01
1.282490e+02	-2.018254e+01
1.289898e+02	-2.023211e+01
1.297348e+02	-2.028290e+01
1.304842e+02	-2.033101e+01
1.312378e+02	-2.037884e+01
1.319959e+02	-2.043081e+01
1.327583e+02	-2.047989e+01
1.335251e+02	-2.052929e+01
1.342963e+02	-2.057893e+01
1.350720e+02	-2.062839e+01
1.358522e+02	-2.067794e+01
1.366368e+02	-2.072780e+01
1.374260e+02	-2.077561e+01
1.382198e+02	-2.082712e+01
1.390182e+02	-2.087691e+01
1.398211e+02	-2.092546e+01
1.406287e+02	-2.097404e+01
1.414410e+02	-2.102617e+01
1.422579e+02	-2.107608e+01
1.430796e+02	-2.112464e+01
1.439060e+02	-2.117412e+01
1.447372e+02	-2.122342e+01
1.455732e+02	-2.127366e+01
1.464141e+02	-2.132380e+01
1.472597e+02	-2.137387e+01
1.481103e+02	-2.142340e+01
1.489658e+02	-2.147186e+01
1.498262e+02	-2.152170e+01
1.506916e+02	-2.157003e+01
1.515620e+02	-2.162052e+01
1.524374e+02	-2.167074e+01
1.533179e+02	-2.172164e+01
1.542034e+02	-2.177011e+01
1.550941e+02	-2.182046e+01
1.559899e+02	-2.186955e+01
1.568909e+02	-2.192099e+01
1.577971e+02	-2.196849e+01
1.587085e+02	-2.201727e+01
1.596252e+02	-2.206959e+01
1.605472e+02	-2.211810e+01
1.614745e+02	-2.216805e+01
1.624072e+02	-2.221854e+01
1.633453e+02	-2.226752e+01
1.642887e+02	-2.231863e+01
1.652377e+02	-2.236926e+01
1.661921e+02	-2.242021e+01
1.671520e+02	-2.246739e+01
1.681175e+02	-2.251701e+01
1.690885e+02	-2.256733e+01
1.700651e+02	-2.261663e+01
1.710474e+02	-2.266659e+01
1.720354e+02	-2.271648e+01
1.730291e+02	-2.276569e+01
1.740285e+02	-2.281545e+01
1.750337e+02	-2.286674e+01
1.760446e+02	-2.291546e+01
1.770615e+02	-2.296629e+01
1.780842e+02	-2.301460e+01
1.791128e+02	-2.306498e+01
1.801473e+02	-2.311583e+01
1.811878e+02	-2.316363e+01
1.822344e+02	-2.321427e+01
1.832870e+02	-2.326405e+01
1.843456e+02	-2.331465e+01
1.854104e+02	-2.336534e+01
1.864813e+02	-2.341341e+01
1.875584e+02	-2.346272e+01
1.886418e+02	-2.351200e+01
1.897313e+02	-2.356244e+01
1.908272e+02	-2.361414e+01
1.919294e+02	-2.366225e+01
1.930380e+02	-2.371322e+01
1.941530e+02	-2.376226e+01
1.952744e+02	-2.381072e+01
1.964023e+02	-2.386445e+01
1.975367e+02	-2.391116e+01
1.986777e+02	-2.395914e+01
1.998252e+02	-2.401121e+01
2.009794e+02	-2.406206e+01
2.021403e+02	-2.411059e+01
2.033078e+02	-2.416111e+01
2.044821e+02	-2.420977e+01
2.056632e+02	-2.426224e+01
2.068511e+02	-2.431353e+01
2.080459e+02	-2.436104e+01
2.092475e+02	-2.440866e+01
2.104561e+02	-2.446183e+01
2.116717e+02	-2.451119e+01
2.128943e+02	-2.455925e+01
2.141240e+02	-2.461093e+01
2.153608e+02	-2.465770e+01
2.166047e+02	-2.471027e+01
2.178558e+02	-2.475791e+01
2.191141e+02	-2.480843e+01
2.203797e+02	-2.485707e+01
2.216526e+02	-2.490800e+01
2.229329e+02	-2.495714e+01
2.242205e+02	-2.500571e+01
2.255156e+02	-2.505999e+01
2.268182e+02	-2.510850e+01
2.281283e+02	-2.515763e+01
2.294459e+02	-2.520980e+01
2.307712e+02	-2.526045e+01
2.321041e+02	-2.530660e+01
2.334447e+02	-2.535916e+01
2.347931e+02	-2.540974e+01
2.361493e+02	-2.545848e+01
2.375133e+02	-2.550840e+01
2.388851e+02	-2.555525e+01
2.402649e+02	-2.560708e+01
2.416527e+02	-2.565613e+01
2.430484e+02	-2.570463e+01
2.444523e+02	-2.576049e+01
2.458642e+02	-2.581050e+01
2.472843e+02	-2.585780e+01
2.487126e+02	-2.590664e+01
2.501492e+02	-2.595623e+01
2.515940e+02	-2.600880e+01
2.530472e+02	-2.605862e+01
2.545088e+02	-2.610707e+01
2.559789e+02	-2.615717e+01
2.574574e+02	-2.620514e+01
2.589444e+02	-2.625417e+01
2.604401e+02	-2.630842e+01
2.619444e+02	-2.635825e+01
2.634574e+02	-2.640974e+01
2.649791e+02	-2.645789e+01
2.665096e+02	-2.650927e+01
2.680489e+02	-2.655888e+01
2.695972e+02	-2.660618e+01
2.711544e+02	-2.665403e+01
2.727205e+02	-2.670259e+01
2.742958e+02	-2.675673e+01
2.758801e+02	-2.680822e+01
2.774736e+02	-2.685813e+01
2.790762e+02	-2.690904e+01
2.806882e+02	-2.695617e+01
2.823094e+02	-2.700528e+01
2.839400e+02	-2.705528e+01
2.855800e+02	-2.710725e+01
2.872295e+02	-2.715653e+01
2.888886e+02	-2.720871e+01
2.905572e+02	-2.725903e+01
2.922354e+02	-2.730792e+01
2.939234e+02	-2.735787e+01
2.956211e+02	-2.740969e+01
2.973286e+02	-2.745425e+01
2.990459e+02	-2.750692e+01
3.007732e+02	-2.755743e+01
3.025104e+02	-2.760829e+01
3.042577e+02	-2.765617e+01
3.060151e+02	-2.770679e+01
3.077826e+02	-2.775639e+01
3.095604e+02	-2.780519e+01
3.113484e+02	-2.785627e+01
3.131467e+02	-2.790980e+01
3.149554e+02	-2.795513e+01
3.167746e+02	-2.800333e+01
3.186043e+02	-2.805889e+01
3.204445e+02	-2.810656e+01
3.222954e+02	-2.815882e+01
3.241570e+02	-2.821074e+01
3.260293e+02	-2.825798e+01
3.279124e+02	-2.830880e+01
3.298064e+02	-2.835842e+01
3.317114e+02	-2.840885e+01
3.336273e+02	-2.845558e+01
3.355544e+02	-2.851015e+01
3.374925e+02	-2.855653e+01
3.394418e+02	-2.860516e+01
3.414024e+02	-2.865919e+01
3.433744e+02	-2.870354e+01
3.453577e+02	-2.875655e+01
3.473525e+02	-2.880799e+01
3.493588e+02	-2.885156e+01
3.513766e+02	-2.890463e+01
3.534062e+02	-2.895675e+01
3.554474e+02	-2.901424e+01
3.575005e+02	-2.905692e+01
3.595654e+02	-2.910801e+01
3.616422e+02	-2.915385e+01
3.637311e+02	-2.920529e+01
3.658320e+02	-2.925737e+01
3.679450e+02	-2.931259e+01
3.700702e+02	-2.935499e+01
3.722077e+02	-2.940904e+01
3.743576e+02	-2.945929e+01
3.765199e+02	-2.951159e+01
3.786946e+02	-2.955913e+01
3.808820e+02	-2.960545e+01
3.830819e+02	-2.966093e+01
3.852946e+02	-2.971262e+01
3.875200e+02	-2.975769e+01
3.897583e+02	-2.981299e+01
3.920096e+02	-2.985900e+01
3.942738e+02	-2.991134e+01
3.965511e+02	-2.996190e+01
3.988416e+02	-3.000995e+01
4.011452e+02	-3.005649e+01
4.034622e+02	-3.011495e+01
4.057926e+02	-3.016126e+01
4.081365e+02	-3.020688e+01
4.104938e+02	-3.026071e+01
4.128648e+02	-3.030664e+01
4.152495e+02	-3.035853e+01
4.176480e+02	-3.040682e+01
4.200603e+02	-3.045892e+01
4.224866e+02	-3.051233e+01
4.249268e+02	-3.056526e+01
4.273812e+02	-3.060970e+01
4.298497e+02	-3.065622e+01
4.323325e+02	-3.071307e+01
4.348297e+02	-3.076310e+01
4.373412e+02	-3.081102e+01
4.398673e+02	-3.085877e+01
4.424079e+02	-3.091221e+01
4.449633e+02	-3.096300e+01
4.475334e+02	-3.101231e+01
4.501183e+02	-3.106203e+01
4.527182e+02	-3.111402e+01
4.553330e+02	-3.116682e+01
4.579630e+02	-3.121093e+01
4.606082e+02	-3.126872e+01
4.632687e+02	-3.130641e+01
4.659445e+02	-3.136680e+01
4.686358e+02	-3.141031e+01
4.713426e+02	-3.146492e+01
4.740650e+02	-3.151870e+01
4.768032e+02	-3.156340e+01
4.795572e+02	-3.161392e+01
4.823271e+02	-3.166698e+01
4.851130e+02	-3.171113e+01
4.879150e+02	-3.177112e+01
4.907332e+02	-3.181395e+01
4.935676e+02	-3.186964e+01
4.964185e+02	-3.191027e+01
4.992858e+02	-3.196491e+01
5.021696e+02	-3.201301e+01
5.050701e+02	-3.207186e+01
5.079874e+02	-3.211615e+01
5.109215e+02	-3.216542e+01
5.138726e+02	-3.221230e+01
5.168407e+02	-3.226777e+01
5.198259e+02	-3.231779e+01
5.228284e+02	-3.236641e+01
5.258482e+02	-3.242157e+01
5.288855e+02	-3.247146e+01
5.319403e+02	-3.251531e+01
5.350128e+02	-3.257141e+01
5.381030e+02	-3.262136e+01
5.412111e+02	-3.266532e+01
5.443371e+02	-3.271181e+01
5.474812e+02	-3.276494e+01
5.506434e+02	-3.281501e+01
5.538239e+02	-3.287104e+01
5.570228e+02	-3.291922e+01
5.602401e+02	-3.296960e+01
5.634760e+02	-3.302107e+01
5.667306e+02	-3.306728e+01
5.700040e+02	-3.311576e+01
5.732964e+02	-3.316290e+01
5.766077e+02	-3.322300e+01
5.799382e+02	-3.327077e+01
5.832879e+02	-3.332221e+01
5.866569e+02	-3.336860e+01
5.900454e+02	-3.342061e+01
5.934535e+02	-3.347223e+01
5.968813e+02	-3.352167e+01
6.003288e+02	-3.357284e+01
6.037963e+02	-3.361933e+01
6.072838e+02	-3.367038e+01
6.107914e+02	-3.372441e+01
6.143194e+02	-3.377174e+01
6.178676e+02	-3.382955e+01
6.214364e+02	-3.386687e+01
6.250258e+02	-3.392976e+01
6.286359e+02	-3.397251e+01
6.322669e+02	-3.402878e+01
6.359189e+02	-3.407400e+01
6.395919e+02	-3.412421e+01
6.432862e+02	-3.417800e+01
6.470017e+02	-3.421880e+01
6.507388e+02	-3.427846e+01
6.544974e+02	-3.432749e+01
6.582778e+02	-3.438030e+01
6.620800e+02	-3.443223e+01
6.659041e+02	-3.447627e+01
6.697504e+02	-3.453027e+01
6.736188e+02	-3.457741e+01
6.775096e+02	-3.463068e+01
6.814229e+02	-3.467341e+01
6.853587e+02	-3.473023e+01
6.893173e+02	-3.478447e+01
6.932988e+02	-3.482661e+01
6.973033e+02	-3.488459e+01
7.013309e+02	-3.493473e+01
7.053817e+02	-3.498306e+01
7.094560e+02	-3.503441e+01
7.135538e+02	-3.507603e+01
7.176752e+02	-3.513973e+01
7.218205e+02	-3.518400e+01
7.259897e+02	-3.523543e+01
7.301830e+02	-3.528589e+01
7.344005e+02	-3.533660e+01
7.386424e+02	-3.538546e+01
7.429087e+02	-3.543070e+01
7.471998e+02	-3.548886e+01
7.515155e+02	-3.553485e+01
7.558563e+02	-3.558739e+01
7.602221e+02	-3.563669e+01
7.646131e+02	-3.568408e+01
7.690295e+02	-3.573686e+01
7.734713e+02	-3.578958e+01
7.779389e+02	-3.584583e+01
7.824322e+02	-3.588744e+01
7.869515e+02	-3.595047e+01
7.914969e+02	-3.599335e+01
7.960686e+02	-3.603603e+01
8.006666e+02	-3.608469e+01
8.052912e+02	-3.614026e+01
8.099426e+02	-3.619003e+01
8.146208e+02	-3.623500e+01
8.193260e+02	-3.630221e+01
8.240584e+02	-3.634195e+01
8.288181e+02	-3.639317e+01
8.336053e+02	-3.644574e+01
8.384202e+02	-3.649806e+01
8.432629e+02	-3.654307e+01
8.481335e+02	-3.660310e+01
8.530323e+02	-3.664965e+01
8.579594e+02	-3.669649e+01
8.629149e+02	-3.674669e+01
8.678991e+02	-3.680081e+01
8.729120e+02	-3.685842e+01
8.779539e+02	-3.689935e+01
8.830250e+02	-3.695440e+01
8.881253e+02	-3.700601e+01
8.932551e+02	-3.705201e+01
8.984145e+02	-3.710876e+01
9.036037e+02	-3.715195e+01
9.088229e+02	-3.720695e+01
9.140722e+02	-3.725689e+01
9.193518e+02	-3.729704e+01
9.246620e+02	-3.735546e+01
9.300028e+02	-3.740151e+01
9.353744e+02	-3.745070e+01
9.407771e+02	-3.750085e+01
9.462110e+02	-3.755656e+01
9.516763e+02	-3.760937e+01
9.571731e+02	-3.766031e+01
9.627017e+02	-3.770863e+01
9.682622e+02	-3.776120e+01
9.738549e+02	-3.781490e+01
9.794798e+02	-3.786203e+01
9.851373e+02	-3.790631e+01
9.908274e+02	-3.797045e+01
9.965504e+02	-3.802333e+01
1.002306e+03	-3.806873e+01
1.008096e+03	-3.812162e+01
1.013918e+03	-3.817235e+01
1.019775e+03	-3.821408e+01
1.025665e+03	-3.825597e+01
1.031589e+03	-3.831949e+01
1.037548e+03	-3.837314e+01
1.043540e+03	-3.843282e+01
1.049568e+03	-3.848094e+01
1.055630e+03	-3.851433e+01
1.061727e+03	-3.855770e+01
1.067860e+03	-3.863012e+01
1.074028e+03	-3.868293e+01
1.080231e+03	-3.872626e+01
1.086471e+03	-3.878147e+01
1.092746e+03	-3.882471e+01
1.099058e+03	-3.889146e+01
1.105406e+03	-3.894287e+01
1.111791e+03	-3.898680e+01
1.118212e+03	-3.901922e+01
1.124671e+03	-3.907725e+01
1.131167e+03	-3.914148e+01
1.137701e+03	-3.918489e+01
1.144272e+03	-3.924559e+01
1.150881e+03	-3.928468e+01
1.157529e+03	-3.934112e+01
1.164215e+03	-3.939588e+01
1.170939e+03	-3.945043e+01
1.177702e+03	-3.950618e+01
1.184505e+03	-3.954024e+01
1.191346e+03	-3.958214e+01
1.198227e+03	-3.964688e+01
1.205148e+03	-3.970175e+01
1.212109e+03	-3.974351e+01
1.219110e+03	-3.980662e+01
1.226152e+03	-3.985462e+01
1.233234e+03	-3.988692e+01
1.240357e+03	-3.995257e+01
1.247521e+03	-3.999861e+01
1.254727e+03	-4.004928e+01
1.261974e+03	-4.010864e+01
1.269263e+03	-4.016811e+01
1.276595e+03	-4.020086e+01
1.283968e+03	-4.025006e+01
1.291384e+03	-4.032713e+01
1.298843e+03	-4.036044e+01
1.306345e+03	-4.041521e+01
1.313891e+03	-4.046354e+01
1.321480e+03	-4.051343e+01
1.329113e+03	-4.057746e+01
1.336790e+03	-4.062746e+01
1.344511e+03	-4.066910e+01
1.352277e+03	-4.071757e+01
1.360087e+03	-4.079525e+01
1.367943e+03	-4.081835e+01
1.375844e+03	-4.085773e+01
1.383791e+03	-4.092607e+01
1.391784e+03	-4.098352e+01
1.399823e+03	-4.103538e+01
1.407908e+03	-4.105547e+01
1.416040e+03	-4.111410e+01
1.424219e+03	-4.118198e+01
1.432445e+03	-4.123762e+01
1.440719e+03	-4.128138e+01
1.449041e+03	-4.133749e+01
1.457410e+03	-4.139144e+01
1.465828e+03	-4.143252e+01
1.474295e+03	-4.150783e+01
1.482810e+03	-4.154819e+01
1.491375e+03	-4.161429e+01
1.499989e+03	-4.163824e+01
1.508653e+03	-4.169835e+01
1.517367e+03	-4.175125e+01
1.526131e+03	-4.181111e+01
1.534946e+03	-4.185145e+01
1.543812e+03	-4.191680e+01
1.552729e+03	-4.195716e+01
1.561697e+03	-4.202631e+01
1.570717e+03	-4.204585e+01
1.579790e+03	-4.211858e+01
1.588915e+03	-4.216499e+01
1.598092e+03	-4.222854e+01
1.607323e+03	-4.225975e+01
1.616606e+03	-4.232738e+01
1.625944e+03	-4.236862e+01
1.635335e+03	-4.243183e+01
1.644781e+03	-4.248328e+01
1.654281e+03	-4.251221e+01
1.663836e+03	-4.259848e+01
1.673446e+03	-4.263584e+01
1.683112e+03	-4.268643e+01
1.692834e+03	-4.275306e+01
1.702611e+03	-4.280648e+01
1.712446e+03	-4.282889e+01
1.722337e+03	-4.288818e+01
1.732285e+03	-4.295343e+01
1.742290e+03	-4.301796e+01
1.752354e+03	-4.303766e+01
1.762475e+03	-4.310249e+01
1.772655e+03	-4.315925e+01
1.782894e+03	-4.321556e+01
1.793192e+03	-4.324977e+01
1.803549e+03	-4.332546e+01
1.813967e+03	-4.334209e+01
1.824444e+03	-4.340486e+01
1.834982e+03	-4.347321e+01
1.845581e+03	-4.350571e+01
1.856241e+03	-4.357349e+01
1.866962e+03	-4.364598e+01
1.877746e+03	-4.368207e+01
1.888592e+03	-4.377409e+01
1.899500e+03	-4.379405e+01
1.910472e+03	-4.386411e+01
1.921506e+03	-4.388998e+01
1.932605e+03	-4.396437e+01
1.943768e+03	-4.401627e+01
1.954995e+03	-4.406497e+01
1.966287e+03	-4.410105e+01
1.977644e+03	-4.416308e+01
1.989067e+03	-4.418351e+01
2.000555e+03	-4.428390e+01
2.012110e+03	-4.433325e+01
2.023732e+03	-4.436253e+01
2.035421e+03	-4.442348e+01
2.047178e+03	-4.447890e+01
2.059002e+03	-4.452517e+01
2.070895e+03	-4.458291e+01
2.082856e+03	-4.464911e+01
2.094887e+03	-4.470051e+01
2.106987e+03	-4.476655e+01
2.119157e+03	-4.479638e+01
2.131397e+03	-4.488757e+01
2.143708e+03	-4.491009e+01
2.156090e+03	-4.498092e+01
2.168543e+03	-4.498817e+01
2.181069e+03	-4.506151e+01
2.193666e+03	-4.511473e+01
2.206337e+03	-4.516150e+01
2.219081e+03	-4.521485e+01
2.231898e+03	-4.530078e+01
2.244789e+03	-4.534003e+01
2.257755e+03	-4.540669e+01
2.270796e+03	-4.545992e+01
2.283912e+03	-4.549714e+01
2.297104e+03	-4.554902e+01
2.310372e+03	-4.560318e+01
2.323716e+03	-4.566440e+01
2.337138e+03	-4.571453e+01
2.350637e+03	-4.577547e+01
2.364214e+03	-4.582837e+01
2.377870e+03	-4.586763e+01
2.391604e+03	-4.591152e+01
2.405418e+03	-4.601498e+01
2.419312e+03	-4.604153e+01
2.433286e+03	-4.609234e+01
2.447340e+03	-4.613119e+01
2.461476e+03	-4.618796e+01
2.475693e+03	-4.628690e+01
2.489993e+03	-4.628855e+01
2.504375e+03	-4.637724e+01
2.518840e+03	-4.642578e+01
2.533389e+03	-4.649025e+01
2.548022e+03	-4.654336e+01
2.562739e+03	-4.658794e+01
2.577541e+03	-4.662635e+01
2.592429e+03	-4.671486e+01
2.607403e+03	-4.678319e+01
2.622463e+03	-4.684997e+01
2.637610e+03	-4.688309e+01
2.652845e+03	-4.691745e+01
2.668168e+03	-4.700165e+01
2.683579e+03	-4.706761e+01
2.699079e+03	-4.708868e+01
2.714669e+03	-4.716312e+01
2.730349e+03	-4.721313e+01
2.746119e+03	-4.727912e+01
2.761981e+03	-4.730658e+01
2.777934e+03	-4.736088e+01
2.793979e+03	-4.741150e+01
2.810117e+03	-4.748437e+01
2.826348e+03	-4.759056e+01
2.842673e+03	-4.757875e+01
2.859092e+03	-4.767365e+01
2.875606e+03	-4.776094e+01
2.892215e+03	-4.776903e+01
2.908921e+03	-4.783012e+01
2.925722e+03	-4.786830e+01
2.942621e+03	-4.796785e+01
2.959618e+03	-4.798097e+01
2.976712e+03	-4.808481e+01
2.993906e+03	-4.813044e+01
3.011198e+03	-4.813837e+01
3.028591e+03	-4.824228e+01
3.046084e+03	-4.827527e+01
3.063678e+03	-4.833216e+01
3.081374e+03	-4.837741e+01
3.099172e+03	-4.844967e+01
3.117072e+03	-4.852536e+01
3.135076e+03	-4.856778e+01
3.153184e+03	-4.864709e+01
3.171397e+03	-4.868550e+01
3.189715e+03	-4.874657e+01
3.208139e+03	-4.876172e+01
3.226669e+03	-4.882058e+01
3.245306e+03	-4.893312e+01
3.264051e+03	-4.901376e+01
3.282904e+03	-4.905284e+01
3.301866e+03	-4.913802e+01
3.320937e+03	-4.918344e+01
3.340119e+03	-4.918410e+01
3.359411e+03	-4.924881e+01
3.378815e+03	-4.938418e+01
3.398331e+03	-4.937685e+01
3.417959e+03	-4.943416e+01
3.437701e+03	-4.949898e+01
3.457557e+03	-4.959664e+01
3.477528e+03	-4.965395e+01
3.497614e+03	-4.970665e+01
3.517816e+03	-4.976433e+01
3.538135e+03	-4.980443e+01
3.558571e+03	-4.987956e+01
3.579125e+03	-4.996326e+01
3.599798e+03	-4.997335e+01
3.620590e+03	-5.005807e+01
3.641503e+03	-5.009164e+01
3.662536e+03	-5.018650e+01
3.683691e+03	-5.025041e+01
3.704967e+03	-5.033577e+01
3.726367e+03	-5.043638e+01
3.747890e+03	-5.043436e+01
3.769538e+03	-5.051167e+01
3.791311e+03	-5.056990e+01
3.813209e+03	-5.064264e+01
3.835234e+03	-5.070419e+01
3.857386e+03	-5.077496e+01
3.879667e+03	-5.075832e+01
3.902075e+03	-5.088281e+01
3.924614e+03	-5.095043e+01
3.947282e+03	-5.102358e+01
3.970081e+03	-5.101125e+01
3.993012e+03	-5.110693e+01
4.016076e+03	-5.121698e+01
4.039272e+03	-5.127749e+01
4.062603e+03	-5.139361e+01
4.086069e+03	-5.144100e+01
4.109670e+03	-5.147806e+01
4.133407e+03	-5.156748e+01
4.157281e+03	-5.159624e+01
4.181294e+03	-5.166790e+01
4.205445e+03	-5.173862e+01
4.229735e+03	-5.178299e+01
4.254166e+03	-5.190502e+01
4.278738e+03	-5.191359e+01
4.303451e+03	-5.193352e+01
4.328308e+03	-5.203450e+01
4.353308e+03	-5.206673e+01
4.378453e+03	-5.218283e+01
4.403742e+03	-5.230266e+01
4.429178e+03	-5.227440e+01
4.454761e+03	-5.239374e+01
4.480492e+03	-5.241780e+01
4.506371e+03	-5.250069e+01
4.532399e+03	-5.254024e+01
4.558578e+03	-5.264314e+01
4.584908e+03	-5.274120e+01
4.611391e+03	-5.277134e+01
4.638026e+03	-5.277660e+01
4.664815e+03	-5.293123e+01
4.691759e+03	-5.292020e+01
4.718858e+03	-5.301382e+01
4.746114e+03	-5.316735e+01
4.773527e+03	-5.325298e+01
4.801099e+03	-5.333244e+01
4.828830e+03	-5.337281e+01
4.856721e+03	-5.342867e+01
4.884773e+03	-5.354162e+01
4.912988e+03	-5.355802e+01
4.941365e+03	-5.361506e+01
4.969906e+03	-5.378968e+01
4.998612e+03	-5.372120e+01
5.027484e+03	-5.372808e+01
5.056522e+03	-5.388582e+01
5.085729e+03	-5.392021e+01
5.115104e+03	-5.404899e+01
5.144648e+03	-5.411083e+01
5.174363e+03	-5.421090e+01
5.204250e+03	-5.427339e+01
5.234310e+03	-5.434864e+01
5.264543e+03	-5.453773e+01
5.294951e+03	-5.446488e+01
5.325534e+03	-5.459280e+01
5.356294e+03	-5.467116e+01
5.387232e+03	-5.473066e+01
5.418348e+03	-5.474951e+01
5.449645e+03	-5.488985e+01
5.481122e+03	-5.498873e+01
5.512780e+03	-5.509656e+01
5.544622e+03	-5.504371e+01
5.576647e+03	-5.528226e+01
5.608858e+03	-5.534124e+01
5.641254e+03	-5.533578e+01
5.673838e+03	-5.541064e+01
5.706610e+03	-5.556882e+01
5.739571e+03	-5.569899e+01
5.772723e+03	-5.568967e+01
5.806066e+03	-5.580338e+01
5.839601e+03	-5.585270e+01
5.873331e+03	-5.606951e+01
5.907255e+03	-5.602671e+01
5.941375e+03	-5.625268e+01
5.975692e+03	-5.616617e+01
6.010207e+03	-5.621784e+01
6.044922e+03	-5.631747e+01
6.079837e+03	-5.649004e+01
6.114954e+03	-5.649508e+01
6.150274e+03	-5.664310e+01
6.185797e+03	-5.676739e+01
6.221526e+03	-5.685806e+01
6.257462e+03	-5.697081e+01
6.293605e+03	-5.696920e+01
6.329956e+03	-5.709305e+01
6.366518e+03	-5.717772e+01
6.403290e+03	-5.722521e+01
6.440276e+03	-5.727879e+01
6.477474e+03	-5.751070e+01
6.514888e+03	-5.759824e+01
6.552518e+03	-5.758453e+01
6.590365e+03	-5.776799e+01
6.628430e+03	-5.769243e+01
6.666716e+03	-5.789150e+01
6.705223e+03	-5.808192e+01
6.743952e+03	-5.798233e+01
6.782905e+03	-5.835191e+01
6.822082e+03	-5.832560e+01
6.861486e+03	-5.847933e+01
6.901118e+03	-5.849222e+01
6.940979e+03	-5.867495e+01
6.981069e+03	-5.879824e+01
7.021392e+03	-5.897185e+01
7.061947e+03	-5.907272e+01
7.102737e+03	-5.903467e+01
7.143762e+03	-5.919474e+01
7.185024e+03	-5.931147e+01
7.226524e+03	-5.935399e+01
7.268264e+03	-5.955541e+01
7.310246e+03	-5.965303e+01
7.352469e+03	-5.971724e+01
7.394937e+03	-5.971634e+01
7.437650e+03	-5.983351e+01
7.480609e+03	-5.998017e+01
7.523817e+03	-6.005642e+01
7.567274e+03	-6.010215e+01
7.610982e+03	-6.043130e+01
7.654943e+03	-6.037583e+01
7.699158e+03	-6.051603e+01
7.743628e+03	-6.063092e+01
7.788355e+03	-6.084407e+01
7.833340e+03	-6.076235e+01
7.878585e+03	-6.089515e+01
7.924091e+03	-6.119413e+01
7.969861e+03	-6.118775e+01
8.015894e+03	-6.139552e+01
8.062194e+03	-6.142143e+01
8.108761e+03	-6.160457e+01
8.155596e+03	-6.176423e+01
8.202703e+03	-6.180338e+01
8.250081e+03	-6.184937e+01
8.297733e+03	-6.205226e+01
8.345661e+03	-6.197322e+01
8.393865e+03	-6.237337e+01
8.442348e+03	-6.238106e+01
8.491110e+03	-6.254229e+01
8.540155e+03	-6.275003e+01
8.589482e+03	-6.272845e+01
8.639095e+03	-6.277901e+01
8.688994e+03	-6.267450e+01
8.739181e+03	-6.304046e+01
8.789658e+03	-6.292318e+01
8.840427e+03	-6.284580e+01
8.891489e+03	-6.325375e+01
8.942846e+03	-6.308009e+01
8.994499e+03	-6.295039e+01
9.046451e+03	-6.297883e+01
9.098703e+03	-6.300611e+01
9.151257e+03	-6.281877e+01
9.204114e+03	-6.256264e+01
9.257277e+03	-6.228259e+01
9.310746e+03	-6.237235e+01
9.364525e+03	-6.199346e+01
9.418614e+03	-6.140392e+01
9.473015e+03	-6.109310e+01
9.527731e+03	-6.057648e+01
9.582763e+03	-6.056154e+01
9.638113e+03	-6.083422e+01
9.693782e+03	-6.242662e+01
9.749773e+03	-6.443553e+01
9.806087e+03	-6.731496e+01
9.862727e+03	-7.027257e+01
9.919693e+03	-7.365466e+01
9.976989e+03	-7.618370e+01
1.003462e+04	-8.178049e+01
1.009258e+04	-8.413355e+01
1.015087e+04	-9.192139e+01
1.020950e+04	-1.093821e+02
1.026847e+04	-9.406994e+01
1.032778e+04	-9.828232e+01
1.038743e+04	-1.092295e+02
1.044743e+04	-1.012948e+02
1.050777e+04	-9.554283e+01
1.056847e+04	-9.067309e+01
1.062951e+04	-9.200237e+01
1.069091e+04	-9.101470e+01
1.075266e+04	-9.571486e+01
1.081476e+04	-8.860118e+01
1.087723e+04	-8.728509e+01
1.094006e+04	-8.494553e+01
1.100324e+04	-8.366025e+01
1.106680e+04	-8.313240e+01
1.113072e+04	-8.313207e+01
1.119501e+04	-7.980961e+01
1.125967e+04	-8.065026e+01
1.132471e+04	-7.998879e+01
1.139012e+04	-7.922742e+01
1.145591e+04	-7.785520e+01
1.152208e+04	-7.681490e+01
1.158863e+04	-7.728598e+01
1.165556e+04	-7.672169e+01
1.172289e+04	-7.538514e+01
1.179060e+04	-7.529779e+01
1.185870e+04	-7.426376e+01
1.192719e+04	-7.432646e+01
1.199608e+04	-7.369323e+01
1.206537e+04	-7.310260e+01
1.213506e+04	-7.237429e+01
1.220515e+04	-7.254387e+01
1.227565e+04	-7.138316e+01
1.234655e+04	-7.176744e+01
1.241787e+04	-7.087863e+01
1.248959e+04	-7.082377e+01
1.256173e+04	-7.018143e+01
1.263429e+04	-7.043110e+01
1.270726e+04	-6.960347e+01
1.278066e+04	-6.937130e+01
1.285448e+04	-6.940676e+01
1.292873e+04	-6.887794e+01
1.300340e+04	-6.875338e+01
1.307851e+04	-6.870120e+01
1.315405e+04	-6.787836e+01
1.323003e+04	-6.775464e+01
1.330644e+04	-6.733723e+01
1.338330e+04	-6.747294e+01
1.346060e+04	-6.685007e+01
1.353835e+04	-6.652232e+01
1.361655e+04	-6.669371e+01
1.369520e+04	-6.610751e+01
1.377430e+04	-6.608985e+01
1.385386e+04	-6.595960e+01
1.393388e+04	-6.590669e+01
1.401436e+04	-6.519869e+01
1.409531e+04	-6.554694e+01
1.417672e+04	-6.516828e+01
1.425861e+04	-6.493609e+01
1.434096e+04	-6.460685e+01
1.442379e+04	-6.426507e+01
1.450711e+04	-6.438922e+01
1.459090e+04	-6.423452e+01
1.467518e+04	-6.384909e+01
1.475994e+04	-6.389222e+01
1.484519e+04	-6.348937e+01
1.493094e+04	-6.357914e+01
1.501718e+04	-6.303156e+01
1.510392e+04	-6.319663e+01
1.519116e+04	-6.294357e+01
1.527890e+04	-6.276266e+01
1.536715e+04	-6.273896e+01
1.545591e+04	-6.230983e+01
1.554518e+04	-6.224265e+01
1.563497e+04	-6.223414e+01
1.572528e+04	-6.209538e+01
1.581611e+04	-6.176921e+01
1.590746e+04	-6.192952e+01
1.599934e+04	-6.162641e+01
1.609175e+04	-6.142106e+01
1.618470e+04	-6.152101e+01
1.627818e+04	-6.121271e+01
1.637220e+04	-6.101024e+01
1.646677e+04	-6.093399e+01
1.656188e+04	-6.077305e+01
1.665754e+04	-6.058923e+01
1.675375e+04	-6.040295e+01
1.685052e+04	-6.047969e+01
1.694785e+04	-6.034266e+01
1.704574e+04	-6.022198e+01
1.714419e+04	-6.009191e+01
1.724322e+04	-5.986218e+01
1.734281e+04	-5.960098e+01
1.744299e+04	-5.971167e+01
1.754374e+04	-5.967861e+01
1.764507e+04	-5.947755e+01
1.774698e+04	-5.940792e+01
1.784949e+04	-5.935109e+01
1.795259e+04	-5.916449e+01
1.805628e+04	-5.907708e+01
1.816057e+04	-5.876809e+01
1.826547e+04	-5.893294e+01
1.837097e+04	-5.867620e+01
1.847708e+04	-5.864709e+01
1.858380e+04	-5.841126e+01
1.869114e+04	-5.839066e+01
1.879910e+04	-5.827692e+01
1.890768e+04	-5.827246e+01
1.901689e+04	-5.802517e+01
1.912673e+04	-5.804934e+01
1.923721e+04	-5.783118e+01
1.934832e+04	-5.774582e+01
1.946008e+04	-5.759051e+01
1.957248e+04	-5.763853e+01
1.968553e+04	-5.749763e+01
1.979923e+04	-5.737063e+01
1.991359e+04	-5.731283e+01
2.002861e+04	-5.723702e+01
2.014430e+04	-5.714907e+01
2.026065e+04	-5.700912e+01
2.037767e+04	-5.690633e+01
2.049537e+04	-5.681225e+01
2.061375e+04	-5.670814e+01
2.073282e+04	-5.660983e+01
2.085257e+04	-5.645784e+01
2.097301e+04	-5.656051e+01
2.109415e+04	-5.642811e+01
2.121599e+04	-5.622162e+01
2.133853e+04	-5.615549e+01
2.146178e+04	-5.620186e+01
2.158575e+04	-5.597222e+01
2.171043e+04	-5.590967e+01
2.183582e+04	-5.588590e+01
2.196195e+04	-5.581946e+01
2.208880e+04	-5.564428e+01
2.221638e+04	-5.558648e+01
2.234470e+04	-5.555826e+01
2.247377e+04	-5.537549e+01
2.260357e+04	-5.534646e+01
2.273413e+04	-5.524159e+01
2.286544e+04	-5.509592e+01
2.299751e+04	-5.508780e+01
2.313034e+04	-5.508559e+01
2.326394e+04	-5.491311e+01
2.339832e+04	-5.489887e+01
2.353346e+04	-5.489665e+01
2.366939e+04	-5.474330e+01
2.380610e+04	-5.466167e+01
2.394361e+04	-5.453014e+01
2.408191e+04	-5.453597e+01
2.422100e+04	-5.445966e+01
2.436090e+04	-5.431543e+01
2.450161e+04	-5.428062e+01
2.464313e+04	-5.419921e+01
2.478547e+04	-5.404824e+01
2.492863e+04	-5.407800e+01
2.507261e+04	-5.395718e+01
2.521743e+04	-5.391626e+01
2.536309e+04	-5.378812e+01
2.550958e+04	-5.367305e+01
2.565692e+04	-5.369735e+01
2.580512e+04	-5.367669e+01
2.595417e+04	-5.350667e+01
2.610408e+04	-5.346187e+01
2.625485e+04	-5.336682e+01
2.640650e+04	-5.328704e+01
2.655902e+04	-5.324937e+01
2.671243e+04	-5.316211e+01
2.686672e+04	-5.310174e+01
2.702190e+04	-5.303383e+01
2.717798e+04	-5.289283e+01
2.733495e+04	-5.284841e+01
2.749284e+04	-5.280659e+01
2.765164e+04	-5.276770e+01
2.781135e+04	-5.270411e+01
2.797199e+04	-5.254362e+01
2.813355e+04	-5.252463e+01
2.829605e+04	-5.245157e+01
2.845949e+04	-5.242645e+01
2.862387e+04	-5.228717e+01
2.878920e+04	-5.226856e+01
2.895549e+04	-5.219913e+01
2.912273e+04	-5.217271e+01
2.929094e+04	-5.199672e+01
2.946013e+04	-5.200458e+01
2.963029e+04	-5.193771e+01
2.980143e+04	-5.187013e+01
2.997356e+04	-5.181039e+01
3.014669e+04	-5.179279e+01
3.032081e+04	-5.167902e+01
3.049595e+04	-5.161652e+01
3.067209e+04	-5.153430e+01
3.084925e+04	-5.137676e+01
3.102743e+04	-5.143368e+01
3.120665e+04	-5.131630e+01
3.138690e+04	-5.123352e+01
3.156819e+04	-5.120224e+01
3.175052e+04	-5.112693e+01
3.193391e+04	-5.107143e+01
3.211836e+04	-5.101291e+01
3.230388e+04	-5.093997e+01
3.249046e+04	-5.092926e+01
3.267812e+04	-5.086590e+01
3.286687e+04	-5.072582e+01
3.305671e+04	-5.072531e+01
3.324764e+04	-5.066237e+01
3.343968e+04	-5.053717e+01
3.363283e+04	-5.052271e+01
3.382709e+04	-5.040232e+01
3.402247e+04	-5.039552e+01
3.421899e+04	-5.033998e+01
3.441663e+04	-5.025191e+01
3.461542e+04	-5.019735e+01
3.481536e+04	-5.016187e+01
3.501645e+04	-5.008542e+01
3.521871e+04	-5.001675e+01
3.542213e+04	-4.993288e+01
3.562672e+04	-4.992639e+01
3.583250e+04	-4.983748e+01
3.603947e+04	-4.976226e+01
3.624763e+04	-4.968638e+01
3.645700e+04	-4.965044e+01
3.666757e+04	-4.960195e+01
3.687936e+04	-4.957744e+01
3.709238e+04	-4.948305e+01
3.730662e+04	-4.940767e+01
3.752210e+04	-4.932127e+01
3.773883e+04	-4.928822e+01
3.795680e+04	-4.923200e+01
3.817604e+04	-4.915830e+01
3.839654e+04	-4.912798e+01
3.861832e+04	-4.906704e+01
3.884138e+04	-4.899400e+01
3.906573e+04	-4.893209e+01
3.929137e+04	-4.889152e+01
3.951831e+04	-4.884903e+01
3.974657e+04	-4.874947e+01
3.997614e+04	-4.873406e+01
4.020704e+04	-4.865437e+01
4.043928e+04	-4.857118e+01
4.067285e+04	-4.855703e+01
4.090778e+04	-4.849950e+01
4.114406e+04	-4.844587e+01
4.138171e+04	-4.838107e+01
4.162073e+04	-4.827624e+01
4.186113e+04	-4.825136e+01
4.210291e+04	-4.819228e+01
4.234610e+04	-4.813083e+01
4.259069e+04	-4.809381e+01
4.283669e+04	-4.799841e+01
4.308411e+04	-4.798967e+01
4.333297e+04	-4.786397e+01
4.358325e+04	-4.786457e+01
4.383499e+04	-4.778677e+01
4.408818e+04	-4.773591e+01
4.434283e+04	-4.763922e+01
4.459895e+04	-4.757829e+01
4.485655e+04	-4.758604e+01
4.511564e+04	-4.751164e+01
4.537623e+04	-4.743298e+01
4.563832e+04	-4.740282e+01
4.590193e+04	-4.732993e+01
4.616705e+04	-4.728102e+01
4.643371e+04	-4.724241e+01
4.670191e+04	-4.714151e+01
4.697166e+04	-4.711151e+01
4.724297e+04	-4.706329e+01
4.751584e+04	-4.702411e+01
4.779029e+04	-4.692012e+01
4.806633e+04	-4.690499e+01
4.834395e+04	-4.684161e+01
4.862319e+04	-4.676164e+01
4.890403e+04	-4.670492e+01
4.918650e+04	-4.667860e+01
4.947060e+04	-4.657520e+01
4.975634e+04	-4.651434e+01
5.004373e+04	-4.649351e+01
5.033278e+04	-4.641034e+01
5.062350e+04	-4.641487e+01
5.091590e+04	-4.631536e+01
5.120999e+04	-4.629675e+01
5.150578e+04	-4.622121e+01
5.180327e+04	-4.614357e+01
5.210248e+04	-4.611406e+01
5.240343e+04	-4.604791e+01
5.270611e+04	-4.599548e+01
5.301053e+04	-4.594266e+01
5.331672e+04	-4.588351e+01
5.362468e+04	-4.583807e+01
5.393441e+04	-4.577347e+01
5.424593e+04	-4.574039e+01
5.455926e+04	-4.568755e+01
5.487439e+04	-4.561817e+01
5.519134e+04	-4.555985e+01
5.551012e+04	-4.551073e+01
5.583075e+04	-4.544848e+01
5.615322e+04	-4.542805e+01
5.647756e+04	-4.535908e+01
5.680377e+04	-4.531495e+01
5.713187e+04	-4.521824e+01
5.746186e+04	-4.519109e+01
5.779376e+04	-4.511850e+01
5.812757e+04	-4.508734e+01
5.846332e+04	-4.501299e+01
5.880100e+04	-4.498593e+01
5.914063e+04	-4.495072e+01
5.948222e+04	-4.487407e+01
5.982579e+04	-4.481556e+01
6.017134e+04	-4.475036e+01
6.051889e+04	-4.470937e+01
6.086844e+04	-4.463963e+01
6.122002e+04	-4.457044e+01
6.157362e+04	-4.453243e+01
6.192927e+04	-4.449635e+01
6.228697e+04	-4.445385e+01
6.264674e+04	-4.439259e+01
6.300858e+04	-4.432102e+01
6.337252e+04	-4.426553e+01
6.373855e+04	-4.423665e+01
6.410670e+04	-4.419978e+01
6.447698e+04	-4.410576e+01
6.484940e+04	-4.406725e+01
6.522397e+04	-4.400527e+01
6.560070e+04	-4.396951e+01
6.597960e+04	-4.390706e+01
6.636070e+04	-4.385977e+01
6.674400e+04	-4.380767e+01
6.712951e+04	-4.374393e+01
6.751724e+04	-4.368274e+01
6.790722e+04	-4.366017e+01
6.829945e+04	-4.359207e+01
6.869395e+04	-4.355049e+01
6.909072e+04	-4.349919e+01
6.948978e+04	-4.341433e+01
6.989115e+04	-4.338878e+01
7.029484e+04	-4.335665e+01
7.070086e+04	-4.328063e+01
7.110923e+04	-4.321358e+01
7.151995e+04	-4.313273e+01
7.193305e+04	-4.310407e+01
7.234853e+04	-4.306028e+01
7.276641e+04	-4.300268e+01
7.318671e+04	-4.294217e+01
7.360943e+04	-4.290245e+01
7.403460e+04	-4.283399e+01
7.446222e+04	-4.279108e+01
7.489231e+04	-4.273822e+01
7.532488e+04	-4.271264e+01
7.575996e+04	-4.264240e+01
7.619754e+04	-4.259608e+01
7.663766e+04	-4.254912e+01
7.708031e+04	-4.248224e+01
7.752553e+04	-4.245465e+01
7.797331e+04	-4.239615e+01
7.842368e+04	-4.234205e+01
7.887665e+04	-4.227678e+01
7.933224e+04	-4.223603e+01
7.979046e+04	-4.219092e+01
8.025133e+04	-4.212025e+01
8.071486e+04	-4.209544e+01
8.118106e+04	-4.201300e+01
8.164996e+04	-4.195147e+01
8.212157e+04	-4.191421e+01
8.259590e+04	-4.188133e+01
8.307297e+04	-4.180606e+01
8.355279e+04	-4.175730e+01
8.403539e+04	-4.171235e+01
8.452078e+04	-4.165229e+01
8.500897e+04	-4.161849e+01
8.549997e+04	-4.155149e+01
8.599382e+04	-4.150460e+01
8.649052e+04	-4.144392e+01
8.699008e+04	-4.139089e+01
8.749253e+04	-4.135362e+01
8.799789e+04	-4.130300e+01
8.850616e+04	-4.124490e+01
8.901737e+04	-4.120136e+01
8.953153e+04	-4.114428e+01
9.004866e+04	-4.110895e+01
9.056877e+04	-4.104945e+01
9.109190e+04	-4.100220e+01
9.161804e+04	-4.092515e+01
9.214722e+04	-4.086860e+01
9.267946e+04	-4.085386e+01
9.321477e+04	-4.077101e+01
9.375318e+04	-4.072657e+01
9.429469e+04	-4.068179e+01
9.483933e+04	-4.062504e+01
9.538712e+04	-4.057598e+01
9.593807e+04	-4.052746e+01
9.649221e+04	-4.046330e+01
9.704954e+04	-4.042748e+01
9.761010e+04	-4.036148e+01
9.817389e+04	-4.032167e+01
9.874094e+04	-4.025970e+01
9.931126e+04	-4.020332e+01
9.988488e+04	-4.016738e+01
1.004618e+05	-4.012259e+01
1.010421e+05	-4.006811e+01
1.016257e+05	-4.001435e+01
1.022127e+05	-3.997134e+01
1.028031e+05	-3.989231e+01
1.033968e+05	-3.987607e+01
1.039941e+05	-3.980461e+01
1.045947e+05	-3.974699e+01
1.051989e+05	-3.971085e+01
1.058065e+05	-3.966307e+01
1.064176e+05	-3.959720e+01
1.070323e+05	-3.956758e+01
1.076505e+05	-3.949746e+01
1.082723e+05	-3.944205e+01
1.088977e+05	-3.940593e+01
1.095266e+05	-3.934764e+01
1.101593e+05	-3.928904e+01
1.107955e+05	-3.925052e+01
1.114355e+05	-3.919606e+01
1.120791e+05	-3.914965e+01
1.127265e+05	-3.910186e+01
1.133776e+05	-3.903078e+01
1.140325e+05	-3.898613e+01
1.146911e+05	-3.894918e+01
1.153536e+05	-3.889433e+01
1.160198e+05	-3.884688e+01
1.166900e+05	-3.878165e+01
1.173640e+05	-3.874058e+01
1.180419e+05	-3.868826e+01
1.187237e+05	-3.864307e+01
1.194094e+05	-3.858787e+01
1.200991e+05	-3.854190e+01
1.207928e+05	-3.849278e+01
1.214905e+05	-3.843604e+01
1.221922e+05	-3.839392e+01
1.228980e+05	-3.832837e+01
1.236078e+05	-3.829024e+01
1.243218e+05	-3.822434e+01
1.250399e+05	-3.817694e+01
1.257621e+05	-3.811743e+01
1.264885e+05	-3.806190e+01
1.272191e+05	-3.802397e+01
1.279539e+05	-3.798574e+01
1.286930e+05	-3.793376e+01
1.294363e+05	-3.788551e+01
1.301839e+05	-3.781571e+01
1.309358e+05	-3.777392e+01
1.316921e+05	-3.772732e+01
1.324528e+05	-3.767318e+01
1.332178e+05	-3.762037e+01
1.339873e+05	-3.757434e+01
1.347612e+05	-3.751427e+01
1.355395e+05	-3.745593e+01
1.363224e+05	-3.742406e+01
1.371098e+05	-3.735252e+01
1.379018e+05	-3.731229e+01
1.386983e+05	-3.727252e+01
1.394994e+05	-3.721648e+01
1.403051e+05	-3.716399e+01
1.411155e+05	-3.711149e+01
1.419306e+05	-3.705977e+01
1.427504e+05	-3.701865e+01
1.435749e+05	-3.697440e+01
1.444042e+05	-3.691449e+01
1.452383e+05	-3.685877e+01
1.460772e+05	-3.680493e+01
1.469209e+05	-3.677500e+01
1.477695e+05	-3.670690e+01
1.486230e+05	-3.664971e+01
1.494814e+05	-3.660937e+01
1.503448e+05	-3.655899e+01
1.512132e+05	-3.650631e+01
1.520866e+05	-3.645757e+01
1.529651e+05	-3.640521e+01
1.538486e+05	-3.636224e+01
1.547372e+05	-3.629806e+01
1.556310e+05	-3.625054e+01
1.565299e+05	-3.621035e+01
1.574340e+05	-3.615661e+01
1.583433e+05	-3.611258e+01
1.592579e+05	-3.605116e+01
1.601778e+05	-3.600598e+01
1.611030e+05	-3.595142e+01
1.620335e+05	-3.590245e+01
1.629694e+05	-3.584938e+01
1.639107e+05	-3.580553e+01
1.648574e+05	-3.575446e+01
1.658097e+05	-3.570697e+01
1.667674e+05	-3.565717e+01
1.677306e+05	-3.560737e+01
1.686994e+05	-3.554893e+01
1.696738e+05	-3.550108e+01
1.706538e+05	-3.544333e+01
1.716395e+05	-3.539352e+01
1.726309e+05	-3.535281e+01
1.736280e+05	-3.530171e+01
1.746309e+05	-3.525786e+01
1.756395e+05	-3.519730e+01
1.766540e+05	-3.515459e+01
1.776744e+05	-3.509814e+01
1.787006e+05	-3.505235e+01
1.797328e+05	-3.499911e+01
1.807709e+05	-3.495051e+01
1.818150e+05	-3.489539e+01
1.828652e+05	-3.484885e+01
1.839214e+05	-3.479375e+01
1.849837e+05	-3.473902e+01
1.860522e+05	-3.469641e+01
1.871268e+05	-3.463833e+01
1.882077e+05	-3.459320e+01
1.892948e+05	-3.453916e+01
1.903881e+05	-3.449156e+01
1.914878e+05	-3.444004e+01
1.925938e+05	-3.440184e+01
1.937062e+05	-3.433614e+01
1.948251e+05	-3.429181e+01
1.959504e+05	-3.424327e+01
1.970822e+05	-3.419934e+01
1.982205e+05	-3.413933e+01
1.993654e+05	-3.409088e+01
2.005169e+05	-3.403781e+01
2.016751e+05	-3.398377e+01
2.028400e+05	-3.393948e+01
2.040116e+05	-3.389829e+01
2.051899e+05	-3.384286e+01
2.063751e+05	-3.379213e+01
2.075671e+05	-3.374691e+01
2.087660e+05	-3.369246e+01
2.099719e+05	-3.364522e+01
2.111846e+05	-3.358199e+01
2.124044e+05	-3.354194e+01
2.136313e+05	-3.349484e+01
2.148652e+05	-3.342905e+01
2.161063e+05	-3.339838e+01
2.173545e+05	-3.333425e+01
2.186099e+05	-3.328403e+01
2.198726e+05	-3.323846e+01
2.211426e+05	-3.318482e+01
2.224199e+05	-3.312587e+01
2.237046e+05	-3.308399e+01
2.249967e+05	-3.303713e+01
2.262962e+05	-3.298345e+01
2.276033e+05	-3.293433e+01
2.289179e+05	-3.288927e+01
2.302402e+05	-3.283960e+01
2.315700e+05	-3.278684e+01
2.329076e+05	-3.274689e+01
2.342528e+05	-3.268932e+01
2.356059e+05	-3.263240e+01
2.369667e+05	-3.258584e+01
2.383354e+05	-3.253201e+01
2.397120e+05	-3.248137e+01
2.410966e+05	-3.243420e+01
2.424892e+05	-3.238758e+01
2.438898e+05	-3.233836e+01
2.452985e+05	-3.228033e+01
2.467153e+05	-3.223268e+01
2.481403e+05	-3.218922e+01
2.495736e+05	-3.213626e+01
2.510151e+05	-3.209217e+01
2.524650e+05	-3.203644e+01
2.539232e+05	-3.198359e+01
2.553898e+05	-3.193903e+01
2.568650e+05	-3.188660e+01
2.583486e+05	-3.183731e+01
2.598408e+05	-3.179050e+01
2.613416e+05	-3.173203e+01
2.628511e+05	-3.168694e+01
2.643694e+05	-3.163526e+01
2.658963e+05	-3.158500e+01
2.674321e+05	-3.153602e+01
2.689768e+05	-3.149095e+01
2.705304e+05	-3.143558e+01
2.720930e+05	-3.139020e+01
2.736646e+05	-3.133637e+01
2.752453e+05	-3.128569e+01
2.768351e+05	-3.123842e+01
2.784341e+05	-3.118392e+01
2.800423e+05	-3.112982e+01
2.816598e+05	-3.107836e+01
2.832867e+05	-3.103563e+01
2.849229e+05	-3.098401e+01
2.865686e+05	-3.093170e+01
2.882238e+05	-3.088122e+01
2.898886e+05	-3.083347e+01
2.915630e+05	-3.078106e+01
2.932470e+05	-3.073333e+01
2.949408e+05	-3.068325e+01
2.966444e+05	-3.063820e+01
2.983578e+05	-3.058862e+01
3.000811e+05	-3.053184e+01
3.018143e+05	-3.049086e+01
3.035576e+05	-3.043133e+01
3.053109e+05	-3.038611e+01
3.070744e+05	-3.033673e+01
3.088481e+05	-3.028374e+01
3.106320e+05	-3.023912e+01
3.124261e+05	-3.018260e+01
3.142307e+05	-3.013708e+01
3.160457e+05	-3.008440e+01
3.178712e+05	-3.004112e+01
3.197072e+05	-2.998586e+01
3.215538e+05	-2.993498e+01
3.234111e+05	-2.988760e+01
3.252791e+05	-2.983762e+01
3.271579e+05	-2.979369e+01
3.290475e+05	-2.973814e+01
3.309481e+05	-2.968958e+01
3.328596e+05	-2.963786e+01
3.347822e+05	-2.958861e+01
3.367159e+05	-2.953622e+01
3.386608e+05	-2.948745e+01
3.406169e+05	-2.943554e+01
3.425842e+05	-2.939002e+01
3.445630e+05	-2.934191e+01
3.465532e+05	-2.928995e+01
3.485549e+05	-2.923824e+01
3.505681e+05	-2.919471e+01
3.525930e+05	-2.914335e+01
3.546295e+05	-2.908893e+01
3.566778e+05	-2.903430e+01
3.587380e+05	-2.899240e+01
3.608101e+05	-2.893709e+01
3.628941e+05	-2.888880e+01
3.649901e+05	-2.883967e+01
3.670983e+05	-2.878981e+01
3.692187e+05	-2.873943e+01
3.713513e+05	-2.869107e+01
3.734962e+05	-2.864096e+01
3.756535e+05	-2.858927e+01
3.778232e+05	-2.854289e+01
3.800055e+05	-2.849127e+01
3.822004e+05	-2.844359e+01
3.844080e+05	-2.838958e+01
3.866283e+05	-2.834293e+01
3.888615e+05	-2.829231e+01
3.911075e+05	-2.824195e+01
3.933665e+05	-2.819294e+01
3.956386e+05	-2.814286e+01
3.979238e+05	-2.809119e+01
4.002222e+05	-2.804662e+01
4.025338e+05	-2.799882e+01
4.048589e+05	-2.794372e+01
4.071973e+05	-2.789286e+01
4.095493e+05	-2.784478e+01
4.119148e+05	-2.779689e+01
4.142940e+05	-2.774459e+01
4.166870e+05	-2.769922e+01
4.190937e+05	-2.765107e+01
4.215144e+05	-2.759707e+01
4.239490e+05	-2.754624e+01
4.263978e+05	-2.749626e+01
4.288606e+05	-2.744655e+01
4.313377e+05	-2.739478e+01
4.338291e+05	-2.735008e+01
4.363349e+05	-2.729768e+01
4.388551e+05	-2.724932e+01
4.413899e+05	-2.720000e+01
4.439394e+05	-2.714844e+01
4.465035e+05	-2.709810e+01
4.490825e+05	-2.705206e+01
4.516764e+05	-2.699643e+01
4.542853e+05	-2.694999e+01
4.569092e+05	-2.689928e+01
4.595483e+05	-2.685182e+01
4.622026e+05	-2.679942e+01
4.648723e+05	-2.675175e+01
4.675574e+05	-2.670645e+01
4.702580e+05	-2.665694e+01
4.729742e+05	-2.660421e+01
4.757060e+05	-2.654950e+01
4.784537e+05	-2.650237e+01
4.812172e+05	-2.645442e+01
4.839967e+05	-2.640711e+01
4.867923e+05	-2.635531e+01
4.896040e+05	-2.630441e+01
4.924319e+05	-2.625348e+01
4.952762e+05	-2.620995e+01
4.981369e+05	-2.615684e+01
5.010141e+05	-2.610780e+01
5.039079e+05	-2.605517e+01
5.068185e+05	-2.600806e+01
5.097458e+05	-2.596177e+01
5.126901e+05	-2.591071e+01
5.156514e+05	-2.585911e+01
5.186298e+05	-2.581114e+01
5.216253e+05	-2.576109e+01
5.246382e+05	-2.571087e+01
5.276685e+05	-2.565672e+01
5.307163e+05	-2.561239e+01
5.337817e+05	-2.556346e+01
5.368648e+05	-2.551265e+01
5.399657e+05	-2.546769e+01
5.430845e+05	-2.541357e+01
5.462214e+05	-2.536431e+01
5.493763e+05	-2.531568e+01
5.525495e+05	-2.526482e+01
5.557410e+05	-2.521676e+01
5.589509e+05	-2.516808e+01
5.621794e+05	-2.511775e+01
5.654265e+05	-2.506862e+01
5.686924e+05	-2.501712e+01
5.719772e+05	-2.496887e+01
5.752809e+05	-2.492093e+01
5.786037e+05	-2.487144e+01
5.819457e+05	-2.482086e+01
5.853070e+05	-2.477249e+01
5.886877e+05	-2.472509e+01
5.920879e+05	-2.467383e+01
5.955078e+05	-2.462663e+01
5.989474e+05	-2.457361e+01
6.024069e+05	-2.452666e+01
6.058864e+05	-2.447301e+01
6.093860e+05	-2.442711e+01
6.129058e+05	-2.437509e+01
6.164459e+05	-2.432911e+01
6.200064e+05	-2.427645e+01
6.235876e+05	-2.422984e+01
6.271894e+05	-2.418027e+01
6.308120e+05	-2.412971e+01
6.344555e+05	-2.407993e+01
6.381201e+05	-2.403264e+01
6.418059e+05	-2.398071e+01
6.455129e+05	-2.393237e+01
6.492414e+05	-2.388342e+01
6.529914e+05	-2.383284e+01
6.567630e+05	-2.378519e+01
6.605565e+05	-2.373737e+01
6.643718e+05	-2.368660e+01
6.682092e+05	-2.363877e+01
6.720688e+05	-2.358693e+01
6.759506e+05	-2.354046e+01
6.798549e+05	-2.348870e+01
6.837817e+05	-2.344202e+01
6.877312e+05	-2.339265e+01
6.917035e+05	-2.334407e+01
6.956987e+05	-2.329182e+01
6.997171e+05	-2.324377e+01
7.037586e+05	-2.319635e+01
7.078235e+05	-2.314785e+01
7.119118e+05	-2.309610e+01
7.160238e+05	-2.305019e+01
7.201595e+05	-2.299934e+01
7.243191e+05	-2.294854e+01
7.285028e+05	-2.290232e+01
7.327106e+05	-2.285077e+01
7.369427e+05	-2.280257e+01
7.411992e+05	-2.275365e+01
7.454804e+05	-2.270367e+01
7.497862e+05	-2.265417e+01
7.541170e+05	-2.260723e+01
7.584727e+05	-2.255606e+01
7.628536e+05	-2.250964e+01
7.672598e+05	-2.245678e+01
7.716915e+05	-2.241048e+01
7.761488e+05	-2.236309e+01
7.806318e+05	-2.231275e+01
7.851407e+05	-2.226217e+01
7.896756e+05	-2.221591e+01
7.942367e+05	-2.216707e+01
7.988242e+05	-2.211441e+01
8.034382e+05	-2.206807e+01
8.080788e+05	-2.201799e+01
8.127463e+05	-2.197010e+01
8.174406e+05	-2.192091e+01
8.221621e+05	-2.187260e+01
8.269109e+05	-2.182231e+01
8.316871e+05	-2.177386e+01
8.364909e+05	-2.172678e+01
8.413225e+05	-2.167884e+01
8.461819e+05	-2.162905e+01
8.510694e+05	-2.157956e+01
8.559852e+05	-2.153223e+01
8.609293e+05	-2.148166e+01
8.659020e+05	-2.143339e+01
8.709034e+05	-2.138597e+01
8.759337e+05	-2.133505e+01
8.809931e+05	-2.128726e+01
8.860816e+05	-2.123669e+01
8.911996e+05	-2.119109e+01
8.963471e+05	-2.114104e+01
9.015244e+05	-2.109505e+01
9.067316e+05	-2.104489e+01
9.119688e+05	-2.099278e+01
9.172363e+05	-2.094772e+01
9.225342e+05	-2.089788e+01
9.278628e+05	-2.085040e+01
9.332221e+05	-2.080209e+01
9.386123e+05	-2.075359e+01
9.440337e+05	-2.070301e+01
9.494864e+05	-2.065649e+01
9.549706e+05	-2.060745e+01
9.604865e+05	-2.055726e+01
9.660342e+05	-2.050885e+01
9.716140e+05	-2.046291e+01
9.772260e+05	-2.041387e+01
9.828704e+05	-2.036595e+01
9.885474e+05	-2.031688e+01
9.942572e+05	-2.026776e+01
1.000000e+06	-2.021988e+01
