Frequency(Hz)	Magnitude(dB)
1.000000e+01	-2.080834e+00
1.005776e+01	-2.099909e+00
1.011585e+01	-2.118977e+00
1.017428e+01	-2.138245e+00
1.023305e+01	-2.158126e+00
1.029215e+01	-2.177603e+00
1.035160e+01	-2.197480e+00
1.041139e+01	-2.217417e+00
1.047153e+01	-2.237657e+00
1.053201e+01	-2.257554e+00
1.059284e+01	-2.277859e+00
1.065403e+01	-2.298683e+00
1.071556e+01	-2.319348e+00
1.077746e+01	-2.339822e+00
1.083971e+01	-2.360853e+00
1.090232e+01	-2.381803e+00
1.096529e+01	-2.403166e+00
1.102862e+01	-2.424354e+00
1.109232e+01	-2.445768e+00
1.115639e+01	-2.467430e+00
1.122083e+01	-2.489270e+00
1.128564e+01	-2.511319e+00
1.135083e+01	-2.533298e+00
1.141639e+01	-2.555538e+00
1.148233e+01	-2.577836e+00
1.154865e+01	-2.600063e+00
1.161536e+01	-2.622834e+00
1.168245e+01	-2.645391e+00
1.174992e+01	-2.668443e+00
1.181779e+01	-2.691456e+00
1.188605e+01	-2.714557e+00
1.195470e+01	-2.737993e+00
1.202375e+01	-2.761322e+00
1.209320e+01	-2.785105e+00
1.216305e+01	-2.808813e+00
1.223330e+01	-2.832700e+00
1.230396e+01	-2.856834e+00
1.237503e+01	-2.880888e+00
1.244651e+01	-2.905071e+00
1.251840e+01	-2.929990e+00
1.259070e+01	-2.954269e+00
1.266343e+01	-2.979065e+00
1.273657e+01	-3.003941e+00
1.281014e+01	-3.028970e+00
1.288413e+01	-3.054251e+00
1.295855e+01	-3.079412e+00
1.303339e+01	-3.104988e+00
1.310867e+01	-3.130418e+00
1.318439e+01	-3.156380e+00
1.326054e+01	-3.182247e+00
1.333713e+01	-3.208553e+00
1.341417e+01	-3.234667e+00
1.349165e+01	-3.260756e+00
1.356958e+01	-3.287254e+00
1.364795e+01	-3.314056e+00
1.372678e+01	-3.340746e+00
1.380607e+01	-3.367725e+00
1.388581e+01	-3.394946e+00
1.396602e+01	-3.421887e+00
1.404668e+01	-3.449463e+00
1.412782e+01	-3.476827e+00
1.420942e+01	-3.504435e+00
1.429149e+01	-3.532389e+00
1.437404e+01	-3.560173e+00
1.445706e+01	-3.588185e+00
1.454057e+01	-3.616259e+00
1.462455e+01	-3.645141e+00
1.470902e+01	-3.673414e+00
1.479398e+01	-3.701915e+00
1.487943e+01	-3.730600e+00
1.496537e+01	-3.759656e+00
1.505181e+01	-3.788910e+00
1.513875e+01	-3.817641e+00
1.522619e+01	-3.847129e+00
1.531414e+01	-3.876736e+00
1.540259e+01	-3.906084e+00
1.549156e+01	-3.935936e+00
1.558103e+01	-3.965846e+00
1.567103e+01	-3.995736e+00
1.576155e+01	-4.025844e+00
1.585258e+01	-4.056114e+00
1.594415e+01	-4.086821e+00
1.603624e+01	-4.117496e+00
1.612886e+01	-4.148068e+00
1.622202e+01	-4.178813e+00
1.631572e+01	-4.209718e+00
1.640996e+01	-4.240988e+00
1.650474e+01	-4.272426e+00
1.660008e+01	-4.303536e+00
1.669596e+01	-4.335362e+00
1.679239e+01	-4.366488e+00
1.688938e+01	-4.398590e+00
1.698694e+01	-4.430438e+00
1.708505e+01	-4.462597e+00
1.718373e+01	-4.494968e+00
1.728299e+01	-4.526860e+00
1.738281e+01	-4.559734e+00
1.748322e+01	-4.592081e+00
1.758420e+01	-4.624603e+00
1.768576e+01	-4.657527e+00
1.778792e+01	-4.690494e+00
1.789066e+01	-4.723351e+00
1.799399e+01	-4.756937e+00
1.809793e+01	-4.790221e+00
1.820246e+01	-4.823849e+00
1.830760e+01	-4.857384e+00
1.841334e+01	-4.891317e+00
1.851969e+01	-4.924883e+00
1.862666e+01	-4.958985e+00
1.873425e+01	-4.993093e+00
1.884246e+01	-5.027232e+00
1.895129e+01	-5.061968e+00
1.906075e+01	-5.096061e+00
1.917085e+01	-5.130977e+00
1.928158e+01	-5.165289e+00
1.939295e+01	-5.200100e+00
1.950496e+01	-5.235137e+00
1.961762e+01	-5.270555e+00
1.973093e+01	-5.305466e+00
1.984490e+01	-5.340875e+00
1.995952e+01	-5.376585e+00
2.007480e+01	-5.411903e+00
2.019076e+01	-5.447618e+00
2.030738e+01	-5.483653e+00
2.042467e+01	-5.519428e+00
2.054264e+01	-5.555868e+00
2.066130e+01	-5.591637e+00
2.078064e+01	-5.628019e+00
2.090066e+01	-5.664091e+00
2.102139e+01	-5.700804e+00
2.114280e+01	-5.737480e+00
2.126492e+01	-5.774401e+00
2.138775e+01	-5.811162e+00
2.151128e+01	-5.847895e+00
2.163553e+01	-5.885062e+00
2.176050e+01	-5.922275e+00
2.188619e+01	-5.959283e+00
2.201260e+01	-5.996903e+00
2.213974e+01	-6.034386e+00
2.226762e+01	-6.072223e+00
2.239624e+01	-6.109780e+00
2.252560e+01	-6.147736e+00
2.265571e+01	-6.185607e+00
2.278656e+01	-6.223862e+00
2.291818e+01	-6.261871e+00
2.305055e+01	-6.300107e+00
2.318369e+01	-6.338229e+00
2.331760e+01	-6.376727e+00
2.345228e+01	-6.415441e+00
2.358774e+01	-6.453991e+00
2.372398e+01	-6.492722e+00
2.386101e+01	-6.531744e+00
2.399883e+01	-6.570763e+00
2.413745e+01	-6.609839e+00
2.427686e+01	-6.648552e+00
2.441709e+01	-6.688367e+00
2.455812e+01	-6.727361e+00
2.469997e+01	-6.766952e+00
2.484263e+01	-6.806396e+00
2.498612e+01	-6.846016e+00
2.513044e+01	-6.885853e+00
2.527559e+01	-6.925836e+00
2.542158e+01	-6.965813e+00
2.556842e+01	-7.005367e+00
2.571610e+01	-7.045768e+00
2.586463e+01	-7.085711e+00
2.601403e+01	-7.126046e+00
2.616428e+01	-7.166777e+00
2.631541e+01	-7.207087e+00
2.646740e+01	-7.247423e+00
2.662028e+01	-7.288117e+00
2.677404e+01	-7.328621e+00
2.692868e+01	-7.369914e+00
2.708422e+01	-7.410474e+00
2.724066e+01	-7.451280e+00
2.739800e+01	-7.492814e+00
2.755625e+01	-7.533926e+00
2.771541e+01	-7.574863e+00
2.787550e+01	-7.616778e+00
2.803650e+01	-7.657672e+00
2.819844e+01	-7.699205e+00
2.836131e+01	-7.741199e+00
2.852513e+01	-7.782325e+00
2.868989e+01	-7.824124e+00
2.885560e+01	-7.866056e+00
2.902227e+01	-7.908003e+00
2.918990e+01	-7.949608e+00
2.935850e+01	-7.992165e+00
2.952807e+01	-8.033857e+00
2.969863e+01	-8.076299e+00
2.987016e+01	-8.118580e+00
3.004269e+01	-8.160545e+00
3.021622e+01	-8.203583e+00
3.039075e+01	-8.245842e+00
3.056628e+01	-8.288441e+00
3.074283e+01	-8.330810e+00
3.092040e+01	-8.373702e+00
3.109900e+01	-8.416326e+00
3.127862e+01	-8.459791e+00
3.145929e+01	-8.502196e+00
3.164099e+01	-8.545095e+00
3.182375e+01	-8.587957e+00
3.200756e+01	-8.631358e+00
3.219244e+01	-8.674549e+00
3.237838e+01	-8.718329e+00
3.256540e+01	-8.761169e+00
3.275349e+01	-8.804833e+00
3.294268e+01	-8.848358e+00
3.313295e+01	-8.891604e+00
3.332433e+01	-8.935326e+00
3.351681e+01	-8.979123e+00
3.371040e+01	-9.022429e+00
3.390511e+01	-9.066255e+00
3.410094e+01	-9.110332e+00
3.429791e+01	-9.154142e+00
3.449601e+01	-9.198388e+00
3.469526e+01	-9.242232e+00
3.489566e+01	-9.286719e+00
3.509721e+01	-9.330349e+00
3.529993e+01	-9.375308e+00
3.550382e+01	-9.418977e+00
3.570889e+01	-9.463493e+00
3.591515e+01	-9.507802e+00
3.612259e+01	-9.552050e+00
3.633123e+01	-9.596628e+00
3.654108e+01	-9.640867e+00
3.675214e+01	-9.686283e+00
3.696442e+01	-9.730577e+00
3.717792e+01	-9.776023e+00
3.739266e+01	-9.820366e+00
3.760864e+01	-9.864779e+00
3.782587e+01	-9.909557e+00
3.804435e+01	-9.955006e+00
3.826409e+01	-1.000011e+01
3.848510e+01	-1.004488e+01
3.870739e+01	-1.008998e+01
3.893096e+01	-1.013485e+01
3.915583e+01	-1.018024e+01
3.938199e+01	-1.022616e+01
3.960946e+01	-1.027091e+01
3.983824e+01	-1.031599e+01
4.006834e+01	-1.036155e+01
4.029978e+01	-1.040718e+01
4.053255e+01	-1.045209e+01
4.076666e+01	-1.049738e+01
4.100213e+01	-1.054391e+01
4.123896e+01	-1.058908e+01
4.147715e+01	-1.063532e+01
4.171672e+01	-1.068105e+01
4.195767e+01	-1.072592e+01
4.220002e+01	-1.077226e+01
4.244377e+01	-1.081824e+01
4.268892e+01	-1.086413e+01
4.293549e+01	-1.090988e+01
4.318348e+01	-1.095623e+01
4.343291e+01	-1.100220e+01
4.368377e+01	-1.104802e+01
4.393609e+01	-1.109389e+01
4.418986e+01	-1.113969e+01
4.444510e+01	-1.118692e+01
4.470182e+01	-1.123308e+01
4.496001e+01	-1.127886e+01
4.521970e+01	-1.132575e+01
4.548089e+01	-1.137140e+01
4.574358e+01	-1.141821e+01
4.600779e+01	-1.146479e+01
4.627353e+01	-1.151139e+01
4.654081e+01	-1.155743e+01
4.680963e+01	-1.160389e+01
4.708000e+01	-1.165122e+01
4.735193e+01	-1.169730e+01
4.762543e+01	-1.174481e+01
4.790051e+01	-1.179112e+01
4.817719e+01	-1.183751e+01
4.845545e+01	-1.188422e+01
4.873533e+01	-1.193136e+01
4.901682e+01	-1.197726e+01
4.929994e+01	-1.202528e+01
4.958470e+01	-1.207196e+01
4.987110e+01	-1.211877e+01
5.015915e+01	-1.216563e+01
5.044887e+01	-1.221300e+01
5.074026e+01	-1.225986e+01
5.103333e+01	-1.230719e+01
5.132810e+01	-1.235376e+01
5.162457e+01	-1.240113e+01
5.192275e+01	-1.244808e+01
5.222265e+01	-1.249505e+01
5.252429e+01	-1.254245e+01
5.282767e+01	-1.258908e+01
5.313280e+01	-1.263713e+01
5.343969e+01	-1.268464e+01
5.374836e+01	-1.273226e+01
5.405880e+01	-1.277869e+01
5.437105e+01	-1.282644e+01
5.468509e+01	-1.287410e+01
5.500095e+01	-1.292144e+01
5.531863e+01	-1.296919e+01
5.563815e+01	-1.301616e+01
5.595951e+01	-1.306390e+01
5.628273e+01	-1.311139e+01
5.660782e+01	-1.315913e+01
5.693479e+01	-1.320714e+01
5.726364e+01	-1.325369e+01
5.759439e+01	-1.330185e+01
5.792705e+01	-1.334999e+01
5.826164e+01	-1.339734e+01
5.859815e+01	-1.344492e+01
5.893662e+01	-1.349296e+01
5.927703e+01	-1.354079e+01
5.961941e+01	-1.358784e+01
5.996377e+01	-1.363686e+01
6.031012e+01	-1.368428e+01
6.065847e+01	-1.373215e+01
6.100883e+01	-1.378003e+01
6.136121e+01	-1.382853e+01
6.171563e+01	-1.387681e+01
6.207210e+01	-1.392375e+01
6.243063e+01	-1.397293e+01
6.279122e+01	-1.401997e+01
6.315390e+01	-1.406834e+01
6.351868e+01	-1.411664e+01
6.388556e+01	-1.416505e+01
6.425456e+01	-1.421282e+01
6.462569e+01	-1.426043e+01
6.499897e+01	-1.430930e+01
6.537440e+01	-1.435660e+01
6.575200e+01	-1.440425e+01
6.613178e+01	-1.445380e+01
6.651375e+01	-1.450154e+01
6.689793e+01	-1.454994e+01
6.728433e+01	-1.459857e+01
6.767297e+01	-1.464653e+01
6.806384e+01	-1.469542e+01
6.845698e+01	-1.474256e+01
6.885238e+01	-1.479155e+01
6.925007e+01	-1.484030e+01
6.965005e+01	-1.488748e+01
7.005235e+01	-1.493663e+01
7.045697e+01	-1.498458e+01
7.086393e+01	-1.503384e+01
7.127323e+01	-1.508072e+01
7.168490e+01	-1.513016e+01
7.209895e+01	-1.517761e+01
7.251539e+01	-1.522652e+01
7.293424e+01	-1.527675e+01
7.335551e+01	-1.532437e+01
7.377920e+01	-1.537312e+01
7.420535e+01	-1.542166e+01
7.463396e+01	-1.547046e+01
7.506504e+01	-1.551852e+01
7.549861e+01	-1.556832e+01
7.593469e+01	-1.561608e+01
7.637328e+01	-1.566493e+01
7.681441e+01	-1.571432e+01
7.725809e+01	-1.576172e+01
7.770433e+01	-1.581072e+01
7.815315e+01	-1.585885e+01
7.860456e+01	-1.590887e+01
7.905857e+01	-1.595786e+01
7.951521e+01	-1.600598e+01
7.997449e+01	-1.605483e+01
8.043642e+01	-1.610387e+01
8.090102e+01	-1.615189e+01
8.136830e+01	-1.620198e+01
8.183828e+01	-1.624921e+01
8.231097e+01	-1.629888e+01
8.278640e+01	-1.634859e+01
8.326457e+01	-1.639573e+01
8.374550e+01	-1.644561e+01
8.422921e+01	-1.649502e+01
8.471572e+01	-1.654284e+01
8.520503e+01	-1.659146e+01
8.569717e+01	-1.664220e+01
8.619215e+01	-1.669021e+01
8.669000e+01	-1.673996e+01
8.719071e+01	-1.678773e+01
8.769432e+01	-1.683696e+01
8.820084e+01	-1.688694e+01
8.871029e+01	-1.693469e+01
8.922267e+01	-1.698452e+01
8.973802e+01	-1.703355e+01
9.025634e+01	-1.708146e+01
9.077766e+01	-1.713113e+01
9.130199e+01	-1.717990e+01
9.182935e+01	-1.722920e+01
9.235975e+01	-1.727827e+01
9.289321e+01	-1.732804e+01
9.342976e+01	-1.737703e+01
9.396941e+01	-1.742612e+01
9.451217e+01	-1.747462e+01
9.505807e+01	-1.752479e+01
9.560712e+01	-1.757325e+01
9.615934e+01	-1.762288e+01
9.671476e+01	-1.767218e+01
9.727338e+01	-1.772107e+01
9.783522e+01	-1.777034e+01
9.840032e+01	-1.781841e+01
9.896867e+01	-1.786977e+01
9.954031e+01	-1.791799e+01
1.001153e+02	-1.796661e+01
1.006935e+02	-1.801680e+01
1.012751e+02	-1.806524e+01
1.018601e+02	-1.811569e+01
1.024484e+02	-1.816471e+01
1.030402e+02	-1.821256e+01
1.036353e+02	-1.826208e+01
1.042339e+02	-1.831067e+01
1.048360e+02	-1.835961e+01
1.054415e+02	-1.840921e+01
1.060505e+02	-1.845791e+01
1.066631e+02	-1.850849e+01
1.072791e+02	-1.855711e+01
1.078988e+02	-1.860615e+01
1.085220e+02	-1.865710e+01
1.091488e+02	-1.870600e+01
1.097793e+02	-1.875612e+01
1.104133e+02	-1.880422e+01
1.110511e+02	-1.885497e+01
1.116925e+02	-1.890451e+01
1.123376e+02	-1.895143e+01
1.129865e+02	-1.900405e+01
1.136391e+02	-1.905223e+01
1.142955e+02	-1.910135e+01
1.149556e+02	-1.914983e+01
1.156196e+02	-1.920109e+01
1.162874e+02	-1.924899e+01
1.169591e+02	-1.930072e+01
1.176347e+02	-1.934811e+01
1.183141e+02	-1.939881e+01
1.189975e+02	-1.944588e+01
1.196848e+02	-1.949692e+01
1.203761e+02	-1.954685e+01
1.210714e+02	-1.959536e+01
1.217707e+02	-1.964486e+01
1.224740e+02	-1.969662e+01
1.231814e+02	-1.974323e+01
1.238929e+02	-1.979374e+01
1.246085e+02	-1.984475e+01
1.253283e+02	-1.989281e+01
1.260522e+02	-1.994279e+01
1.267802e+02	-1.999103e+01
1.275125e+02	-2.004170e+01
1.282490e+02	-2.008995e+01
1.289898e+02	-2.014360e+01
1.297348e+02	-2.019016e+01
1.304842e+02	-2.023994e+01
1.312378e+02	-2.028929e+01
1.319959e+02	-2.033924e+01
1.327583e+02	-2.038989e+01
1.335251e+02	-2.043827e+01
1.342963e+02	-2.048808e+01
1.350720e+02	-2.053850e+01
1.358522e+02	-2.058608e+01
1.366368e+02	-2.063679e+01
1.374260e+02	-2.068734e+01
1.382198e+02	-2.073768e+01
1.390182e+02	-2.078610e+01
1.398211e+02	-2.083563e+01
1.406287e+02	-2.088398e+01
1.414410e+02	-2.093462e+01
1.422579e+02	-2.098372e+01
1.430796e+02	-2.103243e+01
1.439060e+02	-2.108290e+01
1.447372e+02	-2.113211e+01
1.455732e+02	-2.118244e+01
1.464141e+02	-2.123211e+01
1.472597e+02	-2.128115e+01
1.481103e+02	-2.133136e+01
1.489658e+02	-2.138128e+01
1.498262e+02	-2.143024e+01
1.506916e+02	-2.148015e+01
1.515620e+02	-2.153177e+01
1.524374e+02	-2.158178e+01
1.533179e+02	-2.163048e+01
1.542034e+02	-2.167897e+01
1.550941e+02	-2.172923e+01
1.559899e+02	-2.177844e+01
1.568909e+02	-2.182950e+01
1.577971e+02	-2.188002e+01
1.587085e+02	-2.192752e+01
1.596252e+02	-2.197704e+01
1.605472e+02	-2.202858e+01
1.614745e+02	-2.207570e+01
1.624072e+02	-2.212705e+01
1.633453e+02	-2.217670e+01
1.642887e+02	-2.222622e+01
1.652377e+02	-2.227773e+01
1.661921e+02	-2.232502e+01
1.671520e+02	-2.237699e+01
1.681175e+02	-2.242606e+01
1.690885e+02	-2.247728e+01
1.700651e+02	-2.252374e+01
1.710474e+02	-2.257530e+01
1.720354e+02	-2.262274e+01
1.730291e+02	-2.267391e+01
1.740285e+02	-2.272465e+01
1.750337e+02	-2.277428e+01
1.760446e+02	-2.282441e+01
1.770615e+02	-2.287178e+01
1.780842e+02	-2.292086e+01
1.791128e+02	-2.297282e+01
1.801473e+02	-2.302257e+01
1.811878e+02	-2.307229e+01
1.822344e+02	-2.312263e+01
1.832870e+02	-2.317104e+01
1.843456e+02	-2.321949e+01
1.854104e+02	-2.327231e+01
1.864813e+02	-2.332121e+01
1.875584e+02	-2.337105e+01
1.886418e+02	-2.342230e+01
1.897313e+02	-2.346914e+01
1.908272e+02	-2.351968e+01
1.919294e+02	-2.356774e+01
1.930380e+02	-2.362079e+01
1.941530e+02	-2.367023e+01
1.952744e+02	-2.372088e+01
1.964023e+02	-2.376806e+01
1.975367e+02	-2.381905e+01
1.986777e+02	-2.386941e+01
1.998252e+02	-2.391814e+01
2.009794e+02	-2.396994e+01
2.021403e+02	-2.401994e+01
2.033078e+02	-2.406945e+01
2.044821e+02	-2.412041e+01
2.056632e+02	-2.416739e+01
2.068511e+02	-2.421711e+01
2.080459e+02	-2.426820e+01
2.092475e+02	-2.431749e+01
2.104561e+02	-2.436955e+01
2.116717e+02	-2.441796e+01
2.128943e+02	-2.446658e+01
2.141240e+02	-2.451370e+01
2.153608e+02	-2.456908e+01
2.166047e+02	-2.461707e+01
2.178558e+02	-2.466624e+01
2.191141e+02	-2.471784e+01
2.203797e+02	-2.476867e+01
2.216526e+02	-2.481651e+01
2.229329e+02	-2.486719e+01
2.242205e+02	-2.491728e+01
2.255156e+02	-2.496659e+01
2.268182e+02	-2.502029e+01
2.281283e+02	-2.506510e+01
2.294459e+02	-2.511850e+01
2.307712e+02	-2.516752e+01
2.321041e+02	-2.521849e+01
2.334447e+02	-2.526829e+01
2.347931e+02	-2.532135e+01
2.361493e+02	-2.536728e+01
2.375133e+02	-2.541588e+01
2.388851e+02	-2.546746e+01
2.402649e+02	-2.551607e+01
2.416527e+02	-2.556589e+01
2.430484e+02	-2.561702e+01
2.444523e+02	-2.566455e+01
2.458642e+02	-2.571893e+01
2.472843e+02	-2.576415e+01
2.487126e+02	-2.581737e+01
2.501492e+02	-2.586690e+01
2.515940e+02	-2.591382e+01
2.530472e+02	-2.596222e+01
2.545088e+02	-2.601443e+01
2.559789e+02	-2.606556e+01
2.574574e+02	-2.611640e+01
2.589444e+02	-2.616845e+01
2.604401e+02	-2.621541e+01
2.619444e+02	-2.626439e+01
2.634574e+02	-2.631640e+01
2.649791e+02	-2.636608e+01
2.665096e+02	-2.641266e+01
2.680489e+02	-2.646728e+01
2.695972e+02	-2.651524e+01
2.711544e+02	-2.656633e+01
2.727205e+02	-2.661818e+01
2.742958e+02	-2.666528e+01
2.758801e+02	-2.671581e+01
2.774736e+02	-2.676634e+01
2.790762e+02	-2.681444e+01
2.806882e+02	-2.686924e+01
2.823094e+02	-2.691349e+01
2.839400e+02	-2.695990e+01
2.855800e+02	-2.701592e+01
2.872295e+02	-2.706319e+01
2.888886e+02	-2.711135e+01
2.905572e+02	-2.716750e+01
2.922354e+02	-2.721603e+01
2.939234e+02	-2.726300e+01
2.956211e+02	-2.731513e+01
2.973286e+02	-2.736331e+01
2.990459e+02	-2.741163e+01
3.007732e+02	-2.746202e+01
3.025104e+02	-2.751401e+01
3.042577e+02	-2.756169e+01
3.060151e+02	-2.761202e+01
3.077826e+02	-2.766906e+01
3.095604e+02	-2.771311e+01
3.113484e+02	-2.776324e+01
3.131467e+02	-2.781581e+01
3.149554e+02	-2.785997e+01
3.167746e+02	-2.791486e+01
3.186043e+02	-2.796333e+01
3.204445e+02	-2.801426e+01
3.222954e+02	-2.806458e+01
3.241570e+02	-2.811305e+01
3.260293e+02	-2.816334e+01
3.279124e+02	-2.821453e+01
3.298064e+02	-2.826369e+01
3.317114e+02	-2.831354e+01
3.336273e+02	-2.836522e+01
3.355544e+02	-2.841869e+01
3.374925e+02	-2.846055e+01
3.394418e+02	-2.851368e+01
3.414024e+02	-2.856677e+01
3.433744e+02	-2.861814e+01
3.453577e+02	-2.866429e+01
3.473525e+02	-2.871488e+01
3.493588e+02	-2.876470e+01
3.513766e+02	-2.881577e+01
3.534062e+02	-2.886717e+01
3.554474e+02	-2.891308e+01
3.575005e+02	-2.896912e+01
3.595654e+02	-2.901631e+01
3.616422e+02	-2.906570e+01
3.637311e+02	-2.911974e+01
3.658320e+02	-2.916598e+01
3.679450e+02	-2.922127e+01
3.700702e+02	-2.926510e+01
3.722077e+02	-2.931521e+01
3.743576e+02	-2.936813e+01
3.765199e+02	-2.942125e+01
3.786946e+02	-2.946373e+01
3.808820e+02	-2.951258e+01
3.830819e+02	-2.956280e+01
3.852946e+02	-2.961723e+01
3.875200e+02	-2.966692e+01
3.897583e+02	-2.971360e+01
3.920096e+02	-2.976468e+01
3.942738e+02	-2.981589e+01
3.965511e+02	-2.986691e+01
3.988416e+02	-2.991654e+01
4.011452e+02	-2.996090e+01
4.034622e+02	-3.001611e+01
4.057926e+02	-3.006868e+01
4.081365e+02	-3.011631e+01
4.104938e+02	-3.016211e+01
4.128648e+02	-3.021520e+01
4.152495e+02	-3.026815e+01
4.176480e+02	-3.031933e+01
4.200603e+02	-3.037006e+01
4.224866e+02	-3.041830e+01
4.249268e+02	-3.046857e+01
4.273812e+02	-3.051481e+01
4.298497e+02	-3.056981e+01
4.323325e+02	-3.061310e+01
4.348297e+02	-3.066668e+01
4.373412e+02	-3.072409e+01
4.398673e+02	-3.076921e+01
4.424079e+02	-3.081951e+01
4.449633e+02	-3.087318e+01
4.475334e+02	-3.092076e+01
4.501183e+02	-3.096813e+01
4.527182e+02	-3.102151e+01
4.553330e+02	-3.106668e+01
4.579630e+02	-3.112185e+01
4.606082e+02	-3.116874e+01
4.632687e+02	-3.122567e+01
4.659445e+02	-3.126615e+01
4.686358e+02	-3.132488e+01
4.713426e+02	-3.136612e+01
4.740650e+02	-3.142324e+01
4.768032e+02	-3.146993e+01
4.795572e+02	-3.152234e+01
4.823271e+02	-3.156898e+01
4.851130e+02	-3.162400e+01
4.879150e+02	-3.167018e+01
4.907332e+02	-3.172119e+01
4.935676e+02	-3.177494e+01
4.964185e+02	-3.182225e+01
4.992858e+02	-3.187117e+01
5.021696e+02	-3.192474e+01
5.050701e+02	-3.197648e+01
5.079874e+02	-3.201921e+01
5.109215e+02	-3.207397e+01
5.138726e+02	-3.212325e+01
5.168407e+02	-3.217381e+01
5.198259e+02	-3.221868e+01
5.228284e+02	-3.227755e+01
5.258482e+02	-3.232684e+01
5.288855e+02	-3.237022e+01
5.319403e+02	-3.242203e+01
5.350128e+02	-3.247069e+01
5.381030e+02	-3.252489e+01
5.412111e+02	-3.257085e+01
5.443371e+02	-3.262372e+01
5.474812e+02	-3.267851e+01
5.506434e+02	-3.272505e+01
5.538239e+02	-3.277698e+01
5.570228e+02	-3.282821e+01
5.602401e+02	-3.286749e+01
5.634760e+02	-3.292961e+01
5.667306e+02	-3.297883e+01
5.700040e+02	-3.302054e+01
5.732964e+02	-3.307600e+01
5.766077e+02	-3.313139e+01
5.799382e+02	-3.317584e+01
5.832879e+02	-3.323018e+01
5.866569e+02	-3.327287e+01
5.900454e+02	-3.332742e+01
5.934535e+02	-3.337484e+01
5.968813e+02	-3.342902e+01
6.003288e+02	-3.347915e+01
6.037963e+02	-3.352851e+01
6.072838e+02	-3.358246e+01
6.107914e+02	-3.362986e+01
6.143194e+02	-3.368199e+01
6.178676e+02	-3.373079e+01
6.214364e+02	-3.378407e+01
6.250258e+02	-3.383260e+01
6.286359e+02	-3.388276e+01
6.322669e+02	-3.392764e+01
6.359189e+02	-3.398576e+01
6.395919e+02	-3.403599e+01
6.432862e+02	-3.408078e+01
6.470017e+02	-3.413501e+01
6.507388e+02	-3.418493e+01
6.544974e+02	-3.424151e+01
6.582778e+02	-3.428208e+01
6.620800e+02	-3.432939e+01
6.659041e+02	-3.438547e+01
6.697504e+02	-3.443398e+01
6.736188e+02	-3.448791e+01
6.775096e+02	-3.454043e+01
6.814229e+02	-3.458062e+01
6.853587e+02	-3.463448e+01
6.893173e+02	-3.469508e+01
6.932988e+02	-3.473716e+01
6.973033e+02	-3.478968e+01
7.013309e+02	-3.483730e+01
7.053817e+02	-3.488183e+01
7.094560e+02	-3.494015e+01
7.135538e+02	-3.498983e+01
7.176752e+02	-3.503833e+01
7.218205e+02	-3.509564e+01
7.259897e+02	-3.514439e+01
7.301830e+02	-3.519811e+01
7.344005e+02	-3.523373e+01
7.386424e+02	-3.529966e+01
7.429087e+02	-3.534302e+01
7.471998e+02	-3.538439e+01
7.515155e+02	-3.544244e+01
7.558563e+02	-3.549115e+01
7.602221e+02	-3.553575e+01
7.646131e+02	-3.559509e+01
7.690295e+02	-3.564057e+01
7.734713e+02	-3.568935e+01
7.779389e+02	-3.574919e+01
7.824322e+02	-3.579804e+01
7.869515e+02	-3.584334e+01
7.914969e+02	-3.589608e+01
7.960686e+02	-3.594747e+01
8.006666e+02	-3.599790e+01
8.052912e+02	-3.604725e+01
8.099426e+02	-3.609540e+01
8.146208e+02	-3.615471e+01
8.193260e+02	-3.620665e+01
8.240584e+02	-3.625702e+01
8.288181e+02	-3.630899e+01
8.336053e+02	-3.634652e+01
8.384202e+02	-3.640954e+01
8.432629e+02	-3.645708e+01
8.481335e+02	-3.649434e+01
8.530323e+02	-3.654766e+01
8.579594e+02	-3.660021e+01
8.629149e+02	-3.665182e+01
8.678991e+02	-3.670002e+01
8.729120e+02	-3.675362e+01
8.779539e+02	-3.680509e+01
8.830250e+02	-3.686444e+01
8.881253e+02	-3.690084e+01
8.932551e+02	-3.695342e+01
8.984145e+02	-3.701419e+01
9.036037e+02	-3.706339e+01
9.088229e+02	-3.711070e+01
9.140722e+02	-3.715955e+01
9.193518e+02	-3.721544e+01
9.246620e+02	-3.726451e+01
9.300028e+02	-3.732486e+01
9.353744e+02	-3.736048e+01
9.407771e+02	-3.739884e+01
9.462110e+02	-3.746432e+01
9.516763e+02	-3.751033e+01
9.571731e+02	-3.757556e+01
9.627017e+02	-3.761479e+01
9.682622e+02	-3.766653e+01
9.738549e+02	-3.771568e+01
9.794798e+02	-3.776440e+01
9.851373e+02	-3.781262e+01
9.908274e+02	-3.786297e+01
9.965504e+02	-3.791782e+01
1.002306e+03	-3.797489e+01
1.008096e+03	-3.803281e+01
1.013918e+03	-3.807400e+01
1.019775e+03	-3.811921e+01
1.025665e+03	-3.816259e+01
1.031589e+03	-3.821190e+01
1.037548e+03	-3.827537e+01
1.043540e+03	-3.833135e+01
1.049568e+03	-3.839865e+01
1.055630e+03	-3.842847e+01
1.061727e+03	-3.847832e+01
1.067860e+03	-3.852517e+01
1.074028e+03	-3.859598e+01
1.080231e+03	-3.863058e+01
1.086471e+03	-3.868607e+01
1.092746e+03	-3.873558e+01
1.099058e+03	-3.879298e+01
1.105406e+03	-3.884403e+01
1.111791e+03	-3.888877e+01
1.118212e+03	-3.894252e+01
1.124671e+03	-3.898409e+01
1.131167e+03	-3.903207e+01
1.137701e+03	-3.908990e+01
1.144272e+03	-3.914176e+01
1.150881e+03	-3.919429e+01
1.157529e+03	-3.924426e+01
1.164215e+03	-3.929616e+01
1.170939e+03	-3.934809e+01
1.177702e+03	-3.940297e+01
1.184505e+03	-3.944887e+01
1.191346e+03	-3.950237e+01
1.198227e+03	-3.955689e+01
1.205148e+03	-3.959971e+01
1.212109e+03	-3.966426e+01
1.219110e+03	-3.972175e+01
1.226152e+03	-3.976473e+01
1.233234e+03	-3.980927e+01
1.240357e+03	-3.988422e+01
1.247521e+03	-3.990623e+01
1.254727e+03	-3.995440e+01
1.261974e+03	-4.000927e+01
1.269263e+03	-4.006467e+01
1.276595e+03	-4.010469e+01
1.283968e+03	-4.015084e+01
1.291384e+03	-4.021202e+01
1.298843e+03	-4.027164e+01
1.306345e+03	-4.032915e+01
1.313891e+03	-4.036428e+01
1.321480e+03	-4.042668e+01
1.329113e+03	-4.048033e+01
1.336790e+03	-4.053069e+01
1.344511e+03	-4.057998e+01
1.352277e+03	-4.062194e+01
1.360087e+03	-4.068697e+01
1.367943e+03	-4.070626e+01
1.375844e+03	-4.077355e+01
1.383791e+03	-4.082419e+01
1.391784e+03	-4.087304e+01
1.399823e+03	-4.093736e+01
1.407908e+03	-4.097253e+01
1.416040e+03	-4.104213e+01
1.424219e+03	-4.109896e+01
1.432445e+03	-4.115356e+01
1.440719e+03	-4.118257e+01
1.449041e+03	-4.123775e+01
1.457410e+03	-4.130999e+01
1.465828e+03	-4.133559e+01
1.474295e+03	-4.140864e+01
1.482810e+03	-4.144843e+01
1.491375e+03	-4.150588e+01
1.499989e+03	-4.155926e+01
1.508653e+03	-4.159849e+01
1.517367e+03	-4.166026e+01
1.526131e+03	-4.171908e+01
1.534946e+03	-4.176166e+01
1.543812e+03	-4.181876e+01
1.552729e+03	-4.187639e+01
1.561697e+03	-4.191012e+01
1.570717e+03	-4.196218e+01
1.579790e+03	-4.201797e+01
1.588915e+03	-4.207873e+01
1.598092e+03	-4.214195e+01
1.607323e+03	-4.214991e+01
1.616606e+03	-4.223452e+01
1.625944e+03	-4.225657e+01
1.635335e+03	-4.232608e+01
1.644781e+03	-4.238589e+01
1.654281e+03	-4.243104e+01
1.663836e+03	-4.247909e+01
1.673446e+03	-4.254064e+01
1.683112e+03	-4.258450e+01
1.692834e+03	-4.263720e+01
1.702611e+03	-4.268038e+01
1.712446e+03	-4.276335e+01
1.722337e+03	-4.278286e+01
1.732285e+03	-4.285421e+01
1.742290e+03	-4.290557e+01
1.752354e+03	-4.294625e+01
1.762475e+03	-4.301795e+01
1.772655e+03	-4.304789e+01
1.782894e+03	-4.311577e+01
1.793192e+03	-4.315697e+01
1.803549e+03	-4.323894e+01
1.813967e+03	-4.325531e+01
1.824444e+03	-4.333698e+01
1.834982e+03	-4.336701e+01
1.845581e+03	-4.342489e+01
1.856241e+03	-4.350257e+01
1.866962e+03	-4.352067e+01
1.877746e+03	-4.361325e+01
1.888592e+03	-4.364164e+01
1.899500e+03	-4.366168e+01
1.910472e+03	-4.374764e+01
1.921506e+03	-4.380457e+01
1.932605e+03	-4.386912e+01
1.943768e+03	-4.388810e+01
1.954995e+03	-4.394977e+01
1.966287e+03	-4.403017e+01
1.977644e+03	-4.408048e+01
1.989067e+03	-4.413219e+01
2.000555e+03	-4.416348e+01
2.012110e+03	-4.424564e+01
2.023732e+03	-4.427576e+01
2.035421e+03	-4.431027e+01
2.047178e+03	-4.437008e+01
2.059002e+03	-4.444100e+01
2.070895e+03	-4.448630e+01
2.082856e+03	-4.454064e+01
2.094887e+03	-4.458828e+01
2.106987e+03	-4.465606e+01
2.119157e+03	-4.468861e+01
2.131397e+03	-4.474652e+01
2.143708e+03	-4.482974e+01
2.156090e+03	-4.487083e+01
2.168543e+03	-4.488104e+01
2.181069e+03	-4.498259e+01
2.193666e+03	-4.504110e+01
2.206337e+03	-4.507477e+01
2.219081e+03	-4.510085e+01
2.231898e+03	-4.518537e+01
2.244789e+03	-4.526509e+01
2.257755e+03	-4.529052e+01
2.270796e+03	-4.534634e+01
2.283912e+03	-4.536818e+01
2.297104e+03	-4.547426e+01
2.310372e+03	-4.550391e+01
2.323716e+03	-4.556861e+01
2.337138e+03	-4.559893e+01
2.350637e+03	-4.568107e+01
2.364214e+03	-4.574255e+01
2.377870e+03	-4.577266e+01
2.391604e+03	-4.583847e+01
2.405418e+03	-4.587082e+01
2.419312e+03	-4.593341e+01
2.433286e+03	-4.598887e+01
2.447340e+03	-4.604559e+01
2.461476e+03	-4.607931e+01
2.475693e+03	-4.616870e+01
2.489993e+03	-4.623728e+01
2.504375e+03	-4.626799e+01
2.518840e+03	-4.631381e+01
2.533389e+03	-4.636969e+01
2.548022e+03	-4.646396e+01
2.562739e+03	-4.650280e+01
2.577541e+03	-4.653932e+01
2.592429e+03	-4.660712e+01
2.607403e+03	-4.665186e+01
2.622463e+03	-4.669235e+01
2.637610e+03	-4.675243e+01
2.652845e+03	-4.680693e+01
2.668168e+03	-4.686580e+01
2.683579e+03	-4.691869e+01
2.699079e+03	-4.696205e+01
2.714669e+03	-4.705358e+01
2.730349e+03	-4.708946e+01
2.746119e+03	-4.713887e+01
2.761981e+03	-4.720669e+01
2.777934e+03	-4.728446e+01
2.793979e+03	-4.733421e+01
2.810117e+03	-4.737603e+01
2.826348e+03	-4.746815e+01
2.842673e+03	-4.752597e+01
2.859092e+03	-4.750309e+01
2.875606e+03	-4.759513e+01
2.892215e+03	-4.765904e+01
2.908921e+03	-4.770114e+01
2.925722e+03	-4.778602e+01
2.942621e+03	-4.785368e+01
2.959618e+03	-4.790679e+01
2.976712e+03	-4.794135e+01
2.993906e+03	-4.797780e+01
3.011198e+03	-4.805902e+01
3.028591e+03	-4.807247e+01
3.046084e+03	-4.814954e+01
3.063678e+03	-4.822349e+01
3.081374e+03	-4.827827e+01
3.099172e+03	-4.833267e+01
3.117072e+03	-4.836326e+01
3.135076e+03	-4.845586e+01
3.153184e+03	-4.848151e+01
3.171397e+03	-4.856401e+01
3.189715e+03	-4.859999e+01
3.208139e+03	-4.870840e+01
3.226669e+03	-4.873893e+01
3.245306e+03	-4.879176e+01
3.264051e+03	-4.887652e+01
3.282904e+03	-4.887681e+01
3.301866e+03	-4.897958e+01
3.320937e+03	-4.904570e+01
3.340119e+03	-4.910266e+01
3.359411e+03	-4.919477e+01
3.378815e+03	-4.922376e+01
3.398331e+03	-4.927171e+01
3.417959e+03	-4.935770e+01
3.437701e+03	-4.940780e+01
3.457557e+03	-4.946448e+01
3.477528e+03	-4.950782e+01
3.497614e+03	-4.955335e+01
3.517816e+03	-4.961342e+01
3.538135e+03	-4.966137e+01
3.558571e+03	-4.977057e+01
3.579125e+03	-4.978738e+01
3.599798e+03	-4.988995e+01
3.620590e+03	-4.992406e+01
3.641503e+03	-4.999615e+01
3.662536e+03	-5.008564e+01
3.683691e+03	-5.009595e+01
3.704967e+03	-5.021215e+01
3.726367e+03	-5.027675e+01
3.747890e+03	-5.032481e+01
3.769538e+03	-5.034807e+01
3.791311e+03	-5.044786e+01
3.813209e+03	-5.048645e+01
3.835234e+03	-5.053493e+01
3.857386e+03	-5.060350e+01
3.879667e+03	-5.070090e+01
3.902075e+03	-5.077210e+01
3.924614e+03	-5.077127e+01
3.947282e+03	-5.088545e+01
3.970081e+03	-5.092473e+01
3.993012e+03	-5.098346e+01
4.016076e+03	-5.100567e+01
4.039272e+03	-5.112217e+01
4.062603e+03	-5.119721e+01
4.086069e+03	-5.126140e+01
4.109670e+03	-5.128040e+01
4.133407e+03	-5.136499e+01
4.157281e+03	-5.139039e+01
4.181294e+03	-5.152490e+01
4.205445e+03	-5.158164e+01
4.229735e+03	-5.164664e+01
4.254166e+03	-5.169521e+01
4.278738e+03	-5.174209e+01
4.303451e+03	-5.177404e+01
4.328308e+03	-5.185134e+01
4.353308e+03	-5.196285e+01
4.378453e+03	-5.203760e+01
4.403742e+03	-5.210096e+01
4.429178e+03	-5.213165e+01
4.454761e+03	-5.225736e+01
4.480492e+03	-5.228050e+01
4.506371e+03	-5.236222e+01
4.532399e+03	-5.242711e+01
4.558578e+03	-5.250662e+01
4.584908e+03	-5.255609e+01
4.611391e+03	-5.265617e+01
4.638026e+03	-5.271730e+01
4.664815e+03	-5.282701e+01
4.691759e+03	-5.278263e+01
4.718858e+03	-5.291324e+01
4.746114e+03	-5.297923e+01
4.773527e+03	-5.303751e+01
4.801099e+03	-5.306208e+01
4.828830e+03	-5.320714e+01
4.856721e+03	-5.321897e+01
4.884773e+03	-5.325388e+01
4.912988e+03	-5.344156e+01
4.941365e+03	-5.350168e+01
4.969906e+03	-5.353051e+01
4.998612e+03	-5.354165e+01
5.027484e+03	-5.374159e+01
5.056522e+03	-5.378087e+01
5.085729e+03	-5.381664e+01
5.115104e+03	-5.387651e+01
5.144648e+03	-5.390517e+01
5.174363e+03	-5.395336e+01
5.204250e+03	-5.409601e+01
5.234310e+03	-5.411049e+01
5.264543e+03	-5.423813e+01
5.294951e+03	-5.438859e+01
5.325534e+03	-5.441057e+01
5.356294e+03	-5.450238e+01
5.387232e+03	-5.456368e+01
5.418348e+03	-5.465627e+01
5.449645e+03	-5.483389e+01
5.481122e+03	-5.483388e+01
5.512780e+03	-5.489313e+01
5.544622e+03	-5.493466e+01
5.576647e+03	-5.509911e+01
5.608858e+03	-5.507500e+01
5.641254e+03	-5.528586e+01
5.673838e+03	-5.523776e+01
5.706610e+03	-5.535132e+01
5.739571e+03	-5.545621e+01
5.772723e+03	-5.553063e+01
5.806066e+03	-5.569438e+01
5.839601e+03	-5.560323e+01
5.873331e+03	-5.573643e+01
5.907255e+03	-5.585716e+01
5.941375e+03	-5.590485e+01
5.975692e+03	-5.607191e+01
6.010207e+03	-5.617583e+01
6.044922e+03	-5.615008e+01
6.079837e+03	-5.623134e+01
6.114954e+03	-5.639951e+01
6.150274e+03	-5.639064e+01
6.185797e+03	-5.657253e+01
6.221526e+03	-5.661972e+01
6.257462e+03	-5.680705e+01
6.293605e+03	-5.678250e+01
6.329956e+03	-5.683228e+01
6.366518e+03	-5.687537e+01
6.403290e+03	-5.697364e+01
6.440276e+03	-5.713902e+01
6.477474e+03	-5.723528e+01
6.514888e+03	-5.726579e+01
6.552518e+03	-5.736839e+01
6.590365e+03	-5.751683e+01
6.628430e+03	-5.756725e+01
6.666716e+03	-5.773239e+01
6.705223e+03	-5.780620e+01
6.743952e+03	-5.789689e+01
6.782905e+03	-5.793956e+01
6.822082e+03	-5.809398e+01
6.861486e+03	-5.824287e+01
6.901118e+03	-5.822352e+01
6.940979e+03	-5.839066e+01
6.981069e+03	-5.844448e+01
7.021392e+03	-5.854544e+01
7.061947e+03	-5.868149e+01
7.102737e+03	-5.878051e+01
7.143762e+03	-5.881111e+01
7.185024e+03	-5.892723e+01
7.226524e+03	-5.906103e+01
7.268264e+03	-5.910579e+01
7.310246e+03	-5.939390e+01
7.352469e+03	-5.943198e+01
7.394937e+03	-5.955277e+01
7.437650e+03	-5.957104e+01
7.480609e+03	-5.975278e+01
7.523817e+03	-5.966728e+01
7.567274e+03	-5.996668e+01
7.610982e+03	-6.007541e+01
7.654943e+03	-6.019116e+01
7.699158e+03	-6.028534e+01
7.743628e+03	-6.031813e+01
7.788355e+03	-6.042244e+01
7.833340e+03	-6.053459e+01
7.878585e+03	-6.076552e+01
7.924091e+03	-6.088720e+01
7.969861e+03	-6.089579e+01
8.015894e+03	-6.097919e+01
8.062194e+03	-6.129397e+01
8.108761e+03	-6.133724e+01
8.155596e+03	-6.143714e+01
8.202703e+03	-6.160637e+01
8.250081e+03	-6.162512e+01
8.297733e+03	-6.188103e+01
8.345661e+03	-6.194601e+01
8.393865e+03	-6.198291e+01
8.442348e+03	-6.215656e+01
8.491110e+03	-6.210403e+01
8.540155e+03	-6.229523e+01
8.589482e+03	-6.245699e+01
8.639095e+03	-6.241519e+01
8.688994e+03	-6.233809e+01
8.739181e+03	-6.263757e+01
8.789658e+03	-6.285796e+01
8.840427e+03	-6.289545e+01
8.891489e+03	-6.304250e+01
8.942846e+03	-6.294612e+01
8.994499e+03	-6.315828e+01
9.046451e+03	-6.315587e+01
9.098703e+03	-6.312085e+01
9.151257e+03	-6.316398e+01
9.204114e+03	-6.310631e+01
9.257277e+03	-6.299305e+01
9.310746e+03	-6.331671e+01
9.364525e+03	-6.277154e+01
9.418614e+03	-6.274480e+01
9.473015e+03	-6.246377e+01
9.527731e+03	-6.200332e+01
9.582763e+03	-6.190231e+01
9.638113e+03	-6.127247e+01
9.693782e+03	-6.092392e+01
9.749773e+03	-6.059666e+01
9.806087e+03	-6.066010e+01
9.862727e+03	-6.164037e+01
9.919693e+03	-6.345639e+01
9.976989e+03	-6.571644e+01
1.003462e+04	-6.907288e+01
1.009258e+04	-7.153005e+01
1.015087e+04	-7.456090e+01
1.020950e+04	-7.897434e+01
1.026847e+04	-8.872681e+01
1.032778e+04	-8.793215e+01
1.038743e+04	-9.665636e+01
1.044743e+04	-9.554017e+01
1.050777e+04	-9.524628e+01
1.056847e+04	-9.775247e+01
1.062951e+04	-9.481644e+01
1.069091e+04	-9.209963e+01
1.075266e+04	-1.003721e+02
1.081476e+04	-9.386277e+01
1.087723e+04	-8.907219e+01
1.094006e+04	-8.873507e+01
1.100324e+04	-9.023857e+01
1.106680e+04	-8.356495e+01
1.113072e+04	-8.429768e+01
1.119501e+04	-8.495872e+01
1.125967e+04	-8.141948e+01
1.132471e+04	-8.418105e+01
1.139012e+04	-8.209751e+01
1.145591e+04	-8.118171e+01
1.152208e+04	-7.996616e+01
1.158863e+04	-7.996573e+01
1.165556e+04	-7.917301e+01
1.172289e+04	-7.882181e+01
1.179060e+04	-7.671475e+01
1.185870e+04	-7.650495e+01
1.192719e+04	-7.627412e+01
1.199608e+04	-7.477032e+01
1.206537e+04	-7.464497e+01
1.213506e+04	-7.419149e+01
1.220515e+04	-7.367068e+01
1.227565e+04	-7.328326e+01
1.234655e+04	-7.241150e+01
1.241787e+04	-7.225488e+01
1.248959e+04	-7.104466e+01
1.256173e+04	-7.187828e+01
1.263429e+04	-7.111789e+01
1.270726e+04	-7.103951e+01
1.278066e+04	-7.059674e+01
1.285448e+04	-6.990157e+01
1.292873e+04	-7.004847e+01
1.300340e+04	-6.987201e+01
1.307851e+04	-6.951714e+01
1.315405e+04	-6.942910e+01
1.323003e+04	-6.869414e+01
1.330644e+04	-6.812901e+01
1.338330e+04	-6.812333e+01
1.346060e+04	-6.769512e+01
1.353835e+04	-6.810002e+01
1.361655e+04	-6.777787e+01
1.369520e+04	-6.729282e+01
1.377430e+04	-6.745478e+01
1.385386e+04	-6.660041e+01
1.393388e+04	-6.659160e+01
1.401436e+04	-6.617248e+01
1.409531e+04	-6.589438e+01
1.417672e+04	-6.569699e+01
1.425861e+04	-6.560408e+01
1.434096e+04	-6.535486e+01
1.442379e+04	-6.525420e+01
1.450711e+04	-6.514646e+01
1.459090e+04	-6.500544e+01
1.467518e+04	-6.454519e+01
1.475994e+04	-6.480357e+01
1.484519e+04	-6.447033e+01
1.493094e+04	-6.403681e+01
1.501718e+04	-6.387173e+01
1.510392e+04	-6.380646e+01
1.519116e+04	-6.332512e+01
1.527890e+04	-6.353834e+01
1.536715e+04	-6.314600e+01
1.545591e+04	-6.301969e+01
1.554518e+04	-6.286703e+01
1.563497e+04	-6.268864e+01
1.572528e+04	-6.257686e+01
1.581611e+04	-6.251633e+01
1.590746e+04	-6.236128e+01
1.599934e+04	-6.231168e+01
1.609175e+04	-6.204745e+01
1.618470e+04	-6.183047e+01
1.627818e+04	-6.168598e+01
1.637220e+04	-6.155037e+01
1.646677e+04	-6.114143e+01
1.656188e+04	-6.145719e+01
1.665754e+04	-6.108771e+01
1.675375e+04	-6.113492e+01
1.685052e+04	-6.089503e+01
1.694785e+04	-6.081624e+01
1.704574e+04	-6.057471e+01
1.714419e+04	-6.063279e+01
1.724322e+04	-6.028553e+01
1.734281e+04	-6.027473e+01
1.744299e+04	-6.026019e+01
1.754374e+04	-6.010076e+01
1.764507e+04	-5.983473e+01
1.774698e+04	-5.979756e+01
1.784949e+04	-5.968114e+01
1.795259e+04	-5.966829e+01
1.805628e+04	-5.934744e+01
1.816057e+04	-5.945181e+01
1.826547e+04	-5.941575e+01
1.837097e+04	-5.915245e+01
1.847708e+04	-5.887894e+01
1.858380e+04	-5.882771e+01
1.869114e+04	-5.870591e+01
1.879910e+04	-5.855532e+01
1.890768e+04	-5.862700e+01
1.901689e+04	-5.857095e+01
1.912673e+04	-5.851908e+01
1.923721e+04	-5.826316e+01
1.934832e+04	-5.820493e+01
1.946008e+04	-5.808784e+01
1.957248e+04	-5.805312e+01
1.968553e+04	-5.778998e+01
1.979923e+04	-5.778606e+01
1.991359e+04	-5.765583e+01
2.002861e+04	-5.749292e+01
2.014430e+04	-5.750914e+01
2.026065e+04	-5.743747e+01
2.037767e+04	-5.729016e+01
2.049537e+04	-5.720068e+01
2.061375e+04	-5.705964e+01
2.073282e+04	-5.700028e+01
2.085257e+04	-5.693084e+01
2.097301e+04	-5.680498e+01
2.109415e+04	-5.667849e+01
2.121599e+04	-5.671852e+01
2.133853e+04	-5.661515e+01
2.146178e+04	-5.644192e+01
2.158575e+04	-5.639947e+01
2.171043e+04	-5.637402e+01
2.183582e+04	-5.612493e+01
2.196195e+04	-5.602693e+01
2.208880e+04	-5.610927e+01
2.221638e+04	-5.592045e+01
2.234470e+04	-5.594283e+01
2.247377e+04	-5.577081e+01
2.260357e+04	-5.571340e+01
2.273413e+04	-5.563383e+01
2.286544e+04	-5.546007e+01
2.299751e+04	-5.542788e+01
2.313034e+04	-5.547102e+01
2.326394e+04	-5.533997e+01
2.339832e+04	-5.519162e+01
2.353346e+04	-5.507103e+01
2.366939e+04	-5.507540e+01
2.380610e+04	-5.502324e+01
2.394361e+04	-5.490735e+01
2.408191e+04	-5.479897e+01
2.422100e+04	-5.471170e+01
2.436090e+04	-5.461881e+01
2.450161e+04	-5.455411e+01
2.464313e+04	-5.450622e+01
2.478547e+04	-5.442734e+01
2.492863e+04	-5.437986e+01
2.507261e+04	-5.433306e+01
2.521743e+04	-5.418731e+01
2.536309e+04	-5.406675e+01
2.550958e+04	-5.401364e+01
2.565692e+04	-5.402891e+01
2.580512e+04	-5.386908e+01
2.595417e+04	-5.388296e+01
2.610408e+04	-5.373677e+01
2.625485e+04	-5.367806e+01
2.640650e+04	-5.358606e+01
2.655902e+04	-5.346336e+01
2.671243e+04	-5.346519e+01
2.686672e+04	-5.338541e+01
2.702190e+04	-5.336624e+01
2.717798e+04	-5.321134e+01
2.733495e+04	-5.322321e+01
2.749284e+04	-5.314330e+01
2.765164e+04	-5.299274e+01
2.781135e+04	-5.292898e+01
2.797199e+04	-5.289072e+01
2.813355e+04	-5.287909e+01
2.829605e+04	-5.276727e+01
2.845949e+04	-5.270195e+01
2.862387e+04	-5.259610e+01
2.878920e+04	-5.253840e+01
2.895549e+04	-5.250284e+01
2.912273e+04	-5.240590e+01
2.929094e+04	-5.233650e+01
2.946013e+04	-5.232659e+01
2.963029e+04	-5.220037e+01
2.980143e+04	-5.212833e+01
2.997356e+04	-5.207784e+01
3.014669e+04	-5.202244e+01
3.032081e+04	-5.190981e+01
3.049595e+04	-5.189673e+01
3.067209e+04	-5.178731e+01
3.084925e+04	-5.164553e+01
3.102743e+04	-5.168211e+01
3.120665e+04	-5.162568e+01
3.138690e+04	-5.158091e+01
3.156819e+04	-5.155069e+01
3.175052e+04	-5.147256e+01
3.193391e+04	-5.141853e+01
3.211836e+04	-5.128065e+01
3.230388e+04	-5.120369e+01
3.249046e+04	-5.122395e+01
3.267812e+04	-5.113942e+01
3.286687e+04	-5.107664e+01
3.305671e+04	-5.102096e+01
3.324764e+04	-5.092409e+01
3.343968e+04	-5.088309e+01
3.363283e+04	-5.081767e+01
3.382709e+04	-5.076871e+01
3.402247e+04	-5.062922e+01
3.421899e+04	-5.063169e+01
3.441663e+04	-5.052854e+01
3.461542e+04	-5.045477e+01
3.481536e+04	-5.046893e+01
3.501645e+04	-5.035666e+01
3.521871e+04	-5.032061e+01
3.542213e+04	-5.021721e+01
3.562672e+04	-5.017387e+01
3.583250e+04	-5.012174e+01
3.603947e+04	-5.003584e+01
3.624763e+04	-4.997386e+01
3.645700e+04	-4.989291e+01
3.666757e+04	-4.990074e+01
3.687936e+04	-4.983568e+01
3.709238e+04	-4.973930e+01
3.730662e+04	-4.969408e+01
3.752210e+04	-4.962831e+01
3.773883e+04	-4.951707e+01
3.795680e+04	-4.950575e+01
3.817604e+04	-4.944511e+01
3.839654e+04	-4.938365e+01
3.861832e+04	-4.932897e+01
3.884138e+04	-4.924089e+01
3.906573e+04	-4.921823e+01
3.929137e+04	-4.915873e+01
3.951831e+04	-4.907339e+01
3.974657e+04	-4.900558e+01
3.997614e+04	-4.894872e+01
4.020704e+04	-4.885595e+01
4.043928e+04	-4.883507e+01
4.067285e+04	-4.879745e+01
4.090778e+04	-4.871054e+01
4.114406e+04	-4.869404e+01
4.138171e+04	-4.860196e+01
4.162073e+04	-4.856494e+01
4.186113e+04	-4.850317e+01
4.210291e+04	-4.846827e+01
4.234610e+04	-4.840716e+01
4.259069e+04	-4.836282e+01
4.283669e+04	-4.828768e+01
4.308411e+04	-4.822852e+01
4.333297e+04	-4.815833e+01
4.358325e+04	-4.814740e+01
4.383499e+04	-4.807182e+01
4.408818e+04	-4.795855e+01
4.434283e+04	-4.790204e+01
4.459895e+04	-4.784959e+01
4.485655e+04	-4.782168e+01
4.511564e+04	-4.775680e+01
4.537623e+04	-4.769543e+01
4.563832e+04	-4.762410e+01
4.590193e+04	-4.757052e+01
4.616705e+04	-4.752360e+01
4.643371e+04	-4.747303e+01
4.670191e+04	-4.744371e+01
4.697166e+04	-4.736721e+01
4.724297e+04	-4.730275e+01
4.751584e+04	-4.722384e+01
4.779029e+04	-4.715542e+01
4.806633e+04	-4.715464e+01
4.834395e+04	-4.711567e+01
4.862319e+04	-4.699766e+01
4.890403e+04	-4.697022e+01
4.918650e+04	-4.693301e+01
4.947060e+04	-4.686697e+01
4.975634e+04	-4.680899e+01
5.004373e+04	-4.676156e+01
5.033278e+04	-4.668324e+01
5.062350e+04	-4.660372e+01
5.091590e+04	-4.656696e+01
5.120999e+04	-4.653996e+01
5.150578e+04	-4.650148e+01
5.180327e+04	-4.642199e+01
5.210248e+04	-4.636474e+01
5.240343e+04	-4.633139e+01
5.270611e+04	-4.628505e+01
5.301053e+04	-4.620014e+01
5.331672e+04	-4.616122e+01
5.362468e+04	-4.608959e+01
5.393441e+04	-4.603620e+01
5.424593e+04	-4.597598e+01
5.455926e+04	-4.593875e+01
5.487439e+04	-4.587192e+01
5.519134e+04	-4.583308e+01
5.551012e+04	-4.578260e+01
5.583075e+04	-4.569251e+01
5.615322e+04	-4.566350e+01
5.647756e+04	-4.559522e+01
5.680377e+04	-4.554320e+01
5.713187e+04	-4.549772e+01
5.746186e+04	-4.542716e+01
5.779376e+04	-4.538548e+01
5.812757e+04	-4.533436e+01
5.846332e+04	-4.529245e+01
5.880100e+04	-4.520996e+01
5.914063e+04	-4.517668e+01
5.948222e+04	-4.513524e+01
5.982579e+04	-4.502844e+01
6.017134e+04	-4.499804e+01
6.051889e+04	-4.497079e+01
6.086844e+04	-4.486481e+01
6.122002e+04	-4.489066e+01
6.157362e+04	-4.478199e+01
6.192927e+04	-4.477317e+01
6.228697e+04	-4.470706e+01
6.264674e+04	-4.464477e+01
6.300858e+04	-4.457852e+01
6.337252e+04	-4.452199e+01
6.373855e+04	-4.446531e+01
6.410670e+04	-4.445083e+01
6.447698e+04	-4.435878e+01
6.484940e+04	-4.433145e+01
6.522397e+04	-4.425706e+01
6.560070e+04	-4.418481e+01
6.597960e+04	-4.415798e+01
6.636070e+04	-4.410451e+01
6.674400e+04	-4.406821e+01
6.712951e+04	-4.399491e+01
6.751724e+04	-4.392651e+01
6.790722e+04	-4.390628e+01
6.829945e+04	-4.384603e+01
6.869395e+04	-4.376237e+01
6.909072e+04	-4.373418e+01
6.948978e+04	-4.369425e+01
6.989115e+04	-4.364261e+01
7.029484e+04	-4.355778e+01
7.070086e+04	-4.354065e+01
7.110923e+04	-4.346293e+01
7.151995e+04	-4.341023e+01
7.193305e+04	-4.335014e+01
7.234853e+04	-4.331290e+01
7.276641e+04	-4.324215e+01
7.318671e+04	-4.321956e+01
7.360943e+04	-4.316836e+01
7.403460e+04	-4.310992e+01
7.446222e+04	-4.307246e+01
7.489231e+04	-4.297406e+01
7.532488e+04	-4.294678e+01
7.575996e+04	-4.291414e+01
7.619754e+04	-4.281433e+01
7.663766e+04	-4.280215e+01
7.708031e+04	-4.273130e+01
7.752553e+04	-4.266596e+01
7.797331e+04	-4.264048e+01
7.842368e+04	-4.257312e+01
7.887665e+04	-4.252696e+01
7.933224e+04	-4.248613e+01
7.979046e+04	-4.243164e+01
8.025133e+04	-4.234845e+01
8.071486e+04	-4.231673e+01
8.118106e+04	-4.225032e+01
8.164996e+04	-4.221753e+01
8.212157e+04	-4.215976e+01
8.259590e+04	-4.209939e+01
8.307297e+04	-4.207181e+01
8.355279e+04	-4.199755e+01
8.403539e+04	-4.195023e+01
8.452078e+04	-4.192208e+01
8.500897e+04	-4.184950e+01
8.549997e+04	-4.178999e+01
8.599382e+04	-4.175048e+01
8.649052e+04	-4.167700e+01
8.699008e+04	-4.167495e+01
8.749253e+04	-4.158749e+01
8.799789e+04	-4.153059e+01
8.850616e+04	-4.146439e+01
8.901737e+04	-4.143870e+01
8.953153e+04	-4.136796e+01
9.004866e+04	-4.133745e+01
9.056877e+04	-4.129697e+01
9.109190e+04	-4.121959e+01
9.161804e+04	-4.117131e+01
9.214722e+04	-4.113275e+01
9.267946e+04	-4.107669e+01
9.321477e+04	-4.103164e+01
9.375318e+04	-4.095457e+01
9.429469e+04	-4.092769e+01
9.483933e+04	-4.085976e+01
9.538712e+04	-4.082772e+01
9.593807e+04	-4.077339e+01
9.649221e+04	-4.070222e+01
9.704954e+04	-4.067713e+01
9.761010e+04	-4.061104e+01
9.817389e+04	-4.055398e+01
9.874094e+04	-4.050048e+01
9.931126e+04	-4.046274e+01
9.988488e+04	-4.040967e+01
1.004618e+05	-4.034601e+01
1.010421e+05	-4.030146e+01
1.016257e+05	-4.025144e+01
1.022127e+05	-4.018945e+01
1.028031e+05	-4.015649e+01
1.033968e+05	-4.009563e+01
1.039941e+05	-4.004545e+01
1.045947e+05	-4.000212e+01
1.051989e+05	-3.993459e+01
1.058065e+05	-3.988720e+01
1.064176e+05	-3.984315e+01
1.070323e+05	-3.979730e+01
1.076505e+05	-3.974958e+01
1.082723e+05	-3.969632e+01
1.088977e+05	-3.965110e+01
1.095266e+05	-3.960654e+01
1.101593e+05	-3.953935e+01
1.107955e+05	-3.948217e+01
1.114355e+05	-3.942918e+01
1.120791e+05	-3.938888e+01
1.127265e+05	-3.933883e+01
1.133776e+05	-3.926085e+01
1.140325e+05	-3.922918e+01
1.146911e+05	-3.918061e+01
1.153536e+05	-3.912381e+01
1.160198e+05	-3.908943e+01
1.166900e+05	-3.902184e+01
1.173640e+05	-3.896807e+01
1.180419e+05	-3.891107e+01
1.187237e+05	-3.887839e+01
1.194094e+05	-3.883284e+01
1.200991e+05	-3.877370e+01
1.207928e+05	-3.871401e+01
1.214905e+05	-3.866531e+01
1.221922e+05	-3.864408e+01
1.228980e+05	-3.857094e+01
1.236078e+05	-3.851394e+01
1.243218e+05	-3.846095e+01
1.250399e+05	-3.841716e+01
1.257621e+05	-3.837381e+01
1.264885e+05	-3.832094e+01
1.272191e+05	-3.827630e+01
1.279539e+05	-3.821408e+01
1.286930e+05	-3.815289e+01
1.294363e+05	-3.813346e+01
1.301839e+05	-3.805322e+01
1.309358e+05	-3.800288e+01
1.316921e+05	-3.795725e+01
1.324528e+05	-3.791219e+01
1.332178e+05	-3.784221e+01
1.339873e+05	-3.780878e+01
1.347612e+05	-3.775463e+01
1.355395e+05	-3.770274e+01
1.363224e+05	-3.765522e+01
1.371098e+05	-3.761236e+01
1.379018e+05	-3.755812e+01
1.386983e+05	-3.750708e+01
1.394994e+05	-3.745497e+01
1.403051e+05	-3.740878e+01
1.411155e+05	-3.734848e+01
1.419306e+05	-3.730685e+01
1.427504e+05	-3.725050e+01
1.435749e+05	-3.720878e+01
1.444042e+05	-3.715557e+01
1.452383e+05	-3.709918e+01
1.460772e+05	-3.704343e+01
1.469209e+05	-3.700230e+01
1.477695e+05	-3.695169e+01
1.486230e+05	-3.689793e+01
1.494814e+05	-3.686456e+01
1.503448e+05	-3.679635e+01
1.512132e+05	-3.674035e+01
1.520866e+05	-3.668689e+01
1.529651e+05	-3.664546e+01
1.538486e+05	-3.660298e+01
1.547372e+05	-3.655615e+01
1.556310e+05	-3.649041e+01
1.565299e+05	-3.644415e+01
1.574340e+05	-3.639713e+01
1.583433e+05	-3.634846e+01
1.592579e+05	-3.629713e+01
1.601778e+05	-3.624204e+01
1.611030e+05	-3.618539e+01
1.620335e+05	-3.614941e+01
1.629694e+05	-3.608962e+01
1.639107e+05	-3.604666e+01
1.648574e+05	-3.598415e+01
1.658097e+05	-3.593672e+01
1.667674e+05	-3.588390e+01
1.677306e+05	-3.583542e+01
1.686994e+05	-3.577908e+01
1.696738e+05	-3.573553e+01
1.706538e+05	-3.568537e+01
1.716395e+05	-3.563467e+01
1.726309e+05	-3.557844e+01
1.736280e+05	-3.553711e+01
1.746309e+05	-3.548689e+01
1.756395e+05	-3.542965e+01
1.766540e+05	-3.538758e+01
1.776744e+05	-3.532874e+01
1.787006e+05	-3.528060e+01
1.797328e+05	-3.523530e+01
1.807709e+05	-3.519121e+01
1.818150e+05	-3.514043e+01
1.828652e+05	-3.509128e+01
1.839214e+05	-3.503253e+01
1.849837e+05	-3.498153e+01
1.860522e+05	-3.491701e+01
1.871268e+05	-3.488335e+01
1.882077e+05	-3.482982e+01
1.892948e+05	-3.478380e+01
1.903881e+05	-3.473099e+01
1.914878e+05	-3.468344e+01
1.925938e+05	-3.463408e+01
1.937062e+05	-3.458703e+01
1.948251e+05	-3.453014e+01
1.959504e+05	-3.447674e+01
1.970822e+05	-3.443167e+01
1.982205e+05	-3.438363e+01
1.993654e+05	-3.433285e+01
2.005169e+05	-3.428206e+01
2.016751e+05	-3.422553e+01
2.028400e+05	-3.417335e+01
2.040116e+05	-3.412212e+01
2.051899e+05	-3.407273e+01
2.063751e+05	-3.403074e+01
2.075671e+05	-3.397916e+01
2.087660e+05	-3.393256e+01
2.099719e+05	-3.387405e+01
2.111846e+05	-3.383300e+01
2.124044e+05	-3.377677e+01
2.136313e+05	-3.372305e+01
2.148652e+05	-3.368150e+01
2.161063e+05	-3.362476e+01
2.173545e+05	-3.357145e+01
2.186099e+05	-3.352398e+01
2.198726e+05	-3.348227e+01
2.211426e+05	-3.342581e+01
2.224199e+05	-3.337727e+01
2.237046e+05	-3.332767e+01
2.249967e+05	-3.327423e+01
2.262962e+05	-3.322149e+01
2.276033e+05	-3.317179e+01
2.289179e+05	-3.312519e+01
2.302402e+05	-3.306665e+01
2.315700e+05	-3.302092e+01
2.329076e+05	-3.296584e+01
2.342528e+05	-3.292030e+01
2.356059e+05	-3.287734e+01
2.369667e+05	-3.282005e+01
2.383354e+05	-3.277745e+01
2.397120e+05	-3.272367e+01
2.410966e+05	-3.267055e+01
2.424892e+05	-3.262630e+01
2.438898e+05	-3.256606e+01
2.452985e+05	-3.252122e+01
2.467153e+05	-3.247267e+01
2.481403e+05	-3.242584e+01
2.495736e+05	-3.237349e+01
2.510151e+05	-3.231934e+01
2.524650e+05	-3.227860e+01
2.539232e+05	-3.222968e+01
2.553898e+05	-3.217343e+01
2.568650e+05	-3.212017e+01
2.583486e+05	-3.207606e+01
2.598408e+05	-3.202364e+01
2.613416e+05	-3.197405e+01
2.628511e+05	-3.192363e+01
2.643694e+05	-3.186721e+01
2.658963e+05	-3.181861e+01
2.674321e+05	-3.176418e+01
2.689768e+05	-3.172409e+01
2.705304e+05	-3.168069e+01
2.720930e+05	-3.161896e+01
2.736646e+05	-3.157094e+01
2.752453e+05	-3.152635e+01
2.768351e+05	-3.147211e+01
2.784341e+05	-3.142094e+01
2.800423e+05	-3.137304e+01
2.816598e+05	-3.132575e+01
2.832867e+05	-3.127012e+01
2.849229e+05	-3.122577e+01
2.865686e+05	-3.117498e+01
2.882238e+05	-3.112748e+01
2.898886e+05	-3.107387e+01
2.915630e+05	-3.102066e+01
2.932470e+05	-3.097366e+01
2.949408e+05	-3.092133e+01
2.966444e+05	-3.086710e+01
2.983578e+05	-3.082604e+01
3.000811e+05	-3.077185e+01
3.018143e+05	-3.071966e+01
3.035576e+05	-3.066769e+01
3.053109e+05	-3.062067e+01
3.070744e+05	-3.057371e+01
3.088481e+05	-3.052513e+01
3.106320e+05	-3.047274e+01
3.124261e+05	-3.042232e+01
3.142307e+05	-3.037557e+01
3.160457e+05	-3.032477e+01
3.178712e+05	-3.027422e+01
3.197072e+05	-3.022120e+01
3.215538e+05	-3.017427e+01
3.234111e+05	-3.012386e+01
3.252791e+05	-3.007226e+01
3.271579e+05	-3.002292e+01
3.290475e+05	-2.997081e+01
3.309481e+05	-2.992340e+01
3.328596e+05	-2.987351e+01
3.347822e+05	-2.982183e+01
3.367159e+05	-2.977460e+01
3.386608e+05	-2.972471e+01
3.406169e+05	-2.967673e+01
3.425842e+05	-2.962068e+01
3.445630e+05	-2.957259e+01
3.465532e+05	-2.952109e+01
3.485549e+05	-2.947364e+01
3.505681e+05	-2.942667e+01
3.525930e+05	-2.937279e+01
3.546295e+05	-2.932540e+01
3.566778e+05	-2.927675e+01
3.587380e+05	-2.922345e+01
3.608101e+05	-2.918018e+01
3.628941e+05	-2.912851e+01
3.649901e+05	-2.907075e+01
3.670983e+05	-2.902560e+01
3.692187e+05	-2.897287e+01
3.713513e+05	-2.892242e+01
3.734962e+05	-2.887642e+01
3.756535e+05	-2.882975e+01
3.778232e+05	-2.878092e+01
3.800055e+05	-2.872837e+01
3.822004e+05	-2.867665e+01
3.844080e+05	-2.862821e+01
3.866283e+05	-2.857873e+01
3.888615e+05	-2.852781e+01
3.911075e+05	-2.847761e+01
3.933665e+05	-2.843001e+01
3.956386e+05	-2.838537e+01
3.979238e+05	-2.833021e+01
4.002222e+05	-2.827984e+01
4.025338e+05	-2.822759e+01
4.048589e+05	-2.818219e+01
4.071973e+05	-2.813081e+01
4.095493e+05	-2.808264e+01
4.119148e+05	-2.803205e+01
4.142940e+05	-2.798395e+01
4.166870e+05	-2.793301e+01
4.190937e+05	-2.788211e+01
4.215144e+05	-2.783308e+01
4.239490e+05	-2.778634e+01
4.263978e+05	-2.773100e+01
4.288606e+05	-2.768251e+01
4.313377e+05	-2.763191e+01
4.338291e+05	-2.758612e+01
4.363349e+05	-2.753395e+01
4.388551e+05	-2.748329e+01
4.413899e+05	-2.743446e+01
4.439394e+05	-2.738394e+01
4.465035e+05	-2.733684e+01
4.490825e+05	-2.728614e+01
4.516764e+05	-2.723547e+01
4.542853e+05	-2.718582e+01
4.569092e+05	-2.713726e+01
4.595483e+05	-2.708534e+01
4.622026e+05	-2.703799e+01
4.648723e+05	-2.699065e+01
4.675574e+05	-2.693827e+01
4.702580e+05	-2.688958e+01
4.729742e+05	-2.684026e+01
4.757060e+05	-2.679140e+01
4.784537e+05	-2.674107e+01
4.812172e+05	-2.668928e+01
4.839967e+05	-2.663862e+01
4.867923e+05	-2.659103e+01
4.896040e+05	-2.654143e+01
4.924319e+05	-2.649107e+01
4.952762e+05	-2.643851e+01
4.981369e+05	-2.639446e+01
5.010141e+05	-2.633908e+01
5.039079e+05	-2.628926e+01
5.068185e+05	-2.624183e+01
5.097458e+05	-2.619591e+01
5.126901e+05	-2.614439e+01
5.156514e+05	-2.609091e+01
5.186298e+05	-2.604472e+01
5.216253e+05	-2.599499e+01
5.246382e+05	-2.594271e+01
5.276685e+05	-2.589221e+01
5.307163e+05	-2.584788e+01
5.337817e+05	-2.579805e+01
5.368648e+05	-2.574624e+01
5.399657e+05	-2.569784e+01
5.430845e+05	-2.564888e+01
5.462214e+05	-2.559920e+01
5.493763e+05	-2.554968e+01
5.525495e+05	-2.550035e+01
5.557410e+05	-2.544826e+01
5.589509e+05	-2.540187e+01
5.621794e+05	-2.535095e+01
5.654265e+05	-2.530225e+01
5.686924e+05	-2.525180e+01
5.719772e+05	-2.520399e+01
5.752809e+05	-2.515376e+01
5.786037e+05	-2.510387e+01
5.819457e+05	-2.505530e+01
5.853070e+05	-2.500549e+01
5.886877e+05	-2.495535e+01
5.920879e+05	-2.490709e+01
5.955078e+05	-2.485814e+01
5.989474e+05	-2.480680e+01
6.024069e+05	-2.475857e+01
6.058864e+05	-2.470762e+01
6.093860e+05	-2.466004e+01
6.129058e+05	-2.461031e+01
6.164459e+05	-2.456071e+01
6.200064e+05	-2.451122e+01
6.235876e+05	-2.446183e+01
6.271894e+05	-2.441534e+01
6.308120e+05	-2.436218e+01
6.344555e+05	-2.431606e+01
6.381201e+05	-2.426245e+01
6.418059e+05	-2.421410e+01
6.455129e+05	-2.416596e+01
6.492414e+05	-2.411566e+01
6.529914e+05	-2.406725e+01
6.567630e+05	-2.401951e+01
6.605565e+05	-2.396849e+01
6.643718e+05	-2.392047e+01
6.682092e+05	-2.387045e+01
6.720688e+05	-2.382325e+01
6.759506e+05	-2.377304e+01
6.798549e+05	-2.372142e+01
6.837817e+05	-2.367451e+01
6.877312e+05	-2.362453e+01
6.917035e+05	-2.357508e+01
6.956987e+05	-2.352494e+01
6.997171e+05	-2.347796e+01
7.037586e+05	-2.342879e+01
7.078235e+05	-2.337702e+01
7.119118e+05	-2.333017e+01
7.160238e+05	-2.328089e+01
7.201595e+05	-2.323101e+01
7.243191e+05	-2.318180e+01
7.285028e+05	-2.313065e+01
7.327106e+05	-2.308381e+01
7.369427e+05	-2.303245e+01
7.411992e+05	-2.298694e+01
7.454804e+05	-2.293774e+01
7.497862e+05	-2.288768e+01
7.541170e+05	-2.283812e+01
7.584727e+05	-2.279087e+01
7.628536e+05	-2.274090e+01
7.672598e+05	-2.269022e+01
7.716915e+05	-2.264358e+01
7.761488e+05	-2.259280e+01
7.806318e+05	-2.254573e+01
7.851407e+05	-2.249713e+01
7.896756e+05	-2.244689e+01
7.942367e+05	-2.239897e+01
7.988242e+05	-2.234800e+01
8.034382e+05	-2.229953e+01
8.080788e+05	-2.224977e+01
8.127463e+05	-2.219967e+01
8.174406e+05	-2.215209e+01
8.221621e+05	-2.210228e+01
8.269109e+05	-2.205331e+01
8.316871e+05	-2.200477e+01
8.364909e+05	-2.195672e+01
8.413225e+05	-2.190760e+01
8.461819e+05	-2.185837e+01
8.510694e+05	-2.181054e+01
8.559852e+05	-2.176226e+01
8.609293e+05	-2.171215e+01
8.659020e+05	-2.166437e+01
8.709034e+05	-2.161607e+01
8.759337e+05	-2.156701e+01
8.809931e+05	-2.151891e+01
8.860816e+05	-2.146918e+01
8.911996e+05	-2.142034e+01
8.963471e+05	-2.137209e+01
9.015244e+05	-2.132274e+01
9.067316e+05	-2.127401e+01
9.119688e+05	-2.122419e+01
9.172363e+05	-2.117756e+01
9.225342e+05	-2.112799e+01
9.278628e+05	-2.108054e+01
9.332221e+05	-2.103257e+01
9.386123e+05	-2.098153e+01
9.440337e+05	-2.093598e+01
9.494864e+05	-2.088559e+01
9.549706e+05	-2.083604e+01
9.604865e+05	-2.078902e+01
9.660342e+05	-2.074047e+01
9.716140e+05	-2.069170e+01
9.772260e+05	-2.064273e+01
9.828704e+05	-2.059520e+01
9.885474e+05	-2.054622e+01
9.942572e+05	-2.049778e+01
1.000000e+06	-2.044841e+01
