Frequency(Hz)	Magnitude(dB)
1.000000e+01	8.561244e-04
1.005776e+01	-1.280072e-03
1.011585e+01	-1.043808e-02
1.017428e+01	-7.259210e-03
1.023305e+01	-4.970988e-03
1.029215e+01	-7.114907e-03
1.035160e+01	2.201266e-04
1.041139e+01	-8.727573e-04
1.047153e+01	-7.121177e-03
1.053201e+01	1.072064e-03
1.059284e+01	-1.497050e-03
1.065403e+01	2.091924e-03
1.071556e+01	-7.393903e-04
1.077746e+01	-1.657916e-03
1.083971e+01	-4.138892e-03
1.090232e+01	2.214792e-02
1.096529e+01	1.060663e-02
1.102862e+01	1.351279e-03
1.109232e+01	3.706094e-03
1.115639e+01	-2.707639e-03
1.122083e+01	2.977024e-03
1.128564e+01	-7.477554e-03
1.135083e+01	1.911192e-02
1.141639e+01	-4.077491e-04
1.148233e+01	-7.141952e-04
1.154865e+01	4.365597e-03
1.161536e+01	-1.253031e-02
1.168245e+01	-8.622992e-03
1.174992e+01	1.373369e-02
1.181779e+01	2.463857e-04
1.188605e+01	3.908264e-03
1.195470e+01	-1.032553e-02
1.202375e+01	7.034679e-03
1.209320e+01	-1.117532e-02
1.216305e+01	5.074783e-04
1.223330e+01	-3.896018e-03
1.230396e+01	-1.051104e-02
1.237503e+01	7.445161e-03
1.244651e+01	2.778815e-02
1.251840e+01	-6.716381e-03
1.259070e+01	-1.944970e-02
1.266343e+01	2.016307e-02
1.273657e+01	-3.454912e-03
1.281014e+01	-1.720415e-02
1.288413e+01	-3.015754e-03
1.295855e+01	1.753915e-02
1.303339e+01	9.498608e-03
1.310867e+01	4.434946e-03
1.318439e+01	1.042606e-02
1.326054e+01	1.072024e-02
1.333713e+01	-2.282672e-03
1.341417e+01	2.396199e-03
1.349165e+01	-2.195754e-02
1.356958e+01	-1.181287e-02
1.364795e+01	-9.076388e-03
1.372678e+01	-8.044206e-03
1.380607e+01	1.000815e-02
1.388581e+01	2.200618e-03
1.396602e+01	-1.581860e-02
1.404668e+01	-1.865648e-03
1.412782e+01	-2.447432e-03
1.420942e+01	2.128138e-02
1.429149e+01	-2.104205e-03
1.437404e+01	-3.736575e-03
1.445706e+01	3.887739e-04
1.454057e+01	-4.731590e-03
1.462455e+01	-1.397033e-03
1.470902e+01	-8.159012e-03
1.479398e+01	1.604990e-02
1.487943e+01	-1.887426e-02
1.496537e+01	6.511511e-03
1.505181e+01	-4.534523e-03
1.513875e+01	5.940041e-03
1.522619e+01	3.195789e-03
1.531414e+01	6.761915e-03
1.540259e+01	1.981618e-02
1.549156e+01	-1.043804e-02
1.558103e+01	1.301046e-02
1.567103e+01	-1.385917e-02
1.576155e+01	-1.446702e-02
1.585258e+01	-8.656836e-03
1.594415e+01	1.003822e-02
1.603624e+01	7.895266e-03
1.612886e+01	-2.149978e-03
1.622202e+01	-5.238447e-03
1.631572e+01	1.003705e-02
1.640996e+01	6.823688e-03
1.650474e+01	1.179742e-02
1.660008e+01	-1.016914e-02
1.669596e+01	-1.153365e-02
1.679239e+01	-2.076393e-02
1.688938e+01	5.013209e-03
1.698694e+01	-1.420860e-02
1.708505e+01	2.479439e-03
1.718373e+01	-1.411915e-03
1.728299e+01	-1.479361e-02
1.738281e+01	-1.207132e-02
1.748322e+01	4.379401e-03
1.758420e+01	-1.005946e-02
1.768576e+01	-1.698690e-03
1.778792e+01	2.796196e-03
1.789066e+01	1.856367e-02
1.799399e+01	-1.519996e-02
1.809793e+01	2.234282e-02
1.820246e+01	-5.860252e-03
1.830760e+01	6.755587e-03
1.841334e+01	1.323710e-03
1.851969e+01	-2.247771e-02
1.862666e+01	7.529329e-03
1.873425e+01	1.364981e-02
1.884246e+01	1.291241e-02
1.895129e+01	-1.726094e-03
1.906075e+01	2.080114e-03
1.917085e+01	-7.736644e-03
1.928158e+01	2.210651e-03
1.939295e+01	-1.431748e-02
1.950496e+01	6.738531e-03
1.961762e+01	9.954732e-03
1.973093e+01	-1.294714e-02
1.984490e+01	5.582120e-03
1.995952e+01	-5.923742e-03
2.007480e+01	-6.305817e-03
2.019076e+01	5.774306e-03
2.030738e+01	-7.847593e-03
2.042467e+01	1.672758e-02
2.054264e+01	-4.279822e-03
2.066130e+01	1.253847e-02
2.078064e+01	7.893277e-03
2.090066e+01	-7.215433e-03
2.102139e+01	-1.465698e-02
2.114280e+01	2.056114e-02
2.126492e+01	1.069526e-02
2.138775e+01	-8.547936e-03
2.151128e+01	-3.686587e-03
2.163553e+01	1.392678e-02
2.176050e+01	-1.532586e-02
2.188619e+01	-8.732131e-03
2.201260e+01	6.862026e-03
2.213974e+01	-2.075470e-02
2.226762e+01	-8.019282e-03
2.239624e+01	1.019509e-02
2.252560e+01	-3.882968e-03
2.265571e+01	-1.019348e-02
2.278656e+01	1.666278e-02
2.291818e+01	-5.342424e-03
2.305055e+01	-1.943401e-03
2.318369e+01	1.074902e-02
2.331760e+01	-1.909460e-02
2.345228e+01	7.244716e-03
2.358774e+01	5.525192e-03
2.372398e+01	-1.010658e-02
2.386101e+01	4.647029e-04
2.399883e+01	-6.143692e-03
2.413745e+01	-3.156096e-03
2.427686e+01	-1.525420e-02
2.441709e+01	-1.719418e-02
2.455812e+01	-3.691258e-03
2.469997e+01	-4.093953e-03
2.484263e+01	-9.429608e-03
2.498612e+01	7.833709e-03
2.513044e+01	-2.502480e-02
2.527559e+01	-6.383477e-04
2.542158e+01	-1.489393e-02
2.556842e+01	1.200300e-02
2.571610e+01	-1.135299e-02
2.586463e+01	2.860256e-03
2.601403e+01	-1.294102e-02
2.616428e+01	1.222300e-02
2.631541e+01	6.783218e-03
2.646740e+01	1.947988e-03
2.662028e+01	1.033925e-02
2.677404e+01	1.734617e-02
2.692868e+01	3.023445e-03
2.708422e+01	1.249224e-02
2.724066e+01	-7.384030e-03
2.739800e+01	4.986022e-03
2.755625e+01	2.871833e-03
2.771541e+01	5.240707e-03
2.787550e+01	-3.192834e-03
2.803650e+01	1.715381e-02
2.819844e+01	1.436339e-05
2.836131e+01	-4.620192e-03
2.852513e+01	-5.534752e-03
2.868989e+01	1.031642e-02
2.885560e+01	1.876776e-03
2.902227e+01	-3.448247e-03
2.918990e+01	1.260736e-02
2.935850e+01	-7.867042e-04
2.952807e+01	9.811584e-03
2.969863e+01	1.336587e-03
2.987016e+01	-1.188610e-03
3.004269e+01	1.242160e-02
3.021622e+01	-1.366554e-02
3.039075e+01	-1.975256e-03
3.056628e+01	6.908965e-04
3.074283e+01	-3.212954e-03
3.092040e+01	-2.517168e-03
3.109900e+01	2.904923e-03
3.127862e+01	-2.264432e-03
3.145929e+01	1.234590e-02
3.164099e+01	-1.009780e-02
3.182375e+01	-4.375642e-03
3.200756e+01	-2.482705e-03
3.219244e+01	1.945013e-02
3.237838e+01	-3.545225e-03
3.256540e+01	1.184542e-02
3.275349e+01	-1.610667e-03
3.294268e+01	5.840747e-04
3.313295e+01	-1.527631e-02
3.332433e+01	3.363591e-03
3.351681e+01	1.143463e-03
3.371040e+01	-2.283446e-03
3.390511e+01	-6.184304e-03
3.410094e+01	3.857999e-03
3.429791e+01	-9.911923e-03
3.449601e+01	1.058040e-02
3.469526e+01	-3.912410e-03
3.489566e+01	1.935018e-02
3.509721e+01	1.073228e-02
3.529993e+01	1.469902e-02
3.550382e+01	-8.911237e-03
3.570889e+01	7.895446e-03
3.591515e+01	1.306401e-02
3.612259e+01	-1.090216e-04
3.633123e+01	9.483925e-03
3.654108e+01	6.037600e-03
3.675214e+01	-9.494931e-03
3.696442e+01	-3.924900e-03
3.717792e+01	1.808557e-02
3.739266e+01	-1.686877e-03
3.760864e+01	-9.679260e-03
3.782587e+01	1.563422e-03
3.804435e+01	-1.228916e-02
3.826409e+01	-7.040413e-03
3.848510e+01	-2.140381e-03
3.870739e+01	-9.864909e-03
3.893096e+01	-4.542861e-03
3.915583e+01	7.150913e-03
3.938199e+01	-1.250627e-03
3.960946e+01	1.344971e-02
3.983824e+01	-1.338820e-03
4.006834e+01	7.320922e-03
4.029978e+01	-1.279969e-02
4.053255e+01	-4.920459e-03
4.076666e+01	3.271361e-03
4.100213e+01	1.257385e-02
4.123896e+01	6.851223e-03
4.147715e+01	9.826677e-03
4.171672e+01	-6.740021e-04
4.195767e+01	9.079726e-03
4.220002e+01	1.324374e-02
4.244377e+01	-8.481954e-03
4.268892e+01	6.492962e-03
4.293549e+01	4.738935e-04
4.318348e+01	1.897103e-03
4.343291e+01	-9.640483e-03
4.368377e+01	-7.215246e-03
4.393609e+01	-4.571525e-03
4.418986e+01	1.180501e-02
4.444510e+01	4.306606e-03
4.470182e+01	-1.086863e-02
4.496001e+01	1.471129e-03
4.521970e+01	-6.716651e-03
4.548089e+01	5.157163e-03
4.574358e+01	7.116890e-03
4.600779e+01	-9.920470e-03
4.627353e+01	-6.900970e-03
4.654081e+01	-8.486377e-03
4.680963e+01	-8.799398e-03
4.708000e+01	9.691778e-04
4.735193e+01	-2.094364e-02
4.762543e+01	1.364585e-02
4.790051e+01	2.985846e-03
4.817719e+01	4.384872e-03
4.845545e+01	4.737733e-03
4.873533e+01	-6.911279e-04
4.901682e+01	6.403400e-03
4.929994e+01	5.290158e-03
4.958470e+01	-5.189069e-03
4.987110e+01	-5.441456e-03
5.015915e+01	3.876434e-03
5.044887e+01	-5.906318e-03
5.074026e+01	-4.968180e-03
5.103333e+01	-1.926105e-02
5.132810e+01	-3.017431e-03
5.162457e+01	-4.993160e-03
5.192275e+01	-5.324026e-03
5.222265e+01	-7.606319e-03
5.252429e+01	1.388068e-02
5.282767e+01	-8.520538e-03
5.313280e+01	1.744923e-04
5.343969e+01	9.159415e-03
5.374836e+01	-1.390255e-02
5.405880e+01	2.628099e-03
5.437105e+01	1.697603e-02
5.468509e+01	-7.059397e-03
5.500095e+01	1.551859e-02
5.531863e+01	1.039769e-02
5.563815e+01	-8.458400e-04
5.595951e+01	-4.606028e-03
5.628273e+01	2.357029e-02
5.660782e+01	-6.755181e-03
5.693479e+01	-1.033382e-02
5.726364e+01	4.015507e-03
5.759439e+01	-1.050822e-03
5.792705e+01	-5.507762e-03
5.826164e+01	2.012950e-02
5.859815e+01	2.428297e-03
5.893662e+01	8.605848e-03
5.927703e+01	-5.222332e-03
5.961941e+01	-1.074892e-03
5.996377e+01	-2.998837e-03
6.031012e+01	-1.842293e-04
6.065847e+01	6.530980e-05
6.100883e+01	-6.837821e-03
6.136121e+01	-1.452007e-02
6.171563e+01	-3.506412e-03
6.207210e+01	-5.836314e-03
6.243063e+01	1.349367e-03
6.279122e+01	-8.584855e-04
6.315390e+01	7.706696e-03
6.351868e+01	-3.087885e-03
6.388556e+01	-9.856725e-03
6.425456e+01	-1.184465e-02
6.462569e+01	1.084932e-03
6.499897e+01	4.487342e-03
6.537440e+01	-4.544376e-03
6.575200e+01	-3.227696e-04
6.613178e+01	-1.075430e-02
6.651375e+01	2.574897e-03
6.689793e+01	-1.699717e-02
6.728433e+01	-6.331822e-03
6.767297e+01	-2.226883e-03
6.806384e+01	-1.319060e-03
6.845698e+01	1.154255e-02
6.885238e+01	-1.294127e-02
6.925007e+01	7.561826e-03
6.965005e+01	-8.885635e-03
7.005235e+01	-9.210104e-04
7.045697e+01	-1.463610e-03
7.086393e+01	-5.865504e-04
7.127323e+01	7.167373e-03
7.168490e+01	7.517864e-03
7.209895e+01	-1.195107e-02
7.251539e+01	4.606669e-03
7.293424e+01	5.388741e-03
7.335551e+01	2.262656e-03
7.377920e+01	-6.442280e-03
7.420535e+01	2.201686e-02
7.463396e+01	2.170193e-04
7.506504e+01	-1.940564e-02
7.549861e+01	7.001591e-03
7.593469e+01	-4.889742e-04
7.637328e+01	6.369396e-03
7.681441e+01	5.170775e-04
7.725809e+01	-5.281660e-04
7.770433e+01	-1.244166e-02
7.815315e+01	-1.795216e-02
7.860456e+01	1.111246e-03
7.905857e+01	2.940799e-03
7.951521e+01	8.292237e-04
7.997449e+01	-1.504263e-02
8.043642e+01	-1.230250e-02
8.090102e+01	1.926130e-03
8.136830e+01	1.189876e-03
8.183828e+01	3.046428e-03
8.231097e+01	2.355204e-03
8.278640e+01	5.679816e-03
8.326457e+01	4.312984e-03
8.374550e+01	-7.782658e-03
8.422921e+01	-7.233605e-03
8.471572e+01	-9.615704e-03
8.520503e+01	5.981712e-04
8.569717e+01	-6.935978e-03
8.619215e+01	8.179262e-03
8.669000e+01	-3.904596e-03
8.719071e+01	6.491249e-03
8.769432e+01	1.889620e-03
8.820084e+01	-2.858867e-03
8.871029e+01	7.469379e-03
8.922267e+01	2.787282e-03
8.973802e+01	7.137335e-03
9.025634e+01	1.113117e-02
9.077766e+01	-9.323349e-03
9.130199e+01	5.542346e-04
9.182935e+01	-2.496955e-03
9.235975e+01	8.802515e-03
9.289321e+01	1.416763e-02
9.342976e+01	5.042043e-03
9.396941e+01	-2.671615e-03
9.451217e+01	-1.832232e-03
9.505807e+01	5.601737e-03
9.560712e+01	-9.144721e-03
9.615934e+01	-3.851932e-03
9.671476e+01	3.332365e-03
9.727338e+01	-6.367273e-03
9.783522e+01	-6.224465e-03
9.840032e+01	1.133867e-02
9.896867e+01	-1.481540e-02
9.954031e+01	-1.016420e-02
1.001153e+02	-6.388449e-03
1.006935e+02	2.028450e-03
1.012751e+02	5.563803e-03
1.018601e+02	1.672357e-03
1.024484e+02	-9.910399e-03
1.030402e+02	-1.211080e-02
1.036353e+02	-3.795007e-03
1.042339e+02	-5.143942e-03
1.048360e+02	-3.198525e-03
1.054415e+02	-1.501323e-02
1.060505e+02	-1.308895e-02
1.066631e+02	-3.407291e-03
1.072791e+02	-6.796819e-03
1.078988e+02	5.378430e-03
1.085220e+02	-2.030114e-02
1.091488e+02	-2.900711e-04
1.097793e+02	-5.499687e-03
1.104133e+02	-2.040852e-03
1.110511e+02	5.459839e-03
1.116925e+02	1.585527e-02
1.123376e+02	-1.118156e-02
1.129865e+02	-5.145690e-03
1.136391e+02	-4.317514e-03
1.142955e+02	2.840104e-03
1.149556e+02	1.449515e-02
1.156196e+02	6.201206e-03
1.162874e+02	4.212055e-03
1.169591e+02	8.586761e-03
1.176347e+02	-7.533472e-03
1.183141e+02	-2.364581e-02
1.189975e+02	-7.452562e-03
1.196848e+02	-5.627240e-03
1.203761e+02	1.060392e-02
1.210714e+02	-7.740109e-03
1.217707e+02	-1.872665e-02
1.224740e+02	2.306835e-03
1.231814e+02	1.044395e-02
1.238929e+02	-1.073950e-03
1.246085e+02	1.204751e-02
1.253283e+02	-5.822542e-03
1.260522e+02	4.139799e-03
1.267802e+02	-7.018999e-03
1.275125e+02	-9.310517e-03
1.282490e+02	1.249798e-02
1.289898e+02	-7.873268e-03
1.297348e+02	-1.209993e-05
1.304842e+02	5.132689e-03
1.312378e+02	1.744974e-03
1.319959e+02	-2.051259e-02
1.327583e+02	1.386304e-02
1.335251e+02	-1.323859e-02
1.342963e+02	-1.272306e-03
1.350720e+02	-5.027050e-03
1.358522e+02	6.960907e-03
1.366368e+02	9.899201e-03
1.374260e+02	-1.444509e-03
1.382198e+02	3.299636e-03
1.390182e+02	-9.276929e-03
1.398211e+02	-9.927549e-03
1.406287e+02	3.891854e-03
1.414410e+02	-3.772678e-03
1.422579e+02	-6.675030e-04
1.430796e+02	-4.194480e-03
1.439060e+02	-1.633343e-02
1.447372e+02	-6.795100e-03
1.455732e+02	-2.758599e-03
1.464141e+02	-6.365700e-03
1.472597e+02	-9.162962e-03
1.481103e+02	-3.638932e-03
1.489658e+02	2.231247e-02
1.498262e+02	-1.370601e-02
1.506916e+02	3.227752e-03
1.515620e+02	-1.680456e-03
1.524374e+02	1.065676e-02
1.533179e+02	-3.445224e-02
1.542034e+02	7.769892e-03
1.550941e+02	1.327215e-02
1.559899e+02	-8.901658e-03
1.568909e+02	-2.806713e-02
1.577971e+02	-2.239106e-02
1.587085e+02	5.174252e-03
1.596252e+02	2.996557e-03
1.605472e+02	-6.781676e-03
1.614745e+02	-4.769183e-04
1.624072e+02	8.940117e-03
1.633453e+02	-2.414448e-02
1.642887e+02	2.726432e-03
1.652377e+02	-9.351280e-04
1.661921e+02	9.255403e-03
1.671520e+02	-8.349060e-03
1.681175e+02	5.506806e-03
1.690885e+02	-2.832519e-03
1.700651e+02	1.913226e-03
1.710474e+02	-5.948255e-03
1.720354e+02	-1.460831e-02
1.730291e+02	-7.165918e-03
1.740285e+02	3.632329e-03
1.750337e+02	6.751071e-05
1.760446e+02	-4.142035e-04
1.770615e+02	1.449682e-04
1.780842e+02	-2.344944e-03
1.791128e+02	-2.390980e-03
1.801473e+02	-9.871498e-03
1.811878e+02	-8.046578e-04
1.822344e+02	-2.229643e-02
1.832870e+02	-4.873436e-03
1.843456e+02	-8.658661e-03
1.854104e+02	4.150338e-03
1.864813e+02	-1.088664e-02
1.875584e+02	-4.595970e-05
1.886418e+02	-3.996543e-03
1.897313e+02	-1.470029e-02
1.908272e+02	-7.066512e-03
1.919294e+02	-1.127805e-02
1.930380e+02	-5.651793e-03
1.941530e+02	4.282774e-03
1.952744e+02	-1.319472e-02
1.964023e+02	-2.653147e-03
1.975367e+02	-1.966125e-02
1.986777e+02	-2.719154e-03
1.998252e+02	2.807631e-03
2.009794e+02	-8.364804e-03
2.021403e+02	-1.267077e-02
2.033078e+02	-1.787378e-02
2.044821e+02	6.591919e-03
2.056632e+02	-3.741102e-03
2.068511e+02	-2.421295e-02
2.080459e+02	-4.042911e-03
2.092475e+02	3.383728e-04
2.104561e+02	3.717316e-03
2.116717e+02	-1.201400e-02
2.128943e+02	-8.880678e-03
2.141240e+02	-7.294630e-03
2.153608e+02	-1.055862e-02
2.166047e+02	-1.327240e-02
2.178558e+02	7.528635e-03
2.191141e+02	1.096959e-02
2.203797e+02	-3.806007e-04
2.216526e+02	4.588843e-03
2.229329e+02	-1.749061e-02
2.242205e+02	-1.402618e-02
2.255156e+02	-2.403067e-03
2.268182e+02	-2.512213e-02
2.281283e+02	-1.740112e-02
2.294459e+02	-1.775942e-02
2.307712e+02	-3.090921e-02
2.321041e+02	-9.327322e-04
2.334447e+02	-1.160992e-02
2.347931e+02	-7.199919e-04
2.361493e+02	-1.695659e-02
2.375133e+02	-1.356764e-02
2.388851e+02	-1.478711e-02
2.402649e+02	-1.534246e-02
2.416527e+02	7.079709e-03
2.430484e+02	-1.759060e-02
2.444523e+02	8.897652e-04
2.458642e+02	-8.193537e-03
2.472843e+02	7.498021e-03
2.487126e+02	-1.647087e-02
2.501492e+02	-1.174827e-02
2.515940e+02	-9.634549e-03
2.530472e+02	-1.798833e-03
2.545088e+02	-8.140575e-03
2.559789e+02	-9.733349e-03
2.574574e+02	-6.652179e-03
2.589444e+02	-1.143519e-02
2.604401e+02	-4.359489e-03
2.619444e+02	-9.871031e-03
2.634574e+02	-3.053653e-02
2.649791e+02	-6.358583e-03
2.665096e+02	-1.415799e-02
2.680489e+02	4.483825e-03
2.695972e+02	-3.312579e-02
2.711544e+02	1.772340e-03
2.727205e+02	-7.860811e-03
2.742958e+02	6.916667e-03
2.758801e+02	-1.308084e-02
2.774736e+02	-6.979251e-03
2.790762e+02	-1.106020e-02
2.806882e+02	-3.369392e-03
2.823094e+02	-7.901466e-03
2.839400e+02	2.416995e-03
2.855800e+02	1.729467e-03
2.872295e+02	-1.065522e-02
2.888886e+02	-1.253630e-02
2.905572e+02	-4.381755e-05
2.922354e+02	8.652911e-03
2.939234e+02	-2.800052e-02
2.956211e+02	-2.611412e-02
2.973286e+02	-2.457332e-02
2.990459e+02	-2.586792e-02
3.007732e+02	-1.786141e-02
3.025104e+02	-1.197682e-02
3.042577e+02	-1.799020e-02
3.060151e+02	-1.474566e-02
3.077826e+02	-1.463243e-02
3.095604e+02	-2.605219e-02
3.113484e+02	-1.205429e-02
3.131467e+02	-5.297057e-03
3.149554e+02	-2.036718e-02
3.167746e+02	-1.661320e-02
3.186043e+02	-1.595570e-02
3.204445e+02	-2.978160e-02
3.222954e+02	-2.261844e-02
3.241570e+02	-2.529838e-02
3.260293e+02	-3.945348e-02
3.279124e+02	-2.801821e-02
3.298064e+02	-2.211772e-02
3.317114e+02	-1.192855e-02
3.336273e+02	-9.941813e-03
3.355544e+02	-3.693118e-02
3.374925e+02	-1.707315e-02
3.394418e+02	-2.240371e-02
3.414024e+02	-8.711904e-03
3.433744e+02	-1.148315e-02
3.453577e+02	-1.975058e-02
3.473525e+02	-1.043808e-02
3.493588e+02	-2.003881e-02
3.513766e+02	-2.828875e-02
3.534062e+02	-1.161669e-02
3.554474e+02	-1.605426e-02
3.575005e+02	-2.648612e-02
3.595654e+02	-2.965361e-02
3.616422e+02	-1.220474e-02
3.637311e+02	-1.937868e-02
3.658320e+02	-2.338291e-02
3.679450e+02	-3.485044e-02
3.700702e+02	-1.255927e-02
3.722077e+02	-2.945876e-02
3.743576e+02	-2.749770e-02
3.765199e+02	-1.388095e-02
3.786946e+02	-1.068107e-02
3.808820e+02	-2.157561e-02
3.830819e+02	-2.468418e-02
3.852946e+02	-1.765877e-03
3.875200e+02	-1.428217e-02
3.897583e+02	3.722957e-03
3.920096e+02	-1.989415e-02
3.942738e+02	3.843226e-04
3.965511e+02	-2.855055e-02
3.988416e+02	-7.475015e-03
4.011452e+02	-3.026272e-02
4.034622e+02	-2.636058e-02
4.057926e+02	-2.990260e-02
4.081365e+02	-1.006058e-02
4.104938e+02	-2.993278e-02
4.128648e+02	-2.941935e-02
4.152495e+02	-2.976922e-02
4.176480e+02	-3.954492e-02
4.200603e+02	-4.888695e-02
4.224866e+02	-3.543251e-02
4.249268e+02	-2.259058e-02
4.273812e+02	-2.411661e-02
4.298497e+02	-3.421565e-02
4.323325e+02	-1.760559e-02
4.348297e+02	-2.771835e-02
4.373412e+02	-2.673145e-02
4.398673e+02	-3.181506e-02
4.424079e+02	-3.743276e-02
4.449633e+02	-2.376792e-02
4.475334e+02	-1.612927e-02
4.501183e+02	-2.770741e-02
4.527182e+02	-3.873564e-02
4.553330e+02	-4.055245e-02
4.579630e+02	-2.922013e-02
4.606082e+02	-2.027756e-02
4.632687e+02	-3.923856e-02
4.659445e+02	-3.086845e-02
4.686358e+02	-2.803266e-02
4.713426e+02	-3.534796e-02
4.740650e+02	-2.924729e-02
4.768032e+02	-5.685709e-02
4.795572e+02	-4.358511e-02
4.823271e+02	-4.927480e-02
4.851130e+02	-3.824039e-02
4.879150e+02	-5.830625e-02
4.907332e+02	-5.447321e-02
4.935676e+02	-4.394432e-02
4.964185e+02	-4.839248e-02
4.992858e+02	-4.011536e-02
5.021696e+02	-2.404801e-02
5.050701e+02	-5.828026e-02
5.079874e+02	-4.337024e-02
5.109215e+02	-4.245764e-02
5.138726e+02	-4.836715e-02
5.168407e+02	-2.729731e-02
5.198259e+02	-6.000854e-02
5.228284e+02	-5.249790e-02
5.258482e+02	-4.687704e-02
5.288855e+02	-5.048564e-02
5.319403e+02	-5.971276e-02
5.350128e+02	-4.981968e-02
5.381030e+02	-4.110541e-02
5.412111e+02	-5.399922e-02
5.443371e+02	-3.561766e-02
5.474812e+02	-6.228710e-02
5.506434e+02	-6.002055e-02
5.538239e+02	-3.544710e-02
5.570228e+02	-6.095015e-02
5.602401e+02	-6.520304e-02
5.634760e+02	-5.724810e-02
5.667306e+02	-5.436578e-02
5.700040e+02	-5.360315e-02
5.732964e+02	-8.005685e-02
5.766077e+02	-6.223652e-02
5.799382e+02	-4.587978e-02
5.832879e+02	-5.548264e-02
5.866569e+02	-8.693348e-02
5.900454e+02	-6.428214e-02
5.934535e+02	-5.816902e-02
5.968813e+02	-7.042212e-02
6.003288e+02	-6.443051e-02
6.037963e+02	-7.941898e-02
6.072838e+02	-7.062939e-02
6.107914e+02	-5.610878e-02
6.143194e+02	-6.390154e-02
6.178676e+02	-6.029224e-02
6.214364e+02	-7.533988e-02
6.250258e+02	-5.146089e-02
6.286359e+02	-7.290357e-02
6.322669e+02	-6.176178e-02
6.359189e+02	-5.112396e-02
6.395919e+02	-8.228021e-02
6.432862e+02	-7.732090e-02
6.470017e+02	-5.375040e-02
6.507388e+02	-6.560535e-02
6.544974e+02	-6.936016e-02
6.582778e+02	-6.310182e-02
6.620800e+02	-8.485684e-02
6.659041e+02	-7.355211e-02
6.697504e+02	-7.019891e-02
6.736188e+02	-9.358541e-02
6.775096e+02	-6.432071e-02
6.814229e+02	-8.325509e-02
6.853587e+02	-9.005690e-02
6.893173e+02	-6.307867e-02
6.932988e+02	-8.129933e-02
6.973033e+02	-6.521134e-02
7.013309e+02	-1.049743e-01
7.053817e+02	-8.531662e-02
7.094560e+02	-8.664690e-02
7.135538e+02	-8.869308e-02
7.176752e+02	-8.716508e-02
7.218205e+02	-7.512338e-02
7.259897e+02	-7.581004e-02
7.301830e+02	-8.868287e-02
7.344005e+02	-1.042058e-01
7.386424e+02	-9.410902e-02
7.429087e+02	-9.604658e-02
7.471998e+02	-1.062685e-01
7.515155e+02	-8.599812e-02
7.558563e+02	-9.771668e-02
7.602221e+02	-1.085377e-01
7.646131e+02	-9.889145e-02
7.690295e+02	-9.617121e-02
7.734713e+02	-8.894654e-02
7.779389e+02	-9.112908e-02
7.824322e+02	-1.096561e-01
7.869515e+02	-9.840262e-02
7.914969e+02	-1.201554e-01
7.960686e+02	-1.065290e-01
8.006666e+02	-1.097396e-01
8.052912e+02	-9.267087e-02
8.099426e+02	-1.291975e-01
8.146208e+02	-1.007343e-01
8.193260e+02	-1.158480e-01
8.240584e+02	-1.099855e-01
8.288181e+02	-1.128483e-01
8.336053e+02	-1.168656e-01
8.384202e+02	-1.314087e-01
8.432629e+02	-1.120349e-01
8.481335e+02	-1.321539e-01
8.530323e+02	-1.158791e-01
8.579594e+02	-1.284990e-01
8.629149e+02	-1.315938e-01
8.678991e+02	-1.061132e-01
8.729120e+02	-1.249344e-01
8.779539e+02	-1.204495e-01
8.830250e+02	-1.180274e-01
8.881253e+02	-1.245474e-01
8.932551e+02	-1.314962e-01
8.984145e+02	-1.394284e-01
9.036037e+02	-1.364463e-01
9.088229e+02	-1.172916e-01
9.140722e+02	-1.539634e-01
9.193518e+02	-1.397900e-01
9.246620e+02	-1.235877e-01
9.300028e+02	-1.409957e-01
9.353744e+02	-1.389938e-01
9.407771e+02	-1.484008e-01
9.462110e+02	-1.561922e-01
9.516763e+02	-1.748813e-01
9.571731e+02	-1.580352e-01
9.627017e+02	-1.544277e-01
9.682622e+02	-1.399458e-01
9.738549e+02	-1.589199e-01
9.794798e+02	-1.459818e-01
9.851373e+02	-1.743681e-01
9.908274e+02	-1.528076e-01
9.965504e+02	-1.725732e-01
1.002306e+03	-1.617622e-01
1.008096e+03	-1.738048e-01
1.013918e+03	-1.770247e-01
1.019775e+03	-1.850822e-01
1.025665e+03	-1.717209e-01
1.031589e+03	-1.652013e-01
1.037548e+03	-1.813343e-01
1.043540e+03	-1.992867e-01
1.049568e+03	-1.747036e-01
1.055630e+03	-1.887297e-01
1.061727e+03	-1.656694e-01
1.067860e+03	-1.790122e-01
1.074028e+03	-1.944379e-01
1.080231e+03	-1.957664e-01
1.086471e+03	-2.153798e-01
1.092746e+03	-1.784208e-01
1.099058e+03	-1.911610e-01
1.105406e+03	-2.015850e-01
1.111791e+03	-1.976129e-01
1.118212e+03	-2.143002e-01
1.124671e+03	-2.257986e-01
1.131167e+03	-2.073902e-01
1.137701e+03	-2.171932e-01
1.144272e+03	-2.318065e-01
1.150881e+03	-1.992794e-01
1.157529e+03	-2.163533e-01
1.164215e+03	-2.352009e-01
1.170939e+03	-2.141970e-01
1.177702e+03	-2.232604e-01
1.184505e+03	-2.423558e-01
1.191346e+03	-2.191592e-01
1.198227e+03	-2.468071e-01
1.205148e+03	-2.372720e-01
1.212109e+03	-2.438416e-01
1.219110e+03	-2.449910e-01
1.226152e+03	-2.460525e-01
1.233234e+03	-2.312794e-01
1.240357e+03	-2.552973e-01
1.247521e+03	-2.487386e-01
1.254727e+03	-2.390129e-01
1.261974e+03	-2.489254e-01
1.269263e+03	-2.614757e-01
1.276595e+03	-2.757473e-01
1.283968e+03	-2.530445e-01
1.291384e+03	-2.540922e-01
1.298843e+03	-2.751556e-01
1.306345e+03	-2.691875e-01
1.313891e+03	-2.796076e-01
1.321480e+03	-2.730635e-01
1.329113e+03	-2.967534e-01
1.336790e+03	-2.845681e-01
1.344511e+03	-2.900299e-01
1.352277e+03	-3.009429e-01
1.360087e+03	-2.910032e-01
1.367943e+03	-3.091447e-01
1.375844e+03	-2.976603e-01
1.383791e+03	-3.223100e-01
1.391784e+03	-3.142546e-01
1.399823e+03	-3.175520e-01
1.407908e+03	-3.422759e-01
1.416040e+03	-3.217055e-01
1.424219e+03	-3.167193e-01
1.432445e+03	-3.383131e-01
1.440719e+03	-3.400434e-01
1.449041e+03	-3.403131e-01
1.457410e+03	-3.321160e-01
1.465828e+03	-3.373656e-01
1.474295e+03	-3.393392e-01
1.482810e+03	-3.604028e-01
1.491375e+03	-3.448681e-01
1.499989e+03	-3.640964e-01
1.508653e+03	-3.661556e-01
1.517367e+03	-3.744827e-01
1.526131e+03	-3.757299e-01
1.534946e+03	-3.707461e-01
1.543812e+03	-3.850478e-01
1.552729e+03	-3.779033e-01
1.561697e+03	-3.718822e-01
1.570717e+03	-4.022120e-01
1.579790e+03	-4.004806e-01
1.588915e+03	-4.106475e-01
1.598092e+03	-4.192915e-01
1.607323e+03	-4.016925e-01
1.616606e+03	-4.197009e-01
1.625944e+03	-4.211528e-01
1.635335e+03	-4.205173e-01
1.644781e+03	-4.280366e-01
1.654281e+03	-4.430362e-01
1.663836e+03	-4.320893e-01
1.673446e+03	-4.474783e-01
1.683112e+03	-4.506522e-01
1.692834e+03	-4.633785e-01
1.702611e+03	-4.597300e-01
1.712446e+03	-4.832867e-01
1.722337e+03	-4.813732e-01
1.732285e+03	-4.932846e-01
1.742290e+03	-4.670795e-01
1.752354e+03	-4.701067e-01
1.762475e+03	-4.845470e-01
1.772655e+03	-4.900898e-01
1.782894e+03	-4.949732e-01
1.793192e+03	-5.074025e-01
1.803549e+03	-5.023409e-01
1.813967e+03	-5.169652e-01
1.824444e+03	-5.337411e-01
1.834982e+03	-5.396218e-01
1.845581e+03	-5.369815e-01
1.856241e+03	-5.516469e-01
1.866962e+03	-5.459342e-01
1.877746e+03	-5.475034e-01
1.888592e+03	-5.668281e-01
1.899500e+03	-5.528854e-01
1.910472e+03	-5.768307e-01
1.921506e+03	-5.864441e-01
1.932605e+03	-5.917268e-01
1.943768e+03	-5.775911e-01
1.954995e+03	-6.085939e-01
1.966287e+03	-6.158892e-01
1.977644e+03	-6.157788e-01
1.989067e+03	-6.217945e-01
2.000555e+03	-6.101109e-01
2.012110e+03	-6.423951e-01
2.023732e+03	-6.462288e-01
2.035421e+03	-6.351124e-01
2.047178e+03	-6.382145e-01
2.059002e+03	-6.471327e-01
2.070895e+03	-6.724248e-01
2.082856e+03	-6.586935e-01
2.094887e+03	-6.587127e-01
2.106987e+03	-7.011575e-01
2.119157e+03	-6.744598e-01
2.131397e+03	-7.018483e-01
2.143708e+03	-7.020116e-01
2.156090e+03	-7.001734e-01
2.168543e+03	-7.137765e-01
2.181069e+03	-7.204693e-01
2.193666e+03	-7.402690e-01
2.206337e+03	-7.402979e-01
2.219081e+03	-7.650194e-01
2.231898e+03	-7.596199e-01
2.244789e+03	-7.546939e-01
2.257755e+03	-7.992945e-01
2.270796e+03	-7.755382e-01
2.283912e+03	-7.970448e-01
2.297104e+03	-7.908332e-01
2.310372e+03	-8.095894e-01
2.323716e+03	-8.299066e-01
2.337138e+03	-8.092689e-01
2.350637e+03	-8.469059e-01
2.364214e+03	-8.410587e-01
2.377870e+03	-8.438935e-01
2.391604e+03	-8.690165e-01
2.405418e+03	-8.663931e-01
2.419312e+03	-8.726494e-01
2.433286e+03	-8.915523e-01
2.447340e+03	-9.181153e-01
2.461476e+03	-9.141006e-01
2.475693e+03	-9.278893e-01
2.489993e+03	-9.260780e-01
2.504375e+03	-9.376308e-01
2.518840e+03	-9.568759e-01
2.533389e+03	-9.464379e-01
2.548022e+03	-9.878285e-01
2.562739e+03	-9.707737e-01
2.577541e+03	-9.872081e-01
2.592429e+03	-9.966059e-01
2.607403e+03	-1.015551e+00
2.622463e+03	-1.028323e+00
2.637610e+03	-1.033681e+00
2.652845e+03	-1.047664e+00
2.668168e+03	-1.050783e+00
2.683579e+03	-1.065823e+00
2.699079e+03	-1.077405e+00
2.714669e+03	-1.077992e+00
2.730349e+03	-1.087480e+00
2.746119e+03	-1.117060e+00
2.761981e+03	-1.109016e+00
2.777934e+03	-1.112023e+00
2.793979e+03	-1.135722e+00
2.810117e+03	-1.160554e+00
2.826348e+03	-1.171438e+00
2.842673e+03	-1.181033e+00
2.859092e+03	-1.190370e+00
2.875606e+03	-1.206670e+00
2.892215e+03	-1.210816e+00
2.908921e+03	-1.220056e+00
2.925722e+03	-1.247374e+00
2.942621e+03	-1.253875e+00
2.959618e+03	-1.264300e+00
2.976712e+03	-1.259939e+00
2.993906e+03	-1.273129e+00
3.011198e+03	-1.308048e+00
3.028591e+03	-1.314134e+00
3.046084e+03	-1.323614e+00
3.063678e+03	-1.325701e+00
3.081374e+03	-1.353491e+00
3.099172e+03	-1.357784e+00
3.117072e+03	-1.380832e+00
3.135076e+03	-1.390507e+00
3.153184e+03	-1.413458e+00
3.171397e+03	-1.407279e+00
3.189715e+03	-1.425613e+00
3.208139e+03	-1.452872e+00
3.226669e+03	-1.473654e+00
3.245306e+03	-1.469762e+00
3.264051e+03	-1.496603e+00
3.282904e+03	-1.505797e+00
3.301866e+03	-1.524964e+00
3.320937e+03	-1.531425e+00
3.340119e+03	-1.546837e+00
3.359411e+03	-1.564718e+00
3.378815e+03	-1.574982e+00
3.398331e+03	-1.604429e+00
3.417959e+03	-1.594572e+00
3.437701e+03	-1.629919e+00
3.457557e+03	-1.647015e+00
3.477528e+03	-1.660168e+00
3.497614e+03	-1.665560e+00
3.517816e+03	-1.682267e+00
3.538135e+03	-1.700072e+00
3.558571e+03	-1.739788e+00
3.579125e+03	-1.742205e+00
3.599798e+03	-1.767834e+00
3.620590e+03	-1.770666e+00
3.641503e+03	-1.791396e+00
3.662536e+03	-1.813963e+00
3.683691e+03	-1.835599e+00
3.704967e+03	-1.835701e+00
3.726367e+03	-1.850251e+00
3.747890e+03	-1.881829e+00
3.769538e+03	-1.866190e+00
3.791311e+03	-1.913477e+00
3.813209e+03	-1.936935e+00
3.835234e+03	-1.946307e+00
3.857386e+03	-1.982273e+00
3.879667e+03	-1.973729e+00
3.902075e+03	-2.008143e+00
3.924614e+03	-2.033560e+00
3.947282e+03	-2.038172e+00
3.970081e+03	-2.062759e+00
3.993012e+03	-2.074997e+00
4.016076e+03	-2.113295e+00
4.039272e+03	-2.114679e+00
4.062603e+03	-2.152827e+00
4.086069e+03	-2.141344e+00
4.109670e+03	-2.166476e+00
4.133407e+03	-2.193077e+00
4.157281e+03	-2.213824e+00
4.181294e+03	-2.242750e+00
4.205445e+03	-2.251764e+00
4.229735e+03	-2.275984e+00
4.254166e+03	-2.302188e+00
4.278738e+03	-2.303200e+00
4.303451e+03	-2.331346e+00
4.328308e+03	-2.355576e+00
4.353308e+03	-2.385950e+00
4.378453e+03	-2.399919e+00
4.403742e+03	-2.428735e+00
4.429178e+03	-2.455877e+00
4.454761e+03	-2.468003e+00
4.480492e+03	-2.488019e+00
4.506371e+03	-2.496822e+00
4.532399e+03	-2.539860e+00
4.558578e+03	-2.556530e+00
4.584908e+03	-2.582400e+00
4.611391e+03	-2.570800e+00
4.638026e+03	-2.622048e+00
4.664815e+03	-2.637303e+00
4.691759e+03	-2.654571e+00
4.718858e+03	-2.697305e+00
4.746114e+03	-2.697483e+00
4.773527e+03	-2.710299e+00
4.801099e+03	-2.763884e+00
4.828830e+03	-2.779867e+00
4.856721e+03	-2.802867e+00
4.884773e+03	-2.831471e+00
4.912988e+03	-2.831669e+00
4.941365e+03	-2.873743e+00
4.969906e+03	-2.902568e+00
4.998612e+03	-2.936183e+00
5.027484e+03	-2.950358e+00
5.056522e+03	-2.984004e+00
5.085729e+03	-2.995925e+00
5.115104e+03	-3.029071e+00
5.144648e+03	-3.043153e+00
5.174363e+03	-3.082926e+00
5.204250e+03	-3.074154e+00
5.234310e+03	-3.143233e+00
5.264543e+03	-3.153387e+00
5.294951e+03	-3.165529e+00
5.325534e+03	-3.208190e+00
5.356294e+03	-3.242078e+00
5.387232e+03	-3.238937e+00
5.418348e+03	-3.274627e+00
5.449645e+03	-3.304588e+00
5.481122e+03	-3.335633e+00
5.512780e+03	-3.367389e+00
5.544622e+03	-3.376675e+00
5.576647e+03	-3.409319e+00
5.608858e+03	-3.438382e+00
5.641254e+03	-3.451372e+00
5.673838e+03	-3.499213e+00
5.706610e+03	-3.509071e+00
5.739571e+03	-3.557742e+00
5.772723e+03	-3.572339e+00
5.806066e+03	-3.592554e+00
5.839601e+03	-3.612677e+00
5.873331e+03	-3.642062e+00
5.907255e+03	-3.691646e+00
5.941375e+03	-3.706872e+00
5.975692e+03	-3.747093e+00
6.010207e+03	-3.778187e+00
6.044922e+03	-3.797236e+00
6.079837e+03	-3.825040e+00
6.114954e+03	-3.865672e+00
6.150274e+03	-3.891563e+00
6.185797e+03	-3.907158e+00
6.221526e+03	-3.956891e+00
6.257462e+03	-3.992530e+00
6.293605e+03	-4.003319e+00
6.329956e+03	-4.049592e+00
6.366518e+03	-4.079569e+00
6.403290e+03	-4.113729e+00
6.440276e+03	-4.120253e+00
6.477474e+03	-4.165205e+00
6.514888e+03	-4.185972e+00
6.552518e+03	-4.248571e+00
6.590365e+03	-4.256441e+00
6.628430e+03	-4.279185e+00
6.666716e+03	-4.289880e+00
6.705223e+03	-4.355459e+00
6.743952e+03	-4.385146e+00
6.782905e+03	-4.425595e+00
6.822082e+03	-4.457489e+00
6.861486e+03	-4.474655e+00
6.901118e+03	-4.533255e+00
6.940979e+03	-4.559186e+00
6.981069e+03	-4.574126e+00
7.021392e+03	-4.618732e+00
7.061947e+03	-4.624246e+00
7.102737e+03	-4.672738e+00
7.143762e+03	-4.707503e+00
7.185024e+03	-4.738948e+00
7.226524e+03	-4.759194e+00
7.268264e+03	-4.782119e+00
7.310246e+03	-4.836061e+00
7.352469e+03	-4.877613e+00
7.394937e+03	-4.901738e+00
7.437650e+03	-4.952449e+00
7.480609e+03	-4.967786e+00
7.523817e+03	-5.003481e+00
7.567274e+03	-5.031216e+00
7.610982e+03	-5.089122e+00
7.654943e+03	-5.118131e+00
7.699158e+03	-5.143911e+00
7.743628e+03	-5.163340e+00
7.788355e+03	-5.198188e+00
7.833340e+03	-5.237962e+00
7.878585e+03	-5.287356e+00
7.924091e+03	-5.305212e+00
7.969861e+03	-5.368956e+00
8.015894e+03	-5.373182e+00
8.062194e+03	-5.418111e+00
8.108761e+03	-5.448447e+00
8.155596e+03	-5.511927e+00
8.202703e+03	-5.522828e+00
8.250081e+03	-5.554320e+00
8.297733e+03	-5.583457e+00
8.345661e+03	-5.628864e+00
8.393865e+03	-5.667421e+00
8.442348e+03	-5.715442e+00
8.491110e+03	-5.729783e+00
8.540155e+03	-5.784211e+00
8.589482e+03	-5.829245e+00
8.639095e+03	-5.851570e+00
8.688994e+03	-5.893432e+00
8.739181e+03	-5.917466e+00
8.789658e+03	-5.966779e+00
8.840427e+03	-5.999389e+00
8.891489e+03	-6.038891e+00
8.942846e+03	-6.065932e+00
8.994499e+03	-6.122716e+00
9.046451e+03	-6.147170e+00
9.098703e+03	-6.201721e+00
9.151257e+03	-6.243687e+00
9.204114e+03	-6.266216e+00
9.257277e+03	-6.313012e+00
9.310746e+03	-6.351236e+00
9.364525e+03	-6.366591e+00
9.418614e+03	-6.413763e+00
9.473015e+03	-6.453895e+00
9.527731e+03	-6.493945e+00
9.582763e+03	-6.532550e+00
9.638113e+03	-6.546070e+00
9.693782e+03	-6.599530e+00
9.749773e+03	-6.664057e+00
9.806087e+03	-6.701383e+00
9.862727e+03	-6.707133e+00
9.919693e+03	-6.790012e+00
9.976989e+03	-6.819001e+00
1.003462e+04	-6.833811e+00
1.009258e+04	-6.889610e+00
1.015087e+04	-6.931756e+00
1.020950e+04	-6.969125e+00
1.026847e+04	-7.002684e+00
1.032778e+04	-7.024194e+00
1.038743e+04	-7.092332e+00
1.044743e+04	-7.118701e+00
1.050777e+04	-7.164076e+00
1.056847e+04	-7.192862e+00
1.062951e+04	-7.216797e+00
1.069091e+04	-7.281665e+00
1.075266e+04	-7.322528e+00
1.081476e+04	-7.358551e+00
1.087723e+04	-7.392575e+00
1.094006e+04	-7.440548e+00
1.100324e+04	-7.497966e+00
1.106680e+04	-7.524899e+00
1.113072e+04	-7.572470e+00
1.119501e+04	-7.627981e+00
1.125967e+04	-7.654202e+00
1.132471e+04	-7.667914e+00
1.139012e+04	-7.733488e+00
1.145591e+04	-7.748679e+00
1.152208e+04	-7.808672e+00
1.158863e+04	-7.850832e+00
1.165556e+04	-7.903947e+00
1.172289e+04	-7.916193e+00
1.179060e+04	-7.977261e+00
1.185870e+04	-8.027006e+00
1.192719e+04	-8.055457e+00
1.199608e+04	-8.116356e+00
1.206537e+04	-8.146390e+00
1.213506e+04	-8.182136e+00
1.220515e+04	-8.224585e+00
1.227565e+04	-8.265535e+00
1.234655e+04	-8.303443e+00
1.241787e+04	-8.356802e+00
1.248959e+04	-8.405014e+00
1.256173e+04	-8.430698e+00
1.263429e+04	-8.486849e+00
1.270726e+04	-8.505150e+00
1.278066e+04	-8.564225e+00
1.285448e+04	-8.586089e+00
1.292873e+04	-8.645555e+00
1.300340e+04	-8.687495e+00
1.307851e+04	-8.742273e+00
1.315405e+04	-8.773418e+00
1.323003e+04	-8.814156e+00
1.330644e+04	-8.852615e+00
1.338330e+04	-8.891940e+00
1.346060e+04	-8.938511e+00
1.353835e+04	-8.993988e+00
1.361655e+04	-9.017717e+00
1.369520e+04	-9.041343e+00
1.377430e+04	-9.116742e+00
1.385386e+04	-9.151215e+00
1.393388e+04	-9.213110e+00
1.401436e+04	-9.244774e+00
1.409531e+04	-9.272095e+00
1.417672e+04	-9.330661e+00
1.425861e+04	-9.377809e+00
1.434096e+04	-9.423163e+00
1.442379e+04	-9.452568e+00
1.450711e+04	-9.498626e+00
1.459090e+04	-9.533752e+00
1.467518e+04	-9.582663e+00
1.475994e+04	-9.627712e+00
1.484519e+04	-9.678408e+00
1.493094e+04	-9.718480e+00
1.501718e+04	-9.780879e+00
1.510392e+04	-9.808111e+00
1.519116e+04	-9.863046e+00
1.527890e+04	-9.908404e+00
1.536715e+04	-9.936783e+00
1.545591e+04	-9.979172e+00
1.554518e+04	-1.001969e+01
1.563497e+04	-1.007561e+01
1.572528e+04	-1.011891e+01
1.581611e+04	-1.015427e+01
1.590746e+04	-1.018921e+01
1.599934e+04	-1.024978e+01
1.609175e+04	-1.028515e+01
1.618470e+04	-1.034310e+01
1.627818e+04	-1.036936e+01
1.637220e+04	-1.042963e+01
1.646677e+04	-1.045561e+01
1.656188e+04	-1.053218e+01
1.665754e+04	-1.055315e+01
1.675375e+04	-1.060623e+01
1.685052e+04	-1.063836e+01
1.694785e+04	-1.070368e+01
1.704574e+04	-1.072962e+01
1.714419e+04	-1.077675e+01
1.724322e+04	-1.081442e+01
1.734281e+04	-1.086099e+01
1.744299e+04	-1.088797e+01
1.754374e+04	-1.095578e+01
1.764507e+04	-1.100433e+01
1.774698e+04	-1.104205e+01
1.784949e+04	-1.109173e+01
1.795259e+04	-1.115738e+01
1.805628e+04	-1.119456e+01
1.816057e+04	-1.121321e+01
1.826547e+04	-1.127068e+01
1.837097e+04	-1.131754e+01
1.847708e+04	-1.135660e+01
1.858380e+04	-1.141565e+01
1.869114e+04	-1.144217e+01
1.879910e+04	-1.148804e+01
1.890768e+04	-1.154085e+01
1.901689e+04	-1.158424e+01
1.912673e+04	-1.163106e+01
1.923721e+04	-1.167515e+01
1.934832e+04	-1.171988e+01
1.946008e+04	-1.176013e+01
1.957248e+04	-1.181733e+01
1.968553e+04	-1.185559e+01
1.979923e+04	-1.190676e+01
1.991359e+04	-1.193720e+01
2.002861e+04	-1.198415e+01
2.014430e+04	-1.201942e+01
2.026065e+04	-1.207759e+01
2.037767e+04	-1.213299e+01
2.049537e+04	-1.216513e+01
2.061375e+04	-1.220166e+01
2.073282e+04	-1.224961e+01
2.085257e+04	-1.230108e+01
2.097301e+04	-1.234902e+01
2.109415e+04	-1.238440e+01
2.121599e+04	-1.242668e+01
2.133853e+04	-1.247786e+01
2.146178e+04	-1.250843e+01
2.158575e+04	-1.257644e+01
2.171043e+04	-1.261314e+01
2.183582e+04	-1.264040e+01
2.196195e+04	-1.270463e+01
2.208880e+04	-1.274888e+01
2.221638e+04	-1.279152e+01
2.234470e+04	-1.282919e+01
2.247377e+04	-1.288763e+01
2.260357e+04	-1.290928e+01
2.273413e+04	-1.296066e+01
2.286544e+04	-1.301090e+01
2.299751e+04	-1.304679e+01
2.313034e+04	-1.311661e+01
2.326394e+04	-1.313889e+01
2.339832e+04	-1.318973e+01
2.353346e+04	-1.323347e+01
2.366939e+04	-1.329236e+01
2.380610e+04	-1.332115e+01
2.394361e+04	-1.337799e+01
2.408191e+04	-1.338977e+01
2.422100e+04	-1.346408e+01
2.436090e+04	-1.351403e+01
2.450161e+04	-1.353430e+01
2.464313e+04	-1.358373e+01
2.478547e+04	-1.364274e+01
2.492863e+04	-1.368234e+01
2.507261e+04	-1.372455e+01
2.521743e+04	-1.376985e+01
2.536309e+04	-1.382889e+01
2.550958e+04	-1.384500e+01
2.565692e+04	-1.390535e+01
2.580512e+04	-1.393804e+01
2.595417e+04	-1.400039e+01
2.610408e+04	-1.404702e+01
2.625485e+04	-1.408065e+01
2.640650e+04	-1.413060e+01
2.655902e+04	-1.416407e+01
2.671243e+04	-1.420644e+01
2.686672e+04	-1.424956e+01
2.702190e+04	-1.431810e+01
2.717798e+04	-1.435042e+01
2.733495e+04	-1.438158e+01
2.749284e+04	-1.444025e+01
2.765164e+04	-1.447588e+01
2.781135e+04	-1.452282e+01
2.797199e+04	-1.456870e+01
2.813355e+04	-1.461584e+01
2.829605e+04	-1.464683e+01
2.845949e+04	-1.469790e+01
2.862387e+04	-1.475050e+01
2.878920e+04	-1.477789e+01
2.895549e+04	-1.484365e+01
2.912273e+04	-1.486645e+01
2.929094e+04	-1.492206e+01
2.946013e+04	-1.496456e+01
2.963029e+04	-1.501291e+01
2.980143e+04	-1.506904e+01
2.997356e+04	-1.509510e+01
3.014669e+04	-1.514246e+01
3.032081e+04	-1.518389e+01
3.049595e+04	-1.521689e+01
3.067209e+04	-1.527718e+01
3.084925e+04	-1.531026e+01
3.102743e+04	-1.536811e+01
3.120665e+04	-1.540933e+01
3.138690e+04	-1.543053e+01
3.156819e+04	-1.548454e+01
3.175052e+04	-1.551114e+01
3.193391e+04	-1.557565e+01
3.211836e+04	-1.562290e+01
3.230388e+04	-1.566110e+01
3.249046e+04	-1.570170e+01
3.267812e+04	-1.574264e+01
3.286687e+04	-1.578226e+01
3.305671e+04	-1.584838e+01
3.324764e+04	-1.588136e+01
3.343968e+04	-1.590798e+01
3.363283e+04	-1.595932e+01
3.382709e+04	-1.599805e+01
3.402247e+04	-1.605750e+01
3.421899e+04	-1.608932e+01
3.441663e+04	-1.612992e+01
3.461542e+04	-1.614362e+01
3.481536e+04	-1.621479e+01
3.501645e+04	-1.623935e+01
3.521871e+04	-1.629052e+01
3.542213e+04	-1.632314e+01
3.562672e+04	-1.636243e+01
3.583250e+04	-1.643352e+01
3.603947e+04	-1.647028e+01
3.624763e+04	-1.651452e+01
3.645700e+04	-1.656305e+01
3.666757e+04	-1.657331e+01
3.687936e+04	-1.663247e+01
3.709238e+04	-1.666178e+01
3.730662e+04	-1.672682e+01
3.752210e+04	-1.674594e+01
3.773883e+04	-1.680701e+01
3.795680e+04	-1.683860e+01
3.817604e+04	-1.687950e+01
3.839654e+04	-1.689181e+01
3.861832e+04	-1.694466e+01
3.884138e+04	-1.699260e+01
3.906573e+04	-1.703497e+01
3.929137e+04	-1.707269e+01
3.951831e+04	-1.713443e+01
3.974657e+04	-1.716877e+01
3.997614e+04	-1.719610e+01
4.020704e+04	-1.723773e+01
4.043928e+04	-1.728052e+01
4.067285e+04	-1.732930e+01
4.090778e+04	-1.736985e+01
4.114406e+04	-1.740073e+01
4.138171e+04	-1.742144e+01
4.162073e+04	-1.745964e+01
4.186113e+04	-1.752904e+01
4.210291e+04	-1.755399e+01
4.234610e+04	-1.761043e+01
4.259069e+04	-1.764023e+01
4.283669e+04	-1.766607e+01
4.308411e+04	-1.770926e+01
4.333297e+04	-1.774932e+01
4.358325e+04	-1.777945e+01
4.383499e+04	-1.784761e+01
4.408818e+04	-1.787698e+01
4.434283e+04	-1.790091e+01
4.459895e+04	-1.794826e+01
4.485655e+04	-1.799302e+01
4.511564e+04	-1.803430e+01
4.537623e+04	-1.806334e+01
4.563832e+04	-1.810644e+01
4.590193e+04	-1.813360e+01
4.616705e+04	-1.815517e+01
4.643371e+04	-1.820000e+01
4.670191e+04	-1.823482e+01
4.697166e+04	-1.828749e+01
4.724297e+04	-1.831299e+01
4.751584e+04	-1.835475e+01
4.779029e+04	-1.840011e+01
4.806633e+04	-1.841620e+01
4.834395e+04	-1.848013e+01
4.862319e+04	-1.849481e+01
4.890403e+04	-1.852800e+01
4.918650e+04	-1.856624e+01
4.947060e+04	-1.861125e+01
4.975634e+04	-1.865095e+01
5.004373e+04	-1.867752e+01
5.033278e+04	-1.872282e+01
5.062350e+04	-1.874385e+01
5.091590e+04	-1.875732e+01
5.120999e+04	-1.880953e+01
5.150578e+04	-1.885839e+01
5.180327e+04	-1.886433e+01
5.210248e+04	-1.891466e+01
5.240343e+04	-1.896491e+01
5.270611e+04	-1.900098e+01
5.301053e+04	-1.900977e+01
5.331672e+04	-1.905181e+01
5.362468e+04	-1.909165e+01
5.393441e+04	-1.911710e+01
5.424593e+04	-1.913979e+01
5.455926e+04	-1.918225e+01
5.487439e+04	-1.920187e+01
5.519134e+04	-1.924211e+01
5.551012e+04	-1.927295e+01
5.583075e+04	-1.930309e+01
5.615322e+04	-1.932765e+01
5.647756e+04	-1.937764e+01
5.680377e+04	-1.938833e+01
5.713187e+04	-1.941949e+01
5.746186e+04	-1.945592e+01
5.779376e+04	-1.949290e+01
5.812757e+04	-1.952125e+01
5.846332e+04	-1.955226e+01
5.880100e+04	-1.957009e+01
5.914063e+04	-1.960412e+01
5.948222e+04	-1.963171e+01
5.982579e+04	-1.965573e+01
6.017134e+04	-1.968513e+01
6.051889e+04	-1.972384e+01
6.086844e+04	-1.976142e+01
6.122002e+04	-1.978513e+01
6.157362e+04	-1.979884e+01
6.192927e+04	-1.981944e+01
6.228697e+04	-1.985785e+01
6.264674e+04	-1.987272e+01
6.300858e+04	-1.989786e+01
6.337252e+04	-1.993657e+01
6.373855e+04	-1.995330e+01
6.410670e+04	-1.998662e+01
6.447698e+04	-2.000155e+01
6.484940e+04	-2.004304e+01
6.522397e+04	-2.006254e+01
6.560070e+04	-2.007453e+01
6.597960e+04	-2.008336e+01
6.636070e+04	-2.010752e+01
6.674400e+04	-2.014650e+01
6.712951e+04	-2.015532e+01
6.751724e+04	-2.020228e+01
6.790722e+04	-2.021726e+01
6.829945e+04	-2.021972e+01
6.869395e+04	-2.025034e+01
6.909072e+04	-2.026840e+01
6.948978e+04	-2.029827e+01
6.989115e+04	-2.031072e+01
7.029484e+04	-2.032261e+01
7.070086e+04	-2.034856e+01
7.110923e+04	-2.038145e+01
7.151995e+04	-2.040187e+01
7.193305e+04	-2.041503e+01
7.234853e+04	-2.042762e+01
7.276641e+04	-2.044211e+01
7.318671e+04	-2.045654e+01
7.360943e+04	-2.046581e+01
7.403460e+04	-2.049500e+01
7.446222e+04	-2.050389e+01
7.489231e+04	-2.051687e+01
7.532488e+04	-2.053112e+01
7.575996e+04	-2.055391e+01
7.619754e+04	-2.055500e+01
7.663766e+04	-2.057014e+01
7.708031e+04	-2.056997e+01
7.752553e+04	-2.058349e+01
7.797331e+04	-2.060650e+01
7.842368e+04	-2.061441e+01
7.887665e+04	-2.060565e+01
7.933224e+04	-2.063757e+01
7.979046e+04	-2.065063e+01
8.025133e+04	-2.062541e+01
8.071486e+04	-2.065530e+01
8.118106e+04	-2.066842e+01
8.164996e+04	-2.067275e+01
8.212157e+04	-2.068533e+01
8.259590e+04	-2.067152e+01
8.307297e+04	-2.067990e+01
8.355279e+04	-2.070678e+01
8.403539e+04	-2.069538e+01
8.452078e+04	-2.070328e+01
8.500897e+04	-2.070297e+01
8.549997e+04	-2.070440e+01
8.599382e+04	-2.070167e+01
8.649052e+04	-2.071187e+01
8.699008e+04	-2.070946e+01
8.749253e+04	-2.069749e+01
8.799789e+04	-2.069170e+01
8.850616e+04	-2.068491e+01
8.901737e+04	-2.068887e+01
8.953153e+04	-2.068602e+01
9.004866e+04	-2.069023e+01
9.056877e+04	-2.066386e+01
9.109190e+04	-2.066081e+01
9.161804e+04	-2.064902e+01
9.214722e+04	-2.065561e+01
9.267946e+04	-2.063468e+01
9.321477e+04	-2.063468e+01
9.375318e+04	-2.061989e+01
9.429469e+04	-2.061361e+01
9.483933e+04	-2.059397e+01
9.538712e+04	-2.056987e+01
9.593807e+04	-2.057222e+01
9.649221e+04	-2.055203e+01
9.704954e+04	-2.053992e+01
9.761010e+04	-2.051575e+01
9.817389e+04	-2.049983e+01
9.874094e+04	-2.046650e+01
9.931126e+04	-2.045044e+01
9.988488e+04	-2.043233e+01
1.004618e+05	-2.042231e+01
1.010421e+05	-2.039594e+01
1.016257e+05	-2.035113e+01
1.022127e+05	-2.032664e+01
1.028031e+05	-2.030673e+01
1.033968e+05	-2.028117e+01
1.039941e+05	-2.023084e+01
1.045947e+05	-2.019734e+01
1.051989e+05	-2.016797e+01
1.058065e+05	-2.014039e+01
1.064176e+05	-2.009320e+01
1.070323e+05	-2.005551e+01
1.076505e+05	-2.003767e+01
1.082723e+05	-1.996877e+01
1.088977e+05	-1.993990e+01
1.095266e+05	-1.987980e+01
1.101593e+05	-1.983333e+01
1.107955e+05	-1.980800e+01
1.114355e+05	-1.972338e+01
1.120791e+05	-1.969845e+01
1.127265e+05	-1.963715e+01
1.133776e+05	-1.960355e+01
1.140325e+05	-1.954182e+01
1.146911e+05	-1.947513e+01
1.153536e+05	-1.940660e+01
1.160198e+05	-1.934854e+01
1.166900e+05	-1.928670e+01
1.173640e+05	-1.921559e+01
1.180419e+05	-1.914070e+01
1.187237e+05	-1.906597e+01
1.194094e+05	-1.900241e+01
1.200991e+05	-1.890959e+01
1.207928e+05	-1.883119e+01
1.214905e+05	-1.874737e+01
1.221922e+05	-1.866897e+01
1.228980e+05	-1.859799e+01
1.236078e+05	-1.849391e+01
1.243218e+05	-1.840119e+01
1.250399e+05	-1.829945e+01
1.257621e+05	-1.820124e+01
1.264885e+05	-1.811265e+01
1.272191e+05	-1.801324e+01
1.279539e+05	-1.789611e+01
1.286930e+05	-1.777106e+01
1.294363e+05	-1.766481e+01
1.301839e+05	-1.753681e+01
1.309358e+05	-1.739809e+01
1.316921e+05	-1.728873e+01
1.324528e+05	-1.713809e+01
1.332178e+05	-1.701166e+01
1.339873e+05	-1.686088e+01
1.347612e+05	-1.669844e+01
1.355395e+05	-1.656984e+01
1.363224e+05	-1.641098e+01
1.371098e+05	-1.624869e+01
1.379018e+05	-1.607089e+01
1.386983e+05	-1.587443e+01
1.394994e+05	-1.569248e+01
1.403051e+05	-1.550634e+01
1.411155e+05	-1.531808e+01
1.419306e+05	-1.511323e+01
1.427504e+05	-1.488948e+01
1.435749e+05	-1.467600e+01
1.444042e+05	-1.444035e+01
1.452383e+05	-1.420306e+01
1.460772e+05	-1.395256e+01
1.469209e+05	-1.368158e+01
1.477695e+05	-1.340782e+01
1.486230e+05	-1.312356e+01
1.494814e+05	-1.282964e+01
1.503448e+05	-1.252835e+01
1.512132e+05	-1.216816e+01
1.520866e+05	-1.182818e+01
1.529651e+05	-1.147036e+01
1.538486e+05	-1.109685e+01
1.547372e+05	-1.068681e+01
1.556310e+05	-1.027758e+01
1.565299e+05	-9.820251e+00
1.574340e+05	-9.332944e+00
1.583433e+05	-8.840344e+00
1.592579e+05	-8.284431e+00
1.601778e+05	-7.727785e+00
1.611030e+05	-7.126084e+00
1.620335e+05	-6.449044e+00
1.629694e+05	-5.770581e+00
1.639107e+05	-5.039767e+00
1.648574e+05	-4.240730e+00
1.658097e+05	-3.431355e+00
1.667674e+05	-2.600984e+00
1.677306e+05	-1.780103e+00
1.686994e+05	-1.018777e+00
1.696738e+05	-4.189549e-01
1.706538e+05	-6.988827e-02
1.716395e+05	-3.440952e-02
1.726309e+05	-3.350870e-01
1.736280e+05	-9.192095e-01
1.746309e+05	-1.664590e+00
1.756395e+05	-2.527473e+00
1.766540e+05	-3.400075e+00
1.776744e+05	-4.284498e+00
1.787006e+05	-5.113769e+00
1.797328e+05	-5.927721e+00
1.807709e+05	-6.713810e+00
1.818150e+05	-7.414037e+00
1.828652e+05	-8.071707e+00
1.839214e+05	-8.716982e+00
1.849837e+05	-9.335729e+00
1.860522e+05	-9.911662e+00
1.871268e+05	-1.045795e+01
1.882077e+05	-1.096535e+01
1.892948e+05	-1.143322e+01
1.903881e+05	-1.190094e+01
1.914878e+05	-1.232403e+01
1.925938e+05	-1.275837e+01
1.937062e+05	-1.313535e+01
1.948251e+05	-1.352938e+01
1.959504e+05	-1.388922e+01
1.970822e+05	-1.423122e+01
1.982205e+05	-1.456230e+01
1.993654e+05	-1.488474e+01
2.005169e+05	-1.520821e+01
2.016751e+05	-1.550728e+01
2.028400e+05	-1.576305e+01
2.040116e+05	-1.604350e+01
2.051899e+05	-1.633482e+01
2.063751e+05	-1.655881e+01
2.075671e+05	-1.681040e+01
2.087660e+05	-1.706107e+01
2.099719e+05	-1.725891e+01
2.111846e+05	-1.747902e+01
2.124044e+05	-1.769546e+01
2.136313e+05	-1.790164e+01
2.148652e+05	-1.808061e+01
2.161063e+05	-1.829069e+01
2.173545e+05	-1.845330e+01
2.186099e+05	-1.863034e+01
2.198726e+05	-1.878854e+01
2.211426e+05	-1.894189e+01
2.224199e+05	-1.909455e+01
2.237046e+05	-1.923521e+01
2.249967e+05	-1.938818e+01
2.262962e+05	-1.950633e+01
2.276033e+05	-1.964515e+01
2.289179e+05	-1.975318e+01
2.302402e+05	-1.984586e+01
2.315700e+05	-1.997907e+01
2.329076e+05	-2.007122e+01
2.342528e+05	-2.015518e+01
2.356059e+05	-2.025825e+01
2.369667e+05	-2.036371e+01
2.383354e+05	-2.041054e+01
2.397120e+05	-2.048633e+01
2.410966e+05	-2.055740e+01
2.424892e+05	-2.061575e+01
2.438898e+05	-2.065503e+01
2.452985e+05	-2.070229e+01
2.467153e+05	-2.076484e+01
2.481403e+05	-2.079211e+01
2.495736e+05	-2.081114e+01
2.510151e+05	-2.084046e+01
2.524650e+05	-2.084995e+01
2.539232e+05	-2.087834e+01
2.553898e+05	-2.086987e+01
2.568650e+05	-2.086684e+01
2.583486e+05	-2.085315e+01
2.598408e+05	-2.084270e+01
2.613416e+05	-2.082406e+01
2.628511e+05	-2.074288e+01
2.643694e+05	-2.073467e+01
2.658963e+05	-2.069319e+01
2.674321e+05	-2.065859e+01
2.689768e+05	-2.057843e+01
2.705304e+05	-2.050732e+01
2.720930e+05	-2.041502e+01
2.736646e+05	-2.031465e+01
2.752453e+05	-2.023440e+01
2.768351e+05	-2.011569e+01
2.784341e+05	-2.000018e+01
2.800423e+05	-1.987797e+01
2.816598e+05	-1.972912e+01
2.832867e+05	-1.957346e+01
2.849229e+05	-1.938967e+01
2.865686e+05	-1.921850e+01
2.882238e+05	-1.901616e+01
2.898886e+05	-1.883919e+01
2.915630e+05	-1.856881e+01
2.932470e+05	-1.835356e+01
2.949408e+05	-1.809329e+01
2.966444e+05	-1.780962e+01
2.983578e+05	-1.751189e+01
3.000811e+05	-1.720553e+01
3.018143e+05	-1.683737e+01
3.035576e+05	-1.649515e+01
3.053109e+05	-1.607010e+01
3.070744e+05	-1.563918e+01
3.088481e+05	-1.514744e+01
3.106320e+05	-1.464597e+01
3.124261e+05	-1.409093e+01
3.142307e+05	-1.346498e+01
3.160457e+05	-1.280926e+01
3.178712e+05	-1.205633e+01
3.197072e+05	-1.122831e+01
3.215538e+05	-1.030763e+01
3.234111e+05	-9.278749e+00
3.252791e+05	-8.081625e+00
3.271579e+05	-6.755486e+00
3.290475e+05	-5.211215e+00
3.309481e+05	-3.484224e+00
3.328596e+05	-1.690019e+00
3.347822e+05	-3.114206e-01
3.367159e+05	-1.034064e-01
3.386608e+05	-1.277505e+00
3.406169e+05	-3.086639e+00
3.425842e+05	-4.911835e+00
3.445630e+05	-6.594977e+00
3.465532e+05	-8.050501e+00
3.485549e+05	-9.346158e+00
3.505681e+05	-1.049314e+01
3.525930e+05	-1.149686e+01
3.546295e+05	-1.241481e+01
3.566778e+05	-1.322576e+01
3.587380e+05	-1.397037e+01
3.608101e+05	-1.466321e+01
3.628941e+05	-1.528197e+01
3.649901e+05	-1.586150e+01
3.670983e+05	-1.641637e+01
3.692187e+05	-1.688508e+01
3.713513e+05	-1.734853e+01
3.734962e+05	-1.777706e+01
3.756535e+05	-1.815761e+01
3.778232e+05	-1.851285e+01
3.800055e+05	-1.884960e+01
3.822004e+05	-1.914300e+01
3.844080e+05	-1.943021e+01
3.866283e+05	-1.969946e+01
3.888615e+05	-1.996452e+01
3.911075e+05	-2.014816e+01
3.933665e+05	-2.035479e+01
3.956386e+05	-2.052853e+01
3.979238e+05	-2.066783e+01
4.002222e+05	-2.079824e+01
4.025338e+05	-2.091819e+01
4.048589e+05	-2.103379e+01
4.071973e+05	-2.109470e+01
4.095493e+05	-2.114849e+01
4.119148e+05	-2.118392e+01
4.142940e+05	-2.121900e+01
4.166870e+05	-2.119861e+01
4.190937e+05	-2.117161e+01
4.215144e+05	-2.113139e+01
4.239490e+05	-2.108411e+01
4.263978e+05	-2.095789e+01
4.288606e+05	-2.085628e+01
4.313377e+05	-2.067852e+01
4.338291e+05	-2.052553e+01
4.363349e+05	-2.034059e+01
4.388551e+05	-2.010681e+01
4.413899e+05	-1.985440e+01
4.439394e+05	-1.954524e+01
4.465035e+05	-1.921203e+01
4.490825e+05	-1.882542e+01
4.516764e+05	-1.839975e+01
4.542853e+05	-1.791171e+01
4.569092e+05	-1.737055e+01
4.595483e+05	-1.677573e+01
4.622026e+05	-1.608568e+01
4.648723e+05	-1.528928e+01
4.675574e+05	-1.437138e+01
4.702580e+05	-1.336503e+01
4.729742e+05	-1.212645e+01
4.757060e+05	-1.066572e+01
4.784537e+05	-8.913703e+00
4.812172e+05	-6.745545e+00
4.839967e+05	-4.042430e+00
4.867923e+05	-1.110670e+00
4.896040e+05	-1.405632e-01
4.924319e+05	-2.552431e+00
4.952762e+05	-5.559931e+00
4.981369e+05	-8.114599e+00
5.010141e+05	-1.014756e+01
5.039079e+05	-1.184784e+01
5.068185e+05	-1.324944e+01
5.097458e+05	-1.444583e+01
5.126901e+05	-1.549167e+01
5.156514e+05	-1.641265e+01
5.186298e+05	-1.720069e+01
5.216253e+05	-1.791944e+01
5.246382e+05	-1.855086e+01
5.276685e+05	-1.908709e+01
5.307163e+05	-1.957807e+01
5.337817e+05	-2.000364e+01
5.368648e+05	-2.040907e+01
5.399657e+05	-2.071338e+01
5.430845e+05	-2.099381e+01
5.462214e+05	-2.121775e+01
5.493763e+05	-2.139961e+01
5.525495e+05	-2.152420e+01
5.557410e+05	-2.162796e+01
5.589509e+05	-2.165840e+01
5.621794e+05	-2.165585e+01
5.654265e+05	-2.162150e+01
5.686924e+05	-2.155092e+01
5.719772e+05	-2.137507e+01
5.752809e+05	-2.118036e+01
5.786037e+05	-2.090520e+01
5.819457e+05	-2.059138e+01
5.853070e+05	-2.016670e+01
5.886877e+05	-1.971907e+01
5.920879e+05	-1.910671e+01
5.955078e+05	-1.841944e+01
5.989474e+05	-1.760746e+01
6.024069e+05	-1.663936e+01
6.058864e+05	-1.546725e+01
6.093860e+05	-1.401649e+01
6.129058e+05	-1.220801e+01
6.164459e+05	-9.866695e+00
6.200064e+05	-6.619289e+00
6.235876e+05	-2.253342e+00
6.271894e+05	-3.124556e-01
6.308120e+05	-4.618869e+00
6.344555e+05	-8.580537e+00
6.381201e+05	-1.143807e+01
6.418059e+05	-1.363297e+01
6.455129e+05	-1.535405e+01
6.492414e+05	-1.676297e+01
6.529914e+05	-1.789186e+01
6.567630e+05	-1.889334e+01
6.605565e+05	-1.970616e+01
6.643718e+05	-2.038517e+01
6.682092e+05	-2.095195e+01
6.720688e+05	-2.139821e+01
6.759506e+05	-2.175390e+01
6.798549e+05	-2.202428e+01
6.837817e+05	-2.221053e+01
6.877312e+05	-2.230420e+01
6.917035e+05	-2.230176e+01
6.956987e+05	-2.222042e+01
6.997171e+05	-2.200266e+01
7.037586e+05	-2.170299e+01
7.078235e+05	-2.126435e+01
7.119118e+05	-2.071401e+01
7.160238e+05	-1.996218e+01
7.201595e+05	-1.904462e+01
7.243191e+05	-1.785112e+01
7.285028e+05	-1.631975e+01
7.327106e+05	-1.428341e+01
7.369427e+05	-1.145855e+01
7.411992e+05	-7.149215e+00
7.454804e+05	-7.651395e-01
7.497862e+05	-3.881450e+00
7.541170e+05	-9.646747e+00
7.584727e+05	-1.328412e+01
7.628536e+05	-1.585721e+01
7.672598e+05	-1.774731e+01
7.716915e+05	-1.922522e+01
7.761488e+05	-2.039436e+01
7.806318e+05	-2.130204e+01
7.851407e+05	-2.199660e+01
7.896756e+05	-2.253342e+01
7.942367e+05	-2.287286e+01
7.988242e+05	-2.302612e+01
8.034382e+05	-2.302767e+01
8.080788e+05	-2.284933e+01
8.127463e+05	-2.247926e+01
8.174406e+05	-2.188116e+01
8.221621e+05	-2.104771e+01
8.269109e+05	-1.984582e+01
8.316871e+05	-1.818181e+01
8.364909e+05	-1.583374e+01
8.413225e+05	-1.222683e+01
8.461819e+05	-5.737593e+00
8.510694e+05	-1.898448e+00
8.559852e+05	-1.047532e+01
8.609293e+05	-1.512514e+01
8.659020e+05	-1.805555e+01
8.709034e+05	-2.013456e+01
8.759337e+05	-2.160202e+01
8.809931e+05	-2.267880e+01
8.860816e+05	-2.342363e+01
8.911996e+05	-2.383755e+01
8.963471e+05	-2.398080e+01
9.015244e+05	-2.380289e+01
9.067316e+05	-2.326684e+01
9.119688e+05	-2.235497e+01
9.172363e+05	-2.089486e+01
9.225342e+05	-1.863518e+01
9.278628e+05	-1.495722e+01
9.332221e+05	-7.618074e+00
9.386123e+05	-4.505029e+00
9.440337e+05	-1.406636e+01
9.494864e+05	-1.856888e+01
9.549706e+05	-2.130726e+01
9.604865e+05	-2.308281e+01
9.660342e+05	-2.424050e+01
9.716140e+05	-2.481660e+01
9.772260e+05	-2.490770e+01
9.828704e+05	-2.442451e+01
9.885474e+05	-2.326823e+01
9.942572e+05	-2.116977e+01
1.000000e+06	-1.737312e+01
