Frequency(Hz)	Magnitude(dB)
1.000000e+01	-1.753629e-05
1.005776e+01	-1.773945e-05
1.011585e+01	-1.794496e-05
1.017428e+01	-1.815286e-05
1.023305e+01	-1.836317e-05
1.029215e+01	-1.857591e-05
1.035160e+01	-1.879111e-05
1.041139e+01	-1.900881e-05
1.047153e+01	-1.922904e-05
1.053201e+01	-1.945181e-05
1.059284e+01	-1.967716e-05
1.065403e+01	-1.990513e-05
1.071556e+01	-2.013573e-05
1.077746e+01	-2.036901e-05
1.083971e+01	-2.060499e-05
1.090232e+01	-2.084371e-05
1.096529e+01	-2.108519e-05
1.102862e+01	-2.132946e-05
1.109232e+01	-2.157657e-05
1.115639e+01	-2.182654e-05
1.122083e+01	-2.207941e-05
1.128564e+01	-2.233520e-05
1.135083e+01	-2.259396e-05
1.141639e+01	-2.285572e-05
1.148233e+01	-2.312051e-05
1.154865e+01	-2.338836e-05
1.161536e+01	-2.365932e-05
1.168245e+01	-2.393342e-05
1.174992e+01	-2.421070e-05
1.181779e+01	-2.449118e-05
1.188605e+01	-2.477492e-05
1.195470e+01	-2.506194e-05
1.202375e+01	-2.535229e-05
1.209320e+01	-2.564601e-05
1.216305e+01	-2.594312e-05
1.223330e+01	-2.624368e-05
1.230396e+01	-2.654772e-05
1.237503e+01	-2.685528e-05
1.244651e+01	-2.716640e-05
1.251840e+01	-2.748113e-05
1.259070e+01	-2.779951e-05
1.266343e+01	-2.812157e-05
1.273657e+01	-2.844737e-05
1.281014e+01	-2.877694e-05
1.288413e+01	-2.911033e-05
1.295855e+01	-2.944758e-05
1.303339e+01	-2.978873e-05
1.310867e+01	-3.013384e-05
1.318439e+01	-3.048295e-05
1.326054e+01	-3.083610e-05
1.333713e+01	-3.119335e-05
1.341417e+01	-3.155473e-05
1.349165e+01	-3.192030e-05
1.356958e+01	-3.229010e-05
1.364795e+01	-3.266419e-05
1.372678e+01	-3.304261e-05
1.380607e+01	-3.342542e-05
1.388581e+01	-3.381266e-05
1.396602e+01	-3.420439e-05
1.404668e+01	-3.460065e-05
1.412782e+01	-3.500151e-05
1.420942e+01	-3.540701e-05
1.429149e+01	-3.581721e-05
1.437404e+01	-3.623216e-05
1.445706e+01	-3.665192e-05
1.454057e+01	-3.707654e-05
1.462455e+01	-3.750608e-05
1.470902e+01	-3.794060e-05
1.479398e+01	-3.838015e-05
1.487943e+01	-3.882479e-05
1.496537e+01	-3.927458e-05
1.505181e+01	-3.972959e-05
1.513875e+01	-4.018987e-05
1.522619e+01	-4.065547e-05
1.531414e+01	-4.112648e-05
1.540259e+01	-4.160294e-05
1.549156e+01	-4.208492e-05
1.558103e+01	-4.257248e-05
1.567103e+01	-4.306569e-05
1.576155e+01	-4.356462e-05
1.585258e+01	-4.406932e-05
1.594415e+01	-4.457987e-05
1.603624e+01	-4.509634e-05
1.612886e+01	-4.561879e-05
1.622202e+01	-4.614730e-05
1.631572e+01	-4.668192e-05
1.640996e+01	-4.722274e-05
1.650474e+01	-4.776983e-05
1.660008e+01	-4.832325e-05
1.669596e+01	-4.888309e-05
1.679239e+01	-4.944941e-05
1.688938e+01	-5.002229e-05
1.698694e+01	-5.060181e-05
1.708505e+01	-5.118804e-05
1.718373e+01	-5.178107e-05
1.728299e+01	-5.238096e-05
1.738281e+01	-5.298781e-05
1.748322e+01	-5.360168e-05
1.758420e+01	-5.422267e-05
1.768576e+01	-5.485085e-05
1.778792e+01	-5.548631e-05
1.789066e+01	-5.612913e-05
1.799399e+01	-5.677939e-05
1.809793e+01	-5.743719e-05
1.820246e+01	-5.810262e-05
1.830760e+01	-5.877575e-05
1.841334e+01	-5.945668e-05
1.851969e+01	-6.014549e-05
1.862666e+01	-6.084229e-05
1.873425e+01	-6.154716e-05
1.884246e+01	-6.226020e-05
1.895129e+01	-6.298149e-05
1.906075e+01	-6.371115e-05
1.917085e+01	-6.444925e-05
1.928158e+01	-6.519591e-05
1.939295e+01	-6.595122e-05
1.950496e+01	-6.671527e-05
1.961762e+01	-6.748818e-05
1.973093e+01	-6.827005e-05
1.984490e+01	-6.906097e-05
1.995952e+01	-6.986105e-05
2.007480e+01	-7.067040e-05
2.019076e+01	-7.148913e-05
2.030738e+01	-7.231735e-05
2.042467e+01	-7.315516e-05
2.054264e+01	-7.400267e-05
2.066130e+01	-7.486001e-05
2.078064e+01	-7.572728e-05
2.090066e+01	-7.660459e-05
2.102139e+01	-7.749207e-05
2.114280e+01	-7.838983e-05
2.126492e+01	-7.929799e-05
2.138775e+01	-8.021667e-05
2.151128e+01	-8.114599e-05
2.163553e+01	-8.208608e-05
2.176050e+01	-8.303706e-05
2.188619e+01	-8.399906e-05
2.201260e+01	-8.497220e-05
2.213974e+01	-8.595662e-05
2.226762e+01	-8.695244e-05
2.239624e+01	-8.795980e-05
2.252560e+01	-8.897883e-05
2.265571e+01	-9.000966e-05
2.278656e+01	-9.105244e-05
2.291818e+01	-9.210730e-05
2.305055e+01	-9.317437e-05
2.318369e+01	-9.425381e-05
2.331760e+01	-9.534576e-05
2.345228e+01	-9.645035e-05
2.358774e+01	-9.756774e-05
2.372398e+01	-9.869808e-05
2.386101e+01	-9.984151e-05
2.399883e+01	-1.009982e-04
2.413745e+01	-1.021683e-04
2.427686e+01	-1.033519e-04
2.441709e+01	-1.045492e-04
2.455812e+01	-1.057605e-04
2.469997e+01	-1.069857e-04
2.484263e+01	-1.082252e-04
2.498612e+01	-1.094790e-04
2.513044e+01	-1.107473e-04
2.527559e+01	-1.120303e-04
2.542158e+01	-1.133282e-04
2.556842e+01	-1.146411e-04
2.571610e+01	-1.159693e-04
2.586463e+01	-1.173128e-04
2.601403e+01	-1.186719e-04
2.616428e+01	-1.200467e-04
2.631541e+01	-1.214374e-04
2.646740e+01	-1.228443e-04
2.662028e+01	-1.242675e-04
2.677404e+01	-1.257071e-04
2.692868e+01	-1.271634e-04
2.708422e+01	-1.286367e-04
2.724066e+01	-1.301269e-04
2.739800e+01	-1.316345e-04
2.755625e+01	-1.331595e-04
2.771541e+01	-1.347021e-04
2.787550e+01	-1.362627e-04
2.803650e+01	-1.378413e-04
2.819844e+01	-1.394382e-04
2.836131e+01	-1.410536e-04
2.852513e+01	-1.426877e-04
2.868989e+01	-1.443407e-04
2.885560e+01	-1.460129e-04
2.902227e+01	-1.477045e-04
2.918990e+01	-1.494157e-04
2.935850e+01	-1.511467e-04
2.952807e+01	-1.528977e-04
2.969863e+01	-1.546691e-04
2.987016e+01	-1.564609e-04
3.004269e+01	-1.582735e-04
3.021622e+01	-1.601071e-04
3.039075e+01	-1.619620e-04
3.056628e+01	-1.638383e-04
3.074283e+01	-1.657364e-04
3.092040e+01	-1.676565e-04
3.109900e+01	-1.695988e-04
3.127862e+01	-1.715636e-04
3.145929e+01	-1.735512e-04
3.164099e+01	-1.755618e-04
3.182375e+01	-1.775956e-04
3.200756e+01	-1.796531e-04
3.219244e+01	-1.817344e-04
3.237838e+01	-1.838398e-04
3.256540e+01	-1.859696e-04
3.275349e+01	-1.881240e-04
3.294268e+01	-1.903035e-04
3.313295e+01	-1.925081e-04
3.332433e+01	-1.947383e-04
3.351681e+01	-1.969944e-04
3.371040e+01	-1.992766e-04
3.390511e+01	-2.015852e-04
3.410094e+01	-2.039205e-04
3.429791e+01	-2.062830e-04
3.449601e+01	-2.086728e-04
3.469526e+01	-2.110902e-04
3.489566e+01	-2.135357e-04
3.509721e+01	-2.160095e-04
3.529993e+01	-2.185120e-04
3.550382e+01	-2.210434e-04
3.570889e+01	-2.236042e-04
3.591515e+01	-2.261947e-04
3.612259e+01	-2.288151e-04
3.633123e+01	-2.314660e-04
3.654108e+01	-2.341475e-04
3.675214e+01	-2.368601e-04
3.696442e+01	-2.396041e-04
3.717792e+01	-2.423799e-04
3.739266e+01	-2.451878e-04
3.760864e+01	-2.480283e-04
3.782587e+01	-2.509017e-04
3.804435e+01	-2.538084e-04
3.826409e+01	-2.567488e-04
3.848510e+01	-2.597232e-04
3.870739e+01	-2.627321e-04
3.893096e+01	-2.657758e-04
3.915583e+01	-2.688548e-04
3.938199e+01	-2.719694e-04
3.960946e+01	-2.751202e-04
3.983824e+01	-2.783074e-04
4.006834e+01	-2.815316e-04
4.029978e+01	-2.847931e-04
4.053255e+01	-2.880924e-04
4.076666e+01	-2.914299e-04
4.100213e+01	-2.948061e-04
4.123896e+01	-2.982214e-04
4.147715e+01	-3.016762e-04
4.171672e+01	-3.051711e-04
4.195767e+01	-3.087065e-04
4.220002e+01	-3.122828e-04
4.244377e+01	-3.159006e-04
4.268892e+01	-3.195602e-04
4.293549e+01	-3.232623e-04
4.318348e+01	-3.270072e-04
4.343291e+01	-3.307956e-04
4.368377e+01	-3.346278e-04
4.393609e+01	-3.385044e-04
4.418986e+01	-3.424259e-04
4.444510e+01	-3.463928e-04
4.470182e+01	-3.504057e-04
4.496001e+01	-3.544651e-04
4.521970e+01	-3.585715e-04
4.548089e+01	-3.627255e-04
4.574358e+01	-3.669276e-04
4.600779e+01	-3.711784e-04
4.627353e+01	-3.754784e-04
4.654081e+01	-3.798282e-04
4.680963e+01	-3.842284e-04
4.708000e+01	-3.886796e-04
4.735193e+01	-3.931824e-04
4.762543e+01	-3.977373e-04
4.790051e+01	-4.023450e-04
4.817719e+01	-4.070060e-04
4.845545e+01	-4.117211e-04
4.873533e+01	-4.164908e-04
4.901682e+01	-4.213157e-04
4.929994e+01	-4.261965e-04
4.958470e+01	-4.311339e-04
4.987110e+01	-4.361284e-04
5.015915e+01	-4.411808e-04
5.044887e+01	-4.462918e-04
5.074026e+01	-4.514619e-04
5.103333e+01	-4.566920e-04
5.132810e+01	-4.619826e-04
5.162457e+01	-4.673345e-04
5.192275e+01	-4.727484e-04
5.222265e+01	-4.782250e-04
5.252429e+01	-4.837651e-04
5.282767e+01	-4.893693e-04
5.313280e+01	-4.950385e-04
5.343969e+01	-5.007733e-04
5.374836e+01	-5.065746e-04
5.405880e+01	-5.124430e-04
5.437105e+01	-5.183794e-04
5.468509e+01	-5.243847e-04
5.500095e+01	-5.304594e-04
5.531863e+01	-5.366046e-04
5.563815e+01	-5.428209e-04
5.595951e+01	-5.491092e-04
5.628273e+01	-5.554704e-04
5.660782e+01	-5.619053e-04
5.693479e+01	-5.684147e-04
5.726364e+01	-5.749995e-04
5.759439e+01	-5.816605e-04
5.792705e+01	-5.883988e-04
5.826164e+01	-5.952151e-04
5.859815e+01	-6.021103e-04
5.893662e+01	-6.090855e-04
5.927703e+01	-6.161414e-04
5.961941e+01	-6.232790e-04
5.996377e+01	-6.304994e-04
6.031012e+01	-6.378033e-04
6.065847e+01	-6.451919e-04
6.100883e+01	-6.526661e-04
6.136121e+01	-6.602268e-04
6.171563e+01	-6.678751e-04
6.207210e+01	-6.756121e-04
6.243063e+01	-6.834386e-04
6.279122e+01	-6.913558e-04
6.315390e+01	-6.993647e-04
6.351868e+01	-7.074664e-04
6.388556e+01	-7.156619e-04
6.425456e+01	-7.239523e-04
6.462569e+01	-7.323388e-04
6.499897e+01	-7.408224e-04
6.537440e+01	-7.494043e-04
6.575200e+01	-7.580856e-04
6.613178e+01	-7.668675e-04
6.651375e+01	-7.757511e-04
6.689793e+01	-7.847375e-04
6.728433e+01	-7.938281e-04
6.767297e+01	-8.030240e-04
6.806384e+01	-8.123263e-04
6.845698e+01	-8.217365e-04
6.885238e+01	-8.312556e-04
6.925007e+01	-8.408850e-04
6.965005e+01	-8.506259e-04
7.005235e+01	-8.604797e-04
7.045697e+01	-8.704476e-04
7.086393e+01	-8.805309e-04
7.127323e+01	-8.907311e-04
7.168490e+01	-9.010494e-04
7.209895e+01	-9.114872e-04
7.251539e+01	-9.220459e-04
7.293424e+01	-9.327269e-04
7.335551e+01	-9.435316e-04
7.377920e+01	-9.544615e-04
7.420535e+01	-9.655180e-04
7.463396e+01	-9.767025e-04
7.506504e+01	-9.880166e-04
7.549861e+01	-9.994617e-04
7.593469e+01	-1.011039e-03
7.637328e+01	-1.022751e-03
7.681441e+01	-1.034599e-03
7.725809e+01	-1.046583e-03
7.770433e+01	-1.058707e-03
7.815315e+01	-1.070971e-03
7.860456e+01	-1.083377e-03
7.905857e+01	-1.095926e-03
7.951521e+01	-1.108621e-03
7.997449e+01	-1.121463e-03
8.043642e+01	-1.134454e-03
8.090102e+01	-1.147595e-03
8.136830e+01	-1.160889e-03
8.183828e+01	-1.174336e-03
8.231097e+01	-1.187939e-03
8.278640e+01	-1.201700e-03
8.326457e+01	-1.215620e-03
8.374550e+01	-1.229701e-03
8.422921e+01	-1.243946e-03
8.471572e+01	-1.258355e-03
8.520503e+01	-1.272931e-03
8.569717e+01	-1.287676e-03
8.619215e+01	-1.302592e-03
8.669000e+01	-1.317681e-03
8.719071e+01	-1.332944e-03
8.769432e+01	-1.348384e-03
8.820084e+01	-1.364003e-03
8.871029e+01	-1.379803e-03
8.922267e+01	-1.395786e-03
8.973802e+01	-1.411954e-03
9.025634e+01	-1.428309e-03
9.077766e+01	-1.444853e-03
9.130199e+01	-1.461590e-03
9.182935e+01	-1.478520e-03
9.235975e+01	-1.495646e-03
9.289321e+01	-1.512970e-03
9.342976e+01	-1.530495e-03
9.396941e+01	-1.548223e-03
9.451217e+01	-1.566157e-03
9.505807e+01	-1.584298e-03
9.560712e+01	-1.602649e-03
9.615934e+01	-1.621212e-03
9.671476e+01	-1.639991e-03
9.727338e+01	-1.658987e-03
9.783522e+01	-1.678203e-03
9.840032e+01	-1.697642e-03
9.896867e+01	-1.717306e-03
9.954031e+01	-1.737197e-03
1.001153e+02	-1.757319e-03
1.006935e+02	-1.777674e-03
1.012751e+02	-1.798264e-03
1.018601e+02	-1.819093e-03
1.024484e+02	-1.840164e-03
1.030402e+02	-1.861478e-03
1.036353e+02	-1.883039e-03
1.042339e+02	-1.904850e-03
1.048360e+02	-1.926913e-03
1.054415e+02	-1.949232e-03
1.060505e+02	-1.971809e-03
1.066631e+02	-1.994648e-03
1.072791e+02	-2.017751e-03
1.078988e+02	-2.041121e-03
1.085220e+02	-2.064763e-03
1.091488e+02	-2.088678e-03
1.097793e+02	-2.112870e-03
1.104133e+02	-2.137342e-03
1.110511e+02	-2.162097e-03
1.116925e+02	-2.187140e-03
1.123376e+02	-2.212472e-03
1.129865e+02	-2.238097e-03
1.136391e+02	-2.264019e-03
1.142955e+02	-2.290242e-03
1.149556e+02	-2.316768e-03
1.156196e+02	-2.343601e-03
1.162874e+02	-2.370745e-03
1.169591e+02	-2.398203e-03
1.176347e+02	-2.425979e-03
1.183141e+02	-2.454076e-03
1.189975e+02	-2.482499e-03
1.196848e+02	-2.511251e-03
1.203761e+02	-2.540336e-03
1.210714e+02	-2.569758e-03
1.217707e+02	-2.599521e-03
1.224740e+02	-2.629628e-03
1.231814e+02	-2.660083e-03
1.238929e+02	-2.690891e-03
1.246085e+02	-2.722056e-03
1.253283e+02	-2.753582e-03
1.260522e+02	-2.785473e-03
1.267802e+02	-2.817733e-03
1.275125e+02	-2.850366e-03
1.282490e+02	-2.883377e-03
1.289898e+02	-2.916771e-03
1.297348e+02	-2.950551e-03
1.304842e+02	-2.984722e-03
1.312378e+02	-3.019289e-03
1.319959e+02	-3.054256e-03
1.327583e+02	-3.089628e-03
1.335251e+02	-3.125409e-03
1.342963e+02	-3.161604e-03
1.350720e+02	-3.198219e-03
1.358522e+02	-3.235257e-03
1.366368e+02	-3.272724e-03
1.374260e+02	-3.310625e-03
1.382198e+02	-3.348965e-03
1.390182e+02	-3.387748e-03
1.398211e+02	-3.426981e-03
1.406287e+02	-3.466667e-03
1.414410e+02	-3.506813e-03
1.422579e+02	-3.547424e-03
1.430796e+02	-3.588505e-03
1.439060e+02	-3.630061e-03
1.447372e+02	-3.672099e-03
1.455732e+02	-3.714623e-03
1.464141e+02	-3.757639e-03
1.472597e+02	-3.801153e-03
1.481103e+02	-3.845171e-03
1.489658e+02	-3.889698e-03
1.498262e+02	-3.934741e-03
1.506916e+02	-3.980305e-03
1.515620e+02	-4.026397e-03
1.524374e+02	-4.073021e-03
1.533179e+02	-4.120186e-03
1.542034e+02	-4.167896e-03
1.550941e+02	-4.216159e-03
1.559899e+02	-4.264980e-03
1.568909e+02	-4.314367e-03
1.577971e+02	-4.364325e-03
1.587085e+02	-4.414861e-03
1.596252e+02	-4.465982e-03
1.605472e+02	-4.517694e-03
1.614745e+02	-4.570005e-03
1.624072e+02	-4.622922e-03
1.633453e+02	-4.676451e-03
1.642887e+02	-4.730599e-03
1.652377e+02	-4.785374e-03
1.661921e+02	-4.840783e-03
1.671520e+02	-4.896833e-03
1.681175e+02	-4.953531e-03
1.690885e+02	-5.010886e-03
1.700651e+02	-5.068905e-03
1.710474e+02	-5.127594e-03
1.720354e+02	-5.186963e-03
1.730291e+02	-5.247019e-03
1.740285e+02	-5.307770e-03
1.750337e+02	-5.369224e-03
1.760446e+02	-5.431389e-03
1.770615e+02	-5.494273e-03
1.780842e+02	-5.557885e-03
1.791128e+02	-5.622232e-03
1.801473e+02	-5.687325e-03
1.811878e+02	-5.753170e-03
1.822344e+02	-5.819777e-03
1.832870e+02	-5.887155e-03
1.843456e+02	-5.955312e-03
1.854104e+02	-6.024258e-03
1.864813e+02	-6.094002e-03
1.875584e+02	-6.164552e-03
1.886418e+02	-6.235919e-03
1.897313e+02	-6.308111e-03
1.908272e+02	-6.381138e-03
1.919294e+02	-6.455010e-03
1.930380e+02	-6.529736e-03
1.941530e+02	-6.605327e-03
1.952744e+02	-6.681793e-03
1.964023e+02	-6.759143e-03
1.975367e+02	-6.837387e-03
1.986777e+02	-6.916537e-03
1.998252e+02	-6.996602e-03
2.009794e+02	-7.077593e-03
2.021403e+02	-7.159521e-03
2.033078e+02	-7.242397e-03
2.044821e+02	-7.326231e-03
2.056632e+02	-7.411034e-03
2.068511e+02	-7.496819e-03
2.080459e+02	-7.583595e-03
2.092475e+02	-7.671375e-03
2.104561e+02	-7.760171e-03
2.116717e+02	-7.849993e-03
2.128943e+02	-7.940853e-03
2.141240e+02	-8.032765e-03
2.153608e+02	-8.125739e-03
2.166047e+02	-8.219789e-03
2.178558e+02	-8.314926e-03
2.191141e+02	-8.411163e-03
2.203797e+02	-8.508512e-03
2.216526e+02	-8.606988e-03
2.229329e+02	-8.706601e-03
2.242205e+02	-8.807367e-03
2.255156e+02	-8.909298e-03
2.268182e+02	-9.012407e-03
2.281283e+02	-9.116708e-03
2.294459e+02	-9.222215e-03
2.307712e+02	-9.328941e-03
2.321041e+02	-9.436902e-03
2.334447e+02	-9.546110e-03
2.347931e+02	-9.656581e-03
2.361493e+02	-9.768328e-03
2.375133e+02	-9.881368e-03
2.388851e+02	-9.995714e-03
2.402649e+02	-1.011138e-02
2.416527e+02	-1.022839e-02
2.430484e+02	-1.034674e-02
2.444523e+02	-1.046647e-02
2.458642e+02	-1.058758e-02
2.472843e+02	-1.071008e-02
2.487126e+02	-1.083401e-02
2.501492e+02	-1.095936e-02
2.515940e+02	-1.108617e-02
2.530472e+02	-1.121444e-02
2.545088e+02	-1.134419e-02
2.559789e+02	-1.147544e-02
2.574574e+02	-1.160821e-02
2.589444e+02	-1.174251e-02
2.604401e+02	-1.187836e-02
2.619444e+02	-1.201579e-02
2.634574e+02	-1.215480e-02
2.649791e+02	-1.229541e-02
2.665096e+02	-1.243765e-02
2.680489e+02	-1.258154e-02
2.695972e+02	-1.272708e-02
2.711544e+02	-1.287431e-02
2.727205e+02	-1.302324e-02
2.742958e+02	-1.317389e-02
2.758801e+02	-1.332627e-02
2.774736e+02	-1.348042e-02
2.790762e+02	-1.363635e-02
2.806882e+02	-1.379408e-02
2.823094e+02	-1.395363e-02
2.839400e+02	-1.411502e-02
2.855800e+02	-1.427828e-02
2.872295e+02	-1.444342e-02
2.888886e+02	-1.461047e-02
2.905572e+02	-1.477945e-02
2.922354e+02	-1.495037e-02
2.939234e+02	-1.512327e-02
2.956211e+02	-1.529817e-02
2.973286e+02	-1.547509e-02
2.990459e+02	-1.565405e-02
3.007732e+02	-1.583507e-02
3.025104e+02	-1.601818e-02
3.042577e+02	-1.620341e-02
3.060151e+02	-1.639078e-02
3.077826e+02	-1.658030e-02
3.095604e+02	-1.677202e-02
3.113484e+02	-1.696595e-02
3.131467e+02	-1.716211e-02
3.149554e+02	-1.736054e-02
3.167746e+02	-1.756126e-02
3.186043e+02	-1.776429e-02
3.204445e+02	-1.796967e-02
3.222954e+02	-1.817742e-02
3.241570e+02	-1.838756e-02
3.260293e+02	-1.860013e-02
3.279124e+02	-1.881514e-02
3.298064e+02	-1.903264e-02
3.317114e+02	-1.925265e-02
3.336273e+02	-1.947520e-02
3.355544e+02	-1.970031e-02
3.374925e+02	-1.992801e-02
3.394418e+02	-2.015835e-02
3.414024e+02	-2.039134e-02
3.433744e+02	-2.062701e-02
3.453577e+02	-2.086541e-02
3.473525e+02	-2.110655e-02
3.493588e+02	-2.135047e-02
3.513766e+02	-2.159720e-02
3.534062e+02	-2.184678e-02
3.554474e+02	-2.209924e-02
3.575005e+02	-2.235460e-02
3.595654e+02	-2.261291e-02
3.616422e+02	-2.287419e-02
3.637311e+02	-2.313849e-02
3.658320e+02	-2.340583e-02
3.679450e+02	-2.367625e-02
3.700702e+02	-2.394978e-02
3.722077e+02	-2.422647e-02
3.743576e+02	-2.450635e-02
3.765199e+02	-2.478945e-02
3.786946e+02	-2.507581e-02
3.808820e+02	-2.536546e-02
3.830819e+02	-2.565846e-02
3.852946e+02	-2.595483e-02
3.875200e+02	-2.625461e-02
3.897583e+02	-2.655784e-02
3.920096e+02	-2.686457e-02
3.942738e+02	-2.717482e-02
3.965511e+02	-2.748865e-02
3.988416e+02	-2.780609e-02
4.011452e+02	-2.812719e-02
4.034622e+02	-2.845198e-02
4.057926e+02	-2.878050e-02
4.081365e+02	-2.911281e-02
4.104938e+02	-2.944894e-02
4.128648e+02	-2.978894e-02
4.152495e+02	-3.013286e-02
4.176480e+02	-3.048072e-02
4.200603e+02	-3.083259e-02
4.224866e+02	-3.118851e-02
4.249268e+02	-3.154852e-02
4.273812e+02	-3.191267e-02
4.298497e+02	-3.228101e-02
4.323325e+02	-3.265358e-02
4.348297e+02	-3.303044e-02
4.373412e+02	-3.341163e-02
4.398673e+02	-3.379720e-02
4.424079e+02	-3.418721e-02
4.449633e+02	-3.458169e-02
4.475334e+02	-3.498071e-02
4.501183e+02	-3.538432e-02
4.527182e+02	-3.579256e-02
4.553330e+02	-3.620549e-02
4.579630e+02	-3.662317e-02
4.606082e+02	-3.704565e-02
4.632687e+02	-3.747297e-02
4.659445e+02	-3.790521e-02
4.686358e+02	-3.834240e-02
4.713426e+02	-3.878462e-02
4.740650e+02	-3.923192e-02
4.768032e+02	-3.968435e-02
4.795572e+02	-4.014197e-02
4.823271e+02	-4.060485e-02
4.851130e+02	-4.107303e-02
4.879150e+02	-4.154660e-02
4.907332e+02	-4.202559e-02
4.935676e+02	-4.251008e-02
4.964185e+02	-4.300012e-02
4.992858e+02	-4.349579e-02
5.021696e+02	-4.399714e-02
5.050701e+02	-4.450424e-02
5.079874e+02	-4.501716e-02
5.109215e+02	-4.553596e-02
5.138726e+02	-4.606070e-02
5.168407e+02	-4.659145e-02
5.198259e+02	-4.712829e-02
5.228284e+02	-4.767128e-02
5.258482e+02	-4.822050e-02
5.288855e+02	-4.877600e-02
5.319403e+02	-4.933787e-02
5.350128e+02	-4.990617e-02
5.381030e+02	-5.048098e-02
5.412111e+02	-5.106237e-02
5.443371e+02	-5.165042e-02
5.474812e+02	-5.224520e-02
5.506434e+02	-5.284678e-02
5.538239e+02	-5.345525e-02
5.570228e+02	-5.407068e-02
5.602401e+02	-5.469316e-02
5.634760e+02	-5.532275e-02
5.667306e+02	-5.595954e-02
5.700040e+02	-5.660362e-02
5.732964e+02	-5.725506e-02
5.766077e+02	-5.791394e-02
5.799382e+02	-5.858036e-02
5.832879e+02	-5.925439e-02
5.866569e+02	-5.993613e-02
5.900454e+02	-6.062565e-02
5.934535e+02	-6.132305e-02
5.968813e+02	-6.202842e-02
6.003288e+02	-6.274184e-02
6.037963e+02	-6.346340e-02
6.072838e+02	-6.419320e-02
6.107914e+02	-6.493133e-02
6.143194e+02	-6.567789e-02
6.178676e+02	-6.643296e-02
6.214364e+02	-6.719665e-02
6.250258e+02	-6.796904e-02
6.286359e+02	-6.875024e-02
6.322669e+02	-6.954035e-02
6.359189e+02	-7.033947e-02
6.395919e+02	-7.114769e-02
6.432862e+02	-7.196513e-02
6.470017e+02	-7.279187e-02
6.507388e+02	-7.362804e-02
6.544974e+02	-7.447372e-02
6.582778e+02	-7.532904e-02
6.620800e+02	-7.619409e-02
6.659041e+02	-7.706899e-02
6.697504e+02	-7.795384e-02
6.736188e+02	-7.884876e-02
6.775096e+02	-7.975386e-02
6.814229e+02	-8.066925e-02
6.853587e+02	-8.159505e-02
6.893173e+02	-8.253137e-02
6.932988e+02	-8.347833e-02
6.973033e+02	-8.443605e-02
7.013309e+02	-8.540466e-02
7.053817e+02	-8.638426e-02
7.094560e+02	-8.737498e-02
7.135538e+02	-8.837696e-02
7.176752e+02	-8.939030e-02
7.218205e+02	-9.041514e-02
7.259897e+02	-9.145161e-02
7.301830e+02	-9.249983e-02
7.344005e+02	-9.355994e-02
7.386424e+02	-9.463206e-02
7.429087e+02	-9.571633e-02
7.471998e+02	-9.681289e-02
7.515155e+02	-9.792187e-02
7.558563e+02	-9.904341e-02
7.602221e+02	-1.001776e-01
7.646131e+02	-1.013247e-01
7.690295e+02	-1.024848e-01
7.734713e+02	-1.036579e-01
7.779389e+02	-1.048444e-01
7.824322e+02	-1.060442e-01
7.869515e+02	-1.072576e-01
7.914969e+02	-1.084848e-01
7.960686e+02	-1.097258e-01
8.006666e+02	-1.109808e-01
8.052912e+02	-1.122499e-01
8.099426e+02	-1.135334e-01
8.146208e+02	-1.148314e-01
8.193260e+02	-1.161440e-01
8.240584e+02	-1.174714e-01
8.288181e+02	-1.188138e-01
8.336053e+02	-1.201713e-01
8.384202e+02	-1.215441e-01
8.432629e+02	-1.229324e-01
8.481335e+02	-1.243363e-01
8.530323e+02	-1.257560e-01
8.579594e+02	-1.271916e-01
8.629149e+02	-1.286434e-01
8.678991e+02	-1.301116e-01
8.729120e+02	-1.315962e-01
8.779539e+02	-1.330975e-01
8.830250e+02	-1.346157e-01
8.881253e+02	-1.361509e-01
8.932551e+02	-1.377034e-01
8.984145e+02	-1.392732e-01
9.036037e+02	-1.408607e-01
9.088229e+02	-1.424660e-01
9.140722e+02	-1.440892e-01
9.193518e+02	-1.457307e-01
9.246620e+02	-1.473905e-01
9.300028e+02	-1.490689e-01
9.353744e+02	-1.507661e-01
9.407771e+02	-1.524823e-01
9.462110e+02	-1.542177e-01
9.516763e+02	-1.559724e-01
9.571731e+02	-1.577468e-01
9.627017e+02	-1.595410e-01
9.682622e+02	-1.613552e-01
9.738549e+02	-1.631896e-01
9.794798e+02	-1.650445e-01
9.851373e+02	-1.669201e-01
9.908274e+02	-1.688166e-01
9.965504e+02	-1.707342e-01
1.002306e+03	-1.726732e-01
1.008096e+03	-1.746337e-01
1.013918e+03	-1.766161e-01
1.019775e+03	-1.786204e-01
1.025665e+03	-1.806471e-01
1.031589e+03	-1.826963e-01
1.037548e+03	-1.847682e-01
1.043540e+03	-1.868631e-01
1.049568e+03	-1.889813e-01
1.055630e+03	-1.911229e-01
1.061727e+03	-1.932883e-01
1.067860e+03	-1.954776e-01
1.074028e+03	-1.976912e-01
1.080231e+03	-1.999293e-01
1.086471e+03	-2.021921e-01
1.092746e+03	-2.044799e-01
1.099058e+03	-2.067930e-01
1.105406e+03	-2.091317e-01
1.111791e+03	-2.114961e-01
1.118212e+03	-2.138866e-01
1.124671e+03	-2.163035e-01
1.131167e+03	-2.187470e-01
1.137701e+03	-2.212174e-01
1.144272e+03	-2.237150e-01
1.150881e+03	-2.262400e-01
1.157529e+03	-2.287928e-01
1.164215e+03	-2.313736e-01
1.170939e+03	-2.339828e-01
1.177702e+03	-2.366206e-01
1.184505e+03	-2.392873e-01
1.191346e+03	-2.419832e-01
1.198227e+03	-2.447087e-01
1.205148e+03	-2.474639e-01
1.212109e+03	-2.502493e-01
1.219110e+03	-2.530652e-01
1.226152e+03	-2.559118e-01
1.233234e+03	-2.587895e-01
1.240357e+03	-2.616985e-01
1.247521e+03	-2.646393e-01
1.254727e+03	-2.676121e-01
1.261974e+03	-2.706172e-01
1.269263e+03	-2.736551e-01
1.276595e+03	-2.767259e-01
1.283968e+03	-2.798302e-01
1.291384e+03	-2.829681e-01
1.298843e+03	-2.861400e-01
1.306345e+03	-2.893463e-01
1.313891e+03	-2.925874e-01
1.321480e+03	-2.958635e-01
1.329113e+03	-2.991751e-01
1.336790e+03	-3.025224e-01
1.344511e+03	-3.059059e-01
1.352277e+03	-3.093258e-01
1.360087e+03	-3.127827e-01
1.367943e+03	-3.162767e-01
1.375844e+03	-3.198084e-01
1.383791e+03	-3.233781e-01
1.391784e+03	-3.269861e-01
1.399823e+03	-3.306328e-01
1.407908e+03	-3.343187e-01
1.416040e+03	-3.380440e-01
1.424219e+03	-3.418093e-01
1.432445e+03	-3.456148e-01
1.440719e+03	-3.494610e-01
1.449041e+03	-3.533483e-01
1.457410e+03	-3.572770e-01
1.465828e+03	-3.612477e-01
1.474295e+03	-3.652606e-01
1.482810e+03	-3.693162e-01
1.491375e+03	-3.734149e-01
1.499989e+03	-3.775572e-01
1.508653e+03	-3.817434e-01
1.517367e+03	-3.859740e-01
1.526131e+03	-3.902493e-01
1.534946e+03	-3.945699e-01
1.543812e+03	-3.989362e-01
1.552729e+03	-4.033485e-01
1.561697e+03	-4.078074e-01
1.570717e+03	-4.123133e-01
1.579790e+03	-4.168665e-01
1.588915e+03	-4.214677e-01
1.598092e+03	-4.261171e-01
1.607323e+03	-4.308154e-01
1.616606e+03	-4.355628e-01
1.625944e+03	-4.403600e-01
1.635335e+03	-4.452073e-01
1.644781e+03	-4.501052e-01
1.654281e+03	-4.550542e-01
1.663836e+03	-4.600548e-01
1.673446e+03	-4.651075e-01
1.683112e+03	-4.702126e-01
1.692834e+03	-4.753708e-01
1.702611e+03	-4.805824e-01
1.712446e+03	-4.858481e-01
1.722337e+03	-4.911682e-01
1.732285e+03	-4.965433e-01
1.742290e+03	-5.019738e-01
1.752354e+03	-5.074603e-01
1.762475e+03	-5.130033e-01
1.772655e+03	-5.186033e-01
1.782894e+03	-5.242607e-01
1.793192e+03	-5.299762e-01
1.803549e+03	-5.357501e-01
1.813967e+03	-5.415832e-01
1.824444e+03	-5.474758e-01
1.834982e+03	-5.534284e-01
1.845581e+03	-5.594417e-01
1.856241e+03	-5.655162e-01
1.866962e+03	-5.716523e-01
1.877746e+03	-5.778506e-01
1.888592e+03	-5.841117e-01
1.899500e+03	-5.904361e-01
1.910472e+03	-5.968244e-01
1.921506e+03	-6.032770e-01
1.932605e+03	-6.097947e-01
1.943768e+03	-6.163778e-01
1.954995e+03	-6.230269e-01
1.966287e+03	-6.297427e-01
1.977644e+03	-6.365257e-01
1.989067e+03	-6.433764e-01
2.000555e+03	-6.502954e-01
2.012110e+03	-6.572834e-01
2.023732e+03	-6.643407e-01
2.035421e+03	-6.714681e-01
2.047178e+03	-6.786661e-01
2.059002e+03	-6.859354e-01
2.070895e+03	-6.932763e-01
2.082856e+03	-7.006897e-01
2.094887e+03	-7.081759e-01
2.106987e+03	-7.157357e-01
2.119157e+03	-7.233697e-01
2.131397e+03	-7.310783e-01
2.143708e+03	-7.388623e-01
2.156090e+03	-7.467221e-01
2.168543e+03	-7.546585e-01
2.181069e+03	-7.626720e-01
2.193666e+03	-7.707632e-01
2.206337e+03	-7.789327e-01
2.219081e+03	-7.871812e-01
2.231898e+03	-7.955092e-01
2.244789e+03	-8.039173e-01
2.257755e+03	-8.124062e-01
2.270796e+03	-8.209765e-01
2.283912e+03	-8.296288e-01
2.297104e+03	-8.383637e-01
2.310372e+03	-8.471818e-01
2.323716e+03	-8.560838e-01
2.337138e+03	-8.650702e-01
2.350637e+03	-8.741417e-01
2.364214e+03	-8.832990e-01
2.377870e+03	-8.925426e-01
2.391604e+03	-9.018731e-01
2.405418e+03	-9.112913e-01
2.419312e+03	-9.207977e-01
2.433286e+03	-9.303929e-01
2.447340e+03	-9.400776e-01
2.461476e+03	-9.498524e-01
2.475693e+03	-9.597180e-01
2.489993e+03	-9.696750e-01
2.504375e+03	-9.797239e-01
2.518840e+03	-9.898655e-01
2.533389e+03	-1.000100e+00
2.548022e+03	-1.010429e+00
2.562739e+03	-1.020853e+00
2.577541e+03	-1.031371e+00
2.592429e+03	-1.041985e+00
2.607403e+03	-1.052696e+00
2.622463e+03	-1.063504e+00
2.637610e+03	-1.074409e+00
2.652845e+03	-1.085413e+00
2.668168e+03	-1.096516e+00
2.683579e+03	-1.107719e+00
2.699079e+03	-1.119021e+00
2.714669e+03	-1.130425e+00
2.730349e+03	-1.141930e+00
2.746119e+03	-1.153537e+00
2.761981e+03	-1.165247e+00
2.777934e+03	-1.177060e+00
2.793979e+03	-1.188978e+00
2.810117e+03	-1.201000e+00
2.826348e+03	-1.213127e+00
2.842673e+03	-1.225360e+00
2.859092e+03	-1.237699e+00
2.875606e+03	-1.250146e+00
2.892215e+03	-1.262700e+00
2.908921e+03	-1.275363e+00
2.925722e+03	-1.288135e+00
2.942621e+03	-1.301016e+00
2.959618e+03	-1.314007e+00
2.976712e+03	-1.327109e+00
2.993906e+03	-1.340323e+00
3.011198e+03	-1.353648e+00
3.028591e+03	-1.367086e+00
3.046084e+03	-1.380638e+00
3.063678e+03	-1.394302e+00
3.081374e+03	-1.408082e+00
3.099172e+03	-1.421976e+00
3.117072e+03	-1.435986e+00
3.135076e+03	-1.450112e+00
3.153184e+03	-1.464354e+00
3.171397e+03	-1.478714e+00
3.189715e+03	-1.493192e+00
3.208139e+03	-1.507788e+00
3.226669e+03	-1.522502e+00
3.245306e+03	-1.537337e+00
3.264051e+03	-1.552291e+00
3.282904e+03	-1.567366e+00
3.301866e+03	-1.582563e+00
3.320937e+03	-1.597880e+00
3.340119e+03	-1.613320e+00
3.359411e+03	-1.628883e+00
3.378815e+03	-1.644569e+00
3.398331e+03	-1.660379e+00
3.417959e+03	-1.676314e+00
3.437701e+03	-1.692373e+00
3.457557e+03	-1.708557e+00
3.477528e+03	-1.724867e+00
3.497614e+03	-1.741304e+00
3.517816e+03	-1.757867e+00
3.538135e+03	-1.774558e+00
3.558571e+03	-1.791376e+00
3.579125e+03	-1.808323e+00
3.599798e+03	-1.825398e+00
3.620590e+03	-1.842602e+00
3.641503e+03	-1.859937e+00
3.662536e+03	-1.877401e+00
3.683691e+03	-1.894995e+00
3.704967e+03	-1.912721e+00
3.726367e+03	-1.930578e+00
3.747890e+03	-1.948567e+00
3.769538e+03	-1.966688e+00
3.791311e+03	-1.984942e+00
3.813209e+03	-2.003328e+00
3.835234e+03	-2.021848e+00
3.857386e+03	-2.040502e+00
3.879667e+03	-2.059290e+00
3.902075e+03	-2.078213e+00
3.924614e+03	-2.097270e+00
3.947282e+03	-2.116463e+00
3.970081e+03	-2.135791e+00
3.993012e+03	-2.155255e+00
4.016076e+03	-2.174856e+00
4.039272e+03	-2.194593e+00
4.062603e+03	-2.214467e+00
4.086069e+03	-2.234479e+00
4.109670e+03	-2.254627e+00
4.133407e+03	-2.274914e+00
4.157281e+03	-2.295339e+00
4.181294e+03	-2.315902e+00
4.205445e+03	-2.336604e+00
4.229735e+03	-2.357444e+00
4.254166e+03	-2.378424e+00
4.278738e+03	-2.399543e+00
4.303451e+03	-2.420802e+00
4.328308e+03	-2.442201e+00
4.353308e+03	-2.463739e+00
4.378453e+03	-2.485418e+00
4.403742e+03	-2.507238e+00
4.429178e+03	-2.529198e+00
4.454761e+03	-2.551298e+00
4.480492e+03	-2.573540e+00
4.506371e+03	-2.595923e+00
4.532399e+03	-2.618447e+00
4.558578e+03	-2.641113e+00
4.584908e+03	-2.663920e+00
4.611391e+03	-2.686869e+00
4.638026e+03	-2.709960e+00
4.664815e+03	-2.733192e+00
4.691759e+03	-2.756567e+00
4.718858e+03	-2.780083e+00
4.746114e+03	-2.803742e+00
4.773527e+03	-2.827543e+00
4.801099e+03	-2.851486e+00
4.828830e+03	-2.875571e+00
4.856721e+03	-2.899799e+00
4.884773e+03	-2.924169e+00
4.912988e+03	-2.948682e+00
4.941365e+03	-2.973337e+00
4.969906e+03	-2.998134e+00
4.998612e+03	-3.023073e+00
5.027484e+03	-3.048155e+00
5.056522e+03	-3.073379e+00
5.085729e+03	-3.098746e+00
5.115104e+03	-3.124255e+00
5.144648e+03	-3.149905e+00
5.174363e+03	-3.175698e+00
5.204250e+03	-3.201633e+00
5.234310e+03	-3.227709e+00
5.264543e+03	-3.253928e+00
5.294951e+03	-3.280288e+00
5.325534e+03	-3.306790e+00
5.356294e+03	-3.333433e+00
5.387232e+03	-3.360217e+00
5.418348e+03	-3.387142e+00
5.449645e+03	-3.414209e+00
5.481122e+03	-3.441416e+00
5.512780e+03	-3.468763e+00
5.544622e+03	-3.496252e+00
5.576647e+03	-3.523880e+00
5.608858e+03	-3.551648e+00
5.641254e+03	-3.579556e+00
5.673838e+03	-3.607604e+00
5.706610e+03	-3.635791e+00
5.739571e+03	-3.664117e+00
5.772723e+03	-3.692582e+00
5.806066e+03	-3.721186e+00
5.839601e+03	-3.749928e+00
5.873331e+03	-3.778807e+00
5.907255e+03	-3.807825e+00
5.941375e+03	-3.836980e+00
5.975692e+03	-3.866272e+00
6.010207e+03	-3.895701e+00
6.044922e+03	-3.925266e+00
6.079837e+03	-3.954967e+00
6.114954e+03	-3.984805e+00
6.150274e+03	-4.014777e+00
6.185797e+03	-4.044885e+00
6.221526e+03	-4.075128e+00
6.257462e+03	-4.105504e+00
6.293605e+03	-4.136015e+00
6.329956e+03	-4.166660e+00
6.366518e+03	-4.197437e+00
6.403290e+03	-4.228347e+00
6.440276e+03	-4.259390e+00
6.477474e+03	-4.290564e+00
6.514888e+03	-4.321870e+00
6.552518e+03	-4.353308e+00
6.590365e+03	-4.384875e+00
6.628430e+03	-4.416573e+00
6.666716e+03	-4.448401e+00
6.705223e+03	-4.480357e+00
6.743952e+03	-4.512443e+00
6.782905e+03	-4.544656e+00
6.822082e+03	-4.576998e+00
6.861486e+03	-4.609467e+00
6.901118e+03	-4.642062e+00
6.940979e+03	-4.674784e+00
6.981069e+03	-4.707632e+00
7.021392e+03	-4.740605e+00
7.061947e+03	-4.773702e+00
7.102737e+03	-4.806924e+00
7.143762e+03	-4.840269e+00
7.185024e+03	-4.873738e+00
7.226524e+03	-4.907329e+00
7.268264e+03	-4.941042e+00
7.310246e+03	-4.974876e+00
7.352469e+03	-5.008832e+00
7.394937e+03	-5.042907e+00
7.437650e+03	-5.077102e+00
7.480609e+03	-5.111417e+00
7.523817e+03	-5.145850e+00
7.567274e+03	-5.180401e+00
7.610982e+03	-5.215069e+00
7.654943e+03	-5.249854e+00
7.699158e+03	-5.284755e+00
7.743628e+03	-5.319771e+00
7.788355e+03	-5.354903e+00
7.833340e+03	-5.390149e+00
7.878585e+03	-5.425508e+00
7.924091e+03	-5.460981e+00
7.969861e+03	-5.496565e+00
8.015894e+03	-5.532262e+00
8.062194e+03	-5.568070e+00
8.108761e+03	-5.603988e+00
8.155596e+03	-5.640016e+00
8.202703e+03	-5.676153e+00
8.250081e+03	-5.712399e+00
8.297733e+03	-5.748752e+00
8.345661e+03	-5.785213e+00
8.393865e+03	-5.821780e+00
8.442348e+03	-5.858453e+00
8.491110e+03	-5.895231e+00
8.540155e+03	-5.932114e+00
8.589482e+03	-5.969100e+00
8.639095e+03	-6.006190e+00
8.688994e+03	-6.043382e+00
8.739181e+03	-6.080676e+00
8.789658e+03	-6.118071e+00
8.840427e+03	-6.155567e+00
8.891489e+03	-6.193162e+00
8.942846e+03	-6.230856e+00
8.994499e+03	-6.268648e+00
9.046451e+03	-6.306539e+00
9.098703e+03	-6.344526e+00
9.151257e+03	-6.382609e+00
9.204114e+03	-6.420788e+00
9.257277e+03	-6.459061e+00
9.310746e+03	-6.497429e+00
9.364525e+03	-6.535890e+00
9.418614e+03	-6.574444e+00
9.473015e+03	-6.613090e+00
9.527731e+03	-6.651827e+00
9.582763e+03	-6.690655e+00
9.638113e+03	-6.729573e+00
9.693782e+03	-6.768580e+00
9.749773e+03	-6.807675e+00
9.806087e+03	-6.846858e+00
9.862727e+03	-6.886128e+00
9.919693e+03	-6.925484e+00
9.976989e+03	-6.964926e+00
1.003462e+04	-7.004453e+00
1.009258e+04	-7.044063e+00
1.015087e+04	-7.083758e+00
1.020950e+04	-7.123535e+00
1.026847e+04	-7.163394e+00
1.032778e+04	-7.203334e+00
1.038743e+04	-7.243355e+00
1.044743e+04	-7.283455e+00
1.050777e+04	-7.323635e+00
1.056847e+04	-7.363893e+00
1.062951e+04	-7.404229e+00
1.069091e+04	-7.444642e+00
1.075266e+04	-7.485131e+00
1.081476e+04	-7.525696e+00
1.087723e+04	-7.566335e+00
1.094006e+04	-7.607049e+00
1.100324e+04	-7.647836e+00
1.106680e+04	-7.688695e+00
1.113072e+04	-7.729627e+00
1.119501e+04	-7.770630e+00
1.125967e+04	-7.811703e+00
1.132471e+04	-7.852846e+00
1.139012e+04	-7.894058e+00
1.145591e+04	-7.935339e+00
1.152208e+04	-7.976687e+00
1.158863e+04	-8.018103e+00
1.165556e+04	-8.059584e+00
1.172289e+04	-8.101131e+00
1.179060e+04	-8.142743e+00
1.185870e+04	-8.184420e+00
1.192719e+04	-8.226159e+00
1.199608e+04	-8.267961e+00
1.206537e+04	-8.309826e+00
1.213506e+04	-8.351751e+00
1.220515e+04	-8.393738e+00
1.227565e+04	-8.435784e+00
1.234655e+04	-8.477889e+00
1.241787e+04	-8.520053e+00
1.248959e+04	-8.562275e+00
1.256173e+04	-8.604554e+00
1.263429e+04	-8.646889e+00
1.270726e+04	-8.689280e+00
1.278066e+04	-8.731727e+00
1.285448e+04	-8.774227e+00
1.292873e+04	-8.816781e+00
1.300340e+04	-8.859388e+00
1.307851e+04	-8.902048e+00
1.315405e+04	-8.944759e+00
1.323003e+04	-8.987521e+00
1.330644e+04	-9.030333e+00
1.338330e+04	-9.073195e+00
1.346060e+04	-9.116106e+00
1.353835e+04	-9.159065e+00
1.361655e+04	-9.202071e+00
1.369520e+04	-9.245125e+00
1.377430e+04	-9.288224e+00
1.385386e+04	-9.331369e+00
1.393388e+04	-9.374559e+00
1.401436e+04	-9.417793e+00
1.409531e+04	-9.461071e+00
1.417672e+04	-9.504391e+00
1.425861e+04	-9.547753e+00
1.434096e+04	-9.591157e+00
1.442379e+04	-9.634602e+00
1.450711e+04	-9.678087e+00
1.459090e+04	-9.721611e+00
1.467518e+04	-9.765174e+00
1.475994e+04	-9.808775e+00
1.484519e+04	-9.852414e+00
1.493094e+04	-9.896090e+00
1.501718e+04	-9.939801e+00
1.510392e+04	-9.983549e+00
1.519116e+04	-1.002733e+01
1.527890e+04	-1.007115e+01
1.536715e+04	-1.011500e+01
1.545591e+04	-1.015888e+01
1.554518e+04	-1.020279e+01
1.563497e+04	-1.024674e+01
1.572528e+04	-1.029072e+01
1.581611e+04	-1.033473e+01
1.590746e+04	-1.037876e+01
1.599934e+04	-1.042283e+01
1.609175e+04	-1.046693e+01
1.618470e+04	-1.051105e+01
1.627818e+04	-1.055520e+01
1.637220e+04	-1.059937e+01
1.646677e+04	-1.064357e+01
1.656188e+04	-1.068780e+01
1.665754e+04	-1.073205e+01
1.675375e+04	-1.077633e+01
1.685052e+04	-1.082063e+01
1.694785e+04	-1.086495e+01
1.704574e+04	-1.090929e+01
1.714419e+04	-1.095365e+01
1.724322e+04	-1.099804e+01
1.734281e+04	-1.104244e+01
1.744299e+04	-1.108687e+01
1.754374e+04	-1.113131e+01
1.764507e+04	-1.117577e+01
1.774698e+04	-1.122025e+01
1.784949e+04	-1.126474e+01
1.795259e+04	-1.130925e+01
1.805628e+04	-1.135378e+01
1.816057e+04	-1.139832e+01
1.826547e+04	-1.144288e+01
1.837097e+04	-1.148745e+01
1.847708e+04	-1.153203e+01
1.858380e+04	-1.157662e+01
1.869114e+04	-1.162123e+01
1.879910e+04	-1.166584e+01
1.890768e+04	-1.171047e+01
1.901689e+04	-1.175511e+01
1.912673e+04	-1.179975e+01
1.923721e+04	-1.184441e+01
1.934832e+04	-1.188907e+01
1.946008e+04	-1.193374e+01
1.957248e+04	-1.197841e+01
1.968553e+04	-1.202310e+01
1.979923e+04	-1.206778e+01
1.991359e+04	-1.211247e+01
2.002861e+04	-1.215717e+01
2.014430e+04	-1.220187e+01
2.026065e+04	-1.224657e+01
2.037767e+04	-1.229127e+01
2.049537e+04	-1.233597e+01
2.061375e+04	-1.238068e+01
2.073282e+04	-1.242538e+01
2.085257e+04	-1.247009e+01
2.097301e+04	-1.251479e+01
2.109415e+04	-1.255949e+01
2.121599e+04	-1.260419e+01
2.133853e+04	-1.264888e+01
2.146178e+04	-1.269357e+01
2.158575e+04	-1.273826e+01
2.171043e+04	-1.278294e+01
2.183582e+04	-1.282761e+01
2.196195e+04	-1.287228e+01
2.208880e+04	-1.291694e+01
2.221638e+04	-1.296159e+01
2.234470e+04	-1.300624e+01
2.247377e+04	-1.305087e+01
2.260357e+04	-1.309549e+01
2.273413e+04	-1.314011e+01
2.286544e+04	-1.318471e+01
2.299751e+04	-1.322930e+01
2.313034e+04	-1.327387e+01
2.326394e+04	-1.331843e+01
2.339832e+04	-1.336298e+01
2.353346e+04	-1.340751e+01
2.366939e+04	-1.345203e+01
2.380610e+04	-1.349653e+01
2.394361e+04	-1.354102e+01
2.408191e+04	-1.358548e+01
2.422100e+04	-1.362993e+01
2.436090e+04	-1.367436e+01
2.450161e+04	-1.371876e+01
2.464313e+04	-1.376315e+01
2.478547e+04	-1.380751e+01
2.492863e+04	-1.385186e+01
2.507261e+04	-1.389618e+01
2.521743e+04	-1.394047e+01
2.536309e+04	-1.398474e+01
2.550958e+04	-1.402899e+01
2.565692e+04	-1.407321e+01
2.580512e+04	-1.411740e+01
2.595417e+04	-1.416157e+01
2.610408e+04	-1.420570e+01
2.625485e+04	-1.424981e+01
2.640650e+04	-1.429389e+01
2.655902e+04	-1.433793e+01
2.671243e+04	-1.438195e+01
2.686672e+04	-1.442593e+01
2.702190e+04	-1.446988e+01
2.717798e+04	-1.451379e+01
2.733495e+04	-1.455767e+01
2.749284e+04	-1.460152e+01
2.765164e+04	-1.464533e+01
2.781135e+04	-1.468910e+01
2.797199e+04	-1.473283e+01
2.813355e+04	-1.477652e+01
2.829605e+04	-1.482017e+01
2.845949e+04	-1.486379e+01
2.862387e+04	-1.490736e+01
2.878920e+04	-1.495088e+01
2.895549e+04	-1.499437e+01
2.912273e+04	-1.503781e+01
2.929094e+04	-1.508120e+01
2.946013e+04	-1.512455e+01
2.963029e+04	-1.516785e+01
2.980143e+04	-1.521110e+01
2.997356e+04	-1.525431e+01
3.014669e+04	-1.529746e+01
3.032081e+04	-1.534057e+01
3.049595e+04	-1.538362e+01
3.067209e+04	-1.542662e+01
3.084925e+04	-1.546956e+01
3.102743e+04	-1.551245e+01
3.120665e+04	-1.555529e+01
3.138690e+04	-1.559806e+01
3.156819e+04	-1.564078e+01
3.175052e+04	-1.568344e+01
3.193391e+04	-1.572604e+01
3.211836e+04	-1.576858e+01
3.230388e+04	-1.581106e+01
3.249046e+04	-1.585348e+01
3.267812e+04	-1.589583e+01
3.286687e+04	-1.593811e+01
3.305671e+04	-1.598033e+01
3.324764e+04	-1.602249e+01
3.343968e+04	-1.606457e+01
3.363283e+04	-1.610658e+01
3.382709e+04	-1.614853e+01
3.402247e+04	-1.619040e+01
3.421899e+04	-1.623220e+01
3.441663e+04	-1.627392e+01
3.461542e+04	-1.631557e+01
3.481536e+04	-1.635714e+01
3.501645e+04	-1.639864e+01
3.521871e+04	-1.644005e+01
3.542213e+04	-1.648139e+01
3.562672e+04	-1.652264e+01
3.583250e+04	-1.656381e+01
3.603947e+04	-1.660490e+01
3.624763e+04	-1.664590e+01
3.645700e+04	-1.668682e+01
3.666757e+04	-1.672764e+01
3.687936e+04	-1.676838e+01
3.709238e+04	-1.680903e+01
3.730662e+04	-1.684958e+01
3.752210e+04	-1.689004e+01
3.773883e+04	-1.693041e+01
3.795680e+04	-1.697068e+01
3.817604e+04	-1.701085e+01
3.839654e+04	-1.705092e+01
3.861832e+04	-1.709090e+01
3.884138e+04	-1.713077e+01
3.906573e+04	-1.717053e+01
3.929137e+04	-1.721020e+01
3.951831e+04	-1.724975e+01
3.974657e+04	-1.728920e+01
3.997614e+04	-1.732854e+01
4.020704e+04	-1.736776e+01
4.043928e+04	-1.740687e+01
4.067285e+04	-1.744587e+01
4.090778e+04	-1.748476e+01
4.114406e+04	-1.752352e+01
4.138171e+04	-1.756216e+01
4.162073e+04	-1.760069e+01
4.186113e+04	-1.763909e+01
4.210291e+04	-1.767736e+01
4.234610e+04	-1.771551e+01
4.259069e+04	-1.775353e+01
4.283669e+04	-1.779142e+01
4.308411e+04	-1.782918e+01
4.333297e+04	-1.786681e+01
4.358325e+04	-1.790430e+01
4.383499e+04	-1.794165e+01
4.408818e+04	-1.797886e+01
4.434283e+04	-1.801593e+01
4.459895e+04	-1.805286e+01
4.485655e+04	-1.808964e+01
4.511564e+04	-1.812627e+01
4.537623e+04	-1.816275e+01
4.563832e+04	-1.819908e+01
4.590193e+04	-1.823526e+01
4.616705e+04	-1.827128e+01
4.643371e+04	-1.830715e+01
4.670191e+04	-1.834285e+01
4.697166e+04	-1.837839e+01
4.724297e+04	-1.841376e+01
4.751584e+04	-1.844897e+01
4.779029e+04	-1.848401e+01
4.806633e+04	-1.851887e+01
4.834395e+04	-1.855356e+01
4.862319e+04	-1.858808e+01
4.890403e+04	-1.862241e+01
4.918650e+04	-1.865656e+01
4.947060e+04	-1.869053e+01
4.975634e+04	-1.872431e+01
5.004373e+04	-1.875790e+01
5.033278e+04	-1.879130e+01
5.062350e+04	-1.882451e+01
5.091590e+04	-1.885751e+01
5.120999e+04	-1.889032e+01
5.150578e+04	-1.892292e+01
5.180327e+04	-1.895532e+01
5.210248e+04	-1.898750e+01
5.240343e+04	-1.901948e+01
5.270611e+04	-1.905124e+01
5.301053e+04	-1.908278e+01
5.331672e+04	-1.911410e+01
5.362468e+04	-1.914520e+01
5.393441e+04	-1.917607e+01
5.424593e+04	-1.920671e+01
5.455926e+04	-1.923711e+01
5.487439e+04	-1.926728e+01
5.519134e+04	-1.929721e+01
5.551012e+04	-1.932689e+01
5.583075e+04	-1.935633e+01
5.615322e+04	-1.938551e+01
5.647756e+04	-1.941444e+01
5.680377e+04	-1.944311e+01
5.713187e+04	-1.947152e+01
5.746186e+04	-1.949967e+01
5.779376e+04	-1.952755e+01
5.812757e+04	-1.955515e+01
5.846332e+04	-1.958247e+01
5.880100e+04	-1.960952e+01
5.914063e+04	-1.963628e+01
5.948222e+04	-1.966275e+01
5.982579e+04	-1.968893e+01
6.017134e+04	-1.971480e+01
6.051889e+04	-1.974038e+01
6.086844e+04	-1.976565e+01
6.122002e+04	-1.979061e+01
6.157362e+04	-1.981526e+01
6.192927e+04	-1.983958e+01
6.228697e+04	-1.986358e+01
6.264674e+04	-1.988725e+01
6.300858e+04	-1.991059e+01
6.337252e+04	-1.993358e+01
6.373855e+04	-1.995624e+01
6.410670e+04	-1.997854e+01
6.447698e+04	-2.000049e+01
6.484940e+04	-2.002208e+01
6.522397e+04	-2.004330e+01
6.560070e+04	-2.006415e+01
6.597960e+04	-2.008463e+01
6.636070e+04	-2.010472e+01
6.674400e+04	-2.012443e+01
6.712951e+04	-2.014374e+01
6.751724e+04	-2.016265e+01
6.790722e+04	-2.018116e+01
6.829945e+04	-2.019925e+01
6.869395e+04	-2.021693e+01
6.909072e+04	-2.023418e+01
6.948978e+04	-2.025100e+01
6.989115e+04	-2.026739e+01
7.029484e+04	-2.028332e+01
7.070086e+04	-2.029881e+01
7.110923e+04	-2.031384e+01
7.151995e+04	-2.032840e+01
7.193305e+04	-2.034249e+01
7.234853e+04	-2.035610e+01
7.276641e+04	-2.036922e+01
7.318671e+04	-2.038184e+01
7.360943e+04	-2.039396e+01
7.403460e+04	-2.040556e+01
7.446222e+04	-2.041665e+01
7.489231e+04	-2.042721e+01
7.532488e+04	-2.043723e+01
7.575996e+04	-2.044670e+01
7.619754e+04	-2.045562e+01
7.663766e+04	-2.046397e+01
7.708031e+04	-2.047175e+01
7.752553e+04	-2.047895e+01
7.797331e+04	-2.048555e+01
7.842368e+04	-2.049155e+01
7.887665e+04	-2.049694e+01
7.933224e+04	-2.050170e+01
7.979046e+04	-2.050583e+01
8.025133e+04	-2.050932e+01
8.071486e+04	-2.051214e+01
8.118106e+04	-2.051431e+01
8.164996e+04	-2.051579e+01
8.212157e+04	-2.051658e+01
8.259590e+04	-2.051667e+01
8.307297e+04	-2.051604e+01
8.355279e+04	-2.051469e+01
8.403539e+04	-2.051259e+01
8.452078e+04	-2.050974e+01
8.500897e+04	-2.050612e+01
8.549997e+04	-2.050172e+01
8.599382e+04	-2.049652e+01
8.649052e+04	-2.049051e+01
8.699008e+04	-2.048368e+01
8.749253e+04	-2.047601e+01
8.799789e+04	-2.046747e+01
8.850616e+04	-2.045807e+01
8.901737e+04	-2.044777e+01
8.953153e+04	-2.043657e+01
9.004866e+04	-2.042445e+01
9.056877e+04	-2.041138e+01
9.109190e+04	-2.039735e+01
9.161804e+04	-2.038234e+01
9.214722e+04	-2.036633e+01
9.267946e+04	-2.034931e+01
9.321477e+04	-2.033124e+01
9.375318e+04	-2.031211e+01
9.429469e+04	-2.029190e+01
9.483933e+04	-2.027059e+01
9.538712e+04	-2.024815e+01
9.593807e+04	-2.022456e+01
9.649221e+04	-2.019979e+01
9.704954e+04	-2.017382e+01
9.761010e+04	-2.014663e+01
9.817389e+04	-2.011818e+01
9.874094e+04	-2.008846e+01
9.931126e+04	-2.005742e+01
9.988488e+04	-2.002504e+01
1.004618e+05	-1.999130e+01
1.010421e+05	-1.995616e+01
1.016257e+05	-1.991959e+01
1.022127e+05	-1.988155e+01
1.028031e+05	-1.984201e+01
1.033968e+05	-1.980094e+01
1.039941e+05	-1.975830e+01
1.045947e+05	-1.971405e+01
1.051989e+05	-1.966815e+01
1.058065e+05	-1.962056e+01
1.064176e+05	-1.957123e+01
1.070323e+05	-1.952014e+01
1.076505e+05	-1.946722e+01
1.082723e+05	-1.941243e+01
1.088977e+05	-1.935572e+01
1.095266e+05	-1.929705e+01
1.101593e+05	-1.923635e+01
1.107955e+05	-1.917357e+01
1.114355e+05	-1.910866e+01
1.120791e+05	-1.904156e+01
1.127265e+05	-1.897220e+01
1.133776e+05	-1.890051e+01
1.140325e+05	-1.882644e+01
1.146911e+05	-1.874990e+01
1.153536e+05	-1.867083e+01
1.160198e+05	-1.858914e+01
1.166900e+05	-1.850476e+01
1.173640e+05	-1.841760e+01
1.180419e+05	-1.832757e+01
1.187237e+05	-1.823458e+01
1.194094e+05	-1.813853e+01
1.200991e+05	-1.803931e+01
1.207928e+05	-1.793682e+01
1.214905e+05	-1.783094e+01
1.221922e+05	-1.772155e+01
1.228980e+05	-1.760852e+01
1.236078e+05	-1.749173e+01
1.243218e+05	-1.737102e+01
1.250399e+05	-1.724625e+01
1.257621e+05	-1.711726e+01
1.264885e+05	-1.698388e+01
1.272191e+05	-1.684592e+01
1.279539e+05	-1.670320e+01
1.286930e+05	-1.655552e+01
1.294363e+05	-1.640265e+01
1.301839e+05	-1.624437e+01
1.309358e+05	-1.608043e+01
1.316921e+05	-1.591056e+01
1.324528e+05	-1.573447e+01
1.332178e+05	-1.555187e+01
1.339873e+05	-1.536242e+01
1.347612e+05	-1.516577e+01
1.355395e+05	-1.496153e+01
1.363224e+05	-1.474929e+01
1.371098e+05	-1.452860e+01
1.379018e+05	-1.429898e+01
1.386983e+05	-1.405988e+01
1.394994e+05	-1.381072e+01
1.403051e+05	-1.355088e+01
1.411155e+05	-1.327966e+01
1.419306e+05	-1.299629e+01
1.427504e+05	-1.269994e+01
1.435749e+05	-1.238966e+01
1.444042e+05	-1.206445e+01
1.452383e+05	-1.172316e+01
1.460772e+05	-1.136452e+01
1.469209e+05	-1.098715e+01
1.477695e+05	-1.058947e+01
1.486230e+05	-1.016976e+01
1.494814e+05	-9.726092e+00
1.503448e+05	-9.256326e+00
1.512132e+05	-8.758122e+00
1.520866e+05	-8.228933e+00
1.529651e+05	-7.666050e+00
1.538486e+05	-7.066702e+00
1.547372e+05	-6.428252e+00
1.556310e+05	-5.748592e+00
1.565299e+05	-5.026855e+00
1.574340e+05	-4.264704e+00
1.583433e+05	-3.468574e+00
1.592579e+05	-2.653359e+00
1.601778e+05	-1.847936e+00
1.611030e+05	-1.101792e+00
1.620335e+05	-4.887280e-01
1.629694e+05	-9.847437e-02
1.639107e+05	-7.674425e-03
1.648574e+05	-2.409837e-01
1.658097e+05	-7.560485e-01
1.667674e+05	-1.468555e+00
1.677306e+05	-2.291190e+00
1.686994e+05	-3.156774e+00
1.696738e+05	-4.022146e+00
1.706538e+05	-4.862940e+00
1.716395e+05	-5.667057e+00
1.726309e+05	-6.429653e+00
1.736280e+05	-7.149911e+00
1.746309e+05	-7.829105e+00
1.756395e+05	-8.469511e+00
1.766540e+05	-9.073795e+00
1.776744e+05	-9.644689e+00
1.787006e+05	-1.018483e+01
1.797328e+05	-1.069667e+01
1.807709e+05	-1.118246e+01
1.818150e+05	-1.164423e+01
1.828652e+05	-1.208382e+01
1.839214e+05	-1.250287e+01
1.849837e+05	-1.290286e+01
1.860522e+05	-1.328510e+01
1.871268e+05	-1.365079e+01
1.882077e+05	-1.400099e+01
1.892948e+05	-1.433665e+01
1.903881e+05	-1.465864e+01
1.914878e+05	-1.496772e+01
1.925938e+05	-1.526460e+01
1.937062e+05	-1.554992e+01
1.948251e+05	-1.582425e+01
1.959504e+05	-1.608810e+01
1.970822e+05	-1.634195e+01
1.982205e+05	-1.658624e+01
1.993654e+05	-1.682134e+01
2.005169e+05	-1.704762e+01
2.016751e+05	-1.726540e+01
2.028400e+05	-1.747498e+01
2.040116e+05	-1.767662e+01
2.051899e+05	-1.787057e+01
2.063751e+05	-1.805705e+01
2.075671e+05	-1.823626e+01
2.087660e+05	-1.840839e+01
2.099719e+05	-1.857360e+01
2.111846e+05	-1.873205e+01
2.124044e+05	-1.888386e+01
2.136313e+05	-1.902916e+01
2.148652e+05	-1.916806e+01
2.161063e+05	-1.930065e+01
2.173545e+05	-1.942701e+01
2.186099e+05	-1.954723e+01
2.198726e+05	-1.966134e+01
2.211426e+05	-1.976942e+01
2.224199e+05	-1.987150e+01
2.237046e+05	-1.996761e+01
2.249967e+05	-2.005777e+01
2.262962e+05	-2.014200e+01
2.276033e+05	-2.022029e+01
2.289179e+05	-2.029265e+01
2.302402e+05	-2.035907e+01
2.315700e+05	-2.041950e+01
2.329076e+05	-2.047394e+01
2.342528e+05	-2.052233e+01
2.356059e+05	-2.056462e+01
2.369667e+05	-2.060075e+01
2.383354e+05	-2.063067e+01
2.397120e+05	-2.065428e+01
2.410966e+05	-2.067149e+01
2.424892e+05	-2.068221e+01
2.438898e+05	-2.068633e+01
2.452985e+05	-2.068372e+01
2.467153e+05	-2.067425e+01
2.481403e+05	-2.065777e+01
2.495736e+05	-2.063412e+01
2.510151e+05	-2.060311e+01
2.524650e+05	-2.056456e+01
2.539232e+05	-2.051825e+01
2.553898e+05	-2.046396e+01
2.568650e+05	-2.040143e+01
2.583486e+05	-2.033040e+01
2.598408e+05	-2.025056e+01
2.613416e+05	-2.016160e+01
2.628511e+05	-2.006316e+01
2.643694e+05	-1.995486e+01
2.658963e+05	-1.983627e+01
2.674321e+05	-1.970695e+01
2.689768e+05	-1.956637e+01
2.705304e+05	-1.941400e+01
2.720930e+05	-1.924922e+01
2.736646e+05	-1.907136e+01
2.752453e+05	-1.887966e+01
2.768351e+05	-1.867330e+01
2.784341e+05	-1.845136e+01
2.800423e+05	-1.821279e+01
2.816598e+05	-1.795645e+01
2.832867e+05	-1.768101e+01
2.849229e+05	-1.738500e+01
2.865686e+05	-1.706672e+01
2.882238e+05	-1.672424e+01
2.898886e+05	-1.635532e+01
2.915630e+05	-1.595739e+01
2.932470e+05	-1.552740e+01
2.949408e+05	-1.506182e+01
2.966444e+05	-1.455642e+01
2.983578e+05	-1.400615e+01
3.000811e+05	-1.340491e+01
3.018143e+05	-1.274522e+01
3.035576e+05	-1.201792e+01
3.053109e+05	-1.121153e+01
3.070744e+05	-1.031173e+01
3.088481e+05	-9.300524e+00
3.106320e+05	-8.155691e+00
3.124261e+05	-6.851394e+00
3.142307e+05	-5.363495e+00
3.160457e+05	-3.691481e+00
3.178712e+05	-1.932402e+00
3.197072e+05	-4.630545e-01
3.215538e+05	-2.670994e-02
3.234111e+05	-9.687061e-01
3.252791e+05	-2.672416e+00
3.271579e+05	-4.490190e+00
3.290475e+05	-6.167428e+00
3.309481e+05	-7.654510e+00
3.328596e+05	-8.964418e+00
3.347822e+05	-1.012292e+01
3.367159e+05	-1.115467e+01
3.386608e+05	-1.208023e+01
3.406169e+05	-1.291609e+01
3.425842e+05	-1.367533e+01
3.445630e+05	-1.436836e+01
3.465532e+05	-1.500355e+01
3.485549e+05	-1.558764e+01
3.505681e+05	-1.612615e+01
3.525930e+05	-1.662362e+01
3.546295e+05	-1.708379e+01
3.566778e+05	-1.750980e+01
3.587380e+05	-1.790427e+01
3.608101e+05	-1.826942e+01
3.628941e+05	-1.860710e+01
3.649901e+05	-1.891890e+01
3.670983e+05	-1.920614e+01
3.692187e+05	-1.946995e+01
3.713513e+05	-1.971127e+01
3.734962e+05	-1.993087e+01
3.756535e+05	-2.012941e+01
3.778232e+05	-2.030738e+01
3.800055e+05	-2.046518e+01
3.822004e+05	-2.060311e+01
3.844080e+05	-2.072136e+01
3.866283e+05	-2.082001e+01
3.888615e+05	-2.089906e+01
3.911075e+05	-2.095843e+01
3.933665e+05	-2.099793e+01
3.956386e+05	-2.101727e+01
3.979238e+05	-2.101608e+01
4.002222e+05	-2.099386e+01
4.025338e+05	-2.095002e+01
4.048589e+05	-2.088384e+01
4.071973e+05	-2.079446e+01
4.095493e+05	-2.068086e+01
4.119148e+05	-2.054184e+01
4.142940e+05	-2.037603e+01
4.166870e+05	-2.018178e+01
4.190937e+05	-1.995720e+01
4.215144e+05	-1.970003e+01
4.239490e+05	-1.940764e+01
4.263978e+05	-1.907688e+01
4.288606e+05	-1.870400e+01
4.313377e+05	-1.828449e+01
4.338291e+05	-1.781283e+01
4.363349e+05	-1.728225e+01
4.388551e+05	-1.668428e+01
4.413899e+05	-1.600815e+01
4.439394e+05	-1.523996e+01
4.465035e+05	-1.436135e+01
4.490825e+05	-1.334747e+01
4.516764e+05	-1.216379e+01
4.542853e+05	-1.076100e+01
4.569092e+05	-9.067329e+00
4.595483e+05	-6.980917e+00
4.622026e+05	-4.393167e+00
4.648723e+05	-1.477337e+00
4.675574e+05	-1.162314e-02
4.702580e+05	-1.978410e+00
4.729742e+05	-4.982191e+00
4.757060e+05	-7.578474e+00
4.784537e+05	-9.683660e+00
4.812172e+05	-1.141076e+01
4.839967e+05	-1.285662e+01
4.867923e+05	-1.408864e+01
4.896040e+05	-1.515299e+01
4.924319e+05	-1.608194e+01
4.952762e+05	-1.689862e+01
4.981369e+05	-1.762001e+01
5.010141e+05	-1.825879e+01
5.039079e+05	-1.882463e+01
5.068185e+05	-1.932496e+01
5.097458e+05	-1.976550e+01
5.126901e+05	-2.015072e+01
5.156514e+05	-2.048404e+01
5.186298e+05	-2.076804e+01
5.216253e+05	-2.100460e+01
5.246382e+05	-2.119500e+01
5.276685e+05	-2.133997e+01
5.307163e+05	-2.143974e+01
5.337817e+05	-2.149406e+01
5.368648e+05	-2.150216e+01
5.399657e+05	-2.146279e+01
5.430845e+05	-2.137410e+01
5.462214e+05	-2.123363e+01
5.493763e+05	-2.103815e+01
5.525495e+05	-2.078354e+01
5.557410e+05	-2.046456e+01
5.589509e+05	-2.007451e+01
5.621794e+05	-1.960483e+01
5.654265e+05	-1.904438e+01
5.686924e+05	-1.837850e+01
5.719772e+05	-1.758735e+01
5.752809e+05	-1.664344e+01
5.786037e+05	-1.550720e+01
5.819457e+05	-1.411911e+01
5.853070e+05	-1.238455e+01
5.886877e+05	-1.014343e+01
5.920879e+05	-7.114084e+00
5.955078e+05	-2.955749e+00
5.989474e+05	-2.413419e-02
6.024069e+05	-3.725574e+00
6.058864e+05	-7.843218e+00
6.093860e+05	-1.085195e+01
6.129058e+05	-1.311773e+01
6.164459e+05	-1.489990e+01
6.200064e+05	-1.634520e+01
6.235876e+05	-1.754046e+01
6.271894e+05	-1.854007e+01
6.308120e+05	-1.937981e+01
6.344555e+05	-2.008397e+01
6.381201e+05	-2.066939e+01
6.418059e+05	-2.114780e+01
6.455129e+05	-2.152719e+01
6.492414e+05	-2.181273e+01
6.529914e+05	-2.200723e+01
6.567630e+05	-2.211147e+01
6.605565e+05	-2.212428e+01
6.643718e+05	-2.204249e+01
6.682092e+05	-2.186066e+01
6.720688e+05	-2.157064e+01
6.759506e+05	-2.116082e+01
6.798549e+05	-2.061479e+01
6.837817e+05	-1.990929e+01
6.877312e+05	-1.901051e+01
6.917035e+05	-1.786750e+01
6.956987e+05	-1.639914e+01
6.997171e+05	-1.446604e+01
7.037586e+05	-1.180175e+01
7.078235e+05	-7.826319e+00
7.119118e+05	-1.646201e+00
7.160238e+05	-2.698919e+00
7.201595e+05	-8.764465e+00
7.243191e+05	-1.264827e+01
7.285028e+05	-1.532863e+01
7.327106e+05	-1.731768e+01
7.369427e+05	-1.885282e+01
7.411992e+05	-2.005841e+01
7.454804e+05	-2.100560e+01
7.497862e+05	-2.173725e+01
7.541170e+05	-2.227935e+01
7.584727e+05	-2.264682e+01
7.628536e+05	-2.284637e+01
7.672598e+05	-2.287778e+01
7.716915e+05	-2.273403e+01
7.761488e+05	-2.240028e+01
7.806318e+05	-2.185145e+01
7.851407e+05	-2.104721e+01
7.896756e+05	-1.992210e+01
7.942367e+05	-1.836411e+01
7.988242e+05	-1.616260e+01
8.034382e+05	-1.285478e+01
8.080788e+05	-7.146126e+00
8.127463e+05	-3.536658e-01
8.174406e+05	-9.147928e+00
8.221621e+05	-1.426093e+01
8.269109e+05	-1.742383e+01
8.316871e+05	-1.961210e+01
8.364909e+05	-2.119196e+01
8.413225e+05	-2.233183e+01
8.461819e+05	-2.311706e+01
8.510694e+05	-2.359004e+01
8.559852e+05	-2.376610e+01
8.609293e+05	-2.363876e+01
8.659020e+05	-2.317850e+01
8.709034e+05	-2.232399e+01
8.759337e+05	-2.095901e+01
8.809931e+05	-1.885130e+01
8.860816e+05	-1.545552e+01
8.911996e+05	-8.982271e+00
8.963471e+05	-2.186520e+00
9.015244e+05	-1.295861e+01
9.067316e+05	-1.787723e+01
9.119688e+05	-2.081347e+01
9.172363e+05	-2.272485e+01
9.225342e+05	-2.394576e+01
9.278628e+05	-2.461176e+01
9.332221e+05	-2.476483e+01
9.386123e+05	-2.438025e+01
9.440337e+05	-2.335562e+01
9.494864e+05	-2.144628e+01
9.549706e+05	-1.802366e+01
9.604865e+05	-1.070035e+01
9.660342e+05	-6.311409e+00
9.716140e+05	-1.698789e+01
9.772260e+05	-2.150486e+01
9.828704e+05	-2.404157e+01
9.885474e+05	-2.543237e+01
9.942572e+05	-2.592097e+01
1.000000e+06	-2.551430e+01
