Frequency(Hz)	Magnitude(dB)
1.000000e+01	-1.949862e+00
1.005776e+01	-1.967996e+00
1.011585e+01	-1.986173e+00
1.017428e+01	-2.004616e+00
1.023305e+01	-2.023410e+00
1.029215e+01	-2.041913e+00
1.035160e+01	-2.060826e+00
1.041139e+01	-2.079767e+00
1.047153e+01	-2.098857e+00
1.053201e+01	-2.117900e+00
1.059284e+01	-2.137382e+00
1.065403e+01	-2.156828e+00
1.071556e+01	-2.176554e+00
1.077746e+01	-2.196390e+00
1.083971e+01	-2.216415e+00
1.090232e+01	-2.236303e+00
1.096529e+01	-2.256439e+00
1.102862e+01	-2.276987e+00
1.109232e+01	-2.297512e+00
1.115639e+01	-2.317967e+00
1.122083e+01	-2.338700e+00
1.128564e+01	-2.359921e+00
1.135083e+01	-2.380629e+00
1.141639e+01	-2.401957e+00
1.148233e+01	-2.423284e+00
1.154865e+01	-2.444702e+00
1.161536e+01	-2.466278e+00
1.168245e+01	-2.488229e+00
1.174992e+01	-2.509876e+00
1.181779e+01	-2.531765e+00
1.188605e+01	-2.554157e+00
1.195470e+01	-2.576317e+00
1.202375e+01	-2.598892e+00
1.209320e+01	-2.621674e+00
1.216305e+01	-2.644020e+00
1.223330e+01	-2.667212e+00
1.230396e+01	-2.689961e+00
1.237503e+01	-2.713274e+00
1.244651e+01	-2.736387e+00
1.251840e+01	-2.760047e+00
1.259070e+01	-2.783532e+00
1.266343e+01	-2.807185e+00
1.273657e+01	-2.831274e+00
1.281014e+01	-2.855390e+00
1.288413e+01	-2.879392e+00
1.295855e+01	-2.904056e+00
1.303339e+01	-2.928162e+00
1.310867e+01	-2.952885e+00
1.318439e+01	-2.977673e+00
1.326054e+01	-3.002601e+00
1.333713e+01	-3.027587e+00
1.341417e+01	-3.052750e+00
1.349165e+01	-3.077886e+00
1.356958e+01	-3.103356e+00
1.364795e+01	-3.129070e+00
1.372678e+01	-3.154858e+00
1.380607e+01	-3.180863e+00
1.388581e+01	-3.207031e+00
1.396602e+01	-3.233051e+00
1.404668e+01	-3.259390e+00
1.412782e+01	-3.285853e+00
1.420942e+01	-3.312583e+00
1.429149e+01	-3.339491e+00
1.437404e+01	-3.366120e+00
1.445706e+01	-3.393203e+00
1.454057e+01	-3.420555e+00
1.462455e+01	-3.447681e+00
1.470902e+01	-3.475266e+00
1.479398e+01	-3.503041e+00
1.487943e+01	-3.530941e+00
1.496537e+01	-3.558552e+00
1.505181e+01	-3.586577e+00
1.513875e+01	-3.614712e+00
1.522619e+01	-3.643479e+00
1.531414e+01	-3.671811e+00
1.540259e+01	-3.700290e+00
1.549156e+01	-3.728898e+00
1.558103e+01	-3.757789e+00
1.567103e+01	-3.786807e+00
1.576155e+01	-3.816124e+00
1.585258e+01	-3.845506e+00
1.594415e+01	-3.874962e+00
1.603624e+01	-3.904730e+00
1.612886e+01	-3.934172e+00
1.622202e+01	-3.964059e+00
1.631572e+01	-3.994083e+00
1.640996e+01	-4.024323e+00
1.650474e+01	-4.054535e+00
1.660008e+01	-4.084989e+00
1.669596e+01	-4.115724e+00
1.679239e+01	-4.146251e+00
1.688938e+01	-4.176770e+00
1.698694e+01	-4.208017e+00
1.708505e+01	-4.239133e+00
1.718373e+01	-4.270232e+00
1.728299e+01	-4.301644e+00
1.738281e+01	-4.333544e+00
1.748322e+01	-4.364992e+00
1.758420e+01	-4.396791e+00
1.768576e+01	-4.428328e+00
1.778792e+01	-4.460753e+00
1.789066e+01	-4.492697e+00
1.799399e+01	-4.525201e+00
1.809793e+01	-4.557567e+00
1.820246e+01	-4.590181e+00
1.830760e+01	-4.622696e+00
1.841334e+01	-4.655613e+00
1.851969e+01	-4.688647e+00
1.862666e+01	-4.721834e+00
1.873425e+01	-4.755330e+00
1.884246e+01	-4.788542e+00
1.895129e+01	-4.821922e+00
1.906075e+01	-4.855374e+00
1.917085e+01	-4.889089e+00
1.928158e+01	-4.923118e+00
1.939295e+01	-4.957056e+00
1.950496e+01	-4.991010e+00
1.961762e+01	-5.025361e+00
1.973093e+01	-5.059968e+00
1.984490e+01	-5.094297e+00
1.995952e+01	-5.128929e+00
2.007480e+01	-5.163368e+00
2.019076e+01	-5.198538e+00
2.030738e+01	-5.233542e+00
2.042467e+01	-5.268449e+00
2.054264e+01	-5.303724e+00
2.066130e+01	-5.338808e+00
2.078064e+01	-5.374304e+00
2.090066e+01	-5.409921e+00
2.102139e+01	-5.446021e+00
2.114280e+01	-5.481472e+00
2.126492e+01	-5.517639e+00
2.138775e+01	-5.553515e+00
2.151128e+01	-5.589662e+00
2.163553e+01	-5.625945e+00
2.176050e+01	-5.662360e+00
2.188619e+01	-5.698720e+00
2.201260e+01	-5.735485e+00
2.213974e+01	-5.772132e+00
2.226762e+01	-5.808792e+00
2.239624e+01	-5.846307e+00
2.252560e+01	-5.882800e+00
2.265571e+01	-5.920157e+00
2.278656e+01	-5.957339e+00
2.291818e+01	-5.994938e+00
2.305055e+01	-6.032132e+00
2.318369e+01	-6.069912e+00
2.331760e+01	-6.108033e+00
2.345228e+01	-6.145787e+00
2.358774e+01	-6.183146e+00
2.372398e+01	-6.221571e+00
2.386101e+01	-6.259499e+00
2.399883e+01	-6.297984e+00
2.413745e+01	-6.336258e+00
2.427686e+01	-6.374715e+00
2.441709e+01	-6.413416e+00
2.455812e+01	-6.451551e+00
2.469997e+01	-6.490745e+00
2.484263e+01	-6.529762e+00
2.498612e+01	-6.568202e+00
2.513044e+01	-6.607532e+00
2.527559e+01	-6.646716e+00
2.542158e+01	-6.686134e+00
2.556842e+01	-6.725276e+00
2.571610e+01	-6.764727e+00
2.586463e+01	-6.804129e+00
2.601403e+01	-6.843666e+00
2.616428e+01	-6.883234e+00
2.631541e+01	-6.923057e+00
2.646740e+01	-6.962858e+00
2.662028e+01	-7.003534e+00
2.677404e+01	-7.043394e+00
2.692868e+01	-7.083299e+00
2.708422e+01	-7.123827e+00
2.724066e+01	-7.164484e+00
2.739800e+01	-7.204778e+00
2.755625e+01	-7.245333e+00
2.771541e+01	-7.285481e+00
2.787550e+01	-7.326457e+00
2.803650e+01	-7.367660e+00
2.819844e+01	-7.408317e+00
2.836131e+01	-7.449253e+00
2.852513e+01	-7.490314e+00
2.868989e+01	-7.531695e+00
2.885560e+01	-7.572504e+00
2.902227e+01	-7.613805e+00
2.918990e+01	-7.655743e+00
2.935850e+01	-7.697302e+00
2.952807e+01	-7.738825e+00
2.969863e+01	-7.779978e+00
2.987016e+01	-7.821747e+00
3.004269e+01	-7.863508e+00
3.021622e+01	-7.905408e+00
3.039075e+01	-7.947562e+00
3.056628e+01	-7.989613e+00
3.074283e+01	-8.031671e+00
3.092040e+01	-8.074070e+00
3.109900e+01	-8.116074e+00
3.127862e+01	-8.158568e+00
3.145929e+01	-8.200975e+00
3.164099e+01	-8.243110e+00
3.182375e+01	-8.285838e+00
3.200756e+01	-8.328821e+00
3.219244e+01	-8.371303e+00
3.237838e+01	-8.414180e+00
3.256540e+01	-8.456761e+00
3.275349e+01	-8.499979e+00
3.294268e+01	-8.543081e+00
3.313295e+01	-8.585675e+00
3.332433e+01	-8.629310e+00
3.351681e+01	-8.672395e+00
3.371040e+01	-8.715804e+00
3.390511e+01	-8.758875e+00
3.410094e+01	-8.801921e+00
3.429791e+01	-8.845732e+00
3.449601e+01	-8.888812e+00
3.469526e+01	-8.933100e+00
3.489566e+01	-8.976271e+00
3.509721e+01	-9.020220e+00
3.529993e+01	-9.064173e+00
3.550382e+01	-9.108153e+00
3.570889e+01	-9.151689e+00
3.591515e+01	-9.195456e+00
3.612259e+01	-9.239614e+00
3.633123e+01	-9.284248e+00
3.654108e+01	-9.327947e+00
3.675214e+01	-9.372082e+00
3.696442e+01	-9.416788e+00
3.717792e+01	-9.460841e+00
3.739266e+01	-9.505376e+00
3.760864e+01	-9.549729e+00
3.782587e+01	-9.594362e+00
3.804435e+01	-9.638231e+00
3.826409e+01	-9.683532e+00
3.848510e+01	-9.728106e+00
3.870739e+01	-9.772547e+00
3.893096e+01	-9.817516e+00
3.915583e+01	-9.862496e+00
3.938199e+01	-9.907520e+00
3.960946e+01	-9.952050e+00
3.983824e+01	-9.997366e+00
4.006834e+01	-1.004250e+01
4.029978e+01	-1.008730e+01
4.053255e+01	-1.013241e+01
4.076666e+01	-1.017766e+01
4.100213e+01	-1.022280e+01
4.123896e+01	-1.026841e+01
4.147715e+01	-1.031335e+01
4.171672e+01	-1.035880e+01
4.195767e+01	-1.040345e+01
4.220002e+01	-1.044980e+01
4.244377e+01	-1.049557e+01
4.268892e+01	-1.054102e+01
4.293549e+01	-1.058688e+01
4.318348e+01	-1.063216e+01
4.343291e+01	-1.067789e+01
4.368377e+01	-1.072443e+01
4.393609e+01	-1.076964e+01
4.418986e+01	-1.081527e+01
4.444510e+01	-1.086166e+01
4.470182e+01	-1.090733e+01
4.496001e+01	-1.095333e+01
4.521970e+01	-1.099901e+01
4.548089e+01	-1.104552e+01
4.574358e+01	-1.109158e+01
4.600779e+01	-1.113838e+01
4.627353e+01	-1.118434e+01
4.654081e+01	-1.122994e+01
4.680963e+01	-1.127602e+01
4.708000e+01	-1.132289e+01
4.735193e+01	-1.136899e+01
4.762543e+01	-1.141551e+01
4.790051e+01	-1.146146e+01
4.817719e+01	-1.150892e+01
4.845545e+01	-1.155498e+01
4.873533e+01	-1.160098e+01
4.901682e+01	-1.164819e+01
4.929994e+01	-1.169514e+01
4.958470e+01	-1.174088e+01
4.987110e+01	-1.178789e+01
5.015915e+01	-1.183492e+01
5.044887e+01	-1.188223e+01
5.074026e+01	-1.192891e+01
5.103333e+01	-1.197564e+01
5.132810e+01	-1.202159e+01
5.162457e+01	-1.206917e+01
5.192275e+01	-1.211628e+01
5.222265e+01	-1.216300e+01
5.252429e+01	-1.220977e+01
5.282767e+01	-1.225700e+01
5.313280e+01	-1.230376e+01
5.343969e+01	-1.235081e+01
5.374836e+01	-1.239800e+01
5.405880e+01	-1.244643e+01
5.437105e+01	-1.249313e+01
5.468509e+01	-1.254101e+01
5.500095e+01	-1.258739e+01
5.531863e+01	-1.263408e+01
5.563815e+01	-1.268226e+01
5.595951e+01	-1.272932e+01
5.628273e+01	-1.277622e+01
5.660782e+01	-1.282337e+01
5.693479e+01	-1.287105e+01
5.726364e+01	-1.291939e+01
5.759439e+01	-1.296576e+01
5.792705e+01	-1.301337e+01
5.826164e+01	-1.306076e+01
5.859815e+01	-1.310825e+01
5.893662e+01	-1.315598e+01
5.927703e+01	-1.320435e+01
5.961941e+01	-1.325136e+01
5.996377e+01	-1.329924e+01
6.031012e+01	-1.334649e+01
6.065847e+01	-1.339506e+01
6.100883e+01	-1.344204e+01
6.136121e+01	-1.349035e+01
6.171563e+01	-1.353832e+01
6.207210e+01	-1.358644e+01
6.243063e+01	-1.363425e+01
6.279122e+01	-1.368173e+01
6.315390e+01	-1.372980e+01
6.351868e+01	-1.377645e+01
6.388556e+01	-1.382577e+01
6.425456e+01	-1.387233e+01
6.462569e+01	-1.392131e+01
6.499897e+01	-1.396940e+01
6.537440e+01	-1.401783e+01
6.575200e+01	-1.406527e+01
6.613178e+01	-1.411321e+01
6.651375e+01	-1.416195e+01
6.689793e+01	-1.420946e+01
6.728433e+01	-1.425779e+01
6.767297e+01	-1.430552e+01
6.806384e+01	-1.435435e+01
6.845698e+01	-1.440242e+01
6.885238e+01	-1.445042e+01
6.925007e+01	-1.449912e+01
6.965005e+01	-1.454714e+01
7.005235e+01	-1.459576e+01
7.045697e+01	-1.464334e+01
7.086393e+01	-1.469238e+01
7.127323e+01	-1.474048e+01
7.168490e+01	-1.478894e+01
7.209895e+01	-1.483620e+01
7.251539e+01	-1.488579e+01
7.293424e+01	-1.493387e+01
7.335551e+01	-1.498208e+01
7.377920e+01	-1.503011e+01
7.420535e+01	-1.507894e+01
7.463396e+01	-1.512780e+01
7.506504e+01	-1.517688e+01
7.549861e+01	-1.522464e+01
7.593469e+01	-1.527251e+01
7.637328e+01	-1.532278e+01
7.681441e+01	-1.537139e+01
7.725809e+01	-1.541784e+01
7.770433e+01	-1.546823e+01
7.815315e+01	-1.551640e+01
7.860456e+01	-1.556498e+01
7.905857e+01	-1.561341e+01
7.951521e+01	-1.566223e+01
7.997449e+01	-1.571156e+01
8.043642e+01	-1.575925e+01
8.090102e+01	-1.580835e+01
8.136830e+01	-1.585672e+01
8.183828e+01	-1.590598e+01
8.231097e+01	-1.595423e+01
8.278640e+01	-1.600236e+01
8.326457e+01	-1.605151e+01
8.374550e+01	-1.610098e+01
8.422921e+01	-1.615016e+01
8.471572e+01	-1.619837e+01
8.520503e+01	-1.624651e+01
8.569717e+01	-1.629556e+01
8.619215e+01	-1.634485e+01
8.669000e+01	-1.639339e+01
8.719071e+01	-1.644337e+01
8.769432e+01	-1.649199e+01
8.820084e+01	-1.653924e+01
8.871029e+01	-1.658899e+01
8.922267e+01	-1.663887e+01
8.973802e+01	-1.668691e+01
9.025634e+01	-1.673675e+01
9.077766e+01	-1.678552e+01
9.130199e+01	-1.683387e+01
9.182935e+01	-1.688379e+01
9.235975e+01	-1.693222e+01
9.289321e+01	-1.698185e+01
9.342976e+01	-1.703161e+01
9.396941e+01	-1.707927e+01
9.451217e+01	-1.712911e+01
9.505807e+01	-1.717824e+01
9.560712e+01	-1.722621e+01
9.615934e+01	-1.727606e+01
9.671476e+01	-1.732542e+01
9.727338e+01	-1.737344e+01
9.783522e+01	-1.742193e+01
9.840032e+01	-1.747208e+01
9.896867e+01	-1.752228e+01
9.954031e+01	-1.756985e+01
1.001153e+02	-1.762028e+01
1.006935e+02	-1.766853e+01
1.012751e+02	-1.771735e+01
1.018601e+02	-1.776787e+01
1.024484e+02	-1.781654e+01
1.030402e+02	-1.786669e+01
1.036353e+02	-1.791532e+01
1.042339e+02	-1.796391e+01
1.048360e+02	-1.801326e+01
1.054415e+02	-1.806229e+01
1.060505e+02	-1.811140e+01
1.066631e+02	-1.816183e+01
1.072791e+02	-1.821128e+01
1.078988e+02	-1.825910e+01
1.085220e+02	-1.830903e+01
1.091488e+02	-1.835838e+01
1.097793e+02	-1.840804e+01
1.104133e+02	-1.845675e+01
1.110511e+02	-1.850595e+01
1.116925e+02	-1.855593e+01
1.123376e+02	-1.860469e+01
1.129865e+02	-1.865442e+01
1.136391e+02	-1.870264e+01
1.142955e+02	-1.875223e+01
1.149556e+02	-1.880187e+01
1.156196e+02	-1.885266e+01
1.162874e+02	-1.890097e+01
1.169591e+02	-1.894992e+01
1.176347e+02	-1.899953e+01
1.183141e+02	-1.904922e+01
1.189975e+02	-1.909805e+01
1.196848e+02	-1.914774e+01
1.203761e+02	-1.919837e+01
1.210714e+02	-1.924787e+01
1.217707e+02	-1.929599e+01
1.224740e+02	-1.934610e+01
1.231814e+02	-1.939416e+01
1.238929e+02	-1.944578e+01
1.246085e+02	-1.949400e+01
1.253283e+02	-1.954150e+01
1.260522e+02	-1.959242e+01
1.267802e+02	-1.964377e+01
1.275125e+02	-1.969366e+01
1.282490e+02	-1.974341e+01
1.289898e+02	-1.979095e+01
1.297348e+02	-1.984115e+01
1.304842e+02	-1.989030e+01
1.312378e+02	-1.994011e+01
1.319959e+02	-1.998959e+01
1.327583e+02	-2.003936e+01
1.335251e+02	-2.008780e+01
1.342963e+02	-2.013931e+01
1.350720e+02	-2.018913e+01
1.358522e+02	-2.023595e+01
1.366368e+02	-2.028382e+01
1.374260e+02	-2.033581e+01
1.382198e+02	-2.038600e+01
1.390182e+02	-2.043760e+01
1.398211e+02	-2.048597e+01
1.406287e+02	-2.053382e+01
1.414410e+02	-2.058349e+01
1.422579e+02	-2.063259e+01
1.430796e+02	-2.068399e+01
1.439060e+02	-2.073384e+01
1.447372e+02	-2.078346e+01
1.455732e+02	-2.083330e+01
1.464141e+02	-2.088010e+01
1.472597e+02	-2.093164e+01
1.481103e+02	-2.098083e+01
1.489658e+02	-2.103323e+01
1.498262e+02	-2.108133e+01
1.506916e+02	-2.112809e+01
1.515620e+02	-2.117952e+01
1.524374e+02	-2.122914e+01
1.533179e+02	-2.127984e+01
1.542034e+02	-2.132823e+01
1.550941e+02	-2.137803e+01
1.559899e+02	-2.142670e+01
1.568909e+02	-2.147818e+01
1.577971e+02	-2.152750e+01
1.587085e+02	-2.157675e+01
1.596252e+02	-2.162718e+01
1.605472e+02	-2.167643e+01
1.614745e+02	-2.172535e+01
1.624072e+02	-2.177524e+01
1.633453e+02	-2.182665e+01
1.642887e+02	-2.187659e+01
1.652377e+02	-2.192239e+01
1.661921e+02	-2.197598e+01
1.671520e+02	-2.202617e+01
1.681175e+02	-2.207610e+01
1.690885e+02	-2.212336e+01
1.700651e+02	-2.217352e+01
1.710474e+02	-2.222210e+01
1.720354e+02	-2.227259e+01
1.730291e+02	-2.232506e+01
1.740285e+02	-2.237486e+01
1.750337e+02	-2.242286e+01
1.760446e+02	-2.247176e+01
1.770615e+02	-2.252312e+01
1.780842e+02	-2.257222e+01
1.791128e+02	-2.262085e+01
1.801473e+02	-2.266813e+01
1.811878e+02	-2.271911e+01
1.822344e+02	-2.276981e+01
1.832870e+02	-2.282094e+01
1.843456e+02	-2.287037e+01
1.854104e+02	-2.292219e+01
1.864813e+02	-2.297069e+01
1.875584e+02	-2.301869e+01
1.886418e+02	-2.306878e+01
1.897313e+02	-2.312101e+01
1.908272e+02	-2.316836e+01
1.919294e+02	-2.321973e+01
1.930380e+02	-2.326730e+01
1.941530e+02	-2.331757e+01
1.952744e+02	-2.336824e+01
1.964023e+02	-2.341929e+01
1.975367e+02	-2.346598e+01
1.986777e+02	-2.351979e+01
1.998252e+02	-2.356851e+01
2.009794e+02	-2.362080e+01
2.021403e+02	-2.366620e+01
2.033078e+02	-2.372018e+01
2.044821e+02	-2.376855e+01
2.056632e+02	-2.381672e+01
2.068511e+02	-2.386593e+01
2.080459e+02	-2.391865e+01
2.092475e+02	-2.396598e+01
2.104561e+02	-2.401501e+01
2.116717e+02	-2.406780e+01
2.128943e+02	-2.411754e+01
2.141240e+02	-2.416534e+01
2.153608e+02	-2.421526e+01
2.166047e+02	-2.426772e+01
2.178558e+02	-2.431463e+01
2.191141e+02	-2.436534e+01
2.203797e+02	-2.441629e+01
2.216526e+02	-2.446347e+01
2.229329e+02	-2.451555e+01
2.242205e+02	-2.456482e+01
2.255156e+02	-2.461339e+01
2.268182e+02	-2.466627e+01
2.281283e+02	-2.471410e+01
2.294459e+02	-2.476537e+01
2.307712e+02	-2.481600e+01
2.321041e+02	-2.486436e+01
2.334447e+02	-2.491508e+01
2.347931e+02	-2.496613e+01
2.361493e+02	-2.501295e+01
2.375133e+02	-2.506679e+01
2.388851e+02	-2.511306e+01
2.402649e+02	-2.516194e+01
2.416527e+02	-2.521506e+01
2.430484e+02	-2.526042e+01
2.444523e+02	-2.531431e+01
2.458642e+02	-2.536469e+01
2.472843e+02	-2.541426e+01
2.487126e+02	-2.546406e+01
2.501492e+02	-2.551501e+01
2.515940e+02	-2.556401e+01
2.530472e+02	-2.561672e+01
2.545088e+02	-2.566405e+01
2.559789e+02	-2.571360e+01
2.574574e+02	-2.576350e+01
2.589444e+02	-2.580993e+01
2.604401e+02	-2.586374e+01
2.619444e+02	-2.591469e+01
2.634574e+02	-2.596304e+01
2.649791e+02	-2.601013e+01
2.665096e+02	-2.606394e+01
2.680489e+02	-2.611134e+01
2.695972e+02	-2.616055e+01
2.711544e+02	-2.620946e+01
2.727205e+02	-2.626429e+01
2.742958e+02	-2.631090e+01
2.758801e+02	-2.636471e+01
2.774736e+02	-2.641500e+01
2.790762e+02	-2.646360e+01
2.806882e+02	-2.651169e+01
2.823094e+02	-2.656273e+01
2.839400e+02	-2.661626e+01
2.855800e+02	-2.665989e+01
2.872295e+02	-2.671512e+01
2.888886e+02	-2.676216e+01
2.905572e+02	-2.681373e+01
2.922354e+02	-2.686337e+01
2.939234e+02	-2.691295e+01
2.956211e+02	-2.695919e+01
2.973286e+02	-2.701042e+01
2.990459e+02	-2.706025e+01
3.007732e+02	-2.711227e+01
3.025104e+02	-2.716154e+01
3.042577e+02	-2.720976e+01
3.060151e+02	-2.726389e+01
3.077826e+02	-2.731366e+01
3.095604e+02	-2.736133e+01
3.113484e+02	-2.741063e+01
3.131467e+02	-2.746383e+01
3.149554e+02	-2.750565e+01
3.167746e+02	-2.756257e+01
3.186043e+02	-2.761377e+01
3.204445e+02	-2.766181e+01
3.222954e+02	-2.770877e+01
3.241570e+02	-2.775741e+01
3.260293e+02	-2.780787e+01
3.279124e+02	-2.786105e+01
3.298064e+02	-2.791647e+01
3.317114e+02	-2.796048e+01
3.336273e+02	-2.801271e+01
3.355544e+02	-2.806269e+01
3.374925e+02	-2.810994e+01
3.394418e+02	-2.816428e+01
3.414024e+02	-2.820932e+01
3.433744e+02	-2.826202e+01
3.453577e+02	-2.830987e+01
3.473525e+02	-2.836472e+01
3.493588e+02	-2.841204e+01
3.513766e+02	-2.846506e+01
3.534062e+02	-2.851000e+01
3.554474e+02	-2.856400e+01
3.575005e+02	-2.861055e+01
3.595654e+02	-2.866340e+01
3.616422e+02	-2.871344e+01
3.637311e+02	-2.876198e+01
3.658320e+02	-2.881404e+01
3.679450e+02	-2.886143e+01
3.700702e+02	-2.891336e+01
3.722077e+02	-2.896097e+01
3.743576e+02	-2.901585e+01
3.765199e+02	-2.906232e+01
3.786946e+02	-2.910921e+01
3.808820e+02	-2.916058e+01
3.830819e+02	-2.921266e+01
3.852946e+02	-2.926116e+01
3.875200e+02	-2.931300e+01
3.897583e+02	-2.936355e+01
3.920096e+02	-2.941002e+01
3.942738e+02	-2.945993e+01
3.965511e+02	-2.952076e+01
3.988416e+02	-2.956146e+01
4.011452e+02	-2.961797e+01
4.034622e+02	-2.966740e+01
4.057926e+02	-2.971563e+01
4.081365e+02	-2.976648e+01
4.104938e+02	-2.981410e+01
4.128648e+02	-2.986949e+01
4.152495e+02	-2.991746e+01
4.176480e+02	-2.996622e+01
4.200603e+02	-3.000846e+01
4.224866e+02	-3.006061e+01
4.249268e+02	-3.011088e+01
4.273812e+02	-3.016581e+01
4.298497e+02	-3.022153e+01
4.323325e+02	-3.026502e+01
4.348297e+02	-3.031483e+01
4.373412e+02	-3.036197e+01
4.398673e+02	-3.042023e+01
4.424079e+02	-3.046402e+01
4.449633e+02	-3.051545e+01
4.475334e+02	-3.057016e+01
4.501183e+02	-3.061917e+01
4.527182e+02	-3.066969e+01
4.553330e+02	-3.072121e+01
4.579630e+02	-3.076612e+01
4.606082e+02	-3.081475e+01
4.632687e+02	-3.086855e+01
4.659445e+02	-3.091771e+01
4.686358e+02	-3.096874e+01
4.713426e+02	-3.101505e+01
4.740650e+02	-3.106665e+01
4.768032e+02	-3.111956e+01
4.795572e+02	-3.116748e+01
4.823271e+02	-3.121779e+01
4.851130e+02	-3.126593e+01
4.879150e+02	-3.131933e+01
4.907332e+02	-3.137137e+01
4.935676e+02	-3.142003e+01
4.964185e+02	-3.146305e+01
4.992858e+02	-3.151599e+01
5.021696e+02	-3.156475e+01
5.050701e+02	-3.161963e+01
5.079874e+02	-3.166851e+01
5.109215e+02	-3.171957e+01
5.138726e+02	-3.176927e+01
5.168407e+02	-3.182355e+01
5.198259e+02	-3.187135e+01
5.228284e+02	-3.192166e+01
5.258482e+02	-3.197199e+01
5.288855e+02	-3.202206e+01
5.319403e+02	-3.207542e+01
5.350128e+02	-3.211948e+01
5.381030e+02	-3.217111e+01
5.412111e+02	-3.221971e+01
5.443371e+02	-3.227322e+01
5.474812e+02	-3.231745e+01
5.506434e+02	-3.237304e+01
5.538239e+02	-3.241826e+01
5.570228e+02	-3.247277e+01
5.602401e+02	-3.251878e+01
5.634760e+02	-3.256875e+01
5.667306e+02	-3.262157e+01
5.700040e+02	-3.267645e+01
5.732964e+02	-3.272670e+01
5.766077e+02	-3.277307e+01
5.799382e+02	-3.282937e+01
5.832879e+02	-3.287494e+01
5.866569e+02	-3.292737e+01
5.900454e+02	-3.297843e+01
5.934535e+02	-3.302299e+01
5.968813e+02	-3.307892e+01
6.003288e+02	-3.312445e+01
6.037963e+02	-3.317615e+01
6.072838e+02	-3.321823e+01
6.107914e+02	-3.328061e+01
6.143194e+02	-3.333033e+01
6.178676e+02	-3.337927e+01
6.214364e+02	-3.343236e+01
6.250258e+02	-3.347705e+01
6.286359e+02	-3.352144e+01
6.322669e+02	-3.357853e+01
6.359189e+02	-3.362769e+01
6.395919e+02	-3.367382e+01
6.432862e+02	-3.372647e+01
6.470017e+02	-3.377815e+01
6.507388e+02	-3.383014e+01
6.544974e+02	-3.386725e+01
6.582778e+02	-3.392782e+01
6.620800e+02	-3.397928e+01
6.659041e+02	-3.403425e+01
6.697504e+02	-3.407762e+01
6.736188e+02	-3.412856e+01
6.775096e+02	-3.418128e+01
6.814229e+02	-3.423583e+01
6.853587e+02	-3.427786e+01
6.893173e+02	-3.433204e+01
6.932988e+02	-3.438418e+01
6.973033e+02	-3.443737e+01
7.013309e+02	-3.447742e+01
7.053817e+02	-3.453834e+01
7.094560e+02	-3.459574e+01
7.135538e+02	-3.463131e+01
7.176752e+02	-3.468761e+01
7.218205e+02	-3.473488e+01
7.259897e+02	-3.478685e+01
7.301830e+02	-3.484102e+01
7.344005e+02	-3.488289e+01
7.386424e+02	-3.493453e+01
7.429087e+02	-3.498310e+01
7.471998e+02	-3.503568e+01
7.515155e+02	-3.508975e+01
7.558563e+02	-3.514037e+01
7.602221e+02	-3.520140e+01
7.646131e+02	-3.523408e+01
7.690295e+02	-3.528298e+01
7.734713e+02	-3.533820e+01
7.779389e+02	-3.539480e+01
7.824322e+02	-3.543802e+01
7.869515e+02	-3.549143e+01
7.914969e+02	-3.554405e+01
7.960686e+02	-3.559679e+01
8.006666e+02	-3.564811e+01
8.052912e+02	-3.569868e+01
8.099426e+02	-3.574867e+01
8.146208e+02	-3.579222e+01
8.193260e+02	-3.585000e+01
8.240584e+02	-3.589553e+01
8.288181e+02	-3.595558e+01
8.336053e+02	-3.599361e+01
8.384202e+02	-3.605301e+01
8.432629e+02	-3.609535e+01
8.481335e+02	-3.614193e+01
8.530323e+02	-3.619494e+01
8.579594e+02	-3.624638e+01
8.629149e+02	-3.630201e+01
8.678991e+02	-3.635723e+01
8.729120e+02	-3.640108e+01
8.779539e+02	-3.645769e+01
8.830250e+02	-3.650228e+01
8.881253e+02	-3.655028e+01
8.932551e+02	-3.660175e+01
8.984145e+02	-3.665070e+01
9.036037e+02	-3.671218e+01
9.088229e+02	-3.675042e+01
9.140722e+02	-3.680843e+01
9.193518e+02	-3.686591e+01
9.246620e+02	-3.690921e+01
9.300028e+02	-3.696134e+01
9.353744e+02	-3.700999e+01
9.407771e+02	-3.705278e+01
9.462110e+02	-3.710703e+01
9.516763e+02	-3.716312e+01
9.571731e+02	-3.721437e+01
9.627017e+02	-3.725620e+01
9.682622e+02	-3.730399e+01
9.738549e+02	-3.736069e+01
9.794798e+02	-3.741397e+01
9.851373e+02	-3.745940e+01
9.908274e+02	-3.751885e+01
9.965504e+02	-3.756213e+01
1.002306e+03	-3.761534e+01
1.008096e+03	-3.766643e+01
1.013918e+03	-3.772446e+01
1.019775e+03	-3.776355e+01
1.025665e+03	-3.782248e+01
1.031589e+03	-3.787852e+01
1.037548e+03	-3.792267e+01
1.043540e+03	-3.796982e+01
1.049568e+03	-3.803003e+01
1.055630e+03	-3.807765e+01
1.061727e+03	-3.812186e+01
1.067860e+03	-3.818202e+01
1.074028e+03	-3.822763e+01
1.080231e+03	-3.828039e+01
1.086471e+03	-3.832083e+01
1.092746e+03	-3.837963e+01
1.099058e+03	-3.843068e+01
1.105406e+03	-3.848576e+01
1.111791e+03	-3.853924e+01
1.118212e+03	-3.857806e+01
1.124671e+03	-3.864237e+01
1.131167e+03	-3.867874e+01
1.137701e+03	-3.872582e+01
1.144272e+03	-3.877304e+01
1.150881e+03	-3.883333e+01
1.157529e+03	-3.889539e+01
1.164215e+03	-3.894756e+01
1.170939e+03	-3.898617e+01
1.177702e+03	-3.904061e+01
1.184505e+03	-3.908792e+01
1.191346e+03	-3.914509e+01
1.198227e+03	-3.920485e+01
1.205148e+03	-3.924564e+01
1.212109e+03	-3.928895e+01
1.219110e+03	-3.935148e+01
1.226152e+03	-3.938464e+01
1.233234e+03	-3.945631e+01
1.240357e+03	-3.948328e+01
1.247521e+03	-3.955131e+01
1.254727e+03	-3.959962e+01
1.261974e+03	-3.966438e+01
1.269263e+03	-3.971597e+01
1.276595e+03	-3.975448e+01
1.283968e+03	-3.980244e+01
1.291384e+03	-3.984984e+01
1.298843e+03	-3.991339e+01
1.306345e+03	-3.996158e+01
1.313891e+03	-3.999816e+01
1.321480e+03	-4.005926e+01
1.329113e+03	-4.011469e+01
1.336790e+03	-4.018474e+01
1.344511e+03	-4.020910e+01
1.352277e+03	-4.026495e+01
1.360087e+03	-4.033671e+01
1.367943e+03	-4.037713e+01
1.375844e+03	-4.042788e+01
1.383791e+03	-4.048758e+01
1.391784e+03	-4.053480e+01
1.399823e+03	-4.057052e+01
1.407908e+03	-4.062684e+01
1.416040e+03	-4.067900e+01
1.424219e+03	-4.072603e+01
1.432445e+03	-4.078359e+01
1.440719e+03	-4.084905e+01
1.449041e+03	-4.088565e+01
1.457410e+03	-4.094066e+01
1.465828e+03	-4.097594e+01
1.474295e+03	-4.104630e+01
1.482810e+03	-4.109850e+01
1.491375e+03	-4.115583e+01
1.499989e+03	-4.119375e+01
1.508653e+03	-4.126508e+01
1.517367e+03	-4.131025e+01
1.526131e+03	-4.133549e+01
1.534946e+03	-4.139216e+01
1.543812e+03	-4.144653e+01
1.552729e+03	-4.149268e+01
1.561697e+03	-4.155183e+01
1.570717e+03	-4.158537e+01
1.579790e+03	-4.167295e+01
1.588915e+03	-4.170879e+01
1.598092e+03	-4.176450e+01
1.607323e+03	-4.180870e+01
1.616606e+03	-4.184341e+01
1.625944e+03	-4.191047e+01
1.635335e+03	-4.195852e+01
1.644781e+03	-4.201127e+01
1.654281e+03	-4.206943e+01
1.663836e+03	-4.212444e+01
1.673446e+03	-4.218064e+01
1.683112e+03	-4.224175e+01
1.692834e+03	-4.229426e+01
1.702611e+03	-4.235612e+01
1.712446e+03	-4.240825e+01
1.722337e+03	-4.242462e+01
1.732285e+03	-4.248873e+01
1.742290e+03	-4.253783e+01
1.752354e+03	-4.259736e+01
1.762475e+03	-4.265540e+01
1.772655e+03	-4.269333e+01
1.782894e+03	-4.274030e+01
1.793192e+03	-4.279328e+01
1.803549e+03	-4.286346e+01
1.813967e+03	-4.293040e+01
1.824444e+03	-4.295704e+01
1.834982e+03	-4.302472e+01
1.845581e+03	-4.306845e+01
1.856241e+03	-4.311764e+01
1.866962e+03	-4.317811e+01
1.877746e+03	-4.322794e+01
1.888592e+03	-4.330107e+01
1.899500e+03	-4.332053e+01
1.910472e+03	-4.339911e+01
1.921506e+03	-4.344287e+01
1.932605e+03	-4.348262e+01
1.943768e+03	-4.352891e+01
1.954995e+03	-4.358140e+01
1.966287e+03	-4.363701e+01
1.977644e+03	-4.371073e+01
1.989067e+03	-4.374550e+01
2.000555e+03	-4.380454e+01
2.012110e+03	-4.384618e+01
2.023732e+03	-4.390575e+01
2.035421e+03	-4.393908e+01
2.047178e+03	-4.402432e+01
2.059002e+03	-4.407173e+01
2.070895e+03	-4.411635e+01
2.082856e+03	-4.418086e+01
2.094887e+03	-4.424475e+01
2.106987e+03	-4.427116e+01
2.119157e+03	-4.434733e+01
2.131397e+03	-4.438394e+01
2.143708e+03	-4.443350e+01
2.156090e+03	-4.449800e+01
2.168543e+03	-4.454088e+01
2.181069e+03	-4.463354e+01
2.193666e+03	-4.464254e+01
2.206337e+03	-4.472619e+01
2.219081e+03	-4.476217e+01
2.231898e+03	-4.481096e+01
2.244789e+03	-4.485738e+01
2.257755e+03	-4.492156e+01
2.270796e+03	-4.499469e+01
2.283912e+03	-4.502054e+01
2.297104e+03	-4.508485e+01
2.310372e+03	-4.515149e+01
2.323716e+03	-4.519378e+01
2.337138e+03	-4.524939e+01
2.350637e+03	-4.532601e+01
2.364214e+03	-4.536414e+01
2.377870e+03	-4.542457e+01
2.391604e+03	-4.546552e+01
2.405418e+03	-4.550312e+01
2.419312e+03	-4.558646e+01
2.433286e+03	-4.561574e+01
2.447340e+03	-4.567295e+01
2.461476e+03	-4.572666e+01
2.475693e+03	-4.578210e+01
2.489993e+03	-4.584472e+01
2.504375e+03	-4.589866e+01
2.518840e+03	-4.595225e+01
2.533389e+03	-4.602656e+01
2.548022e+03	-4.606465e+01
2.562739e+03	-4.610547e+01
2.577541e+03	-4.617235e+01
2.592429e+03	-4.624370e+01
2.607403e+03	-4.626218e+01
2.622463e+03	-4.635373e+01
2.637610e+03	-4.641296e+01
2.652845e+03	-4.645205e+01
2.668168e+03	-4.651546e+01
2.683579e+03	-4.655322e+01
2.699079e+03	-4.660094e+01
2.714669e+03	-4.669869e+01
2.730349e+03	-4.674143e+01
2.746119e+03	-4.680656e+01
2.761981e+03	-4.685310e+01
2.777934e+03	-4.690872e+01
2.793979e+03	-4.691968e+01
2.810117e+03	-4.696547e+01
2.826348e+03	-4.706434e+01
2.842673e+03	-4.715867e+01
2.859092e+03	-4.715595e+01
2.875606e+03	-4.720784e+01
2.892215e+03	-4.729836e+01
2.908921e+03	-4.733492e+01
2.925722e+03	-4.743252e+01
2.942621e+03	-4.743099e+01
2.959618e+03	-4.752575e+01
2.976712e+03	-4.760804e+01
2.993906e+03	-4.761268e+01
3.011198e+03	-4.767941e+01
3.028591e+03	-4.771076e+01
3.046084e+03	-4.776525e+01
3.063678e+03	-4.784351e+01
3.081374e+03	-4.789517e+01
3.099172e+03	-4.794717e+01
3.117072e+03	-4.804907e+01
3.135076e+03	-4.808013e+01
3.153184e+03	-4.816554e+01
3.171397e+03	-4.820369e+01
3.189715e+03	-4.824839e+01
3.208139e+03	-4.831279e+01
3.226669e+03	-4.840694e+01
3.245306e+03	-4.844027e+01
3.264051e+03	-4.846196e+01
3.282904e+03	-4.855534e+01
3.301866e+03	-4.859077e+01
3.320937e+03	-4.868634e+01
3.340119e+03	-4.871789e+01
3.359411e+03	-4.877278e+01
3.378815e+03	-4.883467e+01
3.398331e+03	-4.887502e+01
3.417959e+03	-4.893513e+01
3.437701e+03	-4.903004e+01
3.457557e+03	-4.911797e+01
3.477528e+03	-4.913071e+01
3.497614e+03	-4.915138e+01
3.517816e+03	-4.927033e+01
3.538135e+03	-4.931633e+01
3.558571e+03	-4.937225e+01
3.579125e+03	-4.942913e+01
3.599798e+03	-4.947039e+01
3.620590e+03	-4.952681e+01
3.641503e+03	-4.963664e+01
3.662536e+03	-4.968745e+01
3.683691e+03	-4.968980e+01
3.704967e+03	-4.979797e+01
3.726367e+03	-4.983805e+01
3.747890e+03	-4.986938e+01
3.769538e+03	-5.000567e+01
3.791311e+03	-5.004967e+01
3.813209e+03	-5.009848e+01
3.835234e+03	-5.015985e+01
3.857386e+03	-5.025387e+01
3.879667e+03	-5.026161e+01
3.902075e+03	-5.031930e+01
3.924614e+03	-5.039836e+01
3.947282e+03	-5.044525e+01
3.970081e+03	-5.049058e+01
3.993012e+03	-5.057864e+01
4.016076e+03	-5.060110e+01
4.039272e+03	-5.077358e+01
4.062603e+03	-5.083673e+01
4.086069e+03	-5.084121e+01
4.109670e+03	-5.094587e+01
4.133407e+03	-5.097007e+01
4.157281e+03	-5.098732e+01
4.181294e+03	-5.108581e+01
4.205445e+03	-5.123553e+01
4.229735e+03	-5.125985e+01
4.254166e+03	-5.120777e+01
4.278738e+03	-5.135738e+01
4.303451e+03	-5.141297e+01
4.328308e+03	-5.149822e+01
4.353308e+03	-5.156905e+01
4.378453e+03	-5.156116e+01
4.403742e+03	-5.170992e+01
4.429178e+03	-5.172483e+01
4.454761e+03	-5.179789e+01
4.480492e+03	-5.186701e+01
4.506371e+03	-5.193121e+01
4.532399e+03	-5.200353e+01
4.558578e+03	-5.213256e+01
4.584908e+03	-5.214757e+01
4.611391e+03	-5.225232e+01
4.638026e+03	-5.231697e+01
4.664815e+03	-5.236234e+01
4.691759e+03	-5.239610e+01
4.718858e+03	-5.255909e+01
4.746114e+03	-5.255865e+01
4.773527e+03	-5.262834e+01
4.801099e+03	-5.266978e+01
4.828830e+03	-5.278702e+01
4.856721e+03	-5.282650e+01
4.884773e+03	-5.291146e+01
4.912988e+03	-5.296914e+01
4.941365e+03	-5.298538e+01
4.969906e+03	-5.312303e+01
4.998612e+03	-5.319005e+01
5.027484e+03	-5.330489e+01
5.056522e+03	-5.333745e+01
5.085729e+03	-5.342043e+01
5.115104e+03	-5.351316e+01
5.144648e+03	-5.357688e+01
5.174363e+03	-5.359162e+01
5.204250e+03	-5.365035e+01
5.234310e+03	-5.376563e+01
5.264543e+03	-5.375611e+01
5.294951e+03	-5.387833e+01
5.325534e+03	-5.392601e+01
5.356294e+03	-5.406665e+01
5.387232e+03	-5.412327e+01
5.418348e+03	-5.421487e+01
5.449645e+03	-5.435239e+01
5.481122e+03	-5.441480e+01
5.512780e+03	-5.438910e+01
5.544622e+03	-5.445422e+01
5.576647e+03	-5.456124e+01
5.608858e+03	-5.465371e+01
5.641254e+03	-5.474512e+01
5.673838e+03	-5.486607e+01
5.706610e+03	-5.491626e+01
5.739571e+03	-5.504698e+01
5.772723e+03	-5.499663e+01
5.806066e+03	-5.510719e+01
5.839601e+03	-5.519370e+01
5.873331e+03	-5.529490e+01
5.907255e+03	-5.541136e+01
5.941375e+03	-5.552093e+01
5.975692e+03	-5.562729e+01
6.010207e+03	-5.560677e+01
6.044922e+03	-5.569102e+01
6.079837e+03	-5.577529e+01
6.114954e+03	-5.587903e+01
6.150274e+03	-5.596260e+01
6.185797e+03	-5.598010e+01
6.221526e+03	-5.621813e+01
6.257462e+03	-5.612566e+01
6.293605e+03	-5.620957e+01
6.329956e+03	-5.646909e+01
6.366518e+03	-5.646483e+01
6.403290e+03	-5.652393e+01
6.440276e+03	-5.660825e+01
6.477474e+03	-5.665600e+01
6.514888e+03	-5.680792e+01
6.552518e+03	-5.699133e+01
6.590365e+03	-5.700282e+01
6.628430e+03	-5.713746e+01
6.666716e+03	-5.715219e+01
6.705223e+03	-5.731464e+01
6.743952e+03	-5.739766e+01
6.782905e+03	-5.747714e+01
6.822082e+03	-5.752954e+01
6.861486e+03	-5.761530e+01
6.901118e+03	-5.772730e+01
6.940979e+03	-5.785877e+01
6.981069e+03	-5.803544e+01
7.021392e+03	-5.797397e+01
7.061947e+03	-5.816022e+01
7.102737e+03	-5.813533e+01
7.143762e+03	-5.838498e+01
7.185024e+03	-5.837863e+01
7.226524e+03	-5.854193e+01
7.268264e+03	-5.875146e+01
7.310246e+03	-5.873776e+01
7.352469e+03	-5.876965e+01
7.394937e+03	-5.897569e+01
7.437650e+03	-5.901886e+01
7.480609e+03	-5.919078e+01
7.523817e+03	-5.939583e+01
7.567274e+03	-5.939592e+01
7.610982e+03	-5.950893e+01
7.654943e+03	-5.967943e+01
7.699158e+03	-5.979892e+01
7.743628e+03	-5.978292e+01
7.788355e+03	-5.981952e+01
7.833340e+03	-5.995058e+01
7.878585e+03	-6.008924e+01
7.924091e+03	-6.019128e+01
7.969861e+03	-6.045749e+01
8.015894e+03	-6.044813e+01
8.062194e+03	-6.058269e+01
8.108761e+03	-6.071103e+01
8.155596e+03	-6.075772e+01
8.202703e+03	-6.087860e+01
8.250081e+03	-6.120120e+01
8.297733e+03	-6.102064e+01
8.345661e+03	-6.134960e+01
8.393865e+03	-6.120752e+01
8.442348e+03	-6.165126e+01
8.491110e+03	-6.167777e+01
8.540155e+03	-6.169164e+01
8.589482e+03	-6.171533e+01
8.639095e+03	-6.174613e+01
8.688994e+03	-6.199783e+01
8.739181e+03	-6.218016e+01
8.789658e+03	-6.219755e+01
8.840427e+03	-6.219054e+01
8.891489e+03	-6.262699e+01
8.942846e+03	-6.276907e+01
8.994499e+03	-6.268895e+01
9.046451e+03	-6.263193e+01
9.098703e+03	-6.282147e+01
9.151257e+03	-6.290758e+01
9.204114e+03	-6.295067e+01
9.257277e+03	-6.298599e+01
9.310746e+03	-6.296393e+01
9.364525e+03	-6.324961e+01
9.418614e+03	-6.300286e+01
9.473015e+03	-6.271140e+01
9.527731e+03	-6.299778e+01
9.582763e+03	-6.284788e+01
9.638113e+03	-6.231878e+01
9.693782e+03	-6.224971e+01
9.749773e+03	-6.188068e+01
9.806087e+03	-6.127739e+01
9.862727e+03	-6.125071e+01
9.919693e+03	-6.054428e+01
9.976989e+03	-6.042634e+01
1.003462e+04	-6.057819e+01
1.009258e+04	-6.164206e+01
1.015087e+04	-6.405330e+01
1.020950e+04	-6.625141e+01
1.026847e+04	-6.955110e+01
1.032778e+04	-7.229822e+01
1.038743e+04	-7.521666e+01
1.044743e+04	-8.092338e+01
1.050777e+04	-8.649001e+01
1.056847e+04	-9.067578e+01
1.062951e+04	-8.776799e+01
1.069091e+04	-9.567827e+01
1.075266e+04	-1.048703e+02
1.081476e+04	-1.002499e+02
1.087723e+04	-9.309617e+01
1.094006e+04	-9.834996e+01
1.100324e+04	-9.685720e+01
1.106680e+04	-9.503143e+01
1.113072e+04	-9.189939e+01
1.119501e+04	-8.626941e+01
1.125967e+04	-8.793800e+01
1.132471e+04	-8.605734e+01
1.139012e+04	-8.951650e+01
1.145591e+04	-8.429465e+01
1.152208e+04	-8.377545e+01
1.158863e+04	-8.220871e+01
1.165556e+04	-8.108675e+01
1.172289e+04	-8.026992e+01
1.179060e+04	-7.907132e+01
1.185870e+04	-7.823847e+01
1.192719e+04	-7.780431e+01
1.199608e+04	-7.697938e+01
1.206537e+04	-7.733183e+01
1.213506e+04	-7.601605e+01
1.220515e+04	-7.552762e+01
1.227565e+04	-7.471959e+01
1.234655e+04	-7.483235e+01
1.241787e+04	-7.444165e+01
1.248959e+04	-7.265682e+01
1.256173e+04	-7.350853e+01
1.263429e+04	-7.284555e+01
1.270726e+04	-7.198227e+01
1.278066e+04	-7.246025e+01
1.285448e+04	-7.191595e+01
1.292873e+04	-7.174632e+01
1.300340e+04	-7.005643e+01
1.307851e+04	-7.047621e+01
1.315405e+04	-7.016877e+01
1.323003e+04	-6.978592e+01
1.330644e+04	-6.987953e+01
1.338330e+04	-6.930847e+01
1.346060e+04	-6.861474e+01
1.353835e+04	-6.852864e+01
1.361655e+04	-6.799466e+01
1.369520e+04	-6.790513e+01
1.377430e+04	-6.769997e+01
1.385386e+04	-6.762262e+01
1.393388e+04	-6.681909e+01
1.401436e+04	-6.700703e+01
1.409531e+04	-6.640593e+01
1.417672e+04	-6.634273e+01
1.425861e+04	-6.636421e+01
1.434096e+04	-6.604624e+01
1.442379e+04	-6.592868e+01
1.450711e+04	-6.584659e+01
1.459090e+04	-6.527918e+01
1.467518e+04	-6.505219e+01
1.475994e+04	-6.502170e+01
1.484519e+04	-6.478277e+01
1.493094e+04	-6.447156e+01
1.501718e+04	-6.435464e+01
1.510392e+04	-6.450049e+01
1.519116e+04	-6.397014e+01
1.527890e+04	-6.403982e+01
1.536715e+04	-6.385728e+01
1.545591e+04	-6.368055e+01
1.554518e+04	-6.345256e+01
1.563497e+04	-6.298505e+01
1.572528e+04	-6.318034e+01
1.581611e+04	-6.292895e+01
1.590746e+04	-6.265831e+01
1.599934e+04	-6.239821e+01
1.609175e+04	-6.237213e+01
1.618470e+04	-6.215454e+01
1.627818e+04	-6.222706e+01
1.637220e+04	-6.191173e+01
1.646677e+04	-6.190841e+01
1.656188e+04	-6.148769e+01
1.665754e+04	-6.150219e+01
1.675375e+04	-6.145434e+01
1.685052e+04	-6.116352e+01
1.694785e+04	-6.113050e+01
1.704574e+04	-6.091626e+01
1.714419e+04	-6.084375e+01
1.724322e+04	-6.071238e+01
1.734281e+04	-6.056793e+01
1.744299e+04	-6.037762e+01
1.754374e+04	-6.031268e+01
1.764507e+04	-6.037375e+01
1.774698e+04	-6.009994e+01
1.784949e+04	-5.989930e+01
1.795259e+04	-5.993462e+01
1.805628e+04	-5.986410e+01
1.816057e+04	-5.950270e+01
1.826547e+04	-5.951763e+01
1.837097e+04	-5.923680e+01
1.847708e+04	-5.910353e+01
1.858380e+04	-5.926149e+01
1.869114e+04	-5.922326e+01
1.879910e+04	-5.887544e+01
1.890768e+04	-5.885800e+01
1.901689e+04	-5.875696e+01
1.912673e+04	-5.842774e+01
1.923721e+04	-5.858295e+01
1.934832e+04	-5.845989e+01
1.946008e+04	-5.843544e+01
1.957248e+04	-5.810108e+01
1.968553e+04	-5.804231e+01
1.979923e+04	-5.792793e+01
1.991359e+04	-5.784450e+01
2.002861e+04	-5.784306e+01
2.014430e+04	-5.764263e+01
2.026065e+04	-5.756800e+01
2.037767e+04	-5.752785e+01
2.049537e+04	-5.747464e+01
2.061375e+04	-5.744299e+01
2.073282e+04	-5.719388e+01
2.085257e+04	-5.717882e+01
2.097301e+04	-5.695821e+01
2.109415e+04	-5.695124e+01
2.121599e+04	-5.680492e+01
2.133853e+04	-5.671421e+01
2.146178e+04	-5.658071e+01
2.158575e+04	-5.664101e+01
2.171043e+04	-5.641792e+01
2.183582e+04	-5.630404e+01
2.196195e+04	-5.632517e+01
2.208880e+04	-5.624453e+01
2.221638e+04	-5.605844e+01
2.234470e+04	-5.610926e+01
2.247377e+04	-5.593624e+01
2.260357e+04	-5.584641e+01
2.273413e+04	-5.576344e+01
2.286544e+04	-5.567516e+01
2.299751e+04	-5.543362e+01
2.313034e+04	-5.552025e+01
2.326394e+04	-5.550320e+01
2.339832e+04	-5.536862e+01
2.353346e+04	-5.533453e+01
2.366939e+04	-5.513462e+01
2.380610e+04	-5.513963e+01
2.394361e+04	-5.504867e+01
2.408191e+04	-5.499934e+01
2.422100e+04	-5.485991e+01
2.436090e+04	-5.478849e+01
2.450161e+04	-5.465834e+01
2.464313e+04	-5.455867e+01
2.478547e+04	-5.454601e+01
2.492863e+04	-5.436138e+01
2.507261e+04	-5.442120e+01
2.521743e+04	-5.431221e+01
2.536309e+04	-5.428490e+01
2.550958e+04	-5.416131e+01
2.565692e+04	-5.402843e+01
2.580512e+04	-5.400929e+01
2.595417e+04	-5.395137e+01
2.610408e+04	-5.382333e+01
2.625485e+04	-5.384805e+01
2.640650e+04	-5.366381e+01
2.655902e+04	-5.361760e+01
2.671243e+04	-5.353125e+01
2.686672e+04	-5.355432e+01
2.702190e+04	-5.335761e+01
2.717798e+04	-5.342003e+01
2.733495e+04	-5.337397e+01
2.749284e+04	-5.323720e+01
2.765164e+04	-5.321870e+01
2.781135e+04	-5.304172e+01
2.797199e+04	-5.297762e+01
2.813355e+04	-5.292970e+01
2.829605e+04	-5.286398e+01
2.845949e+04	-5.276314e+01
2.862387e+04	-5.270477e+01
2.878920e+04	-5.266766e+01
2.895549e+04	-5.256117e+01
2.912273e+04	-5.250963e+01
2.929094e+04	-5.241238e+01
2.946013e+04	-5.241295e+01
2.963029e+04	-5.232001e+01
2.980143e+04	-5.226216e+01
2.997356e+04	-5.217384e+01
3.014669e+04	-5.210829e+01
3.032081e+04	-5.205733e+01
3.049595e+04	-5.192134e+01
3.067209e+04	-5.191492e+01
3.084925e+04	-5.182547e+01
3.102743e+04	-5.176929e+01
3.120665e+04	-5.172430e+01
3.138690e+04	-5.159189e+01
3.156819e+04	-5.156068e+01
3.175052e+04	-5.151101e+01
3.193391e+04	-5.143620e+01
3.211836e+04	-5.140782e+01
3.230388e+04	-5.131234e+01
3.249046e+04	-5.122432e+01
3.267812e+04	-5.118016e+01
3.286687e+04	-5.109009e+01
3.305671e+04	-5.106764e+01
3.324764e+04	-5.101591e+01
3.343968e+04	-5.090112e+01
3.363283e+04	-5.084039e+01
3.382709e+04	-5.077430e+01
3.402247e+04	-5.073045e+01
3.421899e+04	-5.067462e+01
3.441663e+04	-5.064722e+01
3.461542e+04	-5.054993e+01
3.481536e+04	-5.050324e+01
3.501645e+04	-5.039613e+01
3.521871e+04	-5.033270e+01
3.542213e+04	-5.028620e+01
3.562672e+04	-5.018584e+01
3.583250e+04	-5.017738e+01
3.603947e+04	-5.012603e+01
3.624763e+04	-5.007921e+01
3.645700e+04	-4.995403e+01
3.666757e+04	-4.992879e+01
3.687936e+04	-4.982613e+01
3.709238e+04	-4.978036e+01
3.730662e+04	-4.972526e+01
3.752210e+04	-4.967801e+01
3.773883e+04	-4.963079e+01
3.795680e+04	-4.954328e+01
3.817604e+04	-4.947508e+01
3.839654e+04	-4.941730e+01
3.861832e+04	-4.939111e+01
3.884138e+04	-4.931338e+01
3.906573e+04	-4.922233e+01
3.929137e+04	-4.920395e+01
3.951831e+04	-4.912027e+01
3.974657e+04	-4.908282e+01
3.997614e+04	-4.900048e+01
4.020704e+04	-4.897112e+01
4.043928e+04	-4.889346e+01
4.067285e+04	-4.882249e+01
4.090778e+04	-4.879398e+01
4.114406e+04	-4.874873e+01
4.138171e+04	-4.867239e+01
4.162073e+04	-4.862551e+01
4.186113e+04	-4.856608e+01
4.210291e+04	-4.846939e+01
4.234610e+04	-4.844095e+01
4.259069e+04	-4.838897e+01
4.283669e+04	-4.830746e+01
4.308411e+04	-4.826643e+01
4.333297e+04	-4.820307e+01
4.358325e+04	-4.814704e+01
4.383499e+04	-4.809075e+01
4.408818e+04	-4.803436e+01
4.434283e+04	-4.800023e+01
4.459895e+04	-4.792300e+01
4.485655e+04	-4.788320e+01
4.511564e+04	-4.781927e+01
4.537623e+04	-4.771063e+01
4.563832e+04	-4.766970e+01
4.590193e+04	-4.761682e+01
4.616705e+04	-4.760836e+01
4.643371e+04	-4.752385e+01
4.670191e+04	-4.745415e+01
4.697166e+04	-4.743864e+01
4.724297e+04	-4.737935e+01
4.751584e+04	-4.731252e+01
4.779029e+04	-4.723288e+01
4.806633e+04	-4.715737e+01
4.834395e+04	-4.709955e+01
4.862319e+04	-4.706474e+01
4.890403e+04	-4.701516e+01
4.918650e+04	-4.698434e+01
4.947060e+04	-4.690572e+01
4.975634e+04	-4.687533e+01
5.004373e+04	-4.680922e+01
5.033278e+04	-4.670838e+01
5.062350e+04	-4.667077e+01
5.091590e+04	-4.663425e+01
5.120999e+04	-4.656498e+01
5.150578e+04	-4.651221e+01
5.180327e+04	-4.647231e+01
5.210248e+04	-4.643410e+01
5.240343e+04	-4.634361e+01
5.270611e+04	-4.629828e+01
5.301053e+04	-4.624062e+01
5.331672e+04	-4.618613e+01
5.362468e+04	-4.608964e+01
5.393441e+04	-4.609559e+01
5.424593e+04	-4.600377e+01
5.455926e+04	-4.601963e+01
5.487439e+04	-4.591449e+01
5.519134e+04	-4.585730e+01
5.551012e+04	-4.580204e+01
5.583075e+04	-4.575126e+01
5.615322e+04	-4.568503e+01
5.647756e+04	-4.561772e+01
5.680377e+04	-4.558267e+01
5.713187e+04	-4.549901e+01
5.746186e+04	-4.545671e+01
5.779376e+04	-4.540968e+01
5.812757e+04	-4.534109e+01
5.846332e+04	-4.529776e+01
5.880100e+04	-4.526006e+01
5.914063e+04	-4.518556e+01
5.948222e+04	-4.514982e+01
5.982579e+04	-4.507107e+01
6.017134e+04	-4.501919e+01
6.051889e+04	-4.496778e+01
6.086844e+04	-4.492875e+01
6.122002e+04	-4.487694e+01
6.157362e+04	-4.481155e+01
6.192927e+04	-4.477334e+01
6.228697e+04	-4.472783e+01
6.264674e+04	-4.468373e+01
6.300858e+04	-4.460231e+01
6.337252e+04	-4.457184e+01
6.373855e+04	-4.451337e+01
6.410670e+04	-4.446110e+01
6.447698e+04	-4.439005e+01
6.484940e+04	-4.434173e+01
6.522397e+04	-4.428760e+01
6.560070e+04	-4.423584e+01
6.597960e+04	-4.420379e+01
6.636070e+04	-4.411881e+01
6.674400e+04	-4.408549e+01
6.712951e+04	-4.400446e+01
6.751724e+04	-4.397827e+01
6.790722e+04	-4.391396e+01
6.829945e+04	-4.384550e+01
6.869395e+04	-4.381711e+01
6.909072e+04	-4.373917e+01
6.948978e+04	-4.369154e+01
6.989115e+04	-4.364331e+01
7.029484e+04	-4.360938e+01
7.070086e+04	-4.353378e+01
7.110923e+04	-4.348206e+01
7.151995e+04	-4.345497e+01
7.193305e+04	-4.337777e+01
7.234853e+04	-4.332876e+01
7.276641e+04	-4.327834e+01
7.318671e+04	-4.323628e+01
7.360943e+04	-4.316346e+01
7.403460e+04	-4.312909e+01
7.446222e+04	-4.307013e+01
7.489231e+04	-4.303900e+01
7.532488e+04	-4.294340e+01
7.575996e+04	-4.292216e+01
7.619754e+04	-4.286894e+01
7.663766e+04	-4.282055e+01
7.708031e+04	-4.277310e+01
7.752553e+04	-4.273267e+01
7.797331e+04	-4.265146e+01
7.842368e+04	-4.261217e+01
7.887665e+04	-4.254216e+01
7.933224e+04	-4.248425e+01
7.979046e+04	-4.244633e+01
8.025133e+04	-4.239771e+01
8.071486e+04	-4.235564e+01
8.118106e+04	-4.230486e+01
8.164996e+04	-4.223108e+01
8.212157e+04	-4.219014e+01
8.259590e+04	-4.214527e+01
8.307297e+04	-4.208042e+01
8.355279e+04	-4.203810e+01
8.403539e+04	-4.194728e+01
8.452078e+04	-4.191269e+01
8.500897e+04	-4.188544e+01
8.549997e+04	-4.184646e+01
8.599382e+04	-4.176949e+01
8.649052e+04	-4.172218e+01
8.699008e+04	-4.167052e+01
8.749253e+04	-4.162123e+01
8.799789e+04	-4.157442e+01
8.850616e+04	-4.150938e+01
8.901737e+04	-4.146204e+01
8.953153e+04	-4.140325e+01
9.004866e+04	-4.135970e+01
9.056877e+04	-4.131017e+01
9.109190e+04	-4.124116e+01
9.161804e+04	-4.119943e+01
9.214722e+04	-4.116289e+01
9.267946e+04	-4.111804e+01
9.321477e+04	-4.104125e+01
9.375318e+04	-4.100565e+01
9.429469e+04	-4.093681e+01
9.483933e+04	-4.090485e+01
9.538712e+04	-4.085400e+01
9.593807e+04	-4.078562e+01
9.649221e+04	-4.074333e+01
9.704954e+04	-4.070317e+01
9.761010e+04	-4.064241e+01
9.817389e+04	-4.059453e+01
9.874094e+04	-4.051711e+01
9.931126e+04	-4.047734e+01
9.988488e+04	-4.043760e+01
1.004618e+05	-4.037394e+01
1.010421e+05	-4.032404e+01
1.016257e+05	-4.028210e+01
1.022127e+05	-4.021882e+01
1.028031e+05	-4.016317e+01
1.033968e+05	-4.012119e+01
1.039941e+05	-4.007696e+01
1.045947e+05	-4.000558e+01
1.051989e+05	-3.997184e+01
1.058065e+05	-3.991807e+01
1.064176e+05	-3.986094e+01
1.070323e+05	-3.981093e+01
1.076505e+05	-3.977917e+01
1.082723e+05	-3.970649e+01
1.088977e+05	-3.966311e+01
1.095266e+05	-3.961384e+01
1.101593e+05	-3.956353e+01
1.107955e+05	-3.952505e+01
1.114355e+05	-3.946668e+01
1.120791e+05	-3.940762e+01
1.127265e+05	-3.934984e+01
1.133776e+05	-3.930597e+01
1.140325e+05	-3.925024e+01
1.146911e+05	-3.919630e+01
1.153536e+05	-3.915213e+01
1.160198e+05	-3.910623e+01
1.166900e+05	-3.904873e+01
1.173640e+05	-3.899532e+01
1.180419e+05	-3.895198e+01
1.187237e+05	-3.888250e+01
1.194094e+05	-3.884273e+01
1.200991e+05	-3.880552e+01
1.207928e+05	-3.874125e+01
1.214905e+05	-3.869850e+01
1.221922e+05	-3.864310e+01
1.228980e+05	-3.859173e+01
1.236078e+05	-3.853365e+01
1.243218e+05	-3.848763e+01
1.250399e+05	-3.842446e+01
1.257621e+05	-3.837611e+01
1.264885e+05	-3.834233e+01
1.272191e+05	-3.828498e+01
1.279539e+05	-3.822851e+01
1.286930e+05	-3.820053e+01
1.294363e+05	-3.813526e+01
1.301839e+05	-3.809813e+01
1.309358e+05	-3.803392e+01
1.316921e+05	-3.799398e+01
1.324528e+05	-3.793000e+01
1.332178e+05	-3.788740e+01
1.339873e+05	-3.783341e+01
1.347612e+05	-3.778476e+01
1.355395e+05	-3.772231e+01
1.363224e+05	-3.768596e+01
1.371098e+05	-3.762943e+01
1.379018e+05	-3.756705e+01
1.386983e+05	-3.753081e+01
1.394994e+05	-3.747618e+01
1.403051e+05	-3.743281e+01
1.411155e+05	-3.737517e+01
1.419306e+05	-3.732273e+01
1.427504e+05	-3.727316e+01
1.435749e+05	-3.721969e+01
1.444042e+05	-3.717392e+01
1.452383e+05	-3.710945e+01
1.460772e+05	-3.706915e+01
1.469209e+05	-3.702094e+01
1.477695e+05	-3.697084e+01
1.486230e+05	-3.692706e+01
1.494814e+05	-3.686801e+01
1.503448e+05	-3.681714e+01
1.512132e+05	-3.677138e+01
1.520866e+05	-3.671802e+01
1.529651e+05	-3.665677e+01
1.538486e+05	-3.662239e+01
1.547372e+05	-3.656035e+01
1.556310e+05	-3.651632e+01
1.565299e+05	-3.646768e+01
1.574340e+05	-3.640756e+01
1.583433e+05	-3.636651e+01
1.592579e+05	-3.631500e+01
1.601778e+05	-3.627281e+01
1.611030e+05	-3.621478e+01
1.620335e+05	-3.616146e+01
1.629694e+05	-3.610508e+01
1.639107e+05	-3.605874e+01
1.648574e+05	-3.601262e+01
1.658097e+05	-3.595245e+01
1.667674e+05	-3.590790e+01
1.677306e+05	-3.585472e+01
1.686994e+05	-3.580371e+01
1.696738e+05	-3.576143e+01
1.706538e+05	-3.570446e+01
1.716395e+05	-3.565810e+01
1.726309e+05	-3.560489e+01
1.736280e+05	-3.555971e+01
1.746309e+05	-3.549813e+01
1.756395e+05	-3.545511e+01
1.766540e+05	-3.539872e+01
1.776744e+05	-3.534920e+01
1.787006e+05	-3.530390e+01
1.797328e+05	-3.525133e+01
1.807709e+05	-3.520321e+01
1.818150e+05	-3.515711e+01
1.828652e+05	-3.510677e+01
1.839214e+05	-3.505245e+01
1.849837e+05	-3.499991e+01
1.860522e+05	-3.494640e+01
1.871268e+05	-3.490120e+01
1.882077e+05	-3.484769e+01
1.892948e+05	-3.479951e+01
1.903881e+05	-3.475111e+01
1.914878e+05	-3.469217e+01
1.925938e+05	-3.465246e+01
1.937062e+05	-3.459147e+01
1.948251e+05	-3.454299e+01
1.959504e+05	-3.450257e+01
1.970822e+05	-3.444814e+01
1.982205e+05	-3.440175e+01
1.993654e+05	-3.434819e+01
2.005169e+05	-3.429122e+01
2.016751e+05	-3.425191e+01
2.028400e+05	-3.419739e+01
2.040116e+05	-3.414730e+01
2.051899e+05	-3.409511e+01
2.063751e+05	-3.404402e+01
2.075671e+05	-3.400239e+01
2.087660e+05	-3.393966e+01
2.099719e+05	-3.389675e+01
2.111846e+05	-3.384862e+01
2.124044e+05	-3.379939e+01
2.136313e+05	-3.374353e+01
2.148652e+05	-3.369773e+01
2.161063e+05	-3.364026e+01
2.173545e+05	-3.359638e+01
2.186099e+05	-3.354058e+01
2.198726e+05	-3.349774e+01
2.211426e+05	-3.345128e+01
2.224199e+05	-3.339158e+01
2.237046e+05	-3.334813e+01
2.249967e+05	-3.328753e+01
2.262962e+05	-3.324088e+01
2.276033e+05	-3.319601e+01
2.289179e+05	-3.314337e+01
2.302402e+05	-3.309469e+01
2.315700e+05	-3.304373e+01
2.329076e+05	-3.298928e+01
2.342528e+05	-3.294319e+01
2.356059e+05	-3.289293e+01
2.369667e+05	-3.283430e+01
2.383354e+05	-3.279732e+01
2.397120e+05	-3.273943e+01
2.410966e+05	-3.269338e+01
2.424892e+05	-3.265231e+01
2.438898e+05	-3.259019e+01
2.452985e+05	-3.254023e+01
2.467153e+05	-3.249286e+01
2.481403e+05	-3.244115e+01
2.495736e+05	-3.239347e+01
2.510151e+05	-3.234224e+01
2.524650e+05	-3.229085e+01
2.539232e+05	-3.224183e+01
2.553898e+05	-3.219773e+01
2.568650e+05	-3.213477e+01
2.583486e+05	-3.209837e+01
2.598408e+05	-3.204465e+01
2.613416e+05	-3.199586e+01
2.628511e+05	-3.194232e+01
2.643694e+05	-3.189003e+01
2.658963e+05	-3.184049e+01
2.674321e+05	-3.179380e+01
2.689768e+05	-3.174615e+01
2.705304e+05	-3.168927e+01
2.720930e+05	-3.164304e+01
2.736646e+05	-3.159436e+01
2.752453e+05	-3.154032e+01
2.768351e+05	-3.149531e+01
2.784341e+05	-3.144383e+01
2.800423e+05	-3.139534e+01
2.816598e+05	-3.133815e+01
2.832867e+05	-3.128865e+01
2.849229e+05	-3.124486e+01
2.865686e+05	-3.119449e+01
2.882238e+05	-3.113801e+01
2.898886e+05	-3.109189e+01
2.915630e+05	-3.103780e+01
2.932470e+05	-3.098526e+01
2.949408e+05	-3.094223e+01
2.966444e+05	-3.089536e+01
2.983578e+05	-3.083714e+01
3.000811e+05	-3.079244e+01
3.018143e+05	-3.074000e+01
3.035576e+05	-3.069097e+01
3.053109e+05	-3.063778e+01
3.070744e+05	-3.059011e+01
3.088481e+05	-3.053975e+01
3.106320e+05	-3.049551e+01
3.124261e+05	-3.044189e+01
3.142307e+05	-3.039218e+01
3.160457e+05	-3.034775e+01
3.178712e+05	-3.028985e+01
3.197072e+05	-3.024007e+01
3.215538e+05	-3.018675e+01
3.234111e+05	-3.013869e+01
3.252791e+05	-3.009511e+01
3.271579e+05	-3.003754e+01
3.290475e+05	-2.999200e+01
3.309481e+05	-2.994337e+01
3.328596e+05	-2.989113e+01
3.347822e+05	-2.984008e+01
3.367159e+05	-2.979632e+01
3.386608e+05	-2.974147e+01
3.406169e+05	-2.969064e+01
3.425842e+05	-2.964264e+01
3.445630e+05	-2.959116e+01
3.465532e+05	-2.953991e+01
3.485549e+05	-2.949252e+01
3.505681e+05	-2.944193e+01
3.525930e+05	-2.939473e+01
3.546295e+05	-2.934430e+01
3.566778e+05	-2.929207e+01
3.587380e+05	-2.924462e+01
3.608101e+05	-2.919354e+01
3.628941e+05	-2.914392e+01
3.649901e+05	-2.909738e+01
3.670983e+05	-2.904310e+01
3.692187e+05	-2.899355e+01
3.713513e+05	-2.894065e+01
3.734962e+05	-2.889516e+01
3.756535e+05	-2.884746e+01
3.778232e+05	-2.879312e+01
3.800055e+05	-2.874762e+01
3.822004e+05	-2.869807e+01
3.844080e+05	-2.864610e+01
3.866283e+05	-2.859649e+01
3.888615e+05	-2.854912e+01
3.911075e+05	-2.849496e+01
3.933665e+05	-2.845053e+01
3.956386e+05	-2.839749e+01
3.979238e+05	-2.834784e+01
4.002222e+05	-2.829799e+01
4.025338e+05	-2.825142e+01
4.048589e+05	-2.820009e+01
4.071973e+05	-2.814950e+01
4.095493e+05	-2.809844e+01
4.119148e+05	-2.804990e+01
4.142940e+05	-2.799835e+01
4.166870e+05	-2.794588e+01
4.190937e+05	-2.789756e+01
4.215144e+05	-2.784958e+01
4.239490e+05	-2.780180e+01
4.263978e+05	-2.775381e+01
4.288606e+05	-2.770097e+01
4.313377e+05	-2.765000e+01
4.338291e+05	-2.760054e+01
4.363349e+05	-2.754736e+01
4.388551e+05	-2.750241e+01
4.413899e+05	-2.745189e+01
4.439394e+05	-2.740037e+01
4.465035e+05	-2.735182e+01
4.490825e+05	-2.730548e+01
4.516764e+05	-2.725480e+01
4.542853e+05	-2.720248e+01
4.569092e+05	-2.715705e+01
4.595483e+05	-2.710251e+01
4.622026e+05	-2.705803e+01
4.648723e+05	-2.700380e+01
4.675574e+05	-2.695952e+01
4.702580e+05	-2.690426e+01
4.729742e+05	-2.685543e+01
4.757060e+05	-2.680541e+01
4.784537e+05	-2.675757e+01
4.812172e+05	-2.670936e+01
4.839967e+05	-2.666160e+01
4.867923e+05	-2.660765e+01
4.896040e+05	-2.655866e+01
4.924319e+05	-2.650724e+01
4.952762e+05	-2.645900e+01
4.981369e+05	-2.641325e+01
5.010141e+05	-2.636082e+01
5.039079e+05	-2.631363e+01
5.068185e+05	-2.625992e+01
5.097458e+05	-2.620888e+01
5.126901e+05	-2.615959e+01
5.156514e+05	-2.611164e+01
5.186298e+05	-2.606352e+01
5.216253e+05	-2.601245e+01
5.246382e+05	-2.596476e+01
5.276685e+05	-2.591645e+01
5.307163e+05	-2.586402e+01
5.337817e+05	-2.581532e+01
5.368648e+05	-2.576684e+01
5.399657e+05	-2.571768e+01
5.430845e+05	-2.566791e+01
5.462214e+05	-2.561794e+01
5.493763e+05	-2.556703e+01
5.525495e+05	-2.551564e+01
5.557410e+05	-2.546964e+01
5.589509e+05	-2.541645e+01
5.621794e+05	-2.536821e+01
5.654265e+05	-2.531877e+01
5.686924e+05	-2.527053e+01
5.719772e+05	-2.522355e+01
5.752809e+05	-2.517066e+01
5.786037e+05	-2.512342e+01
5.819457e+05	-2.507108e+01
5.853070e+05	-2.502473e+01
5.886877e+05	-2.497388e+01
5.920879e+05	-2.492845e+01
5.955078e+05	-2.487652e+01
5.989474e+05	-2.482282e+01
6.024069e+05	-2.477624e+01
6.058864e+05	-2.472694e+01
6.093860e+05	-2.467929e+01
6.129058e+05	-2.462659e+01
6.164459e+05	-2.457895e+01
6.200064e+05	-2.453008e+01
6.235876e+05	-2.448172e+01
6.271894e+05	-2.442878e+01
6.308120e+05	-2.438158e+01
6.344555e+05	-2.433123e+01
6.381201e+05	-2.428255e+01
6.418059e+05	-2.423280e+01
6.455129e+05	-2.418407e+01
6.492414e+05	-2.413469e+01
6.529914e+05	-2.408487e+01
6.567630e+05	-2.403332e+01
6.605565e+05	-2.398712e+01
6.643718e+05	-2.393510e+01
6.682092e+05	-2.388785e+01
6.720688e+05	-2.383912e+01
6.759506e+05	-2.378736e+01
6.798549e+05	-2.374001e+01
6.837817e+05	-2.369148e+01
6.877312e+05	-2.364291e+01
6.917035e+05	-2.359159e+01
6.956987e+05	-2.354247e+01
6.997171e+05	-2.349310e+01
7.037586e+05	-2.344673e+01
7.078235e+05	-2.339763e+01
7.119118e+05	-2.334794e+01
7.160238e+05	-2.329791e+01
7.201595e+05	-2.325004e+01
7.243191e+05	-2.320275e+01
7.285028e+05	-2.315049e+01
7.327106e+05	-2.309994e+01
7.369427e+05	-2.305303e+01
7.411992e+05	-2.300242e+01
7.454804e+05	-2.295412e+01
7.497862e+05	-2.290432e+01
7.541170e+05	-2.285686e+01
7.584727e+05	-2.280766e+01
7.628536e+05	-2.275986e+01
7.672598e+05	-2.271039e+01
7.716915e+05	-2.265953e+01
7.761488e+05	-2.261185e+01
7.806318e+05	-2.256158e+01
7.851407e+05	-2.251402e+01
7.896756e+05	-2.246367e+01
7.942367e+05	-2.241592e+01
7.988242e+05	-2.236515e+01
8.034382e+05	-2.231624e+01
8.080788e+05	-2.226918e+01
8.127463e+05	-2.221851e+01
8.174406e+05	-2.217232e+01
8.221621e+05	-2.212100e+01
8.269109e+05	-2.207345e+01
8.316871e+05	-2.202494e+01
8.364909e+05	-2.197550e+01
8.413225e+05	-2.192443e+01
8.461819e+05	-2.187734e+01
8.510694e+05	-2.183042e+01
8.559852e+05	-2.178073e+01
8.609293e+05	-2.173242e+01
8.659020e+05	-2.168202e+01
8.709034e+05	-2.163422e+01
8.759337e+05	-2.158350e+01
8.809931e+05	-2.153632e+01
8.860816e+05	-2.148715e+01
8.911996e+05	-2.143957e+01
8.963471e+05	-2.139031e+01
9.015244e+05	-2.134083e+01
9.067316e+05	-2.129202e+01
9.119688e+05	-2.124312e+01
9.172363e+05	-2.119682e+01
9.225342e+05	-2.114605e+01
9.278628e+05	-2.109752e+01
9.332221e+05	-2.105026e+01
9.386123e+05	-2.100085e+01
9.440337e+05	-2.095322e+01
9.494864e+05	-2.090433e+01
9.549706e+05	-2.085436e+01
9.604865e+05	-2.080554e+01
9.660342e+05	-2.075855e+01
9.716140e+05	-2.071254e+01
9.772260e+05	-2.066260e+01
9.828704e+05	-2.061256e+01
9.885474e+05	-2.056542e+01
9.942572e+05	-2.051606e+01
1.000000e+06	-2.046622e+01
