Frequency(Hz)	Magnitude(dB)
1.000000e+01	-1.238723e-04
1.005776e+01	-1.641834e-04
1.011585e+01	-3.465912e-05
1.017428e+01	-6.272985e-05
1.023305e+01	-5.375650e-05
1.029215e+01	2.842323e-05
1.035160e+01	-5.418015e-05
1.041139e+01	-4.354683e-05
1.047153e+01	-4.338828e-06
1.053201e+01	1.830050e-05
1.059284e+01	-9.902624e-06
1.065403e+01	-1.772612e-04
1.071556e+01	-9.929553e-06
1.077746e+01	1.516619e-04
1.083971e+01	8.069194e-05
1.090232e+01	-6.641911e-05
1.096529e+01	5.974517e-05
1.102862e+01	1.559052e-05
1.109232e+01	1.121400e-04
1.115639e+01	-4.507749e-05
1.122083e+01	-8.029414e-05
1.128564e+01	-5.352617e-05
1.135083e+01	1.115178e-04
1.141639e+01	-1.091234e-04
1.148233e+01	-1.521767e-04
1.154865e+01	-8.433751e-05
1.161536e+01	1.202510e-04
1.168245e+01	-4.575629e-05
1.174992e+01	3.051528e-05
1.181779e+01	-3.666041e-05
1.188605e+01	-1.639560e-04
1.195470e+01	-2.856479e-05
1.202375e+01	-6.813745e-05
1.209320e+01	7.946619e-05
1.216305e+01	-4.540634e-05
1.223330e+01	-5.370957e-05
1.230396e+01	4.939822e-05
1.237503e+01	-1.892846e-04
1.244651e+01	1.177871e-04
1.251840e+01	1.639215e-04
1.259070e+01	-7.059601e-05
1.266343e+01	-9.661471e-05
1.273657e+01	-7.774248e-05
1.281014e+01	-5.355647e-05
1.288413e+01	-5.193064e-06
1.295855e+01	-7.051173e-05
1.303339e+01	-8.913093e-05
1.310867e+01	-8.479851e-05
1.318439e+01	-4.021484e-05
1.326054e+01	7.736555e-05
1.333713e+01	-9.891965e-05
1.341417e+01	-5.759890e-05
1.349165e+01	-3.215321e-05
1.356958e+01	-8.811160e-05
1.364795e+01	4.988486e-05
1.372678e+01	2.407350e-05
1.380607e+01	-2.250132e-05
1.388581e+01	-2.548131e-05
1.396602e+01	-1.594658e-04
1.404668e+01	-4.019087e-05
1.412782e+01	5.022658e-06
1.420942e+01	1.674689e-04
1.429149e+01	-4.883573e-05
1.437404e+01	-1.396723e-04
1.445706e+01	2.758919e-05
1.454057e+01	-7.888314e-05
1.462455e+01	7.713691e-05
1.470902e+01	-1.194537e-04
1.479398e+01	-4.524853e-05
1.487943e+01	6.576989e-05
1.496537e+01	1.584239e-05
1.505181e+01	-6.432924e-05
1.513875e+01	-1.081807e-05
1.522619e+01	-3.663104e-05
1.531414e+01	1.284883e-06
1.540259e+01	-1.528120e-04
1.549156e+01	3.752789e-05
1.558103e+01	-9.061112e-05
1.567103e+01	-6.022835e-05
1.576155e+01	-5.053080e-05
1.585258e+01	-1.903596e-05
1.594415e+01	4.388165e-05
1.603624e+01	-2.196989e-05
1.612886e+01	-9.575498e-05
1.622202e+01	1.549844e-04
1.631572e+01	-2.548229e-04
1.640996e+01	-6.134269e-05
1.650474e+01	8.249111e-05
1.660008e+01	-5.452238e-05
1.669596e+01	4.219589e-05
1.679239e+01	7.994321e-05
1.688938e+01	-7.232688e-05
1.698694e+01	-4.288018e-05
1.708505e+01	5.276883e-07
1.718373e+01	2.820080e-05
1.728299e+01	1.316912e-05
1.738281e+01	-4.050073e-05
1.748322e+01	1.649106e-04
1.758420e+01	1.653827e-05
1.768576e+01	-5.757002e-05
1.778792e+01	1.174642e-04
1.789066e+01	-4.220399e-05
1.799399e+01	7.485098e-05
1.809793e+01	-9.119679e-06
1.820246e+01	-1.867287e-05
1.830760e+01	-8.693352e-05
1.841334e+01	-9.543272e-06
1.851969e+01	-1.522384e-04
1.862666e+01	-2.360612e-04
1.873425e+01	-1.806899e-04
1.884246e+01	-3.639197e-05
1.895129e+01	7.853435e-05
1.906075e+01	-2.994547e-05
1.917085e+01	3.352234e-05
1.928158e+01	-1.033287e-04
1.939295e+01	-7.793056e-05
1.950496e+01	4.051901e-05
1.961762e+01	-7.973501e-05
1.973093e+01	-1.386267e-04
1.984490e+01	-1.256520e-04
1.995952e+01	-1.068740e-04
2.007480e+01	-2.943713e-05
2.019076e+01	1.098145e-05
2.030738e+01	-1.148266e-04
2.042467e+01	2.664070e-05
2.054264e+01	-1.683149e-04
2.066130e+01	7.745529e-05
2.078064e+01	-1.261550e-04
2.090066e+01	-1.616904e-04
2.102139e+01	7.580177e-06
2.114280e+01	-8.674009e-05
2.126492e+01	-6.935744e-05
2.138775e+01	-8.947315e-05
2.151128e+01	-1.842261e-04
2.163553e+01	-1.576809e-04
2.176050e+01	-1.275077e-04
2.188619e+01	-6.678934e-05
2.201260e+01	-2.395257e-04
2.213974e+01	7.729076e-05
2.226762e+01	-2.471726e-05
2.239624e+01	-1.885858e-04
2.252560e+01	-3.667507e-06
2.265571e+01	4.587534e-05
2.278656e+01	-9.819483e-05
2.291818e+01	-2.078153e-04
2.305055e+01	-2.129464e-04
2.318369e+01	-1.519133e-04
2.331760e+01	-7.838504e-05
2.345228e+01	3.863858e-05
2.358774e+01	-3.034895e-04
2.372398e+01	-1.747035e-05
2.386101e+01	1.270418e-05
2.399883e+01	-1.654410e-04
2.413745e+01	-1.389087e-04
2.427686e+01	-1.344101e-04
2.441709e+01	-1.959137e-04
2.455812e+01	7.032405e-05
2.469997e+01	-6.707329e-05
2.484263e+01	-8.946223e-05
2.498612e+01	-1.307543e-04
2.513044e+01	-8.741848e-05
2.527559e+01	-1.539110e-04
2.542158e+01	-1.645198e-04
2.556842e+01	-9.238599e-05
2.571610e+01	-1.551190e-04
2.586463e+01	-1.532485e-04
2.601403e+01	-2.175791e-04
2.616428e+01	-2.031815e-04
2.631541e+01	-1.455078e-04
2.646740e+01	-1.150951e-04
2.662028e+01	-4.134054e-05
2.677404e+01	-2.701035e-04
2.692868e+01	-1.975285e-04
2.708422e+01	-8.412214e-05
2.724066e+01	-1.892501e-04
2.739800e+01	-7.922359e-05
2.755625e+01	-3.312865e-04
2.771541e+01	-3.293008e-04
2.787550e+01	-2.568869e-04
2.803650e+01	-1.499887e-04
2.819844e+01	-1.350259e-04
2.836131e+01	-2.231389e-04
2.852513e+01	-2.481571e-04
2.868989e+01	-1.460311e-04
2.885560e+01	-1.557451e-04
2.902227e+01	-2.880162e-04
2.918990e+01	-2.453553e-04
2.935850e+01	-4.218525e-06
2.952807e+01	-1.566413e-04
2.969863e+01	-1.939288e-04
2.987016e+01	-2.158555e-04
3.004269e+01	-1.784503e-05
3.021622e+01	-1.253857e-04
3.039075e+01	-1.798349e-04
3.056628e+01	-1.896073e-04
3.074283e+01	-6.587827e-05
3.092040e+01	-2.072320e-04
3.109900e+01	-2.109291e-04
3.127862e+01	-2.060720e-04
3.145929e+01	-2.311210e-04
3.164099e+01	-1.074633e-04
3.182375e+01	-1.331717e-04
3.200756e+01	-1.796856e-04
3.219244e+01	-1.132429e-04
3.237838e+01	-4.002536e-04
3.256540e+01	-2.058245e-04
3.275349e+01	-3.215700e-05
3.294268e+01	-1.667162e-04
3.313295e+01	-1.692514e-04
3.332433e+01	-3.163441e-04
3.351681e+01	-2.039856e-04
3.371040e+01	-2.718659e-04
3.390511e+01	-6.860102e-05
3.410094e+01	-2.503069e-04
3.429791e+01	-2.107695e-04
3.449601e+01	-2.526237e-04
3.469526e+01	-1.343099e-04
3.489566e+01	-2.027908e-04
3.509721e+01	-4.206072e-04
3.529993e+01	-2.425718e-04
3.550382e+01	-2.615355e-04
3.570889e+01	-1.089434e-04
3.591515e+01	-2.800297e-04
3.612259e+01	-2.323282e-04
3.633123e+01	-1.678189e-04
3.654108e+01	-2.350373e-04
3.675214e+01	-1.262496e-04
3.696442e+01	-2.061064e-04
3.717792e+01	-2.019879e-04
3.739266e+01	-3.613514e-04
3.760864e+01	-2.402096e-04
3.782587e+01	-2.936832e-04
3.804435e+01	-2.444968e-04
3.826409e+01	-3.006056e-04
3.848510e+01	-2.717389e-04
3.870739e+01	-2.635932e-04
3.893096e+01	-1.382402e-04
3.915583e+01	-3.060697e-04
3.938199e+01	-5.195445e-04
3.960946e+01	-2.252839e-04
3.983824e+01	-2.357109e-04
4.006834e+01	-4.055223e-04
4.029978e+01	-4.662098e-04
4.053255e+01	-1.154897e-04
4.076666e+01	-2.099025e-04
4.100213e+01	-4.631048e-04
4.123896e+01	-3.706418e-04
4.147715e+01	-2.772873e-04
4.171672e+01	-3.437808e-04
4.195767e+01	-3.051925e-04
4.220002e+01	-3.296688e-04
4.244377e+01	-3.808944e-04
4.268892e+01	-3.688852e-04
4.293549e+01	-3.293633e-04
4.318348e+01	-4.705772e-04
4.343291e+01	-3.220848e-04
4.368377e+01	-3.674829e-04
4.393609e+01	-4.299321e-04
4.418986e+01	-4.686641e-04
4.444510e+01	-3.307861e-04
4.470182e+01	-3.201795e-04
4.496001e+01	-4.405430e-04
4.521970e+01	-4.798571e-04
4.548089e+01	-4.170881e-04
4.574358e+01	-4.561731e-04
4.600779e+01	-3.891427e-04
4.627353e+01	-3.149875e-04
4.654081e+01	-3.374957e-04
4.680963e+01	-4.746309e-04
4.708000e+01	-5.587852e-04
4.735193e+01	-4.873353e-04
4.762543e+01	-5.714945e-04
4.790051e+01	-4.012314e-04
4.817719e+01	-4.784698e-04
4.845545e+01	-5.259129e-04
4.873533e+01	-4.290362e-04
4.901682e+01	-3.445523e-04
4.929994e+01	-3.393478e-04
4.958470e+01	-5.278440e-04
4.987110e+01	-6.359453e-04
5.015915e+01	-5.207486e-04
5.044887e+01	-4.970347e-04
5.074026e+01	-4.727015e-04
5.103333e+01	-3.285350e-04
5.132810e+01	-2.338945e-04
5.162457e+01	-4.247618e-04
5.192275e+01	-4.930705e-04
5.222265e+01	-4.671114e-04
5.252429e+01	-5.311850e-04
5.282767e+01	-3.693333e-04
5.313280e+01	-3.005820e-04
5.343969e+01	-3.661057e-04
5.374836e+01	-5.914149e-04
5.405880e+01	-4.928378e-04
5.437105e+01	-4.650633e-04
5.468509e+01	-7.404384e-04
5.500095e+01	-5.685561e-04
5.531863e+01	-7.383673e-04
5.563815e+01	-4.612780e-04
5.595951e+01	-6.004459e-04
5.628273e+01	-5.856230e-04
5.660782e+01	-5.457256e-04
5.693479e+01	-5.635094e-04
5.726364e+01	-6.060239e-04
5.759439e+01	-6.531585e-04
5.792705e+01	-8.187969e-04
5.826164e+01	-6.493381e-04
5.859815e+01	-6.008473e-04
5.893662e+01	-5.820655e-04
5.927703e+01	-6.010256e-04
5.961941e+01	-7.311404e-04
5.996377e+01	-7.160108e-04
6.031012e+01	-6.307888e-04
6.065847e+01	-5.822410e-04
6.100883e+01	-6.825419e-04
6.136121e+01	-4.413388e-04
6.171563e+01	-6.729116e-04
6.207210e+01	-4.489928e-04
6.243063e+01	-6.102445e-04
6.279122e+01	-6.186700e-04
6.315390e+01	-6.206724e-04
6.351868e+01	-7.882236e-04
6.388556e+01	-7.545806e-04
6.425456e+01	-7.969001e-04
6.462569e+01	-7.482881e-04
6.499897e+01	-8.819402e-04
6.537440e+01	-7.913171e-04
6.575200e+01	-7.435046e-04
6.613178e+01	-9.037744e-04
6.651375e+01	-7.552879e-04
6.689793e+01	-7.396992e-04
6.728433e+01	-7.620049e-04
6.767297e+01	-8.365187e-04
6.806384e+01	-7.305308e-04
6.845698e+01	-7.308373e-04
6.885238e+01	-7.893537e-04
6.925007e+01	-8.311475e-04
6.965005e+01	-8.778660e-04
7.005235e+01	-8.758853e-04
7.045697e+01	-1.076336e-03
7.086393e+01	-8.905513e-04
7.127323e+01	-1.146327e-03
7.168490e+01	-9.429367e-04
7.209895e+01	-9.438370e-04
7.251539e+01	-7.867737e-04
7.293424e+01	-8.565507e-04
7.335551e+01	-8.161848e-04
7.377920e+01	-9.359131e-04
7.420535e+01	-7.713405e-04
7.463396e+01	-1.113987e-03
7.506504e+01	-1.126896e-03
7.549861e+01	-1.116914e-03
7.593469e+01	-1.011940e-03
7.637328e+01	-9.438976e-04
7.681441e+01	-1.060762e-03
7.725809e+01	-1.106503e-03
7.770433e+01	-1.031696e-03
7.815315e+01	-1.099173e-03
7.860456e+01	-1.162564e-03
7.905857e+01	-1.077292e-03
7.951521e+01	-9.892465e-04
7.997449e+01	-1.117076e-03
8.043642e+01	-1.079917e-03
8.090102e+01	-1.167891e-03
8.136830e+01	-1.027442e-03
8.183828e+01	-1.295598e-03
8.231097e+01	-1.317238e-03
8.278640e+01	-1.467642e-03
8.326457e+01	-9.910160e-04
8.374550e+01	-1.360683e-03
8.422921e+01	-1.265156e-03
8.471572e+01	-1.187892e-03
8.520503e+01	-1.186353e-03
8.569717e+01	-1.454551e-03
8.619215e+01	-1.340269e-03
8.669000e+01	-1.304034e-03
8.719071e+01	-1.342276e-03
8.769432e+01	-1.359897e-03
8.820084e+01	-1.350018e-03
8.871029e+01	-1.500166e-03
8.922267e+01	-1.321316e-03
8.973802e+01	-1.359123e-03
9.025634e+01	-1.352589e-03
9.077766e+01	-1.416553e-03
9.130199e+01	-1.613390e-03
9.182935e+01	-1.636951e-03
9.235975e+01	-1.553234e-03
9.289321e+01	-1.607331e-03
9.342976e+01	-1.496986e-03
9.396941e+01	-1.605275e-03
9.451217e+01	-1.575006e-03
9.505807e+01	-1.713484e-03
9.560712e+01	-1.487962e-03
9.615934e+01	-1.581567e-03
9.671476e+01	-1.778549e-03
9.727338e+01	-1.565022e-03
9.783522e+01	-1.725205e-03
9.840032e+01	-1.700229e-03
9.896867e+01	-1.806868e-03
9.954031e+01	-1.857521e-03
1.001153e+02	-1.827171e-03
1.006935e+02	-1.832518e-03
1.012751e+02	-1.817532e-03
1.018601e+02	-1.992803e-03
1.024484e+02	-1.760938e-03
1.030402e+02	-1.860924e-03
1.036353e+02	-1.922368e-03
1.042339e+02	-1.920198e-03
1.048360e+02	-2.010474e-03
1.054415e+02	-1.921985e-03
1.060505e+02	-2.012994e-03
1.066631e+02	-1.989113e-03
1.072791e+02	-2.106182e-03
1.078988e+02	-2.269553e-03
1.085220e+02	-2.148605e-03
1.091488e+02	-2.210374e-03
1.097793e+02	-2.180027e-03
1.104133e+02	-2.176002e-03
1.110511e+02	-2.138736e-03
1.116925e+02	-2.172990e-03
1.123376e+02	-2.289108e-03
1.129865e+02	-2.343790e-03
1.136391e+02	-2.377705e-03
1.142955e+02	-2.342276e-03
1.149556e+02	-2.292659e-03
1.156196e+02	-2.408833e-03
1.162874e+02	-2.308726e-03
1.169591e+02	-2.499512e-03
1.176347e+02	-2.346848e-03
1.183141e+02	-2.514631e-03
1.189975e+02	-2.586078e-03
1.196848e+02	-2.529113e-03
1.203761e+02	-2.560040e-03
1.210714e+02	-2.647982e-03
1.217707e+02	-2.766119e-03
1.224740e+02	-2.712247e-03
1.231814e+02	-2.617736e-03
1.238929e+02	-2.750200e-03
1.246085e+02	-2.687956e-03
1.253283e+02	-2.723655e-03
1.260522e+02	-2.812818e-03
1.267802e+02	-2.728448e-03
1.275125e+02	-2.925864e-03
1.282490e+02	-2.765491e-03
1.289898e+02	-2.982204e-03
1.297348e+02	-2.927294e-03
1.304842e+02	-2.956980e-03
1.312378e+02	-3.218678e-03
1.319959e+02	-3.101987e-03
1.327583e+02	-2.844979e-03
1.335251e+02	-3.157163e-03
1.342963e+02	-3.316422e-03
1.350720e+02	-3.325193e-03
1.358522e+02	-3.300876e-03
1.366368e+02	-3.133927e-03
1.374260e+02	-3.390660e-03
1.382198e+02	-3.501327e-03
1.390182e+02	-3.546899e-03
1.398211e+02	-3.429947e-03
1.406287e+02	-3.610759e-03
1.414410e+02	-3.576874e-03
1.422579e+02	-3.655560e-03
1.430796e+02	-3.668104e-03
1.439060e+02	-3.549337e-03
1.447372e+02	-3.701452e-03
1.455732e+02	-3.682012e-03
1.464141e+02	-3.760190e-03
1.472597e+02	-3.787573e-03
1.481103e+02	-3.934297e-03
1.489658e+02	-4.098930e-03
1.498262e+02	-3.944985e-03
1.506916e+02	-3.990030e-03
1.515620e+02	-4.089785e-03
1.524374e+02	-4.121469e-03
1.533179e+02	-4.028834e-03
1.542034e+02	-4.147090e-03
1.550941e+02	-4.344920e-03
1.559899e+02	-4.217248e-03
1.568909e+02	-4.417176e-03
1.577971e+02	-4.371780e-03
1.587085e+02	-4.388556e-03
1.596252e+02	-4.561078e-03
1.605472e+02	-4.540501e-03
1.614745e+02	-4.649083e-03
1.624072e+02	-4.738558e-03
1.633453e+02	-4.788191e-03
1.642887e+02	-4.664945e-03
1.652377e+02	-4.771393e-03
1.661921e+02	-4.924610e-03
1.671520e+02	-5.086202e-03
1.681175e+02	-4.897476e-03
1.690885e+02	-5.049566e-03
1.700651e+02	-5.229247e-03
1.710474e+02	-5.306247e-03
1.720354e+02	-5.336539e-03
1.730291e+02	-5.338760e-03
1.740285e+02	-5.321354e-03
1.750337e+02	-5.408943e-03
1.760446e+02	-5.468015e-03
1.770615e+02	-5.605629e-03
1.780842e+02	-5.610761e-03
1.791128e+02	-5.667267e-03
1.801473e+02	-5.792717e-03
1.811878e+02	-5.785267e-03
1.822344e+02	-5.750200e-03
1.832870e+02	-5.985405e-03
1.843456e+02	-6.035902e-03
1.854104e+02	-6.100228e-03
1.864813e+02	-6.163770e-03
1.875584e+02	-6.279084e-03
1.886418e+02	-6.224984e-03
1.897313e+02	-6.411366e-03
1.908272e+02	-6.424940e-03
1.919294e+02	-6.487453e-03
1.930380e+02	-6.501942e-03
1.941530e+02	-6.741311e-03
1.952744e+02	-6.970296e-03
1.964023e+02	-6.904068e-03
1.975367e+02	-6.875001e-03
1.986777e+02	-6.980987e-03
1.998252e+02	-7.175348e-03
2.009794e+02	-7.063582e-03
2.021403e+02	-7.337193e-03
2.033078e+02	-7.345908e-03
2.044821e+02	-7.440952e-03
2.056632e+02	-7.500790e-03
2.068511e+02	-7.647986e-03
2.080459e+02	-7.731581e-03
2.092475e+02	-7.670162e-03
2.104561e+02	-7.866392e-03
2.116717e+02	-7.875392e-03
2.128943e+02	-7.900497e-03
2.141240e+02	-8.003711e-03
2.153608e+02	-8.241303e-03
2.166047e+02	-8.390070e-03
2.178558e+02	-8.436641e-03
2.191141e+02	-8.469639e-03
2.203797e+02	-8.662440e-03
2.216526e+02	-8.723270e-03
2.229329e+02	-8.826223e-03
2.242205e+02	-8.841746e-03
2.255156e+02	-9.275738e-03
2.268182e+02	-9.209003e-03
2.281283e+02	-9.171789e-03
2.294459e+02	-9.311188e-03
2.307712e+02	-9.370136e-03
2.321041e+02	-9.536663e-03
2.334447e+02	-9.676081e-03
2.347931e+02	-9.696692e-03
2.361493e+02	-9.893856e-03
2.375133e+02	-1.004759e-02
2.388851e+02	-1.013266e-02
2.402649e+02	-1.012496e-02
2.416527e+02	-1.029873e-02
2.430484e+02	-1.046142e-02
2.444523e+02	-1.069952e-02
2.458642e+02	-1.063888e-02
2.472843e+02	-1.085154e-02
2.487126e+02	-1.090453e-02
2.501492e+02	-1.108561e-02
2.515940e+02	-1.127758e-02
2.530472e+02	-1.137258e-02
2.545088e+02	-1.147027e-02
2.559789e+02	-1.166905e-02
2.574574e+02	-1.173777e-02
2.589444e+02	-1.192172e-02
2.604401e+02	-1.196808e-02
2.619444e+02	-1.214074e-02
2.634574e+02	-1.231910e-02
2.649791e+02	-1.249833e-02
2.665096e+02	-1.251944e-02
2.680489e+02	-1.266240e-02
2.695972e+02	-1.301264e-02
2.711544e+02	-1.299686e-02
2.727205e+02	-1.336405e-02
2.742958e+02	-1.314060e-02
2.758801e+02	-1.336443e-02
2.774736e+02	-1.354501e-02
2.790762e+02	-1.381910e-02
2.806882e+02	-1.402687e-02
2.823094e+02	-1.409602e-02
2.839400e+02	-1.434660e-02
2.855800e+02	-1.445696e-02
2.872295e+02	-1.450030e-02
2.888886e+02	-1.483622e-02
2.905572e+02	-1.493838e-02
2.922354e+02	-1.504541e-02
2.939234e+02	-1.518646e-02
2.956211e+02	-1.556677e-02
2.973286e+02	-1.562053e-02
2.990459e+02	-1.586387e-02
3.007732e+02	-1.590127e-02
3.025104e+02	-1.633208e-02
3.042577e+02	-1.637797e-02
3.060151e+02	-1.656179e-02
3.077826e+02	-1.679479e-02
3.095604e+02	-1.694319e-02
3.113484e+02	-1.717398e-02
3.131467e+02	-1.737590e-02
3.149554e+02	-1.749243e-02
3.167746e+02	-1.772211e-02
3.186043e+02	-1.803024e-02
3.204445e+02	-1.822713e-02
3.222954e+02	-1.838261e-02
3.241570e+02	-1.854493e-02
3.260293e+02	-1.886839e-02
3.279124e+02	-1.913954e-02
3.298064e+02	-1.937775e-02
3.317114e+02	-1.951173e-02
3.336273e+02	-1.965306e-02
3.355544e+02	-2.004088e-02
3.374925e+02	-2.025743e-02
3.394418e+02	-2.037888e-02
3.414024e+02	-2.073106e-02
3.433744e+02	-2.084850e-02
3.453577e+02	-2.122907e-02
3.473525e+02	-2.145325e-02
3.493588e+02	-2.152616e-02
3.513766e+02	-2.190480e-02
3.534062e+02	-2.207114e-02
3.554474e+02	-2.240381e-02
3.575005e+02	-2.248136e-02
3.595654e+02	-2.303114e-02
3.616422e+02	-2.305235e-02
3.637311e+02	-2.334973e-02
3.658320e+02	-2.389514e-02
3.679450e+02	-2.406033e-02
3.700702e+02	-2.427134e-02
3.722077e+02	-2.448141e-02
3.743576e+02	-2.489021e-02
3.765199e+02	-2.503341e-02
3.786946e+02	-2.540441e-02
3.808820e+02	-2.574904e-02
3.830819e+02	-2.584252e-02
3.852946e+02	-2.628245e-02
3.875200e+02	-2.638419e-02
3.897583e+02	-2.704609e-02
3.920096e+02	-2.718870e-02
3.942738e+02	-2.732464e-02
3.965511e+02	-2.791445e-02
3.988416e+02	-2.823274e-02
4.011452e+02	-2.856404e-02
4.034622e+02	-2.869300e-02
4.057926e+02	-2.910542e-02
4.081365e+02	-2.946001e-02
4.104938e+02	-2.967976e-02
4.128648e+02	-3.016983e-02
4.152495e+02	-3.063976e-02
4.176480e+02	-3.091773e-02
4.200603e+02	-3.116467e-02
4.224866e+02	-3.157050e-02
4.249268e+02	-3.182021e-02
4.273812e+02	-3.232074e-02
4.298497e+02	-3.270147e-02
4.323325e+02	-3.309884e-02
4.348297e+02	-3.331153e-02
4.373412e+02	-3.379037e-02
4.398673e+02	-3.419633e-02
4.424079e+02	-3.475511e-02
4.449633e+02	-3.490656e-02
4.475334e+02	-3.543267e-02
4.501183e+02	-3.584050e-02
4.527182e+02	-3.627879e-02
4.553330e+02	-3.652162e-02
4.579630e+02	-3.718355e-02
4.606082e+02	-3.746373e-02
4.632687e+02	-3.807783e-02
4.659445e+02	-3.835368e-02
4.686358e+02	-3.880284e-02
4.713426e+02	-3.931662e-02
4.740650e+02	-3.970416e-02
4.768032e+02	-4.011628e-02
4.795572e+02	-4.039544e-02
4.823271e+02	-4.119721e-02
4.851130e+02	-4.156807e-02
4.879150e+02	-4.222208e-02
4.907332e+02	-4.249304e-02
4.935676e+02	-4.312605e-02
4.964185e+02	-4.362050e-02
4.992858e+02	-4.396677e-02
5.021696e+02	-4.453997e-02
5.050701e+02	-4.509654e-02
5.079874e+02	-4.541499e-02
5.109215e+02	-4.616302e-02
5.138726e+02	-4.672714e-02
5.168407e+02	-4.726920e-02
5.198259e+02	-4.763786e-02
5.228284e+02	-4.828413e-02
5.258482e+02	-4.885333e-02
5.288855e+02	-4.928888e-02
5.319403e+02	-4.984685e-02
5.350128e+02	-5.050776e-02
5.381030e+02	-5.110484e-02
5.412111e+02	-5.170458e-02
5.443371e+02	-5.223440e-02
5.474812e+02	-5.277305e-02
5.506434e+02	-5.352149e-02
5.538239e+02	-5.402710e-02
5.570228e+02	-5.485110e-02
5.602401e+02	-5.532873e-02
5.634760e+02	-5.607356e-02
5.667306e+02	-5.658999e-02
5.700040e+02	-5.724112e-02
5.732964e+02	-5.806404e-02
5.766077e+02	-5.858398e-02
5.799382e+02	-5.923848e-02
5.832879e+02	-5.999494e-02
5.866569e+02	-6.071603e-02
5.900454e+02	-6.114591e-02
5.934535e+02	-6.204125e-02
5.968813e+02	-6.267260e-02
6.003288e+02	-6.345936e-02
6.037963e+02	-6.434504e-02
6.072838e+02	-6.510668e-02
6.107914e+02	-6.582541e-02
6.143194e+02	-6.648577e-02
6.178676e+02	-6.715647e-02
6.214364e+02	-6.797032e-02
6.250258e+02	-6.866268e-02
6.286359e+02	-6.956296e-02
6.322669e+02	-7.043722e-02
6.359189e+02	-7.098719e-02
6.395919e+02	-7.188216e-02
6.432862e+02	-7.289419e-02
6.470017e+02	-7.361043e-02
6.507388e+02	-7.441004e-02
6.544974e+02	-7.532107e-02
6.582778e+02	-7.625361e-02
6.620800e+02	-7.718154e-02
6.659041e+02	-7.797515e-02
6.697504e+02	-7.901720e-02
6.736188e+02	-7.985164e-02
6.775096e+02	-8.070227e-02
6.814229e+02	-8.176456e-02
6.853587e+02	-8.268288e-02
6.893173e+02	-8.324646e-02
6.932988e+02	-8.470097e-02
6.973033e+02	-8.544322e-02
7.013309e+02	-8.643622e-02
7.053817e+02	-8.732728e-02
7.094560e+02	-8.850591e-02
7.135538e+02	-8.942732e-02
7.176752e+02	-9.059112e-02
7.218205e+02	-9.138236e-02
7.259897e+02	-9.263044e-02
7.301830e+02	-9.351531e-02
7.344005e+02	-9.471833e-02
7.386424e+02	-9.589006e-02
7.429087e+02	-9.688889e-02
7.471998e+02	-9.802627e-02
7.515155e+02	-9.904542e-02
7.558563e+02	-1.002334e-01
7.602221e+02	-1.012427e-01
7.646131e+02	-1.023153e-01
7.690295e+02	-1.037843e-01
7.734713e+02	-1.049291e-01
7.779389e+02	-1.058989e-01
7.824322e+02	-1.072372e-01
7.869515e+02	-1.084280e-01
7.914969e+02	-1.097719e-01
7.960686e+02	-1.111161e-01
8.006666e+02	-1.122811e-01
8.052912e+02	-1.135893e-01
8.099426e+02	-1.148311e-01
8.146208e+02	-1.163143e-01
8.193260e+02	-1.176116e-01
8.240584e+02	-1.190240e-01
8.288181e+02	-1.201726e-01
8.336053e+02	-1.217221e-01
8.384202e+02	-1.230856e-01
8.432629e+02	-1.242628e-01
8.481335e+02	-1.258205e-01
8.530323e+02	-1.272662e-01
8.579594e+02	-1.286448e-01
8.629149e+02	-1.302480e-01
8.678991e+02	-1.316118e-01
8.729120e+02	-1.331745e-01
8.779539e+02	-1.348221e-01
8.830250e+02	-1.363216e-01
8.881253e+02	-1.377943e-01
8.932551e+02	-1.394801e-01
8.984145e+02	-1.409138e-01
9.036037e+02	-1.425725e-01
9.088229e+02	-1.442087e-01
9.140722e+02	-1.459000e-01
9.193518e+02	-1.475200e-01
9.246620e+02	-1.490521e-01
9.300028e+02	-1.508478e-01
9.353744e+02	-1.525808e-01
9.407771e+02	-1.542010e-01
9.462110e+02	-1.560234e-01
9.516763e+02	-1.578663e-01
9.571731e+02	-1.596238e-01
9.627017e+02	-1.614285e-01
9.682622e+02	-1.634477e-01
9.738549e+02	-1.652434e-01
9.794798e+02	-1.669482e-01
9.851373e+02	-1.689603e-01
9.908274e+02	-1.707610e-01
9.965504e+02	-1.726864e-01
1.002306e+03	-1.748092e-01
1.008096e+03	-1.766706e-01
1.013918e+03	-1.785335e-01
1.019775e+03	-1.808062e-01
1.025665e+03	-1.828770e-01
1.031589e+03	-1.850638e-01
1.037548e+03	-1.869374e-01
1.043540e+03	-1.890795e-01
1.049568e+03	-1.911657e-01
1.055630e+03	-1.933601e-01
1.061727e+03	-1.953559e-01
1.067860e+03	-1.977949e-01
1.074028e+03	-2.000671e-01
1.080231e+03	-2.023198e-01
1.086471e+03	-2.047291e-01
1.092746e+03	-2.069265e-01
1.099058e+03	-2.093127e-01
1.105406e+03	-2.116091e-01
1.111791e+03	-2.141322e-01
1.118212e+03	-2.164415e-01
1.124671e+03	-2.187658e-01
1.131167e+03	-2.210926e-01
1.137701e+03	-2.238639e-01
1.144272e+03	-2.264810e-01
1.150881e+03	-2.289664e-01
1.157529e+03	-2.313996e-01
1.164215e+03	-2.341326e-01
1.170939e+03	-2.367663e-01
1.177702e+03	-2.393764e-01
1.184505e+03	-2.422356e-01
1.191346e+03	-2.448359e-01
1.198227e+03	-2.477449e-01
1.205148e+03	-2.504473e-01
1.212109e+03	-2.532410e-01
1.219110e+03	-2.559486e-01
1.226152e+03	-2.588519e-01
1.233234e+03	-2.619429e-01
1.240357e+03	-2.647548e-01
1.247521e+03	-2.678636e-01
1.254727e+03	-2.706927e-01
1.261974e+03	-2.737695e-01
1.269263e+03	-2.768920e-01
1.276595e+03	-2.801226e-01
1.283968e+03	-2.829933e-01
1.291384e+03	-2.862209e-01
1.298843e+03	-2.895820e-01
1.306345e+03	-2.927798e-01
1.313891e+03	-2.960959e-01
1.321480e+03	-2.992611e-01
1.329113e+03	-3.026654e-01
1.336790e+03	-3.059918e-01
1.344511e+03	-3.096009e-01
1.352277e+03	-3.129756e-01
1.360087e+03	-3.165363e-01
1.367943e+03	-3.200759e-01
1.375844e+03	-3.235053e-01
1.383791e+03	-3.272457e-01
1.391784e+03	-3.309076e-01
1.399823e+03	-3.344877e-01
1.407908e+03	-3.381646e-01
1.416040e+03	-3.419658e-01
1.424219e+03	-3.456253e-01
1.432445e+03	-3.496741e-01
1.440719e+03	-3.535291e-01
1.449041e+03	-3.574730e-01
1.457410e+03	-3.613930e-01
1.465828e+03	-3.654981e-01
1.474295e+03	-3.695999e-01
1.482810e+03	-3.736665e-01
1.491375e+03	-3.777360e-01
1.499989e+03	-3.819845e-01
1.508653e+03	-3.861184e-01
1.517367e+03	-3.903766e-01
1.526131e+03	-3.946600e-01
1.534946e+03	-3.992033e-01
1.543812e+03	-4.036401e-01
1.552729e+03	-4.079639e-01
1.561697e+03	-4.124839e-01
1.570717e+03	-4.170887e-01
1.579790e+03	-4.216426e-01
1.588915e+03	-4.262100e-01
1.598092e+03	-4.310786e-01
1.607323e+03	-4.357973e-01
1.616606e+03	-4.405476e-01
1.625944e+03	-4.454931e-01
1.635335e+03	-4.502281e-01
1.644781e+03	-4.553257e-01
1.654281e+03	-4.602650e-01
1.663836e+03	-4.653810e-01
1.673446e+03	-4.706241e-01
1.683112e+03	-4.757168e-01
1.692834e+03	-4.807291e-01
1.702611e+03	-4.861624e-01
1.712446e+03	-4.914718e-01
1.722337e+03	-4.969211e-01
1.732285e+03	-5.024092e-01
1.742290e+03	-5.078472e-01
1.752354e+03	-5.132285e-01
1.762475e+03	-5.188265e-01
1.772655e+03	-5.245837e-01
1.782894e+03	-5.303150e-01
1.793192e+03	-5.359498e-01
1.803549e+03	-5.417496e-01
1.813967e+03	-5.478050e-01
1.824444e+03	-5.537377e-01
1.834982e+03	-5.599229e-01
1.845581e+03	-5.657300e-01
1.856241e+03	-5.717320e-01
1.866962e+03	-5.783996e-01
1.877746e+03	-5.844503e-01
1.888592e+03	-5.906867e-01
1.899500e+03	-5.972855e-01
1.910472e+03	-6.034706e-01
1.921506e+03	-6.102425e-01
1.932605e+03	-6.168113e-01
1.943768e+03	-6.233532e-01
1.954995e+03	-6.300062e-01
1.966287e+03	-6.369895e-01
1.977644e+03	-6.438026e-01
1.989067e+03	-6.506945e-01
2.000555e+03	-6.576108e-01
2.012110e+03	-6.649699e-01
2.023732e+03	-6.719851e-01
2.035421e+03	-6.792036e-01
2.047178e+03	-6.863139e-01
2.059002e+03	-6.937769e-01
2.070895e+03	-7.010973e-01
2.082856e+03	-7.086137e-01
2.094887e+03	-7.163525e-01
2.106987e+03	-7.237949e-01
2.119157e+03	-7.314471e-01
2.131397e+03	-7.393222e-01
2.143708e+03	-7.472509e-01
2.156090e+03	-7.553483e-01
2.168543e+03	-7.632099e-01
2.181069e+03	-7.711497e-01
2.193666e+03	-7.792950e-01
2.206337e+03	-7.876055e-01
2.219081e+03	-7.959695e-01
2.231898e+03	-8.044190e-01
2.244789e+03	-8.129142e-01
2.257755e+03	-8.213559e-01
2.270796e+03	-8.300774e-01
2.283912e+03	-8.389134e-01
2.297104e+03	-8.476596e-01
2.310372e+03	-8.565299e-01
2.323716e+03	-8.656495e-01
2.337138e+03	-8.746328e-01
2.350637e+03	-8.837955e-01
2.364214e+03	-8.929793e-01
2.377870e+03	-9.024099e-01
2.391604e+03	-9.118562e-01
2.405418e+03	-9.212332e-01
2.419312e+03	-9.310582e-01
2.433286e+03	-9.405007e-01
2.447340e+03	-9.503212e-01
2.461476e+03	-9.602039e-01
2.475693e+03	-9.700658e-01
2.489993e+03	-9.802606e-01
2.504375e+03	-9.906614e-01
2.518840e+03	-1.000662e+00
2.533389e+03	-1.011053e+00
2.548022e+03	-1.021510e+00
2.562739e+03	-1.031891e+00
2.577541e+03	-1.042590e+00
2.592429e+03	-1.053449e+00
2.607403e+03	-1.064097e+00
2.622463e+03	-1.075092e+00
2.637610e+03	-1.086035e+00
2.652845e+03	-1.097290e+00
2.668168e+03	-1.108212e+00
2.683579e+03	-1.119608e+00
2.699079e+03	-1.131009e+00
2.714669e+03	-1.142437e+00
2.730349e+03	-1.154144e+00
2.746119e+03	-1.165629e+00
2.761981e+03	-1.177702e+00
2.777934e+03	-1.189744e+00
2.793979e+03	-1.201381e+00
2.810117e+03	-1.213926e+00
2.826348e+03	-1.226160e+00
2.842673e+03	-1.238563e+00
2.859092e+03	-1.250687e+00
2.875606e+03	-1.263420e+00
2.892215e+03	-1.276193e+00
2.908921e+03	-1.288878e+00
2.925722e+03	-1.301793e+00
2.942621e+03	-1.314659e+00
2.959618e+03	-1.327892e+00
2.976712e+03	-1.341017e+00
2.993906e+03	-1.354578e+00
3.011198e+03	-1.367853e+00
3.028591e+03	-1.381390e+00
3.046084e+03	-1.395087e+00
3.063678e+03	-1.409078e+00
3.081374e+03	-1.422850e+00
3.099172e+03	-1.436869e+00
3.117072e+03	-1.450963e+00
3.135076e+03	-1.465172e+00
3.153184e+03	-1.479670e+00
3.171397e+03	-1.494081e+00
3.189715e+03	-1.508548e+00
3.208139e+03	-1.523430e+00
3.226669e+03	-1.538207e+00
3.245306e+03	-1.553133e+00
3.264051e+03	-1.568243e+00
3.282904e+03	-1.583266e+00
3.301866e+03	-1.598705e+00
3.320937e+03	-1.614177e+00
3.340119e+03	-1.629674e+00
3.359411e+03	-1.645762e+00
3.378815e+03	-1.661370e+00
3.398331e+03	-1.677171e+00
3.417959e+03	-1.693411e+00
3.437701e+03	-1.709376e+00
3.457557e+03	-1.725833e+00
3.477528e+03	-1.742106e+00
3.497614e+03	-1.758741e+00
3.517816e+03	-1.775668e+00
3.538135e+03	-1.792427e+00
3.558571e+03	-1.809350e+00
3.579125e+03	-1.826361e+00
3.599798e+03	-1.843500e+00
3.620590e+03	-1.860820e+00
3.641503e+03	-1.878523e+00
3.662536e+03	-1.896008e+00
3.683691e+03	-1.913759e+00
3.704967e+03	-1.931544e+00
3.726367e+03	-1.949804e+00
3.747890e+03	-1.967680e+00
3.769538e+03	-1.986021e+00
3.791311e+03	-2.004271e+00
3.813209e+03	-2.022923e+00
3.835234e+03	-2.041739e+00
3.857386e+03	-2.060293e+00
3.879667e+03	-2.079168e+00
3.902075e+03	-2.098486e+00
3.924614e+03	-2.117348e+00
3.947282e+03	-2.136996e+00
3.970081e+03	-2.156676e+00
3.993012e+03	-2.175914e+00
4.016076e+03	-2.195686e+00
4.039272e+03	-2.215646e+00
4.062603e+03	-2.235456e+00
4.086069e+03	-2.255765e+00
4.109670e+03	-2.276171e+00
4.133407e+03	-2.296506e+00
4.157281e+03	-2.316950e+00
4.181294e+03	-2.337842e+00
4.205445e+03	-2.358759e+00
4.229735e+03	-2.379696e+00
4.254166e+03	-2.400817e+00
4.278738e+03	-2.422242e+00
4.303451e+03	-2.443496e+00
4.328308e+03	-2.465272e+00
4.353308e+03	-2.486529e+00
4.378453e+03	-2.508528e+00
4.403742e+03	-2.530465e+00
4.429178e+03	-2.552571e+00
4.454761e+03	-2.574499e+00
4.480492e+03	-2.597227e+00
4.506371e+03	-2.620095e+00
4.532399e+03	-2.642307e+00
4.558578e+03	-2.665238e+00
4.584908e+03	-2.688153e+00
4.611391e+03	-2.711302e+00
4.638026e+03	-2.734393e+00
4.664815e+03	-2.757883e+00
4.691759e+03	-2.781569e+00
4.718858e+03	-2.805088e+00
4.746114e+03	-2.828703e+00
4.773527e+03	-2.852952e+00
4.801099e+03	-2.876844e+00
4.828830e+03	-2.901245e+00
4.856721e+03	-2.925708e+00
4.884773e+03	-2.950096e+00
4.912988e+03	-2.974776e+00
4.941365e+03	-2.999595e+00
4.969906e+03	-3.024485e+00
4.998612e+03	-3.049448e+00
5.027484e+03	-3.074886e+00
5.056522e+03	-3.100143e+00
5.085729e+03	-3.125674e+00
5.115104e+03	-3.151397e+00
5.144648e+03	-3.177069e+00
5.174363e+03	-3.202944e+00
5.204250e+03	-3.229321e+00
5.234310e+03	-3.255357e+00
5.264543e+03	-3.281806e+00
5.294951e+03	-3.308327e+00
5.325534e+03	-3.334810e+00
5.356294e+03	-3.361721e+00
5.387232e+03	-3.388535e+00
5.418348e+03	-3.415882e+00
5.449645e+03	-3.443045e+00
5.481122e+03	-3.470417e+00
5.512780e+03	-3.497814e+00
5.544622e+03	-3.525488e+00
5.576647e+03	-3.553268e+00
5.608858e+03	-3.581243e+00
5.641254e+03	-3.609265e+00
5.673838e+03	-3.637359e+00
5.706610e+03	-3.665686e+00
5.739571e+03	-3.694140e+00
5.772723e+03	-3.722733e+00
5.806066e+03	-3.751484e+00
5.839601e+03	-3.780396e+00
5.873331e+03	-3.809504e+00
5.907255e+03	-3.838795e+00
5.941375e+03	-3.867943e+00
5.975692e+03	-3.897682e+00
6.010207e+03	-3.926937e+00
6.044922e+03	-3.956847e+00
6.079837e+03	-3.986594e+00
6.114954e+03	-4.016336e+00
6.150274e+03	-4.046707e+00
6.185797e+03	-4.077128e+00
6.221526e+03	-4.107321e+00
6.257462e+03	-4.138097e+00
6.293605e+03	-4.168368e+00
6.329956e+03	-4.199374e+00
6.366518e+03	-4.229912e+00
6.403290e+03	-4.261397e+00
6.440276e+03	-4.292266e+00
6.477474e+03	-4.323872e+00
6.514888e+03	-4.355202e+00
6.552518e+03	-4.386695e+00
6.590365e+03	-4.418565e+00
6.628430e+03	-4.450165e+00
6.666716e+03	-4.482227e+00
6.705223e+03	-4.514232e+00
6.743952e+03	-4.546488e+00
6.782905e+03	-4.578928e+00
6.822082e+03	-4.611384e+00
6.861486e+03	-4.643975e+00
6.901118e+03	-4.676713e+00
6.940979e+03	-4.709514e+00
6.981069e+03	-4.742695e+00
7.021392e+03	-4.775489e+00
7.061947e+03	-4.808860e+00
7.102737e+03	-4.842082e+00
7.143762e+03	-4.875723e+00
7.185024e+03	-4.909150e+00
7.226524e+03	-4.942930e+00
7.268264e+03	-4.976809e+00
7.310246e+03	-5.010869e+00
7.352469e+03	-5.044859e+00
7.394937e+03	-5.078702e+00
7.437650e+03	-5.113230e+00
7.480609e+03	-5.147856e+00
7.523817e+03	-5.181972e+00
7.567274e+03	-5.217096e+00
7.610982e+03	-5.251920e+00
7.654943e+03	-5.286517e+00
7.699158e+03	-5.321670e+00
7.743628e+03	-5.356869e+00
7.788355e+03	-5.392147e+00
7.833340e+03	-5.427734e+00
7.878585e+03	-5.463081e+00
7.924091e+03	-5.498371e+00
7.969861e+03	-5.534220e+00
8.015894e+03	-5.569803e+00
8.062194e+03	-5.605800e+00
8.108761e+03	-5.642115e+00
8.155596e+03	-5.678364e+00
8.202703e+03	-5.714100e+00
8.250081e+03	-5.750997e+00
8.297733e+03	-5.787220e+00
8.345661e+03	-5.823852e+00
8.393865e+03	-5.860704e+00
8.442348e+03	-5.897228e+00
8.491110e+03	-5.933836e+00
8.540155e+03	-5.971119e+00
8.589482e+03	-6.008356e+00
8.639095e+03	-6.045643e+00
8.688994e+03	-6.082860e+00
8.739181e+03	-6.120247e+00
8.789658e+03	-6.157559e+00
8.840427e+03	-6.194896e+00
8.891489e+03	-6.232660e+00
8.942846e+03	-6.270893e+00
8.994499e+03	-6.308431e+00
9.046451e+03	-6.346657e+00
9.098703e+03	-6.384591e+00
9.151257e+03	-6.422608e+00
9.204114e+03	-6.460898e+00
9.257277e+03	-6.499311e+00
9.310746e+03	-6.538005e+00
9.364525e+03	-6.576132e+00
9.418614e+03	-6.614999e+00
9.473015e+03	-6.653698e+00
9.527731e+03	-6.692714e+00
9.582763e+03	-6.731689e+00
9.638113e+03	-6.770681e+00
9.693782e+03	-6.809790e+00
9.749773e+03	-6.849004e+00
9.806087e+03	-6.888094e+00
9.862727e+03	-6.927399e+00
9.919693e+03	-6.966744e+00
9.976989e+03	-7.006415e+00
1.003462e+04	-7.045829e+00
1.009258e+04	-7.085645e+00
1.015087e+04	-7.125427e+00
1.020950e+04	-7.165728e+00
1.026847e+04	-7.204995e+00
1.032778e+04	-7.244954e+00
1.038743e+04	-7.285365e+00
1.044743e+04	-7.325779e+00
1.050777e+04	-7.365835e+00
1.056847e+04	-7.405879e+00
1.062951e+04	-7.446202e+00
1.069091e+04	-7.486728e+00
1.075266e+04	-7.527168e+00
1.081476e+04	-7.568328e+00
1.087723e+04	-7.608562e+00
1.094006e+04	-7.649255e+00
1.100324e+04	-7.690896e+00
1.106680e+04	-7.731600e+00
1.113072e+04	-7.771799e+00
1.119501e+04	-7.813075e+00
1.125967e+04	-7.854678e+00
1.132471e+04	-7.895591e+00
1.139012e+04	-7.937045e+00
1.145591e+04	-7.978688e+00
1.152208e+04	-8.019742e+00
1.158863e+04	-8.060925e+00
1.165556e+04	-8.102875e+00
1.172289e+04	-8.144598e+00
1.179060e+04	-8.186109e+00
1.185870e+04	-8.227792e+00
1.192719e+04	-8.269508e+00
1.199608e+04	-8.310964e+00
1.206537e+04	-8.353272e+00
1.213506e+04	-8.394902e+00
1.220515e+04	-8.437504e+00
1.227565e+04	-8.479280e+00
1.234655e+04	-8.521465e+00
1.241787e+04	-8.564136e+00
1.248959e+04	-8.605941e+00
1.256173e+04	-8.647978e+00
1.263429e+04	-8.690815e+00
1.270726e+04	-8.732938e+00
1.278066e+04	-8.775447e+00
1.285448e+04	-8.818063e+00
1.292873e+04	-8.860532e+00
1.300340e+04	-8.903548e+00
1.307851e+04	-8.946237e+00
1.315405e+04	-8.988867e+00
1.323003e+04	-9.031307e+00
1.330644e+04	-9.074198e+00
1.338330e+04	-9.117285e+00
1.346060e+04	-9.160396e+00
1.353835e+04	-9.203057e+00
1.361655e+04	-9.246482e+00
1.369520e+04	-9.289271e+00
1.377430e+04	-9.332202e+00
1.385386e+04	-9.375364e+00
1.393388e+04	-9.419234e+00
1.401436e+04	-9.461751e+00
1.409531e+04	-9.504950e+00
1.417672e+04	-9.548706e+00
1.425861e+04	-9.592239e+00
1.434096e+04	-9.635633e+00
1.442379e+04	-9.679048e+00
1.450711e+04	-9.722527e+00
1.459090e+04	-9.765974e+00
1.467518e+04	-9.809880e+00
1.475994e+04	-9.853303e+00
1.484519e+04	-9.896754e+00
1.493094e+04	-9.940707e+00
1.501718e+04	-9.984579e+00
1.510392e+04	-1.002778e+01
1.519116e+04	-1.007167e+01
1.527890e+04	-1.011580e+01
1.536715e+04	-1.015947e+01
1.545591e+04	-1.020367e+01
1.554518e+04	-1.024768e+01
1.563497e+04	-1.029095e+01
1.572528e+04	-1.033530e+01
1.581611e+04	-1.037923e+01
1.590746e+04	-1.042308e+01
1.599934e+04	-1.046657e+01
1.609175e+04	-1.051104e+01
1.618470e+04	-1.055563e+01
1.627818e+04	-1.059910e+01
1.637220e+04	-1.064363e+01
1.646677e+04	-1.068804e+01
1.656188e+04	-1.073294e+01
1.665754e+04	-1.077637e+01
1.675375e+04	-1.082005e+01
1.685052e+04	-1.086504e+01
1.694785e+04	-1.090832e+01
1.704574e+04	-1.095364e+01
1.714419e+04	-1.099817e+01
1.724322e+04	-1.104193e+01
1.734281e+04	-1.108573e+01
1.744299e+04	-1.113049e+01
1.754374e+04	-1.117520e+01
1.764507e+04	-1.121955e+01
1.774698e+04	-1.126406e+01
1.784949e+04	-1.130842e+01
1.795259e+04	-1.135299e+01
1.805628e+04	-1.139733e+01
1.816057e+04	-1.144181e+01
1.826547e+04	-1.148681e+01
1.837097e+04	-1.153096e+01
1.847708e+04	-1.157610e+01
1.858380e+04	-1.161930e+01
1.869114e+04	-1.166453e+01
1.879910e+04	-1.170924e+01
1.890768e+04	-1.175403e+01
1.901689e+04	-1.179833e+01
1.912673e+04	-1.184307e+01
1.923721e+04	-1.188730e+01
1.934832e+04	-1.193226e+01
1.946008e+04	-1.197681e+01
1.957248e+04	-1.202131e+01
1.968553e+04	-1.206582e+01
1.979923e+04	-1.211003e+01
1.991359e+04	-1.215486e+01
2.002861e+04	-1.220038e+01
2.014430e+04	-1.224462e+01
2.026065e+04	-1.228907e+01
2.037767e+04	-1.233354e+01
2.049537e+04	-1.237830e+01
2.061375e+04	-1.242291e+01
2.073282e+04	-1.246798e+01
2.085257e+04	-1.251226e+01
2.097301e+04	-1.255587e+01
2.109415e+04	-1.260146e+01
2.121599e+04	-1.264635e+01
2.133853e+04	-1.269140e+01
2.146178e+04	-1.273530e+01
2.158575e+04	-1.277919e+01
2.171043e+04	-1.282456e+01
2.183582e+04	-1.286940e+01
2.196195e+04	-1.291312e+01
2.208880e+04	-1.295811e+01
2.221638e+04	-1.300244e+01
2.234470e+04	-1.304694e+01
2.247377e+04	-1.309186e+01
2.260357e+04	-1.313600e+01
2.273413e+04	-1.318063e+01
2.286544e+04	-1.322585e+01
2.299751e+04	-1.326936e+01
2.313034e+04	-1.331445e+01
2.326394e+04	-1.335806e+01
2.339832e+04	-1.340283e+01
2.353346e+04	-1.344740e+01
2.366939e+04	-1.349203e+01
2.380610e+04	-1.353609e+01
2.394361e+04	-1.358018e+01
2.408191e+04	-1.362474e+01
2.422100e+04	-1.366933e+01
2.436090e+04	-1.371391e+01
2.450161e+04	-1.375773e+01
2.464313e+04	-1.380128e+01
2.478547e+04	-1.384577e+01
2.492863e+04	-1.389090e+01
2.507261e+04	-1.393438e+01
2.521743e+04	-1.397919e+01
2.536309e+04	-1.402291e+01
2.550958e+04	-1.406677e+01
2.565692e+04	-1.411081e+01
2.580512e+04	-1.415575e+01
2.595417e+04	-1.419876e+01
2.610408e+04	-1.424290e+01
2.625485e+04	-1.428740e+01
2.640650e+04	-1.433182e+01
2.655902e+04	-1.437512e+01
2.671243e+04	-1.441888e+01
2.686672e+04	-1.446192e+01
2.702190e+04	-1.450626e+01
2.717798e+04	-1.455028e+01
2.733495e+04	-1.459385e+01
2.749284e+04	-1.463735e+01
2.765164e+04	-1.468039e+01
2.781135e+04	-1.472402e+01
2.797199e+04	-1.476760e+01
2.813355e+04	-1.481079e+01
2.829605e+04	-1.485459e+01
2.845949e+04	-1.489817e+01
2.862387e+04	-1.494176e+01
2.878920e+04	-1.498556e+01
2.895549e+04	-1.502860e+01
2.912273e+04	-1.507268e+01
2.929094e+04	-1.511435e+01
2.946013e+04	-1.515740e+01
2.963029e+04	-1.520151e+01
2.980143e+04	-1.524390e+01
2.997356e+04	-1.528753e+01
3.014669e+04	-1.532971e+01
3.032081e+04	-1.537271e+01
3.049595e+04	-1.541541e+01
3.067209e+04	-1.545781e+01
3.084925e+04	-1.550041e+01
3.102743e+04	-1.554214e+01
3.120665e+04	-1.558536e+01
3.138690e+04	-1.562829e+01
3.156819e+04	-1.567094e+01
3.175052e+04	-1.571302e+01
3.193391e+04	-1.575624e+01
3.211836e+04	-1.579804e+01
3.230388e+04	-1.584088e+01
3.249046e+04	-1.588228e+01
3.267812e+04	-1.592418e+01
3.286687e+04	-1.596704e+01
3.305671e+04	-1.600797e+01
3.324764e+04	-1.604990e+01
3.343968e+04	-1.609149e+01
3.363283e+04	-1.613365e+01
3.382709e+04	-1.617573e+01
3.402247e+04	-1.621720e+01
3.421899e+04	-1.625768e+01
3.441663e+04	-1.629917e+01
3.461542e+04	-1.634073e+01
3.481536e+04	-1.638226e+01
3.501645e+04	-1.642337e+01
3.521871e+04	-1.646426e+01
3.542213e+04	-1.650480e+01
3.562672e+04	-1.654618e+01
3.583250e+04	-1.658718e+01
3.603947e+04	-1.662792e+01
3.624763e+04	-1.666813e+01
3.645700e+04	-1.670856e+01
3.666757e+04	-1.675041e+01
3.687936e+04	-1.678938e+01
3.709238e+04	-1.683018e+01
3.730662e+04	-1.687066e+01
3.752210e+04	-1.690982e+01
3.773883e+04	-1.694913e+01
3.795680e+04	-1.698984e+01
3.817604e+04	-1.702821e+01
3.839654e+04	-1.706939e+01
3.861832e+04	-1.710825e+01
3.884138e+04	-1.714735e+01
3.906573e+04	-1.718716e+01
3.929137e+04	-1.722676e+01
3.951831e+04	-1.726578e+01
3.974657e+04	-1.730415e+01
3.997614e+04	-1.734402e+01
4.020704e+04	-1.738204e+01
4.043928e+04	-1.741976e+01
4.067285e+04	-1.745897e+01
4.090778e+04	-1.749810e+01
4.114406e+04	-1.753490e+01
4.138171e+04	-1.757499e+01
4.162073e+04	-1.761254e+01
4.186113e+04	-1.764980e+01
4.210291e+04	-1.768932e+01
4.234610e+04	-1.772575e+01
4.259069e+04	-1.776279e+01
4.283669e+04	-1.779964e+01
4.308411e+04	-1.783655e+01
4.333297e+04	-1.787514e+01
4.358325e+04	-1.791053e+01
4.383499e+04	-1.794815e+01
4.408818e+04	-1.798617e+01
4.434283e+04	-1.802163e+01
4.459895e+04	-1.805887e+01
4.485655e+04	-1.809406e+01
4.511564e+04	-1.812911e+01
4.537623e+04	-1.816497e+01
4.563832e+04	-1.819972e+01
4.590193e+04	-1.823693e+01
4.616705e+04	-1.827170e+01
4.643371e+04	-1.830765e+01
4.670191e+04	-1.834147e+01
4.697166e+04	-1.837629e+01
4.724297e+04	-1.841179e+01
4.751584e+04	-1.844501e+01
4.779029e+04	-1.848091e+01
4.806633e+04	-1.851550e+01
4.834395e+04	-1.854798e+01
4.862319e+04	-1.858194e+01
4.890403e+04	-1.861543e+01
4.918650e+04	-1.864926e+01
4.947060e+04	-1.868233e+01
4.975634e+04	-1.871561e+01
5.004373e+04	-1.874699e+01
5.033278e+04	-1.878083e+01
5.062350e+04	-1.881187e+01
5.091590e+04	-1.884424e+01
5.120999e+04	-1.887691e+01
5.150578e+04	-1.890792e+01
5.180327e+04	-1.893951e+01
5.210248e+04	-1.897192e+01
5.240343e+04	-1.900378e+01
5.270611e+04	-1.903405e+01
5.301053e+04	-1.906415e+01
5.331672e+04	-1.909504e+01
5.362468e+04	-1.912522e+01
5.393441e+04	-1.915390e+01
5.424593e+04	-1.918500e+01
5.455926e+04	-1.921315e+01
5.487439e+04	-1.924338e+01
5.519134e+04	-1.927291e+01
5.551012e+04	-1.929987e+01
5.583075e+04	-1.932878e+01
5.615322e+04	-1.935651e+01
5.647756e+04	-1.938458e+01
5.680377e+04	-1.941235e+01
5.713187e+04	-1.943810e+01
5.746186e+04	-1.946671e+01
5.779376e+04	-1.949261e+01
5.812757e+04	-1.951944e+01
5.846332e+04	-1.954596e+01
5.880100e+04	-1.957091e+01
5.914063e+04	-1.959609e+01
5.948222e+04	-1.962169e+01
5.982579e+04	-1.964780e+01
6.017134e+04	-1.967247e+01
6.051889e+04	-1.969707e+01
6.086844e+04	-1.972069e+01
6.122002e+04	-1.974396e+01
6.157362e+04	-1.976755e+01
6.192927e+04	-1.979048e+01
6.228697e+04	-1.981138e+01
6.264674e+04	-1.983445e+01
6.300858e+04	-1.985712e+01
6.337252e+04	-1.987716e+01
6.373855e+04	-1.989864e+01
6.410670e+04	-1.992167e+01
6.447698e+04	-1.994089e+01
6.484940e+04	-1.996167e+01
6.522397e+04	-1.997855e+01
6.560070e+04	-1.999910e+01
6.597960e+04	-2.001937e+01
6.636070e+04	-2.003760e+01
6.674400e+04	-2.005657e+01
6.712951e+04	-2.007174e+01
6.751724e+04	-2.008858e+01
6.790722e+04	-2.010610e+01
6.829945e+04	-2.012430e+01
6.869395e+04	-2.013925e+01
6.909072e+04	-2.015381e+01
6.948978e+04	-2.016829e+01
6.989115e+04	-2.018472e+01
7.029484e+04	-2.019827e+01
7.070086e+04	-2.021271e+01
7.110923e+04	-2.022417e+01
7.151995e+04	-2.023801e+01
7.193305e+04	-2.025093e+01
7.234853e+04	-2.026128e+01
7.276641e+04	-2.027113e+01
7.318671e+04	-2.028194e+01
7.360943e+04	-2.029074e+01
7.403460e+04	-2.030266e+01
7.446222e+04	-2.031116e+01
7.489231e+04	-2.031688e+01
7.532488e+04	-2.032583e+01
7.575996e+04	-2.033292e+01
7.619754e+04	-2.034110e+01
7.663766e+04	-2.034608e+01
7.708031e+04	-2.035120e+01
7.752553e+04	-2.035641e+01
7.797331e+04	-2.036029e+01
7.842368e+04	-2.036309e+01
7.887665e+04	-2.036791e+01
7.933224e+04	-2.036842e+01
7.979046e+04	-2.037015e+01
8.025133e+04	-2.037092e+01
8.071486e+04	-2.037163e+01
8.118106e+04	-2.036773e+01
8.164996e+04	-2.036773e+01
8.212157e+04	-2.036740e+01
8.259590e+04	-2.036468e+01
8.307297e+04	-2.035886e+01
8.355279e+04	-2.035510e+01
8.403539e+04	-2.035242e+01
8.452078e+04	-2.034426e+01
8.500897e+04	-2.033954e+01
8.549997e+04	-2.032906e+01
8.599382e+04	-2.032251e+01
8.649052e+04	-2.031164e+01
8.699008e+04	-2.030159e+01
8.749253e+04	-2.029012e+01
8.799789e+04	-2.027669e+01
8.850616e+04	-2.026411e+01
8.901737e+04	-2.024874e+01
8.953153e+04	-2.023674e+01
9.004866e+04	-2.021714e+01
9.056877e+04	-2.020173e+01
9.109190e+04	-2.018483e+01
9.161804e+04	-2.016492e+01
9.214722e+04	-2.014571e+01
9.267946e+04	-2.012382e+01
9.321477e+04	-2.010329e+01
9.375318e+04	-2.007562e+01
9.429469e+04	-2.005330e+01
9.483933e+04	-2.002538e+01
9.538712e+04	-1.999896e+01
9.593807e+04	-1.997129e+01
9.649221e+04	-1.994083e+01
9.704954e+04	-1.991027e+01
9.761010e+04	-1.987882e+01
9.817389e+04	-1.984400e+01
9.874094e+04	-1.980755e+01
9.931126e+04	-1.977157e+01
9.988488e+04	-1.973202e+01
1.004618e+05	-1.969442e+01
1.010421e+05	-1.965433e+01
1.016257e+05	-1.961136e+01
1.022127e+05	-1.956793e+01
1.028031e+05	-1.952202e+01
1.033968e+05	-1.947284e+01
1.039941e+05	-1.942386e+01
1.045947e+05	-1.937349e+01
1.051989e+05	-1.932138e+01
1.058065e+05	-1.926658e+01
1.064176e+05	-1.920986e+01
1.070323e+05	-1.915290e+01
1.076505e+05	-1.909037e+01
1.082723e+05	-1.902839e+01
1.088977e+05	-1.896345e+01
1.095266e+05	-1.889693e+01
1.101593e+05	-1.882820e+01
1.107955e+05	-1.875677e+01
1.114355e+05	-1.868332e+01
1.120791e+05	-1.860723e+01
1.127265e+05	-1.852760e+01
1.133776e+05	-1.844675e+01
1.140325e+05	-1.836235e+01
1.146911e+05	-1.827719e+01
1.153536e+05	-1.818591e+01
1.160198e+05	-1.809497e+01
1.166900e+05	-1.799978e+01
1.173640e+05	-1.790158e+01
1.180419e+05	-1.779963e+01
1.187237e+05	-1.769384e+01
1.194094e+05	-1.758564e+01
1.200991e+05	-1.747579e+01
1.207928e+05	-1.735913e+01
1.214905e+05	-1.723938e+01
1.221922e+05	-1.711659e+01
1.228980e+05	-1.698919e+01
1.236078e+05	-1.685735e+01
1.243218e+05	-1.672268e+01
1.250399e+05	-1.658099e+01
1.257621e+05	-1.643629e+01
1.264885e+05	-1.628523e+01
1.272191e+05	-1.613010e+01
1.279539e+05	-1.596898e+01
1.286930e+05	-1.580353e+01
1.294363e+05	-1.563111e+01
1.301839e+05	-1.545320e+01
1.309358e+05	-1.526890e+01
1.316921e+05	-1.507702e+01
1.324528e+05	-1.487910e+01
1.332178e+05	-1.467260e+01
1.339873e+05	-1.445917e+01
1.347612e+05	-1.423787e+01
1.355395e+05	-1.400708e+01
1.363224e+05	-1.376924e+01
1.371098e+05	-1.352128e+01
1.379018e+05	-1.326263e+01
1.386983e+05	-1.299350e+01
1.394994e+05	-1.271481e+01
1.403051e+05	-1.242290e+01
1.411155e+05	-1.211926e+01
1.419306e+05	-1.180327e+01
1.427504e+05	-1.147309e+01
1.435749e+05	-1.112864e+01
1.444042e+05	-1.076989e+01
1.452383e+05	-1.039491e+01
1.460772e+05	-1.000489e+01
1.469209e+05	-9.598212e+00
1.477695e+05	-9.174269e+00
1.486230e+05	-8.734599e+00
1.494814e+05	-8.278455e+00
1.503448e+05	-7.808227e+00
1.512132e+05	-7.326405e+00
1.520866e+05	-6.836429e+00
1.529651e+05	-6.345096e+00
1.538486e+05	-5.860550e+00
1.547372e+05	-5.395756e+00
1.556310e+05	-4.965944e+00
1.565299e+05	-4.590573e+00
1.574340e+05	-4.292151e+00
1.583433e+05	-4.091540e+00
1.592579e+05	-4.006302e+00
1.601778e+05	-4.045964e+00
1.611030e+05	-4.209255e+00
1.620335e+05	-4.484887e+00
1.629694e+05	-4.854811e+00
1.639107e+05	-5.296457e+00
1.648574e+05	-5.788587e+00
1.658097e+05	-6.312139e+00
1.667674e+05	-6.851939e+00
1.677306e+05	-7.396617e+00
1.686994e+05	-7.938460e+00
1.696738e+05	-8.470861e+00
1.706538e+05	-8.989965e+00
1.716395e+05	-9.494944e+00
1.726309e+05	-9.982679e+00
1.736280e+05	-1.045337e+01
1.746309e+05	-1.090778e+01
1.756395e+05	-1.134466e+01
1.766540e+05	-1.176519e+01
1.776744e+05	-1.216940e+01
1.787006e+05	-1.255809e+01
1.797328e+05	-1.293311e+01
1.807709e+05	-1.329309e+01
1.818150e+05	-1.363923e+01
1.828652e+05	-1.397327e+01
1.839214e+05	-1.429485e+01
1.849837e+05	-1.460445e+01
1.860522e+05	-1.490236e+01
1.871268e+05	-1.519017e+01
1.882077e+05	-1.546815e+01
1.892948e+05	-1.573438e+01
1.903881e+05	-1.599300e+01
1.914878e+05	-1.624097e+01
1.925938e+05	-1.648131e+01
1.937062e+05	-1.671231e+01
1.948251e+05	-1.693419e+01
1.959504e+05	-1.714843e+01
1.970822e+05	-1.735617e+01
1.982205e+05	-1.755728e+01
1.993654e+05	-1.774862e+01
2.005169e+05	-1.793506e+01
2.016751e+05	-1.811185e+01
2.028400e+05	-1.828428e+01
2.040116e+05	-1.844948e+01
2.051899e+05	-1.860771e+01
2.063751e+05	-1.876013e+01
2.075671e+05	-1.890556e+01
2.087660e+05	-1.904419e+01
2.099719e+05	-1.917776e+01
2.111846e+05	-1.930378e+01
2.124044e+05	-1.942520e+01
2.136313e+05	-1.954160e+01
2.148652e+05	-1.964980e+01
2.161063e+05	-1.975449e+01
2.173545e+05	-1.985129e+01
2.186099e+05	-1.994491e+01
2.198726e+05	-2.003041e+01
2.211426e+05	-2.011043e+01
2.224199e+05	-2.018567e+01
2.237046e+05	-2.025372e+01
2.249967e+05	-2.031655e+01
2.262962e+05	-2.037484e+01
2.276033e+05	-2.042524e+01
2.289179e+05	-2.046989e+01
2.302402e+05	-2.051058e+01
2.315700e+05	-2.054217e+01
2.329076e+05	-2.057004e+01
2.342528e+05	-2.059197e+01
2.356059e+05	-2.060687e+01
2.369667e+05	-2.061418e+01
2.383354e+05	-2.061754e+01
2.397120e+05	-2.061027e+01
2.410966e+05	-2.059970e+01
2.424892e+05	-2.058348e+01
2.438898e+05	-2.055606e+01
2.452985e+05	-2.052426e+01
2.467153e+05	-2.048357e+01
2.481403e+05	-2.043486e+01
2.495736e+05	-2.038011e+01
2.510151e+05	-2.031680e+01
2.524650e+05	-2.024280e+01
2.539232e+05	-2.016234e+01
2.553898e+05	-2.007274e+01
2.568650e+05	-1.997344e+01
2.583486e+05	-1.986674e+01
2.598408e+05	-1.974756e+01
2.613416e+05	-1.961983e+01
2.628511e+05	-1.948028e+01
2.643694e+05	-1.932752e+01
2.658963e+05	-1.916469e+01
2.674321e+05	-1.898915e+01
2.689768e+05	-1.879959e+01
2.705304e+05	-1.859631e+01
2.720930e+05	-1.838153e+01
2.736646e+05	-1.814904e+01
2.752453e+05	-1.789592e+01
2.768351e+05	-1.763133e+01
2.784341e+05	-1.734620e+01
2.800423e+05	-1.703951e+01
2.816598e+05	-1.671327e+01
2.832867e+05	-1.636309e+01
2.849229e+05	-1.598826e+01
2.865686e+05	-1.558740e+01
2.882238e+05	-1.515700e+01
2.898886e+05	-1.469612e+01
2.915630e+05	-1.420378e+01
2.932470e+05	-1.367441e+01
2.949408e+05	-1.310830e+01
2.966444e+05	-1.250356e+01
2.983578e+05	-1.185789e+01
3.000811e+05	-1.117582e+01
3.018143e+05	-1.046125e+01
3.035576e+05	-9.725828e+00
3.053109e+05	-8.992480e+00
3.070744e+05	-8.299216e+00
3.088481e+05	-7.701858e+00
3.106320e+05	-7.272573e+00
3.124261e+05	-7.080730e+00
3.142307e+05	-7.167130e+00
3.160457e+05	-7.522224e+00
3.178712e+05	-8.090312e+00
3.197072e+05	-8.797881e+00
3.215538e+05	-9.577347e+00
3.234111e+05	-1.038012e+01
3.252791e+05	-1.117373e+01
3.271579e+05	-1.193988e+01
3.290475e+05	-1.267111e+01
3.309481e+05	-1.335995e+01
3.328596e+05	-1.400894e+01
3.347822e+05	-1.461912e+01
3.367159e+05	-1.518813e+01
3.386608e+05	-1.572130e+01
3.406169e+05	-1.622096e+01
3.425842e+05	-1.668626e+01
3.445630e+05	-1.712255e+01
3.465532e+05	-1.752822e+01
3.485549e+05	-1.790800e+01
3.505681e+05	-1.826198e+01
3.525930e+05	-1.859125e+01
3.546295e+05	-1.889751e+01
3.566778e+05	-1.918091e+01
3.587380e+05	-1.944238e+01
3.608101e+05	-1.968211e+01
3.628941e+05	-1.990276e+01
3.649901e+05	-2.010155e+01
3.670983e+05	-2.028472e+01
3.692187e+05	-2.044579e+01
3.713513e+05	-2.058906e+01
3.734962e+05	-2.071360e+01
3.756535e+05	-2.081882e+01
3.778232e+05	-2.090558e+01
3.800055e+05	-2.097527e+01
3.822004e+05	-2.102352e+01
3.844080e+05	-2.105285e+01
3.866283e+05	-2.106725e+01
3.888615e+05	-2.105571e+01
3.911075e+05	-2.102772e+01
3.933665e+05	-2.097843e+01
3.956386e+05	-2.090915e+01
3.979238e+05	-2.081517e+01
4.002222e+05	-2.069968e+01
4.025338e+05	-2.055656e+01
4.048589e+05	-2.039327e+01
4.071973e+05	-2.019949e+01
4.095493e+05	-1.998030e+01
4.119148e+05	-1.972883e+01
4.142940e+05	-1.944592e+01
4.166870e+05	-1.912898e+01
4.190937e+05	-1.877579e+01
4.215144e+05	-1.838207e+01
4.239490e+05	-1.794354e+01
4.263978e+05	-1.746079e+01
4.288606e+05	-1.692369e+01
4.313377e+05	-1.633413e+01
4.338291e+05	-1.568467e+01
4.363349e+05	-1.497413e+01
4.388551e+05	-1.420080e+01
4.413899e+05	-1.337108e+01
4.439394e+05	-1.250308e+01
4.465035e+05	-1.163213e+01
4.490825e+05	-1.082841e+01
4.516764e+05	-1.020548e+01
4.542853e+05	-9.890931e+00
4.569092e+05	-9.977285e+00
4.595483e+05	-1.045253e+01
4.622026e+05	-1.121199e+01
4.648723e+05	-1.212306e+01
4.675574e+05	-1.308223e+01
4.702580e+05	-1.403006e+01
4.729742e+05	-1.492887e+01
4.757060e+05	-1.576651e+01
4.784537e+05	-1.653883e+01
4.812172e+05	-1.724563e+01
4.839967e+05	-1.788776e+01
4.867923e+05	-1.847042e+01
4.896040e+05	-1.899754e+01
4.924319e+05	-1.946939e+01
4.952762e+05	-1.989389e+01
4.981369e+05	-2.026831e+01
5.010141e+05	-2.059798e+01
5.039079e+05	-2.088480e+01
5.068185e+05	-2.112608e+01
5.097458e+05	-2.132868e+01
5.126901e+05	-2.148684e+01
5.156514e+05	-2.160546e+01
5.186298e+05	-2.168206e+01
5.216253e+05	-2.171558e+01
5.246382e+05	-2.171023e+01
5.276685e+05	-2.165549e+01
5.307163e+05	-2.156035e+01
5.337817e+05	-2.141530e+01
5.368648e+05	-2.121855e+01
5.399657e+05	-2.096802e+01
5.430845e+05	-2.066618e+01
5.462214e+05	-2.030127e+01
5.493763e+05	-1.987017e+01
5.525495e+05	-1.936801e+01
5.557410e+05	-1.878830e+01
5.589509e+05	-1.812791e+01
5.621794e+05	-1.738001e+01
5.654265e+05	-1.654652e+01
5.686924e+05	-1.564097e+01
5.719772e+05	-1.469403e+01
5.752809e+05	-1.378374e+01
5.786037e+05	-1.304814e+01
5.819457e+05	-1.267143e+01
5.853070e+05	-1.279064e+01
5.886877e+05	-1.338639e+01
5.920879e+05	-1.429767e+01
5.955078e+05	-1.534316e+01
5.989474e+05	-1.640067e+01
6.024069e+05	-1.740011e+01
6.058864e+05	-1.831571e+01
6.093860e+05	-1.913766e+01
6.129058e+05	-1.986124e+01
6.164459e+05	-2.049310e+01
6.200064e+05	-2.103656e+01
6.235876e+05	-2.149467e+01
6.271894e+05	-2.187255e+01
6.308120e+05	-2.217070e+01
6.344555e+05	-2.238914e+01
6.381201e+05	-2.253403e+01
6.418059e+05	-2.259749e+01
6.455129e+05	-2.258119e+01
6.492414e+05	-2.248167e+01
6.529914e+05	-2.229815e+01
6.567630e+05	-2.202559e+01
6.605565e+05	-2.165199e+01
6.643718e+05	-2.117866e+01
6.682092e+05	-2.059292e+01
6.720688e+05	-1.989099e+01
6.759506e+05	-1.907834e+01
6.798549e+05	-1.816581e+01
6.837817e+05	-1.720625e+01
6.877312e+05	-1.631395e+01
6.917035e+05	-1.568550e+01
6.956987e+05	-1.555035e+01
6.997171e+05	-1.599682e+01
7.037586e+05	-1.688337e+01
7.078235e+05	-1.797258e+01
7.119118e+05	-1.908516e+01
7.160238e+05	-2.012214e+01
7.201595e+05	-2.103955e+01
7.243191e+05	-2.182637e+01
7.285028e+05	-2.247377e+01
7.327106e+05	-2.298712e+01
7.369427e+05	-2.336951e+01
7.411992e+05	-2.362257e+01
7.454804e+05	-2.374576e+01
7.497862e+05	-2.373035e+01
7.541170e+05	-2.358159e+01
7.584727e+05	-2.328522e+01
7.628536e+05	-2.284391e+01
7.672598e+05	-2.224268e+01
7.716915e+05	-2.150028e+01
7.761488e+05	-2.063130e+01
7.806318e+05	-1.972218e+01
7.851407e+05	-1.894824e+01
7.896756e+05	-1.857445e+01
7.942367e+05	-1.880852e+01
7.988242e+05	-1.959429e+01
8.034382e+05	-2.067750e+01
8.080788e+05	-2.180398e+01
8.127463e+05	-2.283438e+01
8.174406e+05	-2.369991e+01
8.221621e+05	-2.438416e+01
8.269109e+05	-2.486469e+01
8.316871e+05	-2.515259e+01
8.364909e+05	-2.523314e+01
8.413225e+05	-2.511208e+01
8.461819e+05	-2.477304e+01
8.510694e+05	-2.424250e+01
8.559852e+05	-2.353213e+01
8.609293e+05	-2.274348e+01
8.659020e+05	-2.206705e+01
8.709034e+05	-2.181049e+01
8.759337e+05	-2.218120e+01
8.809931e+05	-2.307389e+01
8.860816e+05	-2.418130e+01
8.911996e+05	-2.524438e+01
8.963471e+05	-2.612445e+01
9.015244e+05	-2.675244e+01
9.067316e+05	-2.710689e+01
9.119688e+05	-2.718348e+01
9.172363e+05	-2.698023e+01
9.225342e+05	-2.654108e+01
9.278628e+05	-2.596338e+01
9.332221e+05	-2.546117e+01
9.386123e+05	-2.536942e+01
9.440337e+05	-2.587938e+01
9.494864e+05	-2.684722e+01
9.549706e+05	-2.791668e+01
9.604865e+05	-2.882375e+01
9.660342e+05	-2.943853e+01
9.716140e+05	-2.972148e+01
9.772260e+05	-2.968974e+01
9.828704e+05	-2.944184e+01
9.885474e+05	-2.922377e+01
9.942572e+05	-2.937356e+01
1.000000e+06	-3.007991e+01
