Frequency(Hz)	Magnitude(dB)
1.000000e+01	-2.190918e+00
1.005776e+01	-2.210791e+00
1.011585e+01	-2.230940e+00
1.017428e+01	-2.251076e+00
1.023305e+01	-2.271323e+00
1.029215e+01	-2.291860e+00
1.035160e+01	-2.312444e+00
1.041139e+01	-2.333073e+00
1.047153e+01	-2.353785e+00
1.053201e+01	-2.375010e+00
1.059284e+01	-2.396109e+00
1.065403e+01	-2.417474e+00
1.071556e+01	-2.438904e+00
1.077746e+01	-2.460468e+00
1.083971e+01	-2.482157e+00
1.090232e+01	-2.503928e+00
1.096529e+01	-2.525997e+00
1.102862e+01	-2.547996e+00
1.109232e+01	-2.570332e+00
1.115639e+01	-2.592806e+00
1.122083e+01	-2.615322e+00
1.128564e+01	-2.638046e+00
1.135083e+01	-2.661005e+00
1.141639e+01	-2.683763e+00
1.148233e+01	-2.707100e+00
1.154865e+01	-2.730113e+00
1.161536e+01	-2.753787e+00
1.168245e+01	-2.777051e+00
1.174992e+01	-2.800824e+00
1.181779e+01	-2.824935e+00
1.188605e+01	-2.848910e+00
1.195470e+01	-2.872958e+00
1.202375e+01	-2.897171e+00
1.209320e+01	-2.921546e+00
1.216305e+01	-2.946223e+00
1.223330e+01	-2.970909e+00
1.230396e+01	-2.995646e+00
1.237503e+01	-3.020687e+00
1.244651e+01	-3.045746e+00
1.251840e+01	-3.071085e+00
1.259070e+01	-3.096623e+00
1.266343e+01	-3.122088e+00
1.273657e+01	-3.148004e+00
1.281014e+01	-3.173668e+00
1.288413e+01	-3.199779e+00
1.295855e+01	-3.226075e+00
1.303339e+01	-3.252289e+00
1.310867e+01	-3.278714e+00
1.318439e+01	-3.305080e+00
1.326054e+01	-3.332096e+00
1.333713e+01	-3.358920e+00
1.341417e+01	-3.386071e+00
1.349165e+01	-3.412869e+00
1.356958e+01	-3.440151e+00
1.364795e+01	-3.467455e+00
1.372678e+01	-3.495330e+00
1.380607e+01	-3.523244e+00
1.388581e+01	-3.551189e+00
1.396602e+01	-3.579047e+00
1.404668e+01	-3.606995e+00
1.412782e+01	-3.635303e+00
1.420942e+01	-3.663869e+00
1.429149e+01	-3.692654e+00
1.437404e+01	-3.721037e+00
1.445706e+01	-3.750259e+00
1.454057e+01	-3.778818e+00
1.462455e+01	-3.808071e+00
1.470902e+01	-3.837437e+00
1.479398e+01	-3.866830e+00
1.487943e+01	-3.896489e+00
1.496537e+01	-3.926143e+00
1.505181e+01	-3.955809e+00
1.513875e+01	-3.985913e+00
1.522619e+01	-4.016002e+00
1.531414e+01	-4.046583e+00
1.540259e+01	-4.076400e+00
1.549156e+01	-4.107210e+00
1.558103e+01	-4.138027e+00
1.567103e+01	-4.168812e+00
1.576155e+01	-4.199549e+00
1.585258e+01	-4.230600e+00
1.594415e+01	-4.262049e+00
1.603624e+01	-4.293198e+00
1.612886e+01	-4.324860e+00
1.622202e+01	-4.356171e+00
1.631572e+01	-4.388196e+00
1.640996e+01	-4.419786e+00
1.650474e+01	-4.452063e+00
1.660008e+01	-4.484210e+00
1.669596e+01	-4.516447e+00
1.679239e+01	-4.548484e+00
1.688938e+01	-4.581465e+00
1.698694e+01	-4.613870e+00
1.708505e+01	-4.646632e+00
1.718373e+01	-4.679682e+00
1.728299e+01	-4.712943e+00
1.738281e+01	-4.746063e+00
1.748322e+01	-4.779280e+00
1.758420e+01	-4.812708e+00
1.768576e+01	-4.846272e+00
1.778792e+01	-4.880165e+00
1.789066e+01	-4.913893e+00
1.799399e+01	-4.947731e+00
1.809793e+01	-4.981840e+00
1.820246e+01	-5.015893e+00
1.830760e+01	-5.050370e+00
1.841334e+01	-5.084799e+00
1.851969e+01	-5.119053e+00
1.862666e+01	-5.153971e+00
1.873425e+01	-5.188734e+00
1.884246e+01	-5.223854e+00
1.895129e+01	-5.258895e+00
1.906075e+01	-5.294210e+00
1.917085e+01	-5.329225e+00
1.928158e+01	-5.364862e+00
1.939295e+01	-5.400213e+00
1.950496e+01	-5.436078e+00
1.961762e+01	-5.471756e+00
1.973093e+01	-5.507415e+00
1.984490e+01	-5.543392e+00
1.995952e+01	-5.579955e+00
2.007480e+01	-5.615901e+00
2.019076e+01	-5.652194e+00
2.030738e+01	-5.688754e+00
2.042467e+01	-5.725459e+00
2.054264e+01	-5.762363e+00
2.066130e+01	-5.798862e+00
2.078064e+01	-5.835779e+00
2.090066e+01	-5.873115e+00
2.102139e+01	-5.910047e+00
2.114280e+01	-5.947294e+00
2.126492e+01	-5.984676e+00
2.138775e+01	-6.021663e+00
2.151128e+01	-6.059599e+00
2.163553e+01	-6.097699e+00
2.176050e+01	-6.135314e+00
2.188619e+01	-6.173213e+00
2.201260e+01	-6.211440e+00
2.213974e+01	-6.249349e+00
2.226762e+01	-6.287165e+00
2.239624e+01	-6.325647e+00
2.252560e+01	-6.364119e+00
2.265571e+01	-6.402564e+00
2.278656e+01	-6.441351e+00
2.291818e+01	-6.480020e+00
2.305055e+01	-6.518808e+00
2.318369e+01	-6.557445e+00
2.331760e+01	-6.596707e+00
2.345228e+01	-6.635854e+00
2.358774e+01	-6.675326e+00
2.372398e+01	-6.714350e+00
2.386101e+01	-6.753930e+00
2.399883e+01	-6.793570e+00
2.413745e+01	-6.832905e+00
2.427686e+01	-6.872635e+00
2.441709e+01	-6.912315e+00
2.455812e+01	-6.952323e+00
2.469997e+01	-6.992292e+00
2.484263e+01	-7.032406e+00
2.498612e+01	-7.072722e+00
2.513044e+01	-7.112912e+00
2.527559e+01	-7.153553e+00
2.542158e+01	-7.193514e+00
2.556842e+01	-7.234628e+00
2.571610e+01	-7.274815e+00
2.586463e+01	-7.315581e+00
2.601403e+01	-7.356635e+00
2.616428e+01	-7.396573e+00
2.631541e+01	-7.437964e+00
2.646740e+01	-7.478871e+00
2.662028e+01	-7.520501e+00
2.677404e+01	-7.561613e+00
2.692868e+01	-7.602707e+00
2.708422e+01	-7.643866e+00
2.724066e+01	-7.686004e+00
2.739800e+01	-7.727285e+00
2.755625e+01	-7.768574e+00
2.771541e+01	-7.809968e+00
2.787550e+01	-7.852133e+00
2.803650e+01	-7.893989e+00
2.819844e+01	-7.936349e+00
2.836131e+01	-7.978104e+00
2.852513e+01	-8.020106e+00
2.868989e+01	-8.062332e+00
2.885560e+01	-8.104148e+00
2.902227e+01	-8.147100e+00
2.918990e+01	-8.189659e+00
2.935850e+01	-8.231647e+00
2.952807e+01	-8.274529e+00
2.969863e+01	-8.316706e+00
2.987016e+01	-8.359632e+00
3.004269e+01	-8.402126e+00
3.021622e+01	-8.445289e+00
3.039075e+01	-8.488423e+00
3.056628e+01	-8.531091e+00
3.074283e+01	-8.574254e+00
3.092040e+01	-8.617631e+00
3.109900e+01	-8.660063e+00
3.127862e+01	-8.703687e+00
3.145929e+01	-8.746953e+00
3.164099e+01	-8.790289e+00
3.182375e+01	-8.833819e+00
3.200756e+01	-8.877295e+00
3.219244e+01	-8.921275e+00
3.237838e+01	-8.964814e+00
3.256540e+01	-9.008241e+00
3.275349e+01	-9.052168e+00
3.294268e+01	-9.095902e+00
3.313295e+01	-9.140012e+00
3.332433e+01	-9.184018e+00
3.351681e+01	-9.227703e+00
3.371040e+01	-9.272587e+00
3.390511e+01	-9.316402e+00
3.410094e+01	-9.360109e+00
3.429791e+01	-9.404719e+00
3.449601e+01	-9.448944e+00
3.469526e+01	-9.493089e+00
3.489566e+01	-9.537670e+00
3.509721e+01	-9.581711e+00
3.529993e+01	-9.626675e+00
3.550382e+01	-9.671226e+00
3.570889e+01	-9.715408e+00
3.591515e+01	-9.759908e+00
3.612259e+01	-9.805090e+00
3.633123e+01	-9.850148e+00
3.654108e+01	-9.894846e+00
3.675214e+01	-9.939726e+00
3.696442e+01	-9.984473e+00
3.717792e+01	-1.003008e+01
3.739266e+01	-1.007558e+01
3.760864e+01	-1.011994e+01
3.782587e+01	-1.016525e+01
3.804435e+01	-1.021090e+01
3.826409e+01	-1.025539e+01
3.848510e+01	-1.030151e+01
3.870739e+01	-1.034620e+01
3.893096e+01	-1.039223e+01
3.915583e+01	-1.043738e+01
3.938199e+01	-1.048260e+01
3.960946e+01	-1.052859e+01
3.983824e+01	-1.057448e+01
4.006834e+01	-1.062004e+01
4.029978e+01	-1.066586e+01
4.053255e+01	-1.071086e+01
4.076666e+01	-1.075713e+01
4.100213e+01	-1.080307e+01
4.123896e+01	-1.084924e+01
4.147715e+01	-1.089515e+01
4.171672e+01	-1.094152e+01
4.195767e+01	-1.098709e+01
4.220002e+01	-1.103305e+01
4.244377e+01	-1.107936e+01
4.268892e+01	-1.112481e+01
4.293549e+01	-1.117170e+01
4.318348e+01	-1.121714e+01
4.343291e+01	-1.126398e+01
4.368377e+01	-1.131018e+01
4.393609e+01	-1.135620e+01
4.418986e+01	-1.140310e+01
4.444510e+01	-1.144914e+01
4.470182e+01	-1.149519e+01
4.496001e+01	-1.154254e+01
4.521970e+01	-1.158887e+01
4.548089e+01	-1.163522e+01
4.574358e+01	-1.168150e+01
4.600779e+01	-1.172882e+01
4.627353e+01	-1.177538e+01
4.654081e+01	-1.182239e+01
4.680963e+01	-1.186836e+01
4.708000e+01	-1.191543e+01
4.735193e+01	-1.196213e+01
4.762543e+01	-1.200993e+01
4.790051e+01	-1.205655e+01
4.817719e+01	-1.210334e+01
4.845545e+01	-1.214942e+01
4.873533e+01	-1.219756e+01
4.901682e+01	-1.224404e+01
4.929994e+01	-1.229121e+01
4.958470e+01	-1.233885e+01
4.987110e+01	-1.238536e+01
5.015915e+01	-1.243205e+01
5.044887e+01	-1.248031e+01
5.074026e+01	-1.252672e+01
5.103333e+01	-1.257417e+01
5.132810e+01	-1.262137e+01
5.162457e+01	-1.266865e+01
5.192275e+01	-1.271606e+01
5.222265e+01	-1.276298e+01
5.252429e+01	-1.281100e+01
5.282767e+01	-1.285822e+01
5.313280e+01	-1.290590e+01
5.343969e+01	-1.295290e+01
5.374836e+01	-1.300037e+01
5.405880e+01	-1.304860e+01
5.437105e+01	-1.309565e+01
5.468509e+01	-1.314372e+01
5.500095e+01	-1.319114e+01
5.531863e+01	-1.323835e+01
5.563815e+01	-1.328652e+01
5.595951e+01	-1.333394e+01
5.628273e+01	-1.338218e+01
5.660782e+01	-1.342991e+01
5.693479e+01	-1.347734e+01
5.726364e+01	-1.352532e+01
5.759439e+01	-1.357260e+01
5.792705e+01	-1.362050e+01
5.826164e+01	-1.366873e+01
5.859815e+01	-1.371699e+01
5.893662e+01	-1.376418e+01
5.927703e+01	-1.381322e+01
5.961941e+01	-1.385941e+01
5.996377e+01	-1.390796e+01
6.031012e+01	-1.395565e+01
6.065847e+01	-1.400438e+01
6.100883e+01	-1.405228e+01
6.136121e+01	-1.410042e+01
6.171563e+01	-1.414873e+01
6.207210e+01	-1.419636e+01
6.243063e+01	-1.424474e+01
6.279122e+01	-1.429196e+01
6.315390e+01	-1.434100e+01
6.351868e+01	-1.438896e+01
6.388556e+01	-1.443764e+01
6.425456e+01	-1.448560e+01
6.462569e+01	-1.453426e+01
6.499897e+01	-1.458291e+01
6.537440e+01	-1.463089e+01
6.575200e+01	-1.467852e+01
6.613178e+01	-1.472728e+01
6.651375e+01	-1.477521e+01
6.689793e+01	-1.482348e+01
6.728433e+01	-1.487268e+01
6.767297e+01	-1.492111e+01
6.806384e+01	-1.496951e+01
6.845698e+01	-1.501706e+01
6.885238e+01	-1.506647e+01
6.925007e+01	-1.511450e+01
6.965005e+01	-1.516406e+01
7.005235e+01	-1.521066e+01
7.045697e+01	-1.526088e+01
7.086393e+01	-1.530848e+01
7.127323e+01	-1.535786e+01
7.168490e+01	-1.540564e+01
7.209895e+01	-1.545484e+01
7.251539e+01	-1.550316e+01
7.293424e+01	-1.555128e+01
7.335551e+01	-1.560132e+01
7.377920e+01	-1.564833e+01
7.420535e+01	-1.569737e+01
7.463396e+01	-1.574634e+01
7.506504e+01	-1.579527e+01
7.549861e+01	-1.584387e+01
7.593469e+01	-1.589271e+01
7.637328e+01	-1.594221e+01
7.681441e+01	-1.598993e+01
7.725809e+01	-1.603881e+01
7.770433e+01	-1.608796e+01
7.815315e+01	-1.613672e+01
7.860456e+01	-1.618495e+01
7.905857e+01	-1.623409e+01
7.951521e+01	-1.628294e+01
7.997449e+01	-1.633215e+01
8.043642e+01	-1.638077e+01
8.090102e+01	-1.642918e+01
8.136830e+01	-1.647750e+01
8.183828e+01	-1.652758e+01
8.231097e+01	-1.657718e+01
8.278640e+01	-1.662415e+01
8.326457e+01	-1.667341e+01
8.374550e+01	-1.672363e+01
8.422921e+01	-1.677276e+01
8.471572e+01	-1.681950e+01
8.520503e+01	-1.687038e+01
8.569717e+01	-1.691847e+01
8.619215e+01	-1.696829e+01
8.669000e+01	-1.701748e+01
8.719071e+01	-1.706633e+01
8.769432e+01	-1.711556e+01
8.820084e+01	-1.716520e+01
8.871029e+01	-1.721307e+01
8.922267e+01	-1.726265e+01
8.973802e+01	-1.731216e+01
9.025634e+01	-1.736106e+01
9.077766e+01	-1.741015e+01
9.130199e+01	-1.745976e+01
9.182935e+01	-1.750846e+01
9.235975e+01	-1.755723e+01
9.289321e+01	-1.760554e+01
9.342976e+01	-1.765606e+01
9.396941e+01	-1.770435e+01
9.451217e+01	-1.775406e+01
9.505807e+01	-1.780364e+01
9.560712e+01	-1.785229e+01
9.615934e+01	-1.790109e+01
9.671476e+01	-1.794987e+01
9.727338e+01	-1.800043e+01
9.783522e+01	-1.805005e+01
9.840032e+01	-1.809756e+01
9.896867e+01	-1.814696e+01
9.954031e+01	-1.819755e+01
1.001153e+02	-1.824593e+01
1.006935e+02	-1.829554e+01
1.012751e+02	-1.834567e+01
1.018601e+02	-1.839373e+01
1.024484e+02	-1.844487e+01
1.030402e+02	-1.849256e+01
1.036353e+02	-1.854381e+01
1.042339e+02	-1.859090e+01
1.048360e+02	-1.864081e+01
1.054415e+02	-1.869031e+01
1.060505e+02	-1.874080e+01
1.066631e+02	-1.878902e+01
1.072791e+02	-1.883825e+01
1.078988e+02	-1.888893e+01
1.085220e+02	-1.893627e+01
1.091488e+02	-1.898629e+01
1.097793e+02	-1.903630e+01
1.104133e+02	-1.908408e+01
1.110511e+02	-1.913408e+01
1.116925e+02	-1.918404e+01
1.123376e+02	-1.923375e+01
1.129865e+02	-1.928296e+01
1.136391e+02	-1.933294e+01
1.142955e+02	-1.938106e+01
1.149556e+02	-1.943153e+01
1.156196e+02	-1.948184e+01
1.162874e+02	-1.953089e+01
1.169591e+02	-1.957963e+01
1.176347e+02	-1.962803e+01
1.183141e+02	-1.967753e+01
1.189975e+02	-1.972812e+01
1.196848e+02	-1.977847e+01
1.203761e+02	-1.982758e+01
1.210714e+02	-1.987749e+01
1.217707e+02	-1.992709e+01
1.224740e+02	-1.997472e+01
1.231814e+02	-2.002506e+01
1.238929e+02	-2.007286e+01
1.246085e+02	-2.012421e+01
1.253283e+02	-2.017358e+01
1.260522e+02	-2.022356e+01
1.267802e+02	-2.027244e+01
1.275125e+02	-2.032172e+01
1.282490e+02	-2.037142e+01
1.289898e+02	-2.042169e+01
1.297348e+02	-2.047173e+01
1.304842e+02	-2.051925e+01
1.312378e+02	-2.057098e+01
1.319959e+02	-2.061986e+01
1.327583e+02	-2.066935e+01
1.335251e+02	-2.072114e+01
1.342963e+02	-2.076774e+01
1.350720e+02	-2.081716e+01
1.358522e+02	-2.086944e+01
1.366368e+02	-2.091853e+01
1.374260e+02	-2.096864e+01
1.382198e+02	-2.101865e+01
1.390182e+02	-2.106720e+01
1.398211e+02	-2.111483e+01
1.406287e+02	-2.116600e+01
1.414410e+02	-2.121451e+01
1.422579e+02	-2.126699e+01
1.430796e+02	-2.131448e+01
1.439060e+02	-2.136578e+01
1.447372e+02	-2.141448e+01
1.455732e+02	-2.146313e+01
1.464141e+02	-2.151304e+01
1.472597e+02	-2.156320e+01
1.481103e+02	-2.161324e+01
1.489658e+02	-2.166227e+01
1.498262e+02	-2.171307e+01
1.506916e+02	-2.176036e+01
1.515620e+02	-2.181309e+01
1.524374e+02	-2.186178e+01
1.533179e+02	-2.191095e+01
1.542034e+02	-2.196211e+01
1.550941e+02	-2.201018e+01
1.559899e+02	-2.205986e+01
1.568909e+02	-2.211162e+01
1.577971e+02	-2.216046e+01
1.587085e+02	-2.220919e+01
1.596252e+02	-2.226142e+01
1.605472e+02	-2.230819e+01
1.614745e+02	-2.235935e+01
1.624072e+02	-2.240768e+01
1.633453e+02	-2.245812e+01
1.642887e+02	-2.250874e+01
1.652377e+02	-2.255738e+01
1.661921e+02	-2.260715e+01
1.671520e+02	-2.265662e+01
1.681175e+02	-2.270816e+01
1.690885e+02	-2.275920e+01
1.700651e+02	-2.280917e+01
1.710474e+02	-2.285575e+01
1.720354e+02	-2.290674e+01
1.730291e+02	-2.295867e+01
1.740285e+02	-2.300836e+01
1.750337e+02	-2.305757e+01
1.760446e+02	-2.310633e+01
1.770615e+02	-2.315735e+01
1.780842e+02	-2.320615e+01
1.791128e+02	-2.325399e+01
1.801473e+02	-2.330374e+01
1.811878e+02	-2.335546e+01
1.822344e+02	-2.340748e+01
1.832870e+02	-2.345402e+01
1.843456e+02	-2.350478e+01
1.854104e+02	-2.355554e+01
1.864813e+02	-2.360443e+01
1.875584e+02	-2.365109e+01
1.886418e+02	-2.370378e+01
1.897313e+02	-2.375418e+01
1.908272e+02	-2.380408e+01
1.919294e+02	-2.385377e+01
1.930380e+02	-2.390127e+01
1.941530e+02	-2.395140e+01
1.952744e+02	-2.400297e+01
1.964023e+02	-2.405305e+01
1.975367e+02	-2.410174e+01
1.986777e+02	-2.415540e+01
1.998252e+02	-2.420111e+01
2.009794e+02	-2.425432e+01
2.021403e+02	-2.430463e+01
2.033078e+02	-2.435226e+01
2.044821e+02	-2.440171e+01
2.056632e+02	-2.445232e+01
2.068511e+02	-2.450191e+01
2.080459e+02	-2.455361e+01
2.092475e+02	-2.460385e+01
2.104561e+02	-2.465085e+01
2.116717e+02	-2.469971e+01
2.128943e+02	-2.475062e+01
2.141240e+02	-2.480311e+01
2.153608e+02	-2.484893e+01
2.166047e+02	-2.490119e+01
2.178558e+02	-2.495124e+01
2.191141e+02	-2.500097e+01
2.203797e+02	-2.504938e+01
2.216526e+02	-2.510124e+01
2.229329e+02	-2.515148e+01
2.242205e+02	-2.520101e+01
2.255156e+02	-2.524936e+01
2.268182e+02	-2.529936e+01
2.281283e+02	-2.534894e+01
2.294459e+02	-2.539831e+01
2.307712e+02	-2.545013e+01
2.321041e+02	-2.550074e+01
2.334447e+02	-2.554786e+01
2.347931e+02	-2.560093e+01
2.361493e+02	-2.564855e+01
2.375133e+02	-2.570234e+01
2.388851e+02	-2.575259e+01
2.402649e+02	-2.580100e+01
2.416527e+02	-2.584736e+01
2.430484e+02	-2.590009e+01
2.444523e+02	-2.594942e+01
2.458642e+02	-2.599914e+01
2.472843e+02	-2.605131e+01
2.487126e+02	-2.609922e+01
2.501492e+02	-2.614633e+01
2.515940e+02	-2.620156e+01
2.530472e+02	-2.625051e+01
2.545088e+02	-2.629906e+01
2.559789e+02	-2.634863e+01
2.574574e+02	-2.640246e+01
2.589444e+02	-2.645156e+01
2.604401e+02	-2.650218e+01
2.619444e+02	-2.654683e+01
2.634574e+02	-2.660047e+01
2.649791e+02	-2.665123e+01
2.665096e+02	-2.669694e+01
2.680489e+02	-2.675379e+01
2.695972e+02	-2.679514e+01
2.711544e+02	-2.684933e+01
2.727205e+02	-2.689945e+01
2.742958e+02	-2.695129e+01
2.758801e+02	-2.699768e+01
2.774736e+02	-2.704829e+01
2.790762e+02	-2.709981e+01
2.806882e+02	-2.714501e+01
2.823094e+02	-2.719908e+01
2.839400e+02	-2.725050e+01
2.855800e+02	-2.729728e+01
2.872295e+02	-2.734700e+01
2.888886e+02	-2.739624e+01
2.905572e+02	-2.744886e+01
2.922354e+02	-2.750094e+01
2.939234e+02	-2.754737e+01
2.956211e+02	-2.759800e+01
2.973286e+02	-2.764306e+01
2.990459e+02	-2.769818e+01
3.007732e+02	-2.775124e+01
3.025104e+02	-2.779959e+01
3.042577e+02	-2.784745e+01
3.060151e+02	-2.789696e+01
3.077826e+02	-2.795118e+01
3.095604e+02	-2.800138e+01
3.113484e+02	-2.804590e+01
3.131467e+02	-2.810154e+01
3.149554e+02	-2.815150e+01
3.167746e+02	-2.819975e+01
3.186043e+02	-2.824581e+01
3.204445e+02	-2.829724e+01
3.222954e+02	-2.834991e+01
3.241570e+02	-2.840260e+01
3.260293e+02	-2.844794e+01
3.279124e+02	-2.849967e+01
3.298064e+02	-2.855239e+01
3.317114e+02	-2.859749e+01
3.336273e+02	-2.864789e+01
3.355544e+02	-2.870083e+01
3.374925e+02	-2.875130e+01
3.394418e+02	-2.879418e+01
3.414024e+02	-2.885208e+01
3.433744e+02	-2.889638e+01
3.453577e+02	-2.894910e+01
3.473525e+02	-2.900190e+01
3.493588e+02	-2.905088e+01
3.513766e+02	-2.909819e+01
3.534062e+02	-2.914715e+01
3.554474e+02	-2.919947e+01
3.575005e+02	-2.925175e+01
3.595654e+02	-2.930163e+01
3.616422e+02	-2.934916e+01
3.637311e+02	-2.939626e+01
3.658320e+02	-2.945291e+01
3.679450e+02	-2.950017e+01
3.700702e+02	-2.955010e+01
3.722077e+02	-2.960125e+01
3.743576e+02	-2.964932e+01
3.765199e+02	-2.969998e+01
3.786946e+02	-2.975016e+01
3.808820e+02	-2.980121e+01
3.830819e+02	-2.984910e+01
3.852946e+02	-2.990093e+01
3.875200e+02	-2.995399e+01
3.897583e+02	-3.000426e+01
3.920096e+02	-3.005261e+01
3.942738e+02	-3.010138e+01
3.965511e+02	-3.015306e+01
3.988416e+02	-3.019601e+01
4.011452e+02	-3.025100e+01
4.034622e+02	-3.030124e+01
4.057926e+02	-3.034665e+01
4.081365e+02	-3.040386e+01
4.104938e+02	-3.045074e+01
4.128648e+02	-3.050625e+01
4.152495e+02	-3.055346e+01
4.176480e+02	-3.060393e+01
4.200603e+02	-3.065260e+01
4.224866e+02	-3.070402e+01
4.249268e+02	-3.075355e+01
4.273812e+02	-3.080222e+01
4.298497e+02	-3.084895e+01
4.323325e+02	-3.090370e+01
4.348297e+02	-3.094990e+01
4.373412e+02	-3.100494e+01
4.398673e+02	-3.105570e+01
4.424079e+02	-3.111067e+01
4.449633e+02	-3.115793e+01
4.475334e+02	-3.120221e+01
4.501183e+02	-3.125390e+01
4.527182e+02	-3.129893e+01
4.553330e+02	-3.136426e+01
4.579630e+02	-3.140153e+01
4.606082e+02	-3.145512e+01
4.632687e+02	-3.150654e+01
4.659445e+02	-3.155813e+01
4.686358e+02	-3.160810e+01
4.713426e+02	-3.165741e+01
4.740650e+02	-3.170329e+01
4.768032e+02	-3.175722e+01
4.795572e+02	-3.180782e+01
4.823271e+02	-3.185689e+01
4.851130e+02	-3.190658e+01
4.879150e+02	-3.195408e+01
4.907332e+02	-3.201133e+01
4.935676e+02	-3.205830e+01
4.964185e+02	-3.210406e+01
4.992858e+02	-3.216378e+01
5.021696e+02	-3.220146e+01
5.050701e+02	-3.226521e+01
5.079874e+02	-3.231051e+01
5.109215e+02	-3.236119e+01
5.138726e+02	-3.241360e+01
5.168407e+02	-3.245219e+01
5.198259e+02	-3.250637e+01
5.228284e+02	-3.255159e+01
5.258482e+02	-3.260655e+01
5.288855e+02	-3.265302e+01
5.319403e+02	-3.271441e+01
5.350128e+02	-3.276603e+01
5.381030e+02	-3.281256e+01
5.412111e+02	-3.286351e+01
5.443371e+02	-3.291494e+01
5.474812e+02	-3.295361e+01
5.506434e+02	-3.301171e+01
5.538239e+02	-3.305685e+01
5.570228e+02	-3.311446e+01
5.602401e+02	-3.316094e+01
5.634760e+02	-3.322014e+01
5.667306e+02	-3.326679e+01
5.700040e+02	-3.331185e+01
5.732964e+02	-3.336250e+01
5.766077e+02	-3.341275e+01
5.799382e+02	-3.345547e+01
5.832879e+02	-3.351357e+01
5.866569e+02	-3.356166e+01
5.900454e+02	-3.360470e+01
5.934535e+02	-3.366889e+01
5.968813e+02	-3.371721e+01
6.003288e+02	-3.376050e+01
6.037963e+02	-3.381953e+01
6.072838e+02	-3.385773e+01
6.107914e+02	-3.391790e+01
6.143194e+02	-3.396456e+01
6.178676e+02	-3.401589e+01
6.214364e+02	-3.406596e+01
6.250258e+02	-3.411466e+01
6.286359e+02	-3.417103e+01
6.322669e+02	-3.421953e+01
6.359189e+02	-3.426953e+01
6.395919e+02	-3.431679e+01
6.432862e+02	-3.436979e+01
6.470017e+02	-3.442211e+01
6.507388e+02	-3.446828e+01
6.544974e+02	-3.453353e+01
6.582778e+02	-3.456762e+01
6.620800e+02	-3.462665e+01
6.659041e+02	-3.466918e+01
6.697504e+02	-3.472719e+01
6.736188e+02	-3.476986e+01
6.775096e+02	-3.482401e+01
6.814229e+02	-3.486794e+01
6.853587e+02	-3.493336e+01
6.893173e+02	-3.497400e+01
6.932988e+02	-3.503487e+01
6.973033e+02	-3.506970e+01
7.013309e+02	-3.513728e+01
7.053817e+02	-3.517580e+01
7.094560e+02	-3.522032e+01
7.135538e+02	-3.527736e+01
7.176752e+02	-3.532921e+01
7.218205e+02	-3.537860e+01
7.259897e+02	-3.542374e+01
7.301830e+02	-3.546952e+01
7.344005e+02	-3.553728e+01
7.386424e+02	-3.557467e+01
7.429087e+02	-3.563206e+01
7.471998e+02	-3.567467e+01
7.515155e+02	-3.573649e+01
7.558563e+02	-3.578222e+01
7.602221e+02	-3.583187e+01
7.646131e+02	-3.587660e+01
7.690295e+02	-3.593416e+01
7.734713e+02	-3.597623e+01
7.779389e+02	-3.603958e+01
7.824322e+02	-3.608441e+01
7.869515e+02	-3.612940e+01
7.914969e+02	-3.619642e+01
7.960686e+02	-3.623529e+01
8.006666e+02	-3.628475e+01
8.052912e+02	-3.633775e+01
8.099426e+02	-3.638733e+01
8.146208e+02	-3.642834e+01
8.193260e+02	-3.649338e+01
8.240584e+02	-3.654103e+01
8.288181e+02	-3.659065e+01
8.336053e+02	-3.663724e+01
8.384202e+02	-3.669508e+01
8.432629e+02	-3.674624e+01
8.481335e+02	-3.679391e+01
8.530323e+02	-3.685272e+01
8.579594e+02	-3.690638e+01
8.629149e+02	-3.694049e+01
8.678991e+02	-3.699695e+01
8.729120e+02	-3.705105e+01
8.779539e+02	-3.709487e+01
8.830250e+02	-3.715028e+01
8.881253e+02	-3.720382e+01
8.932551e+02	-3.724175e+01
8.984145e+02	-3.730374e+01
9.036037e+02	-3.733759e+01
9.088229e+02	-3.739021e+01
9.140722e+02	-3.745812e+01
9.193518e+02	-3.750372e+01
9.246620e+02	-3.755765e+01
9.300028e+02	-3.760150e+01
9.353744e+02	-3.764522e+01
9.407771e+02	-3.770085e+01
9.462110e+02	-3.775970e+01
9.516763e+02	-3.779908e+01
9.571731e+02	-3.785089e+01
9.627017e+02	-3.790304e+01
9.682622e+02	-3.795821e+01
9.738549e+02	-3.799555e+01
9.794798e+02	-3.807831e+01
9.851373e+02	-3.811431e+01
9.908274e+02	-3.816608e+01
9.965504e+02	-3.821692e+01
1.002306e+03	-3.825799e+01
1.008096e+03	-3.830196e+01
1.013918e+03	-3.835351e+01
1.019775e+03	-3.842279e+01
1.025665e+03	-3.846377e+01
1.031589e+03	-3.851113e+01
1.037548e+03	-3.856991e+01
1.043540e+03	-3.862347e+01
1.049568e+03	-3.867163e+01
1.055630e+03	-3.871670e+01
1.061727e+03	-3.877486e+01
1.067860e+03	-3.881066e+01
1.074028e+03	-3.887352e+01
1.080231e+03	-3.892365e+01
1.086471e+03	-3.897165e+01
1.092746e+03	-3.901868e+01
1.099058e+03	-3.908760e+01
1.105406e+03	-3.913531e+01
1.111791e+03	-3.919676e+01
1.118212e+03	-3.922174e+01
1.124671e+03	-3.927217e+01
1.131167e+03	-3.933171e+01
1.137701e+03	-3.938893e+01
1.144272e+03	-3.942936e+01
1.150881e+03	-3.948399e+01
1.157529e+03	-3.953898e+01
1.164215e+03	-3.958727e+01
1.170939e+03	-3.963239e+01
1.177702e+03	-3.970298e+01
1.184505e+03	-3.974092e+01
1.191346e+03	-3.980413e+01
1.198227e+03	-3.984456e+01
1.205148e+03	-3.989979e+01
1.212109e+03	-3.995216e+01
1.219110e+03	-4.000062e+01
1.226152e+03	-4.006767e+01
1.233234e+03	-4.008600e+01
1.240357e+03	-4.015813e+01
1.247521e+03	-4.020642e+01
1.254727e+03	-4.025243e+01
1.261974e+03	-4.030627e+01
1.269263e+03	-4.035682e+01
1.276595e+03	-4.040943e+01
1.283968e+03	-4.044984e+01
1.291384e+03	-4.051128e+01
1.298843e+03	-4.055930e+01
1.306345e+03	-4.061225e+01
1.313891e+03	-4.067689e+01
1.321480e+03	-4.071980e+01
1.329113e+03	-4.077038e+01
1.336790e+03	-4.082034e+01
1.344511e+03	-4.086926e+01
1.352277e+03	-4.092941e+01
1.360087e+03	-4.097078e+01
1.367943e+03	-4.102852e+01
1.375844e+03	-4.109337e+01
1.383791e+03	-4.110681e+01
1.391784e+03	-4.117433e+01
1.399823e+03	-4.122216e+01
1.407908e+03	-4.127506e+01
1.416040e+03	-4.135259e+01
1.424219e+03	-4.139286e+01
1.432445e+03	-4.144784e+01
1.440719e+03	-4.149117e+01
1.449041e+03	-4.154171e+01
1.457410e+03	-4.159027e+01
1.465828e+03	-4.165043e+01
1.474295e+03	-4.170915e+01
1.482810e+03	-4.174368e+01
1.491375e+03	-4.181355e+01
1.499989e+03	-4.185718e+01
1.508653e+03	-4.188523e+01
1.517367e+03	-4.195160e+01
1.526131e+03	-4.200134e+01
1.534946e+03	-4.207255e+01
1.543812e+03	-4.210958e+01
1.552729e+03	-4.215116e+01
1.561697e+03	-4.221264e+01
1.570717e+03	-4.227051e+01
1.579790e+03	-4.231506e+01
1.588915e+03	-4.236680e+01
1.598092e+03	-4.242193e+01
1.607323e+03	-4.248529e+01
1.616606e+03	-4.253437e+01
1.625944e+03	-4.259597e+01
1.635335e+03	-4.261233e+01
1.644781e+03	-4.271087e+01
1.654281e+03	-4.274128e+01
1.663836e+03	-4.278675e+01
1.673446e+03	-4.284187e+01
1.683112e+03	-4.288952e+01
1.692834e+03	-4.295894e+01
1.702611e+03	-4.302392e+01
1.712446e+03	-4.305935e+01
1.722337e+03	-4.309606e+01
1.732285e+03	-4.318281e+01
1.742290e+03	-4.321633e+01
1.752354e+03	-4.326399e+01
1.762475e+03	-4.331634e+01
1.772655e+03	-4.337669e+01
1.782894e+03	-4.340194e+01
1.793192e+03	-4.349539e+01
1.803549e+03	-4.352941e+01
1.813967e+03	-4.358435e+01
1.824444e+03	-4.366296e+01
1.834982e+03	-4.367865e+01
1.845581e+03	-4.372203e+01
1.856241e+03	-4.380027e+01
1.866962e+03	-4.386698e+01
1.877746e+03	-4.391917e+01
1.888592e+03	-4.394519e+01
1.899500e+03	-4.402866e+01
1.910472e+03	-4.407040e+01
1.921506e+03	-4.412199e+01
1.932605e+03	-4.416467e+01
1.943768e+03	-4.421759e+01
1.954995e+03	-4.426022e+01
1.966287e+03	-4.433038e+01
1.977644e+03	-4.438933e+01
1.989067e+03	-4.443915e+01
2.000555e+03	-4.449139e+01
2.012110e+03	-4.455022e+01
2.023732e+03	-4.460644e+01
2.035421e+03	-4.464355e+01
2.047178e+03	-4.468266e+01
2.059002e+03	-4.475215e+01
2.070895e+03	-4.484171e+01
2.082856e+03	-4.487650e+01
2.094887e+03	-4.493264e+01
2.106987e+03	-4.496481e+01
2.119157e+03	-4.505416e+01
2.131397e+03	-4.509042e+01
2.143708e+03	-4.514804e+01
2.156090e+03	-4.518065e+01
2.168543e+03	-4.525285e+01
2.181069e+03	-4.531702e+01
2.193666e+03	-4.532835e+01
2.206337e+03	-4.540174e+01
2.219081e+03	-4.543571e+01
2.231898e+03	-4.549960e+01
2.244789e+03	-4.556945e+01
2.257755e+03	-4.560279e+01
2.270796e+03	-4.568580e+01
2.283912e+03	-4.574756e+01
2.297104e+03	-4.577716e+01
2.310372e+03	-4.581519e+01
2.323716e+03	-4.589622e+01
2.337138e+03	-4.597436e+01
2.350637e+03	-4.604267e+01
2.364214e+03	-4.606650e+01
2.377870e+03	-4.609964e+01
2.391604e+03	-4.615376e+01
2.405418e+03	-4.619722e+01
2.419312e+03	-4.627724e+01
2.433286e+03	-4.629905e+01
2.447340e+03	-4.637116e+01
2.461476e+03	-4.647249e+01
2.475693e+03	-4.652330e+01
2.489993e+03	-4.658786e+01
2.504375e+03	-4.661194e+01
2.518840e+03	-4.672471e+01
2.533389e+03	-4.674357e+01
2.548022e+03	-4.676911e+01
2.562739e+03	-4.683349e+01
2.577541e+03	-4.691708e+01
2.592429e+03	-4.693340e+01
2.607403e+03	-4.700837e+01
2.622463e+03	-4.703970e+01
2.637610e+03	-4.711837e+01
2.652845e+03	-4.717596e+01
2.668168e+03	-4.722780e+01
2.683579e+03	-4.731098e+01
2.699079e+03	-4.737025e+01
2.714669e+03	-4.738545e+01
2.730349e+03	-4.744408e+01
2.746119e+03	-4.752222e+01
2.761981e+03	-4.756378e+01
2.777934e+03	-4.765612e+01
2.793979e+03	-4.772472e+01
2.810117e+03	-4.775178e+01
2.826348e+03	-4.781167e+01
2.842673e+03	-4.783643e+01
2.859092e+03	-4.789246e+01
2.875606e+03	-4.797015e+01
2.892215e+03	-4.801490e+01
2.908921e+03	-4.809742e+01
2.925722e+03	-4.813190e+01
2.942621e+03	-4.818654e+01
2.959618e+03	-4.824245e+01
2.976712e+03	-4.830120e+01
2.993906e+03	-4.838166e+01
3.011198e+03	-4.845928e+01
3.028591e+03	-4.851068e+01
3.046084e+03	-4.853188e+01
3.063678e+03	-4.861926e+01
3.081374e+03	-4.868998e+01
3.099172e+03	-4.869818e+01
3.117072e+03	-4.882293e+01
3.135076e+03	-4.885187e+01
3.153184e+03	-4.889028e+01
3.171397e+03	-4.896490e+01
3.189715e+03	-4.901298e+01
3.208139e+03	-4.903835e+01
3.226669e+03	-4.914908e+01
3.245306e+03	-4.917055e+01
3.264051e+03	-4.922691e+01
3.282904e+03	-4.929777e+01
3.301866e+03	-4.935672e+01
3.320937e+03	-4.943105e+01
3.340119e+03	-4.953336e+01
3.359411e+03	-4.954079e+01
3.378815e+03	-4.961193e+01
3.398331e+03	-4.967746e+01
3.417959e+03	-4.972694e+01
3.437701e+03	-4.984084e+01
3.457557e+03	-4.989235e+01
3.477528e+03	-4.988243e+01
3.497614e+03	-5.003124e+01
3.517816e+03	-4.999494e+01
3.538135e+03	-5.010538e+01
3.558571e+03	-5.012846e+01
3.579125e+03	-5.026022e+01
3.599798e+03	-5.028496e+01
3.620590e+03	-5.027312e+01
3.641503e+03	-5.048043e+01
3.662536e+03	-5.046846e+01
3.683691e+03	-5.053419e+01
3.704967e+03	-5.061847e+01
3.726367e+03	-5.067369e+01
3.747890e+03	-5.069068e+01
3.769538e+03	-5.082932e+01
3.791311e+03	-5.082685e+01
3.813209e+03	-5.091010e+01
3.835234e+03	-5.097238e+01
3.857386e+03	-5.105923e+01
3.879667e+03	-5.111460e+01
3.902075e+03	-5.122228e+01
3.924614e+03	-5.125038e+01
3.947282e+03	-5.129609e+01
3.970081e+03	-5.141228e+01
3.993012e+03	-5.144055e+01
4.016076e+03	-5.153030e+01
4.039272e+03	-5.158844e+01
4.062603e+03	-5.167828e+01
4.086069e+03	-5.167598e+01
4.109670e+03	-5.174205e+01
4.133407e+03	-5.183938e+01
4.157281e+03	-5.192031e+01
4.181294e+03	-5.198730e+01
4.205445e+03	-5.200803e+01
4.229735e+03	-5.208495e+01
4.254166e+03	-5.214214e+01
4.278738e+03	-5.221527e+01
4.303451e+03	-5.229348e+01
4.328308e+03	-5.238162e+01
4.353308e+03	-5.241492e+01
4.378453e+03	-5.253380e+01
4.403742e+03	-5.262770e+01
4.429178e+03	-5.269173e+01
4.454761e+03	-5.270427e+01
4.480492e+03	-5.280976e+01
4.506371e+03	-5.283595e+01
4.532399e+03	-5.293051e+01
4.558578e+03	-5.294823e+01
4.584908e+03	-5.309303e+01
4.611391e+03	-5.316858e+01
4.638026e+03	-5.317055e+01
4.664815e+03	-5.324732e+01
4.691759e+03	-5.335978e+01
4.718858e+03	-5.344975e+01
4.746114e+03	-5.351391e+01
4.773527e+03	-5.356967e+01
4.801099e+03	-5.365353e+01
4.828830e+03	-5.370417e+01
4.856721e+03	-5.377718e+01
4.884773e+03	-5.391985e+01
4.912988e+03	-5.387959e+01
4.941365e+03	-5.403244e+01
4.969906e+03	-5.406354e+01
4.998612e+03	-5.413009e+01
5.027484e+03	-5.423578e+01
5.056522e+03	-5.434787e+01
5.085729e+03	-5.446177e+01
5.115104e+03	-5.443742e+01
5.144648e+03	-5.456911e+01
5.174363e+03	-5.454141e+01
5.204250e+03	-5.479276e+01
5.234310e+03	-5.479482e+01
5.264543e+03	-5.486123e+01
5.294951e+03	-5.490559e+01
5.325534e+03	-5.516030e+01
5.356294e+03	-5.507273e+01
5.387232e+03	-5.512282e+01
5.418348e+03	-5.524291e+01
5.449645e+03	-5.532769e+01
5.481122e+03	-5.550143e+01
5.512780e+03	-5.552025e+01
5.544622e+03	-5.554027e+01
5.576647e+03	-5.565099e+01
5.608858e+03	-5.575220e+01
5.641254e+03	-5.574331e+01
5.673838e+03	-5.593360e+01
5.706610e+03	-5.600604e+01
5.739571e+03	-5.612070e+01
5.772723e+03	-5.608902e+01
5.806066e+03	-5.631200e+01
5.839601e+03	-5.640604e+01
5.873331e+03	-5.637926e+01
5.907255e+03	-5.659112e+01
5.941375e+03	-5.656509e+01
5.975692e+03	-5.676347e+01
6.010207e+03	-5.674139e+01
6.044922e+03	-5.676675e+01
6.079837e+03	-5.695384e+01
6.114954e+03	-5.704552e+01
6.150274e+03	-5.708403e+01
6.185797e+03	-5.716875e+01
6.221526e+03	-5.744411e+01
6.257462e+03	-5.740685e+01
6.293605e+03	-5.751384e+01
6.329956e+03	-5.768306e+01
6.366518e+03	-5.782666e+01
6.403290e+03	-5.786488e+01
6.440276e+03	-5.800554e+01
6.477474e+03	-5.789326e+01
6.514888e+03	-5.808135e+01
6.552518e+03	-5.822478e+01
6.590365e+03	-5.837680e+01
6.628430e+03	-5.850437e+01
6.666716e+03	-5.848248e+01
6.705223e+03	-5.874111e+01
6.743952e+03	-5.873001e+01
6.782905e+03	-5.895605e+01
6.822082e+03	-5.904824e+01
6.861486e+03	-5.916130e+01
6.901118e+03	-5.920385e+01
6.940979e+03	-5.935904e+01
6.981069e+03	-5.955949e+01
7.021392e+03	-5.963885e+01
7.061947e+03	-5.958352e+01
7.102737e+03	-5.964238e+01
7.143762e+03	-5.996631e+01
7.185024e+03	-5.991095e+01
7.226524e+03	-6.026719e+01
7.268264e+03	-6.016371e+01
7.310246e+03	-6.032697e+01
7.352469e+03	-6.029309e+01
7.394937e+03	-6.045659e+01
7.437650e+03	-6.054645e+01
7.480609e+03	-6.066510e+01
7.523817e+03	-6.093744e+01
7.567274e+03	-6.094044e+01
7.610982e+03	-6.100849e+01
7.654943e+03	-6.114047e+01
7.699158e+03	-6.140578e+01
7.743628e+03	-6.125036e+01
7.788355e+03	-6.153426e+01
7.833340e+03	-6.173837e+01
7.878585e+03	-6.174240e+01
7.924091e+03	-6.180336e+01
7.969861e+03	-6.198442e+01
8.015894e+03	-6.201955e+01
8.062194e+03	-6.212278e+01
8.108761e+03	-6.217474e+01
8.155596e+03	-6.233953e+01
8.202703e+03	-6.233442e+01
8.250081e+03	-6.268065e+01
8.297733e+03	-6.283899e+01
8.345661e+03	-6.268240e+01
8.393865e+03	-6.251960e+01
8.442348e+03	-6.317076e+01
8.491110e+03	-6.287890e+01
8.540155e+03	-6.285562e+01
8.589482e+03	-6.286485e+01
8.639095e+03	-6.281693e+01
8.688994e+03	-6.265149e+01
8.739181e+03	-6.263899e+01
8.789658e+03	-6.267402e+01
8.840427e+03	-6.245745e+01
8.891489e+03	-6.223971e+01
8.942846e+03	-6.185793e+01
8.994499e+03	-6.140397e+01
9.046451e+03	-6.079843e+01
9.098703e+03	-6.029399e+01
9.151257e+03	-6.027674e+01
9.204114e+03	-6.058496e+01
9.257277e+03	-6.165897e+01
9.310746e+03	-6.404036e+01
9.364525e+03	-6.677132e+01
9.418614e+03	-6.986173e+01
9.473015e+03	-7.329524e+01
9.527731e+03	-7.531932e+01
9.582763e+03	-7.993217e+01
9.638113e+03	-8.990225e+01
9.693782e+03	-9.203802e+01
9.749773e+03	-1.014098e+02
9.806087e+03	-9.998793e+01
9.862727e+03	-1.086017e+02
9.919693e+03	-9.871669e+01
9.976989e+03	-9.562681e+01
1.003462e+04	-9.169195e+01
1.009258e+04	-9.337364e+01
1.015087e+04	-9.292991e+01
1.020950e+04	-8.899448e+01
1.026847e+04	-9.308225e+01
1.032778e+04	-9.109123e+01
1.038743e+04	-9.206645e+01
1.044743e+04	-8.564583e+01
1.050777e+04	-8.396773e+01
1.056847e+04	-8.248123e+01
1.062951e+04	-8.146885e+01
1.069091e+04	-8.174969e+01
1.075266e+04	-7.921093e+01
1.081476e+04	-7.824191e+01
1.087723e+04	-8.012618e+01
1.094006e+04	-7.863594e+01
1.100324e+04	-7.693126e+01
1.106680e+04	-7.679324e+01
1.113072e+04	-7.494040e+01
1.119501e+04	-7.543422e+01
1.125967e+04	-7.462824e+01
1.132471e+04	-7.496531e+01
1.139012e+04	-7.359959e+01
1.145591e+04	-7.359517e+01
1.152208e+04	-7.333041e+01
1.158863e+04	-7.227570e+01
1.165556e+04	-7.267386e+01
1.172289e+04	-7.203380e+01
1.179060e+04	-7.139468e+01
1.185870e+04	-7.080568e+01
1.192719e+04	-7.025867e+01
1.199608e+04	-6.986497e+01
1.206537e+04	-6.999186e+01
1.213506e+04	-6.984244e+01
1.220515e+04	-6.914189e+01
1.227565e+04	-6.870517e+01
1.234655e+04	-6.862787e+01
1.241787e+04	-6.861997e+01
1.248959e+04	-6.762769e+01
1.256173e+04	-6.773569e+01
1.263429e+04	-6.729671e+01
1.270726e+04	-6.736604e+01
1.278066e+04	-6.746818e+01
1.285448e+04	-6.701711e+01
1.292873e+04	-6.642981e+01
1.300340e+04	-6.643402e+01
1.307851e+04	-6.634013e+01
1.315405e+04	-6.570324e+01
1.323003e+04	-6.586082e+01
1.330644e+04	-6.533563e+01
1.338330e+04	-6.540511e+01
1.346060e+04	-6.525870e+01
1.353835e+04	-6.486785e+01
1.361655e+04	-6.470858e+01
1.369520e+04	-6.432442e+01
1.377430e+04	-6.442539e+01
1.385386e+04	-6.402777e+01
1.393388e+04	-6.367628e+01
1.401436e+04	-6.351541e+01
1.409531e+04	-6.372706e+01
1.417672e+04	-6.347374e+01
1.425861e+04	-6.296546e+01
1.434096e+04	-6.323944e+01
1.442379e+04	-6.265277e+01
1.450711e+04	-6.257209e+01
1.459090e+04	-6.255466e+01
1.467518e+04	-6.256486e+01
1.475994e+04	-6.238521e+01
1.484519e+04	-6.200811e+01
1.493094e+04	-6.189971e+01
1.501718e+04	-6.190610e+01
1.510392e+04	-6.157097e+01
1.519116e+04	-6.154864e+01
1.527890e+04	-6.121058e+01
1.536715e+04	-6.121071e+01
1.545591e+04	-6.112771e+01
1.554518e+04	-6.102627e+01
1.563497e+04	-6.080063e+01
1.572528e+04	-6.067351e+01
1.581611e+04	-6.063299e+01
1.590746e+04	-6.053712e+01
1.599934e+04	-6.035724e+01
1.609175e+04	-6.020086e+01
1.618470e+04	-6.010086e+01
1.627818e+04	-6.001461e+01
1.637220e+04	-5.988131e+01
1.646677e+04	-5.975647e+01
1.656188e+04	-5.949335e+01
1.665754e+04	-5.946151e+01
1.675375e+04	-5.943148e+01
1.685052e+04	-5.921374e+01
1.694785e+04	-5.927045e+01
1.704574e+04	-5.905362e+01
1.714419e+04	-5.893859e+01
1.724322e+04	-5.887555e+01
1.734281e+04	-5.869377e+01
1.744299e+04	-5.862253e+01
1.754374e+04	-5.856360e+01
1.764507e+04	-5.826541e+01
1.774698e+04	-5.814742e+01
1.784949e+04	-5.810342e+01
1.795259e+04	-5.799459e+01
1.805628e+04	-5.791581e+01
1.816057e+04	-5.786700e+01
1.826547e+04	-5.775704e+01
1.837097e+04	-5.763919e+01
1.847708e+04	-5.747797e+01
1.858380e+04	-5.752573e+01
1.869114e+04	-5.737058e+01
1.879910e+04	-5.731679e+01
1.890768e+04	-5.711722e+01
1.901689e+04	-5.708436e+01
1.912673e+04	-5.705283e+01
1.923721e+04	-5.683745e+01
1.934832e+04	-5.683887e+01
1.946008e+04	-5.665091e+01
1.957248e+04	-5.645680e+01
1.968553e+04	-5.644926e+01
1.979923e+04	-5.629212e+01
1.991359e+04	-5.635767e+01
2.002861e+04	-5.614538e+01
2.014430e+04	-5.613523e+01
2.026065e+04	-5.604219e+01
2.037767e+04	-5.612085e+01
2.049537e+04	-5.589674e+01
2.061375e+04	-5.575747e+01
2.073282e+04	-5.574859e+01
2.085257e+04	-5.559766e+01
2.097301e+04	-5.553402e+01
2.109415e+04	-5.542721e+01
2.121599e+04	-5.537617e+01
2.133853e+04	-5.524264e+01
2.146178e+04	-5.515511e+01
2.158575e+04	-5.506665e+01
2.171043e+04	-5.508036e+01
2.183582e+04	-5.492862e+01
2.196195e+04	-5.486952e+01
2.208880e+04	-5.483336e+01
2.221638e+04	-5.471497e+01
2.234470e+04	-5.464797e+01
2.247377e+04	-5.462351e+01
2.260357e+04	-5.457454e+01
2.273413e+04	-5.442953e+01
2.286544e+04	-5.433617e+01
2.299751e+04	-5.431846e+01
2.313034e+04	-5.420017e+01
2.326394e+04	-5.406146e+01
2.339832e+04	-5.406179e+01
2.353346e+04	-5.405024e+01
2.366939e+04	-5.393933e+01
2.380610e+04	-5.384260e+01
2.394361e+04	-5.370077e+01
2.408191e+04	-5.367522e+01
2.422100e+04	-5.355318e+01
2.436090e+04	-5.347299e+01
2.450161e+04	-5.341715e+01
2.464313e+04	-5.343476e+01
2.478547e+04	-5.327083e+01
2.492863e+04	-5.318646e+01
2.507261e+04	-5.317281e+01
2.521743e+04	-5.306472e+01
2.536309e+04	-5.294717e+01
2.550958e+04	-5.298205e+01
2.565692e+04	-5.285906e+01
2.580512e+04	-5.279767e+01
2.595417e+04	-5.279900e+01
2.610408e+04	-5.257227e+01
2.625485e+04	-5.258745e+01
2.640650e+04	-5.251792e+01
2.655902e+04	-5.246547e+01
2.671243e+04	-5.238533e+01
2.686672e+04	-5.235590e+01
2.702190e+04	-5.227160e+01
2.717798e+04	-5.213429e+01
2.733495e+04	-5.211297e+01
2.749284e+04	-5.207140e+01
2.765164e+04	-5.202414e+01
2.781135e+04	-5.185192e+01
2.797199e+04	-5.183907e+01
2.813355e+04	-5.185193e+01
2.829605e+04	-5.169560e+01
2.845949e+04	-5.158959e+01
2.862387e+04	-5.157995e+01
2.878920e+04	-5.146757e+01
2.895549e+04	-5.141526e+01
2.912273e+04	-5.135039e+01
2.929094e+04	-5.135248e+01
2.946013e+04	-5.125381e+01
2.963029e+04	-5.115239e+01
2.980143e+04	-5.111240e+01
2.997356e+04	-5.112407e+01
3.014669e+04	-5.097241e+01
3.032081e+04	-5.091589e+01
3.049595e+04	-5.086080e+01
3.067209e+04	-5.078544e+01
3.084925e+04	-5.071902e+01
3.102743e+04	-5.062048e+01
3.120665e+04	-5.057855e+01
3.138690e+04	-5.054141e+01
3.156819e+04	-5.051363e+01
3.175052e+04	-5.043464e+01
3.193391e+04	-5.030457e+01
3.211836e+04	-5.028348e+01
3.230388e+04	-5.024579e+01
3.249046e+04	-5.015480e+01
3.267812e+04	-5.011661e+01
3.286687e+04	-5.010536e+01
3.305671e+04	-4.995930e+01
3.324764e+04	-4.991562e+01
3.343968e+04	-4.990471e+01
3.363283e+04	-4.976897e+01
3.382709e+04	-4.975798e+01
3.402247e+04	-4.969878e+01
3.421899e+04	-4.964190e+01
3.441663e+04	-4.953189e+01
3.461542e+04	-4.948526e+01
3.481536e+04	-4.945568e+01
3.501645e+04	-4.934544e+01
3.521871e+04	-4.933849e+01
3.542213e+04	-4.922921e+01
3.562672e+04	-4.920759e+01
3.583250e+04	-4.909829e+01
3.603947e+04	-4.909325e+01
3.624763e+04	-4.900695e+01
3.645700e+04	-4.897303e+01
3.666757e+04	-4.889605e+01
3.687936e+04	-4.885665e+01
3.709238e+04	-4.877336e+01
3.730662e+04	-4.871751e+01
3.752210e+04	-4.868248e+01
3.773883e+04	-4.862433e+01
3.795680e+04	-4.855963e+01
3.817604e+04	-4.848328e+01
3.839654e+04	-4.842391e+01
3.861832e+04	-4.838020e+01
3.884138e+04	-4.834692e+01
3.906573e+04	-4.827405e+01
3.929137e+04	-4.815289e+01
3.951831e+04	-4.814474e+01
3.974657e+04	-4.807106e+01
3.997614e+04	-4.799832e+01
4.020704e+04	-4.793748e+01
4.043928e+04	-4.792005e+01
4.067285e+04	-4.785494e+01
4.090778e+04	-4.777262e+01
4.114406e+04	-4.776753e+01
4.138171e+04	-4.767837e+01
4.162073e+04	-4.758174e+01
4.186113e+04	-4.756724e+01
4.210291e+04	-4.751172e+01
4.234610e+04	-4.747457e+01
4.259069e+04	-4.740002e+01
4.283669e+04	-4.736587e+01
4.308411e+04	-4.728046e+01
4.333297e+04	-4.718788e+01
4.358325e+04	-4.719250e+01
4.383499e+04	-4.711511e+01
4.408818e+04	-4.706965e+01
4.434283e+04	-4.699416e+01
4.459895e+04	-4.693746e+01
4.485655e+04	-4.688925e+01
4.511564e+04	-4.684034e+01
4.537623e+04	-4.678089e+01
4.563832e+04	-4.673281e+01
4.590193e+04	-4.664715e+01
4.616705e+04	-4.659113e+01
4.643371e+04	-4.655178e+01
4.670191e+04	-4.650512e+01
4.697166e+04	-4.643946e+01
4.724297e+04	-4.636592e+01
4.751584e+04	-4.633907e+01
4.779029e+04	-4.625705e+01
4.806633e+04	-4.620797e+01
4.834395e+04	-4.617968e+01
4.862319e+04	-4.610517e+01
4.890403e+04	-4.605816e+01
4.918650e+04	-4.599904e+01
4.947060e+04	-4.595644e+01
4.975634e+04	-4.587811e+01
5.004373e+04	-4.586502e+01
5.033278e+04	-4.578524e+01
5.062350e+04	-4.574541e+01
5.091590e+04	-4.567880e+01
5.120999e+04	-4.562647e+01
5.150578e+04	-4.554140e+01
5.180327e+04	-4.549864e+01
5.210248e+04	-4.547686e+01
5.240343e+04	-4.537555e+01
5.270611e+04	-4.532074e+01
5.301053e+04	-4.528547e+01
5.331672e+04	-4.523261e+01
5.362468e+04	-4.517632e+01
5.393441e+04	-4.513302e+01
5.424593e+04	-4.510516e+01
5.455926e+04	-4.503670e+01
5.487439e+04	-4.497268e+01
5.519134e+04	-4.490474e+01
5.551012e+04	-4.485563e+01
5.583075e+04	-4.478789e+01
5.615322e+04	-4.478070e+01
5.647756e+04	-4.471665e+01
5.680377e+04	-4.468391e+01
5.713187e+04	-4.458746e+01
5.746186e+04	-4.452839e+01
5.779376e+04	-4.447098e+01
5.812757e+04	-4.443402e+01
5.846332e+04	-4.437515e+01
5.880100e+04	-4.433495e+01
5.914063e+04	-4.427956e+01
5.948222e+04	-4.422238e+01
5.982579e+04	-4.417478e+01
6.017134e+04	-4.412335e+01
6.051889e+04	-4.405885e+01
6.086844e+04	-4.400691e+01
6.122002e+04	-4.392767e+01
6.157362e+04	-4.389858e+01
6.192927e+04	-4.385749e+01
6.228697e+04	-4.380615e+01
6.264674e+04	-4.376724e+01
6.300858e+04	-4.368735e+01
6.337252e+04	-4.364384e+01
6.373855e+04	-4.359949e+01
6.410670e+04	-4.353200e+01
6.447698e+04	-4.348145e+01
6.484940e+04	-4.342816e+01
6.522397e+04	-4.336580e+01
6.560070e+04	-4.331267e+01
6.597960e+04	-4.327525e+01
6.636070e+04	-4.321652e+01
6.674400e+04	-4.316746e+01
6.712951e+04	-4.312240e+01
6.751724e+04	-4.305930e+01
6.790722e+04	-4.300335e+01
6.829945e+04	-4.295415e+01
6.869395e+04	-4.290669e+01
6.909072e+04	-4.284608e+01
6.948978e+04	-4.279778e+01
6.989115e+04	-4.273695e+01
7.029484e+04	-4.268335e+01
7.070086e+04	-4.264507e+01
7.110923e+04	-4.259491e+01
7.151995e+04	-4.254014e+01
7.193305e+04	-4.248860e+01
7.234853e+04	-4.240406e+01
7.276641e+04	-4.237164e+01
7.318671e+04	-4.233329e+01
7.360943e+04	-4.226030e+01
7.403460e+04	-4.223942e+01
7.446222e+04	-4.219697e+01
7.489231e+04	-4.209182e+01
7.532488e+04	-4.205984e+01
7.575996e+04	-4.201842e+01
7.619754e+04	-4.196290e+01
7.663766e+04	-4.189700e+01
7.708031e+04	-4.185647e+01
7.752553e+04	-4.180394e+01
7.797331e+04	-4.175997e+01
7.842368e+04	-4.167654e+01
7.887665e+04	-4.166727e+01
7.933224e+04	-4.159316e+01
7.979046e+04	-4.153239e+01
8.025133e+04	-4.149541e+01
8.071486e+04	-4.143002e+01
8.118106e+04	-4.139209e+01
8.164996e+04	-4.134823e+01
8.212157e+04	-4.127137e+01
8.259590e+04	-4.121297e+01
8.307297e+04	-4.118928e+01
8.355279e+04	-4.112690e+01
8.403539e+04	-4.108225e+01
8.452078e+04	-4.102457e+01
8.500897e+04	-4.097101e+01
8.549997e+04	-4.091649e+01
8.599382e+04	-4.087863e+01
8.649052e+04	-4.082020e+01
8.699008e+04	-4.074980e+01
8.749253e+04	-4.069763e+01
8.799789e+04	-4.066664e+01
8.850616e+04	-4.061357e+01
8.901737e+04	-4.056176e+01
8.953153e+04	-4.050923e+01
9.004866e+04	-4.046352e+01
9.056877e+04	-4.041112e+01
9.109190e+04	-4.036278e+01
9.161804e+04	-4.029278e+01
9.214722e+04	-4.024770e+01
9.267946e+04	-4.021223e+01
9.321477e+04	-4.015827e+01
9.375318e+04	-4.011941e+01
9.429469e+04	-4.003481e+01
9.483933e+04	-4.000829e+01
9.538712e+04	-3.994808e+01
9.593807e+04	-3.989339e+01
9.649221e+04	-3.984567e+01
9.704954e+04	-3.978439e+01
9.761010e+04	-3.974136e+01
9.817389e+04	-3.970249e+01
9.874094e+04	-3.963123e+01
9.931126e+04	-3.958088e+01
9.988488e+04	-3.952932e+01
1.004618e+05	-3.949495e+01
1.010421e+05	-3.941773e+01
1.016257e+05	-3.937549e+01
1.022127e+05	-3.933332e+01
1.028031e+05	-3.926886e+01
1.033968e+05	-3.923377e+01
1.039941e+05	-3.917684e+01
1.045947e+05	-3.911816e+01
1.051989e+05	-3.907626e+01
1.058065e+05	-3.903144e+01
1.064176e+05	-3.898439e+01
1.070323e+05	-3.892946e+01
1.076505e+05	-3.887420e+01
1.082723e+05	-3.881364e+01
1.088977e+05	-3.878023e+01
1.095266e+05	-3.871375e+01
1.101593e+05	-3.866691e+01
1.107955e+05	-3.862641e+01
1.114355e+05	-3.856906e+01
1.120791e+05	-3.851734e+01
1.127265e+05	-3.847392e+01
1.133776e+05	-3.841450e+01
1.140325e+05	-3.835723e+01
1.146911e+05	-3.830916e+01
1.153536e+05	-3.826820e+01
1.160198e+05	-3.820725e+01
1.166900e+05	-3.815087e+01
1.173640e+05	-3.810855e+01
1.180419e+05	-3.805487e+01
1.187237e+05	-3.800447e+01
1.194094e+05	-3.795651e+01
1.200991e+05	-3.790692e+01
1.207928e+05	-3.785449e+01
1.214905e+05	-3.781489e+01
1.221922e+05	-3.775979e+01
1.228980e+05	-3.770870e+01
1.236078e+05	-3.766009e+01
1.243218e+05	-3.760613e+01
1.250399e+05	-3.754519e+01
1.257621e+05	-3.749834e+01
1.264885e+05	-3.744917e+01
1.272191e+05	-3.739855e+01
1.279539e+05	-3.734309e+01
1.286930e+05	-3.728508e+01
1.294363e+05	-3.724323e+01
1.301839e+05	-3.719537e+01
1.309358e+05	-3.715325e+01
1.316921e+05	-3.710594e+01
1.324528e+05	-3.703335e+01
1.332178e+05	-3.698157e+01
1.339873e+05	-3.694938e+01
1.347612e+05	-3.690351e+01
1.355395e+05	-3.682558e+01
1.363224e+05	-3.680001e+01
1.371098e+05	-3.674149e+01
1.379018e+05	-3.669678e+01
1.386983e+05	-3.663768e+01
1.394994e+05	-3.658995e+01
1.403051e+05	-3.654427e+01
1.411155e+05	-3.648493e+01
1.419306e+05	-3.644336e+01
1.427504e+05	-3.638450e+01
1.435749e+05	-3.632788e+01
1.444042e+05	-3.628300e+01
1.452383e+05	-3.624145e+01
1.460772e+05	-3.617852e+01
1.469209e+05	-3.614411e+01
1.477695e+05	-3.608399e+01
1.486230e+05	-3.602525e+01
1.494814e+05	-3.598888e+01
1.503448e+05	-3.593809e+01
1.512132e+05	-3.587863e+01
1.520866e+05	-3.583613e+01
1.529651e+05	-3.578674e+01
1.538486e+05	-3.573587e+01
1.547372e+05	-3.567635e+01
1.556310e+05	-3.563725e+01
1.565299e+05	-3.557959e+01
1.574340e+05	-3.554029e+01
1.583433e+05	-3.548080e+01
1.592579e+05	-3.543643e+01
1.601778e+05	-3.538103e+01
1.611030e+05	-3.532490e+01
1.620335e+05	-3.527469e+01
1.629694e+05	-3.522916e+01
1.639107e+05	-3.518578e+01
1.648574e+05	-3.512714e+01
1.658097e+05	-3.507224e+01
1.667674e+05	-3.502762e+01
1.677306e+05	-3.496820e+01
1.686994e+05	-3.492123e+01
1.696738e+05	-3.487178e+01
1.706538e+05	-3.482923e+01
1.716395e+05	-3.477668e+01
1.726309e+05	-3.472064e+01
1.736280e+05	-3.468297e+01
1.746309e+05	-3.461998e+01
1.756395e+05	-3.457337e+01
1.766540e+05	-3.452529e+01
1.776744e+05	-3.447698e+01
1.787006e+05	-3.443088e+01
1.797328e+05	-3.436925e+01
1.807709e+05	-3.432148e+01
1.818150e+05	-3.427768e+01
1.828652e+05	-3.421287e+01
1.839214e+05	-3.417084e+01
1.849837e+05	-3.411968e+01
1.860522e+05	-3.407235e+01
1.871268e+05	-3.402307e+01
1.882077e+05	-3.396568e+01
1.892948e+05	-3.391760e+01
1.903881e+05	-3.386440e+01
1.914878e+05	-3.382284e+01
1.925938e+05	-3.377338e+01
1.937062e+05	-3.372698e+01
1.948251e+05	-3.367004e+01
1.959504e+05	-3.362344e+01
1.970822e+05	-3.357277e+01
1.982205e+05	-3.351747e+01
1.993654e+05	-3.346818e+01
2.005169e+05	-3.342155e+01
2.016751e+05	-3.337522e+01
2.028400e+05	-3.331166e+01
2.040116e+05	-3.326304e+01
2.051899e+05	-3.321767e+01
2.063751e+05	-3.316483e+01
2.075671e+05	-3.312370e+01
2.087660e+05	-3.307143e+01
2.099719e+05	-3.302065e+01
2.111846e+05	-3.296951e+01
2.124044e+05	-3.292026e+01
2.136313e+05	-3.286788e+01
2.148652e+05	-3.282331e+01
2.161063e+05	-3.276699e+01
2.173545e+05	-3.271819e+01
2.186099e+05	-3.266668e+01
2.198726e+05	-3.261752e+01
2.211426e+05	-3.256818e+01
2.224199e+05	-3.251871e+01
2.237046e+05	-3.246476e+01
2.249967e+05	-3.241199e+01
2.262962e+05	-3.236567e+01
2.276033e+05	-3.230899e+01
2.289179e+05	-3.226541e+01
2.302402e+05	-3.221835e+01
2.315700e+05	-3.216433e+01
2.329076e+05	-3.211375e+01
2.342528e+05	-3.206510e+01
2.356059e+05	-3.201605e+01
2.369667e+05	-3.196096e+01
2.383354e+05	-3.191546e+01
2.397120e+05	-3.186410e+01
2.410966e+05	-3.181701e+01
2.424892e+05	-3.176461e+01
2.438898e+05	-3.171873e+01
2.452985e+05	-3.167072e+01
2.467153e+05	-3.161080e+01
2.481403e+05	-3.156290e+01
2.495736e+05	-3.151566e+01
2.510151e+05	-3.146773e+01
2.524650e+05	-3.141863e+01
2.539232e+05	-3.136646e+01
2.553898e+05	-3.131782e+01
2.568650e+05	-3.127264e+01
2.583486e+05	-3.121733e+01
2.598408e+05	-3.116448e+01
2.613416e+05	-3.110892e+01
2.628511e+05	-3.106648e+01
2.643694e+05	-3.101498e+01
2.658963e+05	-3.096696e+01
2.674321e+05	-3.091785e+01
2.689768e+05	-3.085957e+01
2.705304e+05	-3.081307e+01
2.720930e+05	-3.076486e+01
2.736646e+05	-3.071641e+01
2.752453e+05	-3.066400e+01
2.768351e+05	-3.061848e+01
2.784341e+05	-3.057291e+01
2.800423e+05	-3.051504e+01
2.816598e+05	-3.046510e+01
2.832867e+05	-3.041481e+01
2.849229e+05	-3.036149e+01
2.865686e+05	-3.031645e+01
2.882238e+05	-3.026794e+01
2.898886e+05	-3.021757e+01
2.915630e+05	-3.016492e+01
2.932470e+05	-3.011273e+01
2.949408e+05	-3.006728e+01
2.966444e+05	-3.002025e+01
2.983578e+05	-2.996768e+01
3.000811e+05	-2.991716e+01
3.018143e+05	-2.986691e+01
3.035576e+05	-2.981245e+01
3.053109e+05	-2.976655e+01
3.070744e+05	-2.971840e+01
3.088481e+05	-2.967031e+01
3.106320e+05	-2.961616e+01
3.124261e+05	-2.956611e+01
3.142307e+05	-2.951989e+01
3.160457e+05	-2.947089e+01
3.178712e+05	-2.941803e+01
3.197072e+05	-2.936800e+01
3.215538e+05	-2.931994e+01
3.234111e+05	-2.926654e+01
3.252791e+05	-2.921693e+01
3.271579e+05	-2.916494e+01
3.290475e+05	-2.911342e+01
3.309481e+05	-2.906639e+01
3.328596e+05	-2.902160e+01
3.347822e+05	-2.897151e+01
3.367159e+05	-2.891612e+01
3.386608e+05	-2.886706e+01
3.406169e+05	-2.881997e+01
3.425842e+05	-2.876809e+01
3.445630e+05	-2.871790e+01
3.465532e+05	-2.866861e+01
3.485549e+05	-2.862343e+01
3.505681e+05	-2.856999e+01
3.525930e+05	-2.852110e+01
3.546295e+05	-2.847279e+01
3.566778e+05	-2.841983e+01
3.587380e+05	-2.837241e+01
3.608101e+05	-2.831949e+01
3.628941e+05	-2.826987e+01
3.649901e+05	-2.822194e+01
3.670983e+05	-2.816727e+01
3.692187e+05	-2.812484e+01
3.713513e+05	-2.807511e+01
3.734962e+05	-2.802289e+01
3.756535e+05	-2.797103e+01
3.778232e+05	-2.792043e+01
3.800055e+05	-2.787491e+01
3.822004e+05	-2.782602e+01
3.844080e+05	-2.777449e+01
3.866283e+05	-2.772276e+01
3.888615e+05	-2.767694e+01
3.911075e+05	-2.762037e+01
3.933665e+05	-2.757611e+01
3.956386e+05	-2.752576e+01
3.979238e+05	-2.747264e+01
4.002222e+05	-2.743150e+01
4.025338e+05	-2.737831e+01
4.048589e+05	-2.732713e+01
4.071973e+05	-2.727508e+01
4.095493e+05	-2.722866e+01
4.119148e+05	-2.717715e+01
4.142940e+05	-2.712731e+01
4.166870e+05	-2.707640e+01
4.190937e+05	-2.702802e+01
4.215144e+05	-2.697884e+01
4.239490e+05	-2.692884e+01
4.263978e+05	-2.688189e+01
4.288606e+05	-2.683455e+01
4.313377e+05	-2.678141e+01
4.338291e+05	-2.672961e+01
4.363349e+05	-2.667745e+01
4.388551e+05	-2.663495e+01
4.413899e+05	-2.658017e+01
4.439394e+05	-2.653151e+01
4.465035e+05	-2.648122e+01
4.490825e+05	-2.643619e+01
4.516764e+05	-2.638374e+01
4.542853e+05	-2.633591e+01
4.569092e+05	-2.628669e+01
4.595483e+05	-2.623720e+01
4.622026e+05	-2.618687e+01
4.648723e+05	-2.613538e+01
4.675574e+05	-2.608732e+01
4.702580e+05	-2.604043e+01
4.729742e+05	-2.598672e+01
4.757060e+05	-2.593759e+01
4.784537e+05	-2.588969e+01
4.812172e+05	-2.583941e+01
4.839967e+05	-2.579250e+01
4.867923e+05	-2.573725e+01
4.896040e+05	-2.569034e+01
4.924319e+05	-2.564160e+01
4.952762e+05	-2.559244e+01
4.981369e+05	-2.554248e+01
5.010141e+05	-2.549136e+01
5.039079e+05	-2.544123e+01
5.068185e+05	-2.539228e+01
5.097458e+05	-2.534395e+01
5.126901e+05	-2.529476e+01
5.156514e+05	-2.524577e+01
5.186298e+05	-2.519500e+01
5.216253e+05	-2.514503e+01
5.246382e+05	-2.509626e+01
5.276685e+05	-2.504642e+01
5.307163e+05	-2.499471e+01
5.337817e+05	-2.494924e+01
5.368648e+05	-2.490123e+01
5.399657e+05	-2.484908e+01
5.430845e+05	-2.480073e+01
5.462214e+05	-2.475026e+01
5.493763e+05	-2.470179e+01
5.525495e+05	-2.465113e+01
5.557410e+05	-2.460367e+01
5.589509e+05	-2.455212e+01
5.621794e+05	-2.450305e+01
5.654265e+05	-2.445457e+01
5.686924e+05	-2.440672e+01
5.719772e+05	-2.435846e+01
5.752809e+05	-2.430796e+01
5.786037e+05	-2.425592e+01
5.819457e+05	-2.421013e+01
5.853070e+05	-2.416031e+01
5.886877e+05	-2.410833e+01
5.920879e+05	-2.405855e+01
5.955078e+05	-2.401167e+01
5.989474e+05	-2.396114e+01
6.024069e+05	-2.391216e+01
6.058864e+05	-2.386386e+01
6.093860e+05	-2.381271e+01
6.129058e+05	-2.375874e+01
6.164459e+05	-2.371640e+01
6.200064e+05	-2.366505e+01
6.235876e+05	-2.361800e+01
6.271894e+05	-2.357026e+01
6.308120e+05	-2.351952e+01
6.344555e+05	-2.346900e+01
6.381201e+05	-2.342230e+01
6.418059e+05	-2.337143e+01
6.455129e+05	-2.332232e+01
6.492414e+05	-2.327288e+01
6.529914e+05	-2.322362e+01
6.567630e+05	-2.317481e+01
6.605565e+05	-2.312617e+01
6.643718e+05	-2.307571e+01
6.682092e+05	-2.302913e+01
6.720688e+05	-2.297685e+01
6.759506e+05	-2.292905e+01
6.798549e+05	-2.287735e+01
6.837817e+05	-2.282986e+01
6.877312e+05	-2.278060e+01
6.917035e+05	-2.273126e+01
6.956987e+05	-2.268158e+01
6.997171e+05	-2.263544e+01
7.037586e+05	-2.258617e+01
7.078235e+05	-2.253600e+01
7.119118e+05	-2.248938e+01
7.160238e+05	-2.244047e+01
7.201595e+05	-2.239157e+01
7.243191e+05	-2.234290e+01
7.285028e+05	-2.229038e+01
7.327106e+05	-2.224224e+01
7.369427e+05	-2.219305e+01
7.411992e+05	-2.214709e+01
7.454804e+05	-2.209624e+01
7.497862e+05	-2.204809e+01
7.541170e+05	-2.199812e+01
7.584727e+05	-2.195170e+01
7.628536e+05	-2.190213e+01
7.672598e+05	-2.185180e+01
7.716915e+05	-2.180137e+01
7.761488e+05	-2.175651e+01
7.806318e+05	-2.170545e+01
7.851407e+05	-2.165630e+01
7.896756e+05	-2.160898e+01
7.942367e+05	-2.156006e+01
7.988242e+05	-2.151095e+01
8.034382e+05	-2.146244e+01
8.080788e+05	-2.141390e+01
8.127463e+05	-2.136488e+01
8.174406e+05	-2.131469e+01
8.221621e+05	-2.126833e+01
8.269109e+05	-2.121951e+01
8.316871e+05	-2.116958e+01
8.364909e+05	-2.112131e+01
8.413225e+05	-2.107212e+01
8.461819e+05	-2.102430e+01
8.510694e+05	-2.097533e+01
8.559852e+05	-2.092647e+01
8.609293e+05	-2.087868e+01
8.659020e+05	-2.082939e+01
8.709034e+05	-2.078198e+01
8.759337e+05	-2.073179e+01
8.809931e+05	-2.068435e+01
8.860816e+05	-2.063528e+01
8.911996e+05	-2.058616e+01
8.963471e+05	-2.053986e+01
9.015244e+05	-2.049000e+01
9.067316e+05	-2.044116e+01
9.119688e+05	-2.039220e+01
9.172363e+05	-2.034452e+01
9.225342e+05	-2.029761e+01
9.278628e+05	-2.024737e+01
9.332221e+05	-2.019950e+01
9.386123e+05	-2.015060e+01
9.440337e+05	-2.010502e+01
9.494864e+05	-2.005449e+01
9.549706e+05	-2.000705e+01
9.604865e+05	-1.995931e+01
9.660342e+05	-1.991014e+01
9.716140e+05	-1.986112e+01
9.772260e+05	-1.981457e+01
9.828704e+05	-1.976514e+01
9.885474e+05	-1.971786e+01
9.942572e+05	-1.966962e+01
1.000000e+06	-1.962120e+01
