Frequency(Hz)	Magnitude(dB)
1.000000e+01	-1.900739e+00
1.005776e+01	-1.918396e+00
1.011585e+01	-1.936336e+00
1.017428e+01	-1.954265e+00
1.023305e+01	-1.972514e+00
1.029215e+01	-1.990767e+00
1.035160e+01	-2.009646e+00
1.041139e+01	-2.027864e+00
1.047153e+01	-2.046858e+00
1.053201e+01	-2.065538e+00
1.059284e+01	-2.084487e+00
1.065403e+01	-2.103709e+00
1.071556e+01	-2.123049e+00
1.077746e+01	-2.142424e+00
1.083971e+01	-2.162003e+00
1.090232e+01	-2.181664e+00
1.096529e+01	-2.201494e+00
1.102862e+01	-2.221407e+00
1.109232e+01	-2.241500e+00
1.115639e+01	-2.261615e+00
1.122083e+01	-2.282333e+00
1.128564e+01	-2.302776e+00
1.135083e+01	-2.323324e+00
1.141639e+01	-2.344115e+00
1.148233e+01	-2.364970e+00
1.154865e+01	-2.386317e+00
1.161536e+01	-2.407447e+00
1.168245e+01	-2.428836e+00
1.174992e+01	-2.450377e+00
1.181779e+01	-2.471900e+00
1.188605e+01	-2.493524e+00
1.195470e+01	-2.515488e+00
1.202375e+01	-2.537511e+00
1.209320e+01	-2.559820e+00
1.216305e+01	-2.582301e+00
1.223330e+01	-2.604698e+00
1.230396e+01	-2.627282e+00
1.237503e+01	-2.650200e+00
1.244651e+01	-2.672806e+00
1.251840e+01	-2.696115e+00
1.259070e+01	-2.719348e+00
1.266343e+01	-2.742953e+00
1.273657e+01	-2.766490e+00
1.281014e+01	-2.789850e+00
1.288413e+01	-2.813463e+00
1.295855e+01	-2.837552e+00
1.303339e+01	-2.861565e+00
1.310867e+01	-2.886112e+00
1.318439e+01	-2.910117e+00
1.326054e+01	-2.934734e+00
1.333713e+01	-2.959365e+00
1.341417e+01	-2.984044e+00
1.349165e+01	-3.009158e+00
1.356958e+01	-3.034118e+00
1.364795e+01	-3.059323e+00
1.372678e+01	-3.084834e+00
1.380607e+01	-3.110126e+00
1.388581e+01	-3.135845e+00
1.396602e+01	-3.161721e+00
1.404668e+01	-3.187430e+00
1.412782e+01	-3.213774e+00
1.420942e+01	-3.239909e+00
1.429149e+01	-3.266121e+00
1.437404e+01	-3.292826e+00
1.445706e+01	-3.319413e+00
1.454057e+01	-3.346099e+00
1.462455e+01	-3.373241e+00
1.470902e+01	-3.400381e+00
1.479398e+01	-3.427745e+00
1.487943e+01	-3.454826e+00
1.496537e+01	-3.482275e+00
1.505181e+01	-3.510342e+00
1.513875e+01	-3.537933e+00
1.522619e+01	-3.565731e+00
1.531414e+01	-3.593935e+00
1.540259e+01	-3.622032e+00
1.549156e+01	-3.650396e+00
1.558103e+01	-3.679060e+00
1.567103e+01	-3.707706e+00
1.576155e+01	-3.736447e+00
1.585258e+01	-3.765561e+00
1.594415e+01	-3.794396e+00
1.603624e+01	-3.823862e+00
1.612886e+01	-3.853092e+00
1.622202e+01	-3.882648e+00
1.631572e+01	-3.912272e+00
1.640996e+01	-3.941978e+00
1.650474e+01	-3.971998e+00
1.660008e+01	-4.001918e+00
1.669596e+01	-4.031858e+00
1.679239e+01	-4.062587e+00
1.688938e+01	-4.092922e+00
1.698694e+01	-4.123547e+00
1.708505e+01	-4.154240e+00
1.718373e+01	-4.185045e+00
1.728299e+01	-4.216149e+00
1.738281e+01	-4.247303e+00
1.748322e+01	-4.278546e+00
1.758420e+01	-4.310079e+00
1.768576e+01	-4.341219e+00
1.778792e+01	-4.373046e+00
1.789066e+01	-4.404844e+00
1.799399e+01	-4.436896e+00
1.809793e+01	-4.468897e+00
1.820246e+01	-4.501219e+00
1.830760e+01	-4.533407e+00
1.841334e+01	-4.565876e+00
1.851969e+01	-4.598398e+00
1.862666e+01	-4.631295e+00
1.873425e+01	-4.664250e+00
1.884246e+01	-4.697205e+00
1.895129e+01	-4.730735e+00
1.906075e+01	-4.763481e+00
1.917085e+01	-4.797339e+00
1.928158e+01	-4.830419e+00
1.939295e+01	-4.864382e+00
1.950496e+01	-4.898014e+00
1.961762e+01	-4.931557e+00
1.973093e+01	-4.965807e+00
1.984490e+01	-4.999627e+00
1.995952e+01	-5.034115e+00
2.007480e+01	-5.068560e+00
2.019076e+01	-5.103096e+00
2.030738e+01	-5.137950e+00
2.042467e+01	-5.172628e+00
2.054264e+01	-5.207620e+00
2.066130e+01	-5.242311e+00
2.078064e+01	-5.277572e+00
2.090066e+01	-5.313099e+00
2.102139e+01	-5.348168e+00
2.114280e+01	-5.383921e+00
2.126492e+01	-5.419153e+00
2.138775e+01	-5.455279e+00
2.151128e+01	-5.490929e+00
2.163553e+01	-5.526794e+00
2.176050e+01	-5.562866e+00
2.188619e+01	-5.598919e+00
2.201260e+01	-5.635274e+00
2.213974e+01	-5.671877e+00
2.226762e+01	-5.708387e+00
2.239624e+01	-5.744762e+00
2.252560e+01	-5.781947e+00
2.265571e+01	-5.818707e+00
2.278656e+01	-5.855431e+00
2.291818e+01	-5.892626e+00
2.305055e+01	-5.930010e+00
2.318369e+01	-5.967147e+00
2.331760e+01	-6.004346e+00
2.345228e+01	-6.042346e+00
2.358774e+01	-6.079580e+00
2.372398e+01	-6.117370e+00
2.386101e+01	-6.155655e+00
2.399883e+01	-6.193051e+00
2.413745e+01	-6.231316e+00
2.427686e+01	-6.269628e+00
2.441709e+01	-6.307519e+00
2.455812e+01	-6.346493e+00
2.469997e+01	-6.384685e+00
2.484263e+01	-6.423424e+00
2.498612e+01	-6.461906e+00
2.513044e+01	-6.500492e+00
2.527559e+01	-6.539460e+00
2.542158e+01	-6.578526e+00
2.556842e+01	-6.617479e+00
2.571610e+01	-6.657180e+00
2.586463e+01	-6.696178e+00
2.601403e+01	-6.735487e+00
2.616428e+01	-6.775362e+00
2.631541e+01	-6.814606e+00
2.646740e+01	-6.854234e+00
2.662028e+01	-6.893908e+00
2.677404e+01	-6.933635e+00
2.692868e+01	-6.973617e+00
2.708422e+01	-7.013780e+00
2.724066e+01	-7.053769e+00
2.739800e+01	-7.093708e+00
2.755625e+01	-7.133936e+00
2.771541e+01	-7.174665e+00
2.787550e+01	-7.214985e+00
2.803650e+01	-7.255793e+00
2.819844e+01	-7.296225e+00
2.836131e+01	-7.337090e+00
2.852513e+01	-7.378100e+00
2.868989e+01	-7.418845e+00
2.885560e+01	-7.460170e+00
2.902227e+01	-7.501506e+00
2.918990e+01	-7.542594e+00
2.935850e+01	-7.583356e+00
2.952807e+01	-7.624673e+00
2.969863e+01	-7.666222e+00
2.987016e+01	-7.707375e+00
3.004269e+01	-7.749342e+00
3.021622e+01	-7.790848e+00
3.039075e+01	-7.832928e+00
3.056628e+01	-7.874226e+00
3.074283e+01	-7.916339e+00
3.092040e+01	-7.958072e+00
3.109900e+01	-8.000167e+00
3.127862e+01	-8.042537e+00
3.145929e+01	-8.084669e+00
3.164099e+01	-8.126835e+00
3.182375e+01	-8.169178e+00
3.200756e+01	-8.211925e+00
3.219244e+01	-8.254843e+00
3.237838e+01	-8.297060e+00
3.256540e+01	-8.339513e+00
3.275349e+01	-8.382150e+00
3.294268e+01	-8.425155e+00
3.313295e+01	-8.467875e+00
3.332433e+01	-8.511260e+00
3.351681e+01	-8.553939e+00
3.371040e+01	-8.597302e+00
3.390511e+01	-8.640164e+00
3.410094e+01	-8.683421e+00
3.429791e+01	-8.726812e+00
3.449601e+01	-8.769953e+00
3.469526e+01	-8.813516e+00
3.489566e+01	-8.856881e+00
3.509721e+01	-8.900738e+00
3.529993e+01	-8.943926e+00
3.550382e+01	-8.987623e+00
3.570889e+01	-9.031770e+00
3.591515e+01	-9.075721e+00
3.612259e+01	-9.119120e+00
3.633123e+01	-9.163045e+00
3.654108e+01	-9.206955e+00
3.675214e+01	-9.250932e+00
3.696442e+01	-9.295225e+00
3.717792e+01	-9.339253e+00
3.739266e+01	-9.383543e+00
3.760864e+01	-9.427654e+00
3.782587e+01	-9.472609e+00
3.804435e+01	-9.516575e+00
3.826409e+01	-9.561057e+00
3.848510e+01	-9.605980e+00
3.870739e+01	-9.650069e+00
3.893096e+01	-9.694958e+00
3.915583e+01	-9.739750e+00
3.938199e+01	-9.784281e+00
3.960946e+01	-9.829157e+00
3.983824e+01	-9.874196e+00
4.006834e+01	-9.918756e+00
4.029978e+01	-9.963267e+00
4.053255e+01	-1.000896e+01
4.076666e+01	-1.005364e+01
4.100213e+01	-1.009929e+01
4.123896e+01	-1.014416e+01
4.147715e+01	-1.018943e+01
4.171672e+01	-1.023491e+01
4.195767e+01	-1.027939e+01
4.220002e+01	-1.032590e+01
4.244377e+01	-1.037129e+01
4.268892e+01	-1.041618e+01
4.293549e+01	-1.046202e+01
4.318348e+01	-1.050694e+01
4.343291e+01	-1.055267e+01
4.368377e+01	-1.059866e+01
4.393609e+01	-1.064411e+01
4.418986e+01	-1.068946e+01
4.444510e+01	-1.073610e+01
4.470182e+01	-1.078208e+01
4.496001e+01	-1.082775e+01
4.521970e+01	-1.087354e+01
4.548089e+01	-1.091891e+01
4.574358e+01	-1.096580e+01
4.600779e+01	-1.101103e+01
4.627353e+01	-1.105737e+01
4.654081e+01	-1.110337e+01
4.680963e+01	-1.114942e+01
4.708000e+01	-1.119576e+01
4.735193e+01	-1.124206e+01
4.762543e+01	-1.128876e+01
4.790051e+01	-1.133467e+01
4.817719e+01	-1.138153e+01
4.845545e+01	-1.142802e+01
4.873533e+01	-1.147455e+01
4.901682e+01	-1.152062e+01
4.929994e+01	-1.156761e+01
4.958470e+01	-1.161345e+01
4.987110e+01	-1.166015e+01
5.015915e+01	-1.170678e+01
5.044887e+01	-1.175315e+01
5.074026e+01	-1.180041e+01
5.103333e+01	-1.184700e+01
5.132810e+01	-1.189313e+01
5.162457e+01	-1.193986e+01
5.192275e+01	-1.198780e+01
5.222265e+01	-1.203403e+01
5.252429e+01	-1.208117e+01
5.282767e+01	-1.212808e+01
5.313280e+01	-1.217487e+01
5.343969e+01	-1.222278e+01
5.374836e+01	-1.226887e+01
5.405880e+01	-1.231649e+01
5.437105e+01	-1.236375e+01
5.468509e+01	-1.241007e+01
5.500095e+01	-1.245782e+01
5.531863e+01	-1.250486e+01
5.563815e+01	-1.255210e+01
5.595951e+01	-1.259990e+01
5.628273e+01	-1.264636e+01
5.660782e+01	-1.269368e+01
5.693479e+01	-1.274117e+01
5.726364e+01	-1.278832e+01
5.759439e+01	-1.283682e+01
5.792705e+01	-1.288317e+01
5.826164e+01	-1.293122e+01
5.859815e+01	-1.297870e+01
5.893662e+01	-1.302584e+01
5.927703e+01	-1.307385e+01
5.961941e+01	-1.312165e+01
5.996377e+01	-1.316935e+01
6.031012e+01	-1.321626e+01
6.065847e+01	-1.326361e+01
6.100883e+01	-1.331168e+01
6.136121e+01	-1.335975e+01
6.171563e+01	-1.340663e+01
6.207210e+01	-1.345434e+01
6.243063e+01	-1.350260e+01
6.279122e+01	-1.355117e+01
6.315390e+01	-1.359922e+01
6.351868e+01	-1.364610e+01
6.388556e+01	-1.369443e+01
6.425456e+01	-1.374179e+01
6.462569e+01	-1.379013e+01
6.499897e+01	-1.383794e+01
6.537440e+01	-1.388639e+01
6.575200e+01	-1.393370e+01
6.613178e+01	-1.398190e+01
6.651375e+01	-1.403019e+01
6.689793e+01	-1.407844e+01
6.728433e+01	-1.412652e+01
6.767297e+01	-1.417425e+01
6.806384e+01	-1.422241e+01
6.845698e+01	-1.426995e+01
6.885238e+01	-1.431922e+01
6.925007e+01	-1.436623e+01
6.965005e+01	-1.441525e+01
7.005235e+01	-1.446349e+01
7.045697e+01	-1.451207e+01
7.086393e+01	-1.455906e+01
7.127323e+01	-1.460793e+01
7.168490e+01	-1.465657e+01
7.209895e+01	-1.470381e+01
7.251539e+01	-1.475240e+01
7.293424e+01	-1.480232e+01
7.335551e+01	-1.484979e+01
7.377920e+01	-1.489790e+01
7.420535e+01	-1.494691e+01
7.463396e+01	-1.499450e+01
7.506504e+01	-1.504315e+01
7.549861e+01	-1.509216e+01
7.593469e+01	-1.513977e+01
7.637328e+01	-1.518872e+01
7.681441e+01	-1.523754e+01
7.725809e+01	-1.528613e+01
7.770433e+01	-1.533413e+01
7.815315e+01	-1.538374e+01
7.860456e+01	-1.543151e+01
7.905857e+01	-1.547954e+01
7.951521e+01	-1.552800e+01
7.997449e+01	-1.557762e+01
8.043642e+01	-1.562459e+01
8.090102e+01	-1.567417e+01
8.136830e+01	-1.572287e+01
8.183828e+01	-1.577183e+01
8.231097e+01	-1.582213e+01
8.278640e+01	-1.586883e+01
8.326457e+01	-1.591817e+01
8.374550e+01	-1.596746e+01
8.422921e+01	-1.601551e+01
8.471572e+01	-1.606449e+01
8.520503e+01	-1.611381e+01
8.569717e+01	-1.616234e+01
8.619215e+01	-1.621013e+01
8.669000e+01	-1.625960e+01
8.719071e+01	-1.630863e+01
8.769432e+01	-1.635736e+01
8.820084e+01	-1.640739e+01
8.871029e+01	-1.645585e+01
8.922267e+01	-1.650455e+01
8.973802e+01	-1.655322e+01
9.025634e+01	-1.660245e+01
9.077766e+01	-1.665097e+01
9.130199e+01	-1.670002e+01
9.182935e+01	-1.674910e+01
9.235975e+01	-1.679834e+01
9.289321e+01	-1.684600e+01
9.342976e+01	-1.689624e+01
9.396941e+01	-1.694456e+01
9.451217e+01	-1.699358e+01
9.505807e+01	-1.704403e+01
9.560712e+01	-1.709260e+01
9.615934e+01	-1.714147e+01
9.671476e+01	-1.719080e+01
9.727338e+01	-1.723934e+01
9.783522e+01	-1.728797e+01
9.840032e+01	-1.733794e+01
9.896867e+01	-1.738669e+01
9.954031e+01	-1.743621e+01
1.001153e+02	-1.748518e+01
1.006935e+02	-1.753363e+01
1.012751e+02	-1.758171e+01
1.018601e+02	-1.763327e+01
1.024484e+02	-1.768230e+01
1.030402e+02	-1.773165e+01
1.036353e+02	-1.777843e+01
1.042339e+02	-1.782927e+01
1.048360e+02	-1.787746e+01
1.054415e+02	-1.792693e+01
1.060505e+02	-1.797715e+01
1.066631e+02	-1.802552e+01
1.072791e+02	-1.807529e+01
1.078988e+02	-1.812499e+01
1.085220e+02	-1.817310e+01
1.091488e+02	-1.822374e+01
1.097793e+02	-1.827353e+01
1.104133e+02	-1.832205e+01
1.110511e+02	-1.837101e+01
1.116925e+02	-1.842036e+01
1.123376e+02	-1.847061e+01
1.129865e+02	-1.851875e+01
1.136391e+02	-1.856689e+01
1.142955e+02	-1.861795e+01
1.149556e+02	-1.866772e+01
1.156196e+02	-1.871571e+01
1.162874e+02	-1.876566e+01
1.169591e+02	-1.881422e+01
1.176347e+02	-1.886488e+01
1.183141e+02	-1.891265e+01
1.189975e+02	-1.896369e+01
1.196848e+02	-1.901331e+01
1.203761e+02	-1.906168e+01
1.210714e+02	-1.911109e+01
1.217707e+02	-1.916243e+01
1.224740e+02	-1.921012e+01
1.231814e+02	-1.925958e+01
1.238929e+02	-1.930914e+01
1.246085e+02	-1.935843e+01
1.253283e+02	-1.940779e+01
1.260522e+02	-1.945712e+01
1.267802e+02	-1.950704e+01
1.275125e+02	-1.955768e+01
1.282490e+02	-1.960660e+01
1.289898e+02	-1.965583e+01
1.297348e+02	-1.970569e+01
1.304842e+02	-1.975467e+01
1.312378e+02	-1.980403e+01
1.319959e+02	-1.985269e+01
1.327583e+02	-1.990271e+01
1.335251e+02	-1.995089e+01
1.342963e+02	-2.000176e+01
1.350720e+02	-2.005152e+01
1.358522e+02	-2.010274e+01
1.366368e+02	-2.015009e+01
1.374260e+02	-2.020043e+01
1.382198e+02	-2.024975e+01
1.390182e+02	-2.029955e+01
1.398211e+02	-2.034950e+01
1.406287e+02	-2.039865e+01
1.414410e+02	-2.044927e+01
1.422579e+02	-2.049689e+01
1.430796e+02	-2.054749e+01
1.439060e+02	-2.059641e+01
1.447372e+02	-2.064459e+01
1.455732e+02	-2.069706e+01
1.464141e+02	-2.074640e+01
1.472597e+02	-2.079632e+01
1.481103e+02	-2.084563e+01
1.489658e+02	-2.089649e+01
1.498262e+02	-2.094394e+01
1.506916e+02	-2.099435e+01
1.515620e+02	-2.104318e+01
1.524374e+02	-2.109454e+01
1.533179e+02	-2.114290e+01
1.542034e+02	-2.119342e+01
1.550941e+02	-2.124261e+01
1.559899e+02	-2.129307e+01
1.568909e+02	-2.134239e+01
1.577971e+02	-2.139205e+01
1.587085e+02	-2.144124e+01
1.596252e+02	-2.149126e+01
1.605472e+02	-2.154082e+01
1.614745e+02	-2.159164e+01
1.624072e+02	-2.163812e+01
1.633453e+02	-2.168994e+01
1.642887e+02	-2.173936e+01
1.652377e+02	-2.178931e+01
1.661921e+02	-2.183929e+01
1.671520e+02	-2.188853e+01
1.681175e+02	-2.193672e+01
1.690885e+02	-2.198828e+01
1.700651e+02	-2.203641e+01
1.710474e+02	-2.208724e+01
1.720354e+02	-2.213850e+01
1.730291e+02	-2.218744e+01
1.740285e+02	-2.223709e+01
1.750337e+02	-2.228618e+01
1.760446e+02	-2.233601e+01
1.770615e+02	-2.238719e+01
1.780842e+02	-2.243378e+01
1.791128e+02	-2.248544e+01
1.801473e+02	-2.253480e+01
1.811878e+02	-2.258622e+01
1.822344e+02	-2.263305e+01
1.832870e+02	-2.268361e+01
1.843456e+02	-2.273328e+01
1.854104e+02	-2.278329e+01
1.864813e+02	-2.283272e+01
1.875584e+02	-2.288306e+01
1.886418e+02	-2.293245e+01
1.897313e+02	-2.298426e+01
1.908272e+02	-2.303335e+01
1.919294e+02	-2.308393e+01
1.930380e+02	-2.313187e+01
1.941530e+02	-2.318099e+01
1.952744e+02	-2.323134e+01
1.964023e+02	-2.328374e+01
1.975367e+02	-2.333239e+01
1.986777e+02	-2.338248e+01
1.998252e+02	-2.343181e+01
2.009794e+02	-2.347938e+01
2.021403e+02	-2.353165e+01
2.033078e+02	-2.358333e+01
2.044821e+02	-2.363223e+01
2.056632e+02	-2.367955e+01
2.068511e+02	-2.373077e+01
2.080459e+02	-2.378032e+01
2.092475e+02	-2.382708e+01
2.104561e+02	-2.387998e+01
2.116717e+02	-2.392929e+01
2.128943e+02	-2.397955e+01
2.141240e+02	-2.402814e+01
2.153608e+02	-2.407713e+01
2.166047e+02	-2.413063e+01
2.178558e+02	-2.417831e+01
2.191141e+02	-2.422962e+01
2.203797e+02	-2.427835e+01
2.216526e+02	-2.432667e+01
2.229329e+02	-2.437820e+01
2.242205e+02	-2.443006e+01
2.255156e+02	-2.448065e+01
2.268182e+02	-2.452690e+01
2.281283e+02	-2.457988e+01
2.294459e+02	-2.463055e+01
2.307712e+02	-2.467549e+01
2.321041e+02	-2.472668e+01
2.334447e+02	-2.477683e+01
2.347931e+02	-2.482641e+01
2.361493e+02	-2.487811e+01
2.375133e+02	-2.492658e+01
2.388851e+02	-2.497901e+01
2.402649e+02	-2.502800e+01
2.416527e+02	-2.507725e+01
2.430484e+02	-2.512695e+01
2.444523e+02	-2.517870e+01
2.458642e+02	-2.522535e+01
2.472843e+02	-2.527625e+01
2.487126e+02	-2.532801e+01
2.501492e+02	-2.537861e+01
2.515940e+02	-2.542403e+01
2.530472e+02	-2.547756e+01
2.545088e+02	-2.552745e+01
2.559789e+02	-2.557658e+01
2.574574e+02	-2.562737e+01
2.589444e+02	-2.567793e+01
2.604401e+02	-2.572631e+01
2.619444e+02	-2.577645e+01
2.634574e+02	-2.582605e+01
2.649791e+02	-2.587570e+01
2.665096e+02	-2.592691e+01
2.680489e+02	-2.597727e+01
2.695972e+02	-2.602360e+01
2.711544e+02	-2.607583e+01
2.727205e+02	-2.612894e+01
2.742958e+02	-2.617789e+01
2.758801e+02	-2.622273e+01
2.774736e+02	-2.627558e+01
2.790762e+02	-2.632492e+01
2.806882e+02	-2.637216e+01
2.823094e+02	-2.642464e+01
2.839400e+02	-2.647239e+01
2.855800e+02	-2.652515e+01
2.872295e+02	-2.657702e+01
2.888886e+02	-2.662439e+01
2.905572e+02	-2.667463e+01
2.922354e+02	-2.672593e+01
2.939234e+02	-2.677691e+01
2.956211e+02	-2.682415e+01
2.973286e+02	-2.687791e+01
2.990459e+02	-2.691796e+01
3.007732e+02	-2.697390e+01
3.025104e+02	-2.702701e+01
3.042577e+02	-2.707767e+01
3.060151e+02	-2.712477e+01
3.077826e+02	-2.717546e+01
3.095604e+02	-2.722531e+01
3.113484e+02	-2.727337e+01
3.131467e+02	-2.732259e+01
3.149554e+02	-2.737091e+01
3.167746e+02	-2.743121e+01
3.186043e+02	-2.747554e+01
3.204445e+02	-2.752309e+01
3.222954e+02	-2.757376e+01
3.241570e+02	-2.762519e+01
3.260293e+02	-2.767389e+01
3.279124e+02	-2.772801e+01
3.298064e+02	-2.777437e+01
3.317114e+02	-2.782405e+01
3.336273e+02	-2.787930e+01
3.355544e+02	-2.792683e+01
3.374925e+02	-2.797493e+01
3.394418e+02	-2.802386e+01
3.414024e+02	-2.807493e+01
3.433744e+02	-2.812650e+01
3.453577e+02	-2.817634e+01
3.473525e+02	-2.821873e+01
3.493588e+02	-2.827672e+01
3.513766e+02	-2.832672e+01
3.534062e+02	-2.837465e+01
3.554474e+02	-2.842449e+01
3.575005e+02	-2.847569e+01
3.595654e+02	-2.852681e+01
3.616422e+02	-2.857344e+01
3.637311e+02	-2.862903e+01
3.658320e+02	-2.867597e+01
3.679450e+02	-2.872745e+01
3.700702e+02	-2.877144e+01
3.722077e+02	-2.882662e+01
3.743576e+02	-2.887665e+01
3.765199e+02	-2.892576e+01
3.786946e+02	-2.897597e+01
3.808820e+02	-2.902783e+01
3.830819e+02	-2.907892e+01
3.852946e+02	-2.912654e+01
3.875200e+02	-2.917221e+01
3.897583e+02	-2.922420e+01
3.920096e+02	-2.927457e+01
3.942738e+02	-2.932726e+01
3.965511e+02	-2.937893e+01
3.988416e+02	-2.942891e+01
4.011452e+02	-2.947483e+01
4.034622e+02	-2.952708e+01
4.057926e+02	-2.957551e+01
4.081365e+02	-2.962301e+01
4.104938e+02	-2.967859e+01
4.128648e+02	-2.972667e+01
4.152495e+02	-2.977680e+01
4.176480e+02	-2.983064e+01
4.200603e+02	-2.987499e+01
4.224866e+02	-2.992700e+01
4.249268e+02	-2.997932e+01
4.273812e+02	-3.003351e+01
4.298497e+02	-3.007964e+01
4.323325e+02	-3.012633e+01
4.348297e+02	-3.017974e+01
4.373412e+02	-3.023113e+01
4.398673e+02	-3.027619e+01
4.424079e+02	-3.033005e+01
4.449633e+02	-3.037803e+01
4.475334e+02	-3.043133e+01
4.501183e+02	-3.047969e+01
4.527182e+02	-3.053033e+01
4.553330e+02	-3.058067e+01
4.579630e+02	-3.062729e+01
4.606082e+02	-3.067649e+01
4.632687e+02	-3.072713e+01
4.659445e+02	-3.078233e+01
4.686358e+02	-3.082575e+01
4.713426e+02	-3.088144e+01
4.740650e+02	-3.093437e+01
4.768032e+02	-3.098174e+01
4.795572e+02	-3.102539e+01
4.823271e+02	-3.108636e+01
4.851130e+02	-3.113172e+01
4.879150e+02	-3.118086e+01
4.907332e+02	-3.123059e+01
4.935676e+02	-3.128101e+01
4.964185e+02	-3.133550e+01
4.992858e+02	-3.137797e+01
5.021696e+02	-3.142764e+01
5.050701e+02	-3.148243e+01
5.079874e+02	-3.152955e+01
5.109215e+02	-3.158283e+01
5.138726e+02	-3.163512e+01
5.168407e+02	-3.167823e+01
5.198259e+02	-3.174121e+01
5.228284e+02	-3.178051e+01
5.258482e+02	-3.183282e+01
5.288855e+02	-3.189172e+01
5.319403e+02	-3.193195e+01
5.350128e+02	-3.198574e+01
5.381030e+02	-3.203225e+01
5.412111e+02	-3.208868e+01
5.443371e+02	-3.213840e+01
5.474812e+02	-3.218834e+01
5.506434e+02	-3.223564e+01
5.538239e+02	-3.228376e+01
5.570228e+02	-3.234273e+01
5.602401e+02	-3.238368e+01
5.634760e+02	-3.243852e+01
5.667306e+02	-3.248242e+01
5.700040e+02	-3.254153e+01
5.732964e+02	-3.259397e+01
5.766077e+02	-3.263680e+01
5.799382e+02	-3.269029e+01
5.832879e+02	-3.273829e+01
5.866569e+02	-3.279019e+01
5.900454e+02	-3.284165e+01
5.934535e+02	-3.288513e+01
5.968813e+02	-3.293780e+01
6.003288e+02	-3.298777e+01
6.037963e+02	-3.303820e+01
6.072838e+02	-3.308877e+01
6.107914e+02	-3.313934e+01
6.143194e+02	-3.319250e+01
6.178676e+02	-3.323858e+01
6.214364e+02	-3.329691e+01
6.250258e+02	-3.334817e+01
6.286359e+02	-3.338864e+01
6.322669e+02	-3.344705e+01
6.359189e+02	-3.349893e+01
6.395919e+02	-3.354691e+01
6.432862e+02	-3.359716e+01
6.470017e+02	-3.364129e+01
6.507388e+02	-3.368581e+01
6.544974e+02	-3.374205e+01
6.582778e+02	-3.379419e+01
6.620800e+02	-3.384281e+01
6.659041e+02	-3.389835e+01
6.697504e+02	-3.394967e+01
6.736188e+02	-3.399471e+01
6.775096e+02	-3.404475e+01
6.814229e+02	-3.409372e+01
6.853587e+02	-3.414190e+01
6.893173e+02	-3.419894e+01
6.932988e+02	-3.424635e+01
6.973033e+02	-3.430052e+01
7.013309e+02	-3.434012e+01
7.053817e+02	-3.439177e+01
7.094560e+02	-3.444553e+01
7.135538e+02	-3.450437e+01
7.176752e+02	-3.454859e+01
7.218205e+02	-3.459679e+01
7.259897e+02	-3.465261e+01
7.301830e+02	-3.470132e+01
7.344005e+02	-3.474943e+01
7.386424e+02	-3.480047e+01
7.429087e+02	-3.484719e+01
7.471998e+02	-3.489876e+01
7.515155e+02	-3.496283e+01
7.558563e+02	-3.500531e+01
7.602221e+02	-3.505680e+01
7.646131e+02	-3.510255e+01
7.690295e+02	-3.515541e+01
7.734713e+02	-3.519672e+01
7.779389e+02	-3.524942e+01
7.824322e+02	-3.530748e+01
7.869515e+02	-3.535481e+01
7.914969e+02	-3.540693e+01
7.960686e+02	-3.545506e+01
8.006666e+02	-3.550637e+01
8.052912e+02	-3.555461e+01
8.099426e+02	-3.561755e+01
8.146208e+02	-3.566071e+01
8.193260e+02	-3.570407e+01
8.240584e+02	-3.575308e+01
8.288181e+02	-3.581230e+01
8.336053e+02	-3.586147e+01
8.384202e+02	-3.591299e+01
8.432629e+02	-3.597017e+01
8.481335e+02	-3.600886e+01
8.530323e+02	-3.606288e+01
8.579594e+02	-3.611401e+01
8.629149e+02	-3.617117e+01
8.678991e+02	-3.621805e+01
8.729120e+02	-3.626943e+01
8.779539e+02	-3.631776e+01
8.830250e+02	-3.637223e+01
8.881253e+02	-3.641323e+01
8.932551e+02	-3.646593e+01
8.984145e+02	-3.652850e+01
9.036037e+02	-3.657314e+01
9.088229e+02	-3.661706e+01
9.140722e+02	-3.667769e+01
9.193518e+02	-3.672365e+01
9.246620e+02	-3.677698e+01
9.300028e+02	-3.681920e+01
9.353744e+02	-3.687398e+01
9.407771e+02	-3.692871e+01
9.462110e+02	-3.697388e+01
9.516763e+02	-3.702158e+01
9.571731e+02	-3.707799e+01
9.627017e+02	-3.712865e+01
9.682622e+02	-3.717874e+01
9.738549e+02	-3.723423e+01
9.794798e+02	-3.729066e+01
9.851373e+02	-3.733027e+01
9.908274e+02	-3.738920e+01
9.965504e+02	-3.742966e+01
1.002306e+03	-3.747568e+01
1.008096e+03	-3.753108e+01
1.013918e+03	-3.757539e+01
1.019775e+03	-3.763758e+01
1.025665e+03	-3.768315e+01
1.031589e+03	-3.774181e+01
1.037548e+03	-3.778357e+01
1.043540e+03	-3.783592e+01
1.049568e+03	-3.789035e+01
1.055630e+03	-3.794298e+01
1.061727e+03	-3.799736e+01
1.067860e+03	-3.802473e+01
1.074028e+03	-3.808646e+01
1.080231e+03	-3.814139e+01
1.086471e+03	-3.819417e+01
1.092746e+03	-3.824843e+01
1.099058e+03	-3.828418e+01
1.105406e+03	-3.834522e+01
1.111791e+03	-3.839744e+01
1.118212e+03	-3.844506e+01
1.124671e+03	-3.851444e+01
1.131167e+03	-3.853953e+01
1.137701e+03	-3.859920e+01
1.144272e+03	-3.865344e+01
1.150881e+03	-3.870069e+01
1.157529e+03	-3.875503e+01
1.164215e+03	-3.881744e+01
1.170939e+03	-3.884573e+01
1.177702e+03	-3.890259e+01
1.184505e+03	-3.893952e+01
1.191346e+03	-3.900763e+01
1.198227e+03	-3.904931e+01
1.205148e+03	-3.912368e+01
1.212109e+03	-3.914396e+01
1.219110e+03	-3.920561e+01
1.226152e+03	-3.925693e+01
1.233234e+03	-3.931401e+01
1.240357e+03	-3.937019e+01
1.247521e+03	-3.940879e+01
1.254727e+03	-3.947480e+01
1.261974e+03	-3.952078e+01
1.269263e+03	-3.958833e+01
1.276595e+03	-3.961730e+01
1.283968e+03	-3.966261e+01
1.291384e+03	-3.971131e+01
1.298843e+03	-3.977888e+01
1.306345e+03	-3.982974e+01
1.313891e+03	-3.987551e+01
1.321480e+03	-3.992931e+01
1.329113e+03	-3.998667e+01
1.336790e+03	-4.003015e+01
1.344511e+03	-4.008563e+01
1.352277e+03	-4.012103e+01
1.360087e+03	-4.019016e+01
1.367943e+03	-4.023391e+01
1.375844e+03	-4.028496e+01
1.383791e+03	-4.033983e+01
1.391784e+03	-4.038501e+01
1.399823e+03	-4.045020e+01
1.407908e+03	-4.049478e+01
1.416040e+03	-4.055678e+01
1.424219e+03	-4.060223e+01
1.432445e+03	-4.064108e+01
1.440719e+03	-4.071017e+01
1.449041e+03	-4.075302e+01
1.457410e+03	-4.080924e+01
1.465828e+03	-4.085700e+01
1.474295e+03	-4.089783e+01
1.482810e+03	-4.096826e+01
1.491375e+03	-4.100320e+01
1.499989e+03	-4.105189e+01
1.508653e+03	-4.112375e+01
1.517367e+03	-4.117154e+01
1.526131e+03	-4.121078e+01
1.534946e+03	-4.127637e+01
1.543812e+03	-4.132280e+01
1.552729e+03	-4.136867e+01
1.561697e+03	-4.141781e+01
1.570717e+03	-4.146756e+01
1.579790e+03	-4.153772e+01
1.588915e+03	-4.156448e+01
1.598092e+03	-4.164380e+01
1.607323e+03	-4.169089e+01
1.616606e+03	-4.172855e+01
1.625944e+03	-4.178742e+01
1.635335e+03	-4.185704e+01
1.644781e+03	-4.188922e+01
1.654281e+03	-4.194546e+01
1.663836e+03	-4.199717e+01
1.673446e+03	-4.205059e+01
1.683112e+03	-4.208126e+01
1.692834e+03	-4.214607e+01
1.702611e+03	-4.219395e+01
1.712446e+03	-4.227065e+01
1.722337e+03	-4.231812e+01
1.732285e+03	-4.235273e+01
1.742290e+03	-4.241558e+01
1.752354e+03	-4.247612e+01
1.762475e+03	-4.253093e+01
1.772655e+03	-4.256108e+01
1.782894e+03	-4.259468e+01
1.793192e+03	-4.266078e+01
1.803549e+03	-4.274057e+01
1.813967e+03	-4.278024e+01
1.824444e+03	-4.281725e+01
1.834982e+03	-4.288628e+01
1.845581e+03	-4.292178e+01
1.856241e+03	-4.298800e+01
1.866962e+03	-4.305375e+01
1.877746e+03	-4.309550e+01
1.888592e+03	-4.312394e+01
1.899500e+03	-4.319785e+01
1.910472e+03	-4.325038e+01
1.921506e+03	-4.330943e+01
1.932605e+03	-4.335552e+01
1.943768e+03	-4.340741e+01
1.954995e+03	-4.345466e+01
1.966287e+03	-4.351151e+01
1.977644e+03	-4.357511e+01
1.989067e+03	-4.363225e+01
2.000555e+03	-4.369452e+01
2.012110e+03	-4.373796e+01
2.023732e+03	-4.379570e+01
2.035421e+03	-4.383003e+01
2.047178e+03	-4.389780e+01
2.059002e+03	-4.395910e+01
2.070895e+03	-4.400894e+01
2.082856e+03	-4.406392e+01
2.094887e+03	-4.412025e+01
2.106987e+03	-4.416218e+01
2.119157e+03	-4.419943e+01
2.131397e+03	-4.426827e+01
2.143708e+03	-4.431743e+01
2.156090e+03	-4.439367e+01
2.168543e+03	-4.443365e+01
2.181069e+03	-4.446801e+01
2.193666e+03	-4.453340e+01
2.206337e+03	-4.458094e+01
2.219081e+03	-4.464306e+01
2.231898e+03	-4.467945e+01
2.244789e+03	-4.475264e+01
2.257755e+03	-4.480781e+01
2.270796e+03	-4.483910e+01
2.283912e+03	-4.485969e+01
2.297104e+03	-4.498505e+01
2.310372e+03	-4.499708e+01
2.323716e+03	-4.510129e+01
2.337138e+03	-4.513596e+01
2.350637e+03	-4.516327e+01
2.364214e+03	-4.523906e+01
2.377870e+03	-4.525837e+01
2.391604e+03	-4.533907e+01
2.405418e+03	-4.539224e+01
2.419312e+03	-4.544403e+01
2.433286e+03	-4.547899e+01
2.447340e+03	-4.556175e+01
2.461476e+03	-4.557555e+01
2.475693e+03	-4.565093e+01
2.489993e+03	-4.569583e+01
2.504375e+03	-4.577182e+01
2.518840e+03	-4.583126e+01
2.533389e+03	-4.590808e+01
2.548022e+03	-4.594370e+01
2.562739e+03	-4.596905e+01
2.577541e+03	-4.605122e+01
2.592429e+03	-4.607542e+01
2.607403e+03	-4.618096e+01
2.622463e+03	-4.624928e+01
2.637610e+03	-4.624734e+01
2.652845e+03	-4.631203e+01
2.668168e+03	-4.640263e+01
2.683579e+03	-4.643473e+01
2.699079e+03	-4.647108e+01
2.714669e+03	-4.654062e+01
2.730349e+03	-4.661279e+01
2.746119e+03	-4.665756e+01
2.761981e+03	-4.671479e+01
2.777934e+03	-4.679792e+01
2.793979e+03	-4.679631e+01
2.810117e+03	-4.688795e+01
2.826348e+03	-4.694639e+01
2.842673e+03	-4.702005e+01
2.859092e+03	-4.708906e+01
2.875606e+03	-4.711214e+01
2.892215e+03	-4.712016e+01
2.908921e+03	-4.720071e+01
2.925722e+03	-4.725566e+01
2.942621e+03	-4.733506e+01
2.959618e+03	-4.736245e+01
2.976712e+03	-4.744675e+01
2.993906e+03	-4.749394e+01
3.011198e+03	-4.757266e+01
3.028591e+03	-4.759663e+01
3.046084e+03	-4.770340e+01
3.063678e+03	-4.774495e+01
3.081374e+03	-4.782028e+01
3.099172e+03	-4.784626e+01
3.117072e+03	-4.793354e+01
3.135076e+03	-4.798208e+01
3.153184e+03	-4.805814e+01
3.171397e+03	-4.806620e+01
3.189715e+03	-4.815606e+01
3.208139e+03	-4.823010e+01
3.226669e+03	-4.825328e+01
3.245306e+03	-4.833835e+01
3.264051e+03	-4.840215e+01
3.282904e+03	-4.845682e+01
3.301866e+03	-4.847502e+01
3.320937e+03	-4.852031e+01
3.340119e+03	-4.861079e+01
3.359411e+03	-4.866001e+01
3.378815e+03	-4.872652e+01
3.398331e+03	-4.879602e+01
3.417959e+03	-4.887953e+01
3.437701e+03	-4.890981e+01
3.457557e+03	-4.895981e+01
3.477528e+03	-4.899200e+01
3.497614e+03	-4.910109e+01
3.517816e+03	-4.910761e+01
3.538135e+03	-4.920470e+01
3.558571e+03	-4.922520e+01
3.579125e+03	-4.933255e+01
3.599798e+03	-4.936137e+01
3.620590e+03	-4.948013e+01
3.641503e+03	-4.948217e+01
3.662536e+03	-4.957134e+01
3.683691e+03	-4.961245e+01
3.704967e+03	-4.970512e+01
3.726367e+03	-4.976233e+01
3.747890e+03	-4.976831e+01
3.769538e+03	-4.985547e+01
3.791311e+03	-4.997395e+01
3.813209e+03	-4.995089e+01
3.835234e+03	-5.000832e+01
3.857386e+03	-5.012423e+01
3.879667e+03	-5.017658e+01
3.902075e+03	-5.024126e+01
3.924614e+03	-5.032131e+01
3.947282e+03	-5.040620e+01
3.970081e+03	-5.043352e+01
3.993012e+03	-5.047582e+01
4.016076e+03	-5.053218e+01
4.039272e+03	-5.060443e+01
4.062603e+03	-5.067610e+01
4.086069e+03	-5.073977e+01
4.109670e+03	-5.076151e+01
4.133407e+03	-5.090890e+01
4.157281e+03	-5.090562e+01
4.181294e+03	-5.092842e+01
4.205445e+03	-5.111650e+01
4.229735e+03	-5.108184e+01
4.254166e+03	-5.119308e+01
4.278738e+03	-5.125644e+01
4.303451e+03	-5.127519e+01
4.328308e+03	-5.134361e+01
4.353308e+03	-5.145830e+01
4.378453e+03	-5.152986e+01
4.403742e+03	-5.159357e+01
4.429178e+03	-5.163633e+01
4.454761e+03	-5.170365e+01
4.480492e+03	-5.183904e+01
4.506371e+03	-5.183581e+01
4.532399e+03	-5.190257e+01
4.558578e+03	-5.202563e+01
4.584908e+03	-5.206908e+01
4.611391e+03	-5.210115e+01
4.638026e+03	-5.223479e+01
4.664815e+03	-5.223478e+01
4.691759e+03	-5.232446e+01
4.718858e+03	-5.236647e+01
4.746114e+03	-5.245083e+01
4.773527e+03	-5.250596e+01
4.801099e+03	-5.259309e+01
4.828830e+03	-5.271164e+01
4.856721e+03	-5.276567e+01
4.884773e+03	-5.274037e+01
4.912988e+03	-5.282451e+01
4.941365e+03	-5.297793e+01
4.969906e+03	-5.304351e+01
4.998612e+03	-5.308307e+01
5.027484e+03	-5.312784e+01
5.056522e+03	-5.322200e+01
5.085729e+03	-5.328414e+01
5.115104e+03	-5.334979e+01
5.144648e+03	-5.337982e+01
5.174363e+03	-5.347867e+01
5.204250e+03	-5.352500e+01
5.234310e+03	-5.367008e+01
5.264543e+03	-5.370698e+01
5.294951e+03	-5.388937e+01
5.325534e+03	-5.392906e+01
5.356294e+03	-5.403750e+01
5.387232e+03	-5.406912e+01
5.418348e+03	-5.413154e+01
5.449645e+03	-5.422639e+01
5.481122e+03	-5.425167e+01
5.512780e+03	-5.436929e+01
5.544622e+03	-5.447911e+01
5.576647e+03	-5.458796e+01
5.608858e+03	-5.450957e+01
5.641254e+03	-5.454332e+01
5.673838e+03	-5.472708e+01
5.706610e+03	-5.481452e+01
5.739571e+03	-5.484859e+01
5.772723e+03	-5.497712e+01
5.806066e+03	-5.511340e+01
5.839601e+03	-5.521466e+01
5.873331e+03	-5.520954e+01
5.907255e+03	-5.526047e+01
5.941375e+03	-5.540824e+01
5.975692e+03	-5.549091e+01
6.010207e+03	-5.557540e+01
6.044922e+03	-5.557022e+01
6.079837e+03	-5.571202e+01
6.114954e+03	-5.577419e+01
6.150274e+03	-5.591184e+01
6.185797e+03	-5.601115e+01
6.221526e+03	-5.607597e+01
6.257462e+03	-5.621082e+01
6.293605e+03	-5.619611e+01
6.329956e+03	-5.631659e+01
6.366518e+03	-5.649479e+01
6.403290e+03	-5.650435e+01
6.440276e+03	-5.664853e+01
6.477474e+03	-5.662653e+01
6.514888e+03	-5.686347e+01
6.552518e+03	-5.680513e+01
6.590365e+03	-5.693148e+01
6.628430e+03	-5.702892e+01
6.666716e+03	-5.725634e+01
6.705223e+03	-5.731967e+01
6.743952e+03	-5.730067e+01
6.782905e+03	-5.742658e+01
6.822082e+03	-5.754597e+01
6.861486e+03	-5.774967e+01
6.901118e+03	-5.770465e+01
6.940979e+03	-5.767098e+01
6.981069e+03	-5.809592e+01
7.021392e+03	-5.809341e+01
7.061947e+03	-5.817739e+01
7.102737e+03	-5.824220e+01
7.143762e+03	-5.816779e+01
7.185024e+03	-5.852954e+01
7.226524e+03	-5.856206e+01
7.268264e+03	-5.862886e+01
7.310246e+03	-5.859549e+01
7.352469e+03	-5.891698e+01
7.394937e+03	-5.895784e+01
7.437650e+03	-5.908974e+01
7.480609e+03	-5.914258e+01
7.523817e+03	-5.919757e+01
7.567274e+03	-5.948459e+01
7.610982e+03	-5.958293e+01
7.654943e+03	-5.944966e+01
7.699158e+03	-5.965555e+01
7.743628e+03	-5.993422e+01
7.788355e+03	-6.005869e+01
7.833340e+03	-6.019365e+01
7.878585e+03	-5.998790e+01
7.924091e+03	-6.039978e+01
7.969861e+03	-6.035272e+01
8.015894e+03	-6.045957e+01
8.062194e+03	-6.074093e+01
8.108761e+03	-6.081778e+01
8.155596e+03	-6.090177e+01
8.202703e+03	-6.092492e+01
8.250081e+03	-6.114031e+01
8.297733e+03	-6.121852e+01
8.345661e+03	-6.131967e+01
8.393865e+03	-6.152180e+01
8.442348e+03	-6.147068e+01
8.491110e+03	-6.169633e+01
8.540155e+03	-6.172569e+01
8.589482e+03	-6.186523e+01
8.639095e+03	-6.182686e+01
8.688994e+03	-6.222047e+01
8.739181e+03	-6.224562e+01
8.789658e+03	-6.232025e+01
8.840427e+03	-6.240293e+01
8.891489e+03	-6.243989e+01
8.942846e+03	-6.227743e+01
8.994499e+03	-6.252858e+01
9.046451e+03	-6.288754e+01
9.098703e+03	-6.277829e+01
9.151257e+03	-6.278965e+01
9.204114e+03	-6.263987e+01
9.257277e+03	-6.257254e+01
9.310746e+03	-6.265634e+01
9.364525e+03	-6.264568e+01
9.418614e+03	-6.256860e+01
9.473015e+03	-6.234470e+01
9.527731e+03	-6.207431e+01
9.582763e+03	-6.161956e+01
9.638113e+03	-6.121833e+01
9.693782e+03	-6.094970e+01
9.749773e+03	-6.048844e+01
9.806087e+03	-6.014942e+01
9.862727e+03	-6.023420e+01
9.919693e+03	-6.118297e+01
9.976989e+03	-6.309400e+01
1.003462e+04	-6.562729e+01
1.009258e+04	-6.858110e+01
1.015087e+04	-7.111742e+01
1.020950e+04	-7.447116e+01
1.026847e+04	-7.826742e+01
1.032778e+04	-8.413378e+01
1.038743e+04	-8.759067e+01
1.044743e+04	-9.240278e+01
1.050777e+04	-9.914845e+01
1.056847e+04	-9.207675e+01
1.062951e+04	-1.068080e+02
1.069091e+04	-1.026347e+02
1.075266e+04	-1.021407e+02
1.081476e+04	-9.246372e+01
1.087723e+04	-9.547811e+01
1.094006e+04	-8.937427e+01
1.100324e+04	-8.803753e+01
1.106680e+04	-9.191035e+01
1.113072e+04	-8.553239e+01
1.119501e+04	-8.500293e+01
1.125967e+04	-8.281426e+01
1.132471e+04	-8.339119e+01
1.139012e+04	-8.265990e+01
1.145591e+04	-8.330507e+01
1.152208e+04	-8.074007e+01
1.158863e+04	-7.859933e+01
1.165556e+04	-7.806206e+01
1.172289e+04	-7.744034e+01
1.179060e+04	-7.695519e+01
1.185870e+04	-7.649210e+01
1.192719e+04	-7.547474e+01
1.199608e+04	-7.554924e+01
1.206537e+04	-7.464374e+01
1.213506e+04	-7.355064e+01
1.220515e+04	-7.417422e+01
1.227565e+04	-7.389066e+01
1.234655e+04	-7.255030e+01
1.241787e+04	-7.237209e+01
1.248959e+04	-7.156055e+01
1.256173e+04	-7.192309e+01
1.263429e+04	-7.153938e+01
1.270726e+04	-7.067813e+01
1.278066e+04	-7.038768e+01
1.285448e+04	-7.010126e+01
1.292873e+04	-6.989727e+01
1.300340e+04	-6.912664e+01
1.307851e+04	-6.931065e+01
1.315405e+04	-6.848874e+01
1.323003e+04	-6.845272e+01
1.330644e+04	-6.802776e+01
1.338330e+04	-6.793424e+01
1.346060e+04	-6.812993e+01
1.353835e+04	-6.733948e+01
1.361655e+04	-6.744167e+01
1.369520e+04	-6.685981e+01
1.377430e+04	-6.649997e+01
1.385386e+04	-6.641560e+01
1.393388e+04	-6.621334e+01
1.401436e+04	-6.624026e+01
1.409531e+04	-6.582007e+01
1.417672e+04	-6.557549e+01
1.425861e+04	-6.554809e+01
1.434096e+04	-6.520997e+01
1.442379e+04	-6.494645e+01
1.450711e+04	-6.461807e+01
1.459090e+04	-6.454890e+01
1.467518e+04	-6.425716e+01
1.475994e+04	-6.430152e+01
1.484519e+04	-6.394572e+01
1.493094e+04	-6.401467e+01
1.501718e+04	-6.367522e+01
1.510392e+04	-6.341450e+01
1.519116e+04	-6.306601e+01
1.527890e+04	-6.319338e+01
1.536715e+04	-6.275622e+01
1.545591e+04	-6.260803e+01
1.554518e+04	-6.265273e+01
1.563497e+04	-6.243569e+01
1.572528e+04	-6.224824e+01
1.581611e+04	-6.218903e+01
1.590746e+04	-6.208322e+01
1.599934e+04	-6.185351e+01
1.609175e+04	-6.167825e+01
1.618470e+04	-6.180212e+01
1.627818e+04	-6.120535e+01
1.637220e+04	-6.124947e+01
1.646677e+04	-6.105721e+01
1.656188e+04	-6.111059e+01
1.665754e+04	-6.085320e+01
1.675375e+04	-6.062386e+01
1.685052e+04	-6.065614e+01
1.694785e+04	-6.058695e+01
1.704574e+04	-6.047089e+01
1.714419e+04	-6.027915e+01
1.724322e+04	-5.989678e+01
1.734281e+04	-5.996772e+01
1.744299e+04	-5.984156e+01
1.754374e+04	-5.955150e+01
1.764507e+04	-5.955632e+01
1.774698e+04	-5.950016e+01
1.784949e+04	-5.936437e+01
1.795259e+04	-5.929839e+01
1.805628e+04	-5.917182e+01
1.816057e+04	-5.908196e+01
1.826547e+04	-5.893280e+01
1.837097e+04	-5.866860e+01
1.847708e+04	-5.861999e+01
1.858380e+04	-5.859776e+01
1.869114e+04	-5.845975e+01
1.879910e+04	-5.838015e+01
1.890768e+04	-5.812742e+01
1.901689e+04	-5.813731e+01
1.912673e+04	-5.798912e+01
1.923721e+04	-5.788594e+01
1.934832e+04	-5.780769e+01
1.946008e+04	-5.769155e+01
1.957248e+04	-5.754404e+01
1.968553e+04	-5.754634e+01
1.979923e+04	-5.751665e+01
1.991359e+04	-5.726787e+01
2.002861e+04	-5.726398e+01
2.014430e+04	-5.704213e+01
2.026065e+04	-5.692357e+01
2.037767e+04	-5.698054e+01
2.049537e+04	-5.670108e+01
2.061375e+04	-5.676520e+01
2.073282e+04	-5.662335e+01
2.085257e+04	-5.657943e+01
2.097301e+04	-5.650542e+01
2.109415e+04	-5.639851e+01
2.121599e+04	-5.629199e+01
2.133853e+04	-5.613829e+01
2.146178e+04	-5.616980e+01
2.158575e+04	-5.594207e+01
2.171043e+04	-5.592054e+01
2.183582e+04	-5.591480e+01
2.196195e+04	-5.582499e+01
2.208880e+04	-5.572993e+01
2.221638e+04	-5.564360e+01
2.234470e+04	-5.552631e+01
2.247377e+04	-5.533108e+01
2.260357e+04	-5.531108e+01
2.273413e+04	-5.526029e+01
2.286544e+04	-5.515383e+01
2.299751e+04	-5.504942e+01
2.313034e+04	-5.498260e+01
2.326394e+04	-5.486507e+01
2.339832e+04	-5.480301e+01
2.353346e+04	-5.476562e+01
2.366939e+04	-5.465043e+01
2.380610e+04	-5.460996e+01
2.394361e+04	-5.452194e+01
2.408191e+04	-5.448646e+01
2.422100e+04	-5.436400e+01
2.436090e+04	-5.422945e+01
2.450161e+04	-5.416164e+01
2.464313e+04	-5.411097e+01
2.478547e+04	-5.404163e+01
2.492863e+04	-5.391291e+01
2.507261e+04	-5.392425e+01
2.521743e+04	-5.385873e+01
2.536309e+04	-5.371679e+01
2.550958e+04	-5.368907e+01
2.565692e+04	-5.361372e+01
2.580512e+04	-5.355402e+01
2.595417e+04	-5.342125e+01
2.610408e+04	-5.344697e+01
2.625485e+04	-5.334413e+01
2.640650e+04	-5.318976e+01
2.655902e+04	-5.312202e+01
2.671243e+04	-5.315552e+01
2.686672e+04	-5.302370e+01
2.702190e+04	-5.294968e+01
2.717798e+04	-5.285696e+01
2.733495e+04	-5.282024e+01
2.749284e+04	-5.272076e+01
2.765164e+04	-5.267554e+01
2.781135e+04	-5.254253e+01
2.797199e+04	-5.251563e+01
2.813355e+04	-5.250492e+01
2.829605e+04	-5.237308e+01
2.845949e+04	-5.224241e+01
2.862387e+04	-5.223245e+01
2.878920e+04	-5.216981e+01
2.895549e+04	-5.208552e+01
2.912273e+04	-5.203574e+01
2.929094e+04	-5.197668e+01
2.946013e+04	-5.190338e+01
2.963029e+04	-5.184338e+01
2.980143e+04	-5.178762e+01
2.997356e+04	-5.170801e+01
3.014669e+04	-5.161705e+01
3.032081e+04	-5.158103e+01
3.049595e+04	-5.144473e+01
3.067209e+04	-5.145791e+01
3.084925e+04	-5.134977e+01
3.102743e+04	-5.126735e+01
3.120665e+04	-5.126425e+01
3.138690e+04	-5.118906e+01
3.156819e+04	-5.115781e+01
3.175052e+04	-5.100697e+01
3.193391e+04	-5.097771e+01
3.211836e+04	-5.095384e+01
3.230388e+04	-5.082683e+01
3.249046e+04	-5.079149e+01
3.267812e+04	-5.070651e+01
3.286687e+04	-5.064619e+01
3.305671e+04	-5.057751e+01
3.324764e+04	-5.051222e+01
3.343968e+04	-5.048481e+01
3.363283e+04	-5.037655e+01
3.382709e+04	-5.038441e+01
3.402247e+04	-5.026902e+01
3.421899e+04	-5.025487e+01
3.441663e+04	-5.018803e+01
3.461542e+04	-5.009559e+01
3.481536e+04	-5.002722e+01
3.501645e+04	-4.991265e+01
3.521871e+04	-4.989113e+01
3.542213e+04	-4.987594e+01
3.562672e+04	-4.973459e+01
3.583250e+04	-4.974183e+01
3.603947e+04	-4.967689e+01
3.624763e+04	-4.961848e+01
3.645700e+04	-4.952915e+01
3.666757e+04	-4.944429e+01
3.687936e+04	-4.938662e+01
3.709238e+04	-4.934918e+01
3.730662e+04	-4.926428e+01
3.752210e+04	-4.923634e+01
3.773883e+04	-4.918611e+01
3.795680e+04	-4.911572e+01
3.817604e+04	-4.909225e+01
3.839654e+04	-4.895596e+01
3.861832e+04	-4.893753e+01
3.884138e+04	-4.884284e+01
3.906573e+04	-4.884651e+01
3.929137e+04	-4.872247e+01
3.951831e+04	-4.868253e+01
3.974657e+04	-4.865666e+01
3.997614e+04	-4.863457e+01
4.020704e+04	-4.854140e+01
4.043928e+04	-4.844343e+01
4.067285e+04	-4.841412e+01
4.090778e+04	-4.829970e+01
4.114406e+04	-4.828596e+01
4.138171e+04	-4.821210e+01
4.162073e+04	-4.816741e+01
4.186113e+04	-4.812316e+01
4.210291e+04	-4.805147e+01
4.234610e+04	-4.797285e+01
4.259069e+04	-4.795458e+01
4.283669e+04	-4.790475e+01
4.308411e+04	-4.783829e+01
4.333297e+04	-4.779302e+01
4.358325e+04	-4.773824e+01
4.383499e+04	-4.762820e+01
4.408818e+04	-4.763571e+01
4.434283e+04	-4.752057e+01
4.459895e+04	-4.747476e+01
4.485655e+04	-4.744895e+01
4.511564e+04	-4.736684e+01
4.537623e+04	-4.731047e+01
4.563832e+04	-4.727263e+01
4.590193e+04	-4.719408e+01
4.616705e+04	-4.719230e+01
4.643371e+04	-4.709319e+01
4.670191e+04	-4.702661e+01
4.697166e+04	-4.695874e+01
4.724297e+04	-4.694024e+01
4.751584e+04	-4.686133e+01
4.779029e+04	-4.683359e+01
4.806633e+04	-4.673967e+01
4.834395e+04	-4.670212e+01
4.862319e+04	-4.663892e+01
4.890403e+04	-4.660224e+01
4.918650e+04	-4.652165e+01
4.947060e+04	-4.643781e+01
4.975634e+04	-4.638379e+01
5.004373e+04	-4.637674e+01
5.033278e+04	-4.634812e+01
5.062350e+04	-4.623514e+01
5.091590e+04	-4.619904e+01
5.120999e+04	-4.617058e+01
5.150578e+04	-4.609339e+01
5.180327e+04	-4.603934e+01
5.210248e+04	-4.598067e+01
5.240343e+04	-4.591209e+01
5.270611e+04	-4.585980e+01
5.301053e+04	-4.578986e+01
5.331672e+04	-4.575414e+01
5.362468e+04	-4.569996e+01
5.393441e+04	-4.566326e+01
5.424593e+04	-4.560633e+01
5.455926e+04	-4.552750e+01
5.487439e+04	-4.548291e+01
5.519134e+04	-4.541579e+01
5.551012e+04	-4.538927e+01
5.583075e+04	-4.533410e+01
5.615322e+04	-4.525898e+01
5.647756e+04	-4.522181e+01
5.680377e+04	-4.514610e+01
5.713187e+04	-4.510243e+01
5.746186e+04	-4.503562e+01
5.779376e+04	-4.499270e+01
5.812757e+04	-4.493307e+01
5.846332e+04	-4.487707e+01
5.880100e+04	-4.483740e+01
5.914063e+04	-4.479367e+01
5.948222e+04	-4.475371e+01
5.982579e+04	-4.467022e+01
6.017134e+04	-4.460407e+01
6.051889e+04	-4.458491e+01
6.086844e+04	-4.449736e+01
6.122002e+04	-4.446159e+01
6.157362e+04	-4.439293e+01
6.192927e+04	-4.435470e+01
6.228697e+04	-4.427740e+01
6.264674e+04	-4.424132e+01
6.300858e+04	-4.421861e+01
6.337252e+04	-4.411353e+01
6.373855e+04	-4.411506e+01
6.410670e+04	-4.404084e+01
6.447698e+04	-4.397380e+01
6.484940e+04	-4.391869e+01
6.522397e+04	-4.386173e+01
6.560070e+04	-4.382534e+01
6.597960e+04	-4.376412e+01
6.636070e+04	-4.371692e+01
6.674400e+04	-4.366689e+01
6.712951e+04	-4.360549e+01
6.751724e+04	-4.354062e+01
6.790722e+04	-4.349742e+01
6.829945e+04	-4.345791e+01
6.869395e+04	-4.338677e+01
6.909072e+04	-4.333855e+01
6.948978e+04	-4.328832e+01
6.989115e+04	-4.323693e+01
7.029484e+04	-4.316219e+01
7.070086e+04	-4.313920e+01
7.110923e+04	-4.307921e+01
7.151995e+04	-4.301026e+01
7.193305e+04	-4.296758e+01
7.234853e+04	-4.291209e+01
7.276641e+04	-4.286194e+01
7.318671e+04	-4.281247e+01
7.360943e+04	-4.277556e+01
7.403460e+04	-4.272104e+01
7.446222e+04	-4.263962e+01
7.489231e+04	-4.261600e+01
7.532488e+04	-4.254003e+01
7.575996e+04	-4.249720e+01
7.619754e+04	-4.244301e+01
7.663766e+04	-4.239691e+01
7.708031e+04	-4.233593e+01
7.752553e+04	-4.228263e+01
7.797331e+04	-4.225759e+01
7.842368e+04	-4.218311e+01
7.887665e+04	-4.213492e+01
7.933224e+04	-4.209607e+01
7.979046e+04	-4.203244e+01
8.025133e+04	-4.199309e+01
8.071486e+04	-4.193017e+01
8.118106e+04	-4.186493e+01
8.164996e+04	-4.180898e+01
8.212157e+04	-4.178087e+01
8.259590e+04	-4.171297e+01
8.307297e+04	-4.166504e+01
8.355279e+04	-4.159709e+01
8.403539e+04	-4.156848e+01
8.452078e+04	-4.148334e+01
8.500897e+04	-4.145431e+01
8.549997e+04	-4.141396e+01
8.599382e+04	-4.136133e+01
8.649052e+04	-4.130488e+01
8.699008e+04	-4.125776e+01
8.749253e+04	-4.122021e+01
8.799789e+04	-4.115471e+01
8.850616e+04	-4.109064e+01
8.901737e+04	-4.104444e+01
8.953153e+04	-4.100423e+01
9.004866e+04	-4.094058e+01
9.056877e+04	-4.089215e+01
9.109190e+04	-4.083207e+01
9.161804e+04	-4.077601e+01
9.214722e+04	-4.073218e+01
9.267946e+04	-4.069444e+01
9.321477e+04	-4.063271e+01
9.375318e+04	-4.057307e+01
9.429469e+04	-4.052033e+01
9.483933e+04	-4.047816e+01
9.538712e+04	-4.041948e+01
9.593807e+04	-4.036909e+01
9.649221e+04	-4.032276e+01
9.704954e+04	-4.027807e+01
9.761010e+04	-4.021698e+01
9.817389e+04	-4.016085e+01
9.874094e+04	-4.013405e+01
9.931126e+04	-4.006614e+01
9.988488e+04	-3.999626e+01
1.004618e+05	-3.997241e+01
1.010421e+05	-3.991003e+01
1.016257e+05	-3.986489e+01
1.022127e+05	-3.979749e+01
1.028031e+05	-3.975662e+01
1.033968e+05	-3.972571e+01
1.039941e+05	-3.966062e+01
1.045947e+05	-3.961277e+01
1.051989e+05	-3.956270e+01
1.058065e+05	-3.949980e+01
1.064176e+05	-3.945550e+01
1.070323e+05	-3.939946e+01
1.076505e+05	-3.934963e+01
1.082723e+05	-3.929149e+01
1.088977e+05	-3.925070e+01
1.095266e+05	-3.919592e+01
1.101593e+05	-3.914206e+01
1.107955e+05	-3.909810e+01
1.114355e+05	-3.903284e+01
1.120791e+05	-3.900267e+01
1.127265e+05	-3.893904e+01
1.133776e+05	-3.891508e+01
1.140325e+05	-3.883510e+01
1.146911e+05	-3.878729e+01
1.153536e+05	-3.874472e+01
1.160198e+05	-3.868333e+01
1.166900e+05	-3.862862e+01
1.173640e+05	-3.858222e+01
1.180419e+05	-3.853775e+01
1.187237e+05	-3.848576e+01
1.194094e+05	-3.842380e+01
1.200991e+05	-3.836191e+01
1.207928e+05	-3.833430e+01
1.214905e+05	-3.827495e+01
1.221922e+05	-3.823213e+01
1.228980e+05	-3.817582e+01
1.236078e+05	-3.812560e+01
1.243218e+05	-3.806713e+01
1.250399e+05	-3.802480e+01
1.257621e+05	-3.797534e+01
1.264885e+05	-3.792871e+01
1.272191e+05	-3.788397e+01
1.279539e+05	-3.780935e+01
1.286930e+05	-3.776948e+01
1.294363e+05	-3.770984e+01
1.301839e+05	-3.766165e+01
1.309358e+05	-3.762188e+01
1.316921e+05	-3.756683e+01
1.324528e+05	-3.751620e+01
1.332178e+05	-3.747080e+01
1.339873e+05	-3.741057e+01
1.347612e+05	-3.736325e+01
1.355395e+05	-3.731587e+01
1.363224e+05	-3.726702e+01
1.371098e+05	-3.722088e+01
1.379018e+05	-3.715977e+01
1.386983e+05	-3.711112e+01
1.394994e+05	-3.704980e+01
1.403051e+05	-3.700297e+01
1.411155e+05	-3.696379e+01
1.419306e+05	-3.691022e+01
1.427504e+05	-3.686090e+01
1.435749e+05	-3.681465e+01
1.444042e+05	-3.674771e+01
1.452383e+05	-3.671152e+01
1.460772e+05	-3.666121e+01
1.469209e+05	-3.661019e+01
1.477695e+05	-3.655818e+01
1.486230e+05	-3.650301e+01
1.494814e+05	-3.644761e+01
1.503448e+05	-3.640430e+01
1.512132e+05	-3.635990e+01
1.520866e+05	-3.630739e+01
1.529651e+05	-3.624536e+01
1.538486e+05	-3.619277e+01
1.547372e+05	-3.615449e+01
1.556310e+05	-3.610461e+01
1.565299e+05	-3.604386e+01
1.574340e+05	-3.600754e+01
1.583433e+05	-3.594383e+01
1.592579e+05	-3.589451e+01
1.601778e+05	-3.584676e+01
1.611030e+05	-3.580858e+01
1.620335e+05	-3.575087e+01
1.629694e+05	-3.570101e+01
1.639107e+05	-3.564710e+01
1.648574e+05	-3.559522e+01
1.658097e+05	-3.553982e+01
1.667674e+05	-3.548918e+01
1.677306e+05	-3.543596e+01
1.686994e+05	-3.540231e+01
1.696738e+05	-3.534370e+01
1.706538e+05	-3.529506e+01
1.716395e+05	-3.523829e+01
1.726309e+05	-3.518855e+01
1.736280e+05	-3.514095e+01
1.746309e+05	-3.509111e+01
1.756395e+05	-3.503298e+01
1.766540e+05	-3.500286e+01
1.776744e+05	-3.493228e+01
1.787006e+05	-3.488882e+01
1.797328e+05	-3.484818e+01
1.807709e+05	-3.479313e+01
1.818150e+05	-3.474193e+01
1.828652e+05	-3.468633e+01
1.839214e+05	-3.463915e+01
1.849837e+05	-3.459099e+01
1.860522e+05	-3.454183e+01
1.871268e+05	-3.449123e+01
1.882077e+05	-3.443839e+01
1.892948e+05	-3.439243e+01
1.903881e+05	-3.433744e+01
1.914878e+05	-3.428582e+01
1.925938e+05	-3.423749e+01
1.937062e+05	-3.418995e+01
1.948251e+05	-3.413124e+01
1.959504e+05	-3.408513e+01
1.970822e+05	-3.404432e+01
1.982205e+05	-3.398321e+01
1.993654e+05	-3.393031e+01
2.005169e+05	-3.389209e+01
2.016751e+05	-3.383234e+01
2.028400e+05	-3.377900e+01
2.040116e+05	-3.373543e+01
2.051899e+05	-3.368688e+01
2.063751e+05	-3.363971e+01
2.075671e+05	-3.359145e+01
2.087660e+05	-3.353462e+01
2.099719e+05	-3.348453e+01
2.111846e+05	-3.343583e+01
2.124044e+05	-3.338172e+01
2.136313e+05	-3.332486e+01
2.148652e+05	-3.328189e+01
2.161063e+05	-3.323724e+01
2.173545e+05	-3.317905e+01
2.186099e+05	-3.313609e+01
2.198726e+05	-3.307663e+01
2.211426e+05	-3.302509e+01
2.224199e+05	-3.297459e+01
2.237046e+05	-3.293034e+01
2.249967e+05	-3.288253e+01
2.262962e+05	-3.283003e+01
2.276033e+05	-3.278219e+01
2.289179e+05	-3.273833e+01
2.302402e+05	-3.267809e+01
2.315700e+05	-3.262983e+01
2.329076e+05	-3.257627e+01
2.342528e+05	-3.253065e+01
2.356059e+05	-3.248376e+01
2.369667e+05	-3.242628e+01
2.383354e+05	-3.237663e+01
2.397120e+05	-3.233461e+01
2.410966e+05	-3.227905e+01
2.424892e+05	-3.222737e+01
2.438898e+05	-3.217750e+01
2.452985e+05	-3.212792e+01
2.467153e+05	-3.207648e+01
2.481403e+05	-3.203093e+01
2.495736e+05	-3.197452e+01
2.510151e+05	-3.192769e+01
2.524650e+05	-3.187860e+01
2.539232e+05	-3.183445e+01
2.553898e+05	-3.177856e+01
2.568650e+05	-3.173182e+01
2.583486e+05	-3.167302e+01
2.598408e+05	-3.163248e+01
2.613416e+05	-3.158322e+01
2.628511e+05	-3.152985e+01
2.643694e+05	-3.147984e+01
2.658963e+05	-3.142929e+01
2.674321e+05	-3.137909e+01
2.689768e+05	-3.132429e+01
2.705304e+05	-3.127282e+01
2.720930e+05	-3.123151e+01
2.736646e+05	-3.117552e+01
2.752453e+05	-3.112768e+01
2.768351e+05	-3.107493e+01
2.784341e+05	-3.103197e+01
2.800423e+05	-3.098077e+01
2.816598e+05	-3.092474e+01
2.832867e+05	-3.088175e+01
2.849229e+05	-3.082909e+01
2.865686e+05	-3.077941e+01
2.882238e+05	-3.072887e+01
2.898886e+05	-3.068405e+01
2.915630e+05	-3.063301e+01
2.932470e+05	-3.057570e+01
2.949408e+05	-3.053164e+01
2.966444e+05	-3.047762e+01
2.983578e+05	-3.042672e+01
3.000811e+05	-3.037662e+01
3.018143e+05	-3.033576e+01
3.035576e+05	-3.028801e+01
3.053109e+05	-3.023260e+01
3.070744e+05	-3.018072e+01
3.088481e+05	-3.012598e+01
3.106320e+05	-3.008372e+01
3.124261e+05	-3.003232e+01
3.142307e+05	-2.997885e+01
3.160457e+05	-2.992921e+01
3.178712e+05	-2.988205e+01
3.197072e+05	-2.983079e+01
3.215538e+05	-2.978193e+01
3.234111e+05	-2.972991e+01
3.252791e+05	-2.968101e+01
3.271579e+05	-2.962936e+01
3.290475e+05	-2.958081e+01
3.309481e+05	-2.953041e+01
3.328596e+05	-2.948001e+01
3.347822e+05	-2.943260e+01
3.367159e+05	-2.938042e+01
3.386608e+05	-2.933110e+01
3.406169e+05	-2.928142e+01
3.425842e+05	-2.923216e+01
3.445630e+05	-2.917978e+01
3.465532e+05	-2.913378e+01
3.485549e+05	-2.908106e+01
3.505681e+05	-2.903213e+01
3.525930e+05	-2.898695e+01
3.546295e+05	-2.893221e+01
3.566778e+05	-2.888583e+01
3.587380e+05	-2.882848e+01
3.608101e+05	-2.878512e+01
3.628941e+05	-2.873468e+01
3.649901e+05	-2.868086e+01
3.670983e+05	-2.863715e+01
3.692187e+05	-2.858548e+01
3.713513e+05	-2.853142e+01
3.734962e+05	-2.848448e+01
3.756535e+05	-2.843112e+01
3.778232e+05	-2.838379e+01
3.800055e+05	-2.833967e+01
3.822004e+05	-2.828453e+01
3.844080e+05	-2.823390e+01
3.866283e+05	-2.818854e+01
3.888615e+05	-2.813215e+01
3.911075e+05	-2.808882e+01
3.933665e+05	-2.803363e+01
3.956386e+05	-2.798515e+01
3.979238e+05	-2.793898e+01
4.002222e+05	-2.788838e+01
4.025338e+05	-2.783900e+01
4.048589e+05	-2.778585e+01
4.071973e+05	-2.774144e+01
4.095493e+05	-2.769325e+01
4.119148e+05	-2.764044e+01
4.142940e+05	-2.758689e+01
4.166870e+05	-2.754073e+01
4.190937e+05	-2.748905e+01
4.215144e+05	-2.743844e+01
4.239490e+05	-2.739040e+01
4.263978e+05	-2.733936e+01
4.288606e+05	-2.728965e+01
4.313377e+05	-2.723769e+01
4.338291e+05	-2.718811e+01
4.363349e+05	-2.714390e+01
4.388551e+05	-2.709223e+01
4.413899e+05	-2.704193e+01
4.439394e+05	-2.698908e+01
4.465035e+05	-2.694407e+01
4.490825e+05	-2.689582e+01
4.516764e+05	-2.684070e+01
4.542853e+05	-2.679243e+01
4.569092e+05	-2.674343e+01
4.595483e+05	-2.669413e+01
4.622026e+05	-2.664311e+01
4.648723e+05	-2.660030e+01
4.675574e+05	-2.654396e+01
4.702580e+05	-2.649494e+01
4.729742e+05	-2.644856e+01
4.757060e+05	-2.639797e+01
4.784537e+05	-2.634577e+01
4.812172e+05	-2.629783e+01
4.839967e+05	-2.624600e+01
4.867923e+05	-2.619881e+01
4.896040e+05	-2.614815e+01
4.924319e+05	-2.610013e+01
4.952762e+05	-2.605040e+01
4.981369e+05	-2.600171e+01
5.010141e+05	-2.595307e+01
5.039079e+05	-2.589849e+01
5.068185e+05	-2.585268e+01
5.097458e+05	-2.580147e+01
5.126901e+05	-2.575381e+01
5.156514e+05	-2.570184e+01
5.186298e+05	-2.565720e+01
5.216253e+05	-2.560511e+01
5.246382e+05	-2.555456e+01
5.276685e+05	-2.550603e+01
5.307163e+05	-2.545426e+01
5.337817e+05	-2.540621e+01
5.368648e+05	-2.535839e+01
5.399657e+05	-2.530845e+01
5.430845e+05	-2.525870e+01
5.462214e+05	-2.520885e+01
5.493763e+05	-2.516039e+01
5.525495e+05	-2.510865e+01
5.557410e+05	-2.505678e+01
5.589509e+05	-2.501048e+01
5.621794e+05	-2.495982e+01
5.654265e+05	-2.491264e+01
5.686924e+05	-2.486151e+01
5.719772e+05	-2.481337e+01
5.752809e+05	-2.476220e+01
5.786037e+05	-2.471357e+01
5.819457e+05	-2.466396e+01
5.853070e+05	-2.461640e+01
5.886877e+05	-2.456537e+01
5.920879e+05	-2.451800e+01
5.955078e+05	-2.446865e+01
5.989474e+05	-2.442076e+01
6.024069e+05	-2.436930e+01
6.058864e+05	-2.432162e+01
6.093860e+05	-2.426899e+01
6.129058e+05	-2.422029e+01
6.164459e+05	-2.417304e+01
6.200064e+05	-2.412111e+01
6.235876e+05	-2.407009e+01
6.271894e+05	-2.402293e+01
6.308120e+05	-2.397423e+01
6.344555e+05	-2.392433e+01
6.381201e+05	-2.387654e+01
6.418059e+05	-2.382720e+01
6.455129e+05	-2.377747e+01
6.492414e+05	-2.372797e+01
6.529914e+05	-2.368049e+01
6.567630e+05	-2.363196e+01
6.605565e+05	-2.358287e+01
6.643718e+05	-2.353290e+01
6.682092e+05	-2.348026e+01
6.720688e+05	-2.343251e+01
6.759506e+05	-2.338118e+01
6.798549e+05	-2.333718e+01
6.837817e+05	-2.328571e+01
6.877312e+05	-2.323377e+01
6.917035e+05	-2.319025e+01
6.956987e+05	-2.313884e+01
6.997171e+05	-2.309117e+01
7.037586e+05	-2.303898e+01
7.078235e+05	-2.298806e+01
7.119118e+05	-2.294095e+01
7.160238e+05	-2.289299e+01
7.201595e+05	-2.284458e+01
7.243191e+05	-2.279457e+01
7.285028e+05	-2.274526e+01
7.327106e+05	-2.269765e+01
7.369427e+05	-2.264524e+01
7.411992e+05	-2.259930e+01
7.454804e+05	-2.255129e+01
7.497862e+05	-2.250039e+01
7.541170e+05	-2.245266e+01
7.584727e+05	-2.240415e+01
7.628536e+05	-2.235265e+01
7.672598e+05	-2.230444e+01
7.716915e+05	-2.225472e+01
7.761488e+05	-2.220638e+01
7.806318e+05	-2.215997e+01
7.851407e+05	-2.210936e+01
7.896756e+05	-2.206166e+01
7.942367e+05	-2.201414e+01
7.988242e+05	-2.196205e+01
8.034382e+05	-2.191227e+01
8.080788e+05	-2.186470e+01
8.127463e+05	-2.181667e+01
8.174406e+05	-2.176823e+01
8.221621e+05	-2.171821e+01
8.269109e+05	-2.167062e+01
8.316871e+05	-2.162030e+01
8.364909e+05	-2.157279e+01
8.413225e+05	-2.152504e+01
8.461819e+05	-2.147499e+01
8.510694e+05	-2.142469e+01
8.559852e+05	-2.137762e+01
8.609293e+05	-2.132934e+01
8.659020e+05	-2.128012e+01
8.709034e+05	-2.123218e+01
8.759337e+05	-2.118165e+01
8.809931e+05	-2.113362e+01
8.860816e+05	-2.108439e+01
8.911996e+05	-2.103622e+01
8.963471e+05	-2.098934e+01
9.015244e+05	-2.093911e+01
9.067316e+05	-2.089216e+01
9.119688e+05	-2.084311e+01
9.172363e+05	-2.079467e+01
9.225342e+05	-2.074526e+01
9.278628e+05	-2.069859e+01
9.332221e+05	-2.064941e+01
9.386123e+05	-2.060125e+01
9.440337e+05	-2.055067e+01
9.494864e+05	-2.050480e+01
9.549706e+05	-2.045492e+01
9.604865e+05	-2.040776e+01
9.660342e+05	-2.035890e+01
9.716140e+05	-2.030930e+01
9.772260e+05	-2.026181e+01
9.828704e+05	-2.021297e+01
9.885474e+05	-2.016408e+01
9.942572e+05	-2.011614e+01
1.000000e+06	-2.006793e+01
