Frequency(Hz)	Magnitude(dB)
1.000000e+01	1.742624e-04
1.005776e+01	8.548369e-06
1.011585e+01	7.991191e-06
1.017428e+01	-4.826948e-05
1.023305e+01	3.105194e-05
1.029215e+01	-1.115906e-04
1.035160e+01	5.457866e-05
1.041139e+01	-3.206530e-05
1.047153e+01	-1.601998e-05
1.053201e+01	1.312697e-04
1.059284e+01	9.409086e-05
1.065403e+01	-1.811970e-05
1.071556e+01	-1.687108e-04
1.077746e+01	-3.821149e-05
1.083971e+01	-1.277996e-04
1.090232e+01	-1.671415e-04
1.096529e+01	5.591317e-05
1.102862e+01	5.211613e-05
1.109232e+01	1.011652e-04
1.115639e+01	-2.236927e-05
1.122083e+01	4.054345e-05
1.128564e+01	-1.507812e-04
1.135083e+01	-6.518170e-05
1.141639e+01	8.926137e-05
1.148233e+01	-3.243744e-05
1.154865e+01	-2.356138e-04
1.161536e+01	1.192348e-04
1.168245e+01	-1.015901e-05
1.174992e+01	-1.632809e-05
1.181779e+01	2.237156e-05
1.188605e+01	-1.888245e-05
1.195470e+01	1.026020e-04
1.202375e+01	-4.493364e-05
1.209320e+01	2.251305e-05
1.216305e+01	6.010932e-05
1.223330e+01	-1.952148e-05
1.230396e+01	6.457292e-05
1.237503e+01	1.153917e-04
1.244651e+01	-3.311609e-05
1.251840e+01	-1.767378e-04
1.259070e+01	-1.845597e-05
1.266343e+01	-3.368984e-05
1.273657e+01	-2.556592e-05
1.281014e+01	-1.291822e-06
1.288413e+01	-1.028222e-04
1.295855e+01	3.244174e-08
1.303339e+01	-8.453297e-06
1.310867e+01	1.061439e-04
1.318439e+01	-1.816946e-04
1.326054e+01	-2.429015e-05
1.333713e+01	1.671339e-04
1.341417e+01	-1.447496e-04
1.349165e+01	-4.809484e-05
1.356958e+01	-2.016650e-05
1.364795e+01	-8.564728e-06
1.372678e+01	1.724634e-05
1.380607e+01	-3.065068e-06
1.388581e+01	-1.159223e-05
1.396602e+01	1.448377e-05
1.404668e+01	-6.009341e-05
1.412782e+01	-4.346247e-05
1.420942e+01	-1.074819e-04
1.429149e+01	-1.770883e-04
1.437404e+01	-5.381826e-05
1.445706e+01	6.658228e-05
1.454057e+01	1.685073e-04
1.462455e+01	-9.500117e-05
1.470902e+01	1.633262e-04
1.479398e+01	4.535667e-05
1.487943e+01	-2.483481e-05
1.496537e+01	7.207224e-05
1.505181e+01	9.059029e-05
1.513875e+01	2.588193e-05
1.522619e+01	-6.990847e-05
1.531414e+01	-1.618081e-05
1.540259e+01	1.477892e-04
1.549156e+01	-1.543835e-04
1.558103e+01	-1.277266e-04
1.567103e+01	1.032246e-04
1.576155e+01	1.169240e-04
1.585258e+01	1.731631e-05
1.594415e+01	-2.699078e-05
1.603624e+01	-9.897817e-05
1.612886e+01	4.502789e-05
1.622202e+01	-1.010484e-04
1.631572e+01	-1.070516e-04
1.640996e+01	-5.849521e-05
1.650474e+01	-1.693336e-04
1.660008e+01	-6.704831e-05
1.669596e+01	-1.952199e-04
1.679239e+01	-2.856378e-05
1.688938e+01	-2.326854e-04
1.698694e+01	-1.510614e-04
1.708505e+01	-1.444706e-06
1.718373e+01	-1.478241e-04
1.728299e+01	-6.873123e-05
1.738281e+01	-6.597103e-05
1.748322e+01	1.416035e-04
1.758420e+01	-7.769738e-05
1.768576e+01	3.852441e-06
1.778792e+01	1.058963e-04
1.789066e+01	-1.807977e-04
1.799399e+01	-1.871748e-04
1.809793e+01	-1.653911e-04
1.820246e+01	5.996965e-05
1.830760e+01	-4.718449e-05
1.841334e+01	-4.504228e-05
1.851969e+01	-6.800623e-05
1.862666e+01	-1.527421e-04
1.873425e+01	8.929217e-05
1.884246e+01	1.605179e-05
1.895129e+01	-4.300111e-05
1.906075e+01	3.029426e-05
1.917085e+01	-1.251169e-04
1.928158e+01	2.384167e-05
1.939295e+01	-2.279765e-05
1.950496e+01	-1.058870e-05
1.961762e+01	-9.638889e-05
1.973093e+01	-2.032137e-05
1.984490e+01	1.621519e-05
1.995952e+01	-9.612929e-06
2.007480e+01	1.110278e-04
2.019076e+01	6.949187e-06
2.030738e+01	-8.887930e-05
2.042467e+01	6.727323e-05
2.054264e+01	-3.292386e-05
2.066130e+01	-1.277165e-04
2.078064e+01	-1.372223e-04
2.090066e+01	-4.492153e-05
2.102139e+01	-9.130966e-05
2.114280e+01	-1.553647e-05
2.126492e+01	-1.235796e-04
2.138775e+01	-6.390751e-05
2.151128e+01	-2.696081e-05
2.163553e+01	2.543645e-05
2.176050e+01	-1.048528e-04
2.188619e+01	-3.876144e-05
2.201260e+01	-1.532960e-04
2.213974e+01	-3.085627e-04
2.226762e+01	-1.469540e-04
2.239624e+01	-2.690835e-04
2.252560e+01	-1.195385e-04
2.265571e+01	-7.961099e-05
2.278656e+01	-9.954225e-05
2.291818e+01	-2.068774e-04
2.305055e+01	-1.860602e-04
2.318369e+01	-7.295789e-05
2.331760e+01	-3.796337e-05
2.345228e+01	4.374926e-05
2.358774e+01	-2.775148e-04
2.372398e+01	-4.674077e-05
2.386101e+01	3.968386e-05
2.399883e+01	-7.868032e-05
2.413745e+01	-1.140208e-04
2.427686e+01	-1.367658e-04
2.441709e+01	-1.605362e-04
2.455812e+01	-2.176139e-05
2.469997e+01	-7.458217e-05
2.484263e+01	-1.872343e-04
2.498612e+01	-1.909529e-04
2.513044e+01	-1.862262e-04
2.527559e+01	-9.546041e-05
2.542158e+01	-7.602786e-05
2.556842e+01	-2.245145e-04
2.571610e+01	-2.748594e-05
2.586463e+01	-2.030588e-04
2.601403e+01	-5.288331e-06
2.616428e+01	1.865422e-05
2.631541e+01	1.402218e-05
2.646740e+01	-1.831842e-04
2.662028e+01	-1.256353e-04
2.677404e+01	-9.898587e-05
2.692868e+01	3.838089e-05
2.708422e+01	-1.910690e-04
2.724066e+01	-1.425545e-04
2.739800e+01	-9.701109e-05
2.755625e+01	-1.204667e-04
2.771541e+01	3.873542e-05
2.787550e+01	-2.802618e-04
2.803650e+01	-9.619467e-05
2.819844e+01	-5.001430e-05
2.836131e+01	-2.156898e-04
2.852513e+01	-1.304791e-04
2.868989e+01	-5.974476e-05
2.885560e+01	-1.279176e-04
2.902227e+01	-1.045328e-04
2.918990e+01	-1.431301e-04
2.935850e+01	-8.683923e-05
2.952807e+01	-1.806520e-04
2.969863e+01	-2.652101e-04
2.987016e+01	-2.077352e-04
3.004269e+01	-1.450048e-04
3.021622e+01	-1.235828e-04
3.039075e+01	-3.119467e-05
3.056628e+01	-3.003204e-04
3.074283e+01	-1.159801e-04
3.092040e+01	-1.646586e-04
3.109900e+01	-2.480402e-04
3.127862e+01	-1.109300e-04
3.145929e+01	-2.733795e-04
3.164099e+01	-1.091818e-04
3.182375e+01	-2.579162e-04
3.200756e+01	-2.462291e-04
3.219244e+01	-2.462696e-04
3.237838e+01	-5.006998e-05
3.256540e+01	-7.103870e-05
3.275349e+01	-1.492312e-04
3.294268e+01	-2.179839e-04
3.313295e+01	-1.224466e-04
3.332433e+01	-1.566524e-04
3.351681e+01	-1.589781e-05
3.371040e+01	-2.133291e-04
3.390511e+01	-1.917232e-04
3.410094e+01	-1.966719e-04
3.429791e+01	-1.743965e-04
3.449601e+01	-1.356351e-04
3.469526e+01	-4.031742e-04
3.489566e+01	-1.802096e-04
3.509721e+01	-2.715721e-04
3.529993e+01	-2.043737e-04
3.550382e+01	-2.907539e-04
3.570889e+01	-2.239053e-04
3.591515e+01	-2.315650e-04
3.612259e+01	-2.207945e-04
3.633123e+01	-2.478182e-04
3.654108e+01	-2.237531e-04
3.675214e+01	-2.429766e-04
3.696442e+01	-2.281884e-04
3.717792e+01	-2.784008e-04
3.739266e+01	-2.645855e-04
3.760864e+01	-2.338325e-04
3.782587e+01	-2.972377e-04
3.804435e+01	-3.518320e-04
3.826409e+01	-3.767690e-04
3.848510e+01	-1.872322e-04
3.870739e+01	-8.311082e-05
3.893096e+01	-3.171261e-04
3.915583e+01	-4.102921e-04
3.938199e+01	-3.142778e-04
3.960946e+01	-2.755924e-04
3.983824e+01	-3.615269e-04
4.006834e+01	-2.367368e-04
4.029978e+01	-2.820092e-04
4.053255e+01	-1.145196e-04
4.076666e+01	-3.157767e-04
4.100213e+01	-2.406760e-04
4.123896e+01	-2.687052e-04
4.147715e+01	-1.941491e-04
4.171672e+01	-1.678361e-04
4.195767e+01	-1.645752e-04
4.220002e+01	-3.435371e-04
4.244377e+01	-2.519813e-04
4.268892e+01	-3.715897e-04
4.293549e+01	-2.123342e-04
4.318348e+01	-2.994823e-04
4.343291e+01	-3.717964e-04
4.368377e+01	-3.806942e-04
4.393609e+01	-2.340321e-04
4.418986e+01	-2.951178e-04
4.444510e+01	-3.513304e-04
4.470182e+01	-2.357810e-04
4.496001e+01	-2.980460e-04
4.521970e+01	-2.559346e-04
4.548089e+01	-2.905660e-04
4.574358e+01	-2.373384e-04
4.600779e+01	-4.013755e-04
4.627353e+01	-5.229594e-04
4.654081e+01	-3.044564e-04
4.680963e+01	-3.317051e-04
4.708000e+01	-3.611933e-04
4.735193e+01	-3.444318e-04
4.762543e+01	-3.803472e-04
4.790051e+01	-3.378757e-04
4.817719e+01	-2.131045e-04
4.845545e+01	-4.514342e-04
4.873533e+01	-4.693676e-04
4.901682e+01	-4.652210e-04
4.929994e+01	-4.213927e-04
4.958470e+01	-4.105001e-04
4.987110e+01	-4.680430e-04
5.015915e+01	-3.522245e-04
5.044887e+01	-3.743648e-04
5.074026e+01	-4.662562e-04
5.103333e+01	-3.143460e-04
5.132810e+01	-4.247356e-04
5.162457e+01	-5.687504e-04
5.192275e+01	-5.215514e-04
5.222265e+01	-2.039582e-04
5.252429e+01	-4.970842e-04
5.282767e+01	-5.121526e-04
5.313280e+01	-4.386809e-04
5.343969e+01	-4.139793e-04
5.374836e+01	-4.861659e-04
5.405880e+01	-4.293395e-04
5.437105e+01	-4.300431e-04
5.468509e+01	-3.764120e-04
5.500095e+01	-4.098033e-04
5.531863e+01	-5.595656e-04
5.563815e+01	-3.977228e-04
5.595951e+01	-5.330922e-04
5.628273e+01	-4.550212e-04
5.660782e+01	-6.525846e-04
5.693479e+01	-6.330404e-04
5.726364e+01	-6.125453e-04
5.759439e+01	-3.510438e-04
5.792705e+01	-5.979845e-04
5.826164e+01	-6.200892e-04
5.859815e+01	-5.967069e-04
5.893662e+01	-5.247470e-04
5.927703e+01	-5.523681e-04
5.961941e+01	-5.123381e-04
5.996377e+01	-6.709401e-04
6.031012e+01	-6.538381e-04
6.065847e+01	-5.477751e-04
6.100883e+01	-6.748355e-04
6.136121e+01	-7.112477e-04
6.171563e+01	-6.983175e-04
6.207210e+01	-6.295959e-04
6.243063e+01	-8.162226e-04
6.279122e+01	-6.259740e-04
6.315390e+01	-6.800621e-04
6.351868e+01	-6.841521e-04
6.388556e+01	-5.853183e-04
6.425456e+01	-6.457572e-04
6.462569e+01	-5.351421e-04
6.499897e+01	-8.225303e-04
6.537440e+01	-7.399513e-04
6.575200e+01	-6.487053e-04
6.613178e+01	-5.848999e-04
6.651375e+01	-6.125729e-04
6.689793e+01	-8.682098e-04
6.728433e+01	-7.558663e-04
6.767297e+01	-6.816045e-04
6.806384e+01	-8.433009e-04
6.845698e+01	-7.262168e-04
6.885238e+01	-7.859505e-04
6.925007e+01	-8.242424e-04
6.965005e+01	-8.271329e-04
7.005235e+01	-9.103065e-04
7.045697e+01	-7.157879e-04
7.086393e+01	-8.085017e-04
7.127323e+01	-8.768608e-04
7.168490e+01	-9.465270e-04
7.209895e+01	-7.348197e-04
7.251539e+01	-9.356087e-04
7.293424e+01	-6.726132e-04
7.335551e+01	-7.360752e-04
7.377920e+01	-9.003185e-04
7.420535e+01	-8.913919e-04
7.463396e+01	-8.170019e-04
7.506504e+01	-8.366703e-04
7.549861e+01	-7.391014e-04
7.593469e+01	-9.305105e-04
7.637328e+01	-7.907773e-04
7.681441e+01	-8.257604e-04
7.725809e+01	-1.178055e-03
7.770433e+01	-1.152701e-03
7.815315e+01	-9.621665e-04
7.860456e+01	-1.043395e-03
7.905857e+01	-1.034790e-03
7.951521e+01	-1.001208e-03
7.997449e+01	-1.033079e-03
8.043642e+01	-1.083375e-03
8.090102e+01	-1.172134e-03
8.136830e+01	-1.108326e-03
8.183828e+01	-1.104312e-03
8.231097e+01	-9.660328e-04
8.278640e+01	-9.601158e-04
8.326457e+01	-1.143982e-03
8.374550e+01	-9.531622e-04
8.422921e+01	-1.259028e-03
8.471572e+01	-1.351407e-03
8.520503e+01	-1.144220e-03
8.569717e+01	-1.191028e-03
8.619215e+01	-1.162865e-03
8.669000e+01	-1.128307e-03
8.719071e+01	-1.286684e-03
8.769432e+01	-1.269907e-03
8.820084e+01	-1.210972e-03
8.871029e+01	-1.280950e-03
8.922267e+01	-9.527847e-04
8.973802e+01	-1.400937e-03
9.025634e+01	-1.395042e-03
9.077766e+01	-1.166533e-03
9.130199e+01	-1.415645e-03
9.182935e+01	-1.342357e-03
9.235975e+01	-1.301699e-03
9.289321e+01	-1.277280e-03
9.342976e+01	-1.427475e-03
9.396941e+01	-1.523693e-03
9.451217e+01	-1.388903e-03
9.505807e+01	-1.422050e-03
9.560712e+01	-1.285352e-03
9.615934e+01	-1.415235e-03
9.671476e+01	-1.406143e-03
9.727338e+01	-1.474491e-03
9.783522e+01	-1.562417e-03
9.840032e+01	-1.531857e-03
9.896867e+01	-1.579239e-03
9.954031e+01	-1.438312e-03
1.001153e+02	-1.582616e-03
1.006935e+02	-1.703224e-03
1.012751e+02	-1.616204e-03
1.018601e+02	-1.599444e-03
1.024484e+02	-1.847796e-03
1.030402e+02	-1.609006e-03
1.036353e+02	-1.688901e-03
1.042339e+02	-1.640235e-03
1.048360e+02	-1.798439e-03
1.054415e+02	-1.834022e-03
1.060505e+02	-1.761240e-03
1.066631e+02	-1.729154e-03
1.072791e+02	-1.672619e-03
1.078988e+02	-1.839131e-03
1.085220e+02	-1.923075e-03
1.091488e+02	-1.923362e-03
1.097793e+02	-1.850420e-03
1.104133e+02	-1.868174e-03
1.110511e+02	-2.038301e-03
1.116925e+02	-1.986424e-03
1.123376e+02	-2.093083e-03
1.129865e+02	-2.116292e-03
1.136391e+02	-1.966703e-03
1.142955e+02	-2.024468e-03
1.149556e+02	-2.123418e-03
1.156196e+02	-2.169445e-03
1.162874e+02	-2.257531e-03
1.169591e+02	-2.040120e-03
1.176347e+02	-1.944077e-03
1.183141e+02	-2.199910e-03
1.189975e+02	-2.243518e-03
1.196848e+02	-2.264860e-03
1.203761e+02	-2.171584e-03
1.210714e+02	-2.412165e-03
1.217707e+02	-2.222386e-03
1.224740e+02	-2.469328e-03
1.231814e+02	-2.511840e-03
1.238929e+02	-2.425568e-03
1.246085e+02	-2.508509e-03
1.253283e+02	-2.587197e-03
1.260522e+02	-2.409292e-03
1.267802e+02	-2.556756e-03
1.275125e+02	-2.537015e-03
1.282490e+02	-2.638149e-03
1.289898e+02	-2.590510e-03
1.297348e+02	-2.654751e-03
1.304842e+02	-2.619207e-03
1.312378e+02	-2.672428e-03
1.319959e+02	-2.757362e-03
1.327583e+02	-2.698994e-03
1.335251e+02	-2.790245e-03
1.342963e+02	-2.772788e-03
1.350720e+02	-2.798760e-03
1.358522e+02	-2.892010e-03
1.366368e+02	-3.000143e-03
1.374260e+02	-3.019183e-03
1.382198e+02	-3.160424e-03
1.390182e+02	-3.105349e-03
1.398211e+02	-3.201735e-03
1.406287e+02	-3.070470e-03
1.414410e+02	-3.083006e-03
1.422579e+02	-3.135837e-03
1.430796e+02	-3.226215e-03
1.439060e+02	-3.177043e-03
1.447372e+02	-3.375590e-03
1.455732e+02	-3.240267e-03
1.464141e+02	-3.472245e-03
1.472597e+02	-3.442473e-03
1.481103e+02	-3.343843e-03
1.489658e+02	-3.540030e-03
1.498262e+02	-3.584738e-03
1.506916e+02	-3.527706e-03
1.515620e+02	-3.828898e-03
1.524374e+02	-3.650595e-03
1.533179e+02	-3.986861e-03
1.542034e+02	-3.724981e-03
1.550941e+02	-3.831016e-03
1.559899e+02	-4.025381e-03
1.568909e+02	-3.756502e-03
1.577971e+02	-3.934509e-03
1.587085e+02	-3.814655e-03
1.596252e+02	-4.007291e-03
1.605472e+02	-4.070614e-03
1.614745e+02	-4.188516e-03
1.624072e+02	-3.988285e-03
1.633453e+02	-4.186264e-03
1.642887e+02	-4.248964e-03
1.652377e+02	-4.349168e-03
1.661921e+02	-4.424050e-03
1.671520e+02	-4.473659e-03
1.681175e+02	-4.609969e-03
1.690885e+02	-4.484822e-03
1.700651e+02	-4.583871e-03
1.710474e+02	-4.636115e-03
1.720354e+02	-4.543277e-03
1.730291e+02	-4.682304e-03
1.740285e+02	-4.758120e-03
1.750337e+02	-4.778719e-03
1.760446e+02	-4.958121e-03
1.770615e+02	-5.011453e-03
1.780842e+02	-5.009149e-03
1.791128e+02	-5.105306e-03
1.801473e+02	-5.217022e-03
1.811878e+02	-5.346736e-03
1.822344e+02	-5.302960e-03
1.832870e+02	-5.368413e-03
1.843456e+02	-5.367775e-03
1.854104e+02	-5.374247e-03
1.864813e+02	-5.582512e-03
1.875584e+02	-5.658122e-03
1.886418e+02	-5.579237e-03
1.897313e+02	-5.605702e-03
1.908272e+02	-5.648256e-03
1.919294e+02	-5.830082e-03
1.930380e+02	-5.901551e-03
1.941530e+02	-5.840525e-03
1.952744e+02	-6.105117e-03
1.964023e+02	-6.089553e-03
1.975367e+02	-6.260814e-03
1.986777e+02	-6.181208e-03
1.998252e+02	-6.381998e-03
2.009794e+02	-6.514200e-03
2.021403e+02	-6.411990e-03
2.033078e+02	-6.350309e-03
2.044821e+02	-6.499050e-03
2.056632e+02	-6.886048e-03
2.068511e+02	-6.915330e-03
2.080459e+02	-6.823642e-03
2.092475e+02	-6.942480e-03
2.104561e+02	-6.970827e-03
2.116717e+02	-7.200669e-03
2.128943e+02	-7.117277e-03
2.141240e+02	-7.246020e-03
2.153608e+02	-7.490817e-03
2.166047e+02	-7.474667e-03
2.178558e+02	-7.442296e-03
2.191141e+02	-7.519938e-03
2.203797e+02	-7.749490e-03
2.216526e+02	-7.722815e-03
2.229329e+02	-7.908507e-03
2.242205e+02	-7.853182e-03
2.255156e+02	-8.130755e-03
2.268182e+02	-8.168661e-03
2.281283e+02	-8.339294e-03
2.294459e+02	-8.121614e-03
2.307712e+02	-8.415877e-03
2.321041e+02	-8.490067e-03
2.334447e+02	-8.607128e-03
2.347931e+02	-8.725492e-03
2.361493e+02	-8.765229e-03
2.375133e+02	-8.838119e-03
2.388851e+02	-9.277827e-03
2.402649e+02	-9.190775e-03
2.416527e+02	-9.188950e-03
2.430484e+02	-9.384418e-03
2.444523e+02	-9.489398e-03
2.458642e+02	-9.550071e-03
2.472843e+02	-9.750394e-03
2.487126e+02	-9.836988e-03
2.501492e+02	-9.745708e-03
2.515940e+02	-1.018721e-02
2.530472e+02	-1.032849e-02
2.545088e+02	-1.019735e-02
2.559789e+02	-1.036191e-02
2.574574e+02	-1.047144e-02
2.589444e+02	-1.053811e-02
2.604401e+02	-1.090250e-02
2.619444e+02	-1.082285e-02
2.634574e+02	-1.105605e-02
2.649791e+02	-1.096837e-02
2.665096e+02	-1.125384e-02
2.680489e+02	-1.128313e-02
2.695972e+02	-1.163102e-02
2.711544e+02	-1.159174e-02
2.727205e+02	-1.190859e-02
2.742958e+02	-1.204570e-02
2.758801e+02	-1.221137e-02
2.774736e+02	-1.213207e-02
2.790762e+02	-1.213702e-02
2.806882e+02	-1.244123e-02
2.823094e+02	-1.270320e-02
2.839400e+02	-1.274696e-02
2.855800e+02	-1.283306e-02
2.872295e+02	-1.300976e-02
2.888886e+02	-1.317673e-02
2.905572e+02	-1.345716e-02
2.922354e+02	-1.356566e-02
2.939234e+02	-1.355052e-02
2.956211e+02	-1.394225e-02
2.973286e+02	-1.406295e-02
2.990459e+02	-1.409568e-02
3.007732e+02	-1.432867e-02
3.025104e+02	-1.445362e-02
3.042577e+02	-1.462594e-02
3.060151e+02	-1.476781e-02
3.077826e+02	-1.501331e-02
3.095604e+02	-1.509392e-02
3.113484e+02	-1.545844e-02
3.131467e+02	-1.553093e-02
3.149554e+02	-1.570607e-02
3.167746e+02	-1.581526e-02
3.186043e+02	-1.604831e-02
3.204445e+02	-1.606865e-02
3.222954e+02	-1.662652e-02
3.241570e+02	-1.670604e-02
3.260293e+02	-1.666020e-02
3.279124e+02	-1.704975e-02
3.298064e+02	-1.721875e-02
3.317114e+02	-1.738086e-02
3.336273e+02	-1.761922e-02
3.355544e+02	-1.779702e-02
3.374925e+02	-1.807354e-02
3.394418e+02	-1.839875e-02
3.414024e+02	-1.856698e-02
3.433744e+02	-1.845123e-02
3.453577e+02	-1.881490e-02
3.473525e+02	-1.921097e-02
3.493588e+02	-1.933828e-02
3.513766e+02	-1.950508e-02
3.534062e+02	-1.972846e-02
3.554474e+02	-1.992267e-02
3.575005e+02	-2.011593e-02
3.595654e+02	-2.040241e-02
3.616422e+02	-2.081921e-02
3.637311e+02	-2.100160e-02
3.658320e+02	-2.105354e-02
3.679450e+02	-2.145934e-02
3.700702e+02	-2.173867e-02
3.722077e+02	-2.182966e-02
3.743576e+02	-2.219500e-02
3.765199e+02	-2.246458e-02
3.786946e+02	-2.274803e-02
3.808820e+02	-2.306309e-02
3.830819e+02	-2.327446e-02
3.852946e+02	-2.361979e-02
3.875200e+02	-2.388274e-02
3.897583e+02	-2.396839e-02
3.920096e+02	-2.433942e-02
3.942738e+02	-2.463641e-02
3.965511e+02	-2.487142e-02
3.988416e+02	-2.516745e-02
4.011452e+02	-2.532667e-02
4.034622e+02	-2.572122e-02
4.057926e+02	-2.601962e-02
4.081365e+02	-2.627770e-02
4.104938e+02	-2.662094e-02
4.128648e+02	-2.703880e-02
4.152495e+02	-2.719346e-02
4.176480e+02	-2.753502e-02
4.200603e+02	-2.795166e-02
4.224866e+02	-2.821150e-02
4.249268e+02	-2.864583e-02
4.273812e+02	-2.878242e-02
4.298497e+02	-2.909557e-02
4.323325e+02	-2.953274e-02
4.348297e+02	-2.988530e-02
4.373412e+02	-3.026936e-02
4.398673e+02	-3.055824e-02
4.424079e+02	-3.100331e-02
4.449633e+02	-3.135970e-02
4.475334e+02	-3.148786e-02
4.501183e+02	-3.216152e-02
4.527182e+02	-3.254088e-02
4.553330e+02	-3.274717e-02
4.579630e+02	-3.300970e-02
4.606082e+02	-3.354921e-02
4.632687e+02	-3.376588e-02
4.659445e+02	-3.429469e-02
4.686358e+02	-3.461850e-02
4.713426e+02	-3.513765e-02
4.740650e+02	-3.545313e-02
4.768032e+02	-3.579394e-02
4.795572e+02	-3.632832e-02
4.823271e+02	-3.689542e-02
4.851130e+02	-3.718182e-02
4.879150e+02	-3.747472e-02
4.907332e+02	-3.805705e-02
4.935676e+02	-3.835096e-02
4.964185e+02	-3.871555e-02
4.992858e+02	-3.943506e-02
5.021696e+02	-3.984585e-02
5.050701e+02	-4.040009e-02
5.079874e+02	-4.094786e-02
5.109215e+02	-4.124464e-02
5.138726e+02	-4.184927e-02
5.168407e+02	-4.211602e-02
5.198259e+02	-4.252313e-02
5.228284e+02	-4.317094e-02
5.258482e+02	-4.351396e-02
5.288855e+02	-4.409356e-02
5.319403e+02	-4.469830e-02
5.350128e+02	-4.525317e-02
5.381030e+02	-4.569917e-02
5.412111e+02	-4.647454e-02
5.443371e+02	-4.674234e-02
5.474812e+02	-4.727121e-02
5.506434e+02	-4.771179e-02
5.538239e+02	-4.830321e-02
5.570228e+02	-4.894626e-02
5.602401e+02	-4.942971e-02
5.634760e+02	-5.012918e-02
5.667306e+02	-5.058152e-02
5.700040e+02	-5.122718e-02
5.732964e+02	-5.195029e-02
5.766077e+02	-5.236814e-02
5.799382e+02	-5.302557e-02
5.832879e+02	-5.359797e-02
5.866569e+02	-5.405858e-02
5.900454e+02	-5.486555e-02
5.934535e+02	-5.547457e-02
5.968813e+02	-5.606693e-02
6.003288e+02	-5.672810e-02
6.037963e+02	-5.742152e-02
6.072838e+02	-5.810018e-02
6.107914e+02	-5.872169e-02
6.143194e+02	-5.932340e-02
6.178676e+02	-6.017857e-02
6.214364e+02	-6.067280e-02
6.250258e+02	-6.158755e-02
6.286359e+02	-6.205201e-02
6.322669e+02	-6.289025e-02
6.359189e+02	-6.350064e-02
6.395919e+02	-6.428328e-02
6.432862e+02	-6.517780e-02
6.470017e+02	-6.601601e-02
6.507388e+02	-6.672252e-02
6.544974e+02	-6.739865e-02
6.582778e+02	-6.827144e-02
6.620800e+02	-6.895544e-02
6.659041e+02	-6.967001e-02
6.697504e+02	-7.045522e-02
6.736188e+02	-7.137870e-02
6.775096e+02	-7.220981e-02
6.814229e+02	-7.294849e-02
6.853587e+02	-7.374396e-02
6.893173e+02	-7.460792e-02
6.932988e+02	-7.552513e-02
6.973033e+02	-7.635874e-02
7.013309e+02	-7.731643e-02
7.053817e+02	-7.815299e-02
7.094560e+02	-7.898625e-02
7.135538e+02	-7.999529e-02
7.176752e+02	-8.098229e-02
7.218205e+02	-8.198443e-02
7.259897e+02	-8.284065e-02
7.301830e+02	-8.373562e-02
7.344005e+02	-8.456348e-02
7.386424e+02	-8.577057e-02
7.429087e+02	-8.663342e-02
7.471998e+02	-8.773466e-02
7.515155e+02	-8.861002e-02
7.558563e+02	-8.954035e-02
7.602221e+02	-9.069119e-02
7.646131e+02	-9.175650e-02
7.690295e+02	-9.275452e-02
7.734713e+02	-9.383838e-02
7.779389e+02	-9.500396e-02
7.824322e+02	-9.604778e-02
7.869515e+02	-9.709041e-02
7.914969e+02	-9.826245e-02
7.960686e+02	-9.935535e-02
8.006666e+02	-1.004064e-01
8.052912e+02	-1.017333e-01
8.099426e+02	-1.028199e-01
8.146208e+02	-1.040054e-01
8.193260e+02	-1.051313e-01
8.240584e+02	-1.064558e-01
8.288181e+02	-1.076911e-01
8.336053e+02	-1.088096e-01
8.384202e+02	-1.099405e-01
8.432629e+02	-1.112348e-01
8.481335e+02	-1.125762e-01
8.530323e+02	-1.138726e-01
8.579594e+02	-1.151616e-01
8.629149e+02	-1.167117e-01
8.678991e+02	-1.178219e-01
8.729120e+02	-1.192050e-01
8.779539e+02	-1.204880e-01
8.830250e+02	-1.219726e-01
8.881253e+02	-1.234008e-01
8.932551e+02	-1.245918e-01
8.984145e+02	-1.262819e-01
9.036037e+02	-1.276555e-01
9.088229e+02	-1.290739e-01
9.140722e+02	-1.306533e-01
9.193518e+02	-1.319303e-01
9.246620e+02	-1.335850e-01
9.300028e+02	-1.350149e-01
9.353744e+02	-1.364785e-01
9.407771e+02	-1.382765e-01
9.462110e+02	-1.396796e-01
9.516763e+02	-1.413537e-01
9.571731e+02	-1.430059e-01
9.627017e+02	-1.442987e-01
9.682622e+02	-1.461947e-01
9.738549e+02	-1.478242e-01
9.794798e+02	-1.494597e-01
9.851373e+02	-1.512805e-01
9.908274e+02	-1.528754e-01
9.965504e+02	-1.547113e-01
1.002306e+03	-1.564925e-01
1.008096e+03	-1.583273e-01
1.013918e+03	-1.599320e-01
1.019775e+03	-1.617669e-01
1.025665e+03	-1.636773e-01
1.031589e+03	-1.655206e-01
1.037548e+03	-1.673652e-01
1.043540e+03	-1.691557e-01
1.049568e+03	-1.713240e-01
1.055630e+03	-1.731597e-01
1.061727e+03	-1.750813e-01
1.067860e+03	-1.772861e-01
1.074028e+03	-1.792025e-01
1.080231e+03	-1.810949e-01
1.086471e+03	-1.832569e-01
1.092746e+03	-1.851741e-01
1.099058e+03	-1.875115e-01
1.105406e+03	-1.895803e-01
1.111791e+03	-1.916229e-01
1.118212e+03	-1.938147e-01
1.124671e+03	-1.959817e-01
1.131167e+03	-1.983126e-01
1.137701e+03	-2.004896e-01
1.144272e+03	-2.027902e-01
1.150881e+03	-2.051006e-01
1.157529e+03	-2.073410e-01
1.164215e+03	-2.096352e-01
1.170939e+03	-2.120715e-01
1.177702e+03	-2.145102e-01
1.184505e+03	-2.170163e-01
1.191346e+03	-2.193327e-01
1.198227e+03	-2.218953e-01
1.205148e+03	-2.242696e-01
1.212109e+03	-2.268527e-01
1.219110e+03	-2.294277e-01
1.226152e+03	-2.322048e-01
1.233234e+03	-2.347090e-01
1.240357e+03	-2.374097e-01
1.247521e+03	-2.400183e-01
1.254727e+03	-2.428210e-01
1.261974e+03	-2.452868e-01
1.269263e+03	-2.480373e-01
1.276595e+03	-2.510465e-01
1.283968e+03	-2.538773e-01
1.291384e+03	-2.565902e-01
1.298843e+03	-2.594942e-01
1.306345e+03	-2.625021e-01
1.313891e+03	-2.654548e-01
1.321480e+03	-2.684982e-01
1.329113e+03	-2.713012e-01
1.336790e+03	-2.745381e-01
1.344511e+03	-2.774171e-01
1.352277e+03	-2.807402e-01
1.360087e+03	-2.837835e-01
1.367943e+03	-2.869905e-01
1.375844e+03	-2.901333e-01
1.383791e+03	-2.934306e-01
1.391784e+03	-2.967940e-01
1.399823e+03	-2.999818e-01
1.407908e+03	-3.035130e-01
1.416040e+03	-3.068698e-01
1.424219e+03	-3.102400e-01
1.432445e+03	-3.137274e-01
1.440719e+03	-3.172672e-01
1.449041e+03	-3.208220e-01
1.457410e+03	-3.243355e-01
1.465828e+03	-3.279648e-01
1.474295e+03	-3.315500e-01
1.482810e+03	-3.353996e-01
1.491375e+03	-3.390712e-01
1.499989e+03	-3.427938e-01
1.508653e+03	-3.466928e-01
1.517367e+03	-3.504271e-01
1.526131e+03	-3.543519e-01
1.534946e+03	-3.584088e-01
1.543812e+03	-3.621761e-01
1.552729e+03	-3.662267e-01
1.561697e+03	-3.702276e-01
1.570717e+03	-3.744419e-01
1.579790e+03	-3.786664e-01
1.588915e+03	-3.828927e-01
1.598092e+03	-3.871632e-01
1.607323e+03	-3.913671e-01
1.616606e+03	-3.957338e-01
1.625944e+03	-4.001177e-01
1.635335e+03	-4.044967e-01
1.644781e+03	-4.089559e-01
1.654281e+03	-4.136850e-01
1.663836e+03	-4.181229e-01
1.673446e+03	-4.225900e-01
1.683112e+03	-4.272591e-01
1.692834e+03	-4.320889e-01
1.702611e+03	-4.368035e-01
1.712446e+03	-4.415634e-01
1.722337e+03	-4.464917e-01
1.732285e+03	-4.515409e-01
1.742290e+03	-4.563797e-01
1.752354e+03	-4.613678e-01
1.762475e+03	-4.665921e-01
1.772655e+03	-4.716197e-01
1.782894e+03	-4.766544e-01
1.793192e+03	-4.817987e-01
1.803549e+03	-4.871505e-01
1.813967e+03	-4.925291e-01
1.824444e+03	-4.978349e-01
1.834982e+03	-5.034273e-01
1.845581e+03	-5.089461e-01
1.856241e+03	-5.144584e-01
1.866962e+03	-5.201458e-01
1.877746e+03	-5.256981e-01
1.888592e+03	-5.315659e-01
1.899500e+03	-5.372914e-01
1.910472e+03	-5.431010e-01
1.921506e+03	-5.490268e-01
1.932605e+03	-5.549614e-01
1.943768e+03	-5.610489e-01
1.954995e+03	-5.671586e-01
1.966287e+03	-5.732170e-01
1.977644e+03	-5.795597e-01
1.989067e+03	-5.857987e-01
2.000555e+03	-5.920816e-01
2.012110e+03	-5.986302e-01
2.023732e+03	-6.050053e-01
2.035421e+03	-6.115921e-01
2.047178e+03	-6.179737e-01
2.059002e+03	-6.246849e-01
2.070895e+03	-6.313748e-01
2.082856e+03	-6.383162e-01
2.094887e+03	-6.451152e-01
2.106987e+03	-6.521839e-01
2.119157e+03	-6.591070e-01
2.131397e+03	-6.661350e-01
2.143708e+03	-6.734138e-01
2.156090e+03	-6.806583e-01
2.168543e+03	-6.879011e-01
2.181069e+03	-6.952713e-01
2.193666e+03	-7.027133e-01
2.206337e+03	-7.101063e-01
2.219081e+03	-7.178573e-01
2.231898e+03	-7.253364e-01
2.244789e+03	-7.332511e-01
2.257755e+03	-7.410184e-01
2.270796e+03	-7.488369e-01
2.283912e+03	-7.568025e-01
2.297104e+03	-7.646033e-01
2.310372e+03	-7.729980e-01
2.323716e+03	-7.810387e-01
2.337138e+03	-7.894183e-01
2.350637e+03	-7.976740e-01
2.364214e+03	-8.060762e-01
2.377870e+03	-8.148444e-01
2.391604e+03	-8.232745e-01
2.405418e+03	-8.320735e-01
2.419312e+03	-8.405833e-01
2.433286e+03	-8.494833e-01
2.447340e+03	-8.584310e-01
2.461476e+03	-8.674464e-01
2.475693e+03	-8.766067e-01
2.489993e+03	-8.856423e-01
2.504375e+03	-8.948539e-01
2.518840e+03	-9.044595e-01
2.533389e+03	-9.138217e-01
2.548022e+03	-9.234164e-01
2.562739e+03	-9.330552e-01
2.577541e+03	-9.429031e-01
2.592429e+03	-9.525828e-01
2.607403e+03	-9.623269e-01
2.622463e+03	-9.722983e-01
2.637610e+03	-9.823861e-01
2.652845e+03	-9.925628e-01
2.668168e+03	-1.002865e+00
2.683579e+03	-1.013095e+00
2.699079e+03	-1.023747e+00
2.714669e+03	-1.034162e+00
2.730349e+03	-1.044715e+00
2.746119e+03	-1.055498e+00
2.761981e+03	-1.066354e+00
2.777934e+03	-1.077205e+00
2.793979e+03	-1.088438e+00
2.810117e+03	-1.099508e+00
2.826348e+03	-1.110947e+00
2.842673e+03	-1.122229e+00
2.859092e+03	-1.133437e+00
2.875606e+03	-1.144937e+00
2.892215e+03	-1.156566e+00
2.908921e+03	-1.168300e+00
2.925722e+03	-1.180093e+00
2.942621e+03	-1.192251e+00
2.959618e+03	-1.204000e+00
2.976712e+03	-1.216552e+00
2.993906e+03	-1.228666e+00
3.011198e+03	-1.240961e+00
3.028591e+03	-1.253584e+00
3.046084e+03	-1.266269e+00
3.063678e+03	-1.278952e+00
3.081374e+03	-1.291635e+00
3.099172e+03	-1.304422e+00
3.117072e+03	-1.317331e+00
3.135076e+03	-1.330608e+00
3.153184e+03	-1.343738e+00
3.171397e+03	-1.357283e+00
3.189715e+03	-1.370724e+00
3.208139e+03	-1.384375e+00
3.226669e+03	-1.397969e+00
3.245306e+03	-1.411932e+00
3.264051e+03	-1.425722e+00
3.282904e+03	-1.439607e+00
3.301866e+03	-1.453850e+00
3.320937e+03	-1.468226e+00
3.340119e+03	-1.482515e+00
3.359411e+03	-1.497119e+00
3.378815e+03	-1.511496e+00
3.398331e+03	-1.526607e+00
3.417959e+03	-1.541433e+00
3.437701e+03	-1.556271e+00
3.457557e+03	-1.571462e+00
3.477528e+03	-1.586753e+00
3.497614e+03	-1.602126e+00
3.517816e+03	-1.617344e+00
3.538135e+03	-1.633234e+00
3.558571e+03	-1.648903e+00
3.579125e+03	-1.664571e+00
3.599798e+03	-1.680612e+00
3.620590e+03	-1.696798e+00
3.641503e+03	-1.712840e+00
3.662536e+03	-1.729179e+00
3.683691e+03	-1.745504e+00
3.704967e+03	-1.762499e+00
3.726367e+03	-1.779167e+00
3.747890e+03	-1.795948e+00
3.769538e+03	-1.812856e+00
3.791311e+03	-1.830244e+00
3.813209e+03	-1.847275e+00
3.835234e+03	-1.864839e+00
3.857386e+03	-1.882037e+00
3.879667e+03	-1.899795e+00
3.902075e+03	-1.917289e+00
3.924614e+03	-1.935425e+00
3.947282e+03	-1.953375e+00
3.970081e+03	-1.971517e+00
3.993012e+03	-1.989840e+00
4.016076e+03	-2.008357e+00
4.039272e+03	-2.026842e+00
4.062603e+03	-2.045537e+00
4.086069e+03	-2.064219e+00
4.109670e+03	-2.083493e+00
4.133407e+03	-2.102526e+00
4.157281e+03	-2.121788e+00
4.181294e+03	-2.140888e+00
4.205445e+03	-2.160409e+00
4.229735e+03	-2.180257e+00
4.254166e+03	-2.199942e+00
4.278738e+03	-2.219856e+00
4.303451e+03	-2.240117e+00
4.328308e+03	-2.260061e+00
4.353308e+03	-2.280357e+00
4.378453e+03	-2.300824e+00
4.403742e+03	-2.321576e+00
4.429178e+03	-2.342399e+00
4.454761e+03	-2.363267e+00
4.480492e+03	-2.384268e+00
4.506371e+03	-2.405248e+00
4.532399e+03	-2.426657e+00
4.558578e+03	-2.447906e+00
4.584908e+03	-2.469678e+00
4.611391e+03	-2.491578e+00
4.638026e+03	-2.513112e+00
4.664815e+03	-2.535004e+00
4.691759e+03	-2.557344e+00
4.718858e+03	-2.579541e+00
4.746114e+03	-2.601930e+00
4.773527e+03	-2.624576e+00
4.801099e+03	-2.647257e+00
4.828830e+03	-2.670196e+00
4.856721e+03	-2.693054e+00
4.884773e+03	-2.716281e+00
4.912988e+03	-2.739565e+00
4.941365e+03	-2.762861e+00
4.969906e+03	-2.786592e+00
4.998612e+03	-2.810190e+00
5.027484e+03	-2.834080e+00
5.056522e+03	-2.858215e+00
5.085729e+03	-2.882028e+00
5.115104e+03	-2.906525e+00
5.144648e+03	-2.930722e+00
5.174363e+03	-2.955606e+00
5.204250e+03	-2.980159e+00
5.234310e+03	-3.004709e+00
5.264543e+03	-3.029781e+00
5.294951e+03	-3.055061e+00
5.325534e+03	-3.080282e+00
5.356294e+03	-3.105489e+00
5.387232e+03	-3.131343e+00
5.418348e+03	-3.156922e+00
5.449645e+03	-3.182749e+00
5.481122e+03	-3.208597e+00
5.512780e+03	-3.234918e+00
5.544622e+03	-3.261193e+00
5.576647e+03	-3.287518e+00
5.608858e+03	-3.314232e+00
5.641254e+03	-3.340706e+00
5.673838e+03	-3.367359e+00
5.706610e+03	-3.394630e+00
5.739571e+03	-3.421856e+00
5.772723e+03	-3.448821e+00
5.806066e+03	-3.476049e+00
5.839601e+03	-3.504058e+00
5.873331e+03	-3.531558e+00
5.907255e+03	-3.559325e+00
5.941375e+03	-3.587216e+00
5.975692e+03	-3.615092e+00
6.010207e+03	-3.643695e+00
6.044922e+03	-3.671877e+00
6.079837e+03	-3.700579e+00
6.114954e+03	-3.729009e+00
6.150274e+03	-3.757793e+00
6.185797e+03	-3.786757e+00
6.221526e+03	-3.815736e+00
6.257462e+03	-3.845112e+00
6.293605e+03	-3.874111e+00
6.329956e+03	-3.903873e+00
6.366518e+03	-3.933497e+00
6.403290e+03	-3.963142e+00
6.440276e+03	-3.993086e+00
6.477474e+03	-4.023041e+00
6.514888e+03	-4.053313e+00
6.552518e+03	-4.083443e+00
6.590365e+03	-4.113827e+00
6.628430e+03	-4.144259e+00
6.666716e+03	-4.174930e+00
6.705223e+03	-4.205819e+00
6.743952e+03	-4.236814e+00
6.782905e+03	-4.268047e+00
6.822082e+03	-4.299128e+00
6.861486e+03	-4.330405e+00
6.901118e+03	-4.362109e+00
6.940979e+03	-4.393526e+00
6.981069e+03	-4.425166e+00
7.021392e+03	-4.456967e+00
7.061947e+03	-4.489155e+00
7.102737e+03	-4.521098e+00
7.143762e+03	-4.553443e+00
7.185024e+03	-4.586086e+00
7.226524e+03	-4.618328e+00
7.268264e+03	-4.650981e+00
7.310246e+03	-4.684104e+00
7.352469e+03	-4.716894e+00
7.394937e+03	-4.749857e+00
7.437650e+03	-4.782628e+00
7.480609e+03	-4.816062e+00
7.523817e+03	-4.849417e+00
7.567274e+03	-4.883029e+00
7.610982e+03	-4.916657e+00
7.654943e+03	-4.950391e+00
7.699158e+03	-4.984302e+00
7.743628e+03	-5.018410e+00
7.788355e+03	-5.052157e+00
7.833340e+03	-5.086576e+00
7.878585e+03	-5.120602e+00
7.924091e+03	-5.155290e+00
7.969861e+03	-5.189806e+00
8.015894e+03	-5.224788e+00
8.062194e+03	-5.259375e+00
8.108761e+03	-5.294518e+00
8.155596e+03	-5.329627e+00
8.202703e+03	-5.364634e+00
8.250081e+03	-5.399566e+00
8.297733e+03	-5.435374e+00
8.345661e+03	-5.470791e+00
8.393865e+03	-5.506480e+00
8.442348e+03	-5.542340e+00
8.491110e+03	-5.577712e+00
8.540155e+03	-5.613801e+00
8.589482e+03	-5.649844e+00
8.639095e+03	-5.686051e+00
8.688994e+03	-5.722280e+00
8.739181e+03	-5.758696e+00
8.789658e+03	-5.795207e+00
8.840427e+03	-5.832197e+00
8.891489e+03	-5.868694e+00
8.942846e+03	-5.905175e+00
8.994499e+03	-5.942416e+00
9.046451e+03	-5.979029e+00
9.098703e+03	-6.016518e+00
9.151257e+03	-6.053702e+00
9.204114e+03	-6.090745e+00
9.257277e+03	-6.128325e+00
9.310746e+03	-6.166034e+00
9.364525e+03	-6.203687e+00
9.418614e+03	-6.241222e+00
9.473015e+03	-6.279229e+00
9.527731e+03	-6.317062e+00
9.582763e+03	-6.354754e+00
9.638113e+03	-6.392973e+00
9.693782e+03	-6.431410e+00
9.749773e+03	-6.469644e+00
9.806087e+03	-6.507849e+00
9.862727e+03	-6.546396e+00
9.919693e+03	-6.585063e+00
9.976989e+03	-6.623381e+00
1.003462e+04	-6.662405e+00
1.009258e+04	-6.701238e+00
1.015087e+04	-6.740401e+00
1.020950e+04	-6.779264e+00
1.026847e+04	-6.818258e+00
1.032778e+04	-6.857778e+00
1.038743e+04	-6.897142e+00
1.044743e+04	-6.936142e+00
1.050777e+04	-6.975773e+00
1.056847e+04	-7.015372e+00
1.062951e+04	-7.055074e+00
1.069091e+04	-7.094713e+00
1.075266e+04	-7.134296e+00
1.081476e+04	-7.174140e+00
1.087723e+04	-7.214285e+00
1.094006e+04	-7.254029e+00
1.100324e+04	-7.294023e+00
1.106680e+04	-7.334263e+00
1.113072e+04	-7.374924e+00
1.119501e+04	-7.415574e+00
1.125967e+04	-7.456001e+00
1.132471e+04	-7.496248e+00
1.139012e+04	-7.536968e+00
1.145591e+04	-7.577327e+00
1.152208e+04	-7.618498e+00
1.158863e+04	-7.658747e+00
1.165556e+04	-7.699933e+00
1.172289e+04	-7.740744e+00
1.179060e+04	-7.781925e+00
1.185870e+04	-7.822935e+00
1.192719e+04	-7.864295e+00
1.199608e+04	-7.905149e+00
1.206537e+04	-7.946557e+00
1.213506e+04	-7.988172e+00
1.220515e+04	-8.029409e+00
1.227565e+04	-8.070856e+00
1.234655e+04	-8.112430e+00
1.241787e+04	-8.153664e+00
1.248959e+04	-8.195674e+00
1.256173e+04	-8.236814e+00
1.263429e+04	-8.279302e+00
1.270726e+04	-8.321375e+00
1.278066e+04	-8.363142e+00
1.285448e+04	-8.405128e+00
1.292873e+04	-8.446929e+00
1.300340e+04	-8.489156e+00
1.307851e+04	-8.531891e+00
1.315405e+04	-8.573440e+00
1.323003e+04	-8.615818e+00
1.330644e+04	-8.658382e+00
1.338330e+04	-8.700725e+00
1.346060e+04	-8.743276e+00
1.353835e+04	-8.785835e+00
1.361655e+04	-8.828612e+00
1.369520e+04	-8.870783e+00
1.377430e+04	-8.913749e+00
1.385386e+04	-8.956441e+00
1.393388e+04	-8.998754e+00
1.401436e+04	-9.041832e+00
1.409531e+04	-9.084791e+00
1.417672e+04	-9.127678e+00
1.425861e+04	-9.170113e+00
1.434096e+04	-9.213345e+00
1.442379e+04	-9.256371e+00
1.450711e+04	-9.299761e+00
1.459090e+04	-9.342664e+00
1.467518e+04	-9.386017e+00
1.475994e+04	-9.428727e+00
1.484519e+04	-9.472598e+00
1.493094e+04	-9.515554e+00
1.501718e+04	-9.558900e+00
1.510392e+04	-9.602845e+00
1.519116e+04	-9.645850e+00
1.527890e+04	-9.689547e+00
1.536715e+04	-9.732869e+00
1.545591e+04	-9.776754e+00
1.554518e+04	-9.820092e+00
1.563497e+04	-9.864136e+00
1.572528e+04	-9.907290e+00
1.581611e+04	-9.951406e+00
1.590746e+04	-9.994738e+00
1.599934e+04	-1.003904e+01
1.609175e+04	-1.008272e+01
1.618470e+04	-1.012598e+01
1.627818e+04	-1.017068e+01
1.637220e+04	-1.021399e+01
1.646677e+04	-1.025838e+01
1.656188e+04	-1.030213e+01
1.665754e+04	-1.034578e+01
1.675375e+04	-1.039015e+01
1.685052e+04	-1.043372e+01
1.694785e+04	-1.047790e+01
1.704574e+04	-1.052253e+01
1.714419e+04	-1.056633e+01
1.724322e+04	-1.061035e+01
1.734281e+04	-1.065473e+01
1.744299e+04	-1.069894e+01
1.754374e+04	-1.074374e+01
1.764507e+04	-1.078728e+01
1.774698e+04	-1.083190e+01
1.784949e+04	-1.087627e+01
1.795259e+04	-1.092025e+01
1.805628e+04	-1.096462e+01
1.816057e+04	-1.100960e+01
1.826547e+04	-1.105362e+01
1.837097e+04	-1.109746e+01
1.847708e+04	-1.114253e+01
1.858380e+04	-1.118666e+01
1.869114e+04	-1.123143e+01
1.879910e+04	-1.127597e+01
1.890768e+04	-1.132026e+01
1.901689e+04	-1.136524e+01
1.912673e+04	-1.140935e+01
1.923721e+04	-1.145444e+01
1.934832e+04	-1.149854e+01
1.946008e+04	-1.154261e+01
1.957248e+04	-1.158767e+01
1.968553e+04	-1.163194e+01
1.979923e+04	-1.167707e+01
1.991359e+04	-1.172119e+01
2.002861e+04	-1.176630e+01
2.014430e+04	-1.181087e+01
2.026065e+04	-1.185545e+01
2.037767e+04	-1.189977e+01
2.049537e+04	-1.194451e+01
2.061375e+04	-1.198863e+01
2.073282e+04	-1.203386e+01
2.085257e+04	-1.207867e+01
2.097301e+04	-1.212323e+01
2.109415e+04	-1.216734e+01
2.121599e+04	-1.221264e+01
2.133853e+04	-1.225727e+01
2.146178e+04	-1.230161e+01
2.158575e+04	-1.234651e+01
2.171043e+04	-1.239101e+01
2.183582e+04	-1.243571e+01
2.196195e+04	-1.248005e+01
2.208880e+04	-1.252501e+01
2.221638e+04	-1.257011e+01
2.234470e+04	-1.261453e+01
2.247377e+04	-1.265862e+01
2.260357e+04	-1.270392e+01
2.273413e+04	-1.274825e+01
2.286544e+04	-1.279210e+01
2.299751e+04	-1.283699e+01
2.313034e+04	-1.288208e+01
2.326394e+04	-1.292668e+01
2.339832e+04	-1.297193e+01
2.353346e+04	-1.301635e+01
2.366939e+04	-1.306069e+01
2.380610e+04	-1.310507e+01
2.394361e+04	-1.314939e+01
2.408191e+04	-1.319413e+01
2.422100e+04	-1.323889e+01
2.436090e+04	-1.328330e+01
2.450161e+04	-1.332763e+01
2.464313e+04	-1.337186e+01
2.478547e+04	-1.341584e+01
2.492863e+04	-1.346122e+01
2.507261e+04	-1.350583e+01
2.521743e+04	-1.354971e+01
2.536309e+04	-1.359438e+01
2.550958e+04	-1.363880e+01
2.565692e+04	-1.368328e+01
2.580512e+04	-1.372675e+01
2.595417e+04	-1.377198e+01
2.610408e+04	-1.381602e+01
2.625485e+04	-1.386025e+01
2.640650e+04	-1.390442e+01
2.655902e+04	-1.394875e+01
2.671243e+04	-1.399180e+01
2.686672e+04	-1.403812e+01
2.702190e+04	-1.408169e+01
2.717798e+04	-1.412559e+01
2.733495e+04	-1.416916e+01
2.749284e+04	-1.421332e+01
2.765164e+04	-1.425709e+01
2.781135e+04	-1.430190e+01
2.797199e+04	-1.434580e+01
2.813355e+04	-1.438953e+01
2.829605e+04	-1.443315e+01
2.845949e+04	-1.447751e+01
2.862387e+04	-1.452060e+01
2.878920e+04	-1.456510e+01
2.895549e+04	-1.460891e+01
2.912273e+04	-1.465301e+01
2.929094e+04	-1.469528e+01
2.946013e+04	-1.473948e+01
2.963029e+04	-1.478331e+01
2.980143e+04	-1.482668e+01
2.997356e+04	-1.486962e+01
3.014669e+04	-1.491455e+01
3.032081e+04	-1.495733e+01
3.049595e+04	-1.500118e+01
3.067209e+04	-1.504379e+01
3.084925e+04	-1.508721e+01
3.102743e+04	-1.513075e+01
3.120665e+04	-1.517358e+01
3.138690e+04	-1.521702e+01
3.156819e+04	-1.526027e+01
3.175052e+04	-1.530204e+01
3.193391e+04	-1.534623e+01
3.211836e+04	-1.538950e+01
3.230388e+04	-1.543171e+01
3.249046e+04	-1.547436e+01
3.267812e+04	-1.551732e+01
3.286687e+04	-1.556048e+01
3.305671e+04	-1.560313e+01
3.324764e+04	-1.564510e+01
3.343968e+04	-1.568698e+01
3.363283e+04	-1.573110e+01
3.382709e+04	-1.577264e+01
3.402247e+04	-1.581429e+01
3.421899e+04	-1.585732e+01
3.441663e+04	-1.589952e+01
3.461542e+04	-1.594232e+01
3.481536e+04	-1.598418e+01
3.501645e+04	-1.602652e+01
3.521871e+04	-1.606794e+01
3.542213e+04	-1.610946e+01
3.562672e+04	-1.615111e+01
3.583250e+04	-1.619343e+01
3.603947e+04	-1.623438e+01
3.624763e+04	-1.627640e+01
3.645700e+04	-1.631735e+01
3.666757e+04	-1.635889e+01
3.687936e+04	-1.640053e+01
3.709238e+04	-1.644209e+01
3.730662e+04	-1.648325e+01
3.752210e+04	-1.652396e+01
3.773883e+04	-1.656556e+01
3.795680e+04	-1.660601e+01
3.817604e+04	-1.664697e+01
3.839654e+04	-1.668676e+01
3.861832e+04	-1.672798e+01
3.884138e+04	-1.676896e+01
3.906573e+04	-1.680930e+01
3.929137e+04	-1.685003e+01
3.951831e+04	-1.689031e+01
3.974657e+04	-1.692960e+01
3.997614e+04	-1.696984e+01
4.020704e+04	-1.701062e+01
4.043928e+04	-1.705094e+01
4.067285e+04	-1.708868e+01
4.090778e+04	-1.712925e+01
4.114406e+04	-1.716900e+01
4.138171e+04	-1.720789e+01
4.162073e+04	-1.724784e+01
4.186113e+04	-1.728611e+01
4.210291e+04	-1.732539e+01
4.234610e+04	-1.736568e+01
4.259069e+04	-1.740412e+01
4.283669e+04	-1.744230e+01
4.308411e+04	-1.748090e+01
4.333297e+04	-1.751893e+01
4.358325e+04	-1.755852e+01
4.383499e+04	-1.759516e+01
4.408818e+04	-1.763457e+01
4.434283e+04	-1.767228e+01
4.459895e+04	-1.771070e+01
4.485655e+04	-1.774780e+01
4.511564e+04	-1.778489e+01
4.537623e+04	-1.782178e+01
4.563832e+04	-1.786183e+01
4.590193e+04	-1.789841e+01
4.616705e+04	-1.793553e+01
4.643371e+04	-1.797278e+01
4.670191e+04	-1.800894e+01
4.697166e+04	-1.804423e+01
4.724297e+04	-1.808098e+01
4.751584e+04	-1.811670e+01
4.779029e+04	-1.815346e+01
4.806633e+04	-1.819029e+01
4.834395e+04	-1.822512e+01
4.862319e+04	-1.826307e+01
4.890403e+04	-1.829695e+01
4.918650e+04	-1.833350e+01
4.947060e+04	-1.836799e+01
4.975634e+04	-1.840325e+01
5.004373e+04	-1.843840e+01
5.033278e+04	-1.847239e+01
5.062350e+04	-1.850685e+01
5.091590e+04	-1.854137e+01
5.120999e+04	-1.857588e+01
5.150578e+04	-1.860878e+01
5.180327e+04	-1.864295e+01
5.210248e+04	-1.867681e+01
5.240343e+04	-1.870915e+01
5.270611e+04	-1.874149e+01
5.301053e+04	-1.877591e+01
5.331672e+04	-1.880990e+01
5.362468e+04	-1.884231e+01
5.393441e+04	-1.887476e+01
5.424593e+04	-1.890678e+01
5.455926e+04	-1.893713e+01
5.487439e+04	-1.897039e+01
5.519134e+04	-1.900110e+01
5.551012e+04	-1.903260e+01
5.583075e+04	-1.906428e+01
5.615322e+04	-1.909394e+01
5.647756e+04	-1.912443e+01
5.680377e+04	-1.915535e+01
5.713187e+04	-1.918648e+01
5.746186e+04	-1.921548e+01
5.779376e+04	-1.924363e+01
5.812757e+04	-1.927502e+01
5.846332e+04	-1.930406e+01
5.880100e+04	-1.933436e+01
5.914063e+04	-1.936150e+01
5.948222e+04	-1.939168e+01
5.982579e+04	-1.941893e+01
6.017134e+04	-1.944434e+01
6.051889e+04	-1.947478e+01
6.086844e+04	-1.950265e+01
6.122002e+04	-1.952692e+01
6.157362e+04	-1.955525e+01
6.192927e+04	-1.958079e+01
6.228697e+04	-1.960740e+01
6.264674e+04	-1.963161e+01
6.300858e+04	-1.965850e+01
6.337252e+04	-1.968341e+01
6.373855e+04	-1.970828e+01
6.410670e+04	-1.973391e+01
6.447698e+04	-1.975776e+01
6.484940e+04	-1.978211e+01
6.522397e+04	-1.980419e+01
6.560070e+04	-1.982968e+01
6.597960e+04	-1.985203e+01
6.636070e+04	-1.987468e+01
6.674400e+04	-1.989600e+01
6.712951e+04	-1.991961e+01
6.751724e+04	-1.993991e+01
6.790722e+04	-1.996115e+01
6.829945e+04	-1.998184e+01
6.869395e+04	-2.000320e+01
6.909072e+04	-2.002431e+01
6.948978e+04	-2.004352e+01
6.989115e+04	-2.006074e+01
7.029484e+04	-2.007995e+01
7.070086e+04	-2.009927e+01
7.110923e+04	-2.011653e+01
7.151995e+04	-2.013379e+01
7.193305e+04	-2.015121e+01
7.234853e+04	-2.016840e+01
7.276641e+04	-2.018391e+01
7.318671e+04	-2.020116e+01
7.360943e+04	-2.021634e+01
7.403460e+04	-2.023017e+01
7.446222e+04	-2.024686e+01
7.489231e+04	-2.025968e+01
7.532488e+04	-2.027457e+01
7.575996e+04	-2.028888e+01
7.619754e+04	-2.029905e+01
7.663766e+04	-2.031102e+01
7.708031e+04	-2.032244e+01
7.752553e+04	-2.033445e+01
7.797331e+04	-2.034612e+01
7.842368e+04	-2.035459e+01
7.887665e+04	-2.036337e+01
7.933224e+04	-2.037240e+01
7.979046e+04	-2.038050e+01
8.025133e+04	-2.038906e+01
8.071486e+04	-2.039722e+01
8.118106e+04	-2.040371e+01
8.164996e+04	-2.040903e+01
8.212157e+04	-2.041442e+01
8.259590e+04	-2.041919e+01
8.307297e+04	-2.042119e+01
8.355279e+04	-2.042719e+01
8.403539e+04	-2.042875e+01
8.452078e+04	-2.043180e+01
8.500897e+04	-2.043354e+01
8.549997e+04	-2.043481e+01
8.599382e+04	-2.043219e+01
8.649052e+04	-2.043218e+01
8.699008e+04	-2.043130e+01
8.749253e+04	-2.042912e+01
8.799789e+04	-2.042772e+01
8.850616e+04	-2.042406e+01
8.901737e+04	-2.041923e+01
8.953153e+04	-2.041351e+01
9.004866e+04	-2.040900e+01
9.056877e+04	-2.040181e+01
9.109190e+04	-2.039233e+01
9.161804e+04	-2.038597e+01
9.214722e+04	-2.037518e+01
9.267946e+04	-2.036577e+01
9.321477e+04	-2.035392e+01
9.375318e+04	-2.034250e+01
9.429469e+04	-2.032965e+01
9.483933e+04	-2.031520e+01
9.538712e+04	-2.029906e+01
9.593807e+04	-2.028450e+01
9.649221e+04	-2.026850e+01
9.704954e+04	-2.025009e+01
9.761010e+04	-2.022832e+01
9.817389e+04	-2.020921e+01
9.874094e+04	-2.018871e+01
9.931126e+04	-2.016574e+01
9.988488e+04	-2.014203e+01
1.004618e+05	-2.011610e+01
1.010421e+05	-2.008965e+01
1.016257e+05	-2.006471e+01
1.022127e+05	-2.003547e+01
1.028031e+05	-2.000822e+01
1.033968e+05	-1.997449e+01
1.039941e+05	-1.994459e+01
1.045947e+05	-1.990993e+01
1.051989e+05	-1.987328e+01
1.058065e+05	-1.983794e+01
1.064176e+05	-1.979926e+01
1.070323e+05	-1.976286e+01
1.076505e+05	-1.971967e+01
1.082723e+05	-1.967656e+01
1.088977e+05	-1.963171e+01
1.095266e+05	-1.958665e+01
1.101593e+05	-1.954002e+01
1.107955e+05	-1.949061e+01
1.114355e+05	-1.944257e+01
1.120791e+05	-1.938762e+01
1.127265e+05	-1.933348e+01
1.133776e+05	-1.927791e+01
1.140325e+05	-1.921893e+01
1.146911e+05	-1.915925e+01
1.153536e+05	-1.909598e+01
1.160198e+05	-1.903116e+01
1.166900e+05	-1.896357e+01
1.173640e+05	-1.889435e+01
1.180419e+05	-1.882520e+01
1.187237e+05	-1.875161e+01
1.194094e+05	-1.867482e+01
1.200991e+05	-1.859669e+01
1.207928e+05	-1.851499e+01
1.214905e+05	-1.843216e+01
1.221922e+05	-1.834506e+01
1.228980e+05	-1.825582e+01
1.236078e+05	-1.816500e+01
1.243218e+05	-1.806944e+01
1.250399e+05	-1.797057e+01
1.257621e+05	-1.786886e+01
1.264885e+05	-1.776549e+01
1.272191e+05	-1.765695e+01
1.279539e+05	-1.754433e+01
1.286930e+05	-1.743128e+01
1.294363e+05	-1.731065e+01
1.301839e+05	-1.718712e+01
1.309358e+05	-1.706136e+01
1.316921e+05	-1.693051e+01
1.324528e+05	-1.679483e+01
1.332178e+05	-1.665320e+01
1.339873e+05	-1.650817e+01
1.347612e+05	-1.635834e+01
1.355395e+05	-1.620425e+01
1.363224e+05	-1.604319e+01
1.371098e+05	-1.587676e+01
1.379018e+05	-1.570453e+01
1.386983e+05	-1.552702e+01
1.394994e+05	-1.534438e+01
1.403051e+05	-1.515304e+01
1.411155e+05	-1.495373e+01
1.419306e+05	-1.474882e+01
1.427504e+05	-1.453644e+01
1.435749e+05	-1.431501e+01
1.444042e+05	-1.408504e+01
1.452383e+05	-1.384774e+01
1.460772e+05	-1.359833e+01
1.469209e+05	-1.334060e+01
1.477695e+05	-1.307258e+01
1.486230e+05	-1.279367e+01
1.494814e+05	-1.250264e+01
1.503448e+05	-1.219969e+01
1.512132e+05	-1.188396e+01
1.520866e+05	-1.155425e+01
1.529651e+05	-1.121045e+01
1.538486e+05	-1.085237e+01
1.547372e+05	-1.047790e+01
1.556310e+05	-1.008790e+01
1.565299e+05	-9.681673e+00
1.574340e+05	-9.257831e+00
1.583433e+05	-8.817517e+00
1.592579e+05	-8.361178e+00
1.601778e+05	-7.890118e+00
1.611030e+05	-7.406112e+00
1.620335e+05	-6.914427e+00
1.629694e+05	-6.420228e+00
1.639107e+05	-5.932395e+00
1.648574e+05	-5.462346e+00
1.658097e+05	-5.026042e+00
1.667674e+05	-4.642962e+00
1.677306e+05	-4.334830e+00
1.686994e+05	-4.124352e+00
1.696738e+05	-4.029368e+00
1.706538e+05	-4.059610e+00
1.716395e+05	-4.215645e+00
1.726309e+05	-4.486160e+00
1.736280e+05	-4.852765e+00
1.746309e+05	-5.293337e+00
1.756395e+05	-5.785610e+00
1.766540e+05	-6.310921e+00
1.776744e+05	-6.852769e+00
1.787006e+05	-7.400620e+00
1.797328e+05	-7.944577e+00
1.807709e+05	-8.479739e+00
1.818150e+05	-9.002544e+00
1.828652e+05	-9.509717e+00
1.839214e+05	-9.999842e+00
1.849837e+05	-1.047343e+01
1.860522e+05	-1.092925e+01
1.871268e+05	-1.136915e+01
1.882077e+05	-1.179103e+01
1.892948e+05	-1.219738e+01
1.903881e+05	-1.258813e+01
1.914878e+05	-1.296365e+01
1.925938e+05	-1.332571e+01
1.937062e+05	-1.367387e+01
1.948251e+05	-1.400863e+01
1.959504e+05	-1.433160e+01
1.970822e+05	-1.464157e+01
1.982205e+05	-1.494144e+01
1.993654e+05	-1.522968e+01
2.005169e+05	-1.550769e+01
2.016751e+05	-1.577612e+01
2.028400e+05	-1.603491e+01
2.040116e+05	-1.628456e+01
2.051899e+05	-1.652444e+01
2.063751e+05	-1.675670e+01
2.075671e+05	-1.698056e+01
2.087660e+05	-1.719555e+01
2.099719e+05	-1.740340e+01
2.111846e+05	-1.760399e+01
2.124044e+05	-1.779722e+01
2.136313e+05	-1.798274e+01
2.148652e+05	-1.816212e+01
2.161063e+05	-1.833463e+01
2.173545e+05	-1.849992e+01
2.186099e+05	-1.865750e+01
2.198726e+05	-1.880950e+01
2.211426e+05	-1.895566e+01
2.224199e+05	-1.909569e+01
2.237046e+05	-1.922968e+01
2.249967e+05	-1.935769e+01
2.262962e+05	-1.947990e+01
2.276033e+05	-1.959565e+01
2.289179e+05	-1.970614e+01
2.302402e+05	-1.980950e+01
2.315700e+05	-1.990905e+01
2.329076e+05	-1.999917e+01
2.342528e+05	-2.008636e+01
2.356059e+05	-2.016809e+01
2.369667e+05	-2.024243e+01
2.383354e+05	-2.031178e+01
2.397120e+05	-2.037621e+01
2.410966e+05	-2.043242e+01
2.424892e+05	-2.048442e+01
2.438898e+05	-2.053032e+01
2.452985e+05	-2.056988e+01
2.467153e+05	-2.060460e+01
2.481403e+05	-2.063087e+01
2.495736e+05	-2.065406e+01
2.510151e+05	-2.066678e+01
2.524650e+05	-2.067873e+01
2.539232e+05	-2.067780e+01
2.553898e+05	-2.067398e+01
2.568650e+05	-2.066340e+01
2.583486e+05	-2.064594e+01
2.598408e+05	-2.062119e+01
2.613416e+05	-2.058776e+01
2.628511e+05	-2.054885e+01
2.643694e+05	-2.050160e+01
2.658963e+05	-2.044586e+01
2.674321e+05	-2.038240e+01
2.689768e+05	-2.031181e+01
2.705304e+05	-2.023069e+01
2.720930e+05	-2.014295e+01
2.736646e+05	-2.004329e+01
2.752453e+05	-1.993715e+01
2.768351e+05	-1.981868e+01
2.784341e+05	-1.968951e+01
2.800423e+05	-1.955072e+01
2.816598e+05	-1.940011e+01
2.832867e+05	-1.923882e+01
2.849229e+05	-1.906437e+01
2.865686e+05	-1.887711e+01
2.882238e+05	-1.867358e+01
2.898886e+05	-1.845774e+01
2.915630e+05	-1.822521e+01
2.932470e+05	-1.797658e+01
2.949408e+05	-1.771139e+01
2.966444e+05	-1.742595e+01
2.983578e+05	-1.712156e+01
3.000811e+05	-1.679720e+01
3.018143e+05	-1.644852e+01
3.035576e+05	-1.607572e+01
3.053109e+05	-1.567588e+01
3.070744e+05	-1.524804e+01
3.088481e+05	-1.478891e+01
3.106320e+05	-1.429735e+01
3.124261e+05	-1.376993e+01
3.142307e+05	-1.320552e+01
3.160457e+05	-1.260254e+01
3.178712e+05	-1.195860e+01
3.197072e+05	-1.127760e+01
3.215538e+05	-1.056256e+01
3.234111e+05	-9.826209e+00
3.252791e+05	-9.088415e+00
3.271579e+05	-8.387824e+00
3.290475e+05	-7.779260e+00
3.309481e+05	-7.333054e+00
3.328596e+05	-7.121730e+00
3.347822e+05	-7.189414e+00
3.367159e+05	-7.529601e+00
3.386608e+05	-8.088716e+00
3.406169e+05	-8.792085e+00
3.425842e+05	-9.572183e+00
3.445630e+05	-1.037597e+01
3.465532e+05	-1.117328e+01
3.485549e+05	-1.194311e+01
3.505681e+05	-1.267774e+01
3.525930e+05	-1.337231e+01
3.546295e+05	-1.402397e+01
3.566778e+05	-1.463663e+01
3.587380e+05	-1.521019e+01
3.608101e+05	-1.574690e+01
3.628941e+05	-1.624710e+01
3.649901e+05	-1.671723e+01
3.670983e+05	-1.715464e+01
3.692187e+05	-1.756361e+01
3.713513e+05	-1.794596e+01
3.734962e+05	-1.830098e+01
3.756535e+05	-1.863093e+01
3.778232e+05	-1.893836e+01
3.800055e+05	-1.922322e+01
3.822004e+05	-1.948809e+01
3.844080e+05	-1.972775e+01
3.866283e+05	-1.994997e+01
3.888615e+05	-2.015407e+01
3.911075e+05	-2.033422e+01
3.933665e+05	-2.049874e+01
3.956386e+05	-2.064434e+01
3.979238e+05	-2.076779e+01
4.002222e+05	-2.087585e+01
4.025338e+05	-2.096490e+01
4.048589e+05	-2.103283e+01
4.071973e+05	-2.108379e+01
4.095493e+05	-2.111778e+01
4.119148e+05	-2.112987e+01
4.142940e+05	-2.112123e+01
4.166870e+05	-2.109534e+01
4.190937e+05	-2.104611e+01
4.215144e+05	-2.097617e+01
4.239490e+05	-2.088430e+01
4.263978e+05	-2.077201e+01
4.288606e+05	-2.063179e+01
4.313377e+05	-2.046883e+01
4.338291e+05	-2.027877e+01
4.363349e+05	-2.006064e+01
4.388551e+05	-1.980887e+01
4.413899e+05	-1.952956e+01
4.439394e+05	-1.921471e+01
4.465035e+05	-1.886398e+01
4.490825e+05	-1.847232e+01
4.516764e+05	-1.803739e+01
4.542853e+05	-1.755663e+01
4.569092e+05	-1.702420e+01
4.595483e+05	-1.643746e+01
4.622026e+05	-1.579199e+01
4.648723e+05	-1.508381e+01
4.675574e+05	-1.431491e+01
4.702580e+05	-1.348812e+01
4.729742e+05	-1.261901e+01
4.757060e+05	-1.174343e+01
4.784537e+05	-1.093057e+01
4.812172e+05	-1.028781e+01
4.839967e+05	-9.946650e+00
4.867923e+05	-1.000442e+01
4.896040e+05	-1.045692e+01
4.924319e+05	-1.120304e+01
4.952762e+05	-1.211032e+01
4.981369e+05	-1.307278e+01
5.010141e+05	-1.402246e+01
5.039079e+05	-1.492791e+01
5.068185e+05	-1.577115e+01
5.097458e+05	-1.654794e+01
5.126901e+05	-1.726026e+01
5.156514e+05	-1.790695e+01
5.186298e+05	-1.849469e+01
5.216253e+05	-1.902431e+01
5.246382e+05	-1.950430e+01
5.276685e+05	-1.992895e+01
5.307163e+05	-2.030911e+01
5.337817e+05	-2.064437e+01
5.368648e+05	-2.093026e+01
5.399657e+05	-2.117657e+01
5.430845e+05	-2.138012e+01
5.462214e+05	-2.154342e+01
5.493763e+05	-2.166181e+01
5.525495e+05	-2.174382e+01
5.557410e+05	-2.177974e+01
5.589509e+05	-2.177695e+01
5.621794e+05	-2.172585e+01
5.654265e+05	-2.163283e+01
5.686924e+05	-2.148960e+01
5.719772e+05	-2.129757e+01
5.752809e+05	-2.105306e+01
5.786037e+05	-2.075424e+01
5.819457e+05	-2.039247e+01
5.853070e+05	-1.996844e+01
5.886877e+05	-1.947015e+01
5.920879e+05	-1.889621e+01
5.955078e+05	-1.824245e+01
5.989474e+05	-1.750058e+01
6.024069e+05	-1.667299e+01
6.058864e+05	-1.576890e+01
6.093860e+05	-1.482165e+01
6.129058e+05	-1.390353e+01
6.164459e+05	-1.314564e+01
6.200064e+05	-1.273542e+01
6.235876e+05	-1.281647e+01
6.271894e+05	-1.338156e+01
6.308120e+05	-1.427861e+01
6.344555e+05	-1.532109e+01
6.381201e+05	-1.638177e+01
6.418059e+05	-1.738922e+01
6.455129e+05	-1.831157e+01
6.492414e+05	-1.913906e+01
6.529914e+05	-1.987202e+01
6.567630e+05	-2.051088e+01
6.605565e+05	-2.106062e+01
6.643718e+05	-2.152480e+01
6.682092e+05	-2.191004e+01
6.720688e+05	-2.221323e+01
6.759506e+05	-2.243973e+01
6.798549e+05	-2.258497e+01
6.837817e+05	-2.265642e+01
6.877312e+05	-2.264513e+01
6.917035e+05	-2.255105e+01
6.956987e+05	-2.237616e+01
6.997171e+05	-2.210855e+01
7.037586e+05	-2.174196e+01
7.078235e+05	-2.127422e+01
7.119118e+05	-2.069638e+01
7.160238e+05	-2.000191e+01
7.201595e+05	-1.919524e+01
7.243191e+05	-1.829057e+01
7.285028e+05	-1.732984e+01
7.327106e+05	-1.642457e+01
7.369427e+05	-1.576990e+01
7.411992e+05	-1.559456e+01
7.454804e+05	-1.600453e+01
7.497862e+05	-1.687032e+01
7.541170e+05	-1.795436e+01
7.584727e+05	-1.907056e+01
7.628536e+05	-2.011544e+01
7.672598e+05	-2.104119e+01
7.716915e+05	-2.183641e+01
7.761488e+05	-2.249510e+01
7.806318e+05	-2.301965e+01
7.851407e+05	-2.341294e+01
7.896756e+05	-2.367257e+01
7.942367e+05	-2.380422e+01
7.988242e+05	-2.380172e+01
8.034382e+05	-2.366183e+01
8.080788e+05	-2.337504e+01
8.127463e+05	-2.293872e+01
8.174406e+05	-2.235276e+01
8.221621e+05	-2.161307e+01
8.269109e+05	-2.075239e+01
8.316871e+05	-1.984062e+01
8.364909e+05	-1.904793e+01
8.413225e+05	-1.863697e+01
8.461819e+05	-1.882970e+01
8.510694e+05	-1.959188e+01
8.559852e+05	-2.066462e+01
8.609293e+05	-2.179758e+01
8.659020e+05	-2.283802e+01
8.709034e+05	-2.372034e+01
8.759337e+05	-2.441637e+01
8.809931e+05	-2.491422e+01
8.860816e+05	-2.521500e+01
8.911996e+05	-2.531364e+01
8.963471e+05	-2.520068e+01
9.015244e+05	-2.488389e+01
9.067316e+05	-2.436474e+01
9.119688e+05	-2.366395e+01
9.172363e+05	-2.287303e+01
9.225342e+05	-2.217869e+01
9.278628e+05	-2.187279e+01
9.332221e+05	-2.219129e+01
9.386123e+05	-2.305193e+01
9.440337e+05	-2.415128e+01
9.494864e+05	-2.522320e+01
9.549706e+05	-2.611524e+01
9.604865e+05	-2.676954e+01
9.660342e+05	-2.714536e+01
9.716140e+05	-2.723779e+01
9.772260e+05	-2.705862e+01
9.828704e+05	-2.663517e+01
9.885474e+05	-2.605243e+01
9.942572e+05	-2.554419e+01
1.000000e+06	-2.541236e+01
