Frequency(Hz)	Magnitude(dB)
1.000000e+01	1.299948e-04
1.005776e+01	1.056819e-04
1.011585e+01	6.237306e-05
1.017428e+01	-3.690874e-05
1.023305e+01	-5.958792e-05
1.029215e+01	-7.419397e-05
1.035160e+01	-2.687957e-05
1.041139e+01	8.607788e-05
1.047153e+01	-1.399673e-04
1.053201e+01	5.979225e-05
1.059284e+01	-7.825742e-05
1.065403e+01	1.109017e-04
1.071556e+01	-2.066085e-05
1.077746e+01	3.489530e-05
1.083971e+01	-5.674403e-06
1.090232e+01	-2.326193e-05
1.096529e+01	-1.211182e-04
1.102862e+01	-3.943142e-05
1.109232e+01	-7.911078e-05
1.115639e+01	-1.609852e-05
1.122083e+01	4.516979e-06
1.128564e+01	-1.522741e-04
1.135083e+01	-7.436487e-05
1.141639e+01	-9.781523e-05
1.148233e+01	-2.578492e-05
1.154865e+01	-2.539217e-05
1.161536e+01	1.142353e-04
1.168245e+01	1.243416e-04
1.174992e+01	-8.806410e-05
1.181779e+01	2.267780e-06
1.188605e+01	-2.312061e-04
1.195470e+01	-1.432461e-06
1.202375e+01	-4.355071e-05
1.209320e+01	-1.397865e-04
1.216305e+01	-6.860583e-05
1.223330e+01	-2.083331e-05
1.230396e+01	-1.123526e-04
1.237503e+01	-4.862213e-05
1.244651e+01	-1.334560e-04
1.251840e+01	-6.028260e-05
1.259070e+01	-1.834902e-05
1.266343e+01	4.216992e-05
1.273657e+01	-6.573402e-05
1.281014e+01	3.890751e-05
1.288413e+01	5.273307e-05
1.295855e+01	7.684175e-06
1.303339e+01	-7.757137e-05
1.310867e+01	-2.934212e-04
1.318439e+01	3.137584e-05
1.326054e+01	-3.211379e-05
1.333713e+01	-9.328784e-05
1.341417e+01	-1.014314e-04
1.349165e+01	3.484989e-05
1.356958e+01	1.178764e-05
1.364795e+01	-1.240375e-04
1.372678e+01	1.141358e-05
1.380607e+01	-1.307590e-04
1.388581e+01	1.832585e-05
1.396602e+01	7.635573e-05
1.404668e+01	1.486425e-05
1.412782e+01	2.842479e-05
1.420942e+01	-2.808040e-05
1.429149e+01	-1.645852e-04
1.437404e+01	7.705178e-05
1.445706e+01	-7.185893e-05
1.454057e+01	-2.576722e-05
1.462455e+01	-1.703969e-05
1.470902e+01	-1.358211e-04
1.479398e+01	1.037821e-04
1.487943e+01	-7.256706e-05
1.496537e+01	-1.601827e-04
1.505181e+01	-6.516770e-05
1.513875e+01	-6.908136e-05
1.522619e+01	-2.305404e-04
1.531414e+01	-8.877489e-05
1.540259e+01	-1.058230e-04
1.549156e+01	4.465305e-05
1.558103e+01	-1.330074e-04
1.567103e+01	-5.740265e-05
1.576155e+01	-1.111676e-04
1.585258e+01	-1.104741e-04
1.594415e+01	-5.837889e-05
1.603624e+01	-7.764967e-05
1.612886e+01	-6.280234e-05
1.622202e+01	-8.019849e-06
1.631572e+01	-8.510932e-06
1.640996e+01	2.609865e-06
1.650474e+01	-1.185379e-05
1.660008e+01	-5.496328e-05
1.669596e+01	-8.473997e-06
1.679239e+01	-1.029830e-05
1.688938e+01	4.617952e-05
1.698694e+01	-9.965921e-05
1.708505e+01	-1.349222e-04
1.718373e+01	-3.328951e-05
1.728299e+01	-1.337207e-04
1.738281e+01	-1.483530e-04
1.748322e+01	-9.193600e-05
1.758420e+01	-9.195228e-05
1.768576e+01	-3.772343e-05
1.778792e+01	2.007904e-05
1.789066e+01	-1.683932e-04
1.799399e+01	-9.246939e-05
1.809793e+01	-7.293889e-05
1.820246e+01	4.137462e-05
1.830760e+01	-9.099629e-05
1.841334e+01	-2.922107e-05
1.851969e+01	-4.429010e-05
1.862666e+01	1.223262e-04
1.873425e+01	5.553456e-05
1.884246e+01	-8.185747e-05
1.895129e+01	-1.139250e-04
1.906075e+01	-2.329109e-04
1.917085e+01	-7.062109e-05
1.928158e+01	-1.188603e-04
1.939295e+01	-4.028614e-05
1.950496e+01	-1.643702e-04
1.961762e+01	-1.238329e-04
1.973093e+01	-1.741141e-04
1.984490e+01	-1.820800e-04
1.995952e+01	-3.200427e-05
2.007480e+01	-7.603605e-05
2.019076e+01	-2.958930e-05
2.030738e+01	2.250728e-05
2.042467e+01	1.213234e-04
2.054264e+01	-2.946791e-05
2.066130e+01	-1.236994e-05
2.078064e+01	-5.797203e-05
2.090066e+01	-4.570970e-05
2.102139e+01	-2.316872e-04
2.114280e+01	-5.202471e-05
2.126492e+01	-4.614166e-05
2.138775e+01	-2.140533e-04
2.151128e+01	-1.387254e-04
2.163553e+01	-8.917837e-05
2.176050e+01	-2.769118e-04
2.188619e+01	-6.685488e-05
2.201260e+01	4.877837e-05
2.213974e+01	-1.227332e-04
2.226762e+01	-3.971263e-05
2.239624e+01	-7.357766e-05
2.252560e+01	-2.052575e-05
2.265571e+01	-1.240569e-05
2.278656e+01	-1.040674e-05
2.291818e+01	-2.078965e-04
2.305055e+01	-4.053473e-05
2.318369e+01	-1.862223e-04
2.331760e+01	-8.791284e-05
2.345228e+01	-1.385457e-04
2.358774e+01	-9.310331e-05
2.372398e+01	-1.006708e-04
2.386101e+01	-5.546025e-05
2.399883e+01	-2.406253e-04
2.413745e+01	-1.802762e-04
2.427686e+01	-1.555411e-04
2.441709e+01	-1.288369e-04
2.455812e+01	-1.102996e-04
2.469997e+01	-6.732529e-05
2.484263e+01	-1.066761e-04
2.498612e+01	-2.351177e-04
2.513044e+01	-2.251891e-04
2.527559e+01	-4.528185e-05
2.542158e+01	-1.183752e-04
2.556842e+01	-6.784287e-05
2.571610e+01	-1.337036e-04
2.586463e+01	-6.108762e-05
2.601403e+01	-1.517257e-04
2.616428e+01	-1.709665e-04
2.631541e+01	-2.147296e-04
2.646740e+01	-5.161678e-05
2.662028e+01	-6.503518e-05
2.677404e+01	-1.398216e-04
2.692868e+01	-3.594029e-05
2.708422e+01	-1.313320e-04
2.724066e+01	-4.681686e-05
2.739800e+01	-1.947614e-04
2.755625e+01	-1.478635e-04
2.771541e+01	-1.347777e-04
2.787550e+01	-9.540707e-05
2.803650e+01	-3.031989e-04
2.819844e+01	1.137438e-05
2.836131e+01	-4.388857e-05
2.852513e+01	-1.174792e-04
2.868989e+01	-7.135940e-05
2.885560e+01	-5.921241e-06
2.902227e+01	-1.076398e-04
2.918990e+01	-8.102352e-05
2.935850e+01	5.553960e-05
2.952807e+01	-9.842939e-05
2.969863e+01	-5.437590e-05
2.987016e+01	-2.003701e-04
3.004269e+01	-1.689361e-04
3.021622e+01	-3.677885e-04
3.039075e+01	-1.327065e-04
3.056628e+01	-6.291673e-05
3.074283e+01	-4.551309e-05
3.092040e+01	-1.202552e-04
3.109900e+01	-1.887360e-04
3.127862e+01	-2.956166e-04
3.145929e+01	-2.286058e-04
3.164099e+01	-1.037676e-04
3.182375e+01	-2.008758e-04
3.200756e+01	-8.198013e-05
3.219244e+01	-2.283601e-04
3.237838e+01	-1.829516e-04
3.256540e+01	-1.673772e-04
3.275349e+01	-3.267887e-04
3.294268e+01	-1.251254e-04
3.313295e+01	-1.564731e-04
3.332433e+01	-1.549795e-04
3.351681e+01	-1.661153e-04
3.371040e+01	-2.772823e-04
3.390511e+01	-1.434805e-04
3.410094e+01	-2.854581e-04
3.429791e+01	-2.398123e-04
3.449601e+01	-3.384718e-04
3.469526e+01	-1.861065e-04
3.489566e+01	-3.970451e-04
3.509721e+01	-2.782202e-04
3.529993e+01	-1.635415e-04
3.550382e+01	-1.914840e-04
3.570889e+01	-1.611010e-04
3.591515e+01	-3.258129e-04
3.612259e+01	-3.308231e-04
3.633123e+01	-1.601547e-04
3.654108e+01	-2.911875e-04
3.675214e+01	-2.641844e-04
3.696442e+01	-1.998062e-04
3.717792e+01	-1.386286e-04
3.739266e+01	-2.763626e-04
3.760864e+01	-3.141905e-04
3.782587e+01	-3.017064e-04
3.804435e+01	-1.661605e-04
3.826409e+01	-2.100508e-04
3.848510e+01	-3.002750e-04
3.870739e+01	-4.503412e-04
3.893096e+01	-2.832337e-04
3.915583e+01	-1.059356e-04
3.938199e+01	-3.598949e-04
3.960946e+01	-4.214974e-04
3.983824e+01	-5.137717e-04
4.006834e+01	-4.819181e-04
4.029978e+01	-2.107531e-04
4.053255e+01	-4.105819e-04
4.076666e+01	-1.597267e-04
4.100213e+01	-2.912162e-04
4.123896e+01	-3.320976e-04
4.147715e+01	-2.561276e-04
4.171672e+01	-3.938971e-04
4.195767e+01	-3.647136e-04
4.220002e+01	-4.652707e-04
4.244377e+01	-3.268240e-04
4.268892e+01	-3.354388e-04
4.293549e+01	-3.507582e-04
4.318348e+01	-4.269585e-04
4.343291e+01	-8.258284e-05
4.368377e+01	-3.362916e-04
4.393609e+01	-3.647453e-04
4.418986e+01	-3.917753e-04
4.444510e+01	-4.571335e-04
4.470182e+01	-4.484355e-04
4.496001e+01	-3.869622e-04
4.521970e+01	-3.935073e-04
4.548089e+01	-3.644141e-04
4.574358e+01	-3.372727e-04
4.600779e+01	-5.190068e-04
4.627353e+01	-3.960786e-04
4.654081e+01	-4.725332e-04
4.680963e+01	-3.571633e-04
4.708000e+01	-3.769023e-04
4.735193e+01	-4.979445e-04
4.762543e+01	-4.087050e-04
4.790051e+01	-4.619253e-04
4.817719e+01	-3.823636e-04
4.845545e+01	-4.999963e-04
4.873533e+01	-4.650222e-04
4.901682e+01	-3.720019e-04
4.929994e+01	-6.276531e-04
4.958470e+01	-4.800126e-04
4.987110e+01	-4.059774e-04
5.015915e+01	-5.946829e-04
5.044887e+01	-5.561136e-04
5.074026e+01	-5.174712e-04
5.103333e+01	-5.768429e-04
5.132810e+01	-3.592980e-04
5.162457e+01	-5.299526e-04
5.192275e+01	-4.049485e-04
5.222265e+01	-5.526551e-04
5.252429e+01	-4.238828e-04
5.282767e+01	-5.197869e-04
5.313280e+01	-5.866906e-04
5.343969e+01	-5.716265e-04
5.374836e+01	-4.884871e-04
5.405880e+01	-5.337347e-04
5.437105e+01	-5.818112e-04
5.468509e+01	-4.913968e-04
5.500095e+01	-6.633342e-04
5.531863e+01	-6.774205e-04
5.563815e+01	-7.813326e-04
5.595951e+01	-7.679371e-04
5.628273e+01	-5.625159e-04
5.660782e+01	-5.791670e-04
5.693479e+01	-5.686972e-04
5.726364e+01	-7.547759e-04
5.759439e+01	-7.296812e-04
5.792705e+01	-7.700967e-04
5.826164e+01	-7.146382e-04
5.859815e+01	-5.657213e-04
5.893662e+01	-6.327425e-04
5.927703e+01	-8.497707e-04
5.961941e+01	-8.631677e-04
5.996377e+01	-6.051675e-04
6.031012e+01	-8.320763e-04
6.065847e+01	-7.212873e-04
6.100883e+01	-5.006228e-04
6.136121e+01	-5.925567e-04
6.171563e+01	-8.875611e-04
6.207210e+01	-6.732965e-04
6.243063e+01	-8.447324e-04
6.279122e+01	-7.890279e-04
6.315390e+01	-6.537124e-04
6.351868e+01	-7.640201e-04
6.388556e+01	-7.410215e-04
6.425456e+01	-8.180818e-04
6.462569e+01	-7.329518e-04
6.499897e+01	-9.258847e-04
6.537440e+01	-7.095007e-04
6.575200e+01	-7.836209e-04
6.613178e+01	-9.027623e-04
6.651375e+01	-8.023745e-04
6.689793e+01	-8.313300e-04
6.728433e+01	-8.478292e-04
6.767297e+01	-8.701250e-04
6.806384e+01	-8.373643e-04
6.845698e+01	-9.946952e-04
6.885238e+01	-8.912966e-04
6.925007e+01	-9.159490e-04
6.965005e+01	-9.918365e-04
7.005235e+01	-8.164256e-04
7.045697e+01	-9.060487e-04
7.086393e+01	-1.000969e-03
7.127323e+01	-9.342721e-04
7.168490e+01	-1.035385e-03
7.209895e+01	-8.837667e-04
7.251539e+01	-8.787018e-04
7.293424e+01	-1.098201e-03
7.335551e+01	-1.060034e-03
7.377920e+01	-9.835826e-04
7.420535e+01	-1.097271e-03
7.463396e+01	-1.013902e-03
7.506504e+01	-1.057710e-03
7.549861e+01	-1.038279e-03
7.593469e+01	-1.031184e-03
7.637328e+01	-1.183294e-03
7.681441e+01	-1.108603e-03
7.725809e+01	-1.099387e-03
7.770433e+01	-1.086499e-03
7.815315e+01	-1.139349e-03
7.860456e+01	-1.312409e-03
7.905857e+01	-1.311821e-03
7.951521e+01	-1.047727e-03
7.997449e+01	-1.286535e-03
8.043642e+01	-1.084564e-03
8.090102e+01	-1.120837e-03
8.136830e+01	-1.318035e-03
8.183828e+01	-1.425338e-03
8.231097e+01	-1.268108e-03
8.278640e+01	-1.197662e-03
8.326457e+01	-1.359751e-03
8.374550e+01	-1.366952e-03
8.422921e+01	-1.368979e-03
8.471572e+01	-1.468622e-03
8.520503e+01	-1.342811e-03
8.569717e+01	-1.499768e-03
8.619215e+01	-1.529476e-03
8.669000e+01	-1.564248e-03
8.719071e+01	-1.437195e-03
8.769432e+01	-1.471283e-03
8.820084e+01	-1.357723e-03
8.871029e+01	-1.500457e-03
8.922267e+01	-1.639872e-03
8.973802e+01	-1.650270e-03
9.025634e+01	-1.441141e-03
9.077766e+01	-1.601741e-03
9.130199e+01	-1.594210e-03
9.182935e+01	-1.691279e-03
9.235975e+01	-1.626554e-03
9.289321e+01	-1.640767e-03
9.342976e+01	-1.553633e-03
9.396941e+01	-1.705956e-03
9.451217e+01	-1.798589e-03
9.505807e+01	-1.678119e-03
9.560712e+01	-1.781415e-03
9.615934e+01	-1.807964e-03
9.671476e+01	-1.897384e-03
9.727338e+01	-1.639214e-03
9.783522e+01	-1.824565e-03
9.840032e+01	-1.718214e-03
9.896867e+01	-1.959618e-03
9.954031e+01	-2.018105e-03
1.001153e+02	-1.991913e-03
1.006935e+02	-1.834890e-03
1.012751e+02	-1.743739e-03
1.018601e+02	-2.076821e-03
1.024484e+02	-1.876159e-03
1.030402e+02	-1.877730e-03
1.036353e+02	-1.963050e-03
1.042339e+02	-2.194379e-03
1.048360e+02	-2.048225e-03
1.054415e+02	-2.076242e-03
1.060505e+02	-2.103646e-03
1.066631e+02	-2.168970e-03
1.072791e+02	-2.162273e-03
1.078988e+02	-2.201461e-03
1.085220e+02	-2.335235e-03
1.091488e+02	-2.349067e-03
1.097793e+02	-2.249119e-03
1.104133e+02	-2.316923e-03
1.110511e+02	-2.142470e-03
1.116925e+02	-2.443681e-03
1.123376e+02	-2.442939e-03
1.129865e+02	-2.478706e-03
1.136391e+02	-2.561210e-03
1.142955e+02	-2.471648e-03
1.149556e+02	-2.539000e-03
1.156196e+02	-2.578693e-03
1.162874e+02	-2.468694e-03
1.169591e+02	-2.546150e-03
1.176347e+02	-2.635177e-03
1.183141e+02	-2.621793e-03
1.189975e+02	-2.740162e-03
1.196848e+02	-2.589619e-03
1.203761e+02	-2.816121e-03
1.210714e+02	-2.851537e-03
1.217707e+02	-2.792234e-03
1.224740e+02	-2.865575e-03
1.231814e+02	-2.829683e-03
1.238929e+02	-2.886642e-03
1.246085e+02	-3.057939e-03
1.253283e+02	-2.933572e-03
1.260522e+02	-3.050094e-03
1.267802e+02	-3.168574e-03
1.275125e+02	-3.102758e-03
1.282490e+02	-3.289506e-03
1.289898e+02	-3.092626e-03
1.297348e+02	-3.309166e-03
1.304842e+02	-3.247697e-03
1.312378e+02	-3.327390e-03
1.319959e+02	-3.381874e-03
1.327583e+02	-3.242337e-03
1.335251e+02	-3.265395e-03
1.342963e+02	-3.281809e-03
1.350720e+02	-3.665369e-03
1.358522e+02	-3.583369e-03
1.366368e+02	-3.647367e-03
1.374260e+02	-3.489492e-03
1.382198e+02	-3.719815e-03
1.390182e+02	-3.889748e-03
1.398211e+02	-3.841957e-03
1.406287e+02	-3.882541e-03
1.414410e+02	-3.752461e-03
1.422579e+02	-3.857915e-03
1.430796e+02	-3.934626e-03
1.439060e+02	-3.833731e-03
1.447372e+02	-4.012916e-03
1.455732e+02	-4.233614e-03
1.464141e+02	-4.082843e-03
1.472597e+02	-4.080374e-03
1.481103e+02	-4.116305e-03
1.489658e+02	-4.468256e-03
1.498262e+02	-4.350438e-03
1.506916e+02	-4.533972e-03
1.515620e+02	-4.405683e-03
1.524374e+02	-4.362226e-03
1.533179e+02	-4.555921e-03
1.542034e+02	-4.668351e-03
1.550941e+02	-4.631956e-03
1.559899e+02	-4.633535e-03
1.568909e+02	-4.737815e-03
1.577971e+02	-4.716880e-03
1.587085e+02	-4.919789e-03
1.596252e+02	-4.911056e-03
1.605472e+02	-4.968382e-03
1.614745e+02	-4.983497e-03
1.624072e+02	-5.050283e-03
1.633453e+02	-4.986767e-03
1.642887e+02	-5.123559e-03
1.652377e+02	-5.209046e-03
1.661921e+02	-5.155610e-03
1.671520e+02	-5.478584e-03
1.681175e+02	-5.273916e-03
1.690885e+02	-5.472391e-03
1.700651e+02	-5.629875e-03
1.710474e+02	-5.585737e-03
1.720354e+02	-5.556386e-03
1.730291e+02	-5.691812e-03
1.740285e+02	-5.948487e-03
1.750337e+02	-5.739724e-03
1.760446e+02	-6.000057e-03
1.770615e+02	-6.117084e-03
1.780842e+02	-6.014600e-03
1.791128e+02	-6.063711e-03
1.801473e+02	-6.192671e-03
1.811878e+02	-6.315899e-03
1.822344e+02	-6.344293e-03
1.832870e+02	-6.393820e-03
1.843456e+02	-6.651025e-03
1.854104e+02	-6.756248e-03
1.864813e+02	-6.546351e-03
1.875584e+02	-6.678636e-03
1.886418e+02	-6.766026e-03
1.897313e+02	-6.712942e-03
1.908272e+02	-7.142038e-03
1.919294e+02	-7.030603e-03
1.930380e+02	-7.071956e-03
1.941530e+02	-7.336006e-03
1.952744e+02	-7.219538e-03
1.964023e+02	-7.420843e-03
1.975367e+02	-7.360117e-03
1.986777e+02	-7.529534e-03
1.998252e+02	-7.811479e-03
2.009794e+02	-7.833937e-03
2.021403e+02	-7.828504e-03
2.033078e+02	-7.805397e-03
2.044821e+02	-8.020240e-03
2.056632e+02	-8.156603e-03
2.068511e+02	-8.355791e-03
2.080459e+02	-8.347935e-03
2.092475e+02	-8.352221e-03
2.104561e+02	-8.471898e-03
2.116717e+02	-8.581812e-03
2.128943e+02	-8.613000e-03
2.141240e+02	-8.830418e-03
2.153608e+02	-9.099638e-03
2.166047e+02	-9.188787e-03
2.178558e+02	-9.035808e-03
2.191141e+02	-9.275467e-03
2.203797e+02	-9.166397e-03
2.216526e+02	-9.346834e-03
2.229329e+02	-9.720550e-03
2.242205e+02	-9.567274e-03
2.255156e+02	-9.763817e-03
2.268182e+02	-9.862627e-03
2.281283e+02	-1.004912e-02
2.294459e+02	-9.983555e-03
2.307712e+02	-1.019695e-02
2.321041e+02	-1.024660e-02
2.334447e+02	-1.045203e-02
2.347931e+02	-1.068869e-02
2.361493e+02	-1.064333e-02
2.375133e+02	-1.060526e-02
2.388851e+02	-1.102562e-02
2.402649e+02	-1.105144e-02
2.416527e+02	-1.130323e-02
2.430484e+02	-1.141996e-02
2.444523e+02	-1.140239e-02
2.458642e+02	-1.146288e-02
2.472843e+02	-1.154679e-02
2.487126e+02	-1.184816e-02
2.501492e+02	-1.195259e-02
2.515940e+02	-1.225336e-02
2.530472e+02	-1.246939e-02
2.545088e+02	-1.248047e-02
2.559789e+02	-1.256871e-02
2.574574e+02	-1.274173e-02
2.589444e+02	-1.281266e-02
2.604401e+02	-1.298174e-02
2.619444e+02	-1.329561e-02
2.634574e+02	-1.343426e-02
2.649791e+02	-1.354233e-02
2.665096e+02	-1.362797e-02
2.680489e+02	-1.381504e-02
2.695972e+02	-1.392195e-02
2.711544e+02	-1.398742e-02
2.727205e+02	-1.418843e-02
2.742958e+02	-1.446879e-02
2.758801e+02	-1.458496e-02
2.774736e+02	-1.498824e-02
2.790762e+02	-1.486052e-02
2.806882e+02	-1.512974e-02
2.823094e+02	-1.521948e-02
2.839400e+02	-1.541516e-02
2.855800e+02	-1.546956e-02
2.872295e+02	-1.591651e-02
2.888886e+02	-1.601631e-02
2.905572e+02	-1.623712e-02
2.922354e+02	-1.636930e-02
2.939234e+02	-1.658859e-02
2.956211e+02	-1.689920e-02
2.973286e+02	-1.684675e-02
2.990459e+02	-1.720131e-02
3.007732e+02	-1.729730e-02
3.025104e+02	-1.745348e-02
3.042577e+02	-1.784183e-02
3.060151e+02	-1.803045e-02
3.077826e+02	-1.816795e-02
3.095604e+02	-1.830376e-02
3.113484e+02	-1.848166e-02
3.131467e+02	-1.875450e-02
3.149554e+02	-1.889064e-02
3.167746e+02	-1.932577e-02
3.186043e+02	-1.927541e-02
3.204445e+02	-1.961790e-02
3.222954e+02	-1.998079e-02
3.241570e+02	-1.997155e-02
3.260293e+02	-2.029915e-02
3.279124e+02	-2.065666e-02
3.298064e+02	-2.086773e-02
3.317114e+02	-2.119540e-02
3.336273e+02	-2.140644e-02
3.355544e+02	-2.164021e-02
3.374925e+02	-2.175640e-02
3.394418e+02	-2.207628e-02
3.414024e+02	-2.233938e-02
3.433744e+02	-2.247419e-02
3.453577e+02	-2.271193e-02
3.473525e+02	-2.313248e-02
3.493588e+02	-2.337798e-02
3.513766e+02	-2.353850e-02
3.534062e+02	-2.391013e-02
3.554474e+02	-2.412357e-02
3.575005e+02	-2.443332e-02
3.595654e+02	-2.467520e-02
3.616422e+02	-2.483926e-02
3.637311e+02	-2.546715e-02
3.658320e+02	-2.565392e-02
3.679450e+02	-2.599386e-02
3.700702e+02	-2.614961e-02
3.722077e+02	-2.664735e-02
3.743576e+02	-2.698722e-02
3.765199e+02	-2.713387e-02
3.786946e+02	-2.733347e-02
3.808820e+02	-2.786464e-02
3.830819e+02	-2.790722e-02
3.852946e+02	-2.833735e-02
3.875200e+02	-2.875793e-02
3.897583e+02	-2.912539e-02
3.920096e+02	-2.928874e-02
3.942738e+02	-2.992949e-02
3.965511e+02	-3.003412e-02
3.988416e+02	-3.028713e-02
4.011452e+02	-3.086872e-02
4.034622e+02	-3.118054e-02
4.057926e+02	-3.143189e-02
4.081365e+02	-3.206348e-02
4.104938e+02	-3.203227e-02
4.128648e+02	-3.254803e-02
4.152495e+02	-3.290023e-02
4.176480e+02	-3.349482e-02
4.200603e+02	-3.375140e-02
4.224866e+02	-3.413972e-02
4.249268e+02	-3.443686e-02
4.273812e+02	-3.497926e-02
4.298497e+02	-3.528680e-02
4.323325e+02	-3.570632e-02
4.348297e+02	-3.620956e-02
4.373412e+02	-3.661942e-02
4.398673e+02	-3.706036e-02
4.424079e+02	-3.739815e-02
4.449633e+02	-3.772100e-02
4.475334e+02	-3.817893e-02
4.501183e+02	-3.877824e-02
4.527182e+02	-3.888642e-02
4.553330e+02	-3.980662e-02
4.579630e+02	-4.016867e-02
4.606082e+02	-4.052199e-02
4.632687e+02	-4.093793e-02
4.659445e+02	-4.139195e-02
4.686358e+02	-4.201192e-02
4.713426e+02	-4.249045e-02
4.740650e+02	-4.290504e-02
4.768032e+02	-4.348274e-02
4.795572e+02	-4.382788e-02
4.823271e+02	-4.453773e-02
4.851130e+02	-4.484240e-02
4.879150e+02	-4.528641e-02
4.907332e+02	-4.584780e-02
4.935676e+02	-4.648509e-02
4.964185e+02	-4.696874e-02
4.992858e+02	-4.767573e-02
5.021696e+02	-4.806309e-02
5.050701e+02	-4.858500e-02
5.079874e+02	-4.918641e-02
5.109215e+02	-4.993077e-02
5.138726e+02	-5.036085e-02
5.168407e+02	-5.096190e-02
5.198259e+02	-5.158682e-02
5.228284e+02	-5.221915e-02
5.258482e+02	-5.276321e-02
5.288855e+02	-5.339474e-02
5.319403e+02	-5.406821e-02
5.350128e+02	-5.451812e-02
5.381030e+02	-5.511635e-02
5.412111e+02	-5.577686e-02
5.443371e+02	-5.641000e-02
5.474812e+02	-5.711519e-02
5.506434e+02	-5.759188e-02
5.538239e+02	-5.850117e-02
5.570228e+02	-5.901268e-02
5.602401e+02	-5.979687e-02
5.634760e+02	-6.064356e-02
5.667306e+02	-6.115242e-02
5.700040e+02	-6.187573e-02
5.732964e+02	-6.251024e-02
5.766077e+02	-6.329295e-02
5.799382e+02	-6.414638e-02
5.832879e+02	-6.487443e-02
5.866569e+02	-6.555092e-02
5.900454e+02	-6.623968e-02
5.934535e+02	-6.728373e-02
5.968813e+02	-6.771138e-02
6.003288e+02	-6.858842e-02
6.037963e+02	-6.947180e-02
6.072838e+02	-7.017466e-02
6.107914e+02	-7.107050e-02
6.143194e+02	-7.181289e-02
6.178676e+02	-7.278865e-02
6.214364e+02	-7.345458e-02
6.250258e+02	-7.449104e-02
6.286359e+02	-7.514099e-02
6.322669e+02	-7.610236e-02
6.359189e+02	-7.687649e-02
6.395919e+02	-7.784125e-02
6.432862e+02	-7.867784e-02
6.470017e+02	-7.953986e-02
6.507388e+02	-8.032794e-02
6.544974e+02	-8.146932e-02
6.582778e+02	-8.249548e-02
6.620800e+02	-8.338913e-02
6.659041e+02	-8.457175e-02
6.697504e+02	-8.520099e-02
6.736188e+02	-8.619889e-02
6.775096e+02	-8.725341e-02
6.814229e+02	-8.833375e-02
6.853587e+02	-8.925179e-02
6.893173e+02	-9.031271e-02
6.932988e+02	-9.119240e-02
6.973033e+02	-9.226769e-02
7.013309e+02	-9.324971e-02
7.053817e+02	-9.445114e-02
7.094560e+02	-9.559607e-02
7.135538e+02	-9.661553e-02
7.176752e+02	-9.779202e-02
7.218205e+02	-9.866848e-02
7.259897e+02	-9.990435e-02
7.301830e+02	-1.011788e-01
7.344005e+02	-1.023805e-01
7.386424e+02	-1.033828e-01
7.429087e+02	-1.047001e-01
7.471998e+02	-1.058953e-01
7.515155e+02	-1.069800e-01
7.558563e+02	-1.082568e-01
7.602221e+02	-1.095020e-01
7.646131e+02	-1.107019e-01
7.690295e+02	-1.120484e-01
7.734713e+02	-1.131956e-01
7.779389e+02	-1.146490e-01
7.824322e+02	-1.158163e-01
7.869515e+02	-1.171761e-01
7.914969e+02	-1.186244e-01
7.960686e+02	-1.200028e-01
8.006666e+02	-1.212696e-01
8.052912e+02	-1.226829e-01
8.099426e+02	-1.242884e-01
8.146208e+02	-1.256184e-01
8.193260e+02	-1.269556e-01
8.240584e+02	-1.284322e-01
8.288181e+02	-1.300437e-01
8.336053e+02	-1.312334e-01
8.384202e+02	-1.329630e-01
8.432629e+02	-1.344556e-01
8.481335e+02	-1.358989e-01
8.530323e+02	-1.374695e-01
8.579594e+02	-1.388138e-01
8.629149e+02	-1.405246e-01
8.678991e+02	-1.422891e-01
8.729120e+02	-1.437191e-01
8.779539e+02	-1.454375e-01
8.830250e+02	-1.469973e-01
8.881253e+02	-1.487419e-01
8.932551e+02	-1.505741e-01
8.984145e+02	-1.521876e-01
9.036037e+02	-1.537884e-01
9.088229e+02	-1.557681e-01
9.140722e+02	-1.574452e-01
9.193518e+02	-1.592443e-01
9.246620e+02	-1.610315e-01
9.300028e+02	-1.628280e-01
9.353744e+02	-1.648160e-01
9.407771e+02	-1.665366e-01
9.462110e+02	-1.686612e-01
9.516763e+02	-1.703249e-01
9.571731e+02	-1.722581e-01
9.627017e+02	-1.743353e-01
9.682622e+02	-1.763035e-01
9.738549e+02	-1.782188e-01
9.794798e+02	-1.804036e-01
9.851373e+02	-1.823592e-01
9.908274e+02	-1.842946e-01
9.965504e+02	-1.863879e-01
1.002306e+03	-1.885354e-01
1.008096e+03	-1.906978e-01
1.013918e+03	-1.928137e-01
1.019775e+03	-1.949841e-01
1.025665e+03	-1.972813e-01
1.031589e+03	-1.996249e-01
1.037548e+03	-2.017490e-01
1.043540e+03	-2.040530e-01
1.049568e+03	-2.064113e-01
1.055630e+03	-2.086576e-01
1.061727e+03	-2.110707e-01
1.067860e+03	-2.135689e-01
1.074028e+03	-2.158212e-01
1.080231e+03	-2.182496e-01
1.086471e+03	-2.206527e-01
1.092746e+03	-2.231531e-01
1.099058e+03	-2.257324e-01
1.105406e+03	-2.283878e-01
1.111791e+03	-2.308839e-01
1.118212e+03	-2.334514e-01
1.124671e+03	-2.360621e-01
1.131167e+03	-2.386647e-01
1.137701e+03	-2.414653e-01
1.144272e+03	-2.444794e-01
1.150881e+03	-2.469056e-01
1.157529e+03	-2.497580e-01
1.164215e+03	-2.524724e-01
1.170939e+03	-2.555166e-01
1.177702e+03	-2.583681e-01
1.184505e+03	-2.611041e-01
1.191346e+03	-2.641135e-01
1.198227e+03	-2.670012e-01
1.205148e+03	-2.700122e-01
1.212109e+03	-2.729607e-01
1.219110e+03	-2.761849e-01
1.226152e+03	-2.793382e-01
1.233234e+03	-2.825010e-01
1.240357e+03	-2.856760e-01
1.247521e+03	-2.887588e-01
1.254727e+03	-2.920384e-01
1.261974e+03	-2.952110e-01
1.269263e+03	-2.986697e-01
1.276595e+03	-3.018076e-01
1.283968e+03	-3.052027e-01
1.291384e+03	-3.087161e-01
1.298843e+03	-3.123532e-01
1.306345e+03	-3.156562e-01
1.313891e+03	-3.191596e-01
1.321480e+03	-3.226702e-01
1.329113e+03	-3.262460e-01
1.336790e+03	-3.299143e-01
1.344511e+03	-3.336203e-01
1.352277e+03	-3.374087e-01
1.360087e+03	-3.412081e-01
1.367943e+03	-3.448414e-01
1.375844e+03	-3.487854e-01
1.383791e+03	-3.525718e-01
1.391784e+03	-3.565582e-01
1.399823e+03	-3.603665e-01
1.407908e+03	-3.644894e-01
1.416040e+03	-3.686163e-01
1.424219e+03	-3.727212e-01
1.432445e+03	-3.768365e-01
1.440719e+03	-3.810701e-01
1.449041e+03	-3.853027e-01
1.457410e+03	-3.894206e-01
1.465828e+03	-3.935828e-01
1.474295e+03	-3.981477e-01
1.482810e+03	-4.025853e-01
1.491375e+03	-4.070160e-01
1.499989e+03	-4.114752e-01
1.508653e+03	-4.159811e-01
1.517367e+03	-4.205891e-01
1.526131e+03	-4.252838e-01
1.534946e+03	-4.301751e-01
1.543812e+03	-4.347861e-01
1.552729e+03	-4.395369e-01
1.561697e+03	-4.443648e-01
1.570717e+03	-4.491590e-01
1.579790e+03	-4.540595e-01
1.588915e+03	-4.592985e-01
1.598092e+03	-4.641570e-01
1.607323e+03	-4.690749e-01
1.616606e+03	-4.745668e-01
1.625944e+03	-4.796891e-01
1.635335e+03	-4.847762e-01
1.644781e+03	-4.902637e-01
1.654281e+03	-4.956044e-01
1.663836e+03	-5.009242e-01
1.673446e+03	-5.065432e-01
1.683112e+03	-5.121024e-01
1.692834e+03	-5.175332e-01
1.702611e+03	-5.233776e-01
1.712446e+03	-5.289500e-01
1.722337e+03	-5.347182e-01
1.732285e+03	-5.405422e-01
1.742290e+03	-5.464126e-01
1.752354e+03	-5.523860e-01
1.762475e+03	-5.584299e-01
1.772655e+03	-5.644995e-01
1.782894e+03	-5.705177e-01
1.793192e+03	-5.767762e-01
1.803549e+03	-5.829411e-01
1.813967e+03	-5.894583e-01
1.824444e+03	-5.955070e-01
1.834982e+03	-6.021925e-01
1.845581e+03	-6.087238e-01
1.856241e+03	-6.152831e-01
1.866962e+03	-6.217359e-01
1.877746e+03	-6.283496e-01
1.888592e+03	-6.352733e-01
1.899500e+03	-6.421991e-01
1.910472e+03	-6.488718e-01
1.921506e+03	-6.559301e-01
1.932605e+03	-6.630857e-01
1.943768e+03	-6.703657e-01
1.954995e+03	-6.774958e-01
1.966287e+03	-6.847125e-01
1.977644e+03	-6.917429e-01
1.989067e+03	-6.994350e-01
2.000555e+03	-7.067780e-01
2.012110e+03	-7.142382e-01
2.023732e+03	-7.221082e-01
2.035421e+03	-7.296631e-01
2.047178e+03	-7.373757e-01
2.059002e+03	-7.452818e-01
2.070895e+03	-7.532200e-01
2.082856e+03	-7.610440e-01
2.094887e+03	-7.694602e-01
2.106987e+03	-7.775429e-01
2.119157e+03	-7.858269e-01
2.131397e+03	-7.939964e-01
2.143708e+03	-8.025090e-01
2.156090e+03	-8.108958e-01
2.168543e+03	-8.196338e-01
2.181069e+03	-8.281632e-01
2.193666e+03	-8.368693e-01
2.206337e+03	-8.455007e-01
2.219081e+03	-8.544915e-01
2.231898e+03	-8.634505e-01
2.244789e+03	-8.724724e-01
2.257755e+03	-8.818846e-01
2.270796e+03	-8.909552e-01
2.283912e+03	-9.002387e-01
2.297104e+03	-9.097335e-01
2.310372e+03	-9.191829e-01
2.323716e+03	-9.286029e-01
2.337138e+03	-9.383209e-01
2.350637e+03	-9.481384e-01
2.364214e+03	-9.579733e-01
2.377870e+03	-9.678888e-01
2.391604e+03	-9.780249e-01
2.405418e+03	-9.880984e-01
2.419312e+03	-9.983621e-01
2.433286e+03	-1.008417e+00
2.447340e+03	-1.019093e+00
2.461476e+03	-1.029395e+00
2.475693e+03	-1.040179e+00
2.489993e+03	-1.050787e+00
2.504375e+03	-1.061715e+00
2.518840e+03	-1.072323e+00
2.533389e+03	-1.083422e+00
2.548022e+03	-1.094745e+00
2.562739e+03	-1.105657e+00
2.577541e+03	-1.116983e+00
2.592429e+03	-1.128310e+00
2.607403e+03	-1.139965e+00
2.622463e+03	-1.151246e+00
2.637610e+03	-1.163107e+00
2.652845e+03	-1.175047e+00
2.668168e+03	-1.186982e+00
2.683579e+03	-1.198887e+00
2.699079e+03	-1.210829e+00
2.714669e+03	-1.223226e+00
2.730349e+03	-1.235642e+00
2.746119e+03	-1.247989e+00
2.761981e+03	-1.260392e+00
2.777934e+03	-1.273057e+00
2.793979e+03	-1.286009e+00
2.810117e+03	-1.298553e+00
2.826348e+03	-1.311572e+00
2.842673e+03	-1.324832e+00
2.859092e+03	-1.337810e+00
2.875606e+03	-1.351111e+00
2.892215e+03	-1.364867e+00
2.908921e+03	-1.378220e+00
2.925722e+03	-1.391968e+00
2.942621e+03	-1.405620e+00
2.959618e+03	-1.419603e+00
2.976712e+03	-1.433531e+00
2.993906e+03	-1.447684e+00
3.011198e+03	-1.461904e+00
3.028591e+03	-1.476192e+00
3.046084e+03	-1.490607e+00
3.063678e+03	-1.505188e+00
3.081374e+03	-1.519912e+00
3.099172e+03	-1.534880e+00
3.117072e+03	-1.549765e+00
3.135076e+03	-1.564622e+00
3.153184e+03	-1.580010e+00
3.171397e+03	-1.595339e+00
3.189715e+03	-1.610698e+00
3.208139e+03	-1.626192e+00
3.226669e+03	-1.641687e+00
3.245306e+03	-1.657799e+00
3.264051e+03	-1.673510e+00
3.282904e+03	-1.689326e+00
3.301866e+03	-1.705725e+00
3.320937e+03	-1.721960e+00
3.340119e+03	-1.738535e+00
3.359411e+03	-1.755164e+00
3.378815e+03	-1.771572e+00
3.398331e+03	-1.788394e+00
3.417959e+03	-1.805360e+00
3.437701e+03	-1.822338e+00
3.457557e+03	-1.839485e+00
3.477528e+03	-1.856947e+00
3.497614e+03	-1.874396e+00
3.517816e+03	-1.892057e+00
3.538135e+03	-1.909603e+00
3.558571e+03	-1.927561e+00
3.579125e+03	-1.945391e+00
3.599798e+03	-1.963539e+00
3.620590e+03	-1.981832e+00
3.641503e+03	-2.000111e+00
3.662536e+03	-2.018523e+00
3.683691e+03	-2.037163e+00
3.704967e+03	-2.056007e+00
3.726367e+03	-2.074844e+00
3.747890e+03	-2.093959e+00
3.769538e+03	-2.113319e+00
3.791311e+03	-2.132326e+00
3.813209e+03	-2.151869e+00
3.835234e+03	-2.171385e+00
3.857386e+03	-2.191113e+00
3.879667e+03	-2.211064e+00
3.902075e+03	-2.230953e+00
3.924614e+03	-2.251114e+00
3.947282e+03	-2.271400e+00
3.970081e+03	-2.291726e+00
3.993012e+03	-2.312320e+00
4.016076e+03	-2.333178e+00
4.039272e+03	-2.353785e+00
4.062603e+03	-2.374828e+00
4.086069e+03	-2.395848e+00
4.109670e+03	-2.417340e+00
4.133407e+03	-2.438433e+00
4.157281e+03	-2.459809e+00
4.181294e+03	-2.481563e+00
4.205445e+03	-2.503361e+00
4.229735e+03	-2.525399e+00
4.254166e+03	-2.547446e+00
4.278738e+03	-2.569751e+00
4.303451e+03	-2.592116e+00
4.328308e+03	-2.614574e+00
4.353308e+03	-2.637136e+00
4.378453e+03	-2.660205e+00
4.403742e+03	-2.682878e+00
4.429178e+03	-2.706239e+00
4.454761e+03	-2.729165e+00
4.480492e+03	-2.752380e+00
4.506371e+03	-2.776078e+00
4.532399e+03	-2.799656e+00
4.558578e+03	-2.823460e+00
4.584908e+03	-2.847412e+00
4.611391e+03	-2.871337e+00
4.638026e+03	-2.895631e+00
4.664815e+03	-2.920134e+00
4.691759e+03	-2.944401e+00
4.718858e+03	-2.968872e+00
4.746114e+03	-2.993827e+00
4.773527e+03	-3.018717e+00
4.801099e+03	-3.043689e+00
4.828830e+03	-3.069156e+00
4.856721e+03	-3.094457e+00
4.884773e+03	-3.119964e+00
4.912988e+03	-3.145577e+00
4.941365e+03	-3.171310e+00
4.969906e+03	-3.197210e+00
4.998612e+03	-3.223123e+00
5.027484e+03	-3.249282e+00
5.056522e+03	-3.275751e+00
5.085729e+03	-3.302382e+00
5.115104e+03	-3.328850e+00
5.144648e+03	-3.355689e+00
5.174363e+03	-3.382295e+00
5.204250e+03	-3.409450e+00
5.234310e+03	-3.436726e+00
5.264543e+03	-3.463831e+00
5.294951e+03	-3.491633e+00
5.325534e+03	-3.519394e+00
5.356294e+03	-3.546733e+00
5.387232e+03	-3.574685e+00
5.418348e+03	-3.602842e+00
5.449645e+03	-3.630963e+00
5.481122e+03	-3.659336e+00
5.512780e+03	-3.687821e+00
5.544622e+03	-3.716388e+00
5.576647e+03	-3.744872e+00
5.608858e+03	-3.773727e+00
5.641254e+03	-3.802716e+00
5.673838e+03	-3.831966e+00
5.706610e+03	-3.861261e+00
5.739571e+03	-3.890451e+00
5.772723e+03	-3.920131e+00
5.806066e+03	-3.949922e+00
5.839601e+03	-3.979478e+00
5.873331e+03	-4.009388e+00
5.907255e+03	-4.039756e+00
5.941375e+03	-4.069567e+00
5.975692e+03	-4.100459e+00
6.010207e+03	-4.130508e+00
6.044922e+03	-4.161438e+00
6.079837e+03	-4.192031e+00
6.114954e+03	-4.222866e+00
6.150274e+03	-4.254079e+00
6.185797e+03	-4.285138e+00
6.221526e+03	-4.316473e+00
6.257462e+03	-4.347812e+00
6.293605e+03	-4.379283e+00
6.329956e+03	-4.411138e+00
6.366518e+03	-4.442762e+00
6.403290e+03	-4.475018e+00
6.440276e+03	-4.506886e+00
6.477474e+03	-4.539128e+00
6.514888e+03	-4.571284e+00
6.552518e+03	-4.604049e+00
6.590365e+03	-4.636495e+00
6.628430e+03	-4.669021e+00
6.666716e+03	-4.701987e+00
6.705223e+03	-4.734966e+00
6.743952e+03	-4.768071e+00
6.782905e+03	-4.801009e+00
6.822082e+03	-4.834417e+00
6.861486e+03	-4.867848e+00
6.901118e+03	-4.901794e+00
6.940979e+03	-4.935095e+00
6.981069e+03	-4.969219e+00
7.021392e+03	-5.002882e+00
7.061947e+03	-5.036846e+00
7.102737e+03	-5.071372e+00
7.143762e+03	-5.105385e+00
7.185024e+03	-5.139803e+00
7.226524e+03	-5.174138e+00
7.268264e+03	-5.209037e+00
7.310246e+03	-5.243978e+00
7.352469e+03	-5.278715e+00
7.394937e+03	-5.313801e+00
7.437650e+03	-5.348742e+00
7.480609e+03	-5.384239e+00
7.523817e+03	-5.419551e+00
7.567274e+03	-5.454848e+00
7.610982e+03	-5.490568e+00
7.654943e+03	-5.526046e+00
7.699158e+03	-5.562263e+00
7.743628e+03	-5.597850e+00
7.788355e+03	-5.633907e+00
7.833340e+03	-5.670020e+00
7.878585e+03	-5.706264e+00
7.924091e+03	-5.742338e+00
7.969861e+03	-5.779025e+00
8.015894e+03	-5.815677e+00
8.062194e+03	-5.852232e+00
8.108761e+03	-5.888765e+00
8.155596e+03	-5.925715e+00
8.202703e+03	-5.962714e+00
8.250081e+03	-5.999809e+00
8.297733e+03	-6.037241e+00
8.345661e+03	-6.074361e+00
8.393865e+03	-6.112005e+00
8.442348e+03	-6.149116e+00
8.491110e+03	-6.186568e+00
8.540155e+03	-6.223997e+00
8.589482e+03	-6.262458e+00
8.639095e+03	-6.299959e+00
8.688994e+03	-6.337831e+00
8.739181e+03	-6.376074e+00
8.789658e+03	-6.414181e+00
8.840427e+03	-6.452329e+00
8.891489e+03	-6.490509e+00
8.942846e+03	-6.529219e+00
8.994499e+03	-6.567583e+00
9.046451e+03	-6.606333e+00
9.098703e+03	-6.645477e+00
9.151257e+03	-6.683639e+00
9.204114e+03	-6.722617e+00
9.257277e+03	-6.761769e+00
9.310746e+03	-6.800817e+00
9.364525e+03	-6.839786e+00
9.418614e+03	-6.879486e+00
9.473015e+03	-6.918560e+00
9.527731e+03	-6.957844e+00
9.582763e+03	-6.997575e+00
9.638113e+03	-7.036940e+00
9.693782e+03	-7.077022e+00
9.749773e+03	-7.116359e+00
9.806087e+03	-7.156372e+00
9.862727e+03	-7.196700e+00
9.919693e+03	-7.236291e+00
9.976989e+03	-7.276538e+00
1.003462e+04	-7.316924e+00
1.009258e+04	-7.356273e+00
1.015087e+04	-7.397129e+00
1.020950e+04	-7.437649e+00
1.026847e+04	-7.478451e+00
1.032778e+04	-7.518466e+00
1.038743e+04	-7.559340e+00
1.044743e+04	-7.599772e+00
1.050777e+04	-7.640592e+00
1.056847e+04	-7.681239e+00
1.062951e+04	-7.722614e+00
1.069091e+04	-7.763692e+00
1.075266e+04	-7.804504e+00
1.081476e+04	-7.845284e+00
1.087723e+04	-7.887079e+00
1.094006e+04	-7.928431e+00
1.100324e+04	-7.969424e+00
1.106680e+04	-8.010743e+00
1.113072e+04	-8.052130e+00
1.119501e+04	-8.093653e+00
1.125967e+04	-8.135469e+00
1.132471e+04	-8.176776e+00
1.139012e+04	-8.218494e+00
1.145591e+04	-8.260490e+00
1.152208e+04	-8.302348e+00
1.158863e+04	-8.344440e+00
1.165556e+04	-8.386218e+00
1.172289e+04	-8.428358e+00
1.179060e+04	-8.470249e+00
1.185870e+04	-8.512685e+00
1.192719e+04	-8.554904e+00
1.199608e+04	-8.597132e+00
1.206537e+04	-8.639206e+00
1.213506e+04	-8.681819e+00
1.220515e+04	-8.723706e+00
1.227565e+04	-8.766993e+00
1.234655e+04	-8.808974e+00
1.241787e+04	-8.851968e+00
1.248959e+04	-8.894158e+00
1.256173e+04	-8.936969e+00
1.263429e+04	-8.979463e+00
1.270726e+04	-9.023199e+00
1.278066e+04	-9.065486e+00
1.285448e+04	-9.108415e+00
1.292873e+04	-9.151338e+00
1.300340e+04	-9.194400e+00
1.307851e+04	-9.237435e+00
1.315405e+04	-9.280234e+00
1.323003e+04	-9.323122e+00
1.330644e+04	-9.366908e+00
1.338330e+04	-9.409606e+00
1.346060e+04	-9.453165e+00
1.353835e+04	-9.496296e+00
1.361655e+04	-9.539290e+00
1.369520e+04	-9.583286e+00
1.377430e+04	-9.626755e+00
1.385386e+04	-9.669744e+00
1.393388e+04	-9.713307e+00
1.401436e+04	-9.756669e+00
1.409531e+04	-9.800449e+00
1.417672e+04	-9.844458e+00
1.425861e+04	-9.887968e+00
1.434096e+04	-9.930938e+00
1.442379e+04	-9.975426e+00
1.450711e+04	-1.001935e+01
1.459090e+04	-1.006288e+01
1.467518e+04	-1.010612e+01
1.475994e+04	-1.015074e+01
1.484519e+04	-1.019422e+01
1.493094e+04	-1.023858e+01
1.501718e+04	-1.028256e+01
1.510392e+04	-1.032600e+01
1.519116e+04	-1.037015e+01
1.527890e+04	-1.041440e+01
1.536715e+04	-1.045818e+01
1.545591e+04	-1.050212e+01
1.554518e+04	-1.054657e+01
1.563497e+04	-1.059037e+01
1.572528e+04	-1.063487e+01
1.581611e+04	-1.067935e+01
1.590746e+04	-1.072316e+01
1.599934e+04	-1.076739e+01
1.609175e+04	-1.081155e+01
1.618470e+04	-1.085621e+01
1.627818e+04	-1.090011e+01
1.637220e+04	-1.094473e+01
1.646677e+04	-1.098941e+01
1.656188e+04	-1.103316e+01
1.665754e+04	-1.107797e+01
1.675375e+04	-1.112275e+01
1.685052e+04	-1.116655e+01
1.694785e+04	-1.121137e+01
1.704574e+04	-1.125577e+01
1.714419e+04	-1.130010e+01
1.724322e+04	-1.134488e+01
1.734281e+04	-1.138927e+01
1.744299e+04	-1.143382e+01
1.754374e+04	-1.147786e+01
1.764507e+04	-1.152323e+01
1.774698e+04	-1.156670e+01
1.784949e+04	-1.161207e+01
1.795259e+04	-1.165697e+01
1.805628e+04	-1.170125e+01
1.816057e+04	-1.174549e+01
1.826547e+04	-1.179021e+01
1.837097e+04	-1.183458e+01
1.847708e+04	-1.187901e+01
1.858380e+04	-1.192456e+01
1.869114e+04	-1.196839e+01
1.879910e+04	-1.201275e+01
1.890768e+04	-1.205795e+01
1.901689e+04	-1.210257e+01
1.912673e+04	-1.214729e+01
1.923721e+04	-1.219177e+01
1.934832e+04	-1.223653e+01
1.946008e+04	-1.228152e+01
1.957248e+04	-1.232575e+01
1.968553e+04	-1.237030e+01
1.979923e+04	-1.241525e+01
1.991359e+04	-1.245994e+01
2.002861e+04	-1.250478e+01
2.014430e+04	-1.254866e+01
2.026065e+04	-1.259425e+01
2.037767e+04	-1.263789e+01
2.049537e+04	-1.268265e+01
2.061375e+04	-1.272740e+01
2.073282e+04	-1.277219e+01
2.085257e+04	-1.281740e+01
2.097301e+04	-1.286163e+01
2.109415e+04	-1.290648e+01
2.121599e+04	-1.295066e+01
2.133853e+04	-1.299491e+01
2.146178e+04	-1.304039e+01
2.158575e+04	-1.308459e+01
2.171043e+04	-1.312906e+01
2.183582e+04	-1.317376e+01
2.196195e+04	-1.321789e+01
2.208880e+04	-1.326304e+01
2.221638e+04	-1.330735e+01
2.234470e+04	-1.335219e+01
2.247377e+04	-1.339637e+01
2.260357e+04	-1.344000e+01
2.273413e+04	-1.348472e+01
2.286544e+04	-1.352861e+01
2.299751e+04	-1.357399e+01
2.313034e+04	-1.361841e+01
2.326394e+04	-1.366361e+01
2.339832e+04	-1.370600e+01
2.353346e+04	-1.375055e+01
2.366939e+04	-1.379562e+01
2.380610e+04	-1.384000e+01
2.394361e+04	-1.388383e+01
2.408191e+04	-1.392830e+01
2.422100e+04	-1.397267e+01
2.436090e+04	-1.401656e+01
2.450161e+04	-1.406109e+01
2.464313e+04	-1.410486e+01
2.478547e+04	-1.414903e+01
2.492863e+04	-1.419271e+01
2.507261e+04	-1.423636e+01
2.521743e+04	-1.428140e+01
2.536309e+04	-1.432529e+01
2.550958e+04	-1.436935e+01
2.565692e+04	-1.441229e+01
2.580512e+04	-1.445632e+01
2.595417e+04	-1.450162e+01
2.610408e+04	-1.454356e+01
2.625485e+04	-1.458822e+01
2.640650e+04	-1.463133e+01
2.655902e+04	-1.467584e+01
2.671243e+04	-1.471880e+01
2.686672e+04	-1.476236e+01
2.702190e+04	-1.480582e+01
2.717798e+04	-1.485013e+01
2.733495e+04	-1.489260e+01
2.749284e+04	-1.493593e+01
2.765164e+04	-1.498029e+01
2.781135e+04	-1.502312e+01
2.797199e+04	-1.506612e+01
2.813355e+04	-1.511012e+01
2.829605e+04	-1.515277e+01
2.845949e+04	-1.519588e+01
2.862387e+04	-1.523983e+01
2.878920e+04	-1.528240e+01
2.895549e+04	-1.532492e+01
2.912273e+04	-1.536844e+01
2.929094e+04	-1.541234e+01
2.946013e+04	-1.545471e+01
2.963029e+04	-1.549705e+01
2.980143e+04	-1.553979e+01
2.997356e+04	-1.558269e+01
3.014669e+04	-1.562537e+01
3.032081e+04	-1.566738e+01
3.049595e+04	-1.571030e+01
3.067209e+04	-1.575216e+01
3.084925e+04	-1.579480e+01
3.102743e+04	-1.583660e+01
3.120665e+04	-1.587882e+01
3.138690e+04	-1.592119e+01
3.156819e+04	-1.596315e+01
3.175052e+04	-1.600512e+01
3.193391e+04	-1.604681e+01
3.211836e+04	-1.608959e+01
3.230388e+04	-1.613106e+01
3.249046e+04	-1.617205e+01
3.267812e+04	-1.621467e+01
3.286687e+04	-1.625627e+01
3.305671e+04	-1.629760e+01
3.324764e+04	-1.633860e+01
3.343968e+04	-1.638124e+01
3.363283e+04	-1.642128e+01
3.382709e+04	-1.646251e+01
3.402247e+04	-1.650406e+01
3.421899e+04	-1.654519e+01
3.441663e+04	-1.658539e+01
3.461542e+04	-1.662649e+01
3.481536e+04	-1.666733e+01
3.501645e+04	-1.670835e+01
3.521871e+04	-1.674880e+01
3.542213e+04	-1.678966e+01
3.562672e+04	-1.682816e+01
3.583250e+04	-1.686863e+01
3.603947e+04	-1.690935e+01
3.624763e+04	-1.694917e+01
3.645700e+04	-1.698957e+01
3.666757e+04	-1.702862e+01
3.687936e+04	-1.706889e+01
3.709238e+04	-1.710921e+01
3.730662e+04	-1.714803e+01
3.752210e+04	-1.718763e+01
3.773883e+04	-1.722696e+01
3.795680e+04	-1.726741e+01
3.817604e+04	-1.730482e+01
3.839654e+04	-1.734487e+01
3.861832e+04	-1.738290e+01
3.884138e+04	-1.742387e+01
3.906573e+04	-1.746035e+01
3.929137e+04	-1.750005e+01
3.951831e+04	-1.753693e+01
3.974657e+04	-1.757546e+01
3.997614e+04	-1.761462e+01
4.020704e+04	-1.765121e+01
4.043928e+04	-1.768983e+01
4.067285e+04	-1.772782e+01
4.090778e+04	-1.776677e+01
4.114406e+04	-1.780315e+01
4.138171e+04	-1.784034e+01
4.162073e+04	-1.787624e+01
4.186113e+04	-1.791493e+01
4.210291e+04	-1.795255e+01
4.234610e+04	-1.798857e+01
4.259069e+04	-1.802516e+01
4.283669e+04	-1.806137e+01
4.308411e+04	-1.809895e+01
4.333297e+04	-1.813566e+01
4.358325e+04	-1.817074e+01
4.383499e+04	-1.820533e+01
4.408818e+04	-1.824300e+01
4.434283e+04	-1.827794e+01
4.459895e+04	-1.831369e+01
4.485655e+04	-1.834755e+01
4.511564e+04	-1.838502e+01
4.537623e+04	-1.841973e+01
4.563832e+04	-1.845289e+01
4.590193e+04	-1.848724e+01
4.616705e+04	-1.852212e+01
4.643371e+04	-1.855549e+01
4.670191e+04	-1.858951e+01
4.697166e+04	-1.862345e+01
4.724297e+04	-1.865738e+01
4.751584e+04	-1.869036e+01
4.779029e+04	-1.872438e+01
4.806633e+04	-1.875764e+01
4.834395e+04	-1.879047e+01
4.862319e+04	-1.882243e+01
4.890403e+04	-1.885489e+01
4.918650e+04	-1.888666e+01
4.947060e+04	-1.891980e+01
4.975634e+04	-1.895077e+01
5.004373e+04	-1.898204e+01
5.033278e+04	-1.901383e+01
5.062350e+04	-1.904550e+01
5.091590e+04	-1.907618e+01
5.120999e+04	-1.910787e+01
5.150578e+04	-1.913728e+01
5.180327e+04	-1.916817e+01
5.210248e+04	-1.919806e+01
5.240343e+04	-1.922737e+01
5.270611e+04	-1.925539e+01
5.301053e+04	-1.928653e+01
5.331672e+04	-1.931457e+01
5.362468e+04	-1.934377e+01
5.393441e+04	-1.937066e+01
5.424593e+04	-1.940166e+01
5.455926e+04	-1.942716e+01
5.487439e+04	-1.945466e+01
5.519134e+04	-1.948448e+01
5.551012e+04	-1.950904e+01
5.583075e+04	-1.953638e+01
5.615322e+04	-1.956394e+01
5.647756e+04	-1.958879e+01
5.680377e+04	-1.961556e+01
5.713187e+04	-1.964203e+01
5.746186e+04	-1.966622e+01
5.779376e+04	-1.969154e+01
5.812757e+04	-1.971448e+01
5.846332e+04	-1.973908e+01
5.880100e+04	-1.976399e+01
5.914063e+04	-1.978816e+01
5.948222e+04	-1.981099e+01
5.982579e+04	-1.983506e+01
6.017134e+04	-1.985679e+01
6.051889e+04	-1.988024e+01
6.086844e+04	-1.990110e+01
6.122002e+04	-1.992359e+01
6.157362e+04	-1.994591e+01
6.192927e+04	-1.996534e+01
6.228697e+04	-1.998584e+01
6.264674e+04	-2.000606e+01
6.300858e+04	-2.002592e+01
6.337252e+04	-2.004450e+01
6.373855e+04	-2.006578e+01
6.410670e+04	-2.008175e+01
6.447698e+04	-2.009923e+01
6.484940e+04	-2.011857e+01
6.522397e+04	-2.013696e+01
6.560070e+04	-2.015187e+01
6.597960e+04	-2.016943e+01
6.636070e+04	-2.018465e+01
6.674400e+04	-2.020137e+01
6.712951e+04	-2.021623e+01
6.751724e+04	-2.023128e+01
6.790722e+04	-2.024553e+01
6.829945e+04	-2.025811e+01
6.869395e+04	-2.027023e+01
6.909072e+04	-2.028545e+01
6.948978e+04	-2.029718e+01
6.989115e+04	-2.030660e+01
7.029484e+04	-2.031927e+01
7.070086e+04	-2.032900e+01
7.110923e+04	-2.034202e+01
7.151995e+04	-2.034775e+01
7.193305e+04	-2.035787e+01
7.234853e+04	-2.036541e+01
7.276641e+04	-2.037451e+01
7.318671e+04	-2.038357e+01
7.360943e+04	-2.038964e+01
7.403460e+04	-2.039642e+01
7.446222e+04	-2.040162e+01
7.489231e+04	-2.040549e+01
7.532488e+04	-2.040988e+01
7.575996e+04	-2.041158e+01
7.619754e+04	-2.041549e+01
7.663766e+04	-2.042108e+01
7.708031e+04	-2.042191e+01
7.752553e+04	-2.042030e+01
7.797331e+04	-2.042111e+01
7.842368e+04	-2.042205e+01
7.887665e+04	-2.041782e+01
7.933224e+04	-2.041627e+01
7.979046e+04	-2.041332e+01
8.025133e+04	-2.041125e+01
8.071486e+04	-2.040700e+01
8.118106e+04	-2.040245e+01
8.164996e+04	-2.039683e+01
8.212157e+04	-2.038995e+01
8.259590e+04	-2.038173e+01
8.307297e+04	-2.037221e+01
8.355279e+04	-2.036426e+01
8.403539e+04	-2.035332e+01
8.452078e+04	-2.034161e+01
8.500897e+04	-2.033264e+01
8.549997e+04	-2.031795e+01
8.599382e+04	-2.030554e+01
8.649052e+04	-2.028865e+01
8.699008e+04	-2.027462e+01
8.749253e+04	-2.025470e+01
8.799789e+04	-2.023897e+01
8.850616e+04	-2.021971e+01
8.901737e+04	-2.020005e+01
8.953153e+04	-2.017879e+01
9.004866e+04	-2.015768e+01
9.056877e+04	-2.013390e+01
9.109190e+04	-2.010899e+01
9.161804e+04	-2.008370e+01
9.214722e+04	-2.005493e+01
9.267946e+04	-2.002752e+01
9.321477e+04	-1.999685e+01
9.375318e+04	-1.996801e+01
9.429469e+04	-1.993572e+01
9.483933e+04	-1.990252e+01
9.538712e+04	-1.986884e+01
9.593807e+04	-1.983195e+01
9.649221e+04	-1.979299e+01
9.704954e+04	-1.975452e+01
9.761010e+04	-1.971305e+01
9.817389e+04	-1.967245e+01
9.874094e+04	-1.962760e+01
9.931126e+04	-1.958149e+01
9.988488e+04	-1.953510e+01
1.004618e+05	-1.948612e+01
1.010421e+05	-1.943544e+01
1.016257e+05	-1.938520e+01
1.022127e+05	-1.932981e+01
1.028031e+05	-1.927426e+01
1.033968e+05	-1.921456e+01
1.039941e+05	-1.915450e+01
1.045947e+05	-1.909268e+01
1.051989e+05	-1.902974e+01
1.058065e+05	-1.896278e+01
1.064176e+05	-1.889392e+01
1.070323e+05	-1.882471e+01
1.076505e+05	-1.874974e+01
1.082723e+05	-1.867517e+01
1.088977e+05	-1.859745e+01
1.095266e+05	-1.851557e+01
1.101593e+05	-1.843370e+01
1.107955e+05	-1.834682e+01
1.114355e+05	-1.825994e+01
1.120791e+05	-1.816887e+01
1.127265e+05	-1.807295e+01
1.133776e+05	-1.797617e+01
1.140325e+05	-1.787504e+01
1.146911e+05	-1.777079e+01
1.153536e+05	-1.766216e+01
1.160198e+05	-1.755211e+01
1.166900e+05	-1.743839e+01
1.173640e+05	-1.731898e+01
1.180419e+05	-1.719722e+01
1.187237e+05	-1.707062e+01
1.194094e+05	-1.693974e+01
1.200991e+05	-1.680419e+01
1.207928e+05	-1.666592e+01
1.214905e+05	-1.652092e+01
1.221922e+05	-1.637291e+01
1.228980e+05	-1.621848e+01
1.236078e+05	-1.605900e+01
1.243218e+05	-1.589220e+01
1.250399e+05	-1.572260e+01
1.257621e+05	-1.554617e+01
1.264885e+05	-1.536314e+01
1.272191e+05	-1.517400e+01
1.279539e+05	-1.497613e+01
1.286930e+05	-1.477318e+01
1.294363e+05	-1.456139e+01
1.301839e+05	-1.434172e+01
1.309358e+05	-1.411438e+01
1.316921e+05	-1.387721e+01
1.324528e+05	-1.363110e+01
1.332178e+05	-1.337511e+01
1.339873e+05	-1.310832e+01
1.347612e+05	-1.283120e+01
1.355395e+05	-1.254270e+01
1.363224e+05	-1.224206e+01
1.371098e+05	-1.192815e+01
1.379018e+05	-1.160174e+01
1.386983e+05	-1.125980e+01
1.394994e+05	-1.090528e+01
1.403051e+05	-1.053363e+01
1.411155e+05	-1.014661e+01
1.419306e+05	-9.743111e+00
1.427504e+05	-9.322900e+00
1.435749e+05	-8.885813e+00
1.444042e+05	-8.432243e+00
1.452383e+05	-7.964379e+00
1.460772e+05	-7.483539e+00
1.469209e+05	-6.993252e+00
1.477695e+05	-6.499502e+00
1.486230e+05	-6.009956e+00
1.494814e+05	-5.536104e+00
1.503448e+05	-5.093948e+00
1.512132e+05	-4.700250e+00
1.520866e+05	-4.378260e+00
1.529651e+05	-4.149808e+00
1.538486e+05	-4.033702e+00
1.547372e+05	-4.042144e+00
1.556310e+05	-4.176146e+00
1.565299e+05	-4.427315e+00
1.574340e+05	-4.777634e+00
1.583433e+05	-5.206377e+00
1.592579e+05	-5.690229e+00
1.601778e+05	-6.209926e+00
1.611030e+05	-6.749515e+00
1.620335e+05	-7.295751e+00
1.629694e+05	-7.840336e+00
1.639107e+05	-8.377847e+00
1.648574e+05	-8.901747e+00
1.658097e+05	-9.411194e+00
1.667674e+05	-9.904299e+00
1.677306e+05	-1.038062e+01
1.686994e+05	-1.083914e+01
1.696738e+05	-1.128205e+01
1.706538e+05	-1.170699e+01
1.716395e+05	-1.211482e+01
1.726309e+05	-1.250915e+01
1.736280e+05	-1.288766e+01
1.746309e+05	-1.325168e+01
1.756395e+05	-1.360097e+01
1.766540e+05	-1.393781e+01
1.776744e+05	-1.426333e+01
1.787006e+05	-1.457557e+01
1.797328e+05	-1.487632e+01
1.807709e+05	-1.516829e+01
1.818150e+05	-1.544687e+01
1.828652e+05	-1.571707e+01
1.839214e+05	-1.597822e+01
1.849837e+05	-1.622783e+01
1.860522e+05	-1.647057e+01
1.871268e+05	-1.670505e+01
1.882077e+05	-1.692847e+01
1.892948e+05	-1.714515e+01
1.903881e+05	-1.735511e+01
1.914878e+05	-1.755651e+01
1.925938e+05	-1.775045e+01
1.937062e+05	-1.793782e+01
1.948251e+05	-1.811759e+01
1.959504e+05	-1.829042e+01
1.970822e+05	-1.845829e+01
1.982205e+05	-1.861728e+01
1.993654e+05	-1.877098e+01
2.005169e+05	-1.891731e+01
2.016751e+05	-1.905948e+01
2.028400e+05	-1.919345e+01
2.040116e+05	-1.932371e+01
2.051899e+05	-1.944543e+01
2.063751e+05	-1.956213e+01
2.075671e+05	-1.967535e+01
2.087660e+05	-1.977823e+01
2.099719e+05	-1.987508e+01
2.111846e+05	-1.997012e+01
2.124044e+05	-2.006018e+01
2.136313e+05	-2.014119e+01
2.148652e+05	-2.021592e+01
2.161063e+05	-2.028768e+01
2.173545e+05	-2.035068e+01
2.186099e+05	-2.040981e+01
2.198726e+05	-2.046358e+01
2.211426e+05	-2.051065e+01
2.224199e+05	-2.055130e+01
2.237046e+05	-2.058680e+01
2.249967e+05	-2.061426e+01
2.262962e+05	-2.063530e+01
2.276033e+05	-2.065275e+01
2.289179e+05	-2.066477e+01
2.302402e+05	-2.066758e+01
2.315700e+05	-2.066382e+01
2.329076e+05	-2.065487e+01
2.342528e+05	-2.063728e+01
2.356059e+05	-2.061290e+01
2.369667e+05	-2.058262e+01
2.383354e+05	-2.054382e+01
2.397120e+05	-2.049812e+01
2.410966e+05	-2.044590e+01
2.424892e+05	-2.038315e+01
2.438898e+05	-2.031281e+01
2.452985e+05	-2.023468e+01
2.467153e+05	-2.014642e+01
2.481403e+05	-2.004953e+01
2.495736e+05	-1.994410e+01
2.510151e+05	-1.982609e+01
2.524650e+05	-1.970272e+01
2.539232e+05	-1.956371e+01
2.553898e+05	-1.941487e+01
2.568650e+05	-1.925572e+01
2.583486e+05	-1.908335e+01
2.598408e+05	-1.889910e+01
2.613416e+05	-1.870009e+01
2.628511e+05	-1.848605e+01
2.643694e+05	-1.825603e+01
2.658963e+05	-1.801264e+01
2.674321e+05	-1.774792e+01
2.689768e+05	-1.746703e+01
2.705304e+05	-1.716644e+01
2.720930e+05	-1.684463e+01
2.736646e+05	-1.650123e+01
2.752453e+05	-1.613303e+01
2.768351e+05	-1.573859e+01
2.784341e+05	-1.531531e+01
2.800423e+05	-1.486268e+01
2.816598e+05	-1.437756e+01
2.832867e+05	-1.385755e+01
2.849229e+05	-1.330032e+01
2.865686e+05	-1.270363e+01
2.882238e+05	-1.206851e+01
2.898886e+05	-1.139422e+01
2.915630e+05	-1.068593e+01
2.932470e+05	-9.951869e+00
2.949408e+05	-9.213457e+00
2.966444e+05	-8.502758e+00
2.983578e+05	-7.872034e+00
3.000811e+05	-7.390810e+00
3.018143e+05	-7.131976e+00
3.035576e+05	-7.146575e+00
3.053109e+05	-7.438824e+00
3.070744e+05	-7.961772e+00
3.088481e+05	-8.642978e+00
3.106320e+05	-9.412297e+00
3.124261e+05	-1.021467e+01
3.142307e+05	-1.101412e+01
3.160457e+05	-1.179056e+01
3.178712e+05	-1.253108e+01
3.197072e+05	-1.323265e+01
3.215538e+05	-1.389231e+01
3.234111e+05	-1.451281e+01
3.252791e+05	-1.509244e+01
3.271579e+05	-1.563508e+01
3.290475e+05	-1.614274e+01
3.309481e+05	-1.661689e+01
3.328596e+05	-1.706074e+01
3.347822e+05	-1.747458e+01
3.367159e+05	-1.786096e+01
3.386608e+05	-1.822024e+01
3.406169e+05	-1.855591e+01
3.425842e+05	-1.886796e+01
3.445630e+05	-1.915598e+01
3.465532e+05	-1.942413e+01
3.485549e+05	-1.966895e+01
3.505681e+05	-1.989465e+01
3.525930e+05	-2.009842e+01
3.546295e+05	-2.028681e+01
3.566778e+05	-2.045201e+01
3.587380e+05	-2.059867e+01
3.608101e+05	-2.073089e+01
3.628941e+05	-2.083905e+01
3.649901e+05	-2.093091e+01
3.670983e+05	-2.100147e+01
3.692187e+05	-2.105887e+01
3.713513e+05	-2.109409e+01
3.734962e+05	-2.111038e+01
3.756535e+05	-2.110562e+01
3.778232e+05	-2.108345e+01
3.800055e+05	-2.103851e+01
3.822004e+05	-2.097420e+01
3.844080e+05	-2.088605e+01
3.866283e+05	-2.077636e+01
3.888615e+05	-2.064060e+01
3.911075e+05	-2.048146e+01
3.933665e+05	-2.029441e+01
3.956386e+05	-2.008211e+01
3.979238e+05	-1.983777e+01
4.002222e+05	-1.956477e+01
4.025338e+05	-1.925403e+01
4.048589e+05	-1.891187e+01
4.071973e+05	-1.852433e+01
4.095493e+05	-1.809793e+01
4.119148e+05	-1.762593e+01
4.142940e+05	-1.710407e+01
4.166870e+05	-1.652675e+01
4.190937e+05	-1.589117e+01
4.215144e+05	-1.519460e+01
4.239490e+05	-1.443569e+01
4.263978e+05	-1.361842e+01
4.288606e+05	-1.275366e+01
4.313377e+05	-1.187605e+01
4.338291e+05	-1.104577e+01
4.363349e+05	-1.036407e+01
4.388551e+05	-9.962108e+00
4.413899e+05	-9.947981e+00
4.439394e+05	-1.033797e+01
4.465035e+05	-1.104240e+01
4.490825e+05	-1.193053e+01
4.516764e+05	-1.288792e+01
4.542853e+05	-1.384413e+01
4.569092e+05	-1.475832e+01
4.595483e+05	-1.561278e+01
4.622026e+05	-1.640123e+01
4.648723e+05	-1.712397e+01
4.675574e+05	-1.778237e+01
4.702580e+05	-1.838102e+01
4.729742e+05	-1.891979e+01
4.757060e+05	-1.940727e+01
4.784537e+05	-1.984359e+01
4.812172e+05	-2.023040e+01
4.839967e+05	-2.056958e+01
4.867923e+05	-2.086849e+01
4.896040e+05	-2.112179e+01
4.924319e+05	-2.133054e+01
4.952762e+05	-2.150055e+01
4.981369e+05	-2.162680e+01
5.010141e+05	-2.171827e+01
5.039079e+05	-2.176017e+01
5.068185e+05	-2.176346e+01
5.097458e+05	-2.172155e+01
5.126901e+05	-2.163475e+01
5.156514e+05	-2.150242e+01
5.186298e+05	-2.132008e+01
5.216253e+05	-2.108615e+01
5.246382e+05	-2.079479e+01
5.276685e+05	-2.044359e+01
5.307163e+05	-2.002969e+01
5.337817e+05	-1.954602e+01
5.368648e+05	-1.898677e+01
5.399657e+05	-1.834533e+01
5.430845e+05	-1.761944e+01
5.462214e+05	-1.680757e+01
5.493763e+05	-1.591677e+01
5.525495e+05	-1.497400e+01
5.557410e+05	-1.404280e+01
5.589509e+05	-1.324489e+01
5.621794e+05	-1.275991e+01
5.654265e+05	-1.274947e+01
5.686924e+05	-1.323953e+01
5.719772e+05	-1.409157e+01
5.752809e+05	-1.511919e+01
5.786037e+05	-1.618222e+01
5.819457e+05	-1.720144e+01
5.853070e+05	-1.813966e+01
5.886877e+05	-1.898359e+01
5.920879e+05	-1.973339e+01
5.955078e+05	-2.038786e+01
5.989474e+05	-2.095659e+01
6.024069e+05	-2.143470e+01
6.058864e+05	-2.183333e+01
6.093860e+05	-2.214923e+01
6.129058e+05	-2.238769e+01
6.164459e+05	-2.254698e+01
6.200064e+05	-2.263188e+01
6.235876e+05	-2.263704e+01
6.271894e+05	-2.255827e+01
6.308120e+05	-2.239478e+01
6.344555e+05	-2.214442e+01
6.381201e+05	-2.179523e+01
6.418059e+05	-2.134844e+01
6.455129e+05	-2.078903e+01
6.492414e+05	-2.011679e+01
6.529914e+05	-1.933031e+01
6.567630e+05	-1.843609e+01
6.605565e+05	-1.748081e+01
6.643718e+05	-1.655703e+01
6.682092e+05	-1.584088e+01
6.720688e+05	-1.557080e+01
6.759506e+05	-1.588266e+01
6.798549e+05	-1.668395e+01
6.837817e+05	-1.774643e+01
6.877312e+05	-1.886616e+01
6.917035e+05	-1.992847e+01
6.956987e+05	-2.087761e+01
6.997171e+05	-2.169517e+01
7.037586e+05	-2.237918e+01
7.078235e+05	-2.292692e+01
7.119118e+05	-2.334117e+01
7.160238e+05	-2.362668e+01
7.201595e+05	-2.377774e+01
7.243191e+05	-2.379937e+01
7.285028e+05	-2.368463e+01
7.327106e+05	-2.342643e+01
7.369427e+05	-2.301750e+01
7.411992e+05	-2.245721e+01
7.454804e+05	-2.174657e+01
7.497862e+05	-2.090163e+01
7.541170e+05	-1.999109e+01
7.584727e+05	-1.915947e+01
7.628536e+05	-1.866054e+01
7.672598e+05	-1.873806e+01
7.716915e+05	-1.941318e+01
7.761488e+05	-2.044989e+01
7.806318e+05	-2.158816e+01
7.851407e+05	-2.265271e+01
7.896756e+05	-2.356535e+01
7.942367e+05	-2.429462e+01
7.988242e+05	-2.482995e+01
8.034382e+05	-2.516686e+01
8.080788e+05	-2.530195e+01
8.127463e+05	-2.523055e+01
8.174406e+05	-2.494783e+01
8.221621e+05	-2.446321e+01
8.269109e+05	-2.379285e+01
8.316871e+05	-2.300907e+01
8.364909e+05	-2.227662e+01
8.413225e+05	-2.187597e+01
8.461819e+05	-2.207092e+01
8.510694e+05	-2.285390e+01
8.559852e+05	-2.393458e+01
8.609293e+05	-2.502418e+01
8.659020e+05	-2.595676e+01
8.709034e+05	-2.665309e+01
8.759337e+05	-2.707921e+01
8.809931e+05	-2.722647e+01
8.860816e+05	-2.709730e+01
8.911996e+05	-2.671100e+01
8.963471e+05	-2.614992e+01
9.015244e+05	-2.560799e+01
9.067316e+05	-2.538088e+01
9.119688e+05	-2.574559e+01
9.172363e+05	-2.663246e+01
9.225342e+05	-2.770655e+01
9.278628e+05	-2.867951e+01
9.332221e+05	-2.937895e+01
9.386123e+05	-2.974767e+01
9.440337e+05	-2.978516e+01
9.494864e+05	-2.957328e+01
9.549706e+05	-2.930994e+01
9.604865e+05	-2.934297e+01
9.660342e+05	-2.990622e+01
9.716140e+05	-3.089579e+01
9.772260e+05	-3.193626e+01
9.828704e+05	-3.276143e+01
9.885474e+05	-3.325062e+01
9.942572e+05	-3.346672e+01
1.000000e+06	-3.365086e+01
