Frequency(Hz)	Magnitude(dB)
1.000000e+01	5.376867e-05
1.005776e+01	-1.148967e-04
1.011585e+01	-9.293423e-06
1.017428e+01	9.539379e-05
1.023305e+01	1.292351e-05
1.029215e+01	-9.223880e-06
1.035160e+01	-2.910407e-05
1.041139e+01	2.517201e-06
1.047153e+01	-1.493574e-04
1.053201e+01	-1.045165e-04
1.059284e+01	6.197148e-05
1.065403e+01	-1.114602e-04
1.071556e+01	-1.478253e-04
1.077746e+01	-4.915695e-05
1.083971e+01	1.863142e-04
1.090232e+01	9.104853e-05
1.096529e+01	-9.590112e-05
1.102862e+01	4.792328e-05
1.109232e+01	-5.562084e-05
1.115639e+01	6.242561e-05
1.122083e+01	1.504446e-05
1.128564e+01	-8.837083e-06
1.135083e+01	-1.306887e-04
1.141639e+01	5.747233e-06
1.148233e+01	3.720517e-05
1.154865e+01	-1.006784e-04
1.161536e+01	-3.413550e-05
1.168245e+01	-1.556277e-04
1.174992e+01	-2.201227e-04
1.181779e+01	-5.066223e-05
1.188605e+01	1.316270e-04
1.195470e+01	-3.236479e-05
1.202375e+01	6.647184e-05
1.209320e+01	5.770204e-05
1.216305e+01	-2.662746e-04
1.223330e+01	-3.707285e-05
1.230396e+01	-3.987871e-05
1.237503e+01	-3.528671e-05
1.244651e+01	-9.615664e-05
1.251840e+01	1.098965e-04
1.259070e+01	-3.980341e-05
1.266343e+01	2.397011e-05
1.273657e+01	-3.782274e-05
1.281014e+01	6.840004e-05
1.288413e+01	-1.921904e-04
1.295855e+01	-1.485827e-04
1.303339e+01	-1.194534e-04
1.310867e+01	6.938734e-05
1.318439e+01	-5.898165e-05
1.326054e+01	1.035750e-04
1.333713e+01	1.038812e-04
1.341417e+01	-1.665015e-04
1.349165e+01	-1.030814e-04
1.356958e+01	-1.049219e-04
1.364795e+01	-1.196343e-04
1.372678e+01	2.519215e-05
1.380607e+01	-6.071533e-05
1.388581e+01	-8.794667e-05
1.396602e+01	-1.840742e-04
1.404668e+01	-6.813509e-05
1.412782e+01	1.904559e-05
1.420942e+01	5.130086e-05
1.429149e+01	4.497916e-05
1.437404e+01	-1.365609e-04
1.445706e+01	-9.397223e-05
1.454057e+01	1.402123e-05
1.462455e+01	-2.056267e-05
1.470902e+01	-1.860130e-04
1.479398e+01	-1.447986e-05
1.487943e+01	8.491365e-05
1.496537e+01	-6.611750e-05
1.505181e+01	-3.867328e-05
1.513875e+01	-2.157261e-04
1.522619e+01	-3.715338e-05
1.531414e+01	4.260016e-06
1.540259e+01	2.914853e-05
1.549156e+01	5.737460e-05
1.558103e+01	-7.082477e-05
1.567103e+01	-1.055659e-04
1.576155e+01	-5.792405e-05
1.585258e+01	-3.380117e-06
1.594415e+01	9.067893e-05
1.603624e+01	-4.978422e-05
1.612886e+01	-8.812156e-05
1.622202e+01	-1.208163e-04
1.631572e+01	-9.939562e-05
1.640996e+01	4.460973e-06
1.650474e+01	-1.035959e-04
1.660008e+01	-1.525065e-04
1.669596e+01	-2.359007e-04
1.679239e+01	-4.466639e-05
1.688938e+01	-9.827460e-05
1.698694e+01	-6.469297e-05
1.708505e+01	-1.233362e-04
1.718373e+01	-7.718954e-05
1.728299e+01	-1.300199e-04
1.738281e+01	-1.186396e-04
1.748322e+01	-5.555373e-05
1.758420e+01	-7.816668e-05
1.768576e+01	-3.832596e-05
1.778792e+01	-1.001810e-04
1.789066e+01	-2.431647e-04
1.799399e+01	-3.824842e-05
1.809793e+01	-2.107464e-04
1.820246e+01	-9.552730e-05
1.830760e+01	-3.441209e-05
1.841334e+01	-1.404732e-04
1.851969e+01	4.975194e-07
1.862666e+01	1.727979e-05
1.873425e+01	-6.969793e-05
1.884246e+01	4.576691e-05
1.895129e+01	-1.741809e-04
1.906075e+01	-1.877152e-04
1.917085e+01	-1.000853e-04
1.928158e+01	-7.812058e-05
1.939295e+01	-8.674530e-05
1.950496e+01	-9.420804e-05
1.961762e+01	-1.733877e-04
1.973093e+01	-1.036779e-04
1.984490e+01	-2.142899e-04
1.995952e+01	-8.680962e-05
2.007480e+01	4.344593e-05
2.019076e+01	-2.501879e-05
2.030738e+01	-9.992087e-05
2.042467e+01	-2.705773e-04
2.054264e+01	2.681847e-05
2.066130e+01	5.977660e-05
2.078064e+01	1.374966e-05
2.090066e+01	-6.209154e-05
2.102139e+01	5.736804e-06
2.114280e+01	-2.084439e-04
2.126492e+01	-4.917032e-05
2.138775e+01	-7.935623e-05
2.151128e+01	-4.596170e-05
2.163553e+01	-1.745938e-06
2.176050e+01	-1.299055e-04
2.188619e+01	-1.589453e-04
2.201260e+01	-1.252985e-04
2.213974e+01	3.383535e-05
2.226762e+01	-6.798453e-05
2.239624e+01	-1.252461e-05
2.252560e+01	-3.385863e-04
2.265571e+01	-1.428388e-04
2.278656e+01	-3.744900e-05
2.291818e+01	-1.052404e-04
2.305055e+01	-1.568790e-04
2.318369e+01	-1.101983e-04
2.331760e+01	-3.012765e-04
2.345228e+01	-3.154905e-04
2.358774e+01	-1.062047e-04
2.372398e+01	-1.691383e-04
2.386101e+01	-1.247992e-04
2.399883e+01	-6.809790e-05
2.413745e+01	-1.241760e-04
2.427686e+01	-1.013950e-04
2.441709e+01	1.603676e-05
2.455812e+01	-6.765464e-05
2.469997e+01	-6.901264e-05
2.484263e+01	-8.484079e-05
2.498612e+01	-4.285467e-05
2.513044e+01	-1.009191e-04
2.527559e+01	-2.682246e-05
2.542158e+01	-1.094193e-05
2.556842e+01	-1.706159e-04
2.571610e+01	-1.374584e-04
2.586463e+01	-2.071738e-04
2.601403e+01	-1.850822e-04
2.616428e+01	-5.723506e-05
2.631541e+01	-3.558493e-05
2.646740e+01	-9.258927e-05
2.662028e+01	-2.051642e-04
2.677404e+01	-1.636849e-04
2.692868e+01	-8.888933e-05
2.708422e+01	3.000923e-05
2.724066e+01	-1.092169e-04
2.739800e+01	-1.048641e-04
2.755625e+01	-1.146512e-04
2.771541e+01	-1.100450e-04
2.787550e+01	-2.369225e-04
2.803650e+01	-9.160090e-05
2.819844e+01	-2.302717e-04
2.836131e+01	-1.397946e-04
2.852513e+01	-1.016624e-04
2.868989e+01	-8.960108e-05
2.885560e+01	-5.086583e-05
2.902227e+01	-1.548347e-04
2.918990e+01	-1.507055e-04
2.935850e+01	-2.509595e-05
2.952807e+01	-1.099982e-04
2.969863e+01	-7.796038e-05
2.987016e+01	-1.837301e-04
3.004269e+01	-8.361123e-05
3.021622e+01	-2.333072e-05
3.039075e+01	-1.680630e-04
3.056628e+01	-1.255286e-04
3.074283e+01	-3.179246e-05
3.092040e+01	-2.253115e-04
3.109900e+01	-1.786210e-04
3.127862e+01	-9.846399e-05
3.145929e+01	-9.205620e-05
3.164099e+01	-2.679508e-04
3.182375e+01	-1.391215e-04
3.200756e+01	-1.444051e-04
3.219244e+01	-1.552076e-04
3.237838e+01	-1.040276e-04
3.256540e+01	-2.152477e-04
3.275349e+01	-1.658739e-04
3.294268e+01	-2.628065e-04
3.313295e+01	-7.314931e-05
3.332433e+01	-1.532455e-04
3.351681e+01	-1.500942e-04
3.371040e+01	-1.472360e-04
3.390511e+01	-1.742331e-04
3.410094e+01	-2.860190e-04
3.429791e+01	-1.918388e-04
3.449601e+01	-2.253798e-04
3.469526e+01	-1.852226e-04
3.489566e+01	-1.549171e-04
3.509721e+01	-2.411771e-04
3.529993e+01	-2.581641e-04
3.550382e+01	-2.146426e-04
3.570889e+01	-3.590048e-04
3.591515e+01	-2.554462e-04
3.612259e+01	-2.131730e-04
3.633123e+01	-7.592327e-05
3.654108e+01	-3.915199e-04
3.675214e+01	-1.995875e-04
3.696442e+01	-1.311847e-04
3.717792e+01	-1.811151e-04
3.739266e+01	-2.557336e-04
3.760864e+01	-2.431320e-04
3.782587e+01	-1.079573e-04
3.804435e+01	-2.364155e-04
3.826409e+01	-1.085744e-04
3.848510e+01	-3.333692e-04
3.870739e+01	-2.455587e-04
3.893096e+01	-2.278222e-04
3.915583e+01	-2.324380e-04
3.938199e+01	-8.653519e-05
3.960946e+01	-2.148788e-04
3.983824e+01	-9.849910e-05
4.006834e+01	-3.968240e-04
4.029978e+01	-4.023662e-04
4.053255e+01	-3.076153e-04
4.076666e+01	-2.407086e-04
4.100213e+01	-2.010595e-04
4.123896e+01	-3.342173e-04
4.147715e+01	-3.934636e-04
4.171672e+01	-4.228923e-04
4.195767e+01	-3.779742e-04
4.220002e+01	-3.350140e-04
4.244377e+01	-1.990572e-04
4.268892e+01	-3.427564e-04
4.293549e+01	-4.499951e-04
4.318348e+01	-2.960656e-04
4.343291e+01	-2.421550e-04
4.368377e+01	-4.339130e-04
4.393609e+01	-2.553625e-04
4.418986e+01	-1.836965e-04
4.444510e+01	-2.861968e-04
4.470182e+01	-2.610004e-04
4.496001e+01	-3.987071e-04
4.521970e+01	-2.978973e-04
4.548089e+01	-4.117358e-04
4.574358e+01	-2.982780e-04
4.600779e+01	-3.059249e-04
4.627353e+01	-2.485608e-04
4.654081e+01	-2.159957e-04
4.680963e+01	-4.670402e-04
4.708000e+01	-3.203610e-04
4.735193e+01	-3.743235e-04
4.762543e+01	-4.109500e-04
4.790051e+01	-3.035792e-04
4.817719e+01	-3.172547e-04
4.845545e+01	-4.579464e-04
4.873533e+01	-4.907144e-04
4.901682e+01	-4.282729e-04
4.929994e+01	-4.954212e-04
4.958470e+01	-4.286222e-04
4.987110e+01	-3.868884e-04
5.015915e+01	-5.243182e-04
5.044887e+01	-4.046413e-04
5.074026e+01	-4.864900e-04
5.103333e+01	-4.128931e-04
5.132810e+01	-5.197003e-04
5.162457e+01	-4.269229e-04
5.192275e+01	-3.661682e-04
5.222265e+01	-3.440953e-04
5.252429e+01	-3.996110e-04
5.282767e+01	-6.305951e-04
5.313280e+01	-4.091229e-04
5.343969e+01	-4.976637e-04
5.374836e+01	-4.469924e-04
5.405880e+01	-6.224328e-04
5.437105e+01	-6.049538e-04
5.468509e+01	-5.449940e-04
5.500095e+01	-7.104142e-04
5.531863e+01	-5.091004e-04
5.563815e+01	-5.869368e-04
5.595951e+01	-5.885278e-04
5.628273e+01	-5.607613e-04
5.660782e+01	-6.197968e-04
5.693479e+01	-6.349897e-04
5.726364e+01	-7.560201e-04
5.759439e+01	-4.136710e-04
5.792705e+01	-5.794296e-04
5.826164e+01	-6.627534e-04
5.859815e+01	-5.413021e-04
5.893662e+01	-7.101841e-04
5.927703e+01	-6.263368e-04
5.961941e+01	-5.634536e-04
5.996377e+01	-5.582925e-04
6.031012e+01	-5.552768e-04
6.065847e+01	-6.352274e-04
6.100883e+01	-6.545656e-04
6.136121e+01	-6.621806e-04
6.171563e+01	-6.752648e-04
6.207210e+01	-7.121687e-04
6.243063e+01	-6.799774e-04
6.279122e+01	-6.755868e-04
6.315390e+01	-7.278116e-04
6.351868e+01	-6.490061e-04
6.388556e+01	-7.681782e-04
6.425456e+01	-8.491492e-04
6.462569e+01	-5.668278e-04
6.499897e+01	-7.975950e-04
6.537440e+01	-7.313081e-04
6.575200e+01	-8.288956e-04
6.613178e+01	-7.802272e-04
6.651375e+01	-8.970267e-04
6.689793e+01	-8.739466e-04
6.728433e+01	-8.227021e-04
6.767297e+01	-6.666851e-04
6.806384e+01	-8.047905e-04
6.845698e+01	-9.811184e-04
6.885238e+01	-7.589687e-04
6.925007e+01	-8.866769e-04
6.965005e+01	-8.608290e-04
7.005235e+01	-1.004306e-03
7.045697e+01	-9.183039e-04
7.086393e+01	-8.653028e-04
7.127323e+01	-9.345957e-04
7.168490e+01	-9.150987e-04
7.209895e+01	-9.595549e-04
7.251539e+01	-1.103051e-03
7.293424e+01	-8.429324e-04
7.335551e+01	-7.336240e-04
7.377920e+01	-1.080595e-03
7.420535e+01	-1.010806e-03
7.463396e+01	-8.661040e-04
7.506504e+01	-1.060801e-03
7.549861e+01	-9.404817e-04
7.593469e+01	-1.009697e-03
7.637328e+01	-1.143774e-03
7.681441e+01	-9.876747e-04
7.725809e+01	-9.498232e-04
7.770433e+01	-7.894595e-04
7.815315e+01	-1.269131e-03
7.860456e+01	-1.143301e-03
7.905857e+01	-1.027984e-03
7.951521e+01	-9.909373e-04
7.997449e+01	-1.131290e-03
8.043642e+01	-1.120560e-03
8.090102e+01	-1.222960e-03
8.136830e+01	-1.235996e-03
8.183828e+01	-1.199291e-03
8.231097e+01	-1.323528e-03
8.278640e+01	-1.043940e-03
8.326457e+01	-1.227903e-03
8.374550e+01	-1.281643e-03
8.422921e+01	-1.438759e-03
8.471572e+01	-1.312664e-03
8.520503e+01	-1.206613e-03
8.569717e+01	-1.303544e-03
8.619215e+01	-1.364127e-03
8.669000e+01	-1.367996e-03
8.719071e+01	-1.382665e-03
8.769432e+01	-1.426688e-03
8.820084e+01	-1.232598e-03
8.871029e+01	-1.401615e-03
8.922267e+01	-1.445954e-03
8.973802e+01	-1.579138e-03
9.025634e+01	-1.295321e-03
9.077766e+01	-1.637378e-03
9.130199e+01	-1.465879e-03
9.182935e+01	-1.511490e-03
9.235975e+01	-1.665915e-03
9.289321e+01	-1.534845e-03
9.342976e+01	-1.662798e-03
9.396941e+01	-1.565764e-03
9.451217e+01	-1.626587e-03
9.505807e+01	-1.663504e-03
9.560712e+01	-1.748767e-03
9.615934e+01	-1.629431e-03
9.671476e+01	-1.649158e-03
9.727338e+01	-1.700691e-03
9.783522e+01	-1.741669e-03
9.840032e+01	-1.751133e-03
9.896867e+01	-1.870239e-03
9.954031e+01	-1.969944e-03
1.001153e+02	-1.860652e-03
1.006935e+02	-1.583151e-03
1.012751e+02	-1.875238e-03
1.018601e+02	-1.840106e-03
1.024484e+02	-1.837022e-03
1.030402e+02	-1.987657e-03
1.036353e+02	-2.078848e-03
1.042339e+02	-2.010959e-03
1.048360e+02	-2.084072e-03
1.054415e+02	-1.961276e-03
1.060505e+02	-1.902056e-03
1.066631e+02	-1.881246e-03
1.072791e+02	-1.703159e-03
1.078988e+02	-2.070368e-03
1.085220e+02	-2.136352e-03
1.091488e+02	-2.131128e-03
1.097793e+02	-2.079551e-03
1.104133e+02	-2.144954e-03
1.110511e+02	-2.104468e-03
1.116925e+02	-2.151617e-03
1.123376e+02	-2.011896e-03
1.129865e+02	-2.316402e-03
1.136391e+02	-2.402939e-03
1.142955e+02	-2.303595e-03
1.149556e+02	-2.362888e-03
1.156196e+02	-2.410557e-03
1.162874e+02	-2.422279e-03
1.169591e+02	-2.356871e-03
1.176347e+02	-2.338007e-03
1.183141e+02	-2.661666e-03
1.189975e+02	-2.554699e-03
1.196848e+02	-2.466446e-03
1.203761e+02	-2.747587e-03
1.210714e+02	-2.554385e-03
1.217707e+02	-2.582383e-03
1.224740e+02	-2.732594e-03
1.231814e+02	-2.796184e-03
1.238929e+02	-2.656577e-03
1.246085e+02	-2.790391e-03
1.253283e+02	-2.616869e-03
1.260522e+02	-2.880585e-03
1.267802e+02	-2.539504e-03
1.275125e+02	-2.714864e-03
1.282490e+02	-3.009253e-03
1.289898e+02	-3.034281e-03
1.297348e+02	-3.037709e-03
1.304842e+02	-2.914775e-03
1.312378e+02	-3.057490e-03
1.319959e+02	-3.162231e-03
1.327583e+02	-3.106374e-03
1.335251e+02	-3.107598e-03
1.342963e+02	-3.277940e-03
1.350720e+02	-3.322021e-03
1.358522e+02	-3.145889e-03
1.366368e+02	-3.243167e-03
1.374260e+02	-3.320362e-03
1.382198e+02	-3.434051e-03
1.390182e+02	-3.498049e-03
1.398211e+02	-3.594911e-03
1.406287e+02	-3.527323e-03
1.414410e+02	-3.740402e-03
1.422579e+02	-3.614204e-03
1.430796e+02	-3.566714e-03
1.439060e+02	-3.909976e-03
1.447372e+02	-3.603739e-03
1.455732e+02	-3.623344e-03
1.464141e+02	-3.833074e-03
1.472597e+02	-3.927703e-03
1.481103e+02	-3.926828e-03
1.489658e+02	-4.017586e-03
1.498262e+02	-4.015092e-03
1.506916e+02	-4.053696e-03
1.515620e+02	-4.040273e-03
1.524374e+02	-4.226849e-03
1.533179e+02	-4.074150e-03
1.542034e+02	-4.198541e-03
1.550941e+02	-4.047556e-03
1.559899e+02	-4.300846e-03
1.568909e+02	-4.330265e-03
1.577971e+02	-4.318833e-03
1.587085e+02	-4.523147e-03
1.596252e+02	-4.524874e-03
1.605472e+02	-4.698014e-03
1.614745e+02	-4.688505e-03
1.624072e+02	-4.578880e-03
1.633453e+02	-4.668740e-03
1.642887e+02	-4.613943e-03
1.652377e+02	-4.843590e-03
1.661921e+02	-4.884258e-03
1.671520e+02	-4.950327e-03
1.681175e+02	-5.013873e-03
1.690885e+02	-5.140526e-03
1.700651e+02	-5.135848e-03
1.710474e+02	-5.145978e-03
1.720354e+02	-5.288883e-03
1.730291e+02	-5.240428e-03
1.740285e+02	-5.328490e-03
1.750337e+02	-5.527793e-03
1.760446e+02	-5.455708e-03
1.770615e+02	-5.545825e-03
1.780842e+02	-5.558540e-03
1.791128e+02	-5.601446e-03
1.801473e+02	-5.687104e-03
1.811878e+02	-5.876222e-03
1.822344e+02	-5.887498e-03
1.832870e+02	-5.983859e-03
1.843456e+02	-5.983798e-03
1.854104e+02	-6.044320e-03
1.864813e+02	-6.127974e-03
1.875584e+02	-6.229035e-03
1.886418e+02	-6.219586e-03
1.897313e+02	-6.315419e-03
1.908272e+02	-6.349918e-03
1.919294e+02	-6.476234e-03
1.930380e+02	-6.643618e-03
1.941530e+02	-6.879839e-03
1.952744e+02	-6.646691e-03
1.964023e+02	-6.804458e-03
1.975367e+02	-6.847878e-03
1.986777e+02	-6.775340e-03
1.998252e+02	-7.038133e-03
2.009794e+02	-7.157943e-03
2.021403e+02	-7.270275e-03
2.033078e+02	-7.322113e-03
2.044821e+02	-7.297773e-03
2.056632e+02	-7.490421e-03
2.068511e+02	-7.501541e-03
2.080459e+02	-7.635972e-03
2.092475e+02	-7.715765e-03
2.104561e+02	-7.860777e-03
2.116717e+02	-8.015046e-03
2.128943e+02	-7.939502e-03
2.141240e+02	-8.206913e-03
2.153608e+02	-8.179883e-03
2.166047e+02	-8.315126e-03
2.178558e+02	-8.396546e-03
2.191141e+02	-8.468852e-03
2.203797e+02	-8.636248e-03
2.216526e+02	-8.762187e-03
2.229329e+02	-8.889745e-03
2.242205e+02	-8.806460e-03
2.255156e+02	-8.870698e-03
2.268182e+02	-9.057142e-03
2.281283e+02	-9.126845e-03
2.294459e+02	-9.307835e-03
2.307712e+02	-9.485922e-03
2.321041e+02	-9.449190e-03
2.334447e+02	-9.659270e-03
2.347931e+02	-9.695094e-03
2.361493e+02	-9.895237e-03
2.375133e+02	-9.961419e-03
2.388851e+02	-1.015179e-02
2.402649e+02	-1.019342e-02
2.416527e+02	-1.043435e-02
2.430484e+02	-1.050342e-02
2.444523e+02	-1.064328e-02
2.458642e+02	-1.073604e-02
2.472843e+02	-1.075340e-02
2.487126e+02	-1.099452e-02
2.501492e+02	-1.104553e-02
2.515940e+02	-1.117366e-02
2.530472e+02	-1.112722e-02
2.545088e+02	-1.141480e-02
2.559789e+02	-1.160770e-02
2.574574e+02	-1.185832e-02
2.589444e+02	-1.173959e-02
2.604401e+02	-1.202035e-02
2.619444e+02	-1.215059e-02
2.634574e+02	-1.238730e-02
2.649791e+02	-1.247729e-02
2.665096e+02	-1.243009e-02
2.680489e+02	-1.266564e-02
2.695972e+02	-1.292197e-02
2.711544e+02	-1.300993e-02
2.727205e+02	-1.325622e-02
2.742958e+02	-1.332893e-02
2.758801e+02	-1.334752e-02
2.774736e+02	-1.352760e-02
2.790762e+02	-1.380683e-02
2.806882e+02	-1.391137e-02
2.823094e+02	-1.388455e-02
2.839400e+02	-1.411408e-02
2.855800e+02	-1.432153e-02
2.872295e+02	-1.473020e-02
2.888886e+02	-1.490237e-02
2.905572e+02	-1.487025e-02
2.922354e+02	-1.506788e-02
2.939234e+02	-1.518955e-02
2.956211e+02	-1.538483e-02
2.973286e+02	-1.571714e-02
2.990459e+02	-1.568058e-02
3.007732e+02	-1.584339e-02
3.025104e+02	-1.634996e-02
3.042577e+02	-1.627972e-02
3.060151e+02	-1.669008e-02
3.077826e+02	-1.668054e-02
3.095604e+02	-1.680962e-02
3.113484e+02	-1.714475e-02
3.131467e+02	-1.734786e-02
3.149554e+02	-1.749298e-02
3.167746e+02	-1.785343e-02
3.186043e+02	-1.788466e-02
3.204445e+02	-1.817635e-02
3.222954e+02	-1.848063e-02
3.241570e+02	-1.853480e-02
3.260293e+02	-1.893915e-02
3.279124e+02	-1.892616e-02
3.298064e+02	-1.929191e-02
3.317114e+02	-1.933098e-02
3.336273e+02	-1.967480e-02
3.355544e+02	-1.990535e-02
3.374925e+02	-1.995974e-02
3.394418e+02	-2.034125e-02
3.414024e+02	-2.048429e-02
3.433744e+02	-2.081144e-02
3.453577e+02	-2.108327e-02
3.473525e+02	-2.142710e-02
3.493588e+02	-2.150809e-02
3.513766e+02	-2.183574e-02
3.534062e+02	-2.200287e-02
3.554474e+02	-2.230531e-02
3.575005e+02	-2.265659e-02
3.595654e+02	-2.275935e-02
3.616422e+02	-2.321694e-02
3.637311e+02	-2.346698e-02
3.658320e+02	-2.359439e-02
3.679450e+02	-2.398106e-02
3.700702e+02	-2.411757e-02
3.722077e+02	-2.434973e-02
3.743576e+02	-2.481040e-02
3.765199e+02	-2.518250e-02
3.786946e+02	-2.515557e-02
3.808820e+02	-2.562124e-02
3.830819e+02	-2.598026e-02
3.852946e+02	-2.617602e-02
3.875200e+02	-2.667119e-02
3.897583e+02	-2.676893e-02
3.920096e+02	-2.714389e-02
3.942738e+02	-2.739943e-02
3.965511e+02	-2.788815e-02
3.988416e+02	-2.820880e-02
4.011452e+02	-2.838191e-02
4.034622e+02	-2.882749e-02
4.057926e+02	-2.909647e-02
4.081365e+02	-2.946509e-02
4.104938e+02	-2.954478e-02
4.128648e+02	-3.008727e-02
4.152495e+02	-3.060994e-02
4.176480e+02	-3.067837e-02
4.200603e+02	-3.121612e-02
4.224866e+02	-3.143748e-02
4.249268e+02	-3.176524e-02
4.273812e+02	-3.222367e-02
4.298497e+02	-3.256861e-02
4.323325e+02	-3.292691e-02
4.348297e+02	-3.344343e-02
4.373412e+02	-3.372795e-02
4.398673e+02	-3.431752e-02
4.424079e+02	-3.439322e-02
4.449633e+02	-3.486547e-02
4.475334e+02	-3.539097e-02
4.501183e+02	-3.564234e-02
4.527182e+02	-3.623065e-02
4.553330e+02	-3.652729e-02
4.579630e+02	-3.687834e-02
4.606082e+02	-3.756546e-02
4.632687e+02	-3.785213e-02
4.659445e+02	-3.824845e-02
4.686358e+02	-3.879981e-02
4.713426e+02	-3.913278e-02
4.740650e+02	-3.961828e-02
4.768032e+02	-3.997252e-02
4.795572e+02	-4.049230e-02
4.823271e+02	-4.107972e-02
4.851130e+02	-4.146786e-02
4.879150e+02	-4.207336e-02
4.907332e+02	-4.230880e-02
4.935676e+02	-4.280116e-02
4.964185e+02	-4.348664e-02
4.992858e+02	-4.392838e-02
5.021696e+02	-4.431875e-02
5.050701e+02	-4.490194e-02
5.079874e+02	-4.549038e-02
5.109215e+02	-4.594094e-02
5.138726e+02	-4.651768e-02
5.168407e+02	-4.693916e-02
5.198259e+02	-4.760170e-02
5.228284e+02	-4.814677e-02
5.258482e+02	-4.874682e-02
5.288855e+02	-4.924589e-02
5.319403e+02	-4.982751e-02
5.350128e+02	-5.044534e-02
5.381030e+02	-5.090762e-02
5.412111e+02	-5.153950e-02
5.443371e+02	-5.210357e-02
5.474812e+02	-5.284207e-02
5.506434e+02	-5.322761e-02
5.538239e+02	-5.408622e-02
5.570228e+02	-5.455620e-02
5.602401e+02	-5.526248e-02
5.634760e+02	-5.575049e-02
5.667306e+02	-5.657667e-02
5.700040e+02	-5.711721e-02
5.732964e+02	-5.773179e-02
5.766077e+02	-5.854158e-02
5.799382e+02	-5.916573e-02
5.832879e+02	-5.991922e-02
5.866569e+02	-6.047785e-02
5.900454e+02	-6.114173e-02
5.934535e+02	-6.184512e-02
5.968813e+02	-6.272767e-02
6.003288e+02	-6.331491e-02
6.037963e+02	-6.416452e-02
6.072838e+02	-6.492015e-02
6.107914e+02	-6.530011e-02
6.143194e+02	-6.627301e-02
6.178676e+02	-6.719592e-02
6.214364e+02	-6.789816e-02
6.250258e+02	-6.878537e-02
6.286359e+02	-6.958904e-02
6.322669e+02	-7.014498e-02
6.359189e+02	-7.101386e-02
6.395919e+02	-7.185462e-02
6.432862e+02	-7.270230e-02
6.470017e+02	-7.351499e-02
6.507388e+02	-7.436360e-02
6.544974e+02	-7.525364e-02
6.582778e+02	-7.604357e-02
6.620800e+02	-7.697719e-02
6.659041e+02	-7.759903e-02
6.697504e+02	-7.868595e-02
6.736188e+02	-7.952516e-02
6.775096e+02	-8.063529e-02
6.814229e+02	-8.141264e-02
6.853587e+02	-8.232029e-02
6.893173e+02	-8.331065e-02
6.932988e+02	-8.408375e-02
6.973033e+02	-8.510780e-02
7.013309e+02	-8.631822e-02
7.053817e+02	-8.718084e-02
7.094560e+02	-8.809761e-02
7.135538e+02	-8.916428e-02
7.176752e+02	-9.017274e-02
7.218205e+02	-9.126780e-02
7.259897e+02	-9.232093e-02
7.301830e+02	-9.345350e-02
7.344005e+02	-9.451584e-02
7.386424e+02	-9.560823e-02
7.429087e+02	-9.652954e-02
7.471998e+02	-9.777983e-02
7.515155e+02	-9.880722e-02
7.558563e+02	-1.002217e-01
7.602221e+02	-1.011170e-01
7.646131e+02	-1.023170e-01
7.690295e+02	-1.034620e-01
7.734713e+02	-1.047129e-01
7.779389e+02	-1.059409e-01
7.824322e+02	-1.070910e-01
7.869515e+02	-1.081860e-01
7.914969e+02	-1.094663e-01
7.960686e+02	-1.107131e-01
8.006666e+02	-1.120594e-01
8.052912e+02	-1.134620e-01
8.099426e+02	-1.146409e-01
8.146208e+02	-1.160602e-01
8.193260e+02	-1.171712e-01
8.240584e+02	-1.185289e-01
8.288181e+02	-1.199489e-01
8.336053e+02	-1.211324e-01
8.384202e+02	-1.227622e-01
8.432629e+02	-1.241669e-01
8.481335e+02	-1.255859e-01
8.530323e+02	-1.270401e-01
8.579594e+02	-1.283326e-01
8.629149e+02	-1.298429e-01
8.678991e+02	-1.315164e-01
8.729120e+02	-1.329272e-01
8.779539e+02	-1.343622e-01
8.830250e+02	-1.357915e-01
8.881253e+02	-1.375413e-01
8.932551e+02	-1.390170e-01
8.984145e+02	-1.404877e-01
9.036037e+02	-1.421845e-01
9.088229e+02	-1.437422e-01
9.140722e+02	-1.453774e-01
9.193518e+02	-1.473328e-01
9.246620e+02	-1.486442e-01
9.300028e+02	-1.506542e-01
9.353744e+02	-1.522609e-01
9.407771e+02	-1.539421e-01
9.462110e+02	-1.558435e-01
9.516763e+02	-1.574825e-01
9.571731e+02	-1.591777e-01
9.627017e+02	-1.610624e-01
9.682622e+02	-1.629052e-01
9.738549e+02	-1.648985e-01
9.794798e+02	-1.667842e-01
9.851373e+02	-1.687585e-01
9.908274e+02	-1.703870e-01
9.965504e+02	-1.723191e-01
1.002306e+03	-1.741369e-01
1.008096e+03	-1.763811e-01
1.013918e+03	-1.782470e-01
1.019775e+03	-1.803535e-01
1.025665e+03	-1.824364e-01
1.031589e+03	-1.845413e-01
1.037548e+03	-1.865190e-01
1.043540e+03	-1.886783e-01
1.049568e+03	-1.907242e-01
1.055630e+03	-1.928138e-01
1.061727e+03	-1.951880e-01
1.067860e+03	-1.974922e-01
1.074028e+03	-1.996726e-01
1.080231e+03	-2.017910e-01
1.086471e+03	-2.039021e-01
1.092746e+03	-2.063561e-01
1.099058e+03	-2.087156e-01
1.105406e+03	-2.111793e-01
1.111791e+03	-2.132780e-01
1.118212e+03	-2.160563e-01
1.124671e+03	-2.184705e-01
1.131167e+03	-2.208882e-01
1.137701e+03	-2.233467e-01
1.144272e+03	-2.258283e-01
1.150881e+03	-2.282700e-01
1.157529e+03	-2.308703e-01
1.164215e+03	-2.336291e-01
1.170939e+03	-2.362325e-01
1.177702e+03	-2.388592e-01
1.184505e+03	-2.416650e-01
1.191346e+03	-2.442638e-01
1.198227e+03	-2.471751e-01
1.205148e+03	-2.497183e-01
1.212109e+03	-2.525117e-01
1.219110e+03	-2.555292e-01
1.226152e+03	-2.583457e-01
1.233234e+03	-2.612168e-01
1.240357e+03	-2.642641e-01
1.247521e+03	-2.671602e-01
1.254727e+03	-2.702269e-01
1.261974e+03	-2.730817e-01
1.269263e+03	-2.761394e-01
1.276595e+03	-2.793445e-01
1.283968e+03	-2.823966e-01
1.291384e+03	-2.855650e-01
1.298843e+03	-2.888859e-01
1.306345e+03	-2.921098e-01
1.313891e+03	-2.954523e-01
1.321480e+03	-2.986576e-01
1.329113e+03	-3.019032e-01
1.336790e+03	-3.054180e-01
1.344511e+03	-3.088224e-01
1.352277e+03	-3.122769e-01
1.360087e+03	-3.156566e-01
1.367943e+03	-3.192680e-01
1.375844e+03	-3.228106e-01
1.383791e+03	-3.265453e-01
1.391784e+03	-3.300336e-01
1.399823e+03	-3.338608e-01
1.407908e+03	-3.374151e-01
1.416040e+03	-3.411403e-01
1.424219e+03	-3.449542e-01
1.432445e+03	-3.488058e-01
1.440719e+03	-3.527485e-01
1.449041e+03	-3.566132e-01
1.457410e+03	-3.606103e-01
1.465828e+03	-3.645964e-01
1.474295e+03	-3.686656e-01
1.482810e+03	-3.727499e-01
1.491375e+03	-3.768426e-01
1.499989e+03	-3.810817e-01
1.508653e+03	-3.853490e-01
1.517367e+03	-3.897297e-01
1.526131e+03	-3.938188e-01
1.534946e+03	-3.982216e-01
1.543812e+03	-4.026809e-01
1.552729e+03	-4.071069e-01
1.561697e+03	-4.116265e-01
1.570717e+03	-4.161692e-01
1.579790e+03	-4.206770e-01
1.588915e+03	-4.254009e-01
1.598092e+03	-4.300401e-01
1.607323e+03	-4.347995e-01
1.616606e+03	-4.394344e-01
1.625944e+03	-4.444984e-01
1.635335e+03	-4.491940e-01
1.644781e+03	-4.542485e-01
1.654281e+03	-4.593256e-01
1.663836e+03	-4.643046e-01
1.673446e+03	-4.693167e-01
1.683112e+03	-4.744185e-01
1.692834e+03	-4.797054e-01
1.702611e+03	-4.851115e-01
1.712446e+03	-4.903603e-01
1.722337e+03	-4.957630e-01
1.732285e+03	-5.011730e-01
1.742290e+03	-5.065299e-01
1.752354e+03	-5.123368e-01
1.762475e+03	-5.177709e-01
1.772655e+03	-5.234351e-01
1.782894e+03	-5.290624e-01
1.793192e+03	-5.348979e-01
1.803549e+03	-5.407523e-01
1.813967e+03	-5.464858e-01
1.824444e+03	-5.523596e-01
1.834982e+03	-5.586331e-01
1.845581e+03	-5.645483e-01
1.856241e+03	-5.707462e-01
1.866962e+03	-5.769447e-01
1.877746e+03	-5.830841e-01
1.888592e+03	-5.895082e-01
1.899500e+03	-5.958752e-01
1.910472e+03	-6.023275e-01
1.921506e+03	-6.087813e-01
1.932605e+03	-6.153410e-01
1.943768e+03	-6.219923e-01
1.954995e+03	-6.286352e-01
1.966287e+03	-6.353093e-01
1.977644e+03	-6.423611e-01
1.989067e+03	-6.492355e-01
2.000555e+03	-6.560902e-01
2.012110e+03	-6.633437e-01
2.023732e+03	-6.702762e-01
2.035421e+03	-6.776054e-01
2.047178e+03	-6.847340e-01
2.059002e+03	-6.920815e-01
2.070895e+03	-6.996020e-01
2.082856e+03	-7.070864e-01
2.094887e+03	-7.146738e-01
2.106987e+03	-7.222099e-01
2.119157e+03	-7.298662e-01
2.131397e+03	-7.376690e-01
2.143708e+03	-7.456328e-01
2.156090e+03	-7.533971e-01
2.168543e+03	-7.614286e-01
2.181069e+03	-7.696827e-01
2.193666e+03	-7.777616e-01
2.206337e+03	-7.857601e-01
2.219081e+03	-7.943415e-01
2.231898e+03	-8.026130e-01
2.244789e+03	-8.111031e-01
2.257755e+03	-8.195787e-01
2.270796e+03	-8.282705e-01
2.283912e+03	-8.370242e-01
2.297104e+03	-8.458805e-01
2.310372e+03	-8.547557e-01
2.323716e+03	-8.637295e-01
2.337138e+03	-8.728475e-01
2.350637e+03	-8.817973e-01
2.364214e+03	-8.910608e-01
2.377870e+03	-9.004794e-01
2.391604e+03	-9.100620e-01
2.405418e+03	-9.194349e-01
2.419312e+03	-9.291260e-01
2.433286e+03	-9.386286e-01
2.447340e+03	-9.483482e-01
2.461476e+03	-9.581739e-01
2.475693e+03	-9.681399e-01
2.489993e+03	-9.781985e-01
2.504375e+03	-9.883550e-01
2.518840e+03	-9.986610e-01
2.533389e+03	-1.009005e+00
2.548022e+03	-1.019258e+00
2.562739e+03	-1.029779e+00
2.577541e+03	-1.040402e+00
2.592429e+03	-1.051036e+00
2.607403e+03	-1.061853e+00
2.622463e+03	-1.072868e+00
2.637610e+03	-1.083755e+00
2.652845e+03	-1.094774e+00
2.668168e+03	-1.106034e+00
2.683579e+03	-1.117262e+00
2.699079e+03	-1.128770e+00
2.714669e+03	-1.140186e+00
2.730349e+03	-1.151952e+00
2.746119e+03	-1.163598e+00
2.761981e+03	-1.175308e+00
2.777934e+03	-1.187328e+00
2.793979e+03	-1.199301e+00
2.810117e+03	-1.211269e+00
2.826348e+03	-1.223583e+00
2.842673e+03	-1.236170e+00
2.859092e+03	-1.248240e+00
2.875606e+03	-1.260643e+00
2.892215e+03	-1.273495e+00
2.908921e+03	-1.286239e+00
2.925722e+03	-1.299213e+00
2.942621e+03	-1.312169e+00
2.959618e+03	-1.325181e+00
2.976712e+03	-1.338154e+00
2.993906e+03	-1.351764e+00
3.011198e+03	-1.365039e+00
3.028591e+03	-1.378648e+00
3.046084e+03	-1.392333e+00
3.063678e+03	-1.406030e+00
3.081374e+03	-1.420024e+00
3.099172e+03	-1.434070e+00
3.117072e+03	-1.447978e+00
3.135076e+03	-1.462260e+00
3.153184e+03	-1.476769e+00
3.171397e+03	-1.491137e+00
3.189715e+03	-1.505860e+00
3.208139e+03	-1.520193e+00
3.226669e+03	-1.535205e+00
3.245306e+03	-1.550241e+00
3.264051e+03	-1.565344e+00
3.282904e+03	-1.580364e+00
3.301866e+03	-1.595569e+00
3.320937e+03	-1.611148e+00
3.340119e+03	-1.626698e+00
3.359411e+03	-1.642342e+00
3.378815e+03	-1.658106e+00
3.398331e+03	-1.674068e+00
3.417959e+03	-1.690054e+00
3.437701e+03	-1.706059e+00
3.457557e+03	-1.722630e+00
3.477528e+03	-1.739094e+00
3.497614e+03	-1.755491e+00
3.517816e+03	-1.772312e+00
3.538135e+03	-1.789133e+00
3.558571e+03	-1.805911e+00
3.579125e+03	-1.823141e+00
3.599798e+03	-1.840307e+00
3.620590e+03	-1.857344e+00
3.641503e+03	-1.874913e+00
3.662536e+03	-1.892603e+00
3.683691e+03	-1.910210e+00
3.704967e+03	-1.928155e+00
3.726367e+03	-1.945941e+00
3.747890e+03	-1.964127e+00
3.769538e+03	-1.982649e+00
3.791311e+03	-2.000954e+00
3.813209e+03	-2.019266e+00
3.835234e+03	-2.038078e+00
3.857386e+03	-2.056649e+00
3.879667e+03	-2.075574e+00
3.902075e+03	-2.094581e+00
3.924614e+03	-2.113920e+00
3.947282e+03	-2.133131e+00
3.970081e+03	-2.152483e+00
3.993012e+03	-2.172115e+00
4.016076e+03	-2.191806e+00
4.039272e+03	-2.211861e+00
4.062603e+03	-2.231900e+00
4.086069e+03	-2.251906e+00
4.109670e+03	-2.272099e+00
4.133407e+03	-2.292581e+00
4.157281e+03	-2.313136e+00
4.181294e+03	-2.333733e+00
4.205445e+03	-2.354507e+00
4.229735e+03	-2.375512e+00
4.254166e+03	-2.396613e+00
4.278738e+03	-2.418136e+00
4.303451e+03	-2.439382e+00
4.328308e+03	-2.460991e+00
4.353308e+03	-2.482301e+00
4.378453e+03	-2.504276e+00
4.403742e+03	-2.526251e+00
4.429178e+03	-2.548389e+00
4.454761e+03	-2.570547e+00
4.480492e+03	-2.593336e+00
4.506371e+03	-2.615546e+00
4.532399e+03	-2.638008e+00
4.558578e+03	-2.660743e+00
4.584908e+03	-2.683781e+00
4.611391e+03	-2.706998e+00
4.638026e+03	-2.730069e+00
4.664815e+03	-2.753504e+00
4.691759e+03	-2.776766e+00
4.718858e+03	-2.800741e+00
4.746114e+03	-2.824453e+00
4.773527e+03	-2.848466e+00
4.801099e+03	-2.872153e+00
4.828830e+03	-2.896756e+00
4.856721e+03	-2.920971e+00
4.884773e+03	-2.945440e+00
4.912988e+03	-2.970261e+00
4.941365e+03	-2.995039e+00
4.969906e+03	-3.019740e+00
4.998612e+03	-3.044794e+00
5.027484e+03	-3.070166e+00
5.056522e+03	-3.095745e+00
5.085729e+03	-3.120939e+00
5.115104e+03	-3.146668e+00
5.144648e+03	-3.172497e+00
5.174363e+03	-3.198361e+00
5.204250e+03	-3.224257e+00
5.234310e+03	-3.250560e+00
5.264543e+03	-3.276942e+00
5.294951e+03	-3.303446e+00
5.325534e+03	-3.330263e+00
5.356294e+03	-3.357059e+00
5.387232e+03	-3.383863e+00
5.418348e+03	-3.410755e+00
5.449645e+03	-3.438148e+00
5.481122e+03	-3.465343e+00
5.512780e+03	-3.492946e+00
5.544622e+03	-3.520371e+00
5.576647e+03	-3.548381e+00
5.608858e+03	-3.576205e+00
5.641254e+03	-3.604169e+00
5.673838e+03	-3.632400e+00
5.706610e+03	-3.660526e+00
5.739571e+03	-3.689166e+00
5.772723e+03	-3.717448e+00
5.806066e+03	-3.746437e+00
5.839601e+03	-3.775103e+00
5.873331e+03	-3.804345e+00
5.907255e+03	-3.833616e+00
5.941375e+03	-3.862736e+00
5.975692e+03	-3.892249e+00
6.010207e+03	-3.921991e+00
6.044922e+03	-3.951592e+00
6.079837e+03	-3.981187e+00
6.114954e+03	-4.011435e+00
6.150274e+03	-4.041328e+00
6.185797e+03	-4.071528e+00
6.221526e+03	-4.102032e+00
6.257462e+03	-4.132308e+00
6.293605e+03	-4.163236e+00
6.329956e+03	-4.193831e+00
6.366518e+03	-4.224585e+00
6.403290e+03	-4.255865e+00
6.440276e+03	-4.286923e+00
6.477474e+03	-4.318188e+00
6.514888e+03	-4.349956e+00
6.552518e+03	-4.381061e+00
6.590365e+03	-4.413210e+00
6.628430e+03	-4.445062e+00
6.666716e+03	-4.477040e+00
6.705223e+03	-4.508970e+00
6.743952e+03	-4.541228e+00
6.782905e+03	-4.573349e+00
6.822082e+03	-4.606073e+00
6.861486e+03	-4.638331e+00
6.901118e+03	-4.671263e+00
6.940979e+03	-4.703973e+00
6.981069e+03	-4.737033e+00
7.021392e+03	-4.769990e+00
7.061947e+03	-4.803193e+00
7.102737e+03	-4.836792e+00
7.143762e+03	-4.870152e+00
7.185024e+03	-4.903874e+00
7.226524e+03	-4.937656e+00
7.268264e+03	-4.971250e+00
7.310246e+03	-5.005477e+00
7.352469e+03	-5.039624e+00
7.394937e+03	-5.073541e+00
7.437650e+03	-5.107874e+00
7.480609e+03	-5.142502e+00
7.523817e+03	-5.176723e+00
7.567274e+03	-5.211721e+00
7.610982e+03	-5.246638e+00
7.654943e+03	-5.281351e+00
7.699158e+03	-5.316370e+00
7.743628e+03	-5.351515e+00
7.788355e+03	-5.386782e+00
7.833340e+03	-5.422096e+00
7.878585e+03	-5.457414e+00
7.924091e+03	-5.493524e+00
7.969861e+03	-5.528745e+00
8.015894e+03	-5.564681e+00
8.062194e+03	-5.600383e+00
8.108761e+03	-5.636792e+00
8.155596e+03	-5.672663e+00
8.202703e+03	-5.708828e+00
8.250081e+03	-5.745597e+00
8.297733e+03	-5.781916e+00
8.345661e+03	-5.818293e+00
8.393865e+03	-5.855265e+00
8.442348e+03	-5.892269e+00
8.491110e+03	-5.928879e+00
8.540155e+03	-5.965937e+00
8.589482e+03	-6.003152e+00
8.639095e+03	-6.040442e+00
8.688994e+03	-6.077487e+00
8.739181e+03	-6.114821e+00
8.789658e+03	-6.152383e+00
8.840427e+03	-6.189810e+00
8.891489e+03	-6.227773e+00
8.942846e+03	-6.265504e+00
8.994499e+03	-6.303471e+00
9.046451e+03	-6.341463e+00
9.098703e+03	-6.379693e+00
9.151257e+03	-6.417768e+00
9.204114e+03	-6.456163e+00
9.257277e+03	-6.494457e+00
9.310746e+03	-6.532600e+00
9.364525e+03	-6.571520e+00
9.418614e+03	-6.610368e+00
9.473015e+03	-6.649062e+00
9.527731e+03	-6.687811e+00
9.582763e+03	-6.726576e+00
9.638113e+03	-6.765607e+00
9.693782e+03	-6.805026e+00
9.749773e+03	-6.844134e+00
9.806087e+03	-6.883725e+00
9.862727e+03	-6.923007e+00
9.919693e+03	-6.962093e+00
9.976989e+03	-7.001674e+00
1.003462e+04	-7.041186e+00
1.009258e+04	-7.081562e+00
1.015087e+04	-7.120410e+00
1.020950e+04	-7.160559e+00
1.026847e+04	-7.200988e+00
1.032778e+04	-7.240630e+00
1.038743e+04	-7.280682e+00
1.044743e+04	-7.321000e+00
1.050777e+04	-7.361652e+00
1.056847e+04	-7.401948e+00
1.062951e+04	-7.442290e+00
1.069091e+04	-7.482791e+00
1.075266e+04	-7.523039e+00
1.081476e+04	-7.564600e+00
1.087723e+04	-7.604946e+00
1.094006e+04	-7.645987e+00
1.100324e+04	-7.686520e+00
1.106680e+04	-7.727487e+00
1.113072e+04	-7.768532e+00
1.119501e+04	-7.809404e+00
1.125967e+04	-7.850953e+00
1.132471e+04	-7.892011e+00
1.139012e+04	-7.933363e+00
1.145591e+04	-7.974958e+00
1.152208e+04	-8.016553e+00
1.158863e+04	-8.057599e+00
1.165556e+04	-8.099310e+00
1.172289e+04	-8.141229e+00
1.179060e+04	-8.182791e+00
1.185870e+04	-8.224656e+00
1.192719e+04	-8.266279e+00
1.199608e+04	-8.308560e+00
1.206537e+04	-8.350419e+00
1.213506e+04	-8.391943e+00
1.220515e+04	-8.434510e+00
1.227565e+04	-8.476865e+00
1.234655e+04	-8.518878e+00
1.241787e+04	-8.561258e+00
1.248959e+04	-8.602971e+00
1.256173e+04	-8.646018e+00
1.263429e+04	-8.688309e+00
1.270726e+04	-8.730844e+00
1.278066e+04	-8.773636e+00
1.285448e+04	-8.816145e+00
1.292873e+04	-8.858523e+00
1.300340e+04	-8.901400e+00
1.307851e+04	-8.943932e+00
1.315405e+04	-8.987031e+00
1.323003e+04	-9.029783e+00
1.330644e+04	-9.072769e+00
1.338330e+04	-9.116034e+00
1.346060e+04	-9.158885e+00
1.353835e+04	-9.202006e+00
1.361655e+04	-9.245218e+00
1.369520e+04	-9.288339e+00
1.377430e+04	-9.330905e+00
1.385386e+04	-9.374630e+00
1.393388e+04	-9.417930e+00
1.401436e+04	-9.461427e+00
1.409531e+04	-9.504657e+00
1.417672e+04	-9.548656e+00
1.425861e+04	-9.591330e+00
1.434096e+04	-9.635233e+00
1.442379e+04	-9.678467e+00
1.450711e+04	-9.722003e+00
1.459090e+04	-9.765948e+00
1.467518e+04	-9.809430e+00
1.475994e+04	-9.852841e+00
1.484519e+04	-9.896843e+00
1.493094e+04	-9.940716e+00
1.501718e+04	-9.984436e+00
1.510392e+04	-1.002855e+01
1.519116e+04	-1.007285e+01
1.527890e+04	-1.011642e+01
1.536715e+04	-1.016000e+01
1.545591e+04	-1.020441e+01
1.554518e+04	-1.024802e+01
1.563497e+04	-1.029244e+01
1.572528e+04	-1.033661e+01
1.581611e+04	-1.038104e+01
1.590746e+04	-1.042467e+01
1.599934e+04	-1.046928e+01
1.609175e+04	-1.051317e+01
1.618470e+04	-1.055724e+01
1.627818e+04	-1.060190e+01
1.637220e+04	-1.064621e+01
1.646677e+04	-1.069017e+01
1.656188e+04	-1.073466e+01
1.665754e+04	-1.077915e+01
1.675375e+04	-1.082329e+01
1.685052e+04	-1.086792e+01
1.694785e+04	-1.091245e+01
1.704574e+04	-1.095734e+01
1.714419e+04	-1.100133e+01
1.724322e+04	-1.104603e+01
1.734281e+04	-1.109050e+01
1.744299e+04	-1.113512e+01
1.754374e+04	-1.117892e+01
1.764507e+04	-1.122367e+01
1.774698e+04	-1.126837e+01
1.784949e+04	-1.131395e+01
1.795259e+04	-1.135781e+01
1.805628e+04	-1.140279e+01
1.816057e+04	-1.144742e+01
1.826547e+04	-1.149219e+01
1.837097e+04	-1.153652e+01
1.847708e+04	-1.158162e+01
1.858380e+04	-1.162677e+01
1.869114e+04	-1.167086e+01
1.879910e+04	-1.171603e+01
1.890768e+04	-1.176073e+01
1.901689e+04	-1.180575e+01
1.912673e+04	-1.185076e+01
1.923721e+04	-1.189469e+01
1.934832e+04	-1.193971e+01
1.946008e+04	-1.198462e+01
1.957248e+04	-1.202977e+01
1.968553e+04	-1.207432e+01
1.979923e+04	-1.211897e+01
1.991359e+04	-1.216418e+01
2.002861e+04	-1.220843e+01
2.014430e+04	-1.225329e+01
2.026065e+04	-1.229860e+01
2.037767e+04	-1.234290e+01
2.049537e+04	-1.238858e+01
2.061375e+04	-1.243300e+01
2.073282e+04	-1.247825e+01
2.085257e+04	-1.252311e+01
2.097301e+04	-1.256773e+01
2.109415e+04	-1.261243e+01
2.121599e+04	-1.265709e+01
2.133853e+04	-1.270183e+01
2.146178e+04	-1.274731e+01
2.158575e+04	-1.279156e+01
2.171043e+04	-1.283654e+01
2.183582e+04	-1.288172e+01
2.196195e+04	-1.292644e+01
2.208880e+04	-1.297141e+01
2.221638e+04	-1.301580e+01
2.234470e+04	-1.306035e+01
2.247377e+04	-1.310530e+01
2.260357e+04	-1.315058e+01
2.273413e+04	-1.319515e+01
2.286544e+04	-1.324055e+01
2.299751e+04	-1.328464e+01
2.313034e+04	-1.332951e+01
2.326394e+04	-1.337401e+01
2.339832e+04	-1.341885e+01
2.353346e+04	-1.346388e+01
2.366939e+04	-1.350879e+01
2.380610e+04	-1.355320e+01
2.394361e+04	-1.359757e+01
2.408191e+04	-1.364330e+01
2.422100e+04	-1.368718e+01
2.436090e+04	-1.373171e+01
2.450161e+04	-1.377669e+01
2.464313e+04	-1.382060e+01
2.478547e+04	-1.386581e+01
2.492863e+04	-1.391038e+01
2.507261e+04	-1.395435e+01
2.521743e+04	-1.399820e+01
2.536309e+04	-1.404376e+01
2.550958e+04	-1.408830e+01
2.565692e+04	-1.413200e+01
2.580512e+04	-1.417687e+01
2.595417e+04	-1.422212e+01
2.610408e+04	-1.426516e+01
2.625485e+04	-1.430902e+01
2.640650e+04	-1.435543e+01
2.655902e+04	-1.439871e+01
2.671243e+04	-1.444268e+01
2.686672e+04	-1.448755e+01
2.702190e+04	-1.453064e+01
2.717798e+04	-1.457557e+01
2.733495e+04	-1.461900e+01
2.749284e+04	-1.466426e+01
2.765164e+04	-1.470701e+01
2.781135e+04	-1.475170e+01
2.797199e+04	-1.479616e+01
2.813355e+04	-1.483918e+01
2.829605e+04	-1.488430e+01
2.845949e+04	-1.492792e+01
2.862387e+04	-1.497119e+01
2.878920e+04	-1.501488e+01
2.895549e+04	-1.505991e+01
2.912273e+04	-1.510120e+01
2.929094e+04	-1.514593e+01
2.946013e+04	-1.519004e+01
2.963029e+04	-1.523347e+01
2.980143e+04	-1.527698e+01
2.997356e+04	-1.532021e+01
3.014669e+04	-1.536357e+01
3.032081e+04	-1.540733e+01
3.049595e+04	-1.545079e+01
3.067209e+04	-1.549353e+01
3.084925e+04	-1.553638e+01
3.102743e+04	-1.558077e+01
3.120665e+04	-1.562234e+01
3.138690e+04	-1.566641e+01
3.156819e+04	-1.570980e+01
3.175052e+04	-1.575208e+01
3.193391e+04	-1.579582e+01
3.211836e+04	-1.583777e+01
3.230388e+04	-1.588135e+01
3.249046e+04	-1.592411e+01
3.267812e+04	-1.596570e+01
3.286687e+04	-1.600938e+01
3.305671e+04	-1.605139e+01
3.324764e+04	-1.609481e+01
3.343968e+04	-1.613671e+01
3.363283e+04	-1.617833e+01
3.382709e+04	-1.622175e+01
3.402247e+04	-1.626317e+01
3.421899e+04	-1.630449e+01
3.441663e+04	-1.634813e+01
3.461542e+04	-1.639047e+01
3.481536e+04	-1.643164e+01
3.501645e+04	-1.647364e+01
3.521871e+04	-1.651502e+01
3.542213e+04	-1.655856e+01
3.562672e+04	-1.659963e+01
3.583250e+04	-1.663990e+01
3.603947e+04	-1.668212e+01
3.624763e+04	-1.672254e+01
3.645700e+04	-1.676431e+01
3.666757e+04	-1.680670e+01
3.687936e+04	-1.684697e+01
3.709238e+04	-1.688748e+01
3.730662e+04	-1.692902e+01
3.752210e+04	-1.696971e+01
3.773883e+04	-1.701124e+01
3.795680e+04	-1.705202e+01
3.817604e+04	-1.709215e+01
3.839654e+04	-1.713177e+01
3.861832e+04	-1.717376e+01
3.884138e+04	-1.721360e+01
3.906573e+04	-1.725369e+01
3.929137e+04	-1.729461e+01
3.951831e+04	-1.733381e+01
3.974657e+04	-1.737300e+01
3.997614e+04	-1.741286e+01
4.020704e+04	-1.745311e+01
4.043928e+04	-1.749327e+01
4.067285e+04	-1.753240e+01
4.090778e+04	-1.757188e+01
4.114406e+04	-1.761244e+01
4.138171e+04	-1.764985e+01
4.162073e+04	-1.768858e+01
4.186113e+04	-1.772838e+01
4.210291e+04	-1.776605e+01
4.234610e+04	-1.780541e+01
4.259069e+04	-1.784514e+01
4.283669e+04	-1.788345e+01
4.308411e+04	-1.792025e+01
4.333297e+04	-1.795933e+01
4.358325e+04	-1.799756e+01
4.383499e+04	-1.803595e+01
4.408818e+04	-1.807395e+01
4.434283e+04	-1.811043e+01
4.459895e+04	-1.814820e+01
4.485655e+04	-1.818616e+01
4.511564e+04	-1.822331e+01
4.537623e+04	-1.826061e+01
4.563832e+04	-1.829684e+01
4.590193e+04	-1.833358e+01
4.616705e+04	-1.837101e+01
4.643371e+04	-1.840797e+01
4.670191e+04	-1.844446e+01
4.697166e+04	-1.847840e+01
4.724297e+04	-1.851641e+01
4.751584e+04	-1.855201e+01
4.779029e+04	-1.858732e+01
4.806633e+04	-1.862289e+01
4.834395e+04	-1.865820e+01
4.862319e+04	-1.869483e+01
4.890403e+04	-1.872775e+01
4.918650e+04	-1.876460e+01
4.947060e+04	-1.879874e+01
4.975634e+04	-1.883359e+01
5.004373e+04	-1.886855e+01
5.033278e+04	-1.890155e+01
5.062350e+04	-1.893462e+01
5.091590e+04	-1.896934e+01
5.120999e+04	-1.900356e+01
5.150578e+04	-1.903740e+01
5.180327e+04	-1.906988e+01
5.210248e+04	-1.910303e+01
5.240343e+04	-1.913586e+01
5.270611e+04	-1.916914e+01
5.301053e+04	-1.920117e+01
5.331672e+04	-1.923381e+01
5.362468e+04	-1.926763e+01
5.393441e+04	-1.929706e+01
5.424593e+04	-1.933060e+01
5.455926e+04	-1.935987e+01
5.487439e+04	-1.939116e+01
5.519134e+04	-1.942199e+01
5.551012e+04	-1.945337e+01
5.583075e+04	-1.948172e+01
5.615322e+04	-1.951135e+01
5.647756e+04	-1.954288e+01
5.680377e+04	-1.957361e+01
5.713187e+04	-1.960311e+01
5.746186e+04	-1.963169e+01
5.779376e+04	-1.965939e+01
5.812757e+04	-1.968936e+01
5.846332e+04	-1.971902e+01
5.880100e+04	-1.974690e+01
5.914063e+04	-1.977395e+01
5.948222e+04	-1.980123e+01
5.982579e+04	-1.982904e+01
6.017134e+04	-1.985671e+01
6.051889e+04	-1.988154e+01
6.086844e+04	-1.990922e+01
6.122002e+04	-1.993572e+01
6.157362e+04	-1.996332e+01
6.192927e+04	-1.998762e+01
6.228697e+04	-2.001242e+01
6.264674e+04	-2.003841e+01
6.300858e+04	-2.006191e+01
6.337252e+04	-2.008790e+01
6.373855e+04	-2.011033e+01
6.410670e+04	-2.013407e+01
6.447698e+04	-2.015782e+01
6.484940e+04	-2.018058e+01
6.522397e+04	-2.020430e+01
6.560070e+04	-2.022646e+01
6.597960e+04	-2.024668e+01
6.636070e+04	-2.027047e+01
6.674400e+04	-2.029172e+01
6.712951e+04	-2.031254e+01
6.751724e+04	-2.033334e+01
6.790722e+04	-2.035420e+01
6.829945e+04	-2.037248e+01
6.869395e+04	-2.039088e+01
6.909072e+04	-2.041259e+01
6.948978e+04	-2.042945e+01
6.989115e+04	-2.044649e+01
7.029484e+04	-2.046447e+01
7.070086e+04	-2.048203e+01
7.110923e+04	-2.049987e+01
7.151995e+04	-2.051710e+01
7.193305e+04	-2.053135e+01
7.234853e+04	-2.054697e+01
7.276641e+04	-2.056273e+01
7.318671e+04	-2.057564e+01
7.360943e+04	-2.059138e+01
7.403460e+04	-2.060303e+01
7.446222e+04	-2.061883e+01
7.489231e+04	-2.062950e+01
7.532488e+04	-2.064283e+01
7.575996e+04	-2.065411e+01
7.619754e+04	-2.066546e+01
7.663766e+04	-2.067722e+01
7.708031e+04	-2.068591e+01
7.752553e+04	-2.069616e+01
7.797331e+04	-2.070483e+01
7.842368e+04	-2.071151e+01
7.887665e+04	-2.072159e+01
7.933224e+04	-2.072869e+01
7.979046e+04	-2.073545e+01
8.025133e+04	-2.074087e+01
8.071486e+04	-2.074488e+01
8.118106e+04	-2.075182e+01
8.164996e+04	-2.075490e+01
8.212157e+04	-2.075933e+01
8.259590e+04	-2.076339e+01
8.307297e+04	-2.076270e+01
8.355279e+04	-2.076841e+01
8.403539e+04	-2.076630e+01
8.452078e+04	-2.076653e+01
8.500897e+04	-2.076547e+01
8.549997e+04	-2.076541e+01
8.599382e+04	-2.076326e+01
8.649052e+04	-2.075918e+01
8.699008e+04	-2.075516e+01
8.749253e+04	-2.075236e+01
8.799789e+04	-2.074685e+01
8.850616e+04	-2.074051e+01
8.901737e+04	-2.073408e+01
8.953153e+04	-2.072767e+01
9.004866e+04	-2.071807e+01
9.056877e+04	-2.070818e+01
9.109190e+04	-2.069887e+01
9.161804e+04	-2.068990e+01
9.214722e+04	-2.067665e+01
9.267946e+04	-2.066326e+01
9.321477e+04	-2.065040e+01
9.375318e+04	-2.063373e+01
9.429469e+04	-2.061774e+01
9.483933e+04	-2.060209e+01
9.538712e+04	-2.058128e+01
9.593807e+04	-2.056544e+01
9.649221e+04	-2.054389e+01
9.704954e+04	-2.052322e+01
9.761010e+04	-2.050093e+01
9.817389e+04	-2.047676e+01
9.874094e+04	-2.045149e+01
9.931126e+04	-2.042831e+01
9.988488e+04	-2.039970e+01
1.004618e+05	-2.037194e+01
1.010421e+05	-2.034352e+01
1.016257e+05	-2.031186e+01
1.022127e+05	-2.027896e+01
1.028031e+05	-2.024703e+01
1.033968e+05	-2.021048e+01
1.039941e+05	-2.017610e+01
1.045947e+05	-2.013862e+01
1.051989e+05	-2.009864e+01
1.058065e+05	-2.005763e+01
1.064176e+05	-2.001352e+01
1.070323e+05	-1.997149e+01
1.076505e+05	-1.992454e+01
1.082723e+05	-1.987908e+01
1.088977e+05	-1.982922e+01
1.095266e+05	-1.977924e+01
1.101593e+05	-1.972469e+01
1.107955e+05	-1.967308e+01
1.114355e+05	-1.961656e+01
1.120791e+05	-1.955737e+01
1.127265e+05	-1.949803e+01
1.133776e+05	-1.943485e+01
1.140325e+05	-1.936929e+01
1.146911e+05	-1.930477e+01
1.153536e+05	-1.923543e+01
1.160198e+05	-1.916474e+01
1.166900e+05	-1.908995e+01
1.173640e+05	-1.901564e+01
1.180419e+05	-1.893744e+01
1.187237e+05	-1.885620e+01
1.194094e+05	-1.877249e+01
1.200991e+05	-1.868600e+01
1.207928e+05	-1.859810e+01
1.214905e+05	-1.850608e+01
1.221922e+05	-1.841114e+01
1.228980e+05	-1.831220e+01
1.236078e+05	-1.821281e+01
1.243218e+05	-1.810864e+01
1.250399e+05	-1.799987e+01
1.257621e+05	-1.788737e+01
1.264885e+05	-1.777383e+01
1.272191e+05	-1.765286e+01
1.279539e+05	-1.753104e+01
1.286930e+05	-1.740512e+01
1.294363e+05	-1.727465e+01
1.301839e+05	-1.713867e+01
1.309358e+05	-1.699879e+01
1.316921e+05	-1.685417e+01
1.324528e+05	-1.670479e+01
1.332178e+05	-1.654913e+01
1.339873e+05	-1.638951e+01
1.347612e+05	-1.622427e+01
1.355395e+05	-1.605238e+01
1.363224e+05	-1.587446e+01
1.371098e+05	-1.569032e+01
1.379018e+05	-1.550099e+01
1.386983e+05	-1.530188e+01
1.394994e+05	-1.509667e+01
1.403051e+05	-1.488469e+01
1.411155e+05	-1.466345e+01
1.419306e+05	-1.443528e+01
1.427504e+05	-1.419539e+01
1.435749e+05	-1.394873e+01
1.444042e+05	-1.368991e+01
1.452383e+05	-1.342229e+01
1.460772e+05	-1.314266e+01
1.469209e+05	-1.285183e+01
1.477695e+05	-1.254826e+01
1.486230e+05	-1.223215e+01
1.494814e+05	-1.190129e+01
1.503448e+05	-1.155720e+01
1.512132e+05	-1.119717e+01
1.520866e+05	-1.082159e+01
1.529651e+05	-1.042922e+01
1.538486e+05	-1.001952e+01
1.547372e+05	-9.593266e+00
1.556310e+05	-9.148420e+00
1.565299e+05	-8.686711e+00
1.574340e+05	-8.209873e+00
1.583433e+05	-7.717195e+00
1.592579e+05	-7.215386e+00
1.601778e+05	-6.707958e+00
1.611030e+05	-6.203963e+00
1.620335e+05	-5.715153e+00
1.629694e+05	-5.257123e+00
1.639107e+05	-4.849270e+00
1.648574e+05	-4.515714e+00
1.658097e+05	-4.279531e+00
1.667674e+05	-4.162013e+00
1.677306e+05	-4.175479e+00
1.686994e+05	-4.320738e+00
1.696738e+05	-4.587890e+00
1.706538e+05	-4.958049e+00
1.716395e+05	-5.406234e+00
1.726309e+05	-5.909608e+00
1.736280e+05	-6.447743e+00
1.746309e+05	-7.002790e+00
1.756395e+05	-7.563281e+00
1.766540e+05	-8.119912e+00
1.776744e+05	-8.666241e+00
1.787006e+05	-9.199435e+00
1.797328e+05	-9.716291e+00
1.807709e+05	-1.021563e+01
1.818150e+05	-1.069728e+01
1.828652e+05	-1.116046e+01
1.839214e+05	-1.160598e+01
1.849837e+05	-1.203436e+01
1.860522e+05	-1.244645e+01
1.871268e+05	-1.284094e+01
1.882077e+05	-1.322218e+01
1.892948e+05	-1.358808e+01
1.903881e+05	-1.393936e+01
1.914878e+05	-1.427770e+01
1.925938e+05	-1.460433e+01
1.937062e+05	-1.491715e+01
1.948251e+05	-1.522011e+01
1.959504e+05	-1.551133e+01
1.970822e+05	-1.579071e+01
1.982205e+05	-1.606219e+01
1.993654e+05	-1.632261e+01
2.005169e+05	-1.657381e+01
2.016751e+05	-1.681642e+01
2.028400e+05	-1.704833e+01
2.040116e+05	-1.727511e+01
2.051899e+05	-1.749196e+01
2.063751e+05	-1.770182e+01
2.075671e+05	-1.790240e+01
2.087660e+05	-1.809746e+01
2.099719e+05	-1.828557e+01
2.111846e+05	-1.846534e+01
2.124044e+05	-1.863825e+01
2.136313e+05	-1.880407e+01
2.148652e+05	-1.896552e+01
2.161063e+05	-1.911796e+01
2.173545e+05	-1.926675e+01
2.186099e+05	-1.940634e+01
2.198726e+05	-1.954146e+01
2.211426e+05	-1.967078e+01
2.224199e+05	-1.979211e+01
2.237046e+05	-1.990998e+01
2.249967e+05	-2.002087e+01
2.262962e+05	-2.012394e+01
2.276033e+05	-2.022597e+01
2.289179e+05	-2.031717e+01
2.302402e+05	-2.040442e+01
2.315700e+05	-2.048845e+01
2.329076e+05	-2.056385e+01
2.342528e+05	-2.063270e+01
2.356059e+05	-2.069964e+01
2.369667e+05	-2.075640e+01
2.383354e+05	-2.080880e+01
2.397120e+05	-2.085785e+01
2.410966e+05	-2.089648e+01
2.424892e+05	-2.093174e+01
2.438898e+05	-2.095956e+01
2.452985e+05	-2.098268e+01
2.467153e+05	-2.099895e+01
2.481403e+05	-2.100843e+01
2.495736e+05	-2.101110e+01
2.510151e+05	-2.100879e+01
2.524650e+05	-2.099682e+01
2.539232e+05	-2.098014e+01
2.553898e+05	-2.095822e+01
2.568650e+05	-2.092405e+01
2.583486e+05	-2.088683e+01
2.598408e+05	-2.084164e+01
2.613416e+05	-2.078667e+01
2.628511e+05	-2.072341e+01
2.643694e+05	-2.065419e+01
2.658963e+05	-2.057565e+01
2.674321e+05	-2.048518e+01
2.689768e+05	-2.039040e+01
2.705304e+05	-2.028378e+01
2.720930e+05	-2.016628e+01
2.736646e+05	-2.003920e+01
2.752453e+05	-1.990162e+01
2.768351e+05	-1.975359e+01
2.784341e+05	-1.959245e+01
2.800423e+05	-1.941786e+01
2.816598e+05	-1.923262e+01
2.832867e+05	-1.903160e+01
2.849229e+05	-1.881868e+01
2.865686e+05	-1.858769e+01
2.882238e+05	-1.834063e+01
2.898886e+05	-1.807580e+01
2.915630e+05	-1.779417e+01
2.932470e+05	-1.749169e+01
2.949408e+05	-1.716848e+01
2.966444e+05	-1.682184e+01
2.983578e+05	-1.645069e+01
3.000811e+05	-1.605375e+01
3.018143e+05	-1.562890e+01
3.035576e+05	-1.517196e+01
3.053109e+05	-1.468176e+01
3.070744e+05	-1.415716e+01
3.088481e+05	-1.359403e+01
3.106320e+05	-1.299012e+01
3.124261e+05	-1.234700e+01
3.142307e+05	-1.166300e+01
3.160457e+05	-1.094226e+01
3.178712e+05	-1.019640e+01
3.197072e+05	-9.442931e+00
3.215538e+05	-8.717021e+00
3.234111e+05	-8.072065e+00
3.252791e+05	-7.581859e+00
3.271579e+05	-7.323207e+00
3.290475e+05	-7.348346e+00
3.309481e+05	-7.659798e+00
3.328596e+05	-8.206301e+00
3.347822e+05	-8.910732e+00
3.367159e+05	-9.699461e+00
3.386608e+05	-1.051725e+01
3.406169e+05	-1.132936e+01
3.425842e+05	-1.211442e+01
3.445630e+05	-1.286281e+01
3.465532e+05	-1.356903e+01
3.485549e+05	-1.423254e+01
3.505681e+05	-1.485490e+01
3.525930e+05	-1.543814e+01
3.546295e+05	-1.598180e+01
3.566778e+05	-1.649076e+01
3.587380e+05	-1.696495e+01
3.608101e+05	-1.741141e+01
3.628941e+05	-1.782525e+01
3.649901e+05	-1.821298e+01
3.670983e+05	-1.857152e+01
3.692187e+05	-1.890732e+01
3.713513e+05	-1.921933e+01
3.734962e+05	-1.950827e+01
3.756535e+05	-1.977443e+01
3.778232e+05	-2.002091e+01
3.800055e+05	-2.024429e+01
3.822004e+05	-2.044983e+01
3.844080e+05	-2.063586e+01
3.866283e+05	-2.080179e+01
3.888615e+05	-2.094874e+01
3.911075e+05	-2.107868e+01
3.933665e+05	-2.118885e+01
3.956386e+05	-2.127728e+01
3.979238e+05	-2.135323e+01
4.002222e+05	-2.140404e+01
4.025338e+05	-2.143901e+01
4.048589e+05	-2.145549e+01
4.071973e+05	-2.145056e+01
4.095493e+05	-2.142770e+01
4.119148e+05	-2.137924e+01
4.142940e+05	-2.131548e+01
4.166870e+05	-2.122640e+01
4.190937e+05	-2.111437e+01
4.215144e+05	-2.097863e+01
4.239490e+05	-2.081701e+01
4.263978e+05	-2.063229e+01
4.288606e+05	-2.041672e+01
4.313377e+05	-2.017256e+01
4.338291e+05	-1.989483e+01
4.363349e+05	-1.958457e+01
4.388551e+05	-1.923633e+01
4.413899e+05	-1.885169e+01
4.439394e+05	-1.842157e+01
4.465035e+05	-1.794432e+01
4.490825e+05	-1.741785e+01
4.516764e+05	-1.683678e+01
4.542853e+05	-1.619497e+01
4.569092e+05	-1.549216e+01
4.595483e+05	-1.472423e+01
4.622026e+05	-1.389706e+01
4.648723e+05	-1.302163e+01
4.675574e+05	-1.213216e+01
4.702580e+05	-1.128961e+01
4.729742e+05	-1.060024e+01
4.757060e+05	-1.019844e+01
4.784537e+05	-1.019622e+01
4.812172e+05	-1.060612e+01
4.839967e+05	-1.133334e+01
4.867923e+05	-1.224041e+01
4.896040e+05	-1.321375e+01
4.924319e+05	-1.417830e+01
4.952762e+05	-1.509960e+01
4.981369e+05	-1.595921e+01
5.010141e+05	-1.675048e+01
5.039079e+05	-1.747406e+01
5.068185e+05	-1.813434e+01
5.097458e+05	-1.873101e+01
5.126901e+05	-1.927309e+01
5.156514e+05	-1.975909e+01
5.186298e+05	-2.019442e+01
5.216253e+05	-2.058071e+01
5.246382e+05	-2.092035e+01
5.276685e+05	-2.121599e+01
5.307163e+05	-2.146754e+01
5.337817e+05	-2.167925e+01
5.368648e+05	-2.184680e+01
5.399657e+05	-2.197365e+01
5.430845e+05	-2.205921e+01
5.462214e+05	-2.210376e+01
5.493763e+05	-2.210495e+01
5.525495e+05	-2.206002e+01
5.557410e+05	-2.197367e+01
5.589509e+05	-2.183762e+01
5.621794e+05	-2.165254e+01
5.654265e+05	-2.141685e+01
5.686924e+05	-2.112159e+01
5.719772e+05	-2.076993e+01
5.752809e+05	-2.035408e+01
5.786037e+05	-1.986510e+01
5.819457e+05	-1.929982e+01
5.853070e+05	-1.865468e+01
5.886877e+05	-1.792086e+01
5.920879e+05	-1.710069e+01
5.955078e+05	-1.619867e+01
5.989474e+05	-1.524575e+01
6.024069e+05	-1.430523e+01
6.058864e+05	-1.350110e+01
6.093860e+05	-1.302041e+01
6.129058e+05	-1.302739e+01
6.164459e+05	-1.354011e+01
6.200064e+05	-1.441353e+01
6.235876e+05	-1.545629e+01
6.271894e+05	-1.653072e+01
6.308120e+05	-1.755502e+01
6.344555e+05	-1.849797e+01
6.381201e+05	-1.934206e+01
6.418059e+05	-2.009285e+01
6.455129e+05	-2.074705e+01
6.492414e+05	-2.131269e+01
6.529914e+05	-2.179155e+01
6.567630e+05	-2.218537e+01
6.605565e+05	-2.250191e+01
6.643718e+05	-2.273725e+01
6.682092e+05	-2.289904e+01
6.720688e+05	-2.297740e+01
6.759506e+05	-2.298156e+01
6.798549e+05	-2.290032e+01
6.837817e+05	-2.273532e+01
6.877312e+05	-2.247925e+01
6.917035e+05	-2.212993e+01
6.956987e+05	-2.167416e+01
6.997171e+05	-2.111092e+01
7.037586e+05	-2.043386e+01
7.078235e+05	-1.963992e+01
7.119118e+05	-1.873983e+01
7.160238e+05	-1.777545e+01
7.201595e+05	-1.684014e+01
7.243191e+05	-1.612223e+01
7.285028e+05	-1.585729e+01
7.327106e+05	-1.618502e+01
7.369427e+05	-1.700318e+01
7.411992e+05	-1.807960e+01
7.454804e+05	-1.920653e+01
7.497862e+05	-2.027359e+01
7.541170e+05	-2.122182e+01
7.584727e+05	-2.203957e+01
7.628536e+05	-2.272443e+01
7.672598e+05	-2.326744e+01
7.716915e+05	-2.367994e+01
7.761488e+05	-2.396046e+01
7.806318e+05	-2.411361e+01
7.851407e+05	-2.412902e+01
7.896756e+05	-2.400996e+01
7.942367e+05	-2.374747e+01
7.988242e+05	-2.333196e+01
8.034382e+05	-2.276755e+01
8.080788e+05	-2.204866e+01
8.127463e+05	-2.119601e+01
8.174406e+05	-2.027708e+01
8.221621e+05	-1.944444e+01
8.269109e+05	-1.895192e+01
8.316871e+05	-1.904767e+01
8.364909e+05	-1.974109e+01
8.413225e+05	-2.079213e+01
8.461819e+05	-2.193578e+01
8.510694e+05	-2.300005e+01
8.559852e+05	-2.390847e+01
8.609293e+05	-2.463708e+01
8.659020e+05	-2.516623e+01
8.709034e+05	-2.549806e+01
8.759337e+05	-2.562360e+01
8.809931e+05	-2.554819e+01
8.860816e+05	-2.525884e+01
8.911996e+05	-2.476544e+01
8.963471e+05	-2.408464e+01
9.015244e+05	-2.329725e+01
9.067316e+05	-2.256448e+01
9.119688e+05	-2.217839e+01
9.172363e+05	-2.240339e+01
9.225342e+05	-2.320472e+01
9.278628e+05	-2.429573e+01
9.332221e+05	-2.538779e+01
9.386123e+05	-2.631765e+01
9.440337e+05	-2.700472e+01
9.494864e+05	-2.742582e+01
9.549706e+05	-2.756628e+01
9.604865e+05	-2.742320e+01
9.660342e+05	-2.703117e+01
9.716140e+05	-2.646404e+01
9.772260e+05	-2.592068e+01
9.828704e+05	-2.570497e+01
9.885474e+05	-2.609014e+01
9.942572e+05	-2.699045e+01
1.000000e+06	-2.806921e+01
