Frequency(Hz)	Magnitude(dB)
1.000000e+01	-6.467027e-04
1.005776e+01	1.520853e-02
1.011585e+01	-5.404826e-03
1.017428e+01	-9.877100e-04
1.023305e+01	2.878625e-04
1.029215e+01	-1.166318e-03
1.035160e+01	5.800564e-03
1.041139e+01	-8.685522e-03
1.047153e+01	3.751908e-02
1.053201e+01	3.243490e-03
1.059284e+01	-2.469390e-03
1.065403e+01	8.770568e-03
1.071556e+01	-1.666029e-02
1.077746e+01	7.157422e-03
1.083971e+01	6.158678e-03
1.090232e+01	-1.272911e-02
1.096529e+01	-1.512080e-02
1.102862e+01	-8.076172e-04
1.109232e+01	3.394240e-03
1.115639e+01	2.538087e-03
1.122083e+01	3.382956e-03
1.128564e+01	-5.052520e-03
1.135083e+01	-2.285470e-03
1.141639e+01	-9.649483e-04
1.148233e+01	1.099175e-02
1.154865e+01	-2.462574e-02
1.161536e+01	-4.397816e-03
1.168245e+01	7.402501e-03
1.174992e+01	3.541922e-03
1.181779e+01	-1.201382e-02
1.188605e+01	-1.706666e-02
1.195470e+01	-8.138511e-03
1.202375e+01	1.061085e-02
1.209320e+01	9.221104e-03
1.216305e+01	-1.271699e-02
1.223330e+01	-2.995265e-03
1.230396e+01	7.360931e-03
1.237503e+01	3.377137e-03
1.244651e+01	2.405245e-02
1.251840e+01	4.257308e-03
1.259070e+01	4.380936e-03
1.266343e+01	-1.316148e-03
1.273657e+01	-1.608607e-02
1.281014e+01	-4.654023e-03
1.288413e+01	-1.654457e-02
1.295855e+01	-4.044565e-03
1.303339e+01	3.734073e-03
1.310867e+01	-9.422945e-03
1.318439e+01	8.629244e-03
1.326054e+01	9.155005e-03
1.333713e+01	1.618190e-03
1.341417e+01	-1.535349e-02
1.349165e+01	-6.637436e-03
1.356958e+01	3.016513e-03
1.364795e+01	1.620169e-03
1.372678e+01	1.714203e-03
1.380607e+01	1.632711e-02
1.388581e+01	2.408663e-05
1.396602e+01	8.861231e-03
1.404668e+01	-5.983333e-03
1.412782e+01	-6.537835e-03
1.420942e+01	-1.163996e-03
1.429149e+01	4.521482e-03
1.437404e+01	-1.193565e-02
1.445706e+01	-1.037141e-03
1.454057e+01	2.585355e-03
1.462455e+01	6.890177e-03
1.470902e+01	-8.786696e-03
1.479398e+01	-4.358812e-03
1.487943e+01	5.804677e-04
1.496537e+01	-1.473346e-02
1.505181e+01	1.335184e-02
1.513875e+01	-1.381362e-02
1.522619e+01	-1.057958e-02
1.531414e+01	-1.301220e-02
1.540259e+01	7.877479e-03
1.549156e+01	-1.883419e-03
1.558103e+01	-4.217633e-03
1.567103e+01	-1.434791e-02
1.576155e+01	-1.487221e-02
1.585258e+01	5.297001e-03
1.594415e+01	-7.741772e-03
1.603624e+01	-7.894792e-03
1.612886e+01	-1.106602e-02
1.622202e+01	1.628854e-03
1.631572e+01	9.921452e-03
1.640996e+01	4.432295e-03
1.650474e+01	1.909919e-02
1.660008e+01	9.273419e-03
1.669596e+01	-1.689533e-03
1.679239e+01	4.488727e-03
1.688938e+01	4.520462e-03
1.698694e+01	-3.760117e-03
1.708505e+01	-1.343582e-02
1.718373e+01	1.739158e-03
1.728299e+01	3.704568e-03
1.738281e+01	5.503410e-03
1.748322e+01	-1.918561e-03
1.758420e+01	-5.114304e-03
1.768576e+01	-5.964804e-03
1.778792e+01	-8.306675e-03
1.789066e+01	3.631655e-04
1.799399e+01	-4.856771e-03
1.809793e+01	1.194054e-03
1.820246e+01	-1.516130e-02
1.830760e+01	-1.441808e-02
1.841334e+01	-3.380409e-03
1.851969e+01	7.156565e-03
1.862666e+01	-1.900217e-02
1.873425e+01	1.006513e-02
1.884246e+01	-1.005861e-02
1.895129e+01	3.698810e-03
1.906075e+01	-1.879873e-02
1.917085e+01	5.592843e-03
1.928158e+01	-1.864150e-04
1.939295e+01	2.621618e-03
1.950496e+01	8.210104e-03
1.961762e+01	-7.154754e-03
1.973093e+01	-5.670728e-03
1.984490e+01	-1.533352e-02
1.995952e+01	-3.701856e-03
2.007480e+01	2.216924e-03
2.019076e+01	-7.869016e-03
2.030738e+01	7.674309e-03
2.042467e+01	-8.495503e-03
2.054264e+01	-1.485281e-02
2.066130e+01	-1.099410e-02
2.078064e+01	1.386222e-02
2.090066e+01	-6.282065e-03
2.102139e+01	8.739399e-04
2.114280e+01	-6.813315e-03
2.126492e+01	-6.572126e-03
2.138775e+01	1.225642e-02
2.151128e+01	-1.151765e-02
2.163553e+01	-1.444913e-02
2.176050e+01	1.005621e-02
2.188619e+01	-2.406425e-02
2.201260e+01	1.689027e-03
2.213974e+01	-1.771714e-03
2.226762e+01	4.702066e-03
2.239624e+01	-2.817248e-03
2.252560e+01	-5.966821e-03
2.265571e+01	-2.187284e-03
2.278656e+01	7.929182e-03
2.291818e+01	1.069292e-03
2.305055e+01	-1.500776e-02
2.318369e+01	5.225586e-03
2.331760e+01	-5.684190e-03
2.345228e+01	-1.118985e-02
2.358774e+01	-1.990711e-02
2.372398e+01	-5.878983e-03
2.386101e+01	-2.365763e-04
2.399883e+01	-4.137394e-03
2.413745e+01	-6.386560e-03
2.427686e+01	-6.549249e-05
2.441709e+01	-8.518543e-03
2.455812e+01	-9.512731e-03
2.469997e+01	4.739004e-03
2.484263e+01	-4.934244e-03
2.498612e+01	1.310694e-02
2.513044e+01	5.468203e-03
2.527559e+01	-5.749589e-04
2.542158e+01	-4.379642e-03
2.556842e+01	-4.852838e-03
2.571610e+01	-1.362413e-02
2.586463e+01	1.152904e-02
2.601403e+01	-4.294848e-03
2.616428e+01	-1.171270e-02
2.631541e+01	-1.002362e-02
2.646740e+01	-1.217290e-02
2.662028e+01	-2.301241e-03
2.677404e+01	6.322442e-03
2.692868e+01	-2.664835e-03
2.708422e+01	4.569425e-05
2.724066e+01	-1.604911e-02
2.739800e+01	-5.232576e-03
2.755625e+01	5.141683e-03
2.771541e+01	-1.546170e-02
2.787550e+01	-1.472041e-03
2.803650e+01	8.472721e-03
2.819844e+01	-1.797517e-03
2.836131e+01	8.506875e-03
2.852513e+01	1.133201e-02
2.868989e+01	5.150115e-03
2.885560e+01	8.304667e-03
2.902227e+01	7.749727e-03
2.918990e+01	1.482977e-02
2.935850e+01	8.312632e-03
2.952807e+01	8.709340e-03
2.969863e+01	5.848860e-05
2.987016e+01	1.798222e-02
3.004269e+01	-7.847549e-03
3.021622e+01	4.271297e-03
3.039075e+01	3.879630e-03
3.056628e+01	-6.810765e-03
3.074283e+01	6.444910e-03
3.092040e+01	-6.990300e-03
3.109900e+01	1.102177e-02
3.127862e+01	5.214042e-03
3.145929e+01	3.507655e-03
3.164099e+01	5.839963e-03
3.182375e+01	4.864343e-03
3.200756e+01	6.814928e-04
3.219244e+01	8.677156e-04
3.237838e+01	-5.182670e-03
3.256540e+01	2.014576e-03
3.275349e+01	2.203461e-02
3.294268e+01	-5.817374e-03
3.313295e+01	2.735809e-03
3.332433e+01	-6.800383e-03
3.351681e+01	2.675974e-03
3.371040e+01	4.488527e-03
3.390511e+01	5.225459e-03
3.410094e+01	-1.095259e-03
3.429791e+01	2.510497e-03
3.449601e+01	9.740892e-03
3.469526e+01	1.276609e-02
3.489566e+01	-9.377065e-03
3.509721e+01	-9.583928e-03
3.529993e+01	-1.155342e-03
3.550382e+01	1.688112e-02
3.570889e+01	-1.268352e-03
3.591515e+01	3.193944e-03
3.612259e+01	1.505717e-02
3.633123e+01	-7.169341e-03
3.654108e+01	-9.540501e-03
3.675214e+01	-8.730834e-03
3.696442e+01	7.841306e-04
3.717792e+01	3.577447e-03
3.739266e+01	-8.459139e-03
3.760864e+01	7.940413e-03
3.782587e+01	-8.122451e-03
3.804435e+01	3.361559e-03
3.826409e+01	-3.027816e-05
3.848510e+01	4.139806e-03
3.870739e+01	-7.265913e-03
3.893096e+01	1.667632e-02
3.915583e+01	1.679541e-03
3.938199e+01	1.015307e-02
3.960946e+01	4.731649e-03
3.983824e+01	-3.498416e-03
4.006834e+01	-6.268776e-03
4.029978e+01	-2.131132e-02
4.053255e+01	-1.551351e-02
4.076666e+01	-7.939354e-05
4.100213e+01	-4.124142e-03
4.123896e+01	6.213630e-03
4.147715e+01	3.592390e-03
4.171672e+01	-1.111212e-02
4.195767e+01	8.829901e-03
4.220002e+01	2.833350e-03
4.244377e+01	-7.190537e-03
4.268892e+01	1.173874e-03
4.293549e+01	4.189562e-04
4.318348e+01	6.594060e-03
4.343291e+01	-2.457714e-03
4.368377e+01	-7.144191e-03
4.393609e+01	1.138315e-03
4.418986e+01	-1.885430e-02
4.444510e+01	-1.221166e-02
4.470182e+01	6.796750e-04
4.496001e+01	1.884907e-02
4.521970e+01	1.064766e-02
4.548089e+01	1.151398e-02
4.574358e+01	5.057621e-04
4.600779e+01	4.260503e-03
4.627353e+01	7.864853e-03
4.654081e+01	2.172677e-02
4.680963e+01	-9.641759e-03
4.708000e+01	-6.406054e-03
4.735193e+01	1.272990e-02
4.762543e+01	-7.644044e-03
4.790051e+01	9.858597e-03
4.817719e+01	1.379321e-02
4.845545e+01	-1.503022e-02
4.873533e+01	-6.131974e-03
4.901682e+01	-9.025072e-03
4.929994e+01	-8.600364e-04
4.958470e+01	2.482199e-02
4.987110e+01	-2.255318e-03
5.015915e+01	9.029605e-03
5.044887e+01	-1.921270e-03
5.074026e+01	-6.146138e-03
5.103333e+01	1.296010e-02
5.132810e+01	-5.541206e-03
5.162457e+01	-6.412226e-03
5.192275e+01	1.029804e-02
5.222265e+01	-1.792509e-02
5.252429e+01	-8.913146e-03
5.282767e+01	6.633119e-03
5.313280e+01	-2.004973e-03
5.343969e+01	-3.528719e-03
5.374836e+01	5.755116e-03
5.405880e+01	-1.167015e-02
5.437105e+01	-2.401923e-03
5.468509e+01	9.454526e-03
5.500095e+01	-2.654019e-02
5.531863e+01	-1.240376e-02
5.563815e+01	-3.118859e-03
5.595951e+01	-9.519140e-03
5.628273e+01	1.229197e-02
5.660782e+01	-3.755553e-03
5.693479e+01	-8.436054e-03
5.726364e+01	-1.128332e-02
5.759439e+01	1.398747e-02
5.792705e+01	1.915940e-02
5.826164e+01	5.328518e-03
5.859815e+01	7.548085e-03
5.893662e+01	5.068474e-03
5.927703e+01	1.269006e-03
5.961941e+01	-9.142280e-03
5.996377e+01	6.726437e-03
6.031012e+01	-1.598196e-02
6.065847e+01	2.427855e-02
6.100883e+01	2.296735e-03
6.136121e+01	-6.541776e-03
6.171563e+01	4.588884e-03
6.207210e+01	3.779894e-03
6.243063e+01	5.318682e-03
6.279122e+01	-2.099360e-03
6.315390e+01	-1.348169e-02
6.351868e+01	6.095852e-03
6.388556e+01	-1.817200e-03
6.425456e+01	-7.821386e-03
6.462569e+01	-1.224451e-02
6.499897e+01	-1.092559e-02
6.537440e+01	1.042444e-03
6.575200e+01	1.490385e-02
6.613178e+01	6.742624e-03
6.651375e+01	4.020130e-03
6.689793e+01	4.001201e-03
6.728433e+01	-6.609479e-03
6.767297e+01	-7.277675e-03
6.806384e+01	-9.326855e-03
6.845698e+01	1.631979e-02
6.885238e+01	9.053410e-03
6.925007e+01	9.518233e-03
6.965005e+01	-2.134497e-02
7.005235e+01	-7.646755e-03
7.045697e+01	1.082993e-02
7.086393e+01	-4.517902e-03
7.127323e+01	4.972995e-03
7.168490e+01	-1.387270e-02
7.209895e+01	-1.722957e-02
7.251539e+01	-4.366843e-03
7.293424e+01	-3.819510e-03
7.335551e+01	5.291714e-03
7.377920e+01	-5.312697e-03
7.420535e+01	1.631870e-02
7.463396e+01	-2.391127e-03
7.506504e+01	2.035628e-03
7.549861e+01	9.642349e-03
7.593469e+01	6.376418e-03
7.637328e+01	2.491086e-04
7.681441e+01	9.353856e-03
7.725809e+01	4.682477e-03
7.770433e+01	1.185155e-02
7.815315e+01	-8.248147e-04
7.860456e+01	-1.570537e-03
7.905857e+01	-1.572633e-02
7.951521e+01	2.079722e-03
7.997449e+01	-2.254398e-02
8.043642e+01	9.107247e-04
8.090102e+01	9.887054e-03
8.136830e+01	-1.727375e-02
8.183828e+01	-6.215813e-03
8.231097e+01	6.818847e-03
8.278640e+01	1.121284e-02
8.326457e+01	-1.633554e-02
8.374550e+01	5.779339e-03
8.422921e+01	-1.324740e-02
8.471572e+01	-3.817204e-03
8.520503e+01	1.433598e-02
8.569717e+01	-1.198425e-02
8.619215e+01	-7.547650e-03
8.669000e+01	1.710225e-02
8.719071e+01	-2.492117e-03
8.769432e+01	2.126779e-02
8.820084e+01	-1.684394e-03
8.871029e+01	7.481330e-03
8.922267e+01	2.281080e-02
8.973802e+01	1.256780e-02
9.025634e+01	1.895864e-03
9.077766e+01	5.702412e-03
9.130199e+01	1.401777e-03
9.182935e+01	-7.723100e-03
9.235975e+01	1.046406e-02
9.289321e+01	1.326906e-02
9.342976e+01	8.127316e-03
9.396941e+01	1.554103e-02
9.451217e+01	1.275487e-02
9.505807e+01	-1.479107e-02
9.560712e+01	-5.447938e-03
9.615934e+01	-5.992660e-03
9.671476e+01	-1.182067e-02
9.727338e+01	-9.697895e-03
9.783522e+01	-1.197747e-03
9.840032e+01	-7.983470e-03
9.896867e+01	1.597855e-03
9.954031e+01	1.056757e-02
1.001153e+02	-4.794169e-03
1.006935e+02	5.014420e-03
1.012751e+02	3.859732e-03
1.018601e+02	-1.751320e-02
1.024484e+02	-3.200197e-03
1.030402e+02	-2.692298e-03
1.036353e+02	2.521427e-02
1.042339e+02	2.045120e-03
1.048360e+02	7.119446e-04
1.054415e+02	1.279254e-02
1.060505e+02	6.502927e-03
1.066631e+02	-3.505910e-03
1.072791e+02	1.241727e-03
1.078988e+02	1.697354e-02
1.085220e+02	1.343251e-03
1.091488e+02	-3.071996e-03
1.097793e+02	2.806680e-03
1.104133e+02	-2.620637e-03
1.110511e+02	-1.319244e-02
1.116925e+02	8.519435e-03
1.123376e+02	-1.415782e-02
1.129865e+02	-3.213761e-03
1.136391e+02	1.461144e-02
1.142955e+02	2.525794e-03
1.149556e+02	1.183235e-02
1.156196e+02	-1.750629e-02
1.162874e+02	-9.442892e-03
1.169591e+02	-7.175318e-03
1.176347e+02	6.011437e-04
1.183141e+02	-1.739086e-02
1.189975e+02	5.475633e-03
1.196848e+02	-9.981624e-03
1.203761e+02	2.077946e-03
1.210714e+02	1.704127e-02
1.217707e+02	-1.962570e-02
1.224740e+02	-1.103999e-02
1.231814e+02	-1.533026e-03
1.238929e+02	3.603668e-03
1.246085e+02	1.736678e-02
1.253283e+02	-8.440230e-03
1.260522e+02	-6.583938e-03
1.267802e+02	1.650595e-03
1.275125e+02	-1.008900e-02
1.282490e+02	-5.735602e-03
1.289898e+02	7.949982e-03
1.297348e+02	-7.450270e-03
1.304842e+02	-8.385516e-03
1.312378e+02	-1.989233e-02
1.319959e+02	1.694429e-02
1.327583e+02	1.038141e-02
1.335251e+02	-4.037658e-04
1.342963e+02	-1.588943e-02
1.350720e+02	8.585829e-03
1.358522e+02	5.757855e-04
1.366368e+02	6.644012e-03
1.374260e+02	-1.203561e-02
1.382198e+02	-1.451506e-02
1.390182e+02	-8.554855e-03
1.398211e+02	9.883963e-04
1.406287e+02	-1.565214e-02
1.414410e+02	-6.380207e-03
1.422579e+02	-2.807006e-03
1.430796e+02	-6.730248e-03
1.439060e+02	-9.067240e-03
1.447372e+02	-4.994951e-03
1.455732e+02	-4.203281e-03
1.464141e+02	-7.742571e-03
1.472597e+02	-1.051216e-02
1.481103e+02	-2.267270e-02
1.489658e+02	-6.139726e-03
1.498262e+02	5.919270e-03
1.506916e+02	5.198902e-03
1.515620e+02	3.975353e-03
1.524374e+02	9.295245e-04
1.533179e+02	-4.632119e-03
1.542034e+02	3.760289e-03
1.550941e+02	-1.250371e-02
1.559899e+02	-9.615537e-03
1.568909e+02	-7.128620e-03
1.577971e+02	-5.875657e-03
1.587085e+02	-1.226029e-02
1.596252e+02	3.888273e-03
1.605472e+02	6.457948e-04
1.614745e+02	-5.367648e-03
1.624072e+02	1.098237e-04
1.633453e+02	-1.004656e-03
1.642887e+02	-2.441082e-02
1.652377e+02	2.989075e-03
1.661921e+02	8.550978e-04
1.671520e+02	-9.712673e-03
1.681175e+02	-7.530687e-03
1.690885e+02	-1.367635e-03
1.700651e+02	-6.452109e-03
1.710474e+02	-6.091837e-04
1.720354e+02	6.222066e-03
1.730291e+02	6.722180e-04
1.740285e+02	-3.431715e-04
1.750337e+02	-1.180036e-02
1.760446e+02	-2.817801e-03
1.770615e+02	-7.180147e-03
1.780842e+02	-3.786291e-03
1.791128e+02	-3.570561e-03
1.801473e+02	1.304767e-02
1.811878e+02	-6.041430e-03
1.822344e+02	-9.139961e-03
1.832870e+02	2.540483e-02
1.843456e+02	-1.691764e-02
1.854104e+02	-1.868813e-02
1.864813e+02	-1.232999e-03
1.875584e+02	-1.004357e-02
1.886418e+02	-7.563194e-03
1.897313e+02	-2.100452e-02
1.908272e+02	1.375419e-02
1.919294e+02	1.630798e-02
1.930380e+02	-8.384991e-03
1.941530e+02	-8.250956e-03
1.952744e+02	-1.940357e-02
1.964023e+02	-1.078950e-02
1.975367e+02	2.515134e-03
1.986777e+02	-1.457877e-02
1.998252e+02	-1.413066e-02
2.009794e+02	-2.038468e-03
2.021403e+02	-1.704674e-02
2.033078e+02	-9.860606e-03
2.044821e+02	-4.922514e-03
2.056632e+02	-6.716545e-03
2.068511e+02	-1.399970e-02
2.080459e+02	7.956435e-04
2.092475e+02	-3.705876e-03
2.104561e+02	-3.161404e-03
2.116717e+02	-1.397763e-02
2.128943e+02	-1.768063e-02
2.141240e+02	-3.478600e-03
2.153608e+02	-2.186678e-03
2.166047e+02	-2.461925e-02
2.178558e+02	1.314401e-03
2.191141e+02	-5.308634e-03
2.203797e+02	-3.081876e-03
2.216526e+02	-6.980380e-03
2.229329e+02	-5.997094e-03
2.242205e+02	-2.959041e-02
2.255156e+02	-1.467951e-02
2.268182e+02	-1.122469e-02
2.281283e+02	-7.728958e-03
2.294459e+02	-1.687070e-03
2.307712e+02	-1.040954e-02
2.321041e+02	-1.806038e-02
2.334447e+02	-4.758694e-03
2.347931e+02	-2.122568e-02
2.361493e+02	-1.707039e-02
2.375133e+02	-1.869802e-02
2.388851e+02	-1.349076e-02
2.402649e+02	2.393228e-03
2.416527e+02	1.246389e-03
2.430484e+02	2.038883e-02
2.444523e+02	-1.979448e-02
2.458642e+02	-2.065305e-02
2.472843e+02	-1.040023e-02
2.487126e+02	-8.524296e-03
2.501492e+02	-1.781939e-02
2.515940e+02	-4.215135e-03
2.530472e+02	-1.955040e-02
2.545088e+02	-1.193281e-02
2.559789e+02	-3.000883e-02
2.574574e+02	-1.430472e-02
2.589444e+02	-1.848045e-02
2.604401e+02	-1.583527e-02
2.619444e+02	-1.381583e-02
2.634574e+02	-6.153488e-03
2.649791e+02	-2.752741e-02
2.665096e+02	-3.269916e-02
2.680489e+02	-1.168771e-02
2.695972e+02	-1.224528e-02
2.711544e+02	-8.594164e-03
2.727205e+02	-7.327296e-03
2.742958e+02	-2.319190e-02
2.758801e+02	-6.993534e-03
2.774736e+02	-2.357758e-02
2.790762e+02	-3.512009e-02
2.806882e+02	-9.136888e-03
2.823094e+02	-3.318189e-02
2.839400e+02	-1.120380e-02
2.855800e+02	-2.541499e-02
2.872295e+02	-3.203104e-02
2.888886e+02	-9.887531e-03
2.905572e+02	-1.598851e-02
2.922354e+02	-3.370728e-02
2.939234e+02	-2.293582e-02
2.956211e+02	-1.876726e-03
2.973286e+02	-1.664099e-02
2.990459e+02	-3.290191e-02
3.007732e+02	-7.550700e-03
3.025104e+02	-8.370256e-03
3.042577e+02	-4.408689e-03
3.060151e+02	-1.892095e-02
3.077826e+02	-1.436228e-03
3.095604e+02	-1.410418e-02
3.113484e+02	-2.550643e-02
3.131467e+02	-2.903986e-02
3.149554e+02	-1.380956e-02
3.167746e+02	-2.340513e-02
3.186043e+02	-7.697692e-03
3.204445e+02	-7.185817e-03
3.222954e+02	-3.136797e-02
3.241570e+02	-1.367133e-02
3.260293e+02	-1.051513e-02
3.279124e+02	-1.677535e-02
3.298064e+02	-1.611543e-02
3.317114e+02	-3.321177e-02
3.336273e+02	-2.462532e-02
3.355544e+02	-1.405973e-02
3.374925e+02	-3.309154e-02
3.394418e+02	-1.429758e-02
3.414024e+02	-6.062434e-03
3.433744e+02	-1.398070e-02
3.453577e+02	-3.813318e-03
3.473525e+02	-1.532092e-02
3.493588e+02	-6.653129e-03
3.513766e+02	-2.192878e-02
3.534062e+02	-8.968247e-03
3.554474e+02	-1.865463e-02
3.575005e+02	-2.769911e-02
3.595654e+02	-4.039549e-02
3.616422e+02	-2.286947e-02
3.637311e+02	-2.249147e-02
3.658320e+02	-3.609119e-02
3.679450e+02	-1.854282e-02
3.700702e+02	-4.595819e-02
3.722077e+02	-2.793227e-02
3.743576e+02	-2.572777e-02
3.765199e+02	-3.410523e-02
3.786946e+02	-2.778901e-02
3.808820e+02	-3.018042e-02
3.830819e+02	-4.376593e-02
3.852946e+02	-2.062008e-02
3.875200e+02	-4.231112e-02
3.897583e+02	-2.203245e-02
3.920096e+02	-3.737771e-02
3.942738e+02	-4.095444e-02
3.965511e+02	-2.986263e-02
3.988416e+02	-5.340119e-02
4.011452e+02	-4.756949e-02
4.034622e+02	-4.150014e-02
4.057926e+02	-1.458191e-02
4.081365e+02	-2.382719e-02
4.104938e+02	-4.037443e-02
4.128648e+02	-3.420020e-02
4.152495e+02	-2.917866e-02
4.176480e+02	-3.884511e-02
4.200603e+02	-3.426809e-02
4.224866e+02	-1.909603e-02
4.249268e+02	-2.981589e-02
4.273812e+02	-1.766429e-02
4.298497e+02	-3.718033e-02
4.323325e+02	-3.195889e-02
4.348297e+02	-3.374761e-02
4.373412e+02	-5.059967e-02
4.398673e+02	-5.016099e-02
4.424079e+02	-3.618771e-02
4.449633e+02	-4.681507e-02
4.475334e+02	-2.781866e-02
4.501183e+02	-4.465192e-02
4.527182e+02	-3.940973e-02
4.553330e+02	-4.964324e-02
4.579630e+02	-2.277165e-02
4.606082e+02	-3.688988e-02
4.632687e+02	-3.720319e-02
4.659445e+02	-3.357984e-02
4.686358e+02	-5.466106e-02
4.713426e+02	-4.114921e-02
4.740650e+02	-5.128106e-02
4.768032e+02	-6.063436e-02
4.795572e+02	-3.613559e-02
4.823271e+02	-4.556191e-02
4.851130e+02	-4.645729e-02
4.879150e+02	-4.666439e-02
4.907332e+02	-2.863690e-02
4.935676e+02	-5.881679e-02
4.964185e+02	-4.049104e-02
4.992858e+02	-5.706007e-02
5.021696e+02	-4.345355e-02
5.050701e+02	-3.460359e-02
5.079874e+02	-4.616141e-02
5.109215e+02	-5.798350e-02
5.138726e+02	-5.445176e-02
5.168407e+02	-4.696951e-02
5.198259e+02	-5.283500e-02
5.228284e+02	-3.405846e-02
5.258482e+02	-5.961026e-02
5.288855e+02	-4.745715e-02
5.319403e+02	-4.651940e-02
5.350128e+02	-5.787464e-02
5.381030e+02	-6.030771e-02
5.412111e+02	-4.592858e-02
5.443371e+02	-4.699948e-02
5.474812e+02	-6.245192e-02
5.506434e+02	-4.250456e-02
5.538239e+02	-5.898157e-02
5.570228e+02	-6.750266e-02
5.602401e+02	-5.231117e-02
5.634760e+02	-4.079294e-02
5.667306e+02	-5.577869e-02
5.700040e+02	-5.786790e-02
5.732964e+02	-6.085744e-02
5.766077e+02	-5.570347e-02
5.799382e+02	-5.320227e-02
5.832879e+02	-6.315035e-02
5.866569e+02	-5.535004e-02
5.900454e+02	-5.231340e-02
5.934535e+02	-4.886320e-02
5.968813e+02	-6.624685e-02
6.003288e+02	-5.377013e-02
6.037963e+02	-3.375042e-02
6.072838e+02	-5.868744e-02
6.107914e+02	-8.531668e-02
6.143194e+02	-6.885074e-02
6.178676e+02	-7.046066e-02
6.214364e+02	-6.474862e-02
6.250258e+02	-7.445624e-02
6.286359e+02	-9.101097e-02
6.322669e+02	-4.824659e-02
6.359189e+02	-6.857495e-02
6.395919e+02	-6.628077e-02
6.432862e+02	-7.407308e-02
6.470017e+02	-9.968826e-02
6.507388e+02	-6.108601e-02
6.544974e+02	-7.876757e-02
6.582778e+02	-8.261813e-02
6.620800e+02	-7.233509e-02
6.659041e+02	-6.498023e-02
6.697504e+02	-7.001455e-02
6.736188e+02	-7.453674e-02
6.775096e+02	-9.404964e-02
6.814229e+02	-9.257575e-02
6.853587e+02	-8.979277e-02
6.893173e+02	-7.149431e-02
6.932988e+02	-7.153841e-02
6.973033e+02	-9.273727e-02
7.013309e+02	-7.778395e-02
7.053817e+02	-7.550236e-02
7.094560e+02	-7.537143e-02
7.135538e+02	-9.856550e-02
7.176752e+02	-8.436434e-02
7.218205e+02	-1.052565e-01
7.259897e+02	-9.140068e-02
7.301830e+02	-9.661709e-02
7.344005e+02	-8.731569e-02
7.386424e+02	-1.002136e-01
7.429087e+02	-8.771023e-02
7.471998e+02	-1.133766e-01
7.515155e+02	-7.960081e-02
7.558563e+02	-9.849155e-02
7.602221e+02	-9.187596e-02
7.646131e+02	-1.006617e-01
7.690295e+02	-9.770996e-02
7.734713e+02	-1.082019e-01
7.779389e+02	-1.159920e-01
7.824322e+02	-1.053602e-01
7.869515e+02	-1.046319e-01
7.914969e+02	-1.032785e-01
7.960686e+02	-1.318677e-01
8.006666e+02	-1.061721e-01
8.052912e+02	-1.179829e-01
8.099426e+02	-1.044664e-01
8.146208e+02	-1.144266e-01
8.193260e+02	-1.209723e-01
8.240584e+02	-1.168009e-01
8.288181e+02	-1.219999e-01
8.336053e+02	-1.278607e-01
8.384202e+02	-1.187402e-01
8.432629e+02	-1.284296e-01
8.481335e+02	-1.188881e-01
8.530323e+02	-1.363208e-01
8.579594e+02	-1.372781e-01
8.629149e+02	-1.292023e-01
8.678991e+02	-1.271662e-01
8.729120e+02	-1.275740e-01
8.779539e+02	-1.408039e-01
8.830250e+02	-1.345130e-01
8.881253e+02	-1.234040e-01
8.932551e+02	-1.243162e-01
8.984145e+02	-1.438567e-01
9.036037e+02	-1.339697e-01
9.088229e+02	-1.357793e-01
9.140722e+02	-1.353565e-01
9.193518e+02	-1.592624e-01
9.246620e+02	-1.480040e-01
9.300028e+02	-1.657070e-01
9.353744e+02	-1.482393e-01
9.407771e+02	-1.623795e-01
9.462110e+02	-1.639090e-01
9.516763e+02	-1.557025e-01
9.571731e+02	-1.593749e-01
9.627017e+02	-1.702525e-01
9.682622e+02	-1.509110e-01
9.738549e+02	-1.647909e-01
9.794798e+02	-1.714009e-01
9.851373e+02	-1.620122e-01
9.908274e+02	-1.781399e-01
9.965504e+02	-1.591559e-01
1.002306e+03	-1.764129e-01
1.008096e+03	-1.473349e-01
1.013918e+03	-1.981707e-01
1.019775e+03	-1.748001e-01
1.025665e+03	-1.835869e-01
1.031589e+03	-1.795913e-01
1.037548e+03	-1.835255e-01
1.043540e+03	-1.922411e-01
1.049568e+03	-1.985977e-01
1.055630e+03	-1.966399e-01
1.061727e+03	-2.027829e-01
1.067860e+03	-1.931933e-01
1.074028e+03	-1.924056e-01
1.080231e+03	-2.012109e-01
1.086471e+03	-2.187864e-01
1.092746e+03	-2.190641e-01
1.099058e+03	-2.186517e-01
1.105406e+03	-2.185030e-01
1.111791e+03	-2.197853e-01
1.118212e+03	-2.286878e-01
1.124671e+03	-2.084372e-01
1.131167e+03	-2.039853e-01
1.137701e+03	-2.100864e-01
1.144272e+03	-2.258496e-01
1.150881e+03	-2.241367e-01
1.157529e+03	-2.284728e-01
1.164215e+03	-2.421594e-01
1.170939e+03	-2.282573e-01
1.177702e+03	-2.525625e-01
1.184505e+03	-2.329448e-01
1.191346e+03	-2.597366e-01
1.198227e+03	-2.459563e-01
1.205148e+03	-2.507504e-01
1.212109e+03	-2.688992e-01
1.219110e+03	-2.433266e-01
1.226152e+03	-2.587503e-01
1.233234e+03	-2.726643e-01
1.240357e+03	-2.767453e-01
1.247521e+03	-2.762981e-01
1.254727e+03	-2.764345e-01
1.261974e+03	-2.776055e-01
1.269263e+03	-2.620268e-01
1.276595e+03	-2.750458e-01
1.283968e+03	-2.961372e-01
1.291384e+03	-2.947981e-01
1.298843e+03	-2.915220e-01
1.306345e+03	-2.908467e-01
1.313891e+03	-2.871977e-01
1.321480e+03	-3.056441e-01
1.329113e+03	-2.970935e-01
1.336790e+03	-3.091703e-01
1.344511e+03	-3.182563e-01
1.352277e+03	-3.218965e-01
1.360087e+03	-3.325184e-01
1.367943e+03	-3.105851e-01
1.375844e+03	-3.075867e-01
1.383791e+03	-3.272953e-01
1.391784e+03	-3.430657e-01
1.399823e+03	-3.305263e-01
1.407908e+03	-3.594843e-01
1.416040e+03	-3.275831e-01
1.424219e+03	-3.465113e-01
1.432445e+03	-3.460048e-01
1.440719e+03	-3.514942e-01
1.449041e+03	-3.748208e-01
1.457410e+03	-3.588482e-01
1.465828e+03	-3.514939e-01
1.474295e+03	-3.819339e-01
1.482810e+03	-3.798511e-01
1.491375e+03	-3.824999e-01
1.499989e+03	-4.014221e-01
1.508653e+03	-4.160313e-01
1.517367e+03	-3.939133e-01
1.526131e+03	-4.192543e-01
1.534946e+03	-3.868230e-01
1.543812e+03	-4.112736e-01
1.552729e+03	-4.140682e-01
1.561697e+03	-4.235838e-01
1.570717e+03	-4.059630e-01
1.579790e+03	-4.156771e-01
1.588915e+03	-4.270762e-01
1.598092e+03	-4.382312e-01
1.607323e+03	-4.318142e-01
1.616606e+03	-4.564805e-01
1.625944e+03	-4.501685e-01
1.635335e+03	-4.672829e-01
1.644781e+03	-4.340688e-01
1.654281e+03	-4.671885e-01
1.663836e+03	-4.609379e-01
1.673446e+03	-4.656935e-01
1.683112e+03	-4.830118e-01
1.692834e+03	-4.845921e-01
1.702611e+03	-4.911857e-01
1.712446e+03	-4.977410e-01
1.722337e+03	-4.877295e-01
1.732285e+03	-4.950423e-01
1.742290e+03	-5.105113e-01
1.752354e+03	-5.166024e-01
1.762475e+03	-5.490152e-01
1.772655e+03	-5.318185e-01
1.782894e+03	-5.375257e-01
1.793192e+03	-5.521213e-01
1.803549e+03	-5.443251e-01
1.813967e+03	-5.704257e-01
1.824444e+03	-5.578816e-01
1.834982e+03	-5.740364e-01
1.845581e+03	-5.773775e-01
1.856241e+03	-5.630811e-01
1.866962e+03	-5.812453e-01
1.877746e+03	-5.824548e-01
1.888592e+03	-6.103726e-01
1.899500e+03	-6.113512e-01
1.910472e+03	-6.068897e-01
1.921506e+03	-6.292202e-01
1.932605e+03	-6.191837e-01
1.943768e+03	-6.282985e-01
1.954995e+03	-6.502486e-01
1.966287e+03	-6.463152e-01
1.977644e+03	-6.803676e-01
1.989067e+03	-6.518896e-01
2.000555e+03	-6.744536e-01
2.012110e+03	-6.681331e-01
2.023732e+03	-6.764424e-01
2.035421e+03	-6.954258e-01
2.047178e+03	-7.071165e-01
2.059002e+03	-7.096307e-01
2.070895e+03	-6.931827e-01
2.082856e+03	-6.933410e-01
2.094887e+03	-7.273733e-01
2.106987e+03	-7.265779e-01
2.119157e+03	-7.426190e-01
2.131397e+03	-7.521283e-01
2.143708e+03	-7.622516e-01
2.156090e+03	-7.731424e-01
2.168543e+03	-7.706030e-01
2.181069e+03	-7.811065e-01
2.193666e+03	-8.065551e-01
2.206337e+03	-8.043689e-01
2.219081e+03	-8.052543e-01
2.231898e+03	-8.101362e-01
2.244789e+03	-8.216414e-01
2.257755e+03	-8.421144e-01
2.270796e+03	-8.567407e-01
2.283912e+03	-8.454056e-01
2.297104e+03	-8.513647e-01
2.310372e+03	-8.414075e-01
2.323716e+03	-8.667724e-01
2.337138e+03	-8.718796e-01
2.350637e+03	-9.054113e-01
2.364214e+03	-8.985894e-01
2.377870e+03	-9.273701e-01
2.391604e+03	-9.275406e-01
2.405418e+03	-9.385957e-01
2.419312e+03	-9.614297e-01
2.433286e+03	-9.323561e-01
2.447340e+03	-9.672533e-01
2.461476e+03	-9.648935e-01
2.475693e+03	-9.543949e-01
2.489993e+03	-9.882561e-01
2.504375e+03	-1.005701e+00
2.518840e+03	-1.014213e+00
2.533389e+03	-1.014405e+00
2.548022e+03	-1.029003e+00
2.562739e+03	-1.046529e+00
2.577541e+03	-1.064691e+00
2.592429e+03	-1.064621e+00
2.607403e+03	-1.065709e+00
2.622463e+03	-1.074963e+00
2.637610e+03	-1.078406e+00
2.652845e+03	-1.091143e+00
2.668168e+03	-1.131217e+00
2.683579e+03	-1.128148e+00
2.699079e+03	-1.136092e+00
2.714669e+03	-1.165677e+00
2.730349e+03	-1.170279e+00
2.746119e+03	-1.181893e+00
2.761981e+03	-1.208124e+00
2.777934e+03	-1.213354e+00
2.793979e+03	-1.213214e+00
2.810117e+03	-1.237307e+00
2.826348e+03	-1.245312e+00
2.842673e+03	-1.253107e+00
2.859092e+03	-1.269298e+00
2.875606e+03	-1.269400e+00
2.892215e+03	-1.307655e+00
2.908921e+03	-1.310985e+00
2.925722e+03	-1.315952e+00
2.942621e+03	-1.331135e+00
2.959618e+03	-1.342474e+00
2.976712e+03	-1.352876e+00
2.993906e+03	-1.367062e+00
3.011198e+03	-1.375085e+00
3.028591e+03	-1.409119e+00
3.046084e+03	-1.419825e+00
3.063678e+03	-1.437267e+00
3.081374e+03	-1.439494e+00
3.099172e+03	-1.449530e+00
3.117072e+03	-1.464818e+00
3.135076e+03	-1.471721e+00
3.153184e+03	-1.486765e+00
3.171397e+03	-1.488865e+00
3.189715e+03	-1.527412e+00
3.208139e+03	-1.518424e+00
3.226669e+03	-1.552085e+00
3.245306e+03	-1.574727e+00
3.264051e+03	-1.572589e+00
3.282904e+03	-1.600609e+00
3.301866e+03	-1.604431e+00
3.320937e+03	-1.597346e+00
3.340119e+03	-1.650512e+00
3.359411e+03	-1.670255e+00
3.378815e+03	-1.676805e+00
3.398331e+03	-1.690264e+00
3.417959e+03	-1.704811e+00
3.437701e+03	-1.732472e+00
3.457557e+03	-1.721668e+00
3.477528e+03	-1.766255e+00
3.497614e+03	-1.782984e+00
3.517816e+03	-1.785858e+00
3.538135e+03	-1.813908e+00
3.558571e+03	-1.826073e+00
3.579125e+03	-1.854490e+00
3.599798e+03	-1.860154e+00
3.620590e+03	-1.883643e+00
3.641503e+03	-1.903335e+00
3.662536e+03	-1.908263e+00
3.683691e+03	-1.927179e+00
3.704967e+03	-1.944586e+00
3.726367e+03	-1.990866e+00
3.747890e+03	-1.984069e+00
3.769538e+03	-2.001898e+00
3.791311e+03	-2.014048e+00
3.813209e+03	-2.047870e+00
3.835234e+03	-2.057016e+00
3.857386e+03	-2.087235e+00
3.879667e+03	-2.103876e+00
3.902075e+03	-2.113546e+00
3.924614e+03	-2.129017e+00
3.947282e+03	-2.167423e+00
3.970081e+03	-2.180358e+00
3.993012e+03	-2.208449e+00
4.016076e+03	-2.208290e+00
4.039272e+03	-2.260643e+00
4.062603e+03	-2.252739e+00
4.086069e+03	-2.281466e+00
4.109670e+03	-2.302169e+00
4.133407e+03	-2.324956e+00
4.157281e+03	-2.352383e+00
4.181294e+03	-2.358641e+00
4.205445e+03	-2.378796e+00
4.229735e+03	-2.408226e+00
4.254166e+03	-2.419317e+00
4.278738e+03	-2.446074e+00
4.303451e+03	-2.459351e+00
4.328308e+03	-2.487174e+00
4.353308e+03	-2.528104e+00
4.378453e+03	-2.541678e+00
4.403742e+03	-2.556920e+00
4.429178e+03	-2.578739e+00
4.454761e+03	-2.580774e+00
4.480492e+03	-2.628612e+00
4.506371e+03	-2.630461e+00
4.532399e+03	-2.667736e+00
4.558578e+03	-2.698959e+00
4.584908e+03	-2.719457e+00
4.611391e+03	-2.725103e+00
4.638026e+03	-2.778806e+00
4.664815e+03	-2.786469e+00
4.691759e+03	-2.789728e+00
4.718858e+03	-2.816983e+00
4.746114e+03	-2.846782e+00
4.773527e+03	-2.876279e+00
4.801099e+03	-2.905866e+00
4.828830e+03	-2.945693e+00
4.856721e+03	-2.956564e+00
4.884773e+03	-2.967918e+00
4.912988e+03	-2.991148e+00
4.941365e+03	-3.015326e+00
4.969906e+03	-3.036209e+00
4.998612e+03	-3.059255e+00
5.027484e+03	-3.103487e+00
5.056522e+03	-3.124824e+00
5.085729e+03	-3.196861e+00
5.115104e+03	-3.160995e+00
5.144648e+03	-3.210353e+00
5.174363e+03	-3.236097e+00
5.204250e+03	-3.242776e+00
5.234310e+03	-3.272135e+00
5.264543e+03	-3.300671e+00
5.294951e+03	-3.328698e+00
5.325534e+03	-3.339475e+00
5.356294e+03	-3.362899e+00
5.387232e+03	-3.410228e+00
5.418348e+03	-3.434737e+00
5.449645e+03	-3.468257e+00
5.481122e+03	-3.495558e+00
5.512780e+03	-3.502163e+00
5.544622e+03	-3.553771e+00
5.576647e+03	-3.606627e+00
5.608858e+03	-3.604567e+00
5.641254e+03	-3.648927e+00
5.673838e+03	-3.675704e+00
5.706610e+03	-3.683466e+00
5.739571e+03	-3.692591e+00
5.772723e+03	-3.771722e+00
5.806066e+03	-3.766614e+00
5.839601e+03	-3.804490e+00
5.873331e+03	-3.860093e+00
5.907255e+03	-3.875124e+00
5.941375e+03	-3.893328e+00
5.975692e+03	-3.919821e+00
6.010207e+03	-3.955595e+00
6.044922e+03	-3.980865e+00
6.079837e+03	-4.009395e+00
6.114954e+03	-4.049873e+00
6.150274e+03	-4.082695e+00
6.185797e+03	-4.120033e+00
6.221526e+03	-4.146419e+00
6.257462e+03	-4.190074e+00
6.293605e+03	-4.186195e+00
6.329956e+03	-4.227148e+00
6.366518e+03	-4.244069e+00
6.403290e+03	-4.296916e+00
6.440276e+03	-4.321792e+00
6.477474e+03	-4.348853e+00
6.514888e+03	-4.390672e+00
6.552518e+03	-4.425579e+00
6.590365e+03	-4.455293e+00
6.628430e+03	-4.471295e+00
6.666716e+03	-4.512129e+00
6.705223e+03	-4.548469e+00
6.743952e+03	-4.575254e+00
6.782905e+03	-4.632033e+00
6.822082e+03	-4.644933e+00
6.861486e+03	-4.682219e+00
6.901118e+03	-4.718808e+00
6.940979e+03	-4.738191e+00
6.981069e+03	-4.786262e+00
7.021392e+03	-4.818249e+00
7.061947e+03	-4.829507e+00
7.102737e+03	-4.867023e+00
7.143762e+03	-4.903400e+00
7.185024e+03	-4.937461e+00
7.226524e+03	-4.974216e+00
7.268264e+03	-5.011165e+00
7.310246e+03	-5.037982e+00
7.352469e+03	-5.093875e+00
7.394937e+03	-5.109589e+00
7.437650e+03	-5.150447e+00
7.480609e+03	-5.196710e+00
7.523817e+03	-5.224246e+00
7.567274e+03	-5.244053e+00
7.610982e+03	-5.304766e+00
7.654943e+03	-5.333508e+00
7.699158e+03	-5.350547e+00
7.743628e+03	-5.403892e+00
7.788355e+03	-5.435545e+00
7.833340e+03	-5.476608e+00
7.878585e+03	-5.505503e+00
7.924091e+03	-5.524912e+00
7.969861e+03	-5.562717e+00
8.015894e+03	-5.610136e+00
8.062194e+03	-5.656265e+00
8.108761e+03	-5.670290e+00
8.155596e+03	-5.739127e+00
8.202703e+03	-5.757789e+00
8.250081e+03	-5.796802e+00
8.297733e+03	-5.826722e+00
8.345661e+03	-5.875482e+00
8.393865e+03	-5.913488e+00
8.442348e+03	-5.937567e+00
8.491110e+03	-5.969163e+00
8.540155e+03	-6.015707e+00
8.589482e+03	-6.041845e+00
8.639095e+03	-6.077749e+00
8.688994e+03	-6.123241e+00
8.739181e+03	-6.158124e+00
8.789658e+03	-6.196373e+00
8.840427e+03	-6.232715e+00
8.891489e+03	-6.276868e+00
8.942846e+03	-6.315213e+00
8.994499e+03	-6.338372e+00
9.046451e+03	-6.380422e+00
9.098703e+03	-6.436070e+00
9.151257e+03	-6.465324e+00
9.204114e+03	-6.495931e+00
9.257277e+03	-6.540653e+00
9.310746e+03	-6.574632e+00
9.364525e+03	-6.607140e+00
9.418614e+03	-6.634644e+00
9.473015e+03	-6.684832e+00
9.527731e+03	-6.722401e+00
9.582763e+03	-6.766242e+00
9.638113e+03	-6.804426e+00
9.693782e+03	-6.856279e+00
9.749773e+03	-6.884062e+00
9.806087e+03	-6.922731e+00
9.862727e+03	-6.983298e+00
9.919693e+03	-7.012207e+00
9.976989e+03	-7.049127e+00
1.003462e+04	-7.099935e+00
1.009258e+04	-7.131424e+00
1.015087e+04	-7.188636e+00
1.020950e+04	-7.195884e+00
1.026847e+04	-7.239952e+00
1.032778e+04	-7.280362e+00
1.038743e+04	-7.326807e+00
1.044743e+04	-7.366552e+00
1.050777e+04	-7.408054e+00
1.056847e+04	-7.446015e+00
1.062951e+04	-7.483409e+00
1.069091e+04	-7.545259e+00
1.075266e+04	-7.567767e+00
1.081476e+04	-7.608308e+00
1.087723e+04	-7.641927e+00
1.094006e+04	-7.674243e+00
1.100324e+04	-7.734474e+00
1.106680e+04	-7.769114e+00
1.113072e+04	-7.815979e+00
1.119501e+04	-7.855667e+00
1.125967e+04	-7.893694e+00
1.132471e+04	-7.936196e+00
1.139012e+04	-7.968541e+00
1.145591e+04	-8.018510e+00
1.152208e+04	-8.062623e+00
1.158863e+04	-8.108786e+00
1.165556e+04	-8.130445e+00
1.172289e+04	-8.210525e+00
1.179060e+04	-8.238269e+00
1.185870e+04	-8.274272e+00
1.192719e+04	-8.327076e+00
1.199608e+04	-8.348289e+00
1.206537e+04	-8.421747e+00
1.213506e+04	-8.447448e+00
1.220515e+04	-8.471157e+00
1.227565e+04	-8.538363e+00
1.234655e+04	-8.571002e+00
1.241787e+04	-8.609222e+00
1.248959e+04	-8.661755e+00
1.256173e+04	-8.702233e+00
1.263429e+04	-8.733863e+00
1.270726e+04	-8.773830e+00
1.278066e+04	-8.821877e+00
1.285448e+04	-8.857912e+00
1.292873e+04	-8.896039e+00
1.300340e+04	-8.958804e+00
1.307851e+04	-8.968191e+00
1.315405e+04	-9.038476e+00
1.323003e+04	-9.080328e+00
1.330644e+04	-9.097606e+00
1.338330e+04	-9.161103e+00
1.346060e+04	-9.199481e+00
1.353835e+04	-9.235580e+00
1.361655e+04	-9.298558e+00
1.369520e+04	-9.319599e+00
1.377430e+04	-9.383162e+00
1.385386e+04	-9.420357e+00
1.393388e+04	-9.459808e+00
1.401436e+04	-9.501312e+00
1.409531e+04	-9.554756e+00
1.417672e+04	-9.617708e+00
1.425861e+04	-9.635639e+00
1.434096e+04	-9.666564e+00
1.442379e+04	-9.714347e+00
1.450711e+04	-9.765852e+00
1.459090e+04	-9.806121e+00
1.467518e+04	-9.861171e+00
1.475994e+04	-9.893539e+00
1.484519e+04	-9.930657e+00
1.493094e+04	-9.989511e+00
1.501718e+04	-1.002657e+01
1.510392e+04	-1.007806e+01
1.519116e+04	-1.012200e+01
1.527890e+04	-1.016496e+01
1.536715e+04	-1.019615e+01
1.545591e+04	-1.024504e+01
1.554518e+04	-1.028534e+01
1.563497e+04	-1.034511e+01
1.572528e+04	-1.038979e+01
1.581611e+04	-1.041860e+01
1.590746e+04	-1.045724e+01
1.599934e+04	-1.051191e+01
1.609175e+04	-1.055838e+01
1.618470e+04	-1.061525e+01
1.627818e+04	-1.064186e+01
1.637220e+04	-1.068252e+01
1.646677e+04	-1.073822e+01
1.656188e+04	-1.078244e+01
1.665754e+04	-1.080975e+01
1.675375e+04	-1.085862e+01
1.685052e+04	-1.091698e+01
1.694785e+04	-1.095112e+01
1.704574e+04	-1.098887e+01
1.714419e+04	-1.103214e+01
1.724322e+04	-1.108754e+01
1.734281e+04	-1.114752e+01
1.744299e+04	-1.117088e+01
1.754374e+04	-1.121705e+01
1.764507e+04	-1.127753e+01
1.774698e+04	-1.130853e+01
1.784949e+04	-1.136768e+01
1.795259e+04	-1.140970e+01
1.805628e+04	-1.145147e+01
1.816057e+04	-1.149734e+01
1.826547e+04	-1.153325e+01
1.837097e+04	-1.158027e+01
1.847708e+04	-1.161404e+01
1.858380e+04	-1.166653e+01
1.869114e+04	-1.168530e+01
1.879910e+04	-1.175714e+01
1.890768e+04	-1.179593e+01
1.901689e+04	-1.184572e+01
1.912673e+04	-1.190677e+01
1.923721e+04	-1.192476e+01
1.934832e+04	-1.196548e+01
1.946008e+04	-1.202562e+01
1.957248e+04	-1.207636e+01
1.968553e+04	-1.211457e+01
1.979923e+04	-1.214521e+01
1.991359e+04	-1.219492e+01
2.002861e+04	-1.226063e+01
2.014430e+04	-1.230685e+01
2.026065e+04	-1.233857e+01
2.037767e+04	-1.238340e+01
2.049537e+04	-1.242919e+01
2.061375e+04	-1.245726e+01
2.073282e+04	-1.250815e+01
2.085257e+04	-1.255642e+01
2.097301e+04	-1.262509e+01
2.109415e+04	-1.265765e+01
2.121599e+04	-1.270271e+01
2.133853e+04	-1.273141e+01
2.146178e+04	-1.277428e+01
2.158575e+04	-1.283026e+01
2.171043e+04	-1.287259e+01
2.183582e+04	-1.291460e+01
2.196195e+04	-1.296490e+01
2.208880e+04	-1.301627e+01
2.221638e+04	-1.304880e+01
2.234470e+04	-1.310652e+01
2.247377e+04	-1.314490e+01
2.260357e+04	-1.318165e+01
2.273413e+04	-1.324228e+01
2.286544e+04	-1.327706e+01
2.299751e+04	-1.331425e+01
2.313034e+04	-1.336266e+01
2.326394e+04	-1.339863e+01
2.339832e+04	-1.344581e+01
2.353346e+04	-1.350598e+01
2.366939e+04	-1.354934e+01
2.380610e+04	-1.360243e+01
2.394361e+04	-1.360538e+01
2.408191e+04	-1.366456e+01
2.422100e+04	-1.372214e+01
2.436090e+04	-1.377062e+01
2.450161e+04	-1.379185e+01
2.464313e+04	-1.385788e+01
2.478547e+04	-1.389407e+01
2.492863e+04	-1.394806e+01
2.507261e+04	-1.398860e+01
2.521743e+04	-1.402435e+01
2.536309e+04	-1.407910e+01
2.550958e+04	-1.410004e+01
2.565692e+04	-1.416265e+01
2.580512e+04	-1.418026e+01
2.595417e+04	-1.425991e+01
2.610408e+04	-1.429596e+01
2.625485e+04	-1.434065e+01
2.640650e+04	-1.437708e+01
2.655902e+04	-1.440987e+01
2.671243e+04	-1.446960e+01
2.686672e+04	-1.451676e+01
2.702190e+04	-1.454972e+01
2.717798e+04	-1.461464e+01
2.733495e+04	-1.463315e+01
2.749284e+04	-1.467751e+01
2.765164e+04	-1.472039e+01
2.781135e+04	-1.477560e+01
2.797199e+04	-1.482933e+01
2.813355e+04	-1.484356e+01
2.829605e+04	-1.490119e+01
2.845949e+04	-1.496701e+01
2.862387e+04	-1.498991e+01
2.878920e+04	-1.500672e+01
2.895549e+04	-1.509388e+01
2.912273e+04	-1.512494e+01
2.929094e+04	-1.516706e+01
2.946013e+04	-1.518432e+01
2.963029e+04	-1.526387e+01
2.980143e+04	-1.528642e+01
2.997356e+04	-1.533114e+01
3.014669e+04	-1.538608e+01
3.032081e+04	-1.541461e+01
3.049595e+04	-1.546262e+01
3.067209e+04	-1.550817e+01
3.084925e+04	-1.557832e+01
3.102743e+04	-1.558179e+01
3.120665e+04	-1.561645e+01
3.138690e+04	-1.567371e+01
3.156819e+04	-1.572734e+01
3.175052e+04	-1.577850e+01
3.193391e+04	-1.578827e+01
3.211836e+04	-1.582279e+01
3.230388e+04	-1.588843e+01
3.249046e+04	-1.592258e+01
3.267812e+04	-1.599323e+01
3.286687e+04	-1.602382e+01
3.305671e+04	-1.606416e+01
3.324764e+04	-1.611223e+01
3.343968e+04	-1.613577e+01
3.363283e+04	-1.618450e+01
3.382709e+04	-1.621059e+01
3.402247e+04	-1.625651e+01
3.421899e+04	-1.629843e+01
3.441663e+04	-1.635733e+01
3.461542e+04	-1.639437e+01
3.481536e+04	-1.643289e+01
3.501645e+04	-1.647188e+01
3.521871e+04	-1.652533e+01
3.542213e+04	-1.654196e+01
3.562672e+04	-1.659242e+01
3.583250e+04	-1.663479e+01
3.603947e+04	-1.668709e+01
3.624763e+04	-1.673015e+01
3.645700e+04	-1.674520e+01
3.666757e+04	-1.678037e+01
3.687936e+04	-1.683749e+01
3.709238e+04	-1.688862e+01
3.730662e+04	-1.692536e+01
3.752210e+04	-1.697610e+01
3.773883e+04	-1.701472e+01
3.795680e+04	-1.703308e+01
3.817604e+04	-1.707437e+01
3.839654e+04	-1.711425e+01
3.861832e+04	-1.717282e+01
3.884138e+04	-1.721124e+01
3.906573e+04	-1.725974e+01
3.929137e+04	-1.728621e+01
3.951831e+04	-1.732406e+01
3.974657e+04	-1.734955e+01
3.997614e+04	-1.739444e+01
4.020704e+04	-1.743512e+01
4.043928e+04	-1.746570e+01
4.067285e+04	-1.750192e+01
4.090778e+04	-1.755972e+01
4.114406e+04	-1.757407e+01
4.138171e+04	-1.762490e+01
4.162073e+04	-1.765212e+01
4.186113e+04	-1.770398e+01
4.210291e+04	-1.774283e+01
4.234610e+04	-1.778707e+01
4.259069e+04	-1.781499e+01
4.283669e+04	-1.785822e+01
4.308411e+04	-1.788707e+01
4.333297e+04	-1.793409e+01
4.358325e+04	-1.795944e+01
4.383499e+04	-1.800705e+01
4.408818e+04	-1.803490e+01
4.434283e+04	-1.807852e+01
4.459895e+04	-1.810446e+01
4.485655e+04	-1.813401e+01
4.511564e+04	-1.818400e+01
4.537623e+04	-1.820976e+01
4.563832e+04	-1.828318e+01
4.590193e+04	-1.828259e+01
4.616705e+04	-1.831365e+01
4.643371e+04	-1.836079e+01
4.670191e+04	-1.840635e+01
4.697166e+04	-1.842330e+01
4.724297e+04	-1.845769e+01
4.751584e+04	-1.850011e+01
4.779029e+04	-1.854630e+01
4.806633e+04	-1.856883e+01
4.834395e+04	-1.861584e+01
4.862319e+04	-1.863721e+01
4.890403e+04	-1.865731e+01
4.918650e+04	-1.871507e+01
4.947060e+04	-1.875423e+01
4.975634e+04	-1.877189e+01
5.004373e+04	-1.880564e+01
5.033278e+04	-1.882725e+01
5.062350e+04	-1.887736e+01
5.091590e+04	-1.889314e+01
5.120999e+04	-1.890862e+01
5.150578e+04	-1.894481e+01
5.180327e+04	-1.900979e+01
5.210248e+04	-1.902634e+01
5.240343e+04	-1.905804e+01
5.270611e+04	-1.909379e+01
5.301053e+04	-1.910380e+01
5.331672e+04	-1.913572e+01
5.362468e+04	-1.920367e+01
5.393441e+04	-1.921568e+01
5.424593e+04	-1.923852e+01
5.455926e+04	-1.927795e+01
5.487439e+04	-1.930281e+01
5.519134e+04	-1.933211e+01
5.551012e+04	-1.936051e+01
5.583075e+04	-1.939416e+01
5.615322e+04	-1.941847e+01
5.647756e+04	-1.945951e+01
5.680377e+04	-1.947697e+01
5.713187e+04	-1.950304e+01
5.746186e+04	-1.951744e+01
5.779376e+04	-1.954986e+01
5.812757e+04	-1.957085e+01
5.846332e+04	-1.960379e+01
5.880100e+04	-1.961634e+01
5.914063e+04	-1.965855e+01
5.948222e+04	-1.968512e+01
5.982579e+04	-1.971426e+01
6.017134e+04	-1.972800e+01
6.051889e+04	-1.974062e+01
6.086844e+04	-1.978133e+01
6.122002e+04	-1.980759e+01
6.157362e+04	-1.982703e+01
6.192927e+04	-1.986032e+01
6.228697e+04	-1.985977e+01
6.264674e+04	-1.988169e+01
6.300858e+04	-1.991494e+01
6.337252e+04	-1.993584e+01
6.373855e+04	-1.995792e+01
6.410670e+04	-1.998815e+01
6.447698e+04	-1.999922e+01
6.484940e+04	-2.003296e+01
6.522397e+04	-2.005802e+01
6.560070e+04	-2.005268e+01
6.597960e+04	-2.008558e+01
6.636070e+04	-2.010312e+01
6.674400e+04	-2.013442e+01
6.712951e+04	-2.011147e+01
6.751724e+04	-2.016695e+01
6.790722e+04	-2.018485e+01
6.829945e+04	-2.020349e+01
6.869395e+04	-2.020824e+01
6.909072e+04	-2.021549e+01
6.948978e+04	-2.023235e+01
6.989115e+04	-2.026242e+01
7.029484e+04	-2.029068e+01
7.070086e+04	-2.027027e+01
7.110923e+04	-2.029266e+01
7.151995e+04	-2.031341e+01
7.193305e+04	-2.034237e+01
7.234853e+04	-2.031491e+01
7.276641e+04	-2.035090e+01
7.318671e+04	-2.034016e+01
7.360943e+04	-2.036819e+01
7.403460e+04	-2.035198e+01
7.446222e+04	-2.039647e+01
7.489231e+04	-2.041332e+01
7.532488e+04	-2.037529e+01
7.575996e+04	-2.041204e+01
7.619754e+04	-2.042057e+01
7.663766e+04	-2.042506e+01
7.708031e+04	-2.043229e+01
7.752553e+04	-2.044158e+01
7.797331e+04	-2.043421e+01
7.842368e+04	-2.044363e+01
7.887665e+04	-2.042633e+01
7.933224e+04	-2.044764e+01
7.979046e+04	-2.044064e+01
8.025133e+04	-2.044881e+01
8.071486e+04	-2.045011e+01
8.118106e+04	-2.045777e+01
8.164996e+04	-2.044696e+01
8.212157e+04	-2.044728e+01
8.259590e+04	-2.043633e+01
8.307297e+04	-2.042696e+01
8.355279e+04	-2.042842e+01
8.403539e+04	-2.041892e+01
8.452078e+04	-2.042652e+01
8.500897e+04	-2.040076e+01
8.549997e+04	-2.039661e+01
8.599382e+04	-2.038848e+01
8.649052e+04	-2.038104e+01
8.699008e+04	-2.037791e+01
8.749253e+04	-2.037205e+01
8.799789e+04	-2.034449e+01
8.850616e+04	-2.032184e+01
8.901737e+04	-2.036343e+01
8.953153e+04	-2.031847e+01
9.004866e+04	-2.029130e+01
9.056877e+04	-2.029968e+01
9.109190e+04	-2.028287e+01
9.161804e+04	-2.025101e+01
9.214722e+04	-2.021750e+01
9.267946e+04	-2.021033e+01
9.321477e+04	-2.019561e+01
9.375318e+04	-2.016593e+01
9.429469e+04	-2.013529e+01
9.483933e+04	-2.011679e+01
9.538712e+04	-2.009337e+01
9.593807e+04	-2.004448e+01
9.649221e+04	-2.003870e+01
9.704954e+04	-1.999613e+01
9.761010e+04	-1.996169e+01
9.817389e+04	-1.993116e+01
9.874094e+04	-1.988891e+01
9.931126e+04	-1.986643e+01
9.988488e+04	-1.982135e+01
1.004618e+05	-1.979801e+01
1.010421e+05	-1.974862e+01
1.016257e+05	-1.970317e+01
1.022127e+05	-1.965626e+01
1.028031e+05	-1.961437e+01
1.033968e+05	-1.955062e+01
1.039941e+05	-1.952866e+01
1.045947e+05	-1.947850e+01
1.051989e+05	-1.942098e+01
1.058065e+05	-1.937013e+01
1.064176e+05	-1.932118e+01
1.070323e+05	-1.926719e+01
1.076505e+05	-1.919267e+01
1.082723e+05	-1.913849e+01
1.088977e+05	-1.907548e+01
1.095266e+05	-1.901089e+01
1.101593e+05	-1.892543e+01
1.107955e+05	-1.888260e+01
1.114355e+05	-1.877963e+01
1.120791e+05	-1.872664e+01
1.127265e+05	-1.863389e+01
1.133776e+05	-1.856071e+01
1.140325e+05	-1.848345e+01
1.146911e+05	-1.840572e+01
1.153536e+05	-1.830153e+01
1.160198e+05	-1.821511e+01
1.166900e+05	-1.811844e+01
1.173640e+05	-1.800087e+01
1.180419e+05	-1.789995e+01
1.187237e+05	-1.780470e+01
1.194094e+05	-1.771767e+01
1.200991e+05	-1.759571e+01
1.207928e+05	-1.746883e+01
1.214905e+05	-1.734245e+01
1.221922e+05	-1.723359e+01
1.228980e+05	-1.711606e+01
1.236078e+05	-1.697607e+01
1.243218e+05	-1.684599e+01
1.250399e+05	-1.670364e+01
1.257621e+05	-1.655692e+01
1.264885e+05	-1.640754e+01
1.272191e+05	-1.625088e+01
1.279539e+05	-1.608958e+01
1.286930e+05	-1.593415e+01
1.294363e+05	-1.574019e+01
1.301839e+05	-1.556899e+01
1.309358e+05	-1.537163e+01
1.316921e+05	-1.520656e+01
1.324528e+05	-1.499426e+01
1.332178e+05	-1.480339e+01
1.339873e+05	-1.457569e+01
1.347612e+05	-1.434017e+01
1.355395e+05	-1.409977e+01
1.363224e+05	-1.387512e+01
1.371098e+05	-1.359464e+01
1.379018e+05	-1.335242e+01
1.386983e+05	-1.306938e+01
1.394994e+05	-1.278702e+01
1.403051e+05	-1.249139e+01
1.411155e+05	-1.215924e+01
1.419306e+05	-1.183479e+01
1.427504e+05	-1.150084e+01
1.435749e+05	-1.111726e+01
1.444042e+05	-1.073668e+01
1.452383e+05	-1.030480e+01
1.460772e+05	-9.888361e+00
1.469209e+05	-9.429670e+00
1.477695e+05	-8.954827e+00
1.486230e+05	-8.429735e+00
1.494814e+05	-7.891805e+00
1.503448e+05	-7.308714e+00
1.512132e+05	-6.709103e+00
1.520866e+05	-6.039524e+00
1.529651e+05	-5.329607e+00
1.538486e+05	-4.613291e+00
1.547372e+05	-3.827491e+00
1.556310e+05	-3.018065e+00
1.565299e+05	-2.217188e+00
1.574340e+05	-1.455507e+00
1.583433e+05	-7.626504e-01
1.592579e+05	-2.478805e-01
1.601778e+05	-6.617246e-04
1.611030e+05	-5.677802e-02
1.620335e+05	-4.453151e-01
1.629694e+05	-1.057354e+00
1.639107e+05	-1.818925e+00
1.648574e+05	-2.653169e+00
1.658097e+05	-3.532476e+00
1.667674e+05	-4.394830e+00
1.677306e+05	-5.202254e+00
1.686994e+05	-5.968904e+00
1.696738e+05	-6.717872e+00
1.706538e+05	-7.425557e+00
1.716395e+05	-8.069362e+00
1.726309e+05	-8.700055e+00
1.736280e+05	-9.278884e+00
1.746309e+05	-9.834688e+00
1.756395e+05	-1.035369e+01
1.766540e+05	-1.086620e+01
1.776744e+05	-1.133320e+01
1.787006e+05	-1.177904e+01
1.797328e+05	-1.218372e+01
1.807709e+05	-1.261134e+01
1.818150e+05	-1.301757e+01
1.828652e+05	-1.338345e+01
1.839214e+05	-1.373669e+01
1.849837e+05	-1.408418e+01
1.860522e+05	-1.441761e+01
1.871268e+05	-1.472145e+01
1.882077e+05	-1.502799e+01
1.892948e+05	-1.531166e+01
1.903881e+05	-1.560728e+01
1.914878e+05	-1.588393e+01
1.925938e+05	-1.613502e+01
1.937062e+05	-1.638394e+01
1.948251e+05	-1.662576e+01
1.959504e+05	-1.685905e+01
1.970822e+05	-1.705775e+01
1.982205e+05	-1.727352e+01
1.993654e+05	-1.748412e+01
2.005169e+05	-1.768292e+01
2.016751e+05	-1.787368e+01
2.028400e+05	-1.804517e+01
2.040116e+05	-1.822005e+01
2.051899e+05	-1.840353e+01
2.063751e+05	-1.856230e+01
2.075671e+05	-1.872464e+01
2.087660e+05	-1.886929e+01
2.099719e+05	-1.899684e+01
2.111846e+05	-1.915078e+01
2.124044e+05	-1.927974e+01
2.136313e+05	-1.939111e+01
2.148652e+05	-1.950301e+01
2.161063e+05	-1.963589e+01
2.173545e+05	-1.973689e+01
2.186099e+05	-1.983042e+01
2.198726e+05	-1.992186e+01
2.211426e+05	-2.000268e+01
2.224199e+05	-2.008795e+01
2.237046e+05	-2.016988e+01
2.249967e+05	-2.021797e+01
2.262962e+05	-2.029124e+01
2.276033e+05	-2.035378e+01
2.289179e+05	-2.037389e+01
2.302402e+05	-2.046089e+01
2.315700e+05	-2.047177e+01
2.329076e+05	-2.051106e+01
2.342528e+05	-2.053894e+01
2.356059e+05	-2.057613e+01
2.369667e+05	-2.058397e+01
2.383354e+05	-2.058557e+01
2.397120e+05	-2.058715e+01
2.410966e+05	-2.058295e+01
2.424892e+05	-2.059033e+01
2.438898e+05	-2.054565e+01
2.452985e+05	-2.051802e+01
2.467153e+05	-2.048377e+01
2.481403e+05	-2.042145e+01
2.495736e+05	-2.039136e+01
2.510151e+05	-2.032169e+01
2.524650e+05	-2.026413e+01
2.539232e+05	-2.020153e+01
2.553898e+05	-2.010811e+01
2.568650e+05	-2.002231e+01
2.583486e+05	-1.990985e+01
2.598408e+05	-1.979382e+01
2.613416e+05	-1.965591e+01
2.628511e+05	-1.952282e+01
2.643694e+05	-1.937270e+01
2.658963e+05	-1.921458e+01
2.674321e+05	-1.907686e+01
2.689768e+05	-1.888321e+01
2.705304e+05	-1.866773e+01
2.720930e+05	-1.845245e+01
2.736646e+05	-1.821998e+01
2.752453e+05	-1.798558e+01
2.768351e+05	-1.770421e+01
2.784341e+05	-1.742296e+01
2.800423e+05	-1.709731e+01
2.816598e+05	-1.678652e+01
2.832867e+05	-1.641879e+01
2.849229e+05	-1.604407e+01
2.865686e+05	-1.562614e+01
2.882238e+05	-1.519984e+01
2.898886e+05	-1.470286e+01
2.915630e+05	-1.414904e+01
2.932470e+05	-1.359143e+01
2.949408e+05	-1.295998e+01
2.966444e+05	-1.226555e+01
2.983578e+05	-1.149833e+01
3.000811e+05	-1.061769e+01
3.018143e+05	-9.686421e+00
3.035576e+05	-8.601800e+00
3.053109e+05	-7.379195e+00
3.070744e+05	-5.983548e+00
3.088481e+05	-4.400545e+00
3.106320e+05	-2.660881e+00
3.124261e+05	-9.962634e-01
3.142307e+05	1.164688e-02
3.160457e+05	-3.222029e-01
3.178712e+05	-1.758587e+00
3.197072e+05	-3.572925e+00
3.215538e+05	-5.293946e+00
3.234111e+05	-6.898175e+00
3.252791e+05	-8.267531e+00
3.271579e+05	-9.504902e+00
3.290475e+05	-1.059152e+01
3.309481e+05	-1.156520e+01
3.328596e+05	-1.242637e+01
3.347822e+05	-1.323456e+01
3.367159e+05	-1.393306e+01
3.386608e+05	-1.459892e+01
3.406169e+05	-1.521385e+01
3.425842e+05	-1.575617e+01
3.445630e+05	-1.627572e+01
3.465532e+05	-1.675880e+01
3.485549e+05	-1.720344e+01
3.505681e+05	-1.759807e+01
3.525930e+05	-1.797817e+01
3.546295e+05	-1.833537e+01
3.566778e+05	-1.865021e+01
3.587380e+05	-1.896894e+01
3.608101e+05	-1.924165e+01
3.628941e+05	-1.945929e+01
3.649901e+05	-1.968240e+01
3.670983e+05	-1.992209e+01
3.692187e+05	-2.008878e+01
3.713513e+05	-2.026287e+01
3.734962e+05	-2.041777e+01
3.756535e+05	-2.053537e+01
3.778232e+05	-2.064718e+01
3.800055e+05	-2.072805e+01
3.822004e+05	-2.080314e+01
3.844080e+05	-2.084228e+01
3.866283e+05	-2.087973e+01
3.888615e+05	-2.088167e+01
3.911075e+05	-2.086093e+01
3.933665e+05	-2.083235e+01
3.956386e+05	-2.077740e+01
3.979238e+05	-2.070367e+01
4.002222e+05	-2.059446e+01
4.025338e+05	-2.047211e+01
4.048589e+05	-2.031307e+01
4.071973e+05	-2.013132e+01
4.095493e+05	-1.992659e+01
4.119148e+05	-1.966419e+01
4.142940e+05	-1.940528e+01
4.166870e+05	-1.907604e+01
4.190937e+05	-1.873130e+01
4.215144e+05	-1.832776e+01
4.239490e+05	-1.787545e+01
4.263978e+05	-1.736409e+01
4.288606e+05	-1.680090e+01
4.313377e+05	-1.616848e+01
4.338291e+05	-1.543562e+01
4.363349e+05	-1.459621e+01
4.388551e+05	-1.364455e+01
4.413899e+05	-1.256201e+01
4.439394e+05	-1.124382e+01
4.465035e+05	-9.697529e+00
4.490825e+05	-7.804156e+00
4.516764e+05	-5.455907e+00
4.542853e+05	-2.608689e+00
4.569092e+05	-1.411777e-01
4.595483e+05	-6.898907e-01
4.622026e+05	-3.561897e+00
4.648723e+05	-6.362433e+00
4.675574e+05	-8.652814e+00
4.702580e+05	-1.052572e+01
4.729742e+05	-1.210732e+01
4.757060e+05	-1.342409e+01
4.784537e+05	-1.452873e+01
4.812172e+05	-1.550276e+01
4.839967e+05	-1.637939e+01
4.867923e+05	-1.713044e+01
4.896040e+05	-1.780068e+01
4.924319e+05	-1.842345e+01
4.952762e+05	-1.892754e+01
4.981369e+05	-1.940862e+01
5.010141e+05	-1.980838e+01
5.039079e+05	-2.016101e+01
5.068185e+05	-2.046219e+01
5.097458e+05	-2.073662e+01
5.126901e+05	-2.092768e+01
5.156514e+05	-2.108176e+01
5.186298e+05	-2.118383e+01
5.216253e+05	-2.127181e+01
5.246382e+05	-2.129689e+01
5.276685e+05	-2.128836e+01
5.307163e+05	-2.121377e+01
5.337817e+05	-2.107930e+01
5.368648e+05	-2.087670e+01
5.399657e+05	-2.068406e+01
5.430845e+05	-2.036562e+01
5.462214e+05	-2.000501e+01
5.493763e+05	-1.955837e+01
5.525495e+05	-1.901596e+01
5.557410e+05	-1.841402e+01
5.589509e+05	-1.767026e+01
5.621794e+05	-1.675268e+01
5.654265e+05	-1.570241e+01
5.686924e+05	-1.442115e+01
5.719772e+05	-1.280886e+01
5.752809e+05	-1.076413e+01
5.786037e+05	-8.041645e+00
5.819457e+05	-4.277805e+00
5.853070e+05	-1.795054e-01
5.886877e+05	-1.979895e+00
5.920879e+05	-6.396303e+00
5.955078e+05	-9.726416e+00
5.989474e+05	-1.220927e+01
6.024069e+05	-1.411330e+01
6.058864e+05	-1.565706e+01
6.093860e+05	-1.693054e+01
6.129058e+05	-1.799564e+01
6.164459e+05	-1.887433e+01
6.200064e+05	-1.963494e+01
6.235876e+05	-2.024245e+01
6.271894e+05	-2.075017e+01
6.308120e+05	-2.117034e+01
6.344555e+05	-2.149093e+01
6.381201e+05	-2.170750e+01
6.418059e+05	-2.182171e+01
6.455129e+05	-2.187719e+01
6.492414e+05	-2.180242e+01
6.529914e+05	-2.168028e+01
6.567630e+05	-2.139515e+01
6.605565e+05	-2.102380e+01
6.643718e+05	-2.052812e+01
6.682092e+05	-1.985975e+01
6.720688e+05	-1.901247e+01
6.759506e+05	-1.796187e+01
6.798549e+05	-1.657198e+01
6.837817e+05	-1.479261e+01
6.877312e+05	-1.232843e+01
6.917035e+05	-8.826802e+00
6.956987e+05	-3.228215e+00
6.997171e+05	-7.640989e-01
7.037586e+05	-7.145942e+00
7.078235e+05	-1.151251e+01
7.119118e+05	-1.443950e+01
7.160238e+05	-1.659238e+01
7.201595e+05	-1.824745e+01
7.243191e+05	-1.948479e+01
7.285028e+05	-2.051212e+01
7.327106e+05	-2.129303e+01
7.369427e+05	-2.189827e+01
7.411992e+05	-2.230692e+01
7.454804e+05	-2.254705e+01
7.497862e+05	-2.259794e+01
7.541170e+05	-2.251599e+01
7.584727e+05	-2.222288e+01
7.628536e+05	-2.172262e+01
7.672598e+05	-2.099324e+01
7.716915e+05	-1.995914e+01
7.761488e+05	-1.850402e+01
7.806318e+05	-1.646301e+01
7.851407e+05	-1.348616e+01
7.896756e+05	-8.518910e+00
7.942367e+05	9.143812e-04
7.988242e+05	-7.295895e+00
8.034382e+05	-1.313303e+01
8.080788e+05	-1.658434e+01
8.127463e+05	-1.895166e+01
8.174406e+05	-2.065288e+01
8.221621e+05	-2.188486e+01
8.269109e+05	-2.274050e+01
8.316871e+05	-2.329088e+01
8.364909e+05	-2.352747e+01
8.413225e+05	-2.345746e+01
8.461819e+05	-2.308762e+01
8.510694e+05	-2.232598e+01
8.559852e+05	-2.107698e+01
8.609293e+05	-1.915880e+01
8.659020e+05	-1.610828e+01
8.709034e+05	-1.058366e+01
8.759337e+05	7.138835e-02
8.809931e+05	-1.132322e+01
8.860816e+05	-1.692538e+01
8.911996e+05	-2.016804e+01
8.963471e+05	-2.226056e+01
9.015244e+05	-2.363333e+01
9.067316e+05	-2.441579e+01
9.119688e+05	-2.467898e+01
9.172363e+05	-2.443403e+01
9.225342e+05	-2.358827e+01
9.278628e+05	-2.193774e+01
9.332221e+05	-1.897462e+01
9.386123e+05	-1.315548e+01
9.440337e+05	-1.077223e+00
9.494864e+05	-1.523393e+01
9.549706e+05	-2.056535e+01
9.604865e+05	-2.348663e+01
9.660342e+05	-2.516051e+01
9.716140e+05	-2.587166e+01
9.772260e+05	-2.571192e+01
9.828704e+05	-2.455769e+01
9.885474e+05	-2.185957e+01
9.942572e+05	-1.574624e+01
1.000000e+06	-5.006560e+00
