Frequency(Hz)	Magnitude(dB)
1.000000e+01	-1.876069e-05
1.005776e+01	-1.897803e-05
1.011585e+01	-1.919790e-05
1.017428e+01	-1.942031e-05
1.023305e+01	-1.964530e-05
1.029215e+01	-1.987290e-05
1.035160e+01	-2.010313e-05
1.041139e+01	-2.033603e-05
1.047153e+01	-2.057163e-05
1.053201e+01	-2.080995e-05
1.059284e+01	-2.105104e-05
1.065403e+01	-2.129492e-05
1.071556e+01	-2.154163e-05
1.077746e+01	-2.179120e-05
1.083971e+01	-2.204365e-05
1.090232e+01	-2.229903e-05
1.096529e+01	-2.255737e-05
1.102862e+01	-2.281871e-05
1.109232e+01	-2.308307e-05
1.115639e+01	-2.335049e-05
1.122083e+01	-2.362101e-05
1.128564e+01	-2.389467e-05
1.135083e+01	-2.417149e-05
1.141639e+01	-2.445152e-05
1.148233e+01	-2.473480e-05
1.154865e+01	-2.502136e-05
1.161536e+01	-2.531124e-05
1.168245e+01	-2.560448e-05
1.174992e+01	-2.590111e-05
1.181779e+01	-2.620118e-05
1.188605e+01	-2.650473e-05
1.195470e+01	-2.681179e-05
1.202375e+01	-2.712241e-05
1.209320e+01	-2.743663e-05
1.216305e+01	-2.775449e-05
1.223330e+01	-2.807603e-05
1.230396e+01	-2.840130e-05
1.237503e+01	-2.873034e-05
1.244651e+01	-2.906319e-05
1.251840e+01	-2.939989e-05
1.259070e+01	-2.974050e-05
1.266343e+01	-3.008505e-05
1.273657e+01	-3.043359e-05
1.281014e+01	-3.078617e-05
1.288413e+01	-3.114283e-05
1.295855e+01	-3.150363e-05
1.303339e+01	-3.186861e-05
1.310867e+01	-3.223781e-05
1.318439e+01	-3.261130e-05
1.326054e+01	-3.298911e-05
1.333713e+01	-3.337129e-05
1.341417e+01	-3.375791e-05
1.349165e+01	-3.414900e-05
1.356958e+01	-3.454462e-05
1.364795e+01	-3.494483e-05
1.372678e+01	-3.534968e-05
1.380607e+01	-3.575921e-05
1.388581e+01	-3.617349e-05
1.396602e+01	-3.659257e-05
1.404668e+01	-3.701650e-05
1.412782e+01	-3.744534e-05
1.420942e+01	-3.787916e-05
1.429149e+01	-3.831800e-05
1.437404e+01	-3.876192e-05
1.445706e+01	-3.921098e-05
1.454057e+01	-3.966525e-05
1.462455e+01	-4.012478e-05
1.470902e+01	-4.058964e-05
1.479398e+01	-4.105988e-05
1.487943e+01	-4.153557e-05
1.496537e+01	-4.201677e-05
1.505181e+01	-4.250354e-05
1.513875e+01	-4.299595e-05
1.522619e+01	-4.349407e-05
1.531414e+01	-4.399796e-05
1.540259e+01	-4.450768e-05
1.549156e+01	-4.502332e-05
1.558103e+01	-4.554492e-05
1.567103e+01	-4.607257e-05
1.576155e+01	-4.660633e-05
1.585258e+01	-4.714627e-05
1.594415e+01	-4.769247e-05
1.603624e+01	-4.824500e-05
1.612886e+01	-4.880393e-05
1.622202e+01	-4.936933e-05
1.631572e+01	-4.994129e-05
1.640996e+01	-5.051987e-05
1.650474e+01	-5.110515e-05
1.660008e+01	-5.169722e-05
1.669596e+01	-5.229614e-05
1.679239e+01	-5.290200e-05
1.688938e+01	-5.351488e-05
1.698694e+01	-5.413486e-05
1.708505e+01	-5.476203e-05
1.718373e+01	-5.539646e-05
1.728299e+01	-5.603823e-05
1.738281e+01	-5.668745e-05
1.748322e+01	-5.734418e-05
1.758420e+01	-5.800853e-05
1.768576e+01	-5.868057e-05
1.778792e+01	-5.936039e-05
1.789066e+01	-6.004810e-05
1.799399e+01	-6.074377e-05
1.809793e+01	-6.144749e-05
1.820246e+01	-6.215938e-05
1.830760e+01	-6.287950e-05
1.841334e+01	-6.360798e-05
1.851969e+01	-6.434489e-05
1.862666e+01	-6.509033e-05
1.873425e+01	-6.584442e-05
1.884246e+01	-6.660724e-05
1.895129e+01	-6.737890e-05
1.906075e+01	-6.815949e-05
1.917085e+01	-6.894913e-05
1.928158e+01	-6.974792e-05
1.939295e+01	-7.055597e-05
1.950496e+01	-7.137337e-05
1.961762e+01	-7.220024e-05
1.973093e+01	-7.303670e-05
1.984490e+01	-7.388284e-05
1.995952e+01	-7.473879e-05
2.007480e+01	-7.560465e-05
2.019076e+01	-7.648054e-05
2.030738e+01	-7.736658e-05
2.042467e+01	-7.826289e-05
2.054264e+01	-7.916958e-05
2.066130e+01	-8.008677e-05
2.078064e+01	-8.101459e-05
2.090066e+01	-8.195316e-05
2.102139e+01	-8.290260e-05
2.114280e+01	-8.386304e-05
2.126492e+01	-8.483460e-05
2.138775e+01	-8.581743e-05
2.151128e+01	-8.681164e-05
2.163553e+01	-8.781736e-05
2.176050e+01	-8.883474e-05
2.188619e+01	-8.986391e-05
2.201260e+01	-9.090499e-05
2.213974e+01	-9.195814e-05
2.226762e+01	-9.302349e-05
2.239624e+01	-9.410118e-05
2.252560e+01	-9.519136e-05
2.265571e+01	-9.629417e-05
2.278656e+01	-9.740975e-05
2.291818e+01	-9.853825e-05
2.305055e+01	-9.967984e-05
2.318369e+01	-1.008346e-04
2.331760e+01	-1.020028e-04
2.345228e+01	-1.031845e-04
2.358774e+01	-1.043799e-04
2.372398e+01	-1.055892e-04
2.386101e+01	-1.068125e-04
2.399883e+01	-1.080499e-04
2.413745e+01	-1.093017e-04
2.427686e+01	-1.105680e-04
2.441709e+01	-1.118489e-04
2.455812e+01	-1.131447e-04
2.469997e+01	-1.144555e-04
2.484263e+01	-1.157815e-04
2.498612e+01	-1.171228e-04
2.513044e+01	-1.184797e-04
2.527559e+01	-1.198523e-04
2.542158e+01	-1.212408e-04
2.556842e+01	-1.226454e-04
2.571610e+01	-1.240662e-04
2.586463e+01	-1.255036e-04
2.601403e+01	-1.269575e-04
2.616428e+01	-1.284283e-04
2.631541e+01	-1.299162e-04
2.646740e+01	-1.314213e-04
2.662028e+01	-1.329438e-04
2.677404e+01	-1.344840e-04
2.692868e+01	-1.360420e-04
2.708422e+01	-1.376181e-04
2.724066e+01	-1.392124e-04
2.739800e+01	-1.408252e-04
2.755625e+01	-1.424566e-04
2.771541e+01	-1.441070e-04
2.787550e+01	-1.457765e-04
2.803650e+01	-1.474653e-04
2.819844e+01	-1.491737e-04
2.836131e+01	-1.509019e-04
2.852513e+01	-1.526501e-04
2.868989e+01	-1.544186e-04
2.885560e+01	-1.562075e-04
2.902227e+01	-1.580172e-04
2.918990e+01	-1.598479e-04
2.935850e+01	-1.616997e-04
2.952807e+01	-1.635730e-04
2.969863e+01	-1.654680e-04
2.987016e+01	-1.673850e-04
3.004269e+01	-1.693241e-04
3.021622e+01	-1.712858e-04
3.039075e+01	-1.732701e-04
3.056628e+01	-1.752775e-04
3.074283e+01	-1.773081e-04
3.092040e+01	-1.793622e-04
3.109900e+01	-1.814401e-04
3.127862e+01	-1.835421e-04
3.145929e+01	-1.856684e-04
3.164099e+01	-1.878194e-04
3.182375e+01	-1.899953e-04
3.200756e+01	-1.921964e-04
3.219244e+01	-1.944230e-04
3.237838e+01	-1.966754e-04
3.256540e+01	-1.989539e-04
3.275349e+01	-2.012588e-04
3.294268e+01	-2.035903e-04
3.313295e+01	-2.059489e-04
3.332433e+01	-2.083349e-04
3.351681e+01	-2.107484e-04
3.371040e+01	-2.131899e-04
3.390511e+01	-2.156597e-04
3.410094e+01	-2.181581e-04
3.429791e+01	-2.206855e-04
3.449601e+01	-2.232421e-04
3.469526e+01	-2.258284e-04
3.489566e+01	-2.284446e-04
3.509721e+01	-2.310911e-04
3.529993e+01	-2.337683e-04
3.550382e+01	-2.364765e-04
3.570889e+01	-2.392161e-04
3.591515e+01	-2.419874e-04
3.612259e+01	-2.447908e-04
3.633123e+01	-2.476267e-04
3.654108e+01	-2.504954e-04
3.675214e+01	-2.533974e-04
3.696442e+01	-2.563330e-04
3.717792e+01	-2.593026e-04
3.739266e+01	-2.623066e-04
3.760864e+01	-2.653454e-04
3.782587e+01	-2.684194e-04
3.804435e+01	-2.715290e-04
3.826409e+01	-2.746747e-04
3.848510e+01	-2.778568e-04
3.870739e+01	-2.810757e-04
3.893096e+01	-2.843319e-04
3.915583e+01	-2.876259e-04
3.938199e+01	-2.909580e-04
3.960946e+01	-2.943287e-04
3.983824e+01	-2.977385e-04
4.006834e+01	-3.011877e-04
4.029978e+01	-3.046770e-04
4.053255e+01	-3.082066e-04
4.076666e+01	-3.117771e-04
4.100213e+01	-3.153890e-04
4.123896e+01	-3.190428e-04
4.147715e+01	-3.227388e-04
4.171672e+01	-3.264777e-04
4.195767e+01	-3.302599e-04
4.220002e+01	-3.340859e-04
4.244377e+01	-3.379562e-04
4.268892e+01	-3.418714e-04
4.293549e+01	-3.458319e-04
4.318348e+01	-3.498383e-04
4.343291e+01	-3.538911e-04
4.368377e+01	-3.579909e-04
4.393609e+01	-3.621381e-04
4.418986e+01	-3.663334e-04
4.444510e+01	-3.705773e-04
4.470182e+01	-3.748704e-04
4.496001e+01	-3.792132e-04
4.521970e+01	-3.836063e-04
4.548089e+01	-3.880502e-04
4.574358e+01	-3.925457e-04
4.600779e+01	-3.970932e-04
4.627353e+01	-4.016935e-04
4.654081e+01	-4.063470e-04
4.680963e+01	-4.110544e-04
4.708000e+01	-4.158164e-04
4.735193e+01	-4.206335e-04
4.762543e+01	-4.255064e-04
4.790051e+01	-4.304358e-04
4.817719e+01	-4.354222e-04
4.845545e+01	-4.404665e-04
4.873533e+01	-4.455691e-04
4.901682e+01	-4.507309e-04
4.929994e+01	-4.559525e-04
4.958470e+01	-4.612345e-04
4.987110e+01	-4.665778e-04
5.015915e+01	-4.719829e-04
5.044887e+01	-4.774506e-04
5.074026e+01	-4.829817e-04
5.103333e+01	-4.885769e-04
5.132810e+01	-4.942369e-04
5.162457e+01	-4.999624e-04
5.192275e+01	-5.057543e-04
5.222265e+01	-5.116132e-04
5.252429e+01	-5.175401e-04
5.282767e+01	-5.235355e-04
5.313280e+01	-5.296005e-04
5.343969e+01	-5.357357e-04
5.374836e+01	-5.419419e-04
5.405880e+01	-5.482201e-04
5.437105e+01	-5.545710e-04
5.468509e+01	-5.609954e-04
5.500095e+01	-5.674943e-04
5.531863e+01	-5.740684e-04
5.563815e+01	-5.807187e-04
5.595951e+01	-5.874460e-04
5.628273e+01	-5.942513e-04
5.660782e+01	-6.011354e-04
5.693479e+01	-6.080992e-04
5.726364e+01	-6.151437e-04
5.759439e+01	-6.222698e-04
5.792705e+01	-6.294785e-04
5.826164e+01	-6.367706e-04
5.859815e+01	-6.441472e-04
5.893662e+01	-6.516093e-04
5.927703e+01	-6.591578e-04
5.961941e+01	-6.667937e-04
5.996377e+01	-6.745181e-04
6.031012e+01	-6.823320e-04
6.065847e+01	-6.902363e-04
6.100883e+01	-6.982323e-04
6.136121e+01	-7.063208e-04
6.171563e+01	-7.145031e-04
6.207210e+01	-7.227801e-04
6.243063e+01	-7.311530e-04
6.279122e+01	-7.396229e-04
6.315390e+01	-7.481909e-04
6.351868e+01	-7.568581e-04
6.388556e+01	-7.656258e-04
6.425456e+01	-7.744950e-04
6.462569e+01	-7.834669e-04
6.499897e+01	-7.925427e-04
6.537440e+01	-8.017237e-04
6.575200e+01	-8.110110e-04
6.613178e+01	-8.204059e-04
6.651375e+01	-8.299097e-04
6.689793e+01	-8.395235e-04
6.728433e+01	-8.492486e-04
6.767297e+01	-8.590864e-04
6.806384e+01	-8.690382e-04
6.845698e+01	-8.791052e-04
6.885238e+01	-8.892888e-04
6.925007e+01	-8.995904e-04
6.965005e+01	-9.100113e-04
7.005235e+01	-9.205529e-04
7.045697e+01	-9.312167e-04
7.086393e+01	-9.420039e-04
7.127323e+01	-9.529161e-04
7.168490e+01	-9.639546e-04
7.209895e+01	-9.751211e-04
7.251539e+01	-9.864168e-04
7.293424e+01	-9.978434e-04
7.335551e+01	-1.009402e-03
7.377920e+01	-1.021095e-03
7.420535e+01	-1.032923e-03
7.463396e+01	-1.044889e-03
7.506504e+01	-1.056993e-03
7.549861e+01	-1.069237e-03
7.593469e+01	-1.081622e-03
7.637328e+01	-1.094152e-03
7.681441e+01	-1.106826e-03
7.725809e+01	-1.119647e-03
7.770433e+01	-1.132617e-03
7.815315e+01	-1.145737e-03
7.860456e+01	-1.159009e-03
7.905857e+01	-1.172435e-03
7.951521e+01	-1.186016e-03
7.997449e+01	-1.199754e-03
8.043642e+01	-1.213652e-03
8.090102e+01	-1.227710e-03
8.136830e+01	-1.241931e-03
8.183828e+01	-1.256318e-03
8.231097e+01	-1.270870e-03
8.278640e+01	-1.285591e-03
8.326457e+01	-1.300483e-03
8.374550e+01	-1.315547e-03
8.422921e+01	-1.330786e-03
8.471572e+01	-1.346201e-03
8.520503e+01	-1.361795e-03
8.569717e+01	-1.377569e-03
8.619215e+01	-1.393526e-03
8.669000e+01	-1.409668e-03
8.719071e+01	-1.425996e-03
8.769432e+01	-1.442514e-03
8.820084e+01	-1.459223e-03
8.871029e+01	-1.476126e-03
8.922267e+01	-1.493224e-03
8.973802e+01	-1.510521e-03
9.025634e+01	-1.528017e-03
9.077766e+01	-1.545717e-03
9.130199e+01	-1.563621e-03
9.182935e+01	-1.581733e-03
9.235975e+01	-1.600054e-03
9.289321e+01	-1.618588e-03
9.342976e+01	-1.637336e-03
9.396941e+01	-1.656301e-03
9.451217e+01	-1.675486e-03
9.505807e+01	-1.694893e-03
9.560712e+01	-1.714525e-03
9.615934e+01	-1.734385e-03
9.671476e+01	-1.754474e-03
9.727338e+01	-1.774796e-03
9.783522e+01	-1.795353e-03
9.840032e+01	-1.816148e-03
9.896867e+01	-1.837184e-03
9.954031e+01	-1.858464e-03
1.001153e+02	-1.879990e-03
1.006935e+02	-1.901766e-03
1.012751e+02	-1.923793e-03
1.018601e+02	-1.946076e-03
1.024484e+02	-1.968617e-03
1.030402e+02	-1.991418e-03
1.036353e+02	-2.014484e-03
1.042339e+02	-2.037817e-03
1.048360e+02	-2.061420e-03
1.054415e+02	-2.085296e-03
1.060505e+02	-2.109449e-03
1.066631e+02	-2.133882e-03
1.072791e+02	-2.158597e-03
1.078988e+02	-2.183599e-03
1.085220e+02	-2.208890e-03
1.091488e+02	-2.234474e-03
1.097793e+02	-2.260354e-03
1.104133e+02	-2.286534e-03
1.110511e+02	-2.313017e-03
1.116925e+02	-2.339807e-03
1.123376e+02	-2.366907e-03
1.129865e+02	-2.394320e-03
1.136391e+02	-2.422051e-03
1.142955e+02	-2.450104e-03
1.149556e+02	-2.478481e-03
1.156196e+02	-2.507186e-03
1.162874e+02	-2.536224e-03
1.169591e+02	-2.565598e-03
1.176347e+02	-2.595312e-03
1.183141e+02	-2.625371e-03
1.189975e+02	-2.655777e-03
1.196848e+02	-2.686535e-03
1.203761e+02	-2.717650e-03
1.210714e+02	-2.749125e-03
1.217707e+02	-2.780964e-03
1.224740e+02	-2.813171e-03
1.231814e+02	-2.845752e-03
1.238929e+02	-2.878710e-03
1.246085e+02	-2.912049e-03
1.253283e+02	-2.945775e-03
1.260522e+02	-2.979891e-03
1.267802e+02	-3.014401e-03
1.275125e+02	-3.049312e-03
1.282490e+02	-3.084626e-03
1.289898e+02	-3.120350e-03
1.297348e+02	-3.156487e-03
1.304842e+02	-3.193042e-03
1.312378e+02	-3.230020e-03
1.319959e+02	-3.267427e-03
1.327583e+02	-3.305266e-03
1.335251e+02	-3.343544e-03
1.342963e+02	-3.382265e-03
1.350720e+02	-3.421434e-03
1.358522e+02	-3.461056e-03
1.366368e+02	-3.501137e-03
1.374260e+02	-3.541682e-03
1.382198e+02	-3.582697e-03
1.390182e+02	-3.624186e-03
1.398211e+02	-3.666155e-03
1.406287e+02	-3.708610e-03
1.414410e+02	-3.751557e-03
1.422579e+02	-3.795001e-03
1.430796e+02	-3.838947e-03
1.439060e+02	-3.883403e-03
1.447372e+02	-3.928372e-03
1.455732e+02	-3.973863e-03
1.464141e+02	-4.019880e-03
1.472597e+02	-4.066429e-03
1.481103e+02	-4.113517e-03
1.489658e+02	-4.161151e-03
1.498262e+02	-4.209335e-03
1.506916e+02	-4.258078e-03
1.515620e+02	-4.307384e-03
1.524374e+02	-4.357261e-03
1.533179e+02	-4.407715e-03
1.542034e+02	-4.458754e-03
1.550941e+02	-4.510383e-03
1.559899e+02	-4.562609e-03
1.568909e+02	-4.615440e-03
1.577971e+02	-4.668882e-03
1.587085e+02	-4.722943e-03
1.596252e+02	-4.777629e-03
1.605472e+02	-4.832949e-03
1.614745e+02	-4.888908e-03
1.624072e+02	-4.945515e-03
1.633453e+02	-5.002777e-03
1.642887e+02	-5.060702e-03
1.652377e+02	-5.119296e-03
1.661921e+02	-5.178569e-03
1.671520e+02	-5.238528e-03
1.681175e+02	-5.299181e-03
1.690885e+02	-5.360535e-03
1.700651e+02	-5.422599e-03
1.710474e+02	-5.485382e-03
1.720354e+02	-5.548891e-03
1.730291e+02	-5.613135e-03
1.740285e+02	-5.678121e-03
1.750337e+02	-5.743860e-03
1.760446e+02	-5.810360e-03
1.770615e+02	-5.877629e-03
1.780842e+02	-5.945676e-03
1.791128e+02	-6.014510e-03
1.801473e+02	-6.084141e-03
1.811878e+02	-6.154577e-03
1.822344e+02	-6.225828e-03
1.832870e+02	-6.297904e-03
1.843456e+02	-6.370813e-03
1.854104e+02	-6.444565e-03
1.864813e+02	-6.519171e-03
1.875584e+02	-6.594640e-03
1.886418e+02	-6.670982e-03
1.897313e+02	-6.748207e-03
1.908272e+02	-6.826325e-03
1.919294e+02	-6.905346e-03
1.930380e+02	-6.985282e-03
1.941530e+02	-7.066142e-03
1.952744e+02	-7.147938e-03
1.964023e+02	-7.230679e-03
1.975367e+02	-7.314378e-03
1.986777e+02	-7.399045e-03
1.998252e+02	-7.484690e-03
2.009794e+02	-7.571327e-03
2.021403e+02	-7.658965e-03
2.033078e+02	-7.747616e-03
2.044821e+02	-7.837293e-03
2.056632e+02	-7.928007e-03
2.068511e+02	-8.019770e-03
2.080459e+02	-8.112594e-03
2.092475e+02	-8.206492e-03
2.104561e+02	-8.301475e-03
2.116717e+02	-8.397556e-03
2.128943e+02	-8.494749e-03
2.141240e+02	-8.593065e-03
2.153608e+02	-8.692518e-03
2.166047e+02	-8.793121e-03
2.178558e+02	-8.894887e-03
2.191141e+02	-8.997829e-03
2.203797e+02	-9.101962e-03
2.216526e+02	-9.207298e-03
2.229329e+02	-9.313852e-03
2.242205e+02	-9.421638e-03
2.255156e+02	-9.530670e-03
2.268182e+02	-9.640962e-03
2.281283e+02	-9.752530e-03
2.294459e+02	-9.865386e-03
2.307712e+02	-9.979548e-03
2.321041e+02	-1.009503e-02
2.334447e+02	-1.021184e-02
2.347931e+02	-1.033001e-02
2.361493e+02	-1.044954e-02
2.375133e+02	-1.057045e-02
2.388851e+02	-1.069276e-02
2.402649e+02	-1.081649e-02
2.416527e+02	-1.094164e-02
2.430484e+02	-1.106824e-02
2.444523e+02	-1.119630e-02
2.458642e+02	-1.132585e-02
2.472843e+02	-1.145688e-02
2.487126e+02	-1.158944e-02
2.501492e+02	-1.172352e-02
2.515940e+02	-1.185916e-02
2.530472e+02	-1.199636e-02
2.545088e+02	-1.213514e-02
2.559789e+02	-1.227553e-02
2.574574e+02	-1.241754e-02
2.589444e+02	-1.256120e-02
2.604401e+02	-1.270651e-02
2.619444e+02	-1.285350e-02
2.634574e+02	-1.300218e-02
2.649791e+02	-1.315259e-02
2.665096e+02	-1.330473e-02
2.680489e+02	-1.345863e-02
2.695972e+02	-1.361431e-02
2.711544e+02	-1.377178e-02
2.727205e+02	-1.393107e-02
2.742958e+02	-1.409221e-02
2.758801e+02	-1.425520e-02
2.774736e+02	-1.442007e-02
2.790762e+02	-1.458685e-02
2.806882e+02	-1.475556e-02
2.823094e+02	-1.492621e-02
2.839400e+02	-1.509883e-02
2.855800e+02	-1.527345e-02
2.872295e+02	-1.545008e-02
2.888886e+02	-1.562875e-02
2.905572e+02	-1.580948e-02
2.922354e+02	-1.599230e-02
2.939234e+02	-1.617723e-02
2.956211e+02	-1.636429e-02
2.973286e+02	-1.655351e-02
2.990459e+02	-1.674492e-02
3.007732e+02	-1.693853e-02
3.025104e+02	-1.713438e-02
3.042577e+02	-1.733249e-02
3.060151e+02	-1.753288e-02
3.077826e+02	-1.773559e-02
3.095604e+02	-1.794064e-02
3.113484e+02	-1.814805e-02
3.131467e+02	-1.835785e-02
3.149554e+02	-1.857008e-02
3.167746e+02	-1.878475e-02
3.186043e+02	-1.900190e-02
3.204445e+02	-1.922155e-02
3.222954e+02	-1.944374e-02
3.241570e+02	-1.966848e-02
3.260293e+02	-1.989583e-02
3.279124e+02	-2.012579e-02
3.298064e+02	-2.035840e-02
3.317114e+02	-2.059370e-02
3.336273e+02	-2.083171e-02
3.355544e+02	-2.107246e-02
3.374925e+02	-2.131599e-02
3.394418e+02	-2.156232e-02
3.414024e+02	-2.181150e-02
3.433744e+02	-2.206355e-02
3.453577e+02	-2.231850e-02
3.473525e+02	-2.257639e-02
3.493588e+02	-2.283726e-02
3.513766e+02	-2.310113e-02
3.534062e+02	-2.336804e-02
3.554474e+02	-2.363802e-02
3.575005e+02	-2.391112e-02
3.595654e+02	-2.418736e-02
3.616422e+02	-2.446678e-02
3.637311e+02	-2.474943e-02
3.658320e+02	-2.503533e-02
3.679450e+02	-2.532452e-02
3.700702e+02	-2.561704e-02
3.722077e+02	-2.591294e-02
3.743576e+02	-2.621223e-02
3.765199e+02	-2.651498e-02
3.786946e+02	-2.682121e-02
3.808820e+02	-2.713097e-02
3.830819e+02	-2.744429e-02
3.852946e+02	-2.776122e-02
3.875200e+02	-2.808180e-02
3.897583e+02	-2.840607e-02
3.920096e+02	-2.873407e-02
3.942738e+02	-2.906584e-02
3.965511e+02	-2.940143e-02
3.988416e+02	-2.974089e-02
4.011452e+02	-3.008425e-02
4.034622e+02	-3.043155e-02
4.057926e+02	-3.078286e-02
4.081365e+02	-3.113820e-02
4.104938e+02	-3.149764e-02
4.128648e+02	-3.186120e-02
4.152495e+02	-3.222895e-02
4.176480e+02	-3.260092e-02
4.200603e+02	-3.297718e-02
4.224866e+02	-3.335775e-02
4.249268e+02	-3.374271e-02
4.273812e+02	-3.413208e-02
4.298497e+02	-3.452594e-02
4.323325e+02	-3.492432e-02
4.348297e+02	-3.532727e-02
4.373412e+02	-3.573486e-02
4.398673e+02	-3.614713e-02
4.424079e+02	-3.656414e-02
4.449633e+02	-3.698594e-02
4.475334e+02	-3.741258e-02
4.501183e+02	-3.784412e-02
4.527182e+02	-3.828061e-02
4.553330e+02	-3.872212e-02
4.579630e+02	-3.916870e-02
4.606082e+02	-3.962041e-02
4.632687e+02	-4.007730e-02
4.659445e+02	-4.053943e-02
4.686358e+02	-4.100687e-02
4.713426e+02	-4.147967e-02
4.740650e+02	-4.195789e-02
4.768032e+02	-4.244161e-02
4.795572e+02	-4.293087e-02
4.823271e+02	-4.342574e-02
4.851130e+02	-4.392629e-02
4.879150e+02	-4.443258e-02
4.907332e+02	-4.494467e-02
4.935676e+02	-4.546264e-02
4.964185e+02	-4.598654e-02
4.992858e+02	-4.651645e-02
5.021696e+02	-4.705243e-02
5.050701e+02	-4.759455e-02
5.079874e+02	-4.814288e-02
5.109215e+02	-4.869750e-02
5.138726e+02	-4.925847e-02
5.168407e+02	-4.982586e-02
5.198259e+02	-5.039975e-02
5.228284e+02	-5.098021e-02
5.258482e+02	-5.156732e-02
5.288855e+02	-5.216115e-02
5.319403e+02	-5.276177e-02
5.350128e+02	-5.336927e-02
5.381030e+02	-5.398372e-02
5.412111e+02	-5.460520e-02
5.443371e+02	-5.523378e-02
5.474812e+02	-5.586956e-02
5.506434e+02	-5.651261e-02
5.538239e+02	-5.716301e-02
5.570228e+02	-5.782084e-02
5.602401e+02	-5.848620e-02
5.634760e+02	-5.915915e-02
5.667306e+02	-5.983980e-02
5.700040e+02	-6.052823e-02
5.732964e+02	-6.122451e-02
5.766077e+02	-6.192875e-02
5.799382e+02	-6.264104e-02
5.832879e+02	-6.336145e-02
5.866569e+02	-6.409009e-02
5.900454e+02	-6.482705e-02
5.934535e+02	-6.557241e-02
5.968813e+02	-6.632628e-02
6.003288e+02	-6.708875e-02
6.037963e+02	-6.785992e-02
6.072838e+02	-6.863988e-02
6.107914e+02	-6.942873e-02
6.143194e+02	-7.022657e-02
6.178676e+02	-7.103351e-02
6.214364e+02	-7.184965e-02
6.250258e+02	-7.267508e-02
6.286359e+02	-7.350991e-02
6.322669e+02	-7.435425e-02
6.359189e+02	-7.520821e-02
6.395919e+02	-7.607189e-02
6.432862e+02	-7.694539e-02
6.470017e+02	-7.782884e-02
6.507388e+02	-7.872234e-02
6.544974e+02	-7.962600e-02
6.582778e+02	-8.053994e-02
6.620800e+02	-8.146427e-02
6.659041e+02	-8.239911e-02
6.697504e+02	-8.334457e-02
6.736188e+02	-8.430077e-02
6.775096e+02	-8.526784e-02
6.814229e+02	-8.624589e-02
6.853587e+02	-8.723505e-02
6.893173e+02	-8.823543e-02
6.932988e+02	-8.924717e-02
6.973033e+02	-9.027039e-02
7.013309e+02	-9.130522e-02
7.053817e+02	-9.235178e-02
7.094560e+02	-9.341021e-02
7.135538e+02	-9.448064e-02
7.176752e+02	-9.556320e-02
7.218205e+02	-9.665802e-02
7.259897e+02	-9.776525e-02
7.301830e+02	-9.888501e-02
7.344005e+02	-1.000175e-01
7.386424e+02	-1.011627e-01
7.429087e+02	-1.023209e-01
7.471998e+02	-1.034923e-01
7.515155e+02	-1.046768e-01
7.558563e+02	-1.058748e-01
7.602221e+02	-1.070863e-01
7.646131e+02	-1.083115e-01
7.690295e+02	-1.095505e-01
7.734713e+02	-1.108035e-01
7.779389e+02	-1.120707e-01
7.824322e+02	-1.133522e-01
7.869515e+02	-1.146481e-01
7.914969e+02	-1.159587e-01
7.960686e+02	-1.172840e-01
8.006666e+02	-1.186243e-01
8.052912e+02	-1.199796e-01
8.099426e+02	-1.213503e-01
8.146208e+02	-1.227364e-01
8.193260e+02	-1.241381e-01
8.240584e+02	-1.255555e-01
8.288181e+02	-1.269889e-01
8.336053e+02	-1.284385e-01
8.384202e+02	-1.299043e-01
8.432629e+02	-1.313866e-01
8.481335e+02	-1.328856e-01
8.530323e+02	-1.344014e-01
8.579594e+02	-1.359342e-01
8.629149e+02	-1.374842e-01
8.678991e+02	-1.390516e-01
8.729120e+02	-1.406366e-01
8.779539e+02	-1.422394e-01
8.830250e+02	-1.438601e-01
8.881253e+02	-1.454990e-01
8.932551e+02	-1.471562e-01
8.984145e+02	-1.488320e-01
9.036037e+02	-1.505266e-01
9.088229e+02	-1.522401e-01
9.140722e+02	-1.539727e-01
9.193518e+02	-1.557248e-01
9.246620e+02	-1.574964e-01
9.300028e+02	-1.592878e-01
9.353744e+02	-1.610992e-01
9.407771e+02	-1.629307e-01
9.462110e+02	-1.647828e-01
9.516763e+02	-1.666554e-01
9.571731e+02	-1.685490e-01
9.627017e+02	-1.704636e-01
9.682622e+02	-1.723996e-01
9.738549e+02	-1.743571e-01
9.794798e+02	-1.763364e-01
9.851373e+02	-1.783376e-01
9.908274e+02	-1.803612e-01
9.965504e+02	-1.824072e-01
1.002306e+03	-1.844759e-01
1.008096e+03	-1.865676e-01
1.013918e+03	-1.886825e-01
1.019775e+03	-1.908208e-01
1.025665e+03	-1.929828e-01
1.031589e+03	-1.951688e-01
1.037548e+03	-1.973790e-01
1.043540e+03	-1.996136e-01
1.049568e+03	-2.018729e-01
1.055630e+03	-2.041572e-01
1.061727e+03	-2.064668e-01
1.067860e+03	-2.088018e-01
1.074028e+03	-2.111626e-01
1.080231e+03	-2.135495e-01
1.086471e+03	-2.159627e-01
1.092746e+03	-2.184024e-01
1.099058e+03	-2.208690e-01
1.105406e+03	-2.233628e-01
1.111791e+03	-2.258840e-01
1.118212e+03	-2.284328e-01
1.124671e+03	-2.310097e-01
1.131167e+03	-2.336149e-01
1.137701e+03	-2.362487e-01
1.144272e+03	-2.389113e-01
1.150881e+03	-2.416031e-01
1.157529e+03	-2.443244e-01
1.164215e+03	-2.470755e-01
1.170939e+03	-2.498567e-01
1.177702e+03	-2.526683e-01
1.184505e+03	-2.555105e-01
1.191346e+03	-2.583838e-01
1.198227e+03	-2.612885e-01
1.205148e+03	-2.642248e-01
1.212109e+03	-2.671931e-01
1.219110e+03	-2.701937e-01
1.226152e+03	-2.732270e-01
1.233234e+03	-2.762932e-01
1.240357e+03	-2.793927e-01
1.247521e+03	-2.825259e-01
1.254727e+03	-2.856931e-01
1.261974e+03	-2.888946e-01
1.269263e+03	-2.921308e-01
1.276595e+03	-2.954020e-01
1.283968e+03	-2.987085e-01
1.291384e+03	-3.020508e-01
1.298843e+03	-3.054292e-01
1.306345e+03	-3.088441e-01
1.313891e+03	-3.122958e-01
1.321480e+03	-3.157846e-01
1.329113e+03	-3.193110e-01
1.336790e+03	-3.228753e-01
1.344511e+03	-3.264780e-01
1.352277e+03	-3.301193e-01
1.360087e+03	-3.337996e-01
1.367943e+03	-3.375195e-01
1.375844e+03	-3.412791e-01
1.383791e+03	-3.450790e-01
1.391784e+03	-3.489195e-01
1.399823e+03	-3.528010e-01
1.407908e+03	-3.567240e-01
1.416040e+03	-3.606887e-01
1.424219e+03	-3.646957e-01
1.432445e+03	-3.687454e-01
1.440719e+03	-3.728380e-01
1.449041e+03	-3.769742e-01
1.457410e+03	-3.811543e-01
1.465828e+03	-3.853786e-01
1.474295e+03	-3.896477e-01
1.482810e+03	-3.939620e-01
1.491375e+03	-3.983218e-01
1.499989e+03	-4.027277e-01
1.508653e+03	-4.071801e-01
1.517367e+03	-4.116794e-01
1.526131e+03	-4.162260e-01
1.534946e+03	-4.208205e-01
1.543812e+03	-4.254632e-01
1.552729e+03	-4.301546e-01
1.561697e+03	-4.348952e-01
1.570717e+03	-4.396854e-01
1.579790e+03	-4.445257e-01
1.588915e+03	-4.494165e-01
1.598092e+03	-4.543584e-01
1.607323e+03	-4.593518e-01
1.616606e+03	-4.643971e-01
1.625944e+03	-4.694950e-01
1.635335e+03	-4.746457e-01
1.644781e+03	-4.798499e-01
1.654281e+03	-4.851080e-01
1.663836e+03	-4.904205e-01
1.673446e+03	-4.957879e-01
1.683112e+03	-5.012107e-01
1.692834e+03	-5.066894e-01
1.702611e+03	-5.122245e-01
1.712446e+03	-5.178166e-01
1.722337e+03	-5.234660e-01
1.732285e+03	-5.291734e-01
1.742290e+03	-5.349392e-01
1.752354e+03	-5.407640e-01
1.762475e+03	-5.466483e-01
1.772655e+03	-5.525926e-01
1.782894e+03	-5.585974e-01
1.793192e+03	-5.646633e-01
1.803549e+03	-5.707909e-01
1.813967e+03	-5.769805e-01
1.824444e+03	-5.832329e-01
1.834982e+03	-5.895485e-01
1.845581e+03	-5.959279e-01
1.856241e+03	-6.023716e-01
1.866962e+03	-6.088801e-01
1.877746e+03	-6.154541e-01
1.888592e+03	-6.220941e-01
1.899500e+03	-6.288007e-01
1.910472e+03	-6.355743e-01
1.921506e+03	-6.424156e-01
1.932605e+03	-6.493251e-01
1.943768e+03	-6.563035e-01
1.954995e+03	-6.633512e-01
1.966287e+03	-6.704689e-01
1.977644e+03	-6.776571e-01
1.989067e+03	-6.849164e-01
2.000555e+03	-6.922475e-01
2.012110e+03	-6.996508e-01
2.023732e+03	-7.071269e-01
2.035421e+03	-7.146765e-01
2.047178e+03	-7.223002e-01
2.059002e+03	-7.299985e-01
2.070895e+03	-7.377720e-01
2.082856e+03	-7.456213e-01
2.094887e+03	-7.535471e-01
2.106987e+03	-7.615499e-01
2.119157e+03	-7.696304e-01
2.131397e+03	-7.777891e-01
2.143708e+03	-7.860266e-01
2.156090e+03	-7.943436e-01
2.168543e+03	-8.027407e-01
2.181069e+03	-8.112184e-01
2.193666e+03	-8.197775e-01
2.206337e+03	-8.284184e-01
2.219081e+03	-8.371419e-01
2.231898e+03	-8.459485e-01
2.244789e+03	-8.548389e-01
2.257755e+03	-8.638137e-01
2.270796e+03	-8.728735e-01
2.283912e+03	-8.820189e-01
2.297104e+03	-8.912506e-01
2.310372e+03	-9.005692e-01
2.323716e+03	-9.099753e-01
2.337138e+03	-9.194695e-01
2.350637e+03	-9.290525e-01
2.364214e+03	-9.387249e-01
2.377870e+03	-9.484874e-01
2.391604e+03	-9.583405e-01
2.405418e+03	-9.682849e-01
2.419312e+03	-9.783212e-01
2.433286e+03	-9.884501e-01
2.447340e+03	-9.986722e-01
2.461476e+03	-1.008988e+00
2.475693e+03	-1.019398e+00
2.489993e+03	-1.029904e+00
2.504375e+03	-1.040505e+00
2.518840e+03	-1.051203e+00
2.533389e+03	-1.061997e+00
2.548022e+03	-1.072889e+00
2.562739e+03	-1.083880e+00
2.577541e+03	-1.094969e+00
2.592429e+03	-1.106158e+00
2.607403e+03	-1.117447e+00
2.622463e+03	-1.128837e+00
2.637610e+03	-1.140328e+00
2.652845e+03	-1.151921e+00
2.668168e+03	-1.163617e+00
2.683579e+03	-1.175416e+00
2.699079e+03	-1.187319e+00
2.714669e+03	-1.199327e+00
2.730349e+03	-1.211440e+00
2.746119e+03	-1.223658e+00
2.761981e+03	-1.235983e+00
2.777934e+03	-1.248415e+00
2.793979e+03	-1.260955e+00
2.810117e+03	-1.273603e+00
2.826348e+03	-1.286360e+00
2.842673e+03	-1.299226e+00
2.859092e+03	-1.312203e+00
2.875606e+03	-1.325290e+00
2.892215e+03	-1.338488e+00
2.908921e+03	-1.351799e+00
2.925722e+03	-1.365221e+00
2.942621e+03	-1.378757e+00
2.959618e+03	-1.392407e+00
2.976712e+03	-1.406171e+00
2.993906e+03	-1.420050e+00
3.011198e+03	-1.434044e+00
3.028591e+03	-1.448154e+00
3.046084e+03	-1.462381e+00
3.063678e+03	-1.476725e+00
3.081374e+03	-1.491187e+00
3.099172e+03	-1.505767e+00
3.117072e+03	-1.520466e+00
3.135076e+03	-1.535284e+00
3.153184e+03	-1.550222e+00
3.171397e+03	-1.565281e+00
3.189715e+03	-1.580461e+00
3.208139e+03	-1.595763e+00
3.226669e+03	-1.611186e+00
3.245306e+03	-1.626733e+00
3.264051e+03	-1.642403e+00
3.282904e+03	-1.658196e+00
3.301866e+03	-1.674114e+00
3.320937e+03	-1.690156e+00
3.340119e+03	-1.706324e+00
3.359411e+03	-1.722617e+00
3.378815e+03	-1.739037e+00
3.398331e+03	-1.755583e+00
3.417959e+03	-1.772257e+00
3.437701e+03	-1.789058e+00
3.457557e+03	-1.805988e+00
3.477528e+03	-1.823046e+00
3.497614e+03	-1.840234e+00
3.517816e+03	-1.857551e+00
3.538135e+03	-1.874998e+00
3.558571e+03	-1.892575e+00
3.579125e+03	-1.910284e+00
3.599798e+03	-1.928124e+00
3.620590e+03	-1.946095e+00
3.641503e+03	-1.964199e+00
3.662536e+03	-1.982435e+00
3.683691e+03	-2.000804e+00
3.704967e+03	-2.019307e+00
3.726367e+03	-2.037943e+00
3.747890e+03	-2.056714e+00
3.769538e+03	-2.075619e+00
3.791311e+03	-2.094659e+00
3.813209e+03	-2.113834e+00
3.835234e+03	-2.133144e+00
3.857386e+03	-2.152591e+00
3.879667e+03	-2.172174e+00
3.902075e+03	-2.191893e+00
3.924614e+03	-2.211750e+00
3.947282e+03	-2.231743e+00
3.970081e+03	-2.251875e+00
3.993012e+03	-2.272143e+00
4.016076e+03	-2.292550e+00
4.039272e+03	-2.313096e+00
4.062603e+03	-2.333780e+00
4.086069e+03	-2.354603e+00
4.109670e+03	-2.375565e+00
4.133407e+03	-2.396666e+00
4.157281e+03	-2.417907e+00
4.181294e+03	-2.439288e+00
4.205445e+03	-2.460809e+00
4.229735e+03	-2.482470e+00
4.254166e+03	-2.504272e+00
4.278738e+03	-2.526214e+00
4.303451e+03	-2.548297e+00
4.328308e+03	-2.570521e+00
4.353308e+03	-2.592886e+00
4.378453e+03	-2.615393e+00
4.403742e+03	-2.638041e+00
4.429178e+03	-2.660830e+00
4.454761e+03	-2.683761e+00
4.480492e+03	-2.706834e+00
4.506371e+03	-2.730049e+00
4.532399e+03	-2.753406e+00
4.558578e+03	-2.776905e+00
4.584908e+03	-2.800546e+00
4.611391e+03	-2.824330e+00
4.638026e+03	-2.848255e+00
4.664815e+03	-2.872323e+00
4.691759e+03	-2.896534e+00
4.718858e+03	-2.920886e+00
4.746114e+03	-2.945382e+00
4.773527e+03	-2.970019e+00
4.801099e+03	-2.994799e+00
4.828830e+03	-3.019722e+00
4.856721e+03	-3.044786e+00
4.884773e+03	-3.069993e+00
4.912988e+03	-3.095343e+00
4.941365e+03	-3.120834e+00
4.969906e+03	-3.146468e+00
4.998612e+03	-3.172244e+00
5.027484e+03	-3.198162e+00
5.056522e+03	-3.224222e+00
5.085729e+03	-3.250424e+00
5.115104e+03	-3.276767e+00
5.144648e+03	-3.303252e+00
5.174363e+03	-3.329879e+00
5.204250e+03	-3.356647e+00
5.234310e+03	-3.383556e+00
5.264543e+03	-3.410606e+00
5.294951e+03	-3.437797e+00
5.325534e+03	-3.465128e+00
5.356294e+03	-3.492600e+00
5.387232e+03	-3.520213e+00
5.418348e+03	-3.547965e+00
5.449645e+03	-3.575858e+00
5.481122e+03	-3.603890e+00
5.512780e+03	-3.632061e+00
5.544622e+03	-3.660372e+00
5.576647e+03	-3.688821e+00
5.608858e+03	-3.717410e+00
5.641254e+03	-3.746136e+00
5.673838e+03	-3.775001e+00
5.706610e+03	-3.804003e+00
5.739571e+03	-3.833143e+00
5.772723e+03	-3.862421e+00
5.806066e+03	-3.891835e+00
5.839601e+03	-3.921386e+00
5.873331e+03	-3.951073e+00
5.907255e+03	-3.980896e+00
5.941375e+03	-4.010854e+00
5.975692e+03	-4.040948e+00
6.010207e+03	-4.071176e+00
6.044922e+03	-4.101539e+00
6.079837e+03	-4.132036e+00
6.114954e+03	-4.162667e+00
6.150274e+03	-4.193431e+00
6.185797e+03	-4.224328e+00
6.221526e+03	-4.255357e+00
6.257462e+03	-4.286519e+00
6.293605e+03	-4.317812e+00
6.329956e+03	-4.349236e+00
6.366518e+03	-4.380791e+00
6.403290e+03	-4.412477e+00
6.440276e+03	-4.444292e+00
6.477474e+03	-4.476236e+00
6.514888e+03	-4.508310e+00
6.552518e+03	-4.540511e+00
6.590365e+03	-4.572841e+00
6.628430e+03	-4.605298e+00
6.666716e+03	-4.637883e+00
6.705223e+03	-4.670593e+00
6.743952e+03	-4.703430e+00
6.782905e+03	-4.736391e+00
6.822082e+03	-4.769478e+00
6.861486e+03	-4.802689e+00
6.901118e+03	-4.836024e+00
6.940979e+03	-4.869482e+00
6.981069e+03	-4.903063e+00
7.021392e+03	-4.936766e+00
7.061947e+03	-4.970591e+00
7.102737e+03	-5.004537e+00
7.143762e+03	-5.038603e+00
7.185024e+03	-5.072789e+00
7.226524e+03	-5.107094e+00
7.268264e+03	-5.141518e+00
7.310246e+03	-5.176061e+00
7.352469e+03	-5.210720e+00
7.394937e+03	-5.245497e+00
7.437650e+03	-5.280390e+00
7.480609e+03	-5.315399e+00
7.523817e+03	-5.350522e+00
7.567274e+03	-5.385761e+00
7.610982e+03	-5.421113e+00
7.654943e+03	-5.456578e+00
7.699158e+03	-5.492156e+00
7.743628e+03	-5.527846e+00
7.788355e+03	-5.563647e+00
7.833340e+03	-5.599559e+00
7.878585e+03	-5.635581e+00
7.924091e+03	-5.671712e+00
7.969861e+03	-5.707952e+00
8.015894e+03	-5.744300e+00
8.062194e+03	-5.780755e+00
8.108761e+03	-5.817318e+00
8.155596e+03	-5.853986e+00
8.202703e+03	-5.890759e+00
8.250081e+03	-5.927638e+00
8.297733e+03	-5.964620e+00
8.345661e+03	-6.001706e+00
8.393865e+03	-6.038895e+00
8.442348e+03	-6.076185e+00
8.491110e+03	-6.113577e+00
8.540155e+03	-6.151070e+00
8.589482e+03	-6.188662e+00
8.639095e+03	-6.226354e+00
8.688994e+03	-6.264144e+00
8.739181e+03	-6.302032e+00
8.789658e+03	-6.340018e+00
8.840427e+03	-6.378099e+00
8.891489e+03	-6.416277e+00
8.942846e+03	-6.454550e+00
8.994499e+03	-6.492917e+00
9.046451e+03	-6.531378e+00
9.098703e+03	-6.569931e+00
9.151257e+03	-6.608577e+00
9.204114e+03	-6.647315e+00
9.257277e+03	-6.686143e+00
9.310746e+03	-6.725062e+00
9.364525e+03	-6.764070e+00
9.418614e+03	-6.803166e+00
9.473015e+03	-6.842351e+00
9.527731e+03	-6.881623e+00
9.582763e+03	-6.920981e+00
9.638113e+03	-6.960426e+00
9.693782e+03	-6.999955e+00
9.749773e+03	-7.039569e+00
9.806087e+03	-7.079267e+00
9.862727e+03	-7.119047e+00
9.919693e+03	-7.158910e+00
9.976989e+03	-7.198855e+00
1.003462e+04	-7.238880e+00
1.009258e+04	-7.278986e+00
1.015087e+04	-7.319170e+00
1.020950e+04	-7.359434e+00
1.026847e+04	-7.399776e+00
1.032778e+04	-7.440194e+00
1.038743e+04	-7.480690e+00
1.044743e+04	-7.521261e+00
1.050777e+04	-7.561908e+00
1.056847e+04	-7.602628e+00
1.062951e+04	-7.643423e+00
1.069091e+04	-7.684290e+00
1.075266e+04	-7.725230e+00
1.081476e+04	-7.766241e+00
1.087723e+04	-7.807324e+00
1.094006e+04	-7.848476e+00
1.100324e+04	-7.889698e+00
1.106680e+04	-7.930988e+00
1.113072e+04	-7.972347e+00
1.119501e+04	-8.013773e+00
1.125967e+04	-8.055265e+00
1.132471e+04	-8.096823e+00
1.139012e+04	-8.138447e+00
1.145591e+04	-8.180135e+00
1.152208e+04	-8.221887e+00
1.158863e+04	-8.263702e+00
1.165556e+04	-8.305579e+00
1.172289e+04	-8.347518e+00
1.179060e+04	-8.389518e+00
1.185870e+04	-8.431578e+00
1.192719e+04	-8.473698e+00
1.199608e+04	-8.515877e+00
1.206537e+04	-8.558114e+00
1.213506e+04	-8.600408e+00
1.220515e+04	-8.642760e+00
1.227565e+04	-8.685167e+00
1.234655e+04	-8.727630e+00
1.241787e+04	-8.770148e+00
1.248959e+04	-8.812719e+00
1.256173e+04	-8.855345e+00
1.263429e+04	-8.898022e+00
1.270726e+04	-8.940752e+00
1.278066e+04	-8.983533e+00
1.285448e+04	-9.026365e+00
1.292873e+04	-9.069247e+00
1.300340e+04	-9.112178e+00
1.307851e+04	-9.155158e+00
1.315405e+04	-9.198186e+00
1.323003e+04	-9.241261e+00
1.330644e+04	-9.284382e+00
1.338330e+04	-9.327550e+00
1.346060e+04	-9.370762e+00
1.353835e+04	-9.414020e+00
1.361655e+04	-9.457321e+00
1.369520e+04	-9.500666e+00
1.377430e+04	-9.544053e+00
1.385386e+04	-9.587482e+00
1.393388e+04	-9.630952e+00
1.401436e+04	-9.674463e+00
1.409531e+04	-9.718014e+00
1.417672e+04	-9.761604e+00
1.425861e+04	-9.805233e+00
1.434096e+04	-9.848900e+00
1.442379e+04	-9.892604e+00
1.450711e+04	-9.936345e+00
1.459090e+04	-9.980122e+00
1.467518e+04	-1.002393e+01
1.475994e+04	-1.006778e+01
1.484519e+04	-1.011166e+01
1.493094e+04	-1.015558e+01
1.501718e+04	-1.019952e+01
1.510392e+04	-1.024350e+01
1.519116e+04	-1.028751e+01
1.527890e+04	-1.033155e+01
1.536715e+04	-1.037563e+01
1.545591e+04	-1.041973e+01
1.554518e+04	-1.046386e+01
1.563497e+04	-1.050802e+01
1.572528e+04	-1.055220e+01
1.581611e+04	-1.059641e+01
1.590746e+04	-1.064065e+01
1.599934e+04	-1.068492e+01
1.609175e+04	-1.072921e+01
1.618470e+04	-1.077352e+01
1.627818e+04	-1.081786e+01
1.637220e+04	-1.086222e+01
1.646677e+04	-1.090661e+01
1.656188e+04	-1.095101e+01
1.665754e+04	-1.099544e+01
1.675375e+04	-1.103989e+01
1.685052e+04	-1.108436e+01
1.694785e+04	-1.112884e+01
1.704574e+04	-1.117335e+01
1.714419e+04	-1.121787e+01
1.724322e+04	-1.126241e+01
1.734281e+04	-1.130697e+01
1.744299e+04	-1.135154e+01
1.754374e+04	-1.139613e+01
1.764507e+04	-1.144074e+01
1.774698e+04	-1.148536e+01
1.784949e+04	-1.152999e+01
1.795259e+04	-1.157463e+01
1.805628e+04	-1.161929e+01
1.816057e+04	-1.166396e+01
1.826547e+04	-1.170864e+01
1.837097e+04	-1.175333e+01
1.847708e+04	-1.179803e+01
1.858380e+04	-1.184274e+01
1.869114e+04	-1.188746e+01
1.879910e+04	-1.193219e+01
1.890768e+04	-1.197692e+01
1.901689e+04	-1.202166e+01
1.912673e+04	-1.206641e+01
1.923721e+04	-1.211116e+01
1.934832e+04	-1.215591e+01
1.946008e+04	-1.220067e+01
1.957248e+04	-1.224544e+01
1.968553e+04	-1.229020e+01
1.979923e+04	-1.233497e+01
1.991359e+04	-1.237974e+01
2.002861e+04	-1.242451e+01
2.014430e+04	-1.246928e+01
2.026065e+04	-1.251406e+01
2.037767e+04	-1.255882e+01
2.049537e+04	-1.260359e+01
2.061375e+04	-1.264836e+01
2.073282e+04	-1.269312e+01
2.085257e+04	-1.273788e+01
2.097301e+04	-1.278263e+01
2.109415e+04	-1.282738e+01
2.121599e+04	-1.287212e+01
2.133853e+04	-1.291686e+01
2.146178e+04	-1.296159e+01
2.158575e+04	-1.300631e+01
2.171043e+04	-1.305102e+01
2.183582e+04	-1.309573e+01
2.196195e+04	-1.314042e+01
2.208880e+04	-1.318510e+01
2.221638e+04	-1.322978e+01
2.234470e+04	-1.327444e+01
2.247377e+04	-1.331908e+01
2.260357e+04	-1.336372e+01
2.273413e+04	-1.340834e+01
2.286544e+04	-1.345295e+01
2.299751e+04	-1.349754e+01
2.313034e+04	-1.354211e+01
2.326394e+04	-1.358667e+01
2.339832e+04	-1.363121e+01
2.353346e+04	-1.367573e+01
2.366939e+04	-1.372024e+01
2.380610e+04	-1.376472e+01
2.394361e+04	-1.380918e+01
2.408191e+04	-1.385363e+01
2.422100e+04	-1.389805e+01
2.436090e+04	-1.394245e+01
2.450161e+04	-1.398682e+01
2.464313e+04	-1.403117e+01
2.478547e+04	-1.407550e+01
2.492863e+04	-1.411980e+01
2.507261e+04	-1.416407e+01
2.521743e+04	-1.420832e+01
2.536309e+04	-1.425254e+01
2.550958e+04	-1.429673e+01
2.565692e+04	-1.434089e+01
2.580512e+04	-1.438502e+01
2.595417e+04	-1.442912e+01
2.610408e+04	-1.447319e+01
2.625485e+04	-1.451722e+01
2.640650e+04	-1.456122e+01
2.655902e+04	-1.460519e+01
2.671243e+04	-1.464912e+01
2.686672e+04	-1.469302e+01
2.702190e+04	-1.473688e+01
2.717798e+04	-1.478070e+01
2.733495e+04	-1.482449e+01
2.749284e+04	-1.486823e+01
2.765164e+04	-1.491194e+01
2.781135e+04	-1.495560e+01
2.797199e+04	-1.499923e+01
2.813355e+04	-1.504281e+01
2.829605e+04	-1.508634e+01
2.845949e+04	-1.512983e+01
2.862387e+04	-1.517328e+01
2.878920e+04	-1.521668e+01
2.895549e+04	-1.526003e+01
2.912273e+04	-1.530334e+01
2.929094e+04	-1.534659e+01
2.946013e+04	-1.538980e+01
2.963029e+04	-1.543295e+01
2.980143e+04	-1.547606e+01
2.997356e+04	-1.551911e+01
3.014669e+04	-1.556210e+01
3.032081e+04	-1.560505e+01
3.049595e+04	-1.564793e+01
3.067209e+04	-1.569076e+01
3.084925e+04	-1.573353e+01
3.102743e+04	-1.577624e+01
3.120665e+04	-1.581890e+01
3.138690e+04	-1.586149e+01
3.156819e+04	-1.590402e+01
3.175052e+04	-1.594649e+01
3.193391e+04	-1.598889e+01
3.211836e+04	-1.603123e+01
3.230388e+04	-1.607350e+01
3.249046e+04	-1.611571e+01
3.267812e+04	-1.615784e+01
3.286687e+04	-1.619991e+01
3.305671e+04	-1.624191e+01
3.324764e+04	-1.628383e+01
3.343968e+04	-1.632568e+01
3.363283e+04	-1.636746e+01
3.382709e+04	-1.640916e+01
3.402247e+04	-1.645079e+01
3.421899e+04	-1.649234e+01
3.441663e+04	-1.653381e+01
3.461542e+04	-1.657520e+01
3.481536e+04	-1.661651e+01
3.501645e+04	-1.665773e+01
3.521871e+04	-1.669887e+01
3.542213e+04	-1.673993e+01
3.562672e+04	-1.678090e+01
3.583250e+04	-1.682178e+01
3.603947e+04	-1.686257e+01
3.624763e+04	-1.690328e+01
3.645700e+04	-1.694389e+01
3.666757e+04	-1.698441e+01
3.687936e+04	-1.702483e+01
3.709238e+04	-1.706516e+01
3.730662e+04	-1.710539e+01
3.752210e+04	-1.714552e+01
3.773883e+04	-1.718555e+01
3.795680e+04	-1.722548e+01
3.817604e+04	-1.726530e+01
3.839654e+04	-1.730502e+01
3.861832e+04	-1.734464e+01
3.884138e+04	-1.738415e+01
3.906573e+04	-1.742354e+01
3.929137e+04	-1.746283e+01
3.951831e+04	-1.750200e+01
3.974657e+04	-1.754106e+01
3.997614e+04	-1.758001e+01
4.020704e+04	-1.761884e+01
4.043928e+04	-1.765754e+01
4.067285e+04	-1.769613e+01
4.090778e+04	-1.773459e+01
4.114406e+04	-1.777293e+01
4.138171e+04	-1.781115e+01
4.162073e+04	-1.784923e+01
4.186113e+04	-1.788719e+01
4.210291e+04	-1.792501e+01
4.234610e+04	-1.796271e+01
4.259069e+04	-1.800026e+01
4.283669e+04	-1.803768e+01
4.308411e+04	-1.807496e+01
4.333297e+04	-1.811210e+01
4.358325e+04	-1.814909e+01
4.383499e+04	-1.818594e+01
4.408818e+04	-1.822265e+01
4.434283e+04	-1.825920e+01
4.459895e+04	-1.829560e+01
4.485655e+04	-1.833185e+01
4.511564e+04	-1.836795e+01
4.537623e+04	-1.840389e+01
4.563832e+04	-1.843966e+01
4.590193e+04	-1.847528e+01
4.616705e+04	-1.851073e+01
4.643371e+04	-1.854601e+01
4.670191e+04	-1.858112e+01
4.697166e+04	-1.861607e+01
4.724297e+04	-1.865084e+01
4.751584e+04	-1.868543e+01
4.779029e+04	-1.871984e+01
4.806633e+04	-1.875408e+01
4.834395e+04	-1.878813e+01
4.862319e+04	-1.882199e+01
4.890403e+04	-1.885567e+01
4.918650e+04	-1.888915e+01
4.947060e+04	-1.892244e+01
4.975634e+04	-1.895553e+01
5.004373e+04	-1.898842e+01
5.033278e+04	-1.902111e+01
5.062350e+04	-1.905360e+01
5.091590e+04	-1.908587e+01
5.120999e+04	-1.911794e+01
5.150578e+04	-1.914979e+01
5.180327e+04	-1.918143e+01
5.210248e+04	-1.921284e+01
5.240343e+04	-1.924403e+01
5.270611e+04	-1.927500e+01
5.301053e+04	-1.930573e+01
5.331672e+04	-1.933624e+01
5.362468e+04	-1.936650e+01
5.393441e+04	-1.939653e+01
5.424593e+04	-1.942632e+01
5.455926e+04	-1.945585e+01
5.487439e+04	-1.948514e+01
5.519134e+04	-1.951418e+01
5.551012e+04	-1.954296e+01
5.583075e+04	-1.957148e+01
5.615322e+04	-1.959973e+01
5.647756e+04	-1.962772e+01
5.680377e+04	-1.965543e+01
5.713187e+04	-1.968287e+01
5.746186e+04	-1.971003e+01
5.779376e+04	-1.973690e+01
5.812757e+04	-1.976349e+01
5.846332e+04	-1.978979e+01
5.880100e+04	-1.981578e+01
5.914063e+04	-1.984148e+01
5.948222e+04	-1.986688e+01
5.982579e+04	-1.989196e+01
6.017134e+04	-1.991673e+01
6.051889e+04	-1.994118e+01
6.086844e+04	-1.996531e+01
6.122002e+04	-1.998911e+01
6.157362e+04	-2.001258e+01
6.192927e+04	-2.003572e+01
6.228697e+04	-2.005850e+01
6.264674e+04	-2.008094e+01
6.300858e+04	-2.010303e+01
6.337252e+04	-2.012476e+01
6.373855e+04	-2.014613e+01
6.410670e+04	-2.016713e+01
6.447698e+04	-2.018775e+01
6.484940e+04	-2.020800e+01
6.522397e+04	-2.022785e+01
6.560070e+04	-2.024732e+01
6.597960e+04	-2.026639e+01
6.636070e+04	-2.028506e+01
6.674400e+04	-2.030331e+01
6.712951e+04	-2.032115e+01
6.751724e+04	-2.033857e+01
6.790722e+04	-2.035556e+01
6.829945e+04	-2.037211e+01
6.869395e+04	-2.038822e+01
6.909072e+04	-2.040388e+01
6.948978e+04	-2.041909e+01
6.989115e+04	-2.043383e+01
7.029484e+04	-2.044810e+01
7.070086e+04	-2.046189e+01
7.110923e+04	-2.047520e+01
7.151995e+04	-2.048802e+01
7.193305e+04	-2.050033e+01
7.234853e+04	-2.051213e+01
7.276641e+04	-2.052342e+01
7.318671e+04	-2.053418e+01
7.360943e+04	-2.054441e+01
7.403460e+04	-2.055409e+01
7.446222e+04	-2.056322e+01
7.489231e+04	-2.057179e+01
7.532488e+04	-2.057979e+01
7.575996e+04	-2.058721e+01
7.619754e+04	-2.059404e+01
7.663766e+04	-2.060027e+01
7.708031e+04	-2.060589e+01
7.752553e+04	-2.061089e+01
7.797331e+04	-2.061526e+01
7.842368e+04	-2.061899e+01
7.887665e+04	-2.062207e+01
7.933224e+04	-2.062449e+01
7.979046e+04	-2.062623e+01
8.025133e+04	-2.062728e+01
8.071486e+04	-2.062763e+01
8.118106e+04	-2.062728e+01
8.164996e+04	-2.062620e+01
8.212157e+04	-2.062438e+01
8.259590e+04	-2.062182e+01
8.307297e+04	-2.061849e+01
8.355279e+04	-2.061439e+01
8.403539e+04	-2.060949e+01
8.452078e+04	-2.060379e+01
8.500897e+04	-2.059727e+01
8.549997e+04	-2.058991e+01
8.599382e+04	-2.058170e+01
8.649052e+04	-2.057263e+01
8.699008e+04	-2.056267e+01
8.749253e+04	-2.055181e+01
8.799789e+04	-2.054003e+01
8.850616e+04	-2.052732e+01
8.901737e+04	-2.051365e+01
8.953153e+04	-2.049901e+01
9.004866e+04	-2.048338e+01
9.056877e+04	-2.046673e+01
9.109190e+04	-2.044906e+01
9.161804e+04	-2.043033e+01
9.214722e+04	-2.041053e+01
9.267946e+04	-2.038963e+01
9.321477e+04	-2.036761e+01
9.375318e+04	-2.034445e+01
9.429469e+04	-2.032013e+01
9.483933e+04	-2.029461e+01
9.538712e+04	-2.026788e+01
9.593807e+04	-2.023990e+01
9.649221e+04	-2.021065e+01
9.704954e+04	-2.018010e+01
9.761010e+04	-2.014823e+01
9.817389e+04	-2.011500e+01
9.874094e+04	-2.008038e+01
9.931126e+04	-2.004434e+01
9.988488e+04	-2.000685e+01
1.004618e+05	-1.996788e+01
1.010421e+05	-1.992738e+01
1.016257e+05	-1.988532e+01
1.022127e+05	-1.984167e+01
1.028031e+05	-1.979639e+01
1.033968e+05	-1.974943e+01
1.039941e+05	-1.970075e+01
1.045947e+05	-1.965031e+01
1.051989e+05	-1.959807e+01
1.058065e+05	-1.954398e+01
1.064176e+05	-1.948799e+01
1.070323e+05	-1.943004e+01
1.076505e+05	-1.937010e+01
1.082723e+05	-1.930809e+01
1.088977e+05	-1.924398e+01
1.095266e+05	-1.917769e+01
1.101593e+05	-1.910916e+01
1.107955e+05	-1.903834e+01
1.114355e+05	-1.896515e+01
1.120791e+05	-1.888953e+01
1.127265e+05	-1.881140e+01
1.133776e+05	-1.873068e+01
1.140325e+05	-1.864730e+01
1.146911e+05	-1.856117e+01
1.153536e+05	-1.847220e+01
1.160198e+05	-1.838030e+01
1.166900e+05	-1.828538e+01
1.173640e+05	-1.818733e+01
1.180419e+05	-1.808605e+01
1.187237e+05	-1.798142e+01
1.194094e+05	-1.787332e+01
1.200991e+05	-1.776164e+01
1.207928e+05	-1.764624e+01
1.214905e+05	-1.752697e+01
1.221922e+05	-1.740370e+01
1.228980e+05	-1.727626e+01
1.236078e+05	-1.714449e+01
1.243218e+05	-1.700821e+01
1.250399e+05	-1.686724e+01
1.257621e+05	-1.672138e+01
1.264885e+05	-1.657041e+01
1.272191e+05	-1.641411e+01
1.279539e+05	-1.625224e+01
1.286930e+05	-1.608453e+01
1.294363e+05	-1.591071e+01
1.301839e+05	-1.573049e+01
1.309358e+05	-1.554353e+01
1.316921e+05	-1.534950e+01
1.324528e+05	-1.514802e+01
1.332178e+05	-1.493868e+01
1.339873e+05	-1.472105e+01
1.347612e+05	-1.449465e+01
1.355395e+05	-1.425897e+01
1.363224e+05	-1.401344e+01
1.371098e+05	-1.375744e+01
1.379018e+05	-1.349030e+01
1.386983e+05	-1.321128e+01
1.394994e+05	-1.291956e+01
1.403051e+05	-1.261424e+01
1.411155e+05	-1.229432e+01
1.419306e+05	-1.195870e+01
1.427504e+05	-1.160617e+01
1.435749e+05	-1.123535e+01
1.444042e+05	-1.084474e+01
1.452383e+05	-1.043264e+01
1.460772e+05	-9.997177e+00
1.469209e+05	-9.536265e+00
1.477695e+05	-9.047595e+00
1.486230e+05	-8.528635e+00
1.494814e+05	-7.976658e+00
1.503448e+05	-7.388801e+00
1.512132e+05	-6.762216e+00
1.520866e+05	-6.094366e+00
1.529651e+05	-5.383582e+00
1.538486e+05	-4.630097e+00
1.547372e+05	-3.837878e+00
1.556310e+05	-3.017756e+00
1.565299e+05	-2.192403e+00
1.574340e+05	-1.403103e+00
1.583433e+05	-7.159012e-01
1.592579e+05	-2.195346e-01
1.601778e+05	-3.823761e-03
1.611030e+05	-1.191343e-01
1.620335e+05	-5.463943e-01
1.629694e+05	-1.209009e+00
1.639107e+05	-2.013519e+00
1.648574e+05	-2.881907e+00
1.658097e+05	-3.761657e+00
1.667674e+05	-4.622170e+00
1.677306e+05	-5.447724e+00
1.686994e+05	-6.231565e+00
1.696738e+05	-6.971952e+00
1.706538e+05	-7.669787e+00
1.716395e+05	-8.327253e+00
1.726309e+05	-8.947065e+00
1.736280e+05	-9.532068e+00
1.746309e+05	-1.008503e+01
1.756395e+05	-1.060854e+01
1.766540e+05	-1.110498e+01
1.776744e+05	-1.157650e+01
1.787006e+05	-1.202503e+01
1.797328e+05	-1.245232e+01
1.807709e+05	-1.285993e+01
1.818150e+05	-1.324923e+01
1.828652e+05	-1.362148e+01
1.839214e+05	-1.397780e+01
1.849837e+05	-1.431919e+01
1.860522e+05	-1.464655e+01
1.871268e+05	-1.496069e+01
1.882077e+05	-1.526234e+01
1.892948e+05	-1.555218e+01
1.903881e+05	-1.583079e+01
1.914878e+05	-1.609871e+01
1.925938e+05	-1.635645e+01
1.937062e+05	-1.660445e+01
1.948251e+05	-1.684310e+01
1.959504e+05	-1.707280e+01
1.970822e+05	-1.729386e+01
1.982205e+05	-1.750661e+01
1.993654e+05	-1.771131e+01
2.005169e+05	-1.790822e+01
2.016751e+05	-1.809757e+01
2.028400e+05	-1.827958e+01
2.040116e+05	-1.845443e+01
2.051899e+05	-1.862230e+01
2.063751e+05	-1.878334e+01
2.075671e+05	-1.893769e+01
2.087660e+05	-1.908549e+01
2.099719e+05	-1.922684e+01
2.111846e+05	-1.936184e+01
2.124044e+05	-1.949059e+01
2.136313e+05	-1.961315e+01
2.148652e+05	-1.972959e+01
2.161063e+05	-1.983998e+01
2.173545e+05	-1.994434e+01
2.186099e+05	-2.004273e+01
2.198726e+05	-2.013516e+01
2.211426e+05	-2.022165e+01
2.224199e+05	-2.030220e+01
2.237046e+05	-2.037683e+01
2.249967e+05	-2.044550e+01
2.262962e+05	-2.050821e+01
2.276033e+05	-2.056493e+01
2.289179e+05	-2.061562e+01
2.302402e+05	-2.066023e+01
2.315700e+05	-2.069871e+01
2.329076e+05	-2.073099e+01
2.342528e+05	-2.075699e+01
2.356059e+05	-2.077664e+01
2.369667e+05	-2.078983e+01
2.383354e+05	-2.079646e+01
2.397120e+05	-2.079640e+01
2.410966e+05	-2.078954e+01
2.424892e+05	-2.077572e+01
2.438898e+05	-2.075479e+01
2.452985e+05	-2.072658e+01
2.467153e+05	-2.069089e+01
2.481403e+05	-2.064753e+01
2.495736e+05	-2.059627e+01
2.510151e+05	-2.053687e+01
2.524650e+05	-2.046907e+01
2.539232e+05	-2.039257e+01
2.553898e+05	-2.030708e+01
2.568650e+05	-2.021223e+01
2.583486e+05	-2.010768e+01
2.598408e+05	-1.999300e+01
2.613416e+05	-1.986775e+01
2.628511e+05	-1.973146e+01
2.643694e+05	-1.958357e+01
2.658963e+05	-1.942350e+01
2.674321e+05	-1.925061e+01
2.689768e+05	-1.906417e+01
2.705304e+05	-1.886339e+01
2.720930e+05	-1.864737e+01
2.736646e+05	-1.841513e+01
2.752453e+05	-1.816555e+01
2.768351e+05	-1.789738e+01
2.784341e+05	-1.760921e+01
2.800423e+05	-1.729941e+01
2.816598e+05	-1.696615e+01
2.832867e+05	-1.660730e+01
2.849229e+05	-1.622043e+01
2.865686e+05	-1.580267e+01
2.882238e+05	-1.535066e+01
2.898886e+05	-1.486046e+01
2.915630e+05	-1.432731e+01
2.932470e+05	-1.374552e+01
2.949408e+05	-1.310814e+01
2.966444e+05	-1.240662e+01
2.983578e+05	-1.163036e+01
3.000811e+05	-1.076605e+01
3.018143e+05	-9.796940e+00
3.035576e+05	-8.702084e+00
3.053109e+05	-7.456135e+00
3.070744e+05	-6.031925e+00
3.088481e+05	-4.413331e+00
3.106320e+05	-2.642963e+00
3.124261e+05	-9.636849e-01
3.142307e+05	-2.505955e-02
3.160457e+05	-4.892368e-01
3.178712e+05	-2.031288e+00
3.197072e+05	-3.878626e+00
3.215538e+05	-5.636646e+00
3.234111e+05	-7.205011e+00
3.252791e+05	-8.584853e+00
3.271579e+05	-9.801294e+00
3.290475e+05	-1.088088e+01
3.309481e+05	-1.184626e+01
3.328596e+05	-1.271564e+01
3.347822e+05	-1.350347e+01
3.367159e+05	-1.422121e+01
3.386608e+05	-1.487798e+01
3.406169e+05	-1.548114e+01
3.425842e+05	-1.603668e+01
3.445630e+05	-1.654948e+01
3.465532e+05	-1.702360e+01
3.485549e+05	-1.746240e+01
3.505681e+05	-1.786869e+01
3.525930e+05	-1.824483e+01
3.546295e+05	-1.859282e+01
3.566778e+05	-1.891434e+01
3.587380e+05	-1.921081e+01
3.608101e+05	-1.948344e+01
3.628941e+05	-1.973322e+01
3.649901e+05	-1.996101e+01
3.670983e+05	-2.016749e+01
3.692187e+05	-2.035322e+01
3.713513e+05	-2.051864e+01
3.734962e+05	-2.066408e+01
3.756535e+05	-2.078978e+01
3.778232e+05	-2.089585e+01
3.800055e+05	-2.098233e+01
3.822004e+05	-2.104917e+01
3.844080e+05	-2.109621e+01
3.866283e+05	-2.112321e+01
3.888615e+05	-2.112983e+01
3.911075e+05	-2.111561e+01
3.933665e+05	-2.108002e+01
3.956386e+05	-2.102236e+01
3.979238e+05	-2.094184e+01
4.002222e+05	-2.083749e+01
4.025338e+05	-2.070820e+01
4.048589e+05	-2.055266e+01
4.071973e+05	-2.036932e+01
4.095493e+05	-2.015639e+01
4.119148e+05	-1.991176e+01
4.142940e+05	-1.963294e+01
4.166870e+05	-1.931699e+01
4.190937e+05	-1.896040e+01
4.215144e+05	-1.855896e+01
4.239490e+05	-1.810756e+01
4.263978e+05	-1.759993e+01
4.288606e+05	-1.702827e+01
4.313377e+05	-1.638276e+01
4.338291e+05	-1.565077e+01
4.363349e+05	-1.481576e+01
4.388551e+05	-1.385553e+01
4.413899e+05	-1.273953e+01
4.439394e+05	-1.142445e+01
4.465035e+05	-9.847421e+00
4.490825e+05	-7.916792e+00
4.516764e+05	-5.513511e+00
4.542853e+05	-2.614917e+00
4.569092e+05	-1.815364e-01
4.595483e+05	-9.685252e-01
4.622026e+05	-3.934789e+00
4.648723e+05	-6.747603e+00
4.675574e+05	-9.036206e+00
4.702580e+05	-1.089799e+01
4.729742e+05	-1.244354e+01
4.757060e+05	-1.375167e+01
4.784537e+05	-1.487605e+01
4.812172e+05	-1.585379e+01
4.839967e+05	-1.671115e+01
4.867923e+05	-1.746725e+01
4.896040e+05	-1.813626e+01
4.924319e+05	-1.872891e+01
4.952762e+05	-1.925341e+01
4.981369e+05	-1.971610e+01
5.010141e+05	-2.012188e+01
5.039079e+05	-2.047456e+01
5.068185e+05	-2.077701e+01
5.097458e+05	-2.103137e+01
5.126901e+05	-2.123914e+01
5.156514e+05	-2.140126e+01
5.186298e+05	-2.151814e+01
5.216253e+05	-2.158971e+01
5.246382e+05	-2.161541e+01
5.276685e+05	-2.159416e+01
5.307163e+05	-2.152435e+01
5.337817e+05	-2.140377e+01
5.368648e+05	-2.122948e+01
5.399657e+05	-2.099773e+01
5.430845e+05	-2.070372e+01
5.462214e+05	-2.034135e+01
5.493763e+05	-1.990281e+01
5.525495e+05	-1.937804e+01
5.557410e+05	-1.875383e+01
5.589509e+05	-1.801251e+01
5.621794e+05	-1.712984e+01
5.654265e+05	-1.607140e+01
5.686924e+05	-1.478635e+01
5.719772e+05	-1.319550e+01
5.752809e+05	-1.116775e+01
5.786037e+05	-8.472574e+00
5.819457e+05	-4.732936e+00
5.853070e+05	-4.417472e-01
5.886877e+05	-1.996239e+00
5.920879e+05	-6.517628e+00
5.955078e+05	-9.920738e+00
5.989474e+05	-1.243366e+01
6.024069e+05	-1.437915e+01
6.058864e+05	-1.594044e+01
6.093860e+05	-1.722322e+01
6.129058e+05	-1.829227e+01
6.164459e+05	-1.918940e+01
6.200064e+05	-1.994273e+01
6.235876e+05	-2.057158e+01
6.271894e+05	-2.108945e+01
6.308120e+05	-2.150562e+01
6.344555e+05	-2.182625e+01
6.381201e+05	-2.205501e+01
6.418059e+05	-2.219344e+01
6.455129e+05	-2.224110e+01
6.492414e+05	-2.219558e+01
6.529914e+05	-2.205235e+01
6.567630e+05	-2.180437e+01
6.605565e+05	-2.144143e+01
6.643718e+05	-2.094913e+01
6.682092e+05	-2.030710e+01
6.720688e+05	-1.948608e+01
6.759506e+05	-1.844262e+01
6.798549e+05	-1.710910e+01
6.837817e+05	-1.537288e+01
6.877312e+05	-1.302772e+01
6.917035e+05	-9.644459e+00
6.956987e+05	-4.279632e+00
6.997171e+05	-4.203698e-01
7.037586e+05	-6.863439e+00
7.078235e+05	-1.146715e+01
7.119118e+05	-1.452217e+01
7.160238e+05	-1.673686e+01
7.201595e+05	-1.842565e+01
7.243191e+05	-1.974584e+01
7.285028e+05	-2.078480e+01
7.327106e+05	-2.159435e+01
7.369427e+05	-2.220599e+01
7.411992e+05	-2.263840e+01
7.454804e+05	-2.290117e+01
7.497862e+05	-2.299666e+01
7.541170e+05	-2.292045e+01
7.584727e+05	-2.266087e+01
7.628536e+05	-2.219712e+01
7.672598e+05	-2.149545e+01
7.716915e+05	-2.050153e+01
7.761488e+05	-1.912466e+01
7.806318e+05	-1.720114e+01
7.851407e+05	-1.439460e+01
7.896756e+05	-9.850879e+00
7.942367e+05	-1.359682e+00
7.988242e+05	-6.280986e+00
8.034382e+05	-1.275455e+01
8.080788e+05	-1.648150e+01
8.127463e+05	-1.897863e+01
8.174406e+05	-2.076258e+01
8.221621e+05	-2.205597e+01
8.269109e+05	-2.296873e+01
8.316871e+05	-2.355689e+01
8.364909e+05	-2.384497e+01
8.413225e+05	-2.383459e+01
8.461819e+05	-2.350549e+01
8.510694e+05	-2.281006e+01
8.559852e+05	-2.165706e+01
8.609293e+05	-1.986994e+01
8.659020e+05	-1.706411e+01
8.709034e+05	-1.215789e+01
8.759337e+05	-1.017519e+00
8.809931e+05	-1.009766e+01
8.860816e+05	-1.645303e+01
8.911996e+05	-1.996186e+01
8.963471e+05	-2.220453e+01
9.015244e+05	-2.366401e+01
9.067316e+05	-2.453124e+01
9.119688e+05	-2.487795e+01
9.172363e+05	-2.470409e+01
9.225342e+05	-2.394041e+01
9.278628e+05	-2.240966e+01
9.332221e+05	-1.968302e+01
9.386123e+05	-1.442513e+01
9.440337e+05	-8.625698e-02
9.494864e+05	-1.433800e+01
9.549706e+05	-2.022300e+01
9.604865e+05	-2.335077e+01
9.660342e+05	-2.512897e+01
9.716140e+05	-2.594805e+01
9.772260e+05	-2.589172e+01
9.828704e+05	-2.484149e+01
9.885474e+05	-2.235454e+01
9.942572e+05	-1.684569e+01
1.000000e+06	-1.246012e+00
