Frequency(Hz)	Magnitude(dB)
1.000000e+01	-1.002058e-04
1.005776e+01	-8.096140e-05
1.011585e+01	1.115924e-04
1.017428e+01	-6.629952e-05
1.023305e+01	7.212106e-05
1.029215e+01	1.241213e-04
1.035160e+01	-3.117665e-05
1.041139e+01	-2.147710e-05
1.047153e+01	-1.437907e-05
1.053201e+01	-6.892136e-05
1.059284e+01	-2.037530e-05
1.065403e+01	2.617145e-04
1.071556e+01	-3.623097e-05
1.077746e+01	-1.895321e-04
1.083971e+01	3.504267e-05
1.090232e+01	-4.664278e-07
1.096529e+01	4.806748e-05
1.102862e+01	-7.006842e-05
1.109232e+01	1.510079e-05
1.115639e+01	9.226921e-06
1.122083e+01	3.440487e-05
1.128564e+01	-2.300051e-05
1.135083e+01	-4.969136e-05
1.141639e+01	-5.572799e-05
1.148233e+01	-4.192591e-05
1.154865e+01	9.669897e-06
1.161536e+01	-1.202492e-04
1.168245e+01	1.078746e-04
1.174992e+01	6.390324e-05
1.181779e+01	2.041389e-05
1.188605e+01	2.119917e-05
1.195470e+01	-1.596201e-04
1.202375e+01	6.085475e-05
1.209320e+01	-6.237858e-05
1.216305e+01	1.254115e-04
1.223330e+01	1.334024e-04
1.230396e+01	-2.244961e-05
1.237503e+01	-2.103202e-04
1.244651e+01	-7.762240e-05
1.251840e+01	-2.260478e-05
1.259070e+01	-1.115301e-04
1.266343e+01	3.301070e-06
1.273657e+01	-6.351152e-06
1.281014e+01	-2.052689e-04
1.288413e+01	7.638862e-07
1.295855e+01	-1.052132e-04
1.303339e+01	-4.931951e-05
1.310867e+01	3.074054e-05
1.318439e+01	-5.132209e-05
1.326054e+01	-1.067208e-04
1.333713e+01	3.678659e-05
1.341417e+01	-2.545419e-05
1.349165e+01	-3.430669e-05
1.356958e+01	-1.405448e-04
1.364795e+01	4.507427e-05
1.372678e+01	-1.091688e-04
1.380607e+01	7.365325e-05
1.388581e+01	-1.118250e-05
1.396602e+01	-6.724432e-05
1.404668e+01	-9.944773e-05
1.412782e+01	-5.767850e-05
1.420942e+01	-1.978744e-05
1.429149e+01	-9.537461e-05
1.437404e+01	-1.087349e-04
1.445706e+01	1.278044e-04
1.454057e+01	-6.845382e-05
1.462455e+01	-5.585202e-05
1.470902e+01	-1.580336e-04
1.479398e+01	9.114369e-05
1.487943e+01	-1.095162e-04
1.496537e+01	-1.093171e-04
1.505181e+01	-1.406496e-04
1.513875e+01	5.359243e-05
1.522619e+01	2.191725e-05
1.531414e+01	-2.015292e-05
1.540259e+01	-1.332924e-04
1.549156e+01	-1.274839e-04
1.558103e+01	-1.719554e-04
1.567103e+01	-1.149955e-04
1.576155e+01	1.567067e-04
1.585258e+01	-3.214900e-05
1.594415e+01	-1.938500e-05
1.603624e+01	-1.991264e-04
1.612886e+01	-1.404414e-04
1.622202e+01	-5.738329e-05
1.631572e+01	-7.005395e-05
1.640996e+01	-8.667207e-05
1.650474e+01	6.505373e-05
1.660008e+01	-1.164987e-04
1.669596e+01	-2.124813e-06
1.679239e+01	-1.686679e-05
1.688938e+01	6.720776e-05
1.698694e+01	-1.087513e-04
1.708505e+01	1.267887e-05
1.718373e+01	-7.630333e-05
1.728299e+01	-7.535022e-05
1.738281e+01	2.461620e-06
1.748322e+01	1.746258e-04
1.758420e+01	-1.846633e-04
1.768576e+01	4.267600e-05
1.778792e+01	-6.853477e-05
1.789066e+01	-3.084855e-05
1.799399e+01	-5.195000e-05
1.809793e+01	-2.287446e-05
1.820246e+01	-8.510690e-05
1.830760e+01	-1.653704e-04
1.841334e+01	-4.015179e-05
1.851969e+01	-1.563088e-04
1.862666e+01	1.652585e-05
1.873425e+01	-3.323628e-05
1.884246e+01	-2.231006e-04
1.895129e+01	-1.465126e-04
1.906075e+01	-4.470134e-05
1.917085e+01	-1.870690e-04
1.928158e+01	-9.993674e-05
1.939295e+01	1.552407e-04
1.950496e+01	-9.327028e-05
1.961762e+01	-5.859659e-05
1.973093e+01	1.688256e-05
1.984490e+01	-7.743734e-05
1.995952e+01	-2.324245e-04
2.007480e+01	-3.383416e-05
2.019076e+01	-1.593922e-04
2.030738e+01	1.818087e-05
2.042467e+01	7.610945e-05
2.054264e+01	-6.744606e-05
2.066130e+01	-1.971350e-04
2.078064e+01	-6.641789e-05
2.090066e+01	3.632179e-05
2.102139e+01	-1.811945e-04
2.114280e+01	-1.136660e-04
2.126492e+01	4.258840e-06
2.138775e+01	-9.178301e-05
2.151128e+01	-1.078502e-04
2.163553e+01	-1.828130e-04
2.176050e+01	-1.551592e-04
2.188619e+01	-1.284699e-05
2.201260e+01	-6.363254e-05
2.213974e+01	1.190565e-04
2.226762e+01	-1.673835e-04
2.239624e+01	-1.120816e-04
2.252560e+01	-5.991019e-05
2.265571e+01	-2.140717e-04
2.278656e+01	-1.089214e-04
2.291818e+01	-4.683781e-05
2.305055e+01	6.509369e-05
2.318369e+01	-1.580191e-04
2.331760e+01	-5.049843e-05
2.345228e+01	-3.522452e-05
2.358774e+01	-1.137158e-04
2.372398e+01	-1.293265e-04
2.386101e+01	-1.990910e-04
2.399883e+01	-2.499411e-05
2.413745e+01	-1.180767e-05
2.427686e+01	-1.354764e-04
2.441709e+01	-4.492513e-05
2.455812e+01	3.516957e-05
2.469997e+01	-6.550192e-05
2.484263e+01	-1.298179e-04
2.498612e+01	-1.271851e-04
2.513044e+01	-1.851445e-04
2.527559e+01	-2.408339e-04
2.542158e+01	-1.711784e-04
2.556842e+01	1.649501e-05
2.571610e+01	-2.853508e-04
2.586463e+01	-1.878303e-04
2.601403e+01	2.042814e-06
2.616428e+01	-2.142134e-04
2.631541e+01	-1.656370e-04
2.646740e+01	-5.551201e-05
2.662028e+01	-4.834394e-05
2.677404e+01	-1.326691e-04
2.692868e+01	-9.655716e-05
2.708422e+01	1.260740e-04
2.724066e+01	5.537480e-05
2.739800e+01	-2.349993e-06
2.755625e+01	-7.191478e-05
2.771541e+01	-1.081125e-04
2.787550e+01	-1.617524e-04
2.803650e+01	-1.241008e-04
2.819844e+01	-1.480596e-04
2.836131e+01	4.434654e-06
2.852513e+01	-2.227156e-04
2.868989e+01	-1.330055e-04
2.885560e+01	-1.992603e-04
2.902227e+01	7.049239e-07
2.918990e+01	-2.073359e-04
2.935850e+01	-1.925968e-04
2.952807e+01	-1.550549e-04
2.969863e+01	-2.474539e-06
2.987016e+01	-4.652516e-05
3.004269e+01	-8.422798e-05
3.021622e+01	-2.778916e-04
3.039075e+01	-2.048225e-04
3.056628e+01	-7.911986e-05
3.074283e+01	-1.736742e-04
3.092040e+01	-1.933201e-04
3.109900e+01	-6.458703e-05
3.127862e+01	-1.475109e-04
3.145929e+01	-1.589770e-04
3.164099e+01	-2.070020e-04
3.182375e+01	-2.046870e-04
3.200756e+01	-2.145754e-04
3.219244e+01	-2.531809e-04
3.237838e+01	-2.131273e-04
3.256540e+01	-1.442471e-04
3.275349e+01	-2.609725e-04
3.294268e+01	-2.102349e-04
3.313295e+01	-2.697466e-04
3.332433e+01	-2.881589e-04
3.351681e+01	-2.262494e-04
3.371040e+01	-3.931797e-04
3.390511e+01	-8.735856e-05
3.410094e+01	-2.335005e-04
3.429791e+01	-1.869483e-04
3.449601e+01	-2.001739e-04
3.469526e+01	-8.346057e-05
3.489566e+01	-1.346005e-04
3.509721e+01	-1.055275e-04
3.529993e+01	-6.749209e-05
3.550382e+01	-5.027438e-05
3.570889e+01	-2.497939e-04
3.591515e+01	-3.090176e-04
3.612259e+01	-3.152774e-04
3.633123e+01	-2.470875e-04
3.654108e+01	-1.390586e-04
3.675214e+01	-5.662009e-05
3.696442e+01	-2.358225e-04
3.717792e+01	-2.012403e-04
3.739266e+01	-2.594595e-04
3.760864e+01	-1.446931e-04
3.782587e+01	-2.058494e-04
3.804435e+01	-2.748875e-04
3.826409e+01	-2.519893e-04
3.848510e+01	-2.692641e-04
3.870739e+01	-1.607446e-04
3.893096e+01	-2.119595e-04
3.915583e+01	-1.330627e-04
3.938199e+01	-1.057564e-04
3.960946e+01	-2.610065e-04
3.983824e+01	-3.490083e-04
4.006834e+01	-2.963498e-04
4.029978e+01	-3.376987e-04
4.053255e+01	-3.095255e-04
4.076666e+01	-2.668445e-04
4.100213e+01	-4.533763e-04
4.123896e+01	-3.212665e-04
4.147715e+01	-3.549082e-04
4.171672e+01	-1.940413e-04
4.195767e+01	-2.551186e-04
4.220002e+01	-1.903367e-04
4.244377e+01	-3.558920e-04
4.268892e+01	-3.405197e-04
4.293549e+01	-1.973663e-04
4.318348e+01	-2.240713e-04
4.343291e+01	-1.784064e-04
4.368377e+01	-3.101961e-04
4.393609e+01	-3.281759e-04
4.418986e+01	-4.322131e-04
4.444510e+01	-3.228660e-04
4.470182e+01	-2.700401e-04
4.496001e+01	-2.608844e-04
4.521970e+01	-2.618409e-04
4.548089e+01	-2.770091e-04
4.574358e+01	-2.807499e-04
4.600779e+01	-3.154692e-04
4.627353e+01	-3.462886e-04
4.654081e+01	-3.034195e-04
4.680963e+01	-4.102850e-04
4.708000e+01	-2.984768e-04
4.735193e+01	-3.063900e-04
4.762543e+01	-3.502648e-04
4.790051e+01	-3.312949e-04
4.817719e+01	-2.765761e-04
4.845545e+01	-3.379199e-04
4.873533e+01	-2.945509e-04
4.901682e+01	-2.220714e-04
4.929994e+01	-4.848367e-04
4.958470e+01	-3.806072e-04
4.987110e+01	-3.858934e-04
5.015915e+01	-1.948762e-04
5.044887e+01	-3.825612e-04
5.074026e+01	-6.429852e-04
5.103333e+01	-6.023636e-04
5.132810e+01	-5.422519e-04
5.162457e+01	-4.314131e-04
5.192275e+01	-4.383186e-04
5.222265e+01	-5.552525e-04
5.252429e+01	-3.950306e-04
5.282767e+01	-3.647457e-04
5.313280e+01	-4.508232e-04
5.343969e+01	-4.762267e-04
5.374836e+01	-5.582273e-04
5.405880e+01	-3.067920e-04
5.437105e+01	-5.055841e-04
5.468509e+01	-4.401524e-04
5.500095e+01	-4.715826e-04
5.531863e+01	-4.656998e-04
5.563815e+01	-6.208304e-04
5.595951e+01	-5.500044e-04
5.628273e+01	-4.194468e-04
5.660782e+01	-4.495633e-04
5.693479e+01	-4.876315e-04
5.726364e+01	-6.849162e-04
5.759439e+01	-5.633326e-04
5.792705e+01	-5.831428e-04
5.826164e+01	-5.027908e-04
5.859815e+01	-3.409517e-04
5.893662e+01	-4.866105e-04
5.927703e+01	-5.273122e-04
5.961941e+01	-7.300056e-04
5.996377e+01	-6.525099e-04
6.031012e+01	-4.903727e-04
6.065847e+01	-6.021412e-04
6.100883e+01	-6.454588e-04
6.136121e+01	-5.657626e-04
6.171563e+01	-7.251686e-04
6.207210e+01	-6.514955e-04
6.243063e+01	-4.985809e-04
6.279122e+01	-5.657353e-04
6.315390e+01	-6.143330e-04
6.351868e+01	-7.234266e-04
6.388556e+01	-5.185221e-04
6.425456e+01	-6.248008e-04
6.462569e+01	-5.337078e-04
6.499897e+01	-6.649536e-04
6.537440e+01	-7.215689e-04
6.575200e+01	-6.269006e-04
6.613178e+01	-8.748228e-04
6.651375e+01	-6.182067e-04
6.689793e+01	-8.819542e-04
6.728433e+01	-7.772418e-04
6.767297e+01	-7.917472e-04
6.806384e+01	-7.115625e-04
6.845698e+01	-6.416204e-04
6.885238e+01	-7.149902e-04
6.925007e+01	-8.114397e-04
6.965005e+01	-7.974702e-04
7.005235e+01	-7.367693e-04
7.045697e+01	-8.113288e-04
7.086393e+01	-7.681656e-04
7.127323e+01	-8.272575e-04
7.168490e+01	-9.240955e-04
7.209895e+01	-6.178712e-04
7.251539e+01	-7.190378e-04
7.293424e+01	-7.851239e-04
7.335551e+01	-9.203816e-04
7.377920e+01	-8.865283e-04
7.420535e+01	-7.147508e-04
7.463396e+01	-8.376321e-04
7.506504e+01	-1.041591e-03
7.549861e+01	-8.599367e-04
7.593469e+01	-1.065625e-03
7.637328e+01	-8.749562e-04
7.681441e+01	-9.153799e-04
7.725809e+01	-1.074106e-03
7.770433e+01	-8.628827e-04
7.815315e+01	-8.804520e-04
7.860456e+01	-1.062852e-03
7.905857e+01	-9.945780e-04
7.951521e+01	-1.055669e-03
7.997449e+01	-1.010802e-03
8.043642e+01	-1.037619e-03
8.090102e+01	-1.124279e-03
8.136830e+01	-1.156002e-03
8.183828e+01	-1.112827e-03
8.231097e+01	-1.196986e-03
8.278640e+01	-1.135851e-03
8.326457e+01	-1.099976e-03
8.374550e+01	-9.695650e-04
8.422921e+01	-1.227217e-03
8.471572e+01	-1.087720e-03
8.520503e+01	-1.176575e-03
8.569717e+01	-1.200180e-03
8.619215e+01	-1.204439e-03
8.669000e+01	-1.207322e-03
8.719071e+01	-1.220049e-03
8.769432e+01	-1.299957e-03
8.820084e+01	-1.245293e-03
8.871029e+01	-1.195882e-03
8.922267e+01	-1.225807e-03
8.973802e+01	-1.240450e-03
9.025634e+01	-1.270812e-03
9.077766e+01	-1.231905e-03
9.130199e+01	-1.221878e-03
9.182935e+01	-1.366269e-03
9.235975e+01	-1.303389e-03
9.289321e+01	-1.435602e-03
9.342976e+01	-1.441741e-03
9.396941e+01	-1.437400e-03
9.451217e+01	-1.479769e-03
9.505807e+01	-1.484473e-03
9.560712e+01	-1.554567e-03
9.615934e+01	-1.570171e-03
9.671476e+01	-1.508989e-03
9.727338e+01	-1.549006e-03
9.783522e+01	-1.670180e-03
9.840032e+01	-1.532683e-03
9.896867e+01	-1.525961e-03
9.954031e+01	-1.662813e-03
1.001153e+02	-1.736294e-03
1.006935e+02	-1.674149e-03
1.012751e+02	-1.629073e-03
1.018601e+02	-1.833417e-03
1.024484e+02	-1.725470e-03
1.030402e+02	-1.710454e-03
1.036353e+02	-1.665912e-03
1.042339e+02	-1.875192e-03
1.048360e+02	-1.670039e-03
1.054415e+02	-1.783980e-03
1.060505e+02	-1.953896e-03
1.066631e+02	-1.885389e-03
1.072791e+02	-1.780915e-03
1.078988e+02	-1.866248e-03
1.085220e+02	-2.018178e-03
1.091488e+02	-1.952961e-03
1.097793e+02	-1.881156e-03
1.104133e+02	-1.833633e-03
1.110511e+02	-1.993311e-03
1.116925e+02	-1.892390e-03
1.123376e+02	-2.038826e-03
1.129865e+02	-2.111052e-03
1.136391e+02	-2.132964e-03
1.142955e+02	-2.169430e-03
1.149556e+02	-2.222623e-03
1.156196e+02	-2.038139e-03
1.162874e+02	-2.170359e-03
1.169591e+02	-2.385629e-03
1.176347e+02	-2.346578e-03
1.183141e+02	-2.362610e-03
1.189975e+02	-2.318039e-03
1.196848e+02	-2.472482e-03
1.203761e+02	-2.367215e-03
1.210714e+02	-2.503807e-03
1.217707e+02	-2.427405e-03
1.224740e+02	-2.400100e-03
1.231814e+02	-2.529818e-03
1.238929e+02	-2.538694e-03
1.246085e+02	-2.601111e-03
1.253283e+02	-2.391978e-03
1.260522e+02	-2.557583e-03
1.267802e+02	-2.680358e-03
1.275125e+02	-2.805553e-03
1.282490e+02	-2.587015e-03
1.289898e+02	-2.604554e-03
1.297348e+02	-2.746568e-03
1.304842e+02	-2.832932e-03
1.312378e+02	-2.899592e-03
1.319959e+02	-2.667739e-03
1.327583e+02	-2.723305e-03
1.335251e+02	-2.886572e-03
1.342963e+02	-2.923256e-03
1.350720e+02	-3.043981e-03
1.358522e+02	-2.864865e-03
1.366368e+02	-3.113406e-03
1.374260e+02	-2.997636e-03
1.382198e+02	-3.037312e-03
1.390182e+02	-3.074718e-03
1.398211e+02	-3.101368e-03
1.406287e+02	-3.234516e-03
1.414410e+02	-3.153209e-03
1.422579e+02	-3.244894e-03
1.430796e+02	-3.267733e-03
1.439060e+02	-3.230211e-03
1.447372e+02	-3.304717e-03
1.455732e+02	-3.504785e-03
1.464141e+02	-3.422848e-03
1.472597e+02	-3.563284e-03
1.481103e+02	-3.633375e-03
1.489658e+02	-3.694838e-03
1.498262e+02	-3.729556e-03
1.506916e+02	-3.639169e-03
1.515620e+02	-3.772189e-03
1.524374e+02	-3.589918e-03
1.533179e+02	-3.726488e-03
1.542034e+02	-3.882792e-03
1.550941e+02	-3.965628e-03
1.559899e+02	-4.056619e-03
1.568909e+02	-4.057974e-03
1.577971e+02	-4.028380e-03
1.587085e+02	-4.078626e-03
1.596252e+02	-4.033412e-03
1.605472e+02	-4.280750e-03
1.614745e+02	-4.214176e-03
1.624072e+02	-4.389503e-03
1.633453e+02	-4.389652e-03
1.642887e+02	-4.495192e-03
1.652377e+02	-4.481149e-03
1.661921e+02	-4.481690e-03
1.671520e+02	-4.447555e-03
1.681175e+02	-4.588572e-03
1.690885e+02	-4.595611e-03
1.700651e+02	-4.638139e-03
1.710474e+02	-4.624588e-03
1.720354e+02	-4.759901e-03
1.730291e+02	-4.873192e-03
1.740285e+02	-4.915843e-03
1.750337e+02	-4.962507e-03
1.760446e+02	-5.024877e-03
1.770615e+02	-4.996347e-03
1.780842e+02	-5.135450e-03
1.791128e+02	-5.149286e-03
1.801473e+02	-5.206819e-03
1.811878e+02	-5.235564e-03
1.822344e+02	-5.522727e-03
1.832870e+02	-5.417572e-03
1.843456e+02	-5.428566e-03
1.854104e+02	-5.421210e-03
1.864813e+02	-5.768444e-03
1.875584e+02	-5.804725e-03
1.886418e+02	-5.599063e-03
1.897313e+02	-5.746073e-03
1.908272e+02	-5.945031e-03
1.919294e+02	-5.980562e-03
1.930380e+02	-6.150175e-03
1.941530e+02	-6.165340e-03
1.952744e+02	-6.172624e-03
1.964023e+02	-6.182387e-03
1.975367e+02	-6.307124e-03
1.986777e+02	-6.274453e-03
1.998252e+02	-6.396036e-03
2.009794e+02	-6.544095e-03
2.021403e+02	-6.669323e-03
2.033078e+02	-6.641032e-03
2.044821e+02	-6.800411e-03
2.056632e+02	-6.856105e-03
2.068511e+02	-6.842343e-03
2.080459e+02	-7.021198e-03
2.092475e+02	-6.996130e-03
2.104561e+02	-7.259789e-03
2.116717e+02	-7.197602e-03
2.128943e+02	-7.371225e-03
2.141240e+02	-7.432988e-03
2.153608e+02	-7.569360e-03
2.166047e+02	-7.466883e-03
2.178558e+02	-7.622263e-03
2.191141e+02	-7.697504e-03
2.203797e+02	-7.826001e-03
2.216526e+02	-7.939214e-03
2.229329e+02	-7.998823e-03
2.242205e+02	-8.216245e-03
2.255156e+02	-8.302120e-03
2.268182e+02	-8.302021e-03
2.281283e+02	-8.420908e-03
2.294459e+02	-8.442584e-03
2.307712e+02	-8.679703e-03
2.321041e+02	-8.671842e-03
2.334447e+02	-8.788499e-03
2.347931e+02	-8.985320e-03
2.361493e+02	-9.082080e-03
2.375133e+02	-9.089059e-03
2.388851e+02	-9.295700e-03
2.402649e+02	-9.419111e-03
2.416527e+02	-9.387037e-03
2.430484e+02	-9.780930e-03
2.444523e+02	-9.689796e-03
2.458642e+02	-9.848781e-03
2.472843e+02	-9.863860e-03
2.487126e+02	-1.010170e-02
2.501492e+02	-1.026314e-02
2.515940e+02	-1.024491e-02
2.530472e+02	-1.043234e-02
2.545088e+02	-1.050804e-02
2.559789e+02	-1.062606e-02
2.574574e+02	-1.067583e-02
2.589444e+02	-1.083965e-02
2.604401e+02	-1.098600e-02
2.619444e+02	-1.105853e-02
2.634574e+02	-1.135587e-02
2.649791e+02	-1.146156e-02
2.665096e+02	-1.157273e-02
2.680489e+02	-1.165101e-02
2.695972e+02	-1.185270e-02
2.711544e+02	-1.191568e-02
2.727205e+02	-1.202964e-02
2.742958e+02	-1.214397e-02
2.758801e+02	-1.220997e-02
2.774736e+02	-1.250784e-02
2.790762e+02	-1.270059e-02
2.806882e+02	-1.289086e-02
2.823094e+02	-1.292424e-02
2.839400e+02	-1.297983e-02
2.855800e+02	-1.322222e-02
2.872295e+02	-1.348091e-02
2.888886e+02	-1.364494e-02
2.905572e+02	-1.360684e-02
2.922354e+02	-1.384555e-02
2.939234e+02	-1.388379e-02
2.956211e+02	-1.420485e-02
2.973286e+02	-1.430435e-02
2.990459e+02	-1.444010e-02
3.007732e+02	-1.465453e-02
3.025104e+02	-1.493909e-02
3.042577e+02	-1.495234e-02
3.060151e+02	-1.524169e-02
3.077826e+02	-1.532299e-02
3.095604e+02	-1.558149e-02
3.113484e+02	-1.584775e-02
3.131467e+02	-1.589264e-02
3.149554e+02	-1.613292e-02
3.167746e+02	-1.619814e-02
3.186043e+02	-1.643648e-02
3.204445e+02	-1.664349e-02
3.222954e+02	-1.694872e-02
3.241570e+02	-1.685429e-02
3.260293e+02	-1.727059e-02
3.279124e+02	-1.731569e-02
3.298064e+02	-1.755613e-02
3.317114e+02	-1.794331e-02
3.336273e+02	-1.797178e-02
3.355544e+02	-1.826397e-02
3.374925e+02	-1.840140e-02
3.394418e+02	-1.860643e-02
3.414024e+02	-1.897116e-02
3.433744e+02	-1.917225e-02
3.453577e+02	-1.935742e-02
3.473525e+02	-1.956668e-02
3.493588e+02	-1.981855e-02
3.513766e+02	-1.992268e-02
3.534062e+02	-2.027245e-02
3.554474e+02	-2.040944e-02
3.575005e+02	-2.073472e-02
3.595654e+02	-2.094983e-02
3.616422e+02	-2.119356e-02
3.637311e+02	-2.137776e-02
3.658320e+02	-2.160008e-02
3.679450e+02	-2.194696e-02
3.700702e+02	-2.214351e-02
3.722077e+02	-2.237882e-02
3.743576e+02	-2.263974e-02
3.765199e+02	-2.311705e-02
3.786946e+02	-2.317768e-02
3.808820e+02	-2.330309e-02
3.830819e+02	-2.374198e-02
3.852946e+02	-2.403071e-02
3.875200e+02	-2.419841e-02
3.897583e+02	-2.462488e-02
3.920096e+02	-2.489819e-02
3.942738e+02	-2.510530e-02
3.965511e+02	-2.543629e-02
3.988416e+02	-2.571012e-02
4.011452e+02	-2.592996e-02
4.034622e+02	-2.631262e-02
4.057926e+02	-2.665315e-02
4.081365e+02	-2.702883e-02
4.104938e+02	-2.716076e-02
4.128648e+02	-2.758579e-02
4.152495e+02	-2.793998e-02
4.176480e+02	-2.810603e-02
4.200603e+02	-2.854590e-02
4.224866e+02	-2.892536e-02
4.249268e+02	-2.927088e-02
4.273812e+02	-2.972695e-02
4.298497e+02	-2.971986e-02
4.323325e+02	-3.023142e-02
4.348297e+02	-3.053230e-02
4.373412e+02	-3.098167e-02
4.398673e+02	-3.128914e-02
4.424079e+02	-3.174427e-02
4.449633e+02	-3.193871e-02
4.475334e+02	-3.220656e-02
4.501183e+02	-3.284581e-02
4.527182e+02	-3.304659e-02
4.553330e+02	-3.348419e-02
4.579630e+02	-3.383736e-02
4.606082e+02	-3.405141e-02
4.632687e+02	-3.454026e-02
4.659445e+02	-3.523670e-02
4.686358e+02	-3.552255e-02
4.713426e+02	-3.597517e-02
4.740650e+02	-3.625258e-02
4.768032e+02	-3.669977e-02
4.795572e+02	-3.728664e-02
4.823271e+02	-3.748841e-02
4.851130e+02	-3.789267e-02
4.879150e+02	-3.844478e-02
4.907332e+02	-3.889595e-02
4.935676e+02	-3.942931e-02
4.964185e+02	-3.982238e-02
4.992858e+02	-4.035788e-02
5.021696e+02	-4.074863e-02
5.050701e+02	-4.112901e-02
5.079874e+02	-4.165152e-02
5.109215e+02	-4.223291e-02
5.138726e+02	-4.267621e-02
5.168407e+02	-4.322924e-02
5.198259e+02	-4.358248e-02
5.228284e+02	-4.407627e-02
5.258482e+02	-4.469369e-02
5.288855e+02	-4.504717e-02
5.319403e+02	-4.572532e-02
5.350128e+02	-4.617464e-02
5.381030e+02	-4.677059e-02
5.412111e+02	-4.723757e-02
5.443371e+02	-4.769863e-02
5.474812e+02	-4.840011e-02
5.506434e+02	-4.888394e-02
5.538239e+02	-4.950585e-02
5.570228e+02	-5.005588e-02
5.602401e+02	-5.064534e-02
5.634760e+02	-5.124472e-02
5.667306e+02	-5.187767e-02
5.700040e+02	-5.252890e-02
5.732964e+02	-5.299340e-02
5.766077e+02	-5.359433e-02
5.799382e+02	-5.427387e-02
5.832879e+02	-5.496679e-02
5.866569e+02	-5.553967e-02
5.900454e+02	-5.603566e-02
5.934535e+02	-5.665775e-02
5.968813e+02	-5.750729e-02
6.003288e+02	-5.799528e-02
6.037963e+02	-5.876121e-02
6.072838e+02	-5.937509e-02
6.107914e+02	-6.023592e-02
6.143194e+02	-6.081217e-02
6.178676e+02	-6.159623e-02
6.214364e+02	-6.243639e-02
6.250258e+02	-6.293814e-02
6.286359e+02	-6.380845e-02
6.322669e+02	-6.451010e-02
6.359189e+02	-6.527894e-02
6.395919e+02	-6.596870e-02
6.432862e+02	-6.659974e-02
6.470017e+02	-6.754346e-02
6.507388e+02	-6.815035e-02
6.544974e+02	-6.904259e-02
6.582778e+02	-6.973276e-02
6.620800e+02	-7.051319e-02
6.659041e+02	-7.133494e-02
6.697504e+02	-7.226404e-02
6.736188e+02	-7.306504e-02
6.775096e+02	-7.385464e-02
6.814229e+02	-7.470114e-02
6.853587e+02	-7.555900e-02
6.893173e+02	-7.641181e-02
6.932988e+02	-7.720308e-02
6.973033e+02	-7.829370e-02
7.013309e+02	-7.911351e-02
7.053817e+02	-8.019274e-02
7.094560e+02	-8.103992e-02
7.135538e+02	-8.185549e-02
7.176752e+02	-8.279008e-02
7.218205e+02	-8.384376e-02
7.259897e+02	-8.470816e-02
7.301830e+02	-8.586311e-02
7.344005e+02	-8.671413e-02
7.386424e+02	-8.773343e-02
7.429087e+02	-8.863822e-02
7.471998e+02	-8.986144e-02
7.515155e+02	-9.071490e-02
7.558563e+02	-9.185661e-02
7.602221e+02	-9.274944e-02
7.646131e+02	-9.389328e-02
7.690295e+02	-9.519845e-02
7.734713e+02	-9.611859e-02
7.779389e+02	-9.720732e-02
7.824322e+02	-9.845414e-02
7.869515e+02	-9.930784e-02
7.914969e+02	-1.006002e-01
7.960686e+02	-1.016231e-01
8.006666e+02	-1.028434e-01
8.052912e+02	-1.040258e-01
8.099426e+02	-1.051966e-01
8.146208e+02	-1.064545e-01
8.193260e+02	-1.076706e-01
8.240584e+02	-1.089242e-01
8.288181e+02	-1.102262e-01
8.336053e+02	-1.113439e-01
8.384202e+02	-1.126513e-01
8.432629e+02	-1.138134e-01
8.481335e+02	-1.151951e-01
8.530323e+02	-1.165724e-01
8.579594e+02	-1.178576e-01
8.629149e+02	-1.193538e-01
8.678991e+02	-1.205706e-01
8.729120e+02	-1.218301e-01
8.779539e+02	-1.233207e-01
8.830250e+02	-1.248301e-01
8.881253e+02	-1.262264e-01
8.932551e+02	-1.276681e-01
8.984145e+02	-1.290416e-01
9.036037e+02	-1.305845e-01
9.088229e+02	-1.320193e-01
9.140722e+02	-1.335852e-01
9.193518e+02	-1.351758e-01
9.246620e+02	-1.366772e-01
9.300028e+02	-1.381895e-01
9.353744e+02	-1.399161e-01
9.407771e+02	-1.414607e-01
9.462110e+02	-1.429517e-01
9.516763e+02	-1.446594e-01
9.571731e+02	-1.462052e-01
9.627017e+02	-1.480822e-01
9.682622e+02	-1.497144e-01
9.738549e+02	-1.513249e-01
9.794798e+02	-1.529505e-01
9.851373e+02	-1.549178e-01
9.908274e+02	-1.565315e-01
9.965504e+02	-1.583204e-01
1.002306e+03	-1.599715e-01
1.008096e+03	-1.619412e-01
1.013918e+03	-1.635370e-01
1.019775e+03	-1.657552e-01
1.025665e+03	-1.674011e-01
1.031589e+03	-1.692928e-01
1.037548e+03	-1.712717e-01
1.043540e+03	-1.732692e-01
1.049568e+03	-1.751051e-01
1.055630e+03	-1.772651e-01
1.061727e+03	-1.792831e-01
1.067860e+03	-1.814028e-01
1.074028e+03	-1.833995e-01
1.080231e+03	-1.850902e-01
1.086471e+03	-1.875568e-01
1.092746e+03	-1.897547e-01
1.099058e+03	-1.918329e-01
1.105406e+03	-1.940043e-01
1.111791e+03	-1.959373e-01
1.118212e+03	-1.984500e-01
1.124671e+03	-2.006173e-01
1.131167e+03	-2.028039e-01
1.137701e+03	-2.053614e-01
1.144272e+03	-2.074056e-01
1.150881e+03	-2.099127e-01
1.157529e+03	-2.122527e-01
1.164215e+03	-2.145733e-01
1.170939e+03	-2.169132e-01
1.177702e+03	-2.195208e-01
1.184505e+03	-2.219419e-01
1.191346e+03	-2.245654e-01
1.198227e+03	-2.271025e-01
1.205148e+03	-2.296269e-01
1.212109e+03	-2.321018e-01
1.219110e+03	-2.349430e-01
1.226152e+03	-2.373852e-01
1.233234e+03	-2.402056e-01
1.240357e+03	-2.427703e-01
1.247521e+03	-2.456266e-01
1.254727e+03	-2.483806e-01
1.261974e+03	-2.511692e-01
1.269263e+03	-2.539326e-01
1.276595e+03	-2.567590e-01
1.283968e+03	-2.596050e-01
1.291384e+03	-2.626369e-01
1.298843e+03	-2.654792e-01
1.306345e+03	-2.683474e-01
1.313891e+03	-2.716519e-01
1.321480e+03	-2.745241e-01
1.329113e+03	-2.776479e-01
1.336790e+03	-2.809786e-01
1.344511e+03	-2.839565e-01
1.352277e+03	-2.871389e-01
1.360087e+03	-2.902444e-01
1.367943e+03	-2.935819e-01
1.375844e+03	-2.968801e-01
1.383791e+03	-3.002385e-01
1.391784e+03	-3.034940e-01
1.399823e+03	-3.069253e-01
1.407908e+03	-3.105004e-01
1.416040e+03	-3.138060e-01
1.424219e+03	-3.171421e-01
1.432445e+03	-3.208807e-01
1.440719e+03	-3.244290e-01
1.449041e+03	-3.281260e-01
1.457410e+03	-3.317459e-01
1.465828e+03	-3.354092e-01
1.474295e+03	-3.389864e-01
1.482810e+03	-3.429436e-01
1.491375e+03	-3.467195e-01
1.499989e+03	-3.506147e-01
1.508653e+03	-3.545314e-01
1.517367e+03	-3.584357e-01
1.526131e+03	-3.625699e-01
1.534946e+03	-3.664783e-01
1.543812e+03	-3.705552e-01
1.552729e+03	-3.744590e-01
1.561697e+03	-3.789861e-01
1.570717e+03	-3.830158e-01
1.579790e+03	-3.873663e-01
1.588915e+03	-3.915450e-01
1.598092e+03	-3.960002e-01
1.607323e+03	-4.002977e-01
1.616606e+03	-4.045772e-01
1.625944e+03	-4.090719e-01
1.635335e+03	-4.137872e-01
1.644781e+03	-4.182806e-01
1.654281e+03	-4.227683e-01
1.663836e+03	-4.275452e-01
1.673446e+03	-4.323201e-01
1.683112e+03	-4.370067e-01
1.692834e+03	-4.418857e-01
1.702611e+03	-4.466106e-01
1.712446e+03	-4.517973e-01
1.722337e+03	-4.565815e-01
1.732285e+03	-4.614327e-01
1.742290e+03	-4.666513e-01
1.752354e+03	-4.719062e-01
1.762475e+03	-4.768909e-01
1.772655e+03	-4.822219e-01
1.782894e+03	-4.874617e-01
1.793192e+03	-4.926995e-01
1.803549e+03	-4.981318e-01
1.813967e+03	-5.037337e-01
1.824444e+03	-5.091695e-01
1.834982e+03	-5.146934e-01
1.845581e+03	-5.204731e-01
1.856241e+03	-5.259549e-01
1.866962e+03	-5.318102e-01
1.877746e+03	-5.376435e-01
1.888592e+03	-5.434984e-01
1.899500e+03	-5.492753e-01
1.910472e+03	-5.552983e-01
1.921506e+03	-5.613593e-01
1.932605e+03	-5.674019e-01
1.943768e+03	-5.735480e-01
1.954995e+03	-5.798576e-01
1.966287e+03	-5.860338e-01
1.977644e+03	-5.923780e-01
1.989067e+03	-5.987368e-01
2.000555e+03	-6.053000e-01
2.012110e+03	-6.118214e-01
2.023732e+03	-6.184500e-01
2.035421e+03	-6.250983e-01
2.047178e+03	-6.318204e-01
2.059002e+03	-6.383785e-01
2.070895e+03	-6.455386e-01
2.082856e+03	-6.523228e-01
2.094887e+03	-6.593320e-01
2.106987e+03	-6.664464e-01
2.119157e+03	-6.736508e-01
2.131397e+03	-6.809516e-01
2.143708e+03	-6.879611e-01
2.156090e+03	-6.956171e-01
2.168543e+03	-7.029688e-01
2.181069e+03	-7.104305e-01
2.193666e+03	-7.182445e-01
2.206337e+03	-7.257546e-01
2.219081e+03	-7.332824e-01
2.231898e+03	-7.412379e-01
2.244789e+03	-7.492884e-01
2.257755e+03	-7.569925e-01
2.270796e+03	-7.650310e-01
2.283912e+03	-7.732498e-01
2.297104e+03	-7.815295e-01
2.310372e+03	-7.896567e-01
2.323716e+03	-7.979966e-01
2.337138e+03	-8.066435e-01
2.350637e+03	-8.150236e-01
2.364214e+03	-8.236478e-01
2.377870e+03	-8.321320e-01
2.391604e+03	-8.410106e-01
2.405418e+03	-8.498879e-01
2.419312e+03	-8.589213e-01
2.433286e+03	-8.680416e-01
2.447340e+03	-8.768215e-01
2.461476e+03	-8.860510e-01
2.475693e+03	-8.952799e-01
2.489993e+03	-9.047808e-01
2.504375e+03	-9.142828e-01
2.518840e+03	-9.236801e-01
2.533389e+03	-9.334079e-01
2.548022e+03	-9.430802e-01
2.562739e+03	-9.526479e-01
2.577541e+03	-9.627503e-01
2.592429e+03	-9.729513e-01
2.607403e+03	-9.830273e-01
2.622463e+03	-9.930606e-01
2.637610e+03	-1.003435e+00
2.652845e+03	-1.013644e+00
2.668168e+03	-1.023965e+00
2.683579e+03	-1.034469e+00
2.699079e+03	-1.045285e+00
2.714669e+03	-1.055988e+00
2.730349e+03	-1.066717e+00
2.746119e+03	-1.077966e+00
2.761981e+03	-1.088852e+00
2.777934e+03	-1.099976e+00
2.793979e+03	-1.111152e+00
2.810117e+03	-1.122387e+00
2.826348e+03	-1.134157e+00
2.842673e+03	-1.145639e+00
2.859092e+03	-1.157089e+00
2.875606e+03	-1.168982e+00
2.892215e+03	-1.180762e+00
2.908921e+03	-1.192641e+00
2.925722e+03	-1.204734e+00
2.942621e+03	-1.216969e+00
2.959618e+03	-1.229101e+00
2.976712e+03	-1.241516e+00
2.993906e+03	-1.254098e+00
3.011198e+03	-1.266566e+00
3.028591e+03	-1.279242e+00
3.046084e+03	-1.292219e+00
3.063678e+03	-1.305166e+00
3.081374e+03	-1.317967e+00
3.099172e+03	-1.331235e+00
3.117072e+03	-1.344408e+00
3.135076e+03	-1.357779e+00
3.153184e+03	-1.371365e+00
3.171397e+03	-1.384846e+00
3.189715e+03	-1.398650e+00
3.208139e+03	-1.412168e+00
3.226669e+03	-1.426291e+00
3.245306e+03	-1.440367e+00
3.264051e+03	-1.454418e+00
3.282904e+03	-1.468691e+00
3.301866e+03	-1.483056e+00
3.320937e+03	-1.497600e+00
3.340119e+03	-1.512283e+00
3.359411e+03	-1.526959e+00
3.378815e+03	-1.541880e+00
3.398331e+03	-1.557060e+00
3.417959e+03	-1.572072e+00
3.437701e+03	-1.587518e+00
3.457557e+03	-1.602693e+00
3.477528e+03	-1.618113e+00
3.497614e+03	-1.633848e+00
3.517816e+03	-1.649223e+00
3.538135e+03	-1.665268e+00
3.558571e+03	-1.681303e+00
3.579125e+03	-1.697516e+00
3.599798e+03	-1.713464e+00
3.620590e+03	-1.730021e+00
3.641503e+03	-1.746052e+00
3.662536e+03	-1.763216e+00
3.683691e+03	-1.779726e+00
3.704967e+03	-1.796723e+00
3.726367e+03	-1.813452e+00
3.747890e+03	-1.830852e+00
3.769538e+03	-1.847801e+00
3.791311e+03	-1.865429e+00
3.813209e+03	-1.882805e+00
3.835234e+03	-1.900376e+00
3.857386e+03	-1.918294e+00
3.879667e+03	-1.936040e+00
3.902075e+03	-1.954169e+00
3.924614e+03	-1.972459e+00
3.947282e+03	-1.990610e+00
3.970081e+03	-2.008995e+00
3.993012e+03	-2.027645e+00
4.016076e+03	-2.046282e+00
4.039272e+03	-2.065246e+00
4.062603e+03	-2.084167e+00
4.086069e+03	-2.103039e+00
4.109670e+03	-2.122473e+00
4.133407e+03	-2.141784e+00
4.157281e+03	-2.161159e+00
4.181294e+03	-2.181110e+00
4.205445e+03	-2.200731e+00
4.229735e+03	-2.220667e+00
4.254166e+03	-2.240658e+00
4.278738e+03	-2.260865e+00
4.303451e+03	-2.281238e+00
4.328308e+03	-2.301784e+00
4.353308e+03	-2.322291e+00
4.378453e+03	-2.343034e+00
4.403742e+03	-2.363880e+00
4.429178e+03	-2.384732e+00
4.454761e+03	-2.406025e+00
4.480492e+03	-2.427203e+00
4.506371e+03	-2.448770e+00
4.532399e+03	-2.470722e+00
4.558578e+03	-2.492133e+00
4.584908e+03	-2.513956e+00
4.611391e+03	-2.535992e+00
4.638026e+03	-2.558207e+00
4.664815e+03	-2.580443e+00
4.691759e+03	-2.602738e+00
4.718858e+03	-2.625491e+00
4.746114e+03	-2.648193e+00
4.773527e+03	-2.670984e+00
4.801099e+03	-2.693831e+00
4.828830e+03	-2.717073e+00
4.856721e+03	-2.740337e+00
4.884773e+03	-2.763890e+00
4.912988e+03	-2.787379e+00
4.941365e+03	-2.811067e+00
4.969906e+03	-2.834722e+00
4.998612e+03	-2.859133e+00
5.027484e+03	-2.882960e+00
5.056522e+03	-2.907178e+00
5.085729e+03	-2.931559e+00
5.115104e+03	-2.956295e+00
5.144648e+03	-2.980913e+00
5.174363e+03	-3.005853e+00
5.204250e+03	-3.030750e+00
5.234310e+03	-3.055639e+00
5.264543e+03	-3.081318e+00
5.294951e+03	-3.106538e+00
5.325534e+03	-3.132055e+00
5.356294e+03	-3.157697e+00
5.387232e+03	-3.183503e+00
5.418348e+03	-3.209494e+00
5.449645e+03	-3.235648e+00
5.481122e+03	-3.261950e+00
5.512780e+03	-3.288341e+00
5.544622e+03	-3.314712e+00
5.576647e+03	-3.341404e+00
5.608858e+03	-3.368465e+00
5.641254e+03	-3.395257e+00
5.673838e+03	-3.422244e+00
5.706610e+03	-3.449747e+00
5.739571e+03	-3.477017e+00
5.772723e+03	-3.504629e+00
5.806066e+03	-3.532411e+00
5.839601e+03	-3.560183e+00
5.873331e+03	-3.588079e+00
5.907255e+03	-3.616184e+00
5.941375e+03	-3.644505e+00
5.975692e+03	-3.672529e+00
6.010207e+03	-3.701160e+00
6.044922e+03	-3.729806e+00
6.079837e+03	-3.758662e+00
6.114954e+03	-3.787521e+00
6.150274e+03	-3.816544e+00
6.185797e+03	-3.845761e+00
6.221526e+03	-3.874990e+00
6.257462e+03	-3.904364e+00
6.293605e+03	-3.934187e+00
6.329956e+03	-3.963948e+00
6.366518e+03	-3.993754e+00
6.403290e+03	-4.023764e+00
6.440276e+03	-4.053894e+00
6.477474e+03	-4.084250e+00
6.514888e+03	-4.114511e+00
6.552518e+03	-4.145106e+00
6.590365e+03	-4.175981e+00
6.628430e+03	-4.206538e+00
6.666716e+03	-4.237358e+00
6.705223e+03	-4.268637e+00
6.743952e+03	-4.299817e+00
6.782905e+03	-4.331243e+00
6.822082e+03	-4.362754e+00
6.861486e+03	-4.394233e+00
6.901118e+03	-4.425997e+00
6.940979e+03	-4.457673e+00
6.981069e+03	-4.490139e+00
7.021392e+03	-4.521839e+00
7.061947e+03	-4.554243e+00
7.102737e+03	-4.586568e+00
7.143762e+03	-4.618940e+00
7.185024e+03	-4.651709e+00
7.226524e+03	-4.684373e+00
7.268264e+03	-4.717266e+00
7.310246e+03	-4.750174e+00
7.352469e+03	-4.783453e+00
7.394937e+03	-4.816760e+00
7.437650e+03	-4.850032e+00
7.480609e+03	-4.883603e+00
7.523817e+03	-4.917525e+00
7.567274e+03	-4.951026e+00
7.610982e+03	-4.985143e+00
7.654943e+03	-5.018748e+00
7.699158e+03	-5.052664e+00
7.743628e+03	-5.087095e+00
7.788355e+03	-5.121330e+00
7.833340e+03	-5.155605e+00
7.878585e+03	-5.190395e+00
7.924091e+03	-5.224869e+00
7.969861e+03	-5.259788e+00
8.015894e+03	-5.295107e+00
8.062194e+03	-5.329731e+00
8.108761e+03	-5.364753e+00
8.155596e+03	-5.400457e+00
8.202703e+03	-5.435854e+00
8.250081e+03	-5.471151e+00
8.297733e+03	-5.506716e+00
8.345661e+03	-5.542580e+00
8.393865e+03	-5.578292e+00
8.442348e+03	-5.614512e+00
8.491110e+03	-5.650117e+00
8.540155e+03	-5.686232e+00
8.589482e+03	-5.722627e+00
8.639095e+03	-5.758942e+00
8.688994e+03	-5.795481e+00
8.739181e+03	-5.832301e+00
8.789658e+03	-5.869048e+00
8.840427e+03	-5.905395e+00
8.891489e+03	-5.942290e+00
8.942846e+03	-5.979512e+00
8.994499e+03	-6.016374e+00
9.046451e+03	-6.053700e+00
9.098703e+03	-6.090804e+00
9.151257e+03	-6.128171e+00
9.204114e+03	-6.165745e+00
9.257277e+03	-6.203308e+00
9.310746e+03	-6.241229e+00
9.364525e+03	-6.278987e+00
9.418614e+03	-6.317190e+00
9.473015e+03	-6.354805e+00
9.527731e+03	-6.393191e+00
9.582763e+03	-6.431153e+00
9.638113e+03	-6.469721e+00
9.693782e+03	-6.507781e+00
9.749773e+03	-6.546341e+00
9.806087e+03	-6.584711e+00
9.862727e+03	-6.623446e+00
9.919693e+03	-6.662032e+00
9.976989e+03	-6.701135e+00
1.003462e+04	-6.739799e+00
1.009258e+04	-6.779030e+00
1.015087e+04	-6.818193e+00
1.020950e+04	-6.856938e+00
1.026847e+04	-6.896553e+00
1.032778e+04	-6.935945e+00
1.038743e+04	-6.975597e+00
1.044743e+04	-7.014930e+00
1.050777e+04	-7.054349e+00
1.056847e+04	-7.094413e+00
1.062951e+04	-7.133908e+00
1.069091e+04	-7.173784e+00
1.075266e+04	-7.213312e+00
1.081476e+04	-7.253831e+00
1.087723e+04	-7.293604e+00
1.094006e+04	-7.333865e+00
1.100324e+04	-7.374413e+00
1.106680e+04	-7.414343e+00
1.113072e+04	-7.455025e+00
1.119501e+04	-7.495709e+00
1.125967e+04	-7.536170e+00
1.132471e+04	-7.576720e+00
1.139012e+04	-7.617048e+00
1.145591e+04	-7.657972e+00
1.152208e+04	-7.698564e+00
1.158863e+04	-7.739927e+00
1.165556e+04	-7.780595e+00
1.172289e+04	-7.821811e+00
1.179060e+04	-7.862972e+00
1.185870e+04	-7.903709e+00
1.192719e+04	-7.945000e+00
1.199608e+04	-7.986834e+00
1.206537e+04	-8.027888e+00
1.213506e+04	-8.069370e+00
1.220515e+04	-8.111106e+00
1.227565e+04	-8.152595e+00
1.234655e+04	-8.194838e+00
1.241787e+04	-8.236182e+00
1.248959e+04	-8.277667e+00
1.256173e+04	-8.319983e+00
1.263429e+04	-8.361316e+00
1.270726e+04	-8.403185e+00
1.278066e+04	-8.445437e+00
1.285448e+04	-8.487225e+00
1.292873e+04	-8.529342e+00
1.300340e+04	-8.571499e+00
1.307851e+04	-8.614026e+00
1.315405e+04	-8.656142e+00
1.323003e+04	-8.698330e+00
1.330644e+04	-8.741133e+00
1.338330e+04	-8.783417e+00
1.346060e+04	-8.826084e+00
1.353835e+04	-8.869037e+00
1.361655e+04	-8.911809e+00
1.369520e+04	-8.954015e+00
1.377430e+04	-8.996687e+00
1.385386e+04	-9.038875e+00
1.393388e+04	-9.082050e+00
1.401436e+04	-9.125038e+00
1.409531e+04	-9.167980e+00
1.417672e+04	-9.210409e+00
1.425861e+04	-9.254016e+00
1.434096e+04	-9.296721e+00
1.442379e+04	-9.339935e+00
1.450711e+04	-9.382931e+00
1.459090e+04	-9.426369e+00
1.467518e+04	-9.469671e+00
1.475994e+04	-9.512919e+00
1.484519e+04	-9.555986e+00
1.493094e+04	-9.599162e+00
1.501718e+04	-9.642542e+00
1.510392e+04	-9.686255e+00
1.519116e+04	-9.729572e+00
1.527890e+04	-9.772900e+00
1.536715e+04	-9.816849e+00
1.545591e+04	-9.860161e+00
1.554518e+04	-9.903495e+00
1.563497e+04	-9.947673e+00
1.572528e+04	-9.991276e+00
1.581611e+04	-1.003466e+01
1.590746e+04	-1.007803e+01
1.599934e+04	-1.012243e+01
1.609175e+04	-1.016606e+01
1.618470e+04	-1.020992e+01
1.627818e+04	-1.025393e+01
1.637220e+04	-1.029789e+01
1.646677e+04	-1.034206e+01
1.656188e+04	-1.038552e+01
1.665754e+04	-1.042972e+01
1.675375e+04	-1.047315e+01
1.685052e+04	-1.051710e+01
1.694785e+04	-1.056181e+01
1.704574e+04	-1.060572e+01
1.714419e+04	-1.065036e+01
1.724322e+04	-1.069392e+01
1.734281e+04	-1.073829e+01
1.744299e+04	-1.078220e+01
1.754374e+04	-1.082635e+01
1.764507e+04	-1.087088e+01
1.774698e+04	-1.091448e+01
1.784949e+04	-1.095921e+01
1.795259e+04	-1.100309e+01
1.805628e+04	-1.104753e+01
1.816057e+04	-1.109258e+01
1.826547e+04	-1.113615e+01
1.837097e+04	-1.118072e+01
1.847708e+04	-1.122495e+01
1.858380e+04	-1.126926e+01
1.869114e+04	-1.131381e+01
1.879910e+04	-1.135795e+01
1.890768e+04	-1.140255e+01
1.901689e+04	-1.144718e+01
1.912673e+04	-1.149137e+01
1.923721e+04	-1.153594e+01
1.934832e+04	-1.158058e+01
1.946008e+04	-1.162544e+01
1.957248e+04	-1.166931e+01
1.968553e+04	-1.171413e+01
1.979923e+04	-1.175793e+01
1.991359e+04	-1.180260e+01
2.002861e+04	-1.184725e+01
2.014430e+04	-1.189137e+01
2.026065e+04	-1.193662e+01
2.037767e+04	-1.198036e+01
2.049537e+04	-1.202513e+01
2.061375e+04	-1.206967e+01
2.073282e+04	-1.211383e+01
2.085257e+04	-1.215882e+01
2.097301e+04	-1.220298e+01
2.109415e+04	-1.224786e+01
2.121599e+04	-1.229227e+01
2.133853e+04	-1.233635e+01
2.146178e+04	-1.238135e+01
2.158575e+04	-1.242626e+01
2.171043e+04	-1.247015e+01
2.183582e+04	-1.251504e+01
2.196195e+04	-1.256011e+01
2.208880e+04	-1.260401e+01
2.221638e+04	-1.264766e+01
2.234470e+04	-1.269280e+01
2.247377e+04	-1.273718e+01
2.260357e+04	-1.278218e+01
2.273413e+04	-1.282644e+01
2.286544e+04	-1.287069e+01
2.299751e+04	-1.291504e+01
2.313034e+04	-1.295984e+01
2.326394e+04	-1.300405e+01
2.339832e+04	-1.304853e+01
2.353346e+04	-1.309293e+01
2.366939e+04	-1.313697e+01
2.380610e+04	-1.318182e+01
2.394361e+04	-1.322638e+01
2.408191e+04	-1.327071e+01
2.422100e+04	-1.331509e+01
2.436090e+04	-1.335914e+01
2.450161e+04	-1.340335e+01
2.464313e+04	-1.344834e+01
2.478547e+04	-1.349125e+01
2.492863e+04	-1.353596e+01
2.507261e+04	-1.358100e+01
2.521743e+04	-1.362455e+01
2.536309e+04	-1.366855e+01
2.550958e+04	-1.371226e+01
2.565692e+04	-1.375686e+01
2.580512e+04	-1.380108e+01
2.595417e+04	-1.384501e+01
2.610408e+04	-1.388915e+01
2.625485e+04	-1.393313e+01
2.640650e+04	-1.397713e+01
2.655902e+04	-1.402046e+01
2.671243e+04	-1.406532e+01
2.686672e+04	-1.410895e+01
2.702190e+04	-1.415262e+01
2.717798e+04	-1.419639e+01
2.733495e+04	-1.424019e+01
2.749284e+04	-1.428385e+01
2.765164e+04	-1.432804e+01
2.781135e+04	-1.437161e+01
2.797199e+04	-1.441476e+01
2.813355e+04	-1.445841e+01
2.829605e+04	-1.450170e+01
2.845949e+04	-1.454690e+01
2.862387e+04	-1.458970e+01
2.878920e+04	-1.463267e+01
2.895549e+04	-1.467626e+01
2.912273e+04	-1.471850e+01
2.929094e+04	-1.476248e+01
2.946013e+04	-1.480542e+01
2.963029e+04	-1.484954e+01
2.980143e+04	-1.489285e+01
2.997356e+04	-1.493579e+01
3.014669e+04	-1.497880e+01
3.032081e+04	-1.502132e+01
3.049595e+04	-1.506447e+01
3.067209e+04	-1.510746e+01
3.084925e+04	-1.515050e+01
3.102743e+04	-1.519358e+01
3.120665e+04	-1.523527e+01
3.138690e+04	-1.527939e+01
3.156819e+04	-1.532192e+01
3.175052e+04	-1.536477e+01
3.193391e+04	-1.540627e+01
3.211836e+04	-1.544969e+01
3.230388e+04	-1.549206e+01
3.249046e+04	-1.553408e+01
3.267812e+04	-1.557591e+01
3.286687e+04	-1.561829e+01
3.305671e+04	-1.566130e+01
3.324764e+04	-1.570321e+01
3.343968e+04	-1.574428e+01
3.363283e+04	-1.578584e+01
3.382709e+04	-1.582845e+01
3.402247e+04	-1.586969e+01
3.421899e+04	-1.591202e+01
3.441663e+04	-1.595381e+01
3.461542e+04	-1.599456e+01
3.481536e+04	-1.603744e+01
3.501645e+04	-1.607810e+01
3.521871e+04	-1.612013e+01
3.542213e+04	-1.616130e+01
3.562672e+04	-1.620373e+01
3.583250e+04	-1.624257e+01
3.603947e+04	-1.628394e+01
3.624763e+04	-1.632453e+01
3.645700e+04	-1.636646e+01
3.666757e+04	-1.640740e+01
3.687936e+04	-1.644727e+01
3.709238e+04	-1.648877e+01
3.730662e+04	-1.652839e+01
3.752210e+04	-1.656980e+01
3.773883e+04	-1.660929e+01
3.795680e+04	-1.665042e+01
3.817604e+04	-1.669007e+01
3.839654e+04	-1.673054e+01
3.861832e+04	-1.676965e+01
3.884138e+04	-1.681064e+01
3.906573e+04	-1.685017e+01
3.929137e+04	-1.689075e+01
3.951831e+04	-1.692953e+01
3.974657e+04	-1.696983e+01
3.997614e+04	-1.700719e+01
4.020704e+04	-1.704763e+01
4.043928e+04	-1.708565e+01
4.067285e+04	-1.712501e+01
4.090778e+04	-1.716454e+01
4.114406e+04	-1.720322e+01
4.138171e+04	-1.724089e+01
4.162073e+04	-1.727936e+01
4.186113e+04	-1.731832e+01
4.210291e+04	-1.735706e+01
4.234610e+04	-1.739501e+01
4.259069e+04	-1.743211e+01
4.283669e+04	-1.747122e+01
4.308411e+04	-1.750854e+01
4.333297e+04	-1.754598e+01
4.358325e+04	-1.758366e+01
4.383499e+04	-1.762078e+01
4.408818e+04	-1.765861e+01
4.434283e+04	-1.769557e+01
4.459895e+04	-1.773215e+01
4.485655e+04	-1.776947e+01
4.511564e+04	-1.780567e+01
4.537623e+04	-1.784131e+01
4.563832e+04	-1.787935e+01
4.590193e+04	-1.791502e+01
4.616705e+04	-1.795073e+01
4.643371e+04	-1.798666e+01
4.670191e+04	-1.802289e+01
4.697166e+04	-1.805794e+01
4.724297e+04	-1.809359e+01
4.751584e+04	-1.812797e+01
4.779029e+04	-1.816264e+01
4.806633e+04	-1.819901e+01
4.834395e+04	-1.823228e+01
4.862319e+04	-1.826901e+01
4.890403e+04	-1.830172e+01
4.918650e+04	-1.833537e+01
4.947060e+04	-1.837062e+01
4.975634e+04	-1.840495e+01
5.004373e+04	-1.843848e+01
5.033278e+04	-1.847107e+01
5.062350e+04	-1.850514e+01
5.091590e+04	-1.853689e+01
5.120999e+04	-1.857108e+01
5.150578e+04	-1.860288e+01
5.180327e+04	-1.863660e+01
5.210248e+04	-1.866683e+01
5.240343e+04	-1.869906e+01
5.270611e+04	-1.873125e+01
5.301053e+04	-1.876191e+01
5.331672e+04	-1.879443e+01
5.362468e+04	-1.882662e+01
5.393441e+04	-1.885624e+01
5.424593e+04	-1.888739e+01
5.455926e+04	-1.891664e+01
5.487439e+04	-1.894880e+01
5.519134e+04	-1.897768e+01
5.551012e+04	-1.900780e+01
5.583075e+04	-1.903669e+01
5.615322e+04	-1.906666e+01
5.647756e+04	-1.909441e+01
5.680377e+04	-1.912437e+01
5.713187e+04	-1.915216e+01
5.746186e+04	-1.917898e+01
5.779376e+04	-1.920681e+01
5.812757e+04	-1.923659e+01
5.846332e+04	-1.926241e+01
5.880100e+04	-1.929027e+01
5.914063e+04	-1.931710e+01
5.948222e+04	-1.934318e+01
5.982579e+04	-1.936917e+01
6.017134e+04	-1.939689e+01
6.051889e+04	-1.942177e+01
6.086844e+04	-1.944631e+01
6.122002e+04	-1.947170e+01
6.157362e+04	-1.949633e+01
6.192927e+04	-1.952095e+01
6.228697e+04	-1.954578e+01
6.264674e+04	-1.956873e+01
6.300858e+04	-1.959195e+01
6.337252e+04	-1.961603e+01
6.373855e+04	-1.963828e+01
6.410670e+04	-1.966212e+01
6.447698e+04	-1.968158e+01
6.484940e+04	-1.970366e+01
6.522397e+04	-1.972632e+01
6.560070e+04	-1.974822e+01
6.597960e+04	-1.976682e+01
6.636070e+04	-1.978709e+01
6.674400e+04	-1.980669e+01
6.712951e+04	-1.982678e+01
6.751724e+04	-1.984652e+01
6.790722e+04	-1.986482e+01
6.829945e+04	-1.988351e+01
6.869395e+04	-1.989960e+01
6.909072e+04	-1.991825e+01
6.948978e+04	-1.993543e+01
6.989115e+04	-1.995087e+01
7.029484e+04	-1.996786e+01
7.070086e+04	-1.998281e+01
7.110923e+04	-1.999724e+01
7.151995e+04	-2.001306e+01
7.193305e+04	-2.002609e+01
7.234853e+04	-2.003900e+01
7.276641e+04	-2.005487e+01
7.318671e+04	-2.006685e+01
7.360943e+04	-2.007836e+01
7.403460e+04	-2.009230e+01
7.446222e+04	-2.010178e+01
7.489231e+04	-2.011316e+01
7.532488e+04	-2.012278e+01
7.575996e+04	-2.013134e+01
7.619754e+04	-2.014069e+01
7.663766e+04	-2.014919e+01
7.708031e+04	-2.015703e+01
7.752553e+04	-2.016556e+01
7.797331e+04	-2.017156e+01
7.842368e+04	-2.017873e+01
7.887665e+04	-2.018303e+01
7.933224e+04	-2.018765e+01
7.979046e+04	-2.019176e+01
8.025133e+04	-2.019540e+01
8.071486e+04	-2.019973e+01
8.118106e+04	-2.020109e+01
8.164996e+04	-2.020292e+01
8.212157e+04	-2.020238e+01
8.259590e+04	-2.020553e+01
8.307297e+04	-2.020513e+01
8.355279e+04	-2.020454e+01
8.403539e+04	-2.020244e+01
8.452078e+04	-2.019784e+01
8.500897e+04	-2.019462e+01
8.549997e+04	-2.019000e+01
8.599382e+04	-2.018451e+01
8.649052e+04	-2.017984e+01
8.699008e+04	-2.017422e+01
8.749253e+04	-2.016545e+01
8.799789e+04	-2.015591e+01
8.850616e+04	-2.014865e+01
8.901737e+04	-2.013892e+01
8.953153e+04	-2.012776e+01
9.004866e+04	-2.011563e+01
9.056877e+04	-2.010461e+01
9.109190e+04	-2.008843e+01
9.161804e+04	-2.007465e+01
9.214722e+04	-2.005787e+01
9.267946e+04	-2.003952e+01
9.321477e+04	-2.002341e+01
9.375318e+04	-2.000389e+01
9.429469e+04	-1.998537e+01
9.483933e+04	-1.996403e+01
9.538712e+04	-1.994148e+01
9.593807e+04	-1.991784e+01
9.649221e+04	-1.989373e+01
9.704954e+04	-1.986854e+01
9.761010e+04	-1.984300e+01
9.817389e+04	-1.981364e+01
9.874094e+04	-1.978563e+01
9.931126e+04	-1.975426e+01
9.988488e+04	-1.972286e+01
1.004618e+05	-1.968725e+01
1.010421e+05	-1.965433e+01
1.016257e+05	-1.962029e+01
1.022127e+05	-1.958037e+01
1.028031e+05	-1.954182e+01
1.033968e+05	-1.950161e+01
1.039941e+05	-1.945930e+01
1.045947e+05	-1.941527e+01
1.051989e+05	-1.936971e+01
1.058065e+05	-1.932365e+01
1.064176e+05	-1.927409e+01
1.070323e+05	-1.922556e+01
1.076505e+05	-1.917185e+01
1.082723e+05	-1.911866e+01
1.088977e+05	-1.906162e+01
1.095266e+05	-1.900543e+01
1.101593e+05	-1.894256e+01
1.107955e+05	-1.888188e+01
1.114355e+05	-1.881804e+01
1.120791e+05	-1.875126e+01
1.127265e+05	-1.868519e+01
1.133776e+05	-1.861244e+01
1.140325e+05	-1.854050e+01
1.146911e+05	-1.846599e+01
1.153536e+05	-1.838705e+01
1.160198e+05	-1.830711e+01
1.166900e+05	-1.822305e+01
1.173640e+05	-1.813689e+01
1.180419e+05	-1.804926e+01
1.187237e+05	-1.795749e+01
1.194094e+05	-1.786242e+01
1.200991e+05	-1.776704e+01
1.207928e+05	-1.766552e+01
1.214905e+05	-1.756001e+01
1.221922e+05	-1.745307e+01
1.228980e+05	-1.734364e+01
1.236078e+05	-1.722829e+01
1.243218e+05	-1.711084e+01
1.250399e+05	-1.698984e+01
1.257621e+05	-1.686336e+01
1.264885e+05	-1.673193e+01
1.272191e+05	-1.659701e+01
1.279539e+05	-1.645731e+01
1.286930e+05	-1.631523e+01
1.294363e+05	-1.616538e+01
1.301839e+05	-1.601256e+01
1.309358e+05	-1.585350e+01
1.316921e+05	-1.568807e+01
1.324528e+05	-1.551781e+01
1.332178e+05	-1.534028e+01
1.339873e+05	-1.515740e+01
1.347612e+05	-1.496794e+01
1.355395e+05	-1.477184e+01
1.363224e+05	-1.456732e+01
1.371098e+05	-1.435637e+01
1.379018e+05	-1.413741e+01
1.386983e+05	-1.390991e+01
1.394994e+05	-1.367313e+01
1.403051e+05	-1.342743e+01
1.411155e+05	-1.317149e+01
1.419306e+05	-1.290610e+01
1.427504e+05	-1.262853e+01
1.435749e+05	-1.234104e+01
1.444042e+05	-1.204065e+01
1.452383e+05	-1.172755e+01
1.460772e+05	-1.140253e+01
1.469209e+05	-1.106130e+01
1.477695e+05	-1.070640e+01
1.486230e+05	-1.033680e+01
1.494814e+05	-9.950010e+00
1.503448e+05	-9.548124e+00
1.512132e+05	-9.130524e+00
1.520866e+05	-8.695568e+00
1.529651e+05	-8.245361e+00
1.538486e+05	-7.781236e+00
1.547372e+05	-7.303928e+00
1.556310e+05	-6.819408e+00
1.565299e+05	-6.331831e+00
1.574340e+05	-5.850007e+00
1.583433e+05	-5.385454e+00
1.592579e+05	-4.953633e+00
1.601778e+05	-4.572086e+00
1.611030e+05	-4.262805e+00
1.620335e+05	-4.047139e+00
1.629694e+05	-3.942549e+00
1.639107e+05	-3.960345e+00
1.648574e+05	-4.101155e+00
1.658097e+05	-4.355229e+00
1.667674e+05	-4.706609e+00
1.677306e+05	-5.133132e+00
1.686994e+05	-5.613442e+00
1.696738e+05	-6.129251e+00
1.706538e+05	-6.663349e+00
1.716395e+05	-7.204867e+00
1.726309e+05	-7.745117e+00
1.736280e+05	-8.277321e+00
1.746309e+05	-8.797926e+00
1.756395e+05	-9.304134e+00
1.766540e+05	-9.793720e+00
1.776744e+05	-1.026678e+01
1.787006e+05	-1.072325e+01
1.797328e+05	-1.116312e+01
1.807709e+05	-1.158650e+01
1.818150e+05	-1.199396e+01
1.828652e+05	-1.238586e+01
1.839214e+05	-1.276267e+01
1.849837e+05	-1.312559e+01
1.860522e+05	-1.347587e+01
1.871268e+05	-1.381225e+01
1.882077e+05	-1.413589e+01
1.892948e+05	-1.444860e+01
1.903881e+05	-1.474976e+01
1.914878e+05	-1.503952e+01
1.925938e+05	-1.531940e+01
1.937062e+05	-1.558938e+01
1.948251e+05	-1.585093e+01
1.959504e+05	-1.610134e+01
1.970822e+05	-1.634403e+01
1.982205e+05	-1.657727e+01
1.993654e+05	-1.680318e+01
2.005169e+05	-1.702125e+01
2.016751e+05	-1.723019e+01
2.028400e+05	-1.743189e+01
2.040116e+05	-1.762790e+01
2.051899e+05	-1.781584e+01
2.063751e+05	-1.799654e+01
2.075671e+05	-1.817173e+01
2.087660e+05	-1.833814e+01
2.099719e+05	-1.849803e+01
2.111846e+05	-1.865420e+01
2.124044e+05	-1.880313e+01
2.136313e+05	-1.894502e+01
2.148652e+05	-1.908270e+01
2.161063e+05	-1.921218e+01
2.173545e+05	-1.933616e+01
2.186099e+05	-1.945498e+01
2.198726e+05	-1.956733e+01
2.211426e+05	-1.967479e+01
2.224199e+05	-1.977471e+01
2.237046e+05	-1.986869e+01
2.249967e+05	-1.996003e+01
2.262962e+05	-2.004433e+01
2.276033e+05	-2.012167e+01
2.289179e+05	-2.019476e+01
2.302402e+05	-2.026288e+01
2.315700e+05	-2.032313e+01
2.329076e+05	-2.037699e+01
2.342528e+05	-2.042690e+01
2.356059e+05	-2.047109e+01
2.369667e+05	-2.050779e+01
2.383354e+05	-2.053610e+01
2.397120e+05	-2.056488e+01
2.410966e+05	-2.058469e+01
2.424892e+05	-2.059710e+01
2.438898e+05	-2.060285e+01
2.452985e+05	-2.060550e+01
2.467153e+05	-2.059729e+01
2.481403e+05	-2.058571e+01
2.495736e+05	-2.056701e+01
2.510151e+05	-2.053911e+01
2.524650e+05	-2.050662e+01
2.539232e+05	-2.046561e+01
2.553898e+05	-2.041384e+01
2.568650e+05	-2.036091e+01
2.583486e+05	-2.029301e+01
2.598408e+05	-2.022002e+01
2.613416e+05	-2.013796e+01
2.628511e+05	-2.004824e+01
2.643694e+05	-1.995068e+01
2.658963e+05	-1.983818e+01
2.674321e+05	-1.971996e+01
2.689768e+05	-1.959036e+01
2.705304e+05	-1.945119e+01
2.720930e+05	-1.929900e+01
2.736646e+05	-1.913631e+01
2.752453e+05	-1.896002e+01
2.768351e+05	-1.877141e+01
2.784341e+05	-1.856727e+01
2.800423e+05	-1.835024e+01
2.816598e+05	-1.811840e+01
2.832867e+05	-1.786842e+01
2.849229e+05	-1.760302e+01
2.865686e+05	-1.731648e+01
2.882238e+05	-1.701239e+01
2.898886e+05	-1.668632e+01
2.915630e+05	-1.633903e+01
2.932470e+05	-1.596610e+01
2.949408e+05	-1.556678e+01
2.966444e+05	-1.514038e+01
2.983578e+05	-1.468106e+01
3.000811e+05	-1.419271e+01
3.018143e+05	-1.366742e+01
3.035576e+05	-1.310717e+01
3.053109e+05	-1.250813e+01
3.070744e+05	-1.186997e+01
3.088481e+05	-1.119497e+01
3.106320e+05	-1.048855e+01
3.124261e+05	-9.761648e+00
3.142307e+05	-9.034613e+00
3.160457e+05	-8.345053e+00
3.178712e+05	-7.744691e+00
3.197072e+05	-7.302508e+00
3.215538e+05	-7.087102e+00
3.234111e+05	-7.141132e+00
3.252791e+05	-7.460673e+00
3.271579e+05	-7.996384e+00
3.290475e+05	-8.678256e+00
3.309481e+05	-9.438646e+00
3.328596e+05	-1.022733e+01
3.347822e+05	-1.101102e+01
3.367159e+05	-1.177182e+01
3.386608e+05	-1.249784e+01
3.406169e+05	-1.318496e+01
3.425842e+05	-1.383124e+01
3.445630e+05	-1.443818e+01
3.465532e+05	-1.500710e+01
3.485549e+05	-1.553913e+01
3.505681e+05	-1.603497e+01
3.525930e+05	-1.650021e+01
3.546295e+05	-1.693607e+01
3.566778e+05	-1.734098e+01
3.587380e+05	-1.772027e+01
3.608101e+05	-1.807103e+01
3.628941e+05	-1.839884e+01
3.649901e+05	-1.870145e+01
3.670983e+05	-1.898338e+01
3.692187e+05	-1.923976e+01
3.713513e+05	-1.947984e+01
3.734962e+05	-1.969769e+01
3.756535e+05	-1.989425e+01
3.778232e+05	-2.007378e+01
3.800055e+05	-2.022915e+01
3.822004e+05	-2.037291e+01
3.844080e+05	-2.049140e+01
3.866283e+05	-2.059377e+01
3.888615e+05	-2.067679e+01
3.911075e+05	-2.073864e+01
3.933665e+05	-2.078560e+01
3.956386e+05	-2.081129e+01
3.979238e+05	-2.081788e+01
4.002222e+05	-2.080174e+01
4.025338e+05	-2.076836e+01
4.048589e+05	-2.071184e+01
4.071973e+05	-2.063316e+01
4.095493e+05	-2.053363e+01
4.119148e+05	-2.041067e+01
4.142940e+05	-2.026094e+01
4.166870e+05	-2.008601e+01
4.190937e+05	-1.988307e+01
4.215144e+05	-1.965028e+01
4.239490e+05	-1.938908e+01
4.263978e+05	-1.909200e+01
4.288606e+05	-1.876030e+01
4.313377e+05	-1.838924e+01
4.338291e+05	-1.797937e+01
4.363349e+05	-1.752230e+01
4.388551e+05	-1.701722e+01
4.413899e+05	-1.645818e+01
4.439394e+05	-1.584379e+01
4.465035e+05	-1.516643e+01
4.490825e+05	-1.442786e+01
4.516764e+05	-1.362818e+01
4.542853e+05	-1.277685e+01
4.569092e+05	-1.190069e+01
4.595483e+05	-1.105022e+01
4.622026e+05	-1.031463e+01
4.648723e+05	-9.821172e+00
4.675574e+05	-9.690841e+00
4.702580e+05	-9.973682e+00
4.729742e+05	-1.060386e+01
4.757060e+05	-1.145624e+01
4.784537e+05	-1.240737e+01
4.812172e+05	-1.337335e+01
4.839967e+05	-1.430527e+01
4.867923e+05	-1.518219e+01
4.896040e+05	-1.599301e+01
4.924319e+05	-1.673774e+01
4.952762e+05	-1.741968e+01
4.981369e+05	-1.803731e+01
5.010141e+05	-1.859765e+01
5.039079e+05	-1.910419e+01
5.068185e+05	-1.955803e+01
5.097458e+05	-1.996360e+01
5.126901e+05	-2.032357e+01
5.156514e+05	-2.063598e+01
5.186298e+05	-2.090617e+01
5.216253e+05	-2.113418e+01
5.246382e+05	-2.132086e+01
5.276685e+05	-2.146883e+01
5.307163e+05	-2.157249e+01
5.337817e+05	-2.163630e+01
5.368648e+05	-2.165943e+01
5.399657e+05	-2.163713e+01
5.430845e+05	-2.157320e+01
5.462214e+05	-2.146358e+01
5.493763e+05	-2.130514e+01
5.525495e+05	-2.109642e+01
5.557410e+05	-2.083532e+01
5.589509e+05	-2.051495e+01
5.621794e+05	-2.013662e+01
5.654265e+05	-1.968797e+01
5.686924e+05	-1.917184e+01
5.719772e+05	-1.857767e+01
5.752809e+05	-1.790087e+01
5.786037e+05	-1.713725e+01
5.819457e+05	-1.629479e+01
5.853070e+05	-1.538573e+01
5.886877e+05	-1.445382e+01
5.920879e+05	-1.358708e+01
5.955078e+05	-1.293585e+01
5.989474e+05	-1.267836e+01
6.024069e+05	-1.291666e+01
6.058864e+05	-1.358984e+01
6.093860e+05	-1.453145e+01
6.129058e+05	-1.557369e+01
6.164459e+05	-1.660924e+01
6.200064e+05	-1.758194e+01
6.235876e+05	-1.847017e+01
6.271894e+05	-1.926287e+01
6.308120e+05	-1.996331e+01
6.344555e+05	-2.057408e+01
6.381201e+05	-2.109612e+01
6.418059e+05	-2.153744e+01
6.455129e+05	-2.189684e+01
6.492414e+05	-2.217850e+01
6.529914e+05	-2.238357e+01
6.567630e+05	-2.251020e+01
6.605565e+05	-2.255900e+01
6.643718e+05	-2.252878e+01
6.682092e+05	-2.241697e+01
6.720688e+05	-2.222093e+01
6.759506e+05	-2.193214e+01
6.798549e+05	-2.154815e+01
6.837817e+05	-2.105844e+01
6.877312e+05	-2.045784e+01
6.917035e+05	-1.974062e+01
6.956987e+05	-1.891037e+01
6.997171e+05	-1.798256e+01
7.037586e+05	-1.700621e+01
7.078235e+05	-1.609967e+01
7.119118e+05	-1.546591e+01
7.160238e+05	-1.533699e+01
7.201595e+05	-1.579172e+01
7.243191e+05	-1.668449e+01
7.285028e+05	-1.777227e+01
7.327106e+05	-1.887657e+01
7.369427e+05	-1.989943e+01
7.411992e+05	-2.080268e+01
7.454804e+05	-2.156820e+01
7.497862e+05	-2.219750e+01
7.541170e+05	-2.269145e+01
7.584727e+05	-2.305006e+01
7.628536e+05	-2.327315e+01
7.672598e+05	-2.336562e+01
7.716915e+05	-2.331834e+01
7.761488e+05	-2.313217e+01
7.806318e+05	-2.279806e+01
7.851407e+05	-2.231079e+01
7.896756e+05	-2.167169e+01
7.942367e+05	-2.089862e+01
7.988242e+05	-2.003459e+01
8.034382e+05	-1.920014e+01
8.080788e+05	-1.861975e+01
8.127463e+05	-1.855450e+01
8.174406e+05	-1.910095e+01
8.221621e+05	-2.008770e+01
8.269109e+05	-2.123788e+01
8.316871e+05	-2.236317e+01
8.364909e+05	-2.335669e+01
8.413225e+05	-2.418175e+01
8.461819e+05	-2.481849e+01
8.510694e+05	-2.526005e+01
8.559852e+05	-2.551561e+01
8.609293e+05	-2.557041e+01
8.659020e+05	-2.542159e+01
8.709034e+05	-2.507336e+01
8.759337e+05	-2.451627e+01
8.809931e+05	-2.378376e+01
8.860816e+05	-2.293870e+01
8.911996e+05	-2.215058e+01
8.963471e+05	-2.171048e+01
9.015244e+05	-2.187241e+01
9.067316e+05	-2.260881e+01
9.119688e+05	-2.362490e+01
9.172363e+05	-2.463770e+01
9.225342e+05	-2.547956e+01
9.278628e+05	-2.607854e+01
9.332221e+05	-2.640399e+01
9.386123e+05	-2.644407e+01
9.440337e+05	-2.621516e+01
9.494864e+05	-2.578477e+01
9.549706e+05	-2.530198e+01
9.604865e+05	-2.505024e+01
9.660342e+05	-2.533873e+01
9.716140e+05	-2.620792e+01
9.772260e+05	-2.736909e+01
9.828704e+05	-2.849388e+01
9.885474e+05	-2.939212e+01
9.942572e+05	-2.997694e+01
1.000000e+06	-3.021478e+01
