Frequency(Hz)	Magnitude(dB)
1.000000e+01	-6.837330e-04
1.005776e+01	-3.078210e-03
1.011585e+01	1.307452e-03
1.017428e+01	1.074047e-02
1.023305e+01	-2.620480e-04
1.029215e+01	-1.522206e-02
1.035160e+01	1.109482e-03
1.041139e+01	1.275647e-02
1.047153e+01	4.641196e-04
1.053201e+01	-1.567048e-02
1.059284e+01	7.532045e-04
1.065403e+01	5.795424e-03
1.071556e+01	5.323363e-03
1.077746e+01	-6.710216e-03
1.083971e+01	3.550086e-03
1.090232e+01	2.639923e-03
1.096529e+01	-1.645265e-02
1.102862e+01	-1.025343e-02
1.109232e+01	-1.201938e-02
1.115639e+01	-1.667327e-03
1.122083e+01	-6.293066e-03
1.128564e+01	-2.536653e-03
1.135083e+01	-3.046644e-03
1.141639e+01	1.823765e-03
1.148233e+01	4.119745e-03
1.154865e+01	-2.642840e-03
1.161536e+01	-3.101303e-03
1.168245e+01	6.802194e-03
1.174992e+01	6.949417e-03
1.181779e+01	-4.040940e-04
1.188605e+01	-2.308590e-02
1.195470e+01	-2.340194e-02
1.202375e+01	3.500765e-03
1.209320e+01	-8.626692e-03
1.216305e+01	-8.687468e-03
1.223330e+01	-3.268450e-03
1.230396e+01	-5.607283e-03
1.237503e+01	-2.278075e-02
1.244651e+01	-7.579099e-03
1.251840e+01	1.372760e-03
1.259070e+01	3.564712e-03
1.266343e+01	-2.189423e-03
1.273657e+01	3.810738e-03
1.281014e+01	4.136717e-03
1.288413e+01	1.949178e-02
1.295855e+01	1.357381e-02
1.303339e+01	-9.512078e-03
1.310867e+01	2.069658e-02
1.318439e+01	-5.007844e-03
1.326054e+01	-4.466021e-03
1.333713e+01	4.282582e-03
1.341417e+01	1.713968e-03
1.349165e+01	-4.827078e-03
1.356958e+01	7.107616e-03
1.364795e+01	-6.915686e-03
1.372678e+01	-1.285161e-02
1.380607e+01	4.282468e-03
1.388581e+01	-4.261908e-03
1.396602e+01	1.108673e-02
1.404668e+01	2.719872e-02
1.412782e+01	-5.324612e-04
1.420942e+01	-6.362558e-03
1.429149e+01	-2.455275e-02
1.437404e+01	1.472485e-02
1.445706e+01	1.116526e-02
1.454057e+01	-2.040397e-03
1.462455e+01	4.825305e-03
1.470902e+01	-1.313558e-02
1.479398e+01	-1.780368e-02
1.487943e+01	1.485679e-02
1.496537e+01	4.093774e-03
1.505181e+01	4.836491e-03
1.513875e+01	-8.569080e-03
1.522619e+01	9.247990e-03
1.531414e+01	-1.386613e-03
1.540259e+01	1.405134e-04
1.549156e+01	-1.962108e-03
1.558103e+01	-3.430635e-03
1.567103e+01	-1.227206e-02
1.576155e+01	-8.046996e-03
1.585258e+01	2.554869e-03
1.594415e+01	7.109571e-03
1.603624e+01	2.096679e-03
1.612886e+01	1.133383e-02
1.622202e+01	-9.430580e-03
1.631572e+01	-6.921809e-03
1.640996e+01	-2.459675e-02
1.650474e+01	-4.114072e-03
1.660008e+01	5.523529e-03
1.669596e+01	-4.177270e-03
1.679239e+01	1.316319e-03
1.688938e+01	3.866910e-03
1.698694e+01	-1.101681e-02
1.708505e+01	3.462153e-03
1.718373e+01	9.975323e-03
1.728299e+01	-8.620961e-03
1.738281e+01	1.648149e-03
1.748322e+01	-6.377507e-03
1.758420e+01	-8.708557e-03
1.768576e+01	-2.136827e-03
1.778792e+01	-1.550429e-02
1.789066e+01	-6.274112e-03
1.799399e+01	2.651238e-03
1.809793e+01	-6.394941e-03
1.820246e+01	1.332488e-02
1.830760e+01	4.261303e-03
1.841334e+01	-1.053638e-02
1.851969e+01	1.427265e-02
1.862666e+01	5.960936e-03
1.873425e+01	1.992312e-02
1.884246e+01	2.285703e-02
1.895129e+01	1.436111e-02
1.906075e+01	-8.947276e-03
1.917085e+01	-6.848488e-03
1.928158e+01	-3.968074e-03
1.939295e+01	-5.056681e-05
1.950496e+01	-2.716799e-04
1.961762e+01	-5.818308e-03
1.973093e+01	1.904557e-02
1.984490e+01	2.210574e-02
1.995952e+01	-5.789031e-03
2.007480e+01	-6.684192e-03
2.019076e+01	1.443738e-02
2.030738e+01	-2.677289e-02
2.042467e+01	-1.047438e-02
2.054264e+01	-3.488862e-03
2.066130e+01	-5.145257e-03
2.078064e+01	3.243665e-02
2.090066e+01	5.569758e-03
2.102139e+01	7.439056e-03
2.114280e+01	3.664248e-03
2.126492e+01	1.388000e-02
2.138775e+01	-2.778950e-02
2.151128e+01	8.662163e-03
2.163553e+01	-1.050785e-02
2.176050e+01	-1.249526e-02
2.188619e+01	-1.719854e-02
2.201260e+01	3.430601e-02
2.213974e+01	-1.802173e-02
2.226762e+01	3.721657e-02
2.239624e+01	6.141168e-03
2.252560e+01	-3.685185e-03
2.265571e+01	-1.587470e-02
2.278656e+01	-2.861503e-02
2.291818e+01	-5.742298e-03
2.305055e+01	7.490859e-03
2.318369e+01	3.933565e-02
2.331760e+01	3.613983e-02
2.345228e+01	2.744155e-02
2.358774e+01	6.723620e-03
2.372398e+01	-4.931720e-03
2.386101e+01	-2.811546e-02
2.399883e+01	-3.323120e-02
2.413745e+01	-2.733341e-03
2.427686e+01	1.963808e-02
2.441709e+01	2.202142e-02
2.455812e+01	8.508036e-03
2.469997e+01	-3.119973e-02
2.484263e+01	-5.790570e-03
2.498612e+01	-2.098637e-02
2.513044e+01	1.593687e-02
2.527559e+01	-8.044685e-03
2.542158e+01	-2.529626e-02
2.556842e+01	-6.349388e-03
2.571610e+01	1.138773e-02
2.586463e+01	-1.540104e-02
2.601403e+01	1.678865e-02
2.616428e+01	2.210064e-02
2.631541e+01	4.992675e-04
2.646740e+01	-2.951958e-02
2.662028e+01	4.325476e-02
2.677404e+01	7.808985e-03
2.692868e+01	-2.693407e-02
2.708422e+01	-1.251176e-02
2.724066e+01	6.583957e-03
2.739800e+01	-2.399140e-02
2.755625e+01	-2.083517e-02
2.771541e+01	-9.714180e-03
2.787550e+01	1.700720e-04
2.803650e+01	9.513544e-04
2.819844e+01	-1.866662e-03
2.836131e+01	-1.654990e-02
2.852513e+01	1.037651e-02
2.868989e+01	1.110678e-02
2.885560e+01	-3.522066e-02
2.902227e+01	1.023455e-03
2.918990e+01	-5.491009e-03
2.935850e+01	7.919838e-04
2.952807e+01	-2.810109e-02
2.969863e+01	5.097419e-03
2.987016e+01	-1.446632e-02
3.004269e+01	1.644812e-02
3.021622e+01	5.020971e-02
3.039075e+01	-1.358436e-02
3.056628e+01	5.327578e-02
3.074283e+01	-3.062717e-02
3.092040e+01	1.018133e-02
3.109900e+01	-2.645265e-02
3.127862e+01	-2.549916e-02
3.145929e+01	-1.490312e-02
3.164099e+01	-4.432385e-02
3.182375e+01	-3.760885e-02
3.200756e+01	-3.173277e-02
3.219244e+01	1.981488e-02
3.237838e+01	-6.359996e-02
3.256540e+01	5.595717e-03
3.275349e+01	3.171114e-02
3.294268e+01	2.178472e-02
3.313295e+01	1.634539e-02
3.332433e+01	-3.714897e-03
3.351681e+01	2.074243e-02
3.371040e+01	2.682077e-02
3.390511e+01	4.782842e-02
3.410094e+01	-3.583692e-02
3.429791e+01	5.446605e-03
3.449601e+01	-9.906833e-03
3.469526e+01	-3.012923e-02
3.489566e+01	-2.021712e-02
3.509721e+01	-8.532280e-03
3.529993e+01	-7.302497e-03
3.550382e+01	-1.721872e-02
3.570889e+01	-2.503579e-03
3.591515e+01	3.092613e-02
3.612259e+01	5.303506e-03
3.633123e+01	-1.124799e-02
3.654108e+01	8.488866e-03
3.675214e+01	-4.312104e-02
3.696442e+01	-2.199846e-02
3.717792e+01	-1.835080e-02
3.739266e+01	-3.225001e-03
3.760864e+01	1.546766e-02
3.782587e+01	3.671380e-03
3.804435e+01	4.468663e-04
3.826409e+01	-5.560610e-02
3.848510e+01	-3.117628e-02
3.870739e+01	6.574302e-02
3.893096e+01	-3.330459e-02
3.915583e+01	-7.258618e-02
3.938199e+01	3.317617e-02
3.960946e+01	2.506534e-02
3.983824e+01	5.704725e-03
4.006834e+01	5.936187e-02
4.029978e+01	7.893380e-02
4.053255e+01	-3.478537e-02
4.076666e+01	-2.553057e-02
4.100213e+01	3.421939e-02
4.123896e+01	1.831347e-02
4.147715e+01	3.112806e-02
4.171672e+01	4.884682e-02
4.195767e+01	-8.629352e-04
4.220002e+01	-1.882696e-02
4.244377e+01	-6.063752e-02
4.268892e+01	7.212152e-02
4.293549e+01	6.651685e-02
4.318348e+01	-3.769778e-02
4.343291e+01	2.573649e-02
4.368377e+01	5.590159e-02
4.393609e+01	2.333936e-02
4.418986e+01	-1.536880e-02
4.444510e+01	4.414853e-02
4.470182e+01	-1.042538e-01
4.496001e+01	1.127595e-02
4.521970e+01	-6.195423e-02
4.548089e+01	4.595020e-02
4.574358e+01	4.512902e-02
4.600779e+01	4.299798e-03
4.627353e+01	-5.804260e-02
4.654081e+01	2.302830e-02
4.680963e+01	-1.669852e-02
4.708000e+01	-1.122187e-02
4.735193e+01	2.822101e-02
4.762543e+01	-3.246556e-02
4.790051e+01	2.113913e-02
4.817719e+01	-1.467924e-01
4.845545e+01	-2.434005e-03
4.873533e+01	-5.011726e-02
4.901682e+01	-7.263897e-03
4.929994e+01	-5.817221e-02
4.958470e+01	-1.085342e-02
4.987110e+01	-7.133980e-02
5.015915e+01	-4.449065e-03
5.044887e+01	4.193605e-02
5.074026e+01	-9.651607e-02
5.103333e+01	-3.009097e-02
5.132810e+01	-7.853888e-02
5.162457e+01	-2.113959e-02
5.192275e+01	6.565608e-02
5.222265e+01	9.095296e-03
5.252429e+01	9.469173e-02
5.282767e+01	6.443618e-02
5.313280e+01	-7.184880e-02
5.343969e+01	-8.569589e-02
5.374836e+01	1.010997e-01
5.405880e+01	-3.364345e-02
5.437105e+01	-6.341340e-02
5.468509e+01	2.365125e-02
5.500095e+01	1.334842e-02
5.531863e+01	2.031923e-02
5.563815e+01	-1.206692e-01
5.595951e+01	-1.678632e-02
5.628273e+01	-1.684683e-02
5.660782e+01	-4.081347e-02
5.693479e+01	9.705553e-02
5.726364e+01	6.446222e-02
5.759439e+01	5.447495e-02
5.792705e+01	-4.014473e-02
5.826164e+01	7.160578e-02
5.859815e+01	-3.133278e-02
5.893662e+01	-1.480475e-01
5.927703e+01	-2.783355e-02
5.961941e+01	-1.376904e-02
5.996377e+01	-2.072615e-02
6.031012e+01	1.244173e-01
6.065847e+01	-9.421188e-02
6.100883e+01	1.839707e-01
6.136121e+01	-1.856829e-01
6.171563e+01	9.062226e-02
6.207210e+01	-1.329961e-02
6.243063e+01	-1.138790e-01
6.279122e+01	1.675482e-01
6.315390e+01	-5.842159e-02
6.351868e+01	-1.321574e-01
6.388556e+01	1.500866e-01
6.425456e+01	5.662545e-02
6.462569e+01	-1.555085e-02
6.499897e+01	-1.072825e-01
6.537440e+01	-5.563360e-02
6.575200e+01	-2.922275e-02
6.613178e+01	-2.411294e-01
6.651375e+01	8.282707e-02
6.689793e+01	1.047467e-02
6.728433e+01	6.012743e-02
6.767297e+01	-1.515422e-02
6.806384e+01	2.016650e-01
6.845698e+01	-1.786478e-02
6.885238e+01	2.758034e-02
6.925007e+01	1.164589e-01
6.965005e+01	4.393679e-02
7.005235e+01	-1.683240e-01
7.045697e+01	-9.944454e-02
7.086393e+01	-2.958892e-01
7.127323e+01	8.894869e-02
7.168490e+01	6.932095e-03
7.209895e+01	1.089008e-01
7.251539e+01	-1.088270e-01
7.293424e+01	1.389756e-01
7.335551e+01	6.287643e-02
7.377920e+01	4.942815e-02
7.420535e+01	-3.485436e-02
7.463396e+01	6.950037e-02
7.506504e+01	5.514467e-02
7.549861e+01	-2.501228e-02
7.593469e+01	1.023159e-01
7.637328e+01	1.949812e-01
7.681441e+01	-1.796490e-04
7.725809e+01	1.207155e-01
7.770433e+01	-5.397481e-02
7.815315e+01	-1.120359e-01
7.860456e+01	-1.475791e-01
7.905857e+01	1.556803e-01
7.951521e+01	-2.534473e-02
7.997449e+01	-5.002125e-02
8.043642e+01	8.715101e-02
8.090102e+01	4.958282e-02
8.136830e+01	-1.344500e-01
8.183828e+01	9.935391e-03
8.231097e+01	1.481306e-01
8.278640e+01	1.387775e-01
8.326457e+01	1.182205e-01
8.374550e+01	-5.848802e-02
8.422921e+01	-4.335584e-02
8.471572e+01	-6.573047e-02
8.520503e+01	9.629808e-02
8.569717e+01	9.788128e-02
8.619215e+01	4.512602e-01
8.669000e+01	-7.123981e-02
8.719071e+01	-8.274770e-02
8.769432e+01	-8.118807e-02
8.820084e+01	-7.347055e-02
8.871029e+01	-8.127989e-02
8.922267e+01	-6.412519e-02
8.973802e+01	-2.148812e-01
9.025634e+01	-2.010194e-01
9.077766e+01	-1.939611e-01
9.130199e+01	1.860968e-01
9.182935e+01	-1.565941e-01
9.235975e+01	-1.388792e-01
9.289321e+01	-1.022593e-01
9.342976e+01	-9.440902e-02
9.396941e+01	3.178083e-01
9.451217e+01	3.647082e-01
9.505807e+01	-8.425093e-03
9.560712e+01	2.741004e-02
9.615934e+01	-3.038506e-01
9.671476e+01	-6.360929e-01
9.727338e+01	1.620311e-01
9.783522e+01	-1.741709e-01
9.840032e+01	2.441568e-01
9.896867e+01	-8.930679e-02
9.954031e+01	-4.337810e-02
1.001153e+02	3.488853e-02
1.006935e+02	6.239434e-02
1.012751e+02	1.328549e-01
1.018601e+02	1.869373e-01
1.024484e+02	-1.521706e-01
1.030402e+02	-9.299469e-02
1.036353e+02	-2.931865e-02
1.042339e+02	4.125335e-02
1.048360e+02	9.331265e-02
1.054415e+02	-2.195424e-01
1.060505e+02	2.784843e-01
1.066631e+02	-7.568636e-02
1.072791e+02	-2.568734e-03
1.078988e+02	9.398377e-02
1.085220e+02	6.375712e-01
1.091488e+02	-1.718724e-01
1.097793e+02	-8.602783e-02
1.104133e+02	4.686235e-01
1.110511e+02	-3.320486e-01
1.116925e+02	2.118291e-01
1.123376e+02	-1.451898e-01
1.129865e+02	-4.760753e-01
1.136391e+02	5.730203e-01
1.142955e+02	1.812815e-01
1.149556e+02	-1.558350e-01
1.156196e+02	4.288619e-01
1.162874e+02	5.675602e-01
1.169591e+02	2.103596e-01
1.176347e+02	-1.396222e-01
1.183141e+02	-4.786797e-01
1.189975e+02	9.477111e-02
1.196848e+02	-6.963728e-01
1.203761e+02	3.981531e-01
1.210714e+02	-4.468685e-01
1.217707e+02	1.780160e-01
1.224740e+02	3.302256e-01
1.231814e+02	-5.223247e-01
1.238929e+02	1.085050e-01
1.246085e+02	2.639420e-01
1.253283e+02	-1.027445e+00
1.260522e+02	9.559649e-02
1.267802e+02	2.228777e-01
1.275125e+02	-9.299499e-02
1.282490e+02	6.031145e-01
1.289898e+02	-2.730746e-01
1.297348e+02	-1.134532e-01
1.304842e+02	-4.544801e-01
1.312378e+02	7.870418e-01
1.319959e+02	4.393882e-01
1.327583e+02	8.162468e-02
1.335251e+02	-2.649005e-01
1.342963e+02	-8.257156e-02
1.350720e+02	-4.124631e-01
1.358522e+02	-7.688474e-01
1.366368e+02	5.194926e-01
1.374260e+02	1.728711e-01
1.382198e+02	3.849789e-01
1.390182e+02	-5.186851e-01
1.398211e+02	-3.343141e-01
1.406287e+02	-9.780921e-02
1.414410e+02	1.184947e-01
1.422579e+02	3.465522e-01
1.430796e+02	-1.469350e-02
1.439060e+02	2.242265e-01
1.447372e+02	-1.266702e-01
1.455732e+02	1.385356e+00
1.464141e+02	3.492188e-01
1.472597e+02	1.098304e-02
1.481103e+02	-3.557284e-01
1.489658e+02	5.167625e-01
1.498262e+02	8.004856e-01
1.506916e+02	4.105081e-01
1.515620e+02	5.627649e-02
1.524374e+02	3.290688e-01
1.533179e+02	-2.654876e-02
1.542034e+02	-3.696247e-01
1.550941e+02	-1.027567e-01
1.559899e+02	1.944872e-01
1.568909e+02	-7.733405e-01
1.577971e+02	-1.091559e+00
1.587085e+02	4.088636e-01
1.596252e+02	5.419121e-02
1.605472e+02	3.805410e-01
1.614745e+02	1.088365e-02
1.624072e+02	3.301587e-01
1.633453e+02	-2.908995e-02
1.642887e+02	-3.682138e-01
1.652377e+02	-6.302604e-02
1.661921e+02	9.902612e-01
1.671520e+02	6.187515e-01
1.681175e+02	9.648976e-01
1.690885e+02	1.352102e+00
1.700651e+02	-4.644312e-01
1.710474e+02	1.378046e+00
1.720354e+02	2.265397e-01
1.730291e+02	-1.337638e-01
1.740285e+02	-4.808762e-01
1.750337e+02	-2.016268e+00
1.760446e+02	2.439361e-01
1.770615e+02	6.196489e-01
1.780842e+02	2.461631e-01
1.791128e+02	-1.073773e-01
1.801473e+02	1.064492e+00
1.811878e+02	-7.732219e-01
1.822344e+02	3.281511e-01
1.832870e+02	-4.577164e-02
1.843456e+02	-3.953478e-01
1.854104e+02	-6.997559e-01
1.864813e+02	-1.030181e+00
1.875584e+02	6.166372e-02
1.886418e+02	-2.800810e-01
1.897313e+02	-6.215228e-01
1.908272e+02	5.701951e-01
1.919294e+02	1.929972e-01
1.930380e+02	-1.481092e-01
1.941530e+02	-1.861235e+00
1.952744e+02	-8.309624e-01
1.964023e+02	3.826608e-01
1.975367e+02	-1.451230e+00
1.986777e+02	1.382959e+00
1.998252e+02	-6.531667e-01
2.009794e+02	-9.769693e-01
2.021403e+02	-1.307728e+00
2.033078e+02	-1.073433e-01
2.044821e+02	1.294116e+00
2.056632e+02	8.985221e-01
2.068511e+02	-1.093265e+00
2.080459e+02	-1.395006e+00
2.092475e+02	-1.809174e-01
2.104561e+02	-5.168342e-01
2.116717e+02	8.593538e-01
2.128943e+02	4.947307e-01
2.141240e+02	1.076969e-01
2.153608e+02	-2.379914e-01
2.166047e+02	-5.570176e-01
2.178558e+02	-9.004860e-01
2.191141e+02	-1.209942e+00
2.203797e+02	1.375514e-01
2.216526e+02	-2.165606e-01
2.229329e+02	-2.106315e+00
2.242205e+02	9.301400e-01
2.255156e+02	5.551687e-01
2.268182e+02	2.007746e-01
2.281283e+02	-1.654691e-01
2.294459e+02	1.458585e+00
2.307712e+02	-8.117850e-01
2.321041e+02	6.940320e-01
2.334447e+02	3.272919e-01
2.347931e+02	4.960230e+00
2.361493e+02	-3.557090e-01
2.375133e+02	-2.318515e+00
2.388851e+02	-1.022342e+00
2.402649e+02	2.880499e+00
2.416527e+02	1.490535e-01
2.430484e+02	1.978096e+00
2.444523e+02	1.562180e+00
2.458642e+02	3.787720e+00
2.472843e+02	-2.771060e+00
2.487126e+02	-1.494851e+00
2.501492e+02	2.371529e-02
2.515940e+02	-3.169708e-01
2.530472e+02	4.396042e+00
2.545088e+02	1.109741e+00
2.559789e+02	7.273291e-01
2.574574e+02	-1.588686e+00
2.589444e+02	-1.885930e+00
2.604401e+02	1.955834e+00
2.619444e+02	-6.723833e-01
2.634574e+02	1.156349e+00
2.649791e+02	7.532840e-01
2.665096e+02	3.862148e-01
2.680489e+02	2.602046e-02
2.695972e+02	-3.242445e-01
2.711544e+02	4.862965e+00
2.727205e+02	-2.754976e+00
2.742958e+02	-1.295326e+00
2.758801e+02	5.014000e-01
2.774736e+02	1.382326e-01
2.790762e+02	-2.087179e-01
2.806882e+02	-5.336704e-01
2.823094e+02	1.495571e+00
2.839400e+02	-1.186748e+00
2.855800e+02	7.103154e-01
2.872295e+02	3.258449e-01
2.888886e+02	-2.403015e-02
2.905572e+02	2.255286e+00
2.922354e+02	-6.932190e-01
2.939234e+02	-1.014293e+00
2.956211e+02	-3.171655e+00
2.973286e+02	3.719213e+00
2.990459e+02	2.615600e-01
3.007732e+02	2.762696e+00
3.025104e+02	2.301795e+00
3.042577e+02	1.847700e+00
3.060151e+02	1.443941e+00
3.077826e+02	-1.392476e+00
3.095604e+02	6.890743e-01
3.113484e+02	-1.999208e+00
3.131467e+02	-6.619095e-02
3.149554e+02	-3.919052e-01
3.167746e+02	-7.425231e-01
3.186043e+02	5.462042e+00
3.204445e+02	-1.366887e+00
3.222954e+02	-1.661084e+00
3.241570e+02	-1.980617e+00
3.260293e+02	-2.252801e+00
3.279124e+02	2.789241e+00
3.298064e+02	-6.033912e-01
3.317114e+02	-9.453014e-01
3.336273e+02	-3.348642e+00
3.355544e+02	1.107451e+00
3.374925e+02	7.017016e-01
3.394418e+02	3.805559e+00
3.414024e+02	-2.432716e+00
3.433744e+02	-2.702817e+00
3.453577e+02	2.361062e+00
3.473525e+02	-4.985011e+00
3.493588e+02	1.513357e+00
3.513766e+02	-1.644933e+00
3.534062e+02	-1.942326e+00
3.554474e+02	-2.230165e+00
3.575005e+02	-2.512195e+00
3.595654e+02	-2.775824e+00
3.616422e+02	-6.417076e+00
3.637311e+02	-3.296550e+00
3.658320e+02	-3.557247e+00
3.679450e+02	-6.986365e+00
3.700702e+02	-4.046018e+00
3.722077e+02	-4.278633e+00
3.743576e+02	1.774858e-01
3.765199e+02	-1.744427e-01
3.786946e+02	-5.090106e-01
3.808820e+02	8.145292e+00
3.830819e+02	7.371056e+00
3.852946e+02	6.654368e+00
3.875200e+02	5.977217e+00
3.897583e+02	5.343085e+00
3.920096e+02	-2.356894e+00
3.942738e+02	4.206252e+00
3.965511e+02	2.066124e+01
3.988416e+02	3.195400e+00
4.011452e+02	2.719780e+00
4.034622e+02	2.258550e+00
4.057926e+02	1.812826e+00
4.081365e+02	-4.152569e+00
4.104938e+02	-4.387376e+00
4.128648e+02	-4.599608e+00
4.152495e+02	-4.834731e+00
4.176480e+02	-5.075305e+00
4.200603e+02	-5.258555e+00
4.224866e+02	-7.718116e-01
4.249268e+02	-1.071676e+00
4.273812e+02	-1.385855e+00
4.298497e+02	7.698594e+00
4.323325e+02	6.937832e+00
4.348297e+02	9.639048e+00
4.373412e+02	5.603407e+00
4.398673e+02	4.997445e+00
4.424079e+02	4.433260e+00
4.449633e+02	3.905327e+00
4.475334e+02	3.385986e+00
4.501183e+02	2.914377e+00
4.527182e+02	2.005086e+01
4.553330e+02	2.006770e+00
4.579630e+02	-4.556467e+00
4.606082e+02	1.196958e+00
4.632687e+02	7.993150e-01
4.659445e+02	4.185950e-01
4.686358e+02	5.232495e-02
4.713426e+02	-2.923711e-01
4.740650e+02	-6.126760e-01
4.768032e+02	1.296565e+01
4.795572e+02	1.166571e+01
4.823271e+02	-9.561417e+00
4.851130e+02	-6.639692e+00
4.879150e+02	-9.848866e+00
4.907332e+02	-2.430335e+00
4.935676e+02	-2.716654e+00
4.964185e+02	6.355580e+00
4.992858e+02	5.712560e+00
5.021696e+02	5.093104e+00
5.050701e+02	4.534517e+00
5.079874e+02	-3.978823e+00
5.109215e+02	3.456868e+00
5.138726e+02	2.977966e+00
5.168407e+02	1.300865e+01
5.198259e+02	2.101192e+00
5.228284e+02	1.632313e+00
5.258482e+02	1.226121e+00
5.288855e+02	8.661020e-01
5.319403e+02	4.730712e-01
5.350128e+02	1.289541e-01
5.381030e+02	-2.161107e-01
5.412111e+02	2.345566e+01
5.443371e+02	-8.886694e-01
5.474812e+02	-1.221354e+00
5.506434e+02	-1.528984e+00
5.538239e+02	-1.806341e+00
5.570228e+02	-7.301769e+00
5.602401e+02	-2.391301e+00
5.634760e+02	-2.675586e+00
5.667306e+02	-7.824492e+00
5.700040e+02	-8.006607e+00
5.732964e+02	-3.459613e+00
5.766077e+02	-8.335956e+00
5.799382e+02	6.164915e+00
5.832879e+02	5.539593e+00
5.866569e+02	5.402518e+00
5.900454e+02	-4.647952e+00
5.934535e+02	-4.886208e+00
5.968813e+02	3.325447e+00
6.003288e+02	-5.317356e+00
6.037963e+02	-5.534874e+00
6.072838e+02	1.971632e+00
6.107914e+02	1.543805e+00
6.143194e+02	1.143420e+00
6.178676e+02	-6.327185e+00
6.214364e+02	1.340875e+01
6.250258e+02	3.547317e-02
6.286359e+02	-3.311360e-01
6.322669e+02	1.868064e+01
6.359189e+02	-9.890963e-01
6.395919e+02	2.432109e+01
6.432862e+02	-7.616499e+00
6.470017e+02	-1.919276e+00
6.507388e+02	-2.184399e+00
6.544974e+02	-2.473192e+00
6.582778e+02	-2.751050e+00
6.620800e+02	-3.009591e+00
6.659041e+02	-8.630091e+00
6.697504e+02	-3.532249e+00
6.736188e+02	-3.778764e+00
6.775096e+02	-1.230070e+01
6.814229e+02	8.909734e+00
6.853587e+02	-9.430332e+00
6.893173e+02	-4.727725e+00
6.932988e+02	6.576605e+00
6.973033e+02	-9.881698e+00
7.013309e+02	-5.378519e+00
7.053817e+02	4.702826e+00
7.094560e+02	4.144547e+00
7.135538e+02	3.602690e+00
7.176752e+02	3.695628e+00
7.218205e+02	4.133861e+00
7.259897e+02	4.575437e+00
7.301830e+02	-1.034411e+01
7.344005e+02	5.556951e+00
7.386424e+02	-1.029419e+01
7.429087e+02	6.652432e+00
7.471998e+02	-1.018946e+01
7.515155e+02	7.957861e+00
7.558563e+02	8.687440e+00
7.602221e+02	-1.004843e+01
7.646131e+02	1.035375e+01
7.690295e+02	-8.367691e+00
7.734713e+02	-9.918780e+00
7.779389e+02	-9.870354e+00
7.824322e+02	1.517998e+01
7.869515e+02	1.689442e+01
7.914969e+02	1.894217e+01
7.960686e+02	-9.678137e+00
8.006666e+02	2.367357e+01
8.052912e+02	2.436964e+01
8.099426e+02	2.263494e+01
8.146208e+02	2.010664e+01
8.193260e+02	1.779997e+01
8.240584e+02	1.586584e+01
8.288181e+02	1.421260e+01
8.336053e+02	-9.277311e+00
8.384202e+02	1.156330e+01
8.432629e+02	1.046194e+01
8.481335e+02	9.470544e+00
8.530323e+02	8.571455e+00
8.579594e+02	7.766449e+00
8.629149e+02	7.005540e+00
8.678991e+02	6.327950e+00
8.729120e+02	5.683849e+00
8.779539e+02	5.042518e+00
8.830250e+02	-1.182939e+01
8.881253e+02	-1.196715e+01
8.932551e+02	-1.210381e+01
8.984145e+02	-1.223326e+01
9.036037e+02	-1.233747e+01
9.088229e+02	-1.247945e+01
9.140722e+02	-1.258707e+01
9.193518e+02	-1.272899e+01
9.246620e+02	-1.282668e+01
9.300028e+02	4.504272e-01
9.353744e+02	-1.307201e+01
9.407771e+02	-1.318717e+01
9.462110e+02	-1.825817e+01
9.516763e+02	-9.400308e-01
9.571731e+02	-1.353734e+01
9.627017e+02	-1.366890e+01
9.682622e+02	-1.375655e+01
9.738549e+02	-1.389008e+01
9.794798e+02	-1.399882e+01
9.851373e+02	-1.410931e+01
9.908274e+02	-2.943867e+00
9.965504e+02	-1.429747e+01
1.002306e+03	-1.441967e+01
1.008096e+03	-3.745134e+00
1.013918e+03	-1.464353e+01
1.019775e+03	-4.213281e+00
1.025665e+03	-1.484573e+01
1.031589e+03	-1.495172e+01
1.037548e+03	-1.505726e+01
1.043540e+03	-1.516415e+01
1.049568e+03	-1.527615e+01
1.055630e+03	-1.536008e+01
1.061727e+03	-5.779490e+00
1.067860e+03	-6.174906e+00
1.074028e+03	-6.076567e+00
1.080231e+03	-5.941372e+00
1.086471e+03	-5.852540e+00
1.092746e+03	-5.770091e+00
1.099058e+03	-5.629102e+00
1.105406e+03	-5.524168e+00
1.111791e+03	-5.411576e+00
1.118212e+03	-1.563273e+01
1.124671e+03	-1.563530e+01
1.131167e+03	-5.096706e+00
1.137701e+03	-1.564273e+01
1.144272e+03	-1.563150e+01
1.150881e+03	-4.730885e+00
1.157529e+03	-1.694330e+01
1.164215e+03	-4.453520e+00
1.170939e+03	-1.565468e+01
1.177702e+03	-4.180607e+00
1.184505e+03	-4.049410e+00
1.191346e+03	-3.885161e+00
1.198227e+03	-1.748233e+01
1.205148e+03	-3.623619e+00
1.212109e+03	-3.465809e+00
1.219110e+03	-1.777963e+01
1.226152e+03	-3.168452e+00
1.233234e+03	-1.564062e+01
1.240357e+03	-1.564696e+01
1.247521e+03	-1.564346e+01
1.254727e+03	-2.483676e+00
1.261974e+03	-1.567485e+01
1.269263e+03	-2.118887e+00
1.276595e+03	-1.847979e+01
1.283968e+03	-1.723963e+00
1.291384e+03	-1.565265e+01
1.298843e+03	-1.316850e+00
1.306345e+03	-1.565356e+01
1.313891e+03	-9.080000e-01
1.321480e+03	-1.567073e+01
1.329113e+03	-4.417092e-01
1.336790e+03	-1.566672e+01
1.344511e+03	-1.925361e+01
1.352277e+03	3.062181e-01
1.360087e+03	5.699134e-01
1.367943e+03	8.782186e-01
1.375844e+03	1.160680e+00
1.383791e+03	1.472122e+00
1.391784e+03	-1.976997e+01
1.399823e+03	2.102703e+00
1.407908e+03	2.433712e+00
1.416040e+03	-1.566363e+01
1.424219e+03	3.166171e+00
1.432445e+03	-2.016748e+01
1.440719e+03	-2.393922e+01
1.449041e+03	-2.857007e+01
1.457410e+03	-2.863511e+01
1.465828e+03	-2.414829e+01
1.474295e+03	-2.423321e+01
1.482810e+03	-2.883278e+01
1.491375e+03	-2.435142e+01
1.499989e+03	-2.444893e+01
1.508653e+03	-2.449532e+01
1.517367e+03	-2.908479e+01
1.526131e+03	-2.913863e+01
1.534946e+03	-2.918636e+01
1.543812e+03	-2.477657e+01
1.552729e+03	-2.486062e+01
1.561697e+03	-2.492252e+01
1.570717e+03	-2.499446e+01
1.579790e+03	-2.507975e+01
1.588915e+03	-2.510577e+01
1.598092e+03	-1.569563e+01
1.607323e+03	-1.574112e+01
1.616606e+03	-1.582837e+01
1.625944e+03	-1.570252e+01
1.635335e+03	-2.536086e+01
1.644781e+03	-1.569446e+01
1.654281e+03	-1.570995e+01
1.663836e+03	-1.570969e+01
1.673446e+03	-1.570931e+01
1.683112e+03	-1.570203e+01
1.692834e+03	-1.571469e+01
1.702611e+03	-1.673706e+01
1.712446e+03	-1.680265e+01
1.722337e+03	-1.571542e+01
1.732285e+03	-1.572480e+01
1.742290e+03	-1.572290e+01
1.752354e+03	-1.572270e+01
1.762475e+03	-1.572023e+01
1.772655e+03	-1.570938e+01
1.782894e+03	-1.573602e+01
1.793192e+03	-1.574214e+01
1.803549e+03	-1.573056e+01
1.813967e+03	-1.570864e+01
1.824444e+03	-1.572609e+01
1.834982e+03	-2.605837e+01
1.845581e+03	-1.573320e+01
1.856241e+03	-1.573788e+01
1.866962e+03	-2.619066e+01
1.877746e+03	-2.621142e+01
1.888592e+03	-2.625296e+01
1.899500e+03	-1.573349e+01
1.910472e+03	-1.572386e+01
1.921506e+03	-1.574050e+01
1.932605e+03	-2.639837e+01
1.943768e+03	-1.574467e+01
1.954995e+03	-1.576161e+01
1.966287e+03	-2.652626e+01
1.977644e+03	-2.656128e+01
1.989067e+03	-2.659153e+01
2.000555e+03	-2.664280e+01
2.012110e+03	-1.934748e+01
2.023732e+03	-2.671727e+01
2.035421e+03	-1.577844e+01
2.047178e+03	-1.575141e+01
2.059002e+03	-1.576453e+01
2.070895e+03	-2.686910e+01
2.082856e+03	-1.577027e+01
2.094887e+03	-1.578168e+01
2.106987e+03	-1.576937e+01
2.119157e+03	-2.011257e+01
2.131397e+03	-2.706417e+01
2.143708e+03	-1.577548e+01
2.156090e+03	-1.577712e+01
2.168543e+03	-1.577664e+01
2.181069e+03	-1.579064e+01
2.193666e+03	-1.577685e+01
2.206337e+03	-1.580952e+01
2.219081e+03	-1.578902e+01
2.231898e+03	-2.735961e+01
2.244789e+03	-1.579814e+01
2.257755e+03	-1.581425e+01
2.270796e+03	-1.579718e+01
2.283912e+03	-1.580604e+01
2.297104e+03	-2.757798e+01
2.310372e+03	-1.580823e+01
2.323716e+03	-3.249295e+01
2.337138e+03	-1.582744e+01
2.350637e+03	-2.771856e+01
2.364214e+03	-1.583999e+01
2.377870e+03	-1.580912e+01
2.391604e+03	-2.976239e+01
2.405418e+03	-1.581252e+01
2.419312e+03	-2.793520e+01
2.433286e+03	-1.583339e+01
2.447340e+03	-3.003886e+01
2.461476e+03	-3.294558e+01
2.475693e+03	-1.583445e+01
2.489993e+03	-2.813099e+01
2.504375e+03	-2.818412e+01
2.518840e+03	-1.586572e+01
2.533389e+03	-1.585653e+01
2.548022e+03	-1.584578e+01
2.562739e+03	-1.586627e+01
2.577541e+03	-2.839502e+01
2.592429e+03	-1.585087e+01
2.607403e+03	-2.847758e+01
2.622463e+03	-1.587042e+01
2.637610e+03	-2.855906e+01
2.652845e+03	-1.589435e+01
2.668168e+03	-3.359719e+01
2.683579e+03	-1.587425e+01
2.699079e+03	-1.588133e+01
2.714669e+03	-1.589585e+01
2.730349e+03	-2.880925e+01
2.746119e+03	-1.589145e+01
2.761981e+03	-3.137564e+01
2.777934e+03	-1.592901e+01
2.793979e+03	-1.590553e+01
2.810117e+03	-1.590951e+01
2.826348e+03	-2.906185e+01
2.842673e+03	-1.592450e+01
2.859092e+03	-1.591550e+01
2.875606e+03	-1.594147e+01
2.892215e+03	-1.594311e+01
2.908921e+03	-1.595617e+01
2.925722e+03	-3.437415e+01
2.942621e+03	-1.594733e+01
2.959618e+03	-3.445745e+01
2.976712e+03	-3.452093e+01
2.993906e+03	-3.223428e+01
3.011198e+03	-1.596161e+01
3.028591e+03	-3.468515e+01
3.046084e+03	-3.472545e+01
3.063678e+03	-3.476347e+01
3.081374e+03	-1.599474e+01
3.099172e+03	-1.599096e+01
3.117072e+03	-3.493044e+01
3.135076e+03	-1.598402e+01
3.153184e+03	-1.600306e+01
3.171397e+03	-3.505892e+01
3.189715e+03	-1.600319e+01
3.208139e+03	-1.599790e+01
3.226669e+03	-1.602607e+01
3.245306e+03	-3.313365e+01
3.264051e+03	-1.602755e+01
3.282904e+03	-1.604244e+01
3.301866e+03	-3.331213e+01
3.320937e+03	-1.603577e+01
3.340119e+03	-1.605014e+01
3.359411e+03	-3.555222e+01
3.378815e+03	-3.561536e+01
3.398331e+03	-1.605782e+01
3.417959e+03	-3.571782e+01
3.437701e+03	-1.608320e+01
3.457557e+03	-3.382315e+01
3.477528e+03	-1.606978e+01
3.497614e+03	-1.609211e+01
3.517816e+03	-3.595931e+01
3.538135e+03	-3.602190e+01
3.558571e+03	-3.413387e+01
3.579125e+03	-3.613160e+01
3.599798e+03	-1.610523e+01
3.620590e+03	-3.622252e+01
3.641503e+03	-1.614745e+01
3.662536e+03	-3.631434e+01
3.683691e+03	-1.612174e+01
3.704967e+03	-1.615287e+01
3.726367e+03	-3.464372e+01
3.747890e+03	-1.616102e+01
3.769538e+03	-3.659971e+01
3.791311e+03	-1.617877e+01
3.813209e+03	-3.668124e+01
3.835234e+03	-1.618292e+01
3.857386e+03	-1.618299e+01
3.879667e+03	-3.686013e+01
3.902075e+03	-1.619839e+01
3.924614e+03	-3.696464e+01
3.947282e+03	-1.621528e+01
3.970081e+03	-1.622305e+01
3.993012e+03	-3.713163e+01
4.016076e+03	-1.622818e+01
4.039272e+03	-1.623313e+01
4.062603e+03	-1.626494e+01
4.086069e+03	-1.626729e+01
4.109670e+03	-1.626098e+01
4.133407e+03	-3.578926e+01
4.157281e+03	-1.626729e+01
4.181294e+03	-1.627585e+01
4.205445e+03	-1.628609e+01
4.229735e+03	-3.767814e+01
4.254166e+03	-3.772919e+01
4.278738e+03	-1.630454e+01
4.303451e+03	-1.632217e+01
4.328308e+03	-3.791346e+01
4.353308e+03	-3.793659e+01
4.378453e+03	-1.633444e+01
4.403742e+03	-1.635313e+01
4.429178e+03	-3.813032e+01
4.454761e+03	-1.635961e+01
4.480492e+03	-1.638153e+01
4.506371e+03	-3.828325e+01
4.532399e+03	-1.638085e+01
4.558578e+03	-4.332519e+01
4.584908e+03	-4.337829e+01
4.611391e+03	-1.642302e+01
4.638026e+03	-1.644537e+01
4.664815e+03	-1.644423e+01
4.691759e+03	-1.643472e+01
4.718858e+03	-1.644826e+01
4.746114e+03	-3.880250e+01
4.773527e+03	-3.885635e+01
4.801099e+03	-1.647236e+01
4.828830e+03	-1.650452e+01
4.856721e+03	-3.901912e+01
4.884773e+03	-1.650032e+01
4.912988e+03	-1.653524e+01
4.941365e+03	-3.919718e+01
4.969906e+03	-1.653053e+01
4.998612e+03	-1.653892e+01
5.027484e+03	-1.655817e+01
5.056522e+03	-1.657420e+01
5.085729e+03	-4.453437e+01
5.115104e+03	-1.660853e+01
5.144648e+03	-1.661332e+01
5.174363e+03	-1.660668e+01
5.204250e+03	-1.662786e+01
5.234310e+03	-4.482583e+01
5.264543e+03	-4.492155e+01
5.294951e+03	-3.992304e+01
5.325534e+03	-3.997905e+01
5.356294e+03	-1.668405e+01
5.387232e+03	-4.008310e+01
5.418348e+03	-1.670379e+01
5.449645e+03	-4.531141e+01
5.481122e+03	-4.537110e+01
5.512780e+03	-1.674131e+01
5.544622e+03	-1.673412e+01
5.576647e+03	-1.675895e+01
5.608858e+03	-4.050030e+01
5.641254e+03	-1.678269e+01
5.673838e+03	-4.060782e+01
5.706610e+03	-1.681458e+01
5.739571e+03	-1.683462e+01
5.772723e+03	-1.683586e+01
5.806066e+03	-4.663246e+01
5.839601e+03	-4.666654e+01
5.873331e+03	-1.687143e+01
5.907255e+03	-4.623048e+01
5.941375e+03	-4.686081e+01
5.975692e+03	-4.690956e+01
6.010207e+03	-1.692530e+01
6.044922e+03	-4.704897e+01
6.079837e+03	-4.711400e+01
6.114954e+03	-1.696139e+01
6.150274e+03	-4.724903e+01
6.185797e+03	-4.730621e+01
6.221526e+03	-1.702791e+01
6.257462e+03	-1.701020e+01
6.293605e+03	-4.697513e+01
6.329956e+03	-4.757720e+01
6.366518e+03	-4.764727e+01
6.403290e+03	-1.706738e+01
6.440276e+03	-4.725008e+01
6.477474e+03	-1.710728e+01
6.514888e+03	-1.711570e+01
6.552518e+03	-4.797014e+01
6.590365e+03	-1.715670e+01
6.628430e+03	-1.717394e+01
6.666716e+03	-4.816721e+01
6.705223e+03	-4.772818e+01
6.743952e+03	-1.720967e+01
6.782905e+03	-1.721641e+01
6.822082e+03	-1.724207e+01
6.861486e+03	-1.725862e+01
6.901118e+03	-4.854887e+01
6.940979e+03	-1.727833e+01
6.981069e+03	-1.729534e+01
7.021392e+03	-1.730607e+01
7.061947e+03	-4.883421e+01
7.102737e+03	-1.735375e+01
7.143762e+03	-1.736519e+01
7.185024e+03	-1.737224e+01
7.226524e+03	-1.739280e+01
7.268264e+03	-4.918038e+01
7.310246e+03	-1.744005e+01
7.352469e+03	-1.746932e+01
7.394937e+03	-1.748196e+01
7.437650e+03	-4.944673e+01
7.480609e+03	-1.753669e+01
7.523817e+03	-1.752875e+01
7.567274e+03	-4.966494e+01
7.610982e+03	-1.755964e+01
7.654943e+03	-1.760040e+01
7.699158e+03	-4.987686e+01
7.743628e+03	-4.993099e+01
7.788355e+03	-1.762698e+01
7.833340e+03	-5.007956e+01
7.878585e+03	-5.015677e+01
7.924091e+03	-1.769300e+01
7.969861e+03	-1.771273e+01
8.015894e+03	-5.036753e+01
8.062194e+03	-5.042935e+01
8.108761e+03	-5.050473e+01
8.155596e+03	-1.778863e+01
8.202703e+03	-1.781367e+01
8.250081e+03	-1.783452e+01
8.297733e+03	-5.079386e+01
8.345661e+03	-5.086203e+01
8.393865e+03	-1.788723e+01
8.442348e+03	-5.098907e+01
8.491110e+03	-5.070755e+01
8.540155e+03	-1.794408e+01
8.589482e+03	-5.084992e+01
8.639095e+03	-1.799088e+01
8.688994e+03	-5.136541e+01
8.739181e+03	-1.804381e+01
8.789658e+03	-5.152126e+01
8.840427e+03	-5.157784e+01
8.891489e+03	-5.742840e+01
8.942846e+03	-1.812643e+01
8.994499e+03	-5.758581e+01
9.046451e+03	-1.816448e+01
9.098703e+03	-5.196281e+01
9.151257e+03	-1.822153e+01
9.204114e+03	-5.209450e+01
9.257277e+03	-1.828330e+01
9.310746e+03	-1.827272e+01
9.364525e+03	-5.234771e+01
9.418614e+03	-5.240457e+01
9.473015e+03	-1.835154e+01
9.527731e+03	-1.836261e+01
9.582763e+03	-5.264354e+01
9.638113e+03	-5.271447e+01
9.693782e+03	-1.845046e+01
9.749773e+03	-5.287512e+01
9.806087e+03	-5.292538e+01
9.862727e+03	-1.853449e+01
9.919693e+03	-5.887975e+01
9.976989e+03	-1.856815e+01
1.003462e+04	-5.325199e+01
1.009258e+04	-5.332001e+01
1.015087e+04	-1.864692e+01
1.020950e+04	-1.867599e+01
1.026847e+04	-1.868230e+01
1.032778e+04	-5.941950e+01
1.038743e+04	-5.370710e+01
1.044743e+04	-1.874550e+01
1.050777e+04	-1.879085e+01
1.056847e+04	-1.881718e+01
1.062951e+04	-1.885312e+01
1.069091e+04	-1.888349e+01
1.075266e+04	-5.419242e+01
1.081476e+04	-6.018533e+01
1.087723e+04	-1.895345e+01
1.094006e+04	-5.442297e+01
1.100324e+04	-1.900760e+01
1.106680e+04	-1.905080e+01
1.113072e+04	-1.906572e+01
1.119501e+04	-1.909726e+01
1.125967e+04	-1.910990e+01
1.132471e+04	-1.914298e+01
1.139012e+04	-6.077814e+01
1.145591e+04	-6.086286e+01
1.152208e+04	-6.107967e+01
1.158863e+04	-6.116422e+01
1.165556e+04	-1.929305e+01
1.172289e+04	-1.933443e+01
1.179060e+04	-6.141342e+01
1.185870e+04	-6.135887e+01
1.192719e+04	-6.141459e+01
1.199608e+04	-6.164413e+01
1.206537e+04	-1.947688e+01
1.213506e+04	-1.949787e+01
1.220515e+04	-6.190477e+01
1.227565e+04	-6.196128e+01
1.234655e+04	-1.958652e+01
1.241787e+04	-1.961592e+01
1.248959e+04	-6.209650e+01
1.256173e+04	-1.967883e+01
1.263429e+04	-1.969955e+01
1.270726e+04	-1.974128e+01
1.278066e+04	-1.976257e+01
1.285448e+04	-6.261222e+01
1.292873e+04	-1.981740e+01
1.300340e+04	-6.281957e+01
1.307851e+04	-1.987969e+01
1.315405e+04	-6.296809e+01
1.323003e+04	-1.996263e+01
1.330644e+04	-1.999345e+01
1.338330e+04	-2.000588e+01
1.346060e+04	-2.003125e+01
1.353835e+04	-6.338379e+01
1.361655e+04	-6.334831e+01
1.369520e+04	-6.356016e+01
1.377430e+04	-6.365397e+01
1.385386e+04	-2.020431e+01
1.393388e+04	-6.381214e+01
1.401436e+04	-2.027058e+01
1.409531e+04	-2.029005e+01
1.417672e+04	-2.033270e+01
1.425861e+04	-2.036287e+01
1.434096e+04	-6.414158e+01
1.442379e+04	-2.044193e+01
1.450711e+04	-2.048061e+01
1.459090e+04	-2.049770e+01
1.467518e+04	-6.446803e+01
1.475994e+04	-2.054990e+01
1.484519e+04	-2.060594e+01
1.493094e+04	-2.062023e+01
1.501718e+04	-2.066513e+01
1.510392e+04	-6.500312e+01
1.519116e+04	-2.074075e+01
1.527890e+04	-2.076377e+01
1.536715e+04	-6.525730e+01
1.545591e+04	-2.084755e+01
1.554518e+04	-2.087563e+01
1.563497e+04	-2.091899e+01
1.572528e+04	-6.551583e+01
1.581611e+04	-2.096686e+01
1.590746e+04	-2.101707e+01
1.599934e+04	-2.105470e+01
1.609175e+04	-6.596365e+01
1.618470e+04	-6.605471e+01
1.627818e+04	-2.117760e+01
1.637220e+04	-6.611739e+01
1.646677e+04	-2.123903e+01
1.656188e+04	-2.125969e+01
1.665754e+04	-6.649652e+01
1.675375e+04	-2.132518e+01
1.685052e+04	-2.137982e+01
1.694785e+04	-2.139635e+01
1.704574e+04	-2.145444e+01
1.714419e+04	-2.150042e+01
1.724322e+04	-2.151196e+01
1.734281e+04	-2.157123e+01
1.744299e+04	-6.720050e+01
1.754374e+04	-2.164010e+01
1.764507e+04	-7.337502e+01
1.774698e+04	-6.746380e+01
1.784949e+04	-6.755595e+01
1.795259e+04	-2.179115e+01
1.805628e+04	-2.183174e+01
1.816057e+04	-2.184672e+01
1.826547e+04	-2.189488e+01
1.837097e+04	-2.194244e+01
1.847708e+04	-6.809407e+01
1.858380e+04	-2.201788e+01
1.869114e+04	-7.423270e+01
1.879910e+04	-7.431091e+01
1.890768e+04	-6.843470e+01
1.901689e+04	-2.214849e+01
1.912673e+04	-2.220481e+01
1.923721e+04	-2.223652e+01
1.934832e+04	-2.228619e+01
1.946008e+04	-2.233077e+01
1.957248e+04	-2.233883e+01
1.968553e+04	-2.239701e+01
1.979923e+04	-2.242434e+01
1.991359e+04	-7.527354e+01
2.002861e+04	-2.251626e+01
2.014430e+04	-7.540571e+01
2.026065e+04	-2.259871e+01
2.037767e+04	-6.961914e+01
2.049537e+04	-7.569960e+01
2.061375e+04	-6.979751e+01
2.073282e+04	-2.274526e+01
2.085257e+04	-2.278472e+01
2.097301e+04	-2.282089e+01
2.109415e+04	-7.016269e+01
2.121599e+04	-2.290135e+01
2.133853e+04	-7.630773e+01
2.146178e+04	-2.299277e+01
2.158575e+04	-7.052828e+01
2.171043e+04	-2.307710e+01
2.183582e+04	-2.311458e+01
2.196195e+04	-2.314623e+01
2.208880e+04	-2.319651e+01
2.221638e+04	-7.099378e+01
2.234470e+04	-2.326093e+01
2.247377e+04	-2.333084e+01
2.260357e+04	-7.724802e+01
2.273413e+04	-7.136209e+01
2.286544e+04	-7.742430e+01
2.299751e+04	-2.348186e+01
2.313034e+04	-7.760071e+01
2.326394e+04	-2.354042e+01
2.339832e+04	-7.781754e+01
2.353346e+04	-7.792245e+01
2.366939e+04	-7.797309e+01
2.380610e+04	-2.370916e+01
2.394361e+04	-7.818152e+01
2.408191e+04	-2.379603e+01
2.422100e+04	-2.384981e+01
2.436090e+04	-2.387245e+01
2.450161e+04	-7.857585e+01
2.464313e+04	-2.395935e+01
2.478547e+04	-2.400275e+01
2.492863e+04	-2.404433e+01
2.507261e+04	-2.407735e+01
2.521743e+04	-7.903082e+01
2.536309e+04	-2.417357e+01
2.550958e+04	-2.422962e+01
2.565692e+04	-7.930610e+01
2.580512e+04	-7.939036e+01
2.595417e+04	-2.433086e+01
2.610408e+04	-2.440282e+01
2.625485e+04	-2.443908e+01
2.640650e+04	-2.447490e+01
2.655902e+04	-2.450118e+01
2.671243e+04	-7.992327e+01
2.686672e+04	-2.458511e+01
2.702190e+04	-2.463949e+01
2.717798e+04	-2.467388e+01
2.733495e+04	-2.472518e+01
2.749284e+04	-8.040751e+01
2.765164e+04	-8.051169e+01
2.781135e+04	-2.485701e+01
2.797199e+04	-8.068575e+01
2.813355e+04	-2.493288e+01
2.829605e+04	-2.500123e+01
2.845949e+04	-2.500499e+01
2.862387e+04	-8.105208e+01
2.878920e+04	-2.509876e+01
2.895549e+04	-2.512323e+01
2.912273e+04	-8.134488e+01
2.929094e+04	-2.522155e+01
2.946013e+04	-2.526910e+01
2.963029e+04	-8.158966e+01
2.980143e+04	-8.172719e+01
2.997356e+04	-8.181133e+01
3.014669e+04	-8.190517e+01
3.032081e+04	-8.201193e+01
3.049595e+04	-8.211067e+01
3.067209e+04	-2.557739e+01
3.084925e+04	-8.229192e+01
3.102743e+04	-2.567047e+01
3.120665e+04	-8.244138e+01
3.138690e+04	-8.254443e+01
3.156819e+04	-2.579706e+01
3.175052e+04	-8.272410e+01
3.193391e+04	-2.588736e+01
3.211836e+04	-2.592068e+01
3.230388e+04	-8.303074e+01
3.249046e+04	-8.312050e+01
3.267812e+04	-2.604363e+01
3.286687e+04	-8.328658e+01
3.305671e+04	-2.615167e+01
3.324764e+04	-2.618061e+01
3.343968e+04	-8.358873e+01
3.363283e+04	-2.626422e+01
3.382709e+04	-2.633306e+01
3.402247e+04	-2.636045e+01
3.421899e+04	-8.396454e+01
3.441663e+04	-9.006335e+01
3.461542e+04	-2.649514e+01
3.481536e+04	-2.651861e+01
3.501645e+04	-2.657516e+01
3.521871e+04	-2.660969e+01
3.542213e+04	-2.667142e+01
3.562672e+04	-2.670801e+01
3.583250e+04	-2.675088e+01
3.603947e+04	-2.679720e+01
3.624763e+04	-9.092351e+01
3.645700e+04	-8.500477e+01
3.666757e+04	-2.690543e+01
3.687936e+04	-2.697759e+01
3.709238e+04	-8.527914e+01
3.730662e+04	-2.705624e+01
3.752210e+04	-2.709440e+01
3.773883e+04	-2.714896e+01
3.795680e+04	-8.565537e+01
3.817604e+04	-9.174272e+01
3.839654e+04	-8.585599e+01
3.861832e+04	-2.730915e+01
3.884138e+04	-8.603548e+01
3.906573e+04	-8.611821e+01
3.929137e+04	-2.743653e+01
3.951831e+04	-2.750229e+01
3.974657e+04	-2.752038e+01
3.997614e+04	-2.756686e+01
4.020704e+04	-2.762350e+01
4.043928e+04	-8.668257e+01
4.067285e+04	-8.676531e+01
4.090778e+04	-2.775555e+01
4.114406e+04	-8.695572e+01
4.138171e+04	-2.783093e+01
4.162073e+04	-2.787468e+01
4.186113e+04	-9.326238e+01
4.210291e+04	-2.796558e+01
4.234610e+04	-2.802130e+01
4.259069e+04	-2.804588e+01
4.283669e+04	-2.808185e+01
4.308411e+04	-8.773577e+01
4.333297e+04	-2.817961e+01
4.358325e+04	-2.823515e+01
4.383499e+04	-9.400159e+01
4.408818e+04	-9.408811e+01
4.434283e+04	-8.818277e+01
4.459895e+04	-2.838472e+01
4.485655e+04	-2.844050e+01
4.511564e+04	-2.849665e+01
4.537623e+04	-8.854287e+01
4.563832e+04	-2.856463e+01
4.590193e+04	-9.474761e+01
4.616705e+04	-2.865175e+01
4.643371e+04	-2.871030e+01
4.670191e+04	-9.501055e+01
4.697166e+04	-9.511488e+01
4.724297e+04	-2.882123e+01
4.751584e+04	-2.887528e+01
4.779029e+04	-2.891082e+01
4.806633e+04	-2.895064e+01
4.834395e+04	-9.557730e+01
4.862319e+04	-2.901972e+01
4.890403e+04	-2.907918e+01
4.918650e+04	-2.911202e+01
4.947060e+04	-2.918398e+01
4.975634e+04	-9.604485e+01
5.004373e+04	-2.925268e+01
5.033278e+04	-2.929926e+01
5.062350e+04	-2.934074e+01
5.091590e+04	-2.938436e+01
5.120999e+04	-2.942874e+01
5.150578e+04	-2.947355e+01
5.180327e+04	-2.951452e+01
5.210248e+04	-2.953370e+01
5.240343e+04	-2.958625e+01
5.270611e+04	-2.962562e+01
5.301053e+04	-9.703726e+01
5.331672e+04	-9.714661e+01
5.362468e+04	-2.975404e+01
5.393441e+04	-9.732089e+01
5.424593e+04	-9.740376e+01
5.455926e+04	-2.991220e+01
5.487439e+04	-2.992565e+01
5.519134e+04	-2.996131e+01
5.551012e+04	-9.777426e+01
5.583075e+04	-9.786648e+01
5.615322e+04	-3.009718e+01
5.647756e+04	-9.802755e+01
5.680377e+04	-3.017176e+01
5.713187e+04	-3.020752e+01
5.746186e+04	-3.024821e+01
5.779376e+04	-3.030209e+01
5.812757e+04	-9.850132e+01
5.846332e+04	-9.858215e+01
5.880100e+04	-3.042591e+01
5.914063e+04	-9.876988e+01
5.948222e+04	-3.048858e+01
5.982579e+04	-9.893709e+01
6.017134e+04	-3.058763e+01
6.051889e+04	-3.061324e+01
6.086844e+04	-3.065795e+01
6.122002e+04	-3.072141e+01
6.157362e+04	-9.938502e+01
6.192927e+04	-9.948909e+01
6.228697e+04	-3.080533e+01
6.264674e+04	-9.966553e+01
6.300858e+04	-9.974224e+01
6.337252e+04	-9.983466e+01
6.373855e+04	-3.098566e+01
6.410670e+04	-1.000055e+02
6.447698e+04	-3.105854e+01
6.484940e+04	-3.110647e+01
6.522397e+04	-3.114797e+01
6.560070e+04	-3.119284e+01
6.597960e+04	-3.122466e+01
6.636070e+04	-3.126616e+01
6.674400e+04	-3.129428e+01
6.712951e+04	-1.007338e+02
6.751724e+04	-1.008056e+02
6.790722e+04	-3.142510e+01
6.829945e+04	-3.144016e+01
6.869395e+04	-3.148970e+01
6.909072e+04	-3.151795e+01
6.948978e+04	-1.072561e+02
6.989115e+04	-3.160296e+01
7.029484e+04	-3.164108e+01
7.070086e+04	-1.014924e+02
7.110923e+04	-3.172123e+01
7.151995e+04	-1.076880e+02
7.193305e+04	-3.178576e+01
7.234853e+04	-3.182767e+01
7.276641e+04	-3.187379e+01
7.318671e+04	-1.080381e+02
7.360943e+04	-3.194168e+01
7.403460e+04	-3.196023e+01
7.446222e+04	-1.022473e+02
7.489231e+04	-1.023380e+02
7.532488e+04	-1.024229e+02
7.575996e+04	-1.085292e+02
7.619754e+04	-3.214901e+01
7.663766e+04	-3.218765e+01
7.708031e+04	-1.027544e+02
7.752553e+04	-3.226826e+01
7.797331e+04	-3.227730e+01
7.842368e+04	-3.234428e+01
7.887665e+04	-3.237899e+01
7.933224e+04	-3.238880e+01
7.979046e+04	-3.243911e+01
8.025133e+04	-1.033493e+02
8.071486e+04	-3.250399e+01
8.118106e+04	-3.254258e+01
8.164996e+04	-3.256255e+01
8.212157e+04	-3.260000e+01
8.259590e+04	-3.263648e+01
8.307297e+04	-1.038407e+02
8.355279e+04	-3.270916e+01
8.403539e+04	-3.274161e+01
8.452078e+04	-1.040490e+02
8.500897e+04	-3.280716e+01
8.549997e+04	-1.042070e+02
8.599382e+04	-3.284667e+01
8.649052e+04	-1.043815e+02
8.699008e+04	-3.294547e+01
8.749253e+04	-3.295744e+01
8.799789e+04	-3.298969e+01
8.850616e+04	-3.301127e+01
8.901737e+04	-3.305808e+01
8.953153e+04	-1.048454e+02
9.004866e+04	-3.312592e+01
9.056877e+04	-3.316875e+01
9.109190e+04	-1.111026e+02
9.161804e+04	-1.111719e+02
9.214722e+04	-1.112619e+02
9.267946e+04	-1.113255e+02
9.321477e+04	-3.329250e+01
9.375318e+04	-3.333647e+01
9.429469e+04	-1.115493e+02
9.483933e+04	-3.338116e+01
9.538712e+04	-3.340704e+01
9.593807e+04	-3.342844e+01
9.649221e+04	-3.346315e+01
9.704954e+04	-1.119356e+02
9.761010e+04	-3.350273e+01
9.817389e+04	-3.353296e+01
9.874094e+04	-3.355878e+01
9.931126e+04	-1.122221e+02
9.988488e+04	-3.361028e+01
1.004618e+05	-3.363174e+01
1.010421e+05	-3.366308e+01
1.016257e+05	-3.369784e+01
1.022127e+05	-3.373825e+01
1.028031e+05	-3.374817e+01
1.033968e+05	-3.374600e+01
1.039941e+05	-3.378376e+01
1.045947e+05	-3.382246e+01
1.051989e+05	-3.385372e+01
1.058065e+05	-3.386689e+01
1.064176e+05	-1.130703e+02
1.070323e+05	-1.131363e+02
1.076505e+05	-3.391744e+01
1.082723e+05	-3.396089e+01
1.088977e+05	-1.133027e+02
1.095266e+05	-3.398256e+01
1.101593e+05	-1.134372e+02
1.107955e+05	-3.402570e+01
1.114355e+05	-1.135619e+02
1.120791e+05	-1.136439e+02
1.127265e+05	-3.409523e+01
1.133776e+05	-1.137785e+02
1.140325e+05	-3.413484e+01
1.146911e+05	-3.414444e+01
1.153536e+05	-3.415790e+01
1.160198e+05	-3.418771e+01
1.166900e+05	-1.140816e+02
1.173640e+05	-3.422633e+01
1.180419e+05	-1.142053e+02
1.187237e+05	-1.142646e+02
1.194094e+05	-1.143241e+02
1.200991e+05	-3.428802e+01
1.207928e+05	-3.426716e+01
1.214905e+05	-3.429153e+01
1.221922e+05	-1.145278e+02
1.228980e+05	-3.432950e+01
1.236078e+05	-1.146563e+02
1.243218e+05	-3.433199e+01
1.250399e+05	-3.437464e+01
1.257621e+05	-3.437219e+01
1.264885e+05	-1.148786e+02
1.272191e+05	-3.438951e+01
1.279539e+05	-3.439294e+01
1.286930e+05	-3.442919e+01
1.294363e+05	-3.444009e+01
1.301839e+05	-3.442739e+01
1.309358e+05	-1.151752e+02
1.316921e+05	-3.443527e+01
1.324528e+05	-3.444566e+01
1.332178e+05	-3.444021e+01
1.339873e+05	-3.444441e+01
1.347612e+05	-1.154166e+02
1.355395e+05	-3.446979e+01
1.363224e+05	-3.446894e+01
1.371098e+05	-3.447632e+01
1.379018e+05	-3.446368e+01
1.386983e+05	-3.446580e+01
1.394994e+05	-3.447376e+01
1.403051e+05	-3.445044e+01
1.411155e+05	-3.446668e+01
1.419306e+05	-1.218117e+02
1.427504e+05	-1.158097e+02
1.435749e+05	-1.158485e+02
1.444042e+05	-1.158843e+02
1.452383e+05	-1.219367e+02
1.460772e+05	-3.446711e+01
1.469209e+05	-3.445133e+01
1.477695e+05	-3.443462e+01
1.486230e+05	-1.160585e+02
1.494814e+05	-1.160954e+02
1.503448e+05	-1.221334e+02
1.512132e+05	-1.161569e+02
1.520866e+05	-1.161616e+02
1.529651e+05	-1.161837e+02
1.538486e+05	-3.435060e+01
1.547372e+05	-3.436083e+01
1.556310e+05	-3.434139e+01
1.565299e+05	-1.162894e+02
1.574340e+05	-3.430318e+01
1.583433e+05	-3.429156e+01
1.592579e+05	-1.163388e+02
1.601778e+05	-1.163600e+02
1.611030e+05	-1.163651e+02
1.620335e+05	-3.424044e+01
1.629694e+05	-1.164017e+02
1.639107e+05	-3.416312e+01
1.648574e+05	-3.416087e+01
1.658097e+05	-3.412409e+01
1.667674e+05	-3.412430e+01
1.677306e+05	-1.164489e+02
1.686994e+05	-3.406397e+01
1.696738e+05	-3.402238e+01
1.706538e+05	-1.224735e+02
1.716395e+05	-3.395386e+01
1.726309e+05	-3.394168e+01
1.736280e+05	-1.164731e+02
1.746309e+05	-1.224714e+02
1.756395e+05	-1.224622e+02
1.766540e+05	-1.164329e+02
1.776744e+05	-3.375435e+01
1.787006e+05	-1.224334e+02
1.797328e+05	-1.224196e+02
1.807709e+05	-3.361570e+01
1.818150e+05	-1.223797e+02
1.828652e+05	-3.354248e+01
1.839214e+05	-3.349080e+01
1.849837e+05	-3.346801e+01
1.860522e+05	-3.338571e+01
1.871268e+05	-3.333029e+01
1.882077e+05	-3.328004e+01
1.892948e+05	-3.324148e+01
1.903881e+05	-3.318548e+01
1.914878e+05	-3.313923e+01
1.925938e+05	-3.306358e+01
1.937062e+05	-3.300870e+01
1.948251e+05	-3.293373e+01
1.959504e+05	-3.288390e+01
1.970822e+05	-3.281864e+01
1.982205e+05	-1.218920e+02
1.993654e+05	-3.266930e+01
2.005169e+05	-3.261852e+01
2.016751e+05	-1.217099e+02
2.028400e+05	-3.246038e+01
2.040116e+05	-3.239132e+01
2.051899e+05	-3.230026e+01
2.063751e+05	-3.223449e+01
2.075671e+05	-1.213686e+02
2.087660e+05	-3.205052e+01
2.099719e+05	-3.195443e+01
2.111846e+05	-3.186346e+01
2.124044e+05	-1.210458e+02
2.136313e+05	-3.167312e+01
2.148652e+05	-3.156525e+01
2.161063e+05	-1.207548e+02
2.173545e+05	-1.206439e+02
2.186099e+05	-1.205374e+02
2.198726e+05	-3.115762e+01
2.211426e+05	-1.203055e+02
2.224199e+05	-3.091874e+01
2.237046e+05	-3.079565e+01
2.249967e+05	-3.070003e+01
2.262962e+05	-1.197717e+02
2.276033e+05	-3.041856e+01
2.289179e+05	-3.030736e+01
2.302402e+05	-1.193135e+02
2.315700e+05	-3.002795e+01
2.329076e+05	-1.189882e+02
2.342528e+05	-2.975762e+01
2.356059e+05	-1.186232e+02
2.369667e+05	-2.945844e+01
2.383354e+05	-2.928630e+01
2.397120e+05	-1.180286e+02
2.410966e+05	-1.178085e+02
2.424892e+05	-2.878284e+01
2.438898e+05	-1.173910e+02
2.452985e+05	-1.171746e+02
2.467153e+05	-2.824343e+01
2.481403e+05	-1.167231e+02
2.495736e+05	-1.164640e+02
2.510151e+05	-2.764746e+01
2.524650e+05	-2.745652e+01
2.539232e+05	-2.725160e+01
2.553898e+05	-1.152767e+02
2.568650e+05	-2.680305e+01
2.583486e+05	-1.146099e+02
2.598408e+05	-1.142467e+02
2.613416e+05	-2.605065e+01
2.628511e+05	-2.581722e+01
2.643694e+05	-2.554885e+01
2.658963e+05	-1.125503e+02
2.674321e+05	-1.120574e+02
2.689768e+05	-2.470946e+01
2.705304e+05	-2.442196e+01
2.720930e+05	-2.409885e+01
2.736646e+05	-2.377746e+01
2.752453e+05	-1.090770e+02
2.768351e+05	-1.083410e+02
2.784341e+05	-2.273803e+01
2.800423e+05	-2.237650e+01
2.816598e+05	-1.058671e+02
2.832867e+05	-2.157678e+01
2.849229e+05	-1.041746e+02
2.865686e+05	-2.074015e+01
2.882238e+05	-2.028535e+01
2.898886e+05	-1.027242e+02
2.915630e+05	-1.028621e+02
2.932470e+05	-1.881014e+01
2.949408e+05	-1.825793e+01
2.966444e+05	-1.049896e+02
2.983578e+05	-1.059168e+02
3.000811e+05	-1.068411e+02
3.018143e+05	-1.077459e+02
3.035576e+05	-1.085874e+02
3.053109e+05	-1.430695e+01
3.070744e+05	-1.101816e+02
3.088481e+05	-1.109081e+02
3.106320e+05	-1.175152e+01
3.124261e+05	-1.080575e+01
3.142307e+05	-9.788628e+00
3.160457e+05	-8.782187e+00
3.178712e+05	-7.764666e+00
3.197072e+05	-6.796977e+00
3.215538e+05	-6.025325e+00
3.234111e+05	-5.476016e+00
3.252791e+05	-5.308337e+00
3.271579e+05	-1.162221e+02
3.290475e+05	-1.165940e+02
3.309481e+05	-1.169697e+02
3.328596e+05	-1.173466e+02
3.347822e+05	-1.177158e+02
3.367159e+05	-8.780627e+00
3.386608e+05	-1.183381e+02
3.406169e+05	-1.186543e+02
3.425842e+05	-1.063987e+01
3.445630e+05	-1.113740e+01
3.465532e+05	-1.161083e+01
3.485549e+05	-1.197099e+02
3.505681e+05	-1.236186e+01
3.525930e+05	-1.267701e+01
3.546295e+05	-1.295101e+01
3.566778e+05	-1.319132e+01
3.587380e+05	-1.148135e+02
3.608101e+05	-1.149938e+02
3.628941e+05	-1.152055e+02
3.649901e+05	-1.153546e+02
3.670983e+05	-1.385313e+01
3.692187e+05	-1.386754e+01
3.713513e+05	-1.389492e+01
3.734962e+05	-1.160949e+02
3.756535e+05	-1.162701e+02
3.778232e+05	-1.164573e+02
3.800055e+05	-1.165943e+02
3.822004e+05	-1.340391e+01
3.844080e+05	-1.317094e+01
3.866283e+05	-1.291934e+01
3.888615e+05	-1.262027e+01
3.911075e+05	-1.228301e+01
3.933665e+05	-1.188067e+01
3.956386e+05	-1.114825e+02
3.979238e+05	-1.088837e+01
4.002222e+05	-1.026566e+01
4.025338e+05	-1.177918e+02
4.048589e+05	-1.118458e+02
4.071973e+05	-7.743611e+00
4.095493e+05	-6.582808e+00
4.119148e+05	-5.189920e+00
4.142940e+05	-1.060982e+02
4.166870e+05	-1.081722e+00
4.190937e+05	2.259235e+00
4.215144e+05	8.032377e+00
4.239490e+05	-6.407682e+01
4.263978e+05	8.258779e+00
4.288606e+05	2.013237e+00
4.313377e+05	-1.674955e+00
4.338291e+05	-4.277532e+00
4.363349e+05	-1.062077e+02
4.388551e+05	-7.985719e+00
4.413899e+05	-9.400959e+00
4.439394e+05	-1.061167e+01
4.465035e+05	-1.169290e+01
4.490825e+05	-1.265190e+01
4.516764e+05	-1.353167e+01
4.542853e+05	-1.432171e+01
4.569092e+05	-1.176723e+02
4.595483e+05	-1.175760e+02
4.622026e+05	-1.234744e+02
4.648723e+05	-1.687169e+01
4.675574e+05	-1.739951e+01
4.702580e+05	-1.786777e+01
4.729742e+05	-1.227652e+02
4.757060e+05	-1.225725e+02
4.784537e+05	-1.907954e+01
4.812172e+05	-1.220868e+02
4.839967e+05	-1.974183e+01
4.867923e+05	-2.003846e+01
4.896040e+05	-2.030906e+01
4.924319e+05	-2.053735e+01
4.952762e+05	-1.205005e+02
4.981369e+05	-1.200946e+02
5.010141e+05	-1.197046e+02
5.039079e+05	-2.124140e+01
5.068185e+05	-1.188238e+02
5.097458e+05	-1.243069e+02
5.126901e+05	-2.153759e+01
5.156514e+05	-2.157506e+01
5.186298e+05	-1.224632e+02
5.216253e+05	-1.216696e+02
5.246382e+05	-2.156869e+01
5.276685e+05	-1.197931e+02
5.307163e+05	-2.142696e+01
5.337817e+05	-2.132850e+01
5.368648e+05	-2.117354e+01
5.399657e+05	-1.138360e+02
5.430845e+05	-2.084882e+01
5.462214e+05	-1.100177e+02
5.493763e+05	-2.029566e+01
5.525495e+05	-1.998278e+01
5.557410e+05	-1.963315e+01
5.589509e+05	-1.921336e+01
5.621794e+05	-1.874144e+01
5.654265e+05	-1.820260e+01
5.686924e+05	-1.760221e+01
5.719772e+05	-1.214997e+02
5.752809e+05	-1.225952e+02
5.786037e+05	-1.235423e+02
5.819457e+05	-1.422815e+01
5.853070e+05	-1.251809e+02
5.886877e+05	-1.164435e+01
5.920879e+05	-1.000051e+01
5.955078e+05	-8.023959e+00
5.989474e+05	-1.338467e+02
6.024069e+05	-3.813946e+00
6.058864e+05	-1.348464e+02
6.093860e+05	-4.945175e+00
6.129058e+05	-1.356615e+02
6.164459e+05	-9.305499e+00
6.200064e+05	-1.111577e+01
6.235876e+05	-1.305135e+02
6.271894e+05	-1.388678e+01
6.308120e+05	-1.497085e+01
6.344555e+05	-1.591664e+01
6.381201e+05	-1.672892e+01
6.418059e+05	-1.316314e+02
6.455129e+05	-1.801735e+01
6.492414e+05	-1.318476e+02
6.529914e+05	-1.898220e+01
6.567630e+05	-1.933256e+01
6.605565e+05	-1.964769e+01
6.643718e+05	-1.986670e+01
6.682092e+05	-2.006673e+01
6.720688e+05	-2.016527e+01
6.759506e+05	-1.318732e+02
6.798549e+05	-1.318191e+02
6.837817e+05	-1.317116e+02
6.877312e+05	-1.315593e+02
6.917035e+05	-1.985158e+01
6.956987e+05	-1.310854e+02
6.997171e+05	-1.307552e+02
7.037586e+05	-1.303658e+02
7.078235e+05	-1.829146e+01
7.119118e+05	-1.232922e+02
7.160238e+05	-1.698802e+01
7.201595e+05	-1.612811e+01
7.243191e+05	-1.209159e+02
7.285028e+05	-1.392427e+01
7.327106e+05	-1.185161e+02
7.369427e+05	-1.108291e+02
7.411992e+05	-8.486550e+00
7.454804e+05	-5.502631e+00
7.497862e+05	-1.012532e+00
7.541170e+05	8.111002e+00
7.584727e+05	-8.111962e+01
7.628536e+05	6.148254e-01
7.672598e+05	-3.510882e+00
7.716915e+05	-5.986945e+00
7.761488e+05	-1.181752e+02
7.806318e+05	-1.199451e+02
7.851407e+05	-9.186665e+00
7.896756e+05	-1.227460e+02
7.942367e+05	-9.157036e+00
7.988242e+05	-8.555199e+00
8.034382e+05	-1.316479e+02
8.080788e+05	-1.323383e+02
8.127463e+05	-2.551644e+00
8.174406e+05	1.429695e+00
8.221621e+05	-1.338855e+02
8.269109e+05	-5.234749e+00
8.316871e+05	-1.344279e+02
8.364909e+05	-1.230626e+01
8.413225e+05	-1.470801e+01
8.461819e+05	-1.405450e+02
8.510694e+05	-1.826119e+01
8.559852e+05	-1.962681e+01
8.609293e+05	-2.076651e+01
8.659020e+05	-1.398965e+02
8.709034e+05	-2.254084e+01
8.759337e+05	-2.318495e+01
8.809931e+05	-1.378473e+02
8.860816e+05	-1.365506e+02
8.911996e+05	-2.428938e+01
8.963471e+05	-1.322835e+02
9.015244e+05	-2.430161e+01
9.067316e+05	-2.410044e+01
9.119688e+05	-2.370725e+01
9.172363e+05	-2.314195e+01
9.225342e+05	-2.235603e+01
9.278628e+05	-1.294152e+02
9.332221e+05	-2.001550e+01
9.386123e+05	-1.833666e+01
9.440337e+05	-1.620834e+01
9.494864e+05	-1.361914e+02
9.549706e+05	-9.851363e+00
9.604865e+05	-4.884493e+00
9.660342e+05	-1.264858e+02
9.716140e+05	1.721617e+01
9.772260e+05	2.737323e+01
9.828704e+05	5.415734e+00
9.885474e+05	-1.325002e+02
9.942572e+05	-1.318073e+02
1.000000e+06	-1.479885e+01
