Frequency(Hz)	Magnitude(dB)
1.000000e+01	-1.685177e-03
1.005776e+01	6.813075e-04
1.011585e+01	-9.556481e-03
1.017428e+01	-1.545199e-02
1.023305e+01	-1.233746e-02
1.029215e+01	-6.373661e-03
1.035160e+01	2.474229e-02
1.041139e+01	-8.634387e-03
1.047153e+01	-2.175971e-02
1.053201e+01	7.457988e-04
1.059284e+01	-6.184107e-03
1.065403e+01	1.735297e-02
1.071556e+01	4.488598e-03
1.077746e+01	-2.715565e-03
1.083971e+01	1.465431e-03
1.090232e+01	-1.328914e-02
1.096529e+01	4.788615e-03
1.102862e+01	1.669954e-02
1.109232e+01	1.351324e-02
1.115639e+01	-2.068518e-03
1.122083e+01	-1.107306e-02
1.128564e+01	7.468627e-03
1.135083e+01	1.054427e-02
1.141639e+01	1.220466e-02
1.148233e+01	1.610565e-03
1.154865e+01	2.184960e-03
1.161536e+01	-1.502912e-02
1.168245e+01	-7.809393e-03
1.174992e+01	1.356177e-02
1.181779e+01	-2.313073e-03
1.188605e+01	-3.856761e-03
1.195470e+01	5.320647e-04
1.202375e+01	-1.995863e-02
1.209320e+01	-9.396242e-03
1.216305e+01	-9.790087e-03
1.223330e+01	1.550156e-03
1.230396e+01	-3.872430e-03
1.237503e+01	-1.358091e-02
1.244651e+01	-3.401312e-03
1.251840e+01	-2.151548e-03
1.259070e+01	-1.147598e-02
1.266343e+01	1.508919e-02
1.273657e+01	4.895967e-03
1.281014e+01	1.777904e-03
1.288413e+01	6.479944e-03
1.295855e+01	-8.878378e-03
1.303339e+01	-3.431406e-03
1.310867e+01	2.569243e-03
1.318439e+01	5.925615e-03
1.326054e+01	-1.542735e-02
1.333713e+01	-6.675950e-03
1.341417e+01	-8.309399e-04
1.349165e+01	1.074802e-02
1.356958e+01	-2.218836e-03
1.364795e+01	1.124099e-02
1.372678e+01	5.356235e-03
1.380607e+01	1.266337e-02
1.388581e+01	-1.538485e-02
1.396602e+01	9.188685e-03
1.404668e+01	-9.452546e-03
1.412782e+01	9.619176e-03
1.420942e+01	-1.453699e-02
1.429149e+01	3.800042e-03
1.437404e+01	-2.032243e-03
1.445706e+01	1.105739e-02
1.454057e+01	2.467529e-03
1.462455e+01	4.229148e-03
1.470902e+01	-1.772821e-02
1.479398e+01	7.222497e-03
1.487943e+01	3.121572e-03
1.496537e+01	9.813686e-03
1.505181e+01	9.972470e-03
1.513875e+01	-1.248272e-03
1.522619e+01	-1.503762e-02
1.531414e+01	4.703942e-03
1.540259e+01	-3.591574e-03
1.549156e+01	-5.338167e-03
1.558103e+01	-5.295117e-03
1.567103e+01	-4.595434e-03
1.576155e+01	-1.449497e-02
1.585258e+01	-2.154356e-02
1.594415e+01	5.623674e-03
1.603624e+01	-1.724885e-02
1.612886e+01	-1.351860e-02
1.622202e+01	1.958566e-02
1.631572e+01	6.478514e-03
1.640996e+01	-6.333408e-03
1.650474e+01	1.037479e-02
1.660008e+01	1.293754e-02
1.669596e+01	2.044653e-02
1.679239e+01	2.236174e-02
1.688938e+01	4.785687e-03
1.698694e+01	-3.677727e-03
1.708505e+01	-1.019831e-02
1.718373e+01	-1.607802e-03
1.728299e+01	-9.181009e-03
1.738281e+01	1.506158e-02
1.748322e+01	1.629426e-02
1.758420e+01	5.960230e-04
1.768576e+01	-1.260742e-02
1.778792e+01	1.723219e-02
1.789066e+01	-1.312970e-02
1.799399e+01	-6.243688e-03
1.809793e+01	-5.713260e-03
1.820246e+01	9.275049e-03
1.830760e+01	-2.113311e-02
1.841334e+01	-5.075182e-03
1.851969e+01	3.509996e-04
1.862666e+01	6.888367e-03
1.873425e+01	-1.262182e-02
1.884246e+01	-1.325502e-02
1.895129e+01	9.235093e-03
1.906075e+01	2.662010e-03
1.917085e+01	1.156641e-02
1.928158e+01	7.039418e-03
1.939295e+01	-8.962395e-03
1.950496e+01	2.782908e-03
1.961762e+01	2.532925e-03
1.973093e+01	-6.582380e-03
1.984490e+01	-2.026190e-03
1.995952e+01	-1.408795e-02
2.007480e+01	2.144066e-03
2.019076e+01	-2.163811e-03
2.030738e+01	4.905340e-03
2.042467e+01	4.844685e-03
2.054264e+01	3.596404e-03
2.066130e+01	4.900242e-04
2.078064e+01	-1.160627e-02
2.090066e+01	2.258145e-03
2.102139e+01	6.189613e-03
2.114280e+01	-2.838352e-03
2.126492e+01	-1.683155e-02
2.138775e+01	-8.594391e-03
2.151128e+01	8.380819e-04
2.163553e+01	-1.032448e-03
2.176050e+01	5.603737e-03
2.188619e+01	-9.082052e-03
2.201260e+01	5.791902e-03
2.213974e+01	7.062515e-03
2.226762e+01	-1.517001e-02
2.239624e+01	-3.465836e-03
2.252560e+01	-1.330607e-02
2.265571e+01	-3.422568e-03
2.278656e+01	4.950451e-03
2.291818e+01	1.116832e-02
2.305055e+01	5.097012e-03
2.318369e+01	-4.596930e-03
2.331760e+01	-3.536679e-03
2.345228e+01	6.597636e-03
2.358774e+01	-4.771622e-03
2.372398e+01	4.324876e-03
2.386101e+01	-7.895461e-03
2.399883e+01	-8.604270e-03
2.413745e+01	6.185820e-03
2.427686e+01	-1.585107e-02
2.441709e+01	8.489717e-03
2.455812e+01	-8.971727e-03
2.469997e+01	1.744527e-02
2.484263e+01	1.679683e-02
2.498612e+01	3.768492e-03
2.513044e+01	1.356303e-02
2.527559e+01	-3.760315e-04
2.542158e+01	4.007230e-04
2.556842e+01	-2.177913e-02
2.571610e+01	-6.674461e-03
2.586463e+01	-7.951494e-03
2.601403e+01	-5.456568e-03
2.616428e+01	1.234028e-04
2.631541e+01	-5.690390e-03
2.646740e+01	3.504295e-04
2.662028e+01	2.532928e-02
2.677404e+01	-1.357528e-02
2.692868e+01	-2.107823e-02
2.708422e+01	1.482111e-02
2.724066e+01	-3.784895e-03
2.739800e+01	-8.941301e-04
2.755625e+01	-1.552529e-02
2.771541e+01	3.961764e-03
2.787550e+01	4.183329e-03
2.803650e+01	1.278410e-02
2.819844e+01	-1.333321e-02
2.836131e+01	5.983742e-03
2.852513e+01	-2.117806e-02
2.868989e+01	-2.424887e-03
2.885560e+01	-1.259672e-02
2.902227e+01	7.573465e-03
2.918990e+01	-1.153665e-02
2.935850e+01	1.246016e-02
2.952807e+01	1.240374e-03
2.969863e+01	-1.462844e-02
2.987016e+01	-1.272364e-02
3.004269e+01	7.670481e-03
3.021622e+01	7.162067e-03
3.039075e+01	6.871022e-03
3.056628e+01	-2.868109e-03
3.074283e+01	3.414562e-03
3.092040e+01	-1.409588e-02
3.109900e+01	-5.906381e-04
3.127862e+01	-4.524776e-03
3.145929e+01	-1.125251e-02
3.164099e+01	-2.278336e-04
3.182375e+01	-1.584373e-02
3.200756e+01	1.183765e-02
3.219244e+01	3.116468e-03
3.237838e+01	9.438208e-04
3.256540e+01	5.028587e-03
3.275349e+01	-7.679819e-03
3.294268e+01	4.254378e-03
3.313295e+01	-1.174137e-02
3.332433e+01	-2.124213e-02
3.351681e+01	8.199525e-03
3.371040e+01	1.190936e-02
3.390511e+01	4.661894e-03
3.410094e+01	1.381541e-02
3.429791e+01	1.480893e-02
3.449601e+01	7.167758e-03
3.469526e+01	-7.744770e-03
3.489566e+01	1.091874e-03
3.509721e+01	3.487438e-03
3.529993e+01	-8.818443e-04
3.550382e+01	2.368723e-03
3.570889e+01	4.317504e-03
3.591515e+01	1.133780e-02
3.612259e+01	4.389571e-03
3.633123e+01	3.462976e-03
3.654108e+01	-1.103379e-02
3.675214e+01	5.190739e-03
3.696442e+01	-1.328207e-02
3.717792e+01	7.611548e-03
3.739266e+01	1.505216e-02
3.760864e+01	-1.352148e-02
3.782587e+01	6.429873e-03
3.804435e+01	-2.276639e-02
3.826409e+01	1.090206e-02
3.848510e+01	-1.436924e-02
3.870739e+01	-1.124051e-02
3.893096e+01	4.367599e-04
3.915583e+01	-6.308516e-03
3.938199e+01	-1.636289e-03
3.960946e+01	2.108820e-02
3.983824e+01	6.712235e-03
4.006834e+01	-8.266968e-03
4.029978e+01	8.690654e-03
4.053255e+01	2.021020e-03
4.076666e+01	1.061517e-03
4.100213e+01	8.721632e-03
4.123896e+01	-4.168485e-04
4.147715e+01	5.029373e-03
4.171672e+01	8.064776e-03
4.195767e+01	7.568886e-04
4.220002e+01	9.618668e-03
4.244377e+01	1.410715e-02
4.268892e+01	9.263009e-05
4.293549e+01	-9.414734e-03
4.318348e+01	-3.795338e-03
4.343291e+01	2.147827e-02
4.368377e+01	-1.292275e-02
4.393609e+01	-1.383043e-02
4.418986e+01	9.298883e-04
4.444510e+01	6.019502e-04
4.470182e+01	1.067488e-02
4.496001e+01	1.024893e-02
4.521970e+01	4.704181e-04
4.548089e+01	-7.018198e-04
4.574358e+01	-1.279933e-02
4.600779e+01	9.917013e-03
4.627353e+01	4.770001e-03
4.654081e+01	-3.424469e-03
4.680963e+01	2.384921e-03
4.708000e+01	1.035652e-03
4.735193e+01	8.665313e-03
4.762543e+01	-6.211393e-03
4.790051e+01	1.083930e-02
4.817719e+01	-1.354155e-02
4.845545e+01	7.358711e-03
4.873533e+01	7.209901e-04
4.901682e+01	6.794281e-04
4.929994e+01	5.083701e-03
4.958470e+01	1.329133e-02
4.987110e+01	5.909072e-03
5.015915e+01	-7.794158e-03
5.044887e+01	1.222859e-02
5.074026e+01	-1.016331e-02
5.103333e+01	8.502533e-03
5.132810e+01	-9.539212e-04
5.162457e+01	-1.147848e-02
5.192275e+01	-5.013510e-05
5.222265e+01	9.126799e-03
5.252429e+01	7.762363e-04
5.282767e+01	-8.847376e-04
5.313280e+01	-7.553904e-03
5.343969e+01	6.597288e-03
5.374836e+01	1.498005e-02
5.405880e+01	2.089120e-03
5.437105e+01	-1.021804e-02
5.468509e+01	8.858537e-03
5.500095e+01	9.317199e-03
5.531863e+01	7.573184e-03
5.563815e+01	5.698955e-03
5.595951e+01	-5.258282e-03
5.628273e+01	-9.161400e-03
5.660782e+01	-1.087992e-02
5.693479e+01	5.567183e-03
5.726364e+01	-1.085150e-03
5.759439e+01	9.499658e-03
5.792705e+01	-1.492384e-02
5.826164e+01	1.351484e-03
5.859815e+01	1.482405e-02
5.893662e+01	-5.237039e-03
5.927703e+01	-1.405576e-02
5.961941e+01	9.630658e-05
5.996377e+01	-5.719991e-03
6.031012e+01	7.648224e-03
6.065847e+01	1.121766e-02
6.100883e+01	-2.540817e-03
6.136121e+01	1.721850e-02
6.171563e+01	9.871458e-03
6.207210e+01	-1.863642e-02
6.243063e+01	7.310228e-03
6.279122e+01	-1.829818e-02
6.315390e+01	-4.200573e-03
6.351868e+01	-8.398369e-03
6.388556e+01	-5.904382e-03
6.425456e+01	-2.300397e-03
6.462569e+01	7.793408e-03
6.499897e+01	1.285529e-02
6.537440e+01	-1.408623e-03
6.575200e+01	7.552070e-03
6.613178e+01	-8.573163e-04
6.651375e+01	1.389289e-02
6.689793e+01	-7.002756e-03
6.728433e+01	-1.317965e-02
6.767297e+01	-1.653741e-02
6.806384e+01	-1.164980e-02
6.845698e+01	2.227442e-03
6.885238e+01	-1.021534e-02
6.925007e+01	3.209863e-03
6.965005e+01	-8.972716e-04
7.005235e+01	-7.089579e-03
7.045697e+01	-9.870791e-03
7.086393e+01	7.013271e-04
7.127323e+01	-7.426615e-03
7.168490e+01	-1.247440e-02
7.209895e+01	3.866818e-04
7.251539e+01	1.176347e-03
7.293424e+01	-1.259892e-02
7.335551e+01	7.510175e-03
7.377920e+01	-6.246632e-03
7.420535e+01	-1.521777e-02
7.463396e+01	5.881429e-04
7.506504e+01	-1.616186e-02
7.549861e+01	-5.821190e-03
7.593469e+01	1.369602e-02
7.637328e+01	1.696933e-03
7.681441e+01	-1.607785e-03
7.725809e+01	6.384660e-03
7.770433e+01	3.054685e-03
7.815315e+01	-9.961269e-03
7.860456e+01	1.139568e-02
7.905857e+01	1.145395e-03
7.951521e+01	1.220095e-02
7.997449e+01	-5.938399e-03
8.043642e+01	-1.181946e-02
8.090102e+01	1.074113e-03
8.136830e+01	6.185418e-03
8.183828e+01	4.112829e-03
8.231097e+01	1.611055e-02
8.278640e+01	-3.748227e-03
8.326457e+01	-1.397122e-02
8.374550e+01	-1.162031e-02
8.422921e+01	-5.257505e-03
8.471572e+01	-3.865952e-03
8.520503e+01	4.245534e-03
8.569717e+01	1.577063e-03
8.619215e+01	2.035119e-02
8.669000e+01	-3.341690e-02
8.719071e+01	1.472357e-03
8.769432e+01	2.288533e-02
8.820084e+01	5.019717e-03
8.871029e+01	5.616910e-04
8.922267e+01	1.915378e-02
8.973802e+01	-1.507641e-02
9.025634e+01	-2.345559e-02
9.077766e+01	9.331159e-03
9.130199e+01	7.410517e-03
9.182935e+01	-6.985964e-03
9.235975e+01	1.436497e-02
9.289321e+01	9.736983e-03
9.342976e+01	-1.159828e-02
9.396941e+01	-2.436302e-03
9.451217e+01	-1.572722e-02
9.505807e+01	3.850843e-03
9.560712e+01	-7.231560e-03
9.615934e+01	8.103249e-04
9.671476e+01	-2.869570e-02
9.727338e+01	-1.420460e-02
9.783522e+01	-7.900367e-03
9.840032e+01	-1.108336e-02
9.896867e+01	-2.210762e-02
9.954031e+01	-1.105759e-02
1.001153e+02	1.018340e-02
1.006935e+02	8.587780e-03
1.012751e+02	3.538283e-04
1.018601e+02	-6.883453e-03
1.024484e+02	-3.866947e-03
1.030402e+02	4.013058e-03
1.036353e+02	-8.232301e-03
1.042339e+02	-1.285662e-03
1.048360e+02	-1.293309e-02
1.054415e+02	1.940577e-03
1.060505e+02	1.341861e-03
1.066631e+02	-2.015943e-03
1.072791e+02	-1.795231e-02
1.078988e+02	-2.483539e-02
1.085220e+02	-2.051608e-03
1.091488e+02	-1.156594e-02
1.097793e+02	9.862078e-03
1.104133e+02	-8.672877e-03
1.110511e+02	6.394134e-03
1.116925e+02	8.498057e-03
1.123376e+02	2.056522e-02
1.129865e+02	7.337289e-03
1.136391e+02	1.595606e-02
1.142955e+02	2.478765e-03
1.149556e+02	-3.180670e-03
1.156196e+02	-2.451396e-02
1.162874e+02	4.984445e-03
1.169591e+02	1.470556e-02
1.176347e+02	4.674791e-03
1.183141e+02	4.614396e-03
1.189975e+02	7.243653e-03
1.196848e+02	-2.199719e-02
1.203761e+02	1.229703e-02
1.210714e+02	-1.535136e-02
1.217707e+02	1.745451e-02
1.224740e+02	-1.452310e-02
1.231814e+02	2.667029e-04
1.238929e+02	-4.351594e-03
1.246085e+02	-1.034686e-02
1.253283e+02	-2.873643e-03
1.260522e+02	-2.336524e-02
1.267802e+02	-7.692196e-03
1.275125e+02	-4.314808e-03
1.282490e+02	-1.089444e-02
1.289898e+02	-9.815089e-03
1.297348e+02	2.677867e-03
1.304842e+02	1.095401e-02
1.312378e+02	9.877842e-03
1.319959e+02	9.789578e-03
1.327583e+02	2.081030e-03
1.335251e+02	1.024555e-02
1.342963e+02	8.474589e-03
1.350720e+02	8.792827e-03
1.358522e+02	2.328610e-03
1.366368e+02	-3.254760e-03
1.374260e+02	-1.071644e-02
1.382198e+02	-2.019953e-02
1.390182e+02	-1.231094e-02
1.398211e+02	-8.960060e-03
1.406287e+02	-8.635746e-03
1.414410e+02	-3.964140e-03
1.422579e+02	-4.565169e-03
1.430796e+02	-1.024260e-02
1.439060e+02	6.802987e-03
1.447372e+02	-1.122815e-02
1.455732e+02	-1.315394e-02
1.464141e+02	-5.550964e-05
1.472597e+02	3.029513e-03
1.481103e+02	-3.744894e-03
1.489658e+02	-7.826154e-03
1.498262e+02	-8.343982e-03
1.506916e+02	-2.370291e-04
1.515620e+02	3.533463e-03
1.524374e+02	-3.945822e-03
1.533179e+02	-1.915301e-02
1.542034e+02	-1.239241e-02
1.550941e+02	-1.329646e-03
1.559899e+02	7.035028e-03
1.568909e+02	-1.106682e-02
1.577971e+02	1.149348e-02
1.587085e+02	-1.406307e-02
1.596252e+02	-7.108399e-03
1.605472e+02	-1.612180e-02
1.614745e+02	-1.523814e-02
1.624072e+02	-1.403987e-03
1.633453e+02	1.283387e-03
1.642887e+02	9.475574e-04
1.652377e+02	-2.478861e-02
1.661921e+02	-1.405017e-02
1.671520e+02	-5.338086e-03
1.681175e+02	-1.293685e-02
1.690885e+02	-2.600871e-02
1.700651e+02	-5.981581e-03
1.710474e+02	-4.961798e-03
1.720354e+02	-3.554194e-03
1.730291e+02	-1.115463e-02
1.740285e+02	8.516461e-03
1.750337e+02	1.004661e-02
1.760446e+02	-2.330059e-03
1.770615e+02	6.656346e-03
1.780842e+02	-1.186844e-02
1.791128e+02	3.882470e-03
1.801473e+02	9.236353e-03
1.811878e+02	-4.690662e-03
1.822344e+02	-6.533001e-03
1.832870e+02	-1.441103e-02
1.843456e+02	-1.834074e-02
1.854104e+02	-1.754974e-02
1.864813e+02	-3.924871e-03
1.875584e+02	-1.171386e-02
1.886418e+02	-3.425873e-03
1.897313e+02	-1.299631e-02
1.908272e+02	-1.577660e-02
1.919294e+02	-1.194908e-02
1.930380e+02	-8.708237e-03
1.941530e+02	-1.466591e-02
1.952744e+02	-3.955339e-02
1.964023e+02	-1.739149e-02
1.975367e+02	-1.279198e-02
1.986777e+02	9.178257e-04
1.998252e+02	-1.604546e-02
2.009794e+02	-3.272483e-03
2.021403e+02	-9.754075e-03
2.033078e+02	-1.312578e-03
2.044821e+02	4.986331e-03
2.056632e+02	-1.701367e-02
2.068511e+02	8.910777e-03
2.080459e+02	-1.412931e-02
2.092475e+02	-9.481158e-03
2.104561e+02	4.283973e-04
2.116717e+02	-1.870377e-02
2.128943e+02	-1.655972e-02
2.141240e+02	-2.363469e-02
2.153608e+02	-1.615987e-03
2.166047e+02	-5.529948e-03
2.178558e+02	-2.954084e-03
2.191141e+02	-3.066258e-02
2.203797e+02	-1.401314e-02
2.216526e+02	2.520023e-03
2.229329e+02	-2.594670e-02
2.242205e+02	-1.976565e-02
2.255156e+02	-2.377045e-02
2.268182e+02	-9.644105e-03
2.281283e+02	-3.450346e-03
2.294459e+02	-2.093234e-02
2.307712e+02	-6.751890e-03
2.321041e+02	-8.078299e-03
2.334447e+02	6.476955e-03
2.347931e+02	-5.519010e-03
2.361493e+02	-3.490578e-03
2.375133e+02	-7.285144e-03
2.388851e+02	-1.191159e-02
2.402649e+02	-1.258056e-02
2.416527e+02	-5.317199e-03
2.430484e+02	-2.119021e-02
2.444523e+02	-7.297149e-03
2.458642e+02	1.007614e-02
2.472843e+02	-1.557090e-02
2.487126e+02	1.864059e-03
2.501492e+02	1.983757e-02
2.515940e+02	-7.869683e-03
2.530472e+02	-1.017889e-02
2.545088e+02	-3.579530e-03
2.559789e+02	-2.082387e-02
2.574574e+02	-2.234277e-03
2.589444e+02	-1.600367e-02
2.604401e+02	-2.289994e-02
2.619444e+02	-1.039816e-02
2.634574e+02	-1.847309e-02
2.649791e+02	-2.418223e-02
2.665096e+02	-7.363513e-03
2.680489e+02	-1.804300e-02
2.695972e+02	-1.024986e-02
2.711544e+02	-2.042825e-02
2.727205e+02	2.130131e-03
2.742958e+02	-1.708298e-02
2.758801e+02	-1.868208e-02
2.774736e+02	-2.404925e-02
2.790762e+02	-1.719797e-02
2.806882e+02	-1.586516e-02
2.823094e+02	-1.063451e-02
2.839400e+02	-1.223584e-02
2.855800e+02	-4.829365e-03
2.872295e+02	-1.493773e-02
2.888886e+02	-4.279952e-02
2.905572e+02	-5.687020e-03
2.922354e+02	-2.017529e-02
2.939234e+02	7.758151e-03
2.956211e+02	-1.786974e-02
2.973286e+02	-1.313702e-02
2.990459e+02	-1.234088e-02
3.007732e+02	-2.950614e-02
3.025104e+02	-1.739643e-02
3.042577e+02	-2.027766e-02
3.060151e+02	-1.677998e-03
3.077826e+02	-1.538698e-02
3.095604e+02	-3.338622e-02
3.113484e+02	-1.213947e-02
3.131467e+02	-2.007158e-02
3.149554e+02	-1.843341e-02
3.167746e+02	-1.970204e-02
3.186043e+02	-3.876431e-02
3.204445e+02	-1.601728e-03
3.222954e+02	-2.718373e-02
3.241570e+02	-3.454370e-02
3.260293e+02	-2.393937e-02
3.279124e+02	9.971943e-04
3.298064e+02	-1.978060e-02
3.317114e+02	-2.339207e-02
3.336273e+02	-1.553044e-02
3.355544e+02	-3.783948e-02
3.374925e+02	-1.325529e-02
3.394418e+02	-1.498318e-02
3.414024e+02	-1.075266e-02
3.433744e+02	-3.124032e-02
3.453577e+02	-2.976707e-02
3.473525e+02	-1.382718e-02
3.493588e+02	-2.145381e-02
3.513766e+02	-2.123959e-02
3.534062e+02	-3.481482e-02
3.554474e+02	-2.303859e-02
3.575005e+02	-2.547046e-02
3.595654e+02	-4.055859e-03
3.616422e+02	-1.472958e-02
3.637311e+02	-4.501366e-02
3.658320e+02	-2.177218e-02
3.679450e+02	-1.677076e-02
3.700702e+02	-4.051813e-02
3.722077e+02	-3.553009e-02
3.743576e+02	-1.930487e-02
3.765199e+02	-2.094357e-02
3.786946e+02	-3.768946e-02
3.808820e+02	-3.476460e-02
3.830819e+02	-1.456284e-02
3.852946e+02	-3.645896e-02
3.875200e+02	-2.297886e-02
3.897583e+02	-4.813449e-03
3.920096e+02	-1.612019e-02
3.942738e+02	-3.153531e-02
3.965511e+02	-2.511191e-02
3.988416e+02	-2.120978e-02
4.011452e+02	-2.169422e-02
4.034622e+02	-3.018087e-02
4.057926e+02	-2.063903e-02
4.081365e+02	-4.606039e-02
4.104938e+02	-3.015673e-02
4.128648e+02	-3.304390e-02
4.152495e+02	-2.416481e-02
4.176480e+02	-1.912465e-02
4.200603e+02	-5.333808e-02
4.224866e+02	-1.693635e-02
4.249268e+02	-4.046576e-02
4.273812e+02	-2.755033e-02
4.298497e+02	-4.094606e-02
4.323325e+02	-4.367526e-02
4.348297e+02	-4.063722e-02
4.373412e+02	-2.014670e-02
4.398673e+02	-2.422204e-02
4.424079e+02	-2.140950e-02
4.449633e+02	-2.309129e-02
4.475334e+02	-2.016149e-02
4.501183e+02	-3.832295e-02
4.527182e+02	-2.949665e-02
4.553330e+02	-3.358784e-02
4.579630e+02	-3.752299e-02
4.606082e+02	-2.495258e-02
4.632687e+02	-4.420755e-02
4.659445e+02	-4.569226e-02
4.686358e+02	-4.501183e-02
4.713426e+02	-1.598944e-02
4.740650e+02	-4.331213e-02
4.768032e+02	-2.718339e-02
4.795572e+02	-5.401605e-02
4.823271e+02	-3.693138e-02
4.851130e+02	-3.269806e-02
4.879150e+02	-3.573134e-02
4.907332e+02	-4.898816e-02
4.935676e+02	-2.739075e-02
4.964185e+02	-5.259834e-02
4.992858e+02	-5.726733e-02
5.021696e+02	-5.293803e-02
5.050701e+02	-3.892166e-02
5.079874e+02	-5.963821e-02
5.109215e+02	-2.849873e-02
5.138726e+02	-4.034928e-02
5.168407e+02	-4.940405e-02
5.198259e+02	-4.456026e-02
5.228284e+02	-3.284065e-02
5.258482e+02	-3.774897e-02
5.288855e+02	-5.542859e-02
5.319403e+02	-5.149939e-02
5.350128e+02	-5.889674e-02
5.381030e+02	-5.125472e-02
5.412111e+02	-3.482385e-02
5.443371e+02	-4.188533e-02
5.474812e+02	-4.846646e-02
5.506434e+02	-4.448615e-02
5.538239e+02	-5.252929e-02
5.570228e+02	-5.315805e-02
5.602401e+02	-4.501056e-02
5.634760e+02	-5.735890e-02
5.667306e+02	-6.285895e-02
5.700040e+02	-6.044334e-02
5.732964e+02	-6.023761e-02
5.766077e+02	-7.238645e-02
5.799382e+02	-4.363871e-02
5.832879e+02	-6.455442e-02
5.866569e+02	-6.275564e-02
5.900454e+02	-6.302809e-02
5.934535e+02	-8.133350e-02
5.968813e+02	-5.576549e-02
6.003288e+02	-6.296137e-02
6.037963e+02	-4.488570e-02
6.072838e+02	-5.764151e-02
6.107914e+02	-7.590332e-02
6.143194e+02	-4.445394e-02
6.178676e+02	-7.138636e-02
6.214364e+02	-8.461014e-02
6.250258e+02	-8.249790e-02
6.286359e+02	-8.838196e-02
6.322669e+02	-6.995071e-02
6.359189e+02	-7.612777e-02
6.395919e+02	-7.365883e-02
6.432862e+02	-6.431429e-02
6.470017e+02	-6.613135e-02
6.507388e+02	-7.773272e-02
6.544974e+02	-6.501446e-02
6.582778e+02	-7.734589e-02
6.620800e+02	-6.465212e-02
6.659041e+02	-7.578877e-02
6.697504e+02	-7.982471e-02
6.736188e+02	-8.051949e-02
6.775096e+02	-7.204187e-02
6.814229e+02	-9.997159e-02
6.853587e+02	-9.150631e-02
6.893173e+02	-9.289383e-02
6.932988e+02	-1.100687e-01
6.973033e+02	-8.783396e-02
7.013309e+02	-7.648771e-02
7.053817e+02	-8.830948e-02
7.094560e+02	-9.681727e-02
7.135538e+02	-1.007570e-01
7.176752e+02	-9.079901e-02
7.218205e+02	-9.692044e-02
7.259897e+02	-9.278176e-02
7.301830e+02	-8.286272e-02
7.344005e+02	-1.040569e-01
7.386424e+02	-9.672368e-02
7.429087e+02	-1.049585e-01
7.471998e+02	-9.778776e-02
7.515155e+02	-9.244810e-02
7.558563e+02	-9.707323e-02
7.602221e+02	-9.855178e-02
7.646131e+02	-1.100259e-01
7.690295e+02	-1.136574e-01
7.734713e+02	-8.850459e-02
7.779389e+02	-1.056539e-01
7.824322e+02	-9.852187e-02
7.869515e+02	-1.014367e-01
7.914969e+02	-1.015766e-01
7.960686e+02	-1.155511e-01
8.006666e+02	-1.132625e-01
8.052912e+02	-1.244964e-01
8.099426e+02	-1.284028e-01
8.146208e+02	-1.282552e-01
8.193260e+02	-1.156044e-01
8.240584e+02	-1.318706e-01
8.288181e+02	-1.051874e-01
8.336053e+02	-1.241994e-01
8.384202e+02	-1.162868e-01
8.432629e+02	-1.280279e-01
8.481335e+02	-1.378762e-01
8.530323e+02	-1.345870e-01
8.579594e+02	-1.246553e-01
8.629149e+02	-1.290717e-01
8.678991e+02	-1.319628e-01
8.729120e+02	-1.314609e-01
8.779539e+02	-1.392852e-01
8.830250e+02	-1.392918e-01
8.881253e+02	-1.347986e-01
8.932551e+02	-1.313984e-01
8.984145e+02	-1.533014e-01
9.036037e+02	-1.310998e-01
9.088229e+02	-1.318944e-01
9.140722e+02	-1.411024e-01
9.193518e+02	-1.374676e-01
9.246620e+02	-1.277319e-01
9.300028e+02	-1.650216e-01
9.353744e+02	-1.613967e-01
9.407771e+02	-1.834281e-01
9.462110e+02	-1.606733e-01
9.516763e+02	-1.559600e-01
9.571731e+02	-1.536551e-01
9.627017e+02	-1.603108e-01
9.682622e+02	-1.486286e-01
9.738549e+02	-1.517474e-01
9.794798e+02	-1.537368e-01
9.851373e+02	-1.654416e-01
9.908274e+02	-1.586610e-01
9.965504e+02	-1.673733e-01
1.002306e+03	-1.835907e-01
1.008096e+03	-1.920413e-01
1.013918e+03	-1.861536e-01
1.019775e+03	-1.743653e-01
1.025665e+03	-1.878108e-01
1.031589e+03	-1.751231e-01
1.037548e+03	-1.797401e-01
1.043540e+03	-1.890972e-01
1.049568e+03	-1.912129e-01
1.055630e+03	-1.853852e-01
1.061727e+03	-1.898674e-01
1.067860e+03	-2.023147e-01
1.074028e+03	-1.852035e-01
1.080231e+03	-2.115184e-01
1.086471e+03	-2.136170e-01
1.092746e+03	-2.054279e-01
1.099058e+03	-1.907698e-01
1.105406e+03	-2.232401e-01
1.111791e+03	-1.983958e-01
1.118212e+03	-2.089928e-01
1.124671e+03	-2.165850e-01
1.131167e+03	-2.293508e-01
1.137701e+03	-2.130730e-01
1.144272e+03	-2.194491e-01
1.150881e+03	-2.199155e-01
1.157529e+03	-2.252924e-01
1.164215e+03	-2.218362e-01
1.170939e+03	-2.443982e-01
1.177702e+03	-2.365148e-01
1.184505e+03	-2.453906e-01
1.191346e+03	-2.486318e-01
1.198227e+03	-2.471911e-01
1.205148e+03	-2.610953e-01
1.212109e+03	-2.413473e-01
1.219110e+03	-2.580691e-01
1.226152e+03	-2.697489e-01
1.233234e+03	-2.532610e-01
1.240357e+03	-2.596679e-01
1.247521e+03	-2.713157e-01
1.254727e+03	-2.811402e-01
1.261974e+03	-2.726543e-01
1.269263e+03	-2.693944e-01
1.276595e+03	-2.701581e-01
1.283968e+03	-2.686410e-01
1.291384e+03	-2.814297e-01
1.298843e+03	-2.813390e-01
1.306345e+03	-2.863056e-01
1.313891e+03	-2.861681e-01
1.321480e+03	-2.883321e-01
1.329113e+03	-3.049354e-01
1.336790e+03	-3.136866e-01
1.344511e+03	-3.048328e-01
1.352277e+03	-3.179814e-01
1.360087e+03	-3.065135e-01
1.367943e+03	-3.138064e-01
1.375844e+03	-3.187588e-01
1.383791e+03	-3.327488e-01
1.391784e+03	-3.391850e-01
1.399823e+03	-3.258029e-01
1.407908e+03	-3.399925e-01
1.416040e+03	-3.455350e-01
1.424219e+03	-3.404031e-01
1.432445e+03	-3.424204e-01
1.440719e+03	-3.461607e-01
1.449041e+03	-3.487398e-01
1.457410e+03	-3.525591e-01
1.465828e+03	-3.575476e-01
1.474295e+03	-3.599898e-01
1.482810e+03	-3.660496e-01
1.491375e+03	-3.698425e-01
1.499989e+03	-3.683767e-01
1.508653e+03	-3.916168e-01
1.517367e+03	-3.751892e-01
1.526131e+03	-4.026991e-01
1.534946e+03	-4.044253e-01
1.543812e+03	-4.019644e-01
1.552729e+03	-4.303545e-01
1.561697e+03	-4.263474e-01
1.570717e+03	-4.073310e-01
1.579790e+03	-4.189941e-01
1.588915e+03	-4.206264e-01
1.598092e+03	-4.451350e-01
1.607323e+03	-4.383148e-01
1.616606e+03	-4.495794e-01
1.625944e+03	-4.503561e-01
1.635335e+03	-4.402840e-01
1.644781e+03	-4.524522e-01
1.654281e+03	-4.736604e-01
1.663836e+03	-4.560163e-01
1.673446e+03	-4.585433e-01
1.683112e+03	-4.841865e-01
1.692834e+03	-4.643834e-01
1.702611e+03	-4.712612e-01
1.712446e+03	-4.799339e-01
1.722337e+03	-5.064307e-01
1.732285e+03	-4.871700e-01
1.742290e+03	-5.037476e-01
1.752354e+03	-5.042202e-01
1.762475e+03	-5.142757e-01
1.772655e+03	-5.290194e-01
1.782894e+03	-5.157877e-01
1.793192e+03	-5.399142e-01
1.803549e+03	-5.375525e-01
1.813967e+03	-5.418957e-01
1.824444e+03	-5.415583e-01
1.834982e+03	-5.631990e-01
1.845581e+03	-5.583102e-01
1.856241e+03	-5.759086e-01
1.866962e+03	-5.687320e-01
1.877746e+03	-5.814456e-01
1.888592e+03	-5.969824e-01
1.899500e+03	-5.886939e-01
1.910472e+03	-6.089488e-01
1.921506e+03	-6.169693e-01
1.932605e+03	-6.036501e-01
1.943768e+03	-6.172606e-01
1.954995e+03	-6.153799e-01
1.966287e+03	-6.265181e-01
1.977644e+03	-6.228613e-01
1.989067e+03	-6.401006e-01
2.000555e+03	-6.551478e-01
2.012110e+03	-6.619888e-01
2.023732e+03	-6.593037e-01
2.035421e+03	-6.799263e-01
2.047178e+03	-6.828467e-01
2.059002e+03	-7.096028e-01
2.070895e+03	-7.015686e-01
2.082856e+03	-6.741556e-01
2.094887e+03	-7.213972e-01
2.106987e+03	-7.202608e-01
2.119157e+03	-7.132112e-01
2.131397e+03	-7.377412e-01
2.143708e+03	-7.512427e-01
2.156090e+03	-7.445161e-01
2.168543e+03	-7.434256e-01
2.181069e+03	-7.821980e-01
2.193666e+03	-7.571335e-01
2.206337e+03	-7.676751e-01
2.219081e+03	-7.903593e-01
2.231898e+03	-7.947457e-01
2.244789e+03	-8.070177e-01
2.257755e+03	-8.195166e-01
2.270796e+03	-8.186460e-01
2.283912e+03	-8.251455e-01
2.297104e+03	-8.270428e-01
2.310372e+03	-8.428837e-01
2.323716e+03	-8.370376e-01
2.337138e+03	-8.741745e-01
2.350637e+03	-8.684524e-01
2.364214e+03	-8.861106e-01
2.377870e+03	-8.946673e-01
2.391604e+03	-8.969179e-01
2.405418e+03	-8.978899e-01
2.419312e+03	-9.174307e-01
2.433286e+03	-9.494343e-01
2.447340e+03	-9.462917e-01
2.461476e+03	-9.448232e-01
2.475693e+03	-9.598595e-01
2.489993e+03	-9.752734e-01
2.504375e+03	-9.903854e-01
2.518840e+03	-9.684336e-01
2.533389e+03	-1.013356e+00
2.548022e+03	-9.967319e-01
2.562739e+03	-1.030060e+00
2.577541e+03	-1.037976e+00
2.592429e+03	-1.067663e+00
2.607403e+03	-1.048689e+00
2.622463e+03	-1.066975e+00
2.637610e+03	-1.067093e+00
2.652845e+03	-1.100216e+00
2.668168e+03	-1.093374e+00
2.683579e+03	-1.108857e+00
2.699079e+03	-1.128482e+00
2.714669e+03	-1.150447e+00
2.730349e+03	-1.138958e+00
2.746119e+03	-1.157346e+00
2.761981e+03	-1.169062e+00
2.777934e+03	-1.179433e+00
2.793979e+03	-1.186988e+00
2.810117e+03	-1.215420e+00
2.826348e+03	-1.213158e+00
2.842673e+03	-1.235300e+00
2.859092e+03	-1.243229e+00
2.875606e+03	-1.259291e+00
2.892215e+03	-1.263176e+00
2.908921e+03	-1.271647e+00
2.925722e+03	-1.292804e+00
2.942621e+03	-1.298400e+00
2.959618e+03	-1.294666e+00
2.976712e+03	-1.330515e+00
2.993906e+03	-1.358640e+00
3.011198e+03	-1.376833e+00
3.028591e+03	-1.375415e+00
3.046084e+03	-1.381874e+00
3.063678e+03	-1.385984e+00
3.081374e+03	-1.413564e+00
3.099172e+03	-1.420238e+00
3.117072e+03	-1.451708e+00
3.135076e+03	-1.449211e+00
3.153184e+03	-1.474257e+00
3.171397e+03	-1.473297e+00
3.189715e+03	-1.497450e+00
3.208139e+03	-1.506629e+00
3.226669e+03	-1.534104e+00
3.245306e+03	-1.553679e+00
3.264051e+03	-1.559584e+00
3.282904e+03	-1.588851e+00
3.301866e+03	-1.587045e+00
3.320937e+03	-1.601410e+00
3.340119e+03	-1.634735e+00
3.359411e+03	-1.626115e+00
3.378815e+03	-1.647363e+00
3.398331e+03	-1.668714e+00
3.417959e+03	-1.669274e+00
3.437701e+03	-1.689815e+00
3.457557e+03	-1.711433e+00
3.477528e+03	-1.723713e+00
3.497614e+03	-1.745832e+00
3.517816e+03	-1.757706e+00
3.538135e+03	-1.777750e+00
3.558571e+03	-1.790598e+00
3.579125e+03	-1.803223e+00
3.599798e+03	-1.834103e+00
3.620590e+03	-1.845195e+00
3.641503e+03	-1.867614e+00
3.662536e+03	-1.874953e+00
3.683691e+03	-1.893424e+00
3.704967e+03	-1.898869e+00
3.726367e+03	-1.924557e+00
3.747890e+03	-1.948800e+00
3.769538e+03	-1.970563e+00
3.791311e+03	-1.986471e+00
3.813209e+03	-2.008551e+00
3.835234e+03	-2.012445e+00
3.857386e+03	-2.039792e+00
3.879667e+03	-2.053772e+00
3.902075e+03	-2.072955e+00
3.924614e+03	-2.103440e+00
3.947282e+03	-2.133002e+00
3.970081e+03	-2.146975e+00
3.993012e+03	-2.157498e+00
4.016076e+03	-2.182833e+00
4.039272e+03	-2.209416e+00
4.062603e+03	-2.211114e+00
4.086069e+03	-2.250616e+00
4.109670e+03	-2.240060e+00
4.133407e+03	-2.271258e+00
4.157281e+03	-2.285875e+00
4.181294e+03	-2.304959e+00
4.205445e+03	-2.354837e+00
4.229735e+03	-2.357212e+00
4.254166e+03	-2.378651e+00
4.278738e+03	-2.413761e+00
4.303451e+03	-2.426393e+00
4.328308e+03	-2.448797e+00
4.353308e+03	-2.483638e+00
4.378453e+03	-2.474127e+00
4.403742e+03	-2.513602e+00
4.429178e+03	-2.523355e+00
4.454761e+03	-2.546539e+00
4.480492e+03	-2.575009e+00
4.506371e+03	-2.589079e+00
4.532399e+03	-2.630988e+00
4.558578e+03	-2.635868e+00
4.584908e+03	-2.649296e+00
4.611391e+03	-2.685017e+00
4.638026e+03	-2.718649e+00
4.664815e+03	-2.728228e+00
4.691759e+03	-2.753528e+00
4.718858e+03	-2.775257e+00
4.746114e+03	-2.803718e+00
4.773527e+03	-2.819904e+00
4.801099e+03	-2.872688e+00
4.828830e+03	-2.859827e+00
4.856721e+03	-2.911709e+00
4.884773e+03	-2.931080e+00
4.912988e+03	-2.937996e+00
4.941365e+03	-2.972781e+00
4.969906e+03	-3.022038e+00
4.998612e+03	-3.017278e+00
5.027484e+03	-3.052669e+00
5.056522e+03	-3.056466e+00
5.085729e+03	-3.092677e+00
5.115104e+03	-3.149938e+00
5.144648e+03	-3.157269e+00
5.174363e+03	-3.188532e+00
5.204250e+03	-3.211759e+00
5.234310e+03	-3.233285e+00
5.264543e+03	-3.244605e+00
5.294951e+03	-3.286389e+00
5.325534e+03	-3.301688e+00
5.356294e+03	-3.326254e+00
5.387232e+03	-3.346532e+00
5.418348e+03	-3.378630e+00
5.449645e+03	-3.429778e+00
5.481122e+03	-3.430457e+00
5.512780e+03	-3.462747e+00
5.544622e+03	-3.508126e+00
5.576647e+03	-3.520895e+00
5.608858e+03	-3.554458e+00
5.641254e+03	-3.581985e+00
5.673838e+03	-3.610938e+00
5.706610e+03	-3.623962e+00
5.739571e+03	-3.667751e+00
5.772723e+03	-3.687047e+00
5.806066e+03	-3.722073e+00
5.839601e+03	-3.756834e+00
5.873331e+03	-3.776959e+00
5.907255e+03	-3.817796e+00
5.941375e+03	-3.839965e+00
5.975692e+03	-3.872995e+00
6.010207e+03	-3.913318e+00
6.044922e+03	-3.931269e+00
6.079837e+03	-3.940017e+00
6.114954e+03	-3.987745e+00
6.150274e+03	-4.012532e+00
6.185797e+03	-4.024623e+00
6.221526e+03	-4.071537e+00
6.257462e+03	-4.119090e+00
6.293605e+03	-4.129549e+00
6.329956e+03	-4.162177e+00
6.366518e+03	-4.201730e+00
6.403290e+03	-4.225980e+00
6.440276e+03	-4.254033e+00
6.477474e+03	-4.279370e+00
6.514888e+03	-4.321262e+00
6.552518e+03	-4.355458e+00
6.590365e+03	-4.384275e+00
6.628430e+03	-4.407917e+00
6.666716e+03	-4.441533e+00
6.705223e+03	-4.462367e+00
6.743952e+03	-4.521474e+00
6.782905e+03	-4.549931e+00
6.822082e+03	-4.576180e+00
6.861486e+03	-4.622322e+00
6.901118e+03	-4.644921e+00
6.940979e+03	-4.676257e+00
6.981069e+03	-4.716721e+00
7.021392e+03	-4.741225e+00
7.061947e+03	-4.768332e+00
7.102737e+03	-4.800743e+00
7.143762e+03	-4.839914e+00
7.185024e+03	-4.889394e+00
7.226524e+03	-4.909897e+00
7.268264e+03	-4.945363e+00
7.310246e+03	-4.992715e+00
7.352469e+03	-5.011346e+00
7.394937e+03	-5.047697e+00
7.437650e+03	-5.069183e+00
7.480609e+03	-5.115476e+00
7.523817e+03	-5.135161e+00
7.567274e+03	-5.178060e+00
7.610982e+03	-5.214099e+00
7.654943e+03	-5.258204e+00
7.699158e+03	-5.285792e+00
7.743628e+03	-5.304958e+00
7.788355e+03	-5.368352e+00
7.833340e+03	-5.386792e+00
7.878585e+03	-5.453006e+00
7.924091e+03	-5.464676e+00
7.969861e+03	-5.487990e+00
8.015894e+03	-5.514341e+00
8.062194e+03	-5.570099e+00
8.108761e+03	-5.586961e+00
8.155596e+03	-5.645985e+00
8.202703e+03	-5.682479e+00
8.250081e+03	-5.712893e+00
8.297733e+03	-5.753770e+00
8.345661e+03	-5.779406e+00
8.393865e+03	-5.845562e+00
8.442348e+03	-5.873814e+00
8.491110e+03	-5.901640e+00
8.540155e+03	-5.926127e+00
8.589482e+03	-5.970731e+00
8.639095e+03	-6.022214e+00
8.688994e+03	-6.051943e+00
8.739181e+03	-6.066999e+00
8.789658e+03	-6.132607e+00
8.840427e+03	-6.148065e+00
8.891489e+03	-6.206181e+00
8.942846e+03	-6.232935e+00
8.994499e+03	-6.291319e+00
9.046451e+03	-6.311873e+00
9.098703e+03	-6.341955e+00
9.151257e+03	-6.385791e+00
9.204114e+03	-6.417453e+00
9.257277e+03	-6.450673e+00
9.310746e+03	-6.515786e+00
9.364525e+03	-6.524245e+00
9.418614e+03	-6.574229e+00
9.473015e+03	-6.610666e+00
9.527731e+03	-6.656785e+00
9.582763e+03	-6.702651e+00
9.638113e+03	-6.744735e+00
9.693782e+03	-6.771068e+00
9.749773e+03	-6.799769e+00
9.806087e+03	-6.865545e+00
9.862727e+03	-6.886971e+00
9.919693e+03	-6.912858e+00
9.976989e+03	-6.966106e+00
1.003462e+04	-7.005849e+00
1.009258e+04	-7.047755e+00
1.015087e+04	-7.101170e+00
1.020950e+04	-7.150238e+00
1.026847e+04	-7.166275e+00
1.032778e+04	-7.201600e+00
1.038743e+04	-7.264248e+00
1.044743e+04	-7.290756e+00
1.050777e+04	-7.301287e+00
1.056847e+04	-7.355525e+00
1.062951e+04	-7.397812e+00
1.069091e+04	-7.425602e+00
1.075266e+04	-7.484028e+00
1.081476e+04	-7.510933e+00
1.087723e+04	-7.579560e+00
1.094006e+04	-7.609622e+00
1.100324e+04	-7.639423e+00
1.106680e+04	-7.699034e+00
1.113072e+04	-7.727609e+00
1.119501e+04	-7.758197e+00
1.125967e+04	-7.828780e+00
1.132471e+04	-7.880196e+00
1.139012e+04	-7.904954e+00
1.145591e+04	-7.947879e+00
1.152208e+04	-8.014226e+00
1.158863e+04	-8.006949e+00
1.165556e+04	-8.065847e+00
1.172289e+04	-8.104661e+00
1.179060e+04	-8.153163e+00
1.185870e+04	-8.186929e+00
1.192719e+04	-8.227389e+00
1.199608e+04	-8.273242e+00
1.206537e+04	-8.307872e+00
1.213506e+04	-8.353691e+00
1.220515e+04	-8.389881e+00
1.227565e+04	-8.434100e+00
1.234655e+04	-8.473403e+00
1.241787e+04	-8.519495e+00
1.248959e+04	-8.566239e+00
1.256173e+04	-8.629038e+00
1.263429e+04	-8.650509e+00
1.270726e+04	-8.685270e+00
1.278066e+04	-8.751723e+00
1.285448e+04	-8.779818e+00
1.292873e+04	-8.825283e+00
1.300340e+04	-8.865037e+00
1.307851e+04	-8.909229e+00
1.315405e+04	-8.936095e+00
1.323003e+04	-8.983166e+00
1.330644e+04	-9.027466e+00
1.338330e+04	-9.072595e+00
1.346060e+04	-9.133220e+00
1.353835e+04	-9.150779e+00
1.361655e+04	-9.207411e+00
1.369520e+04	-9.228213e+00
1.377430e+04	-9.293337e+00
1.385386e+04	-9.322819e+00
1.393388e+04	-9.384790e+00
1.401436e+04	-9.410500e+00
1.409531e+04	-9.468896e+00
1.417672e+04	-9.510016e+00
1.425861e+04	-9.535475e+00
1.434096e+04	-9.586572e+00
1.442379e+04	-9.627348e+00
1.450711e+04	-9.678368e+00
1.459090e+04	-9.737313e+00
1.467518e+04	-9.770597e+00
1.475994e+04	-9.827537e+00
1.484519e+04	-9.858832e+00
1.493094e+04	-9.913622e+00
1.501718e+04	-9.934880e+00
1.510392e+04	-9.981452e+00
1.519116e+04	-1.004764e+01
1.527890e+04	-1.007648e+01
1.536715e+04	-1.010827e+01
1.545591e+04	-1.017101e+01
1.554518e+04	-1.020716e+01
1.563497e+04	-1.024809e+01
1.572528e+04	-1.029128e+01
1.581611e+04	-1.033757e+01
1.590746e+04	-1.038733e+01
1.599934e+04	-1.042796e+01
1.609175e+04	-1.047016e+01
1.618470e+04	-1.051226e+01
1.627818e+04	-1.057597e+01
1.637220e+04	-1.062234e+01
1.646677e+04	-1.065208e+01
1.656188e+04	-1.067531e+01
1.665754e+04	-1.072854e+01
1.675375e+04	-1.076871e+01
1.685052e+04	-1.081571e+01
1.694785e+04	-1.085719e+01
1.704574e+04	-1.091144e+01
1.714419e+04	-1.096528e+01
1.724322e+04	-1.098062e+01
1.734281e+04	-1.104909e+01
1.744299e+04	-1.109210e+01
1.754374e+04	-1.112285e+01
1.764507e+04	-1.116509e+01
1.774698e+04	-1.122282e+01
1.784949e+04	-1.127008e+01
1.795259e+04	-1.130058e+01
1.805628e+04	-1.135532e+01
1.816057e+04	-1.139165e+01
1.826547e+04	-1.142916e+01
1.837097e+04	-1.148881e+01
1.847708e+04	-1.153272e+01
1.858380e+04	-1.157013e+01
1.869114e+04	-1.163011e+01
1.879910e+04	-1.166552e+01
1.890768e+04	-1.171100e+01
1.901689e+04	-1.174158e+01
1.912673e+04	-1.179436e+01
1.923721e+04	-1.184819e+01
1.934832e+04	-1.190286e+01
1.946008e+04	-1.194971e+01
1.957248e+04	-1.197593e+01
1.968553e+04	-1.202551e+01
1.979923e+04	-1.206564e+01
1.991359e+04	-1.211975e+01
2.002861e+04	-1.216106e+01
2.014430e+04	-1.219701e+01
2.026065e+04	-1.225476e+01
2.037767e+04	-1.229485e+01
2.049537e+04	-1.232816e+01
2.061375e+04	-1.236452e+01
2.073282e+04	-1.242425e+01
2.085257e+04	-1.247098e+01
2.097301e+04	-1.251180e+01
2.109415e+04	-1.255637e+01
2.121599e+04	-1.260609e+01
2.133853e+04	-1.263565e+01
2.146178e+04	-1.269519e+01
2.158575e+04	-1.275230e+01
2.171043e+04	-1.278442e+01
2.183582e+04	-1.283798e+01
2.196195e+04	-1.288278e+01
2.208880e+04	-1.293043e+01
2.221638e+04	-1.295885e+01
2.234470e+04	-1.301560e+01
2.247377e+04	-1.305781e+01
2.260357e+04	-1.309775e+01
2.273413e+04	-1.313128e+01
2.286544e+04	-1.317114e+01
2.299751e+04	-1.322420e+01
2.313034e+04	-1.327935e+01
2.326394e+04	-1.331510e+01
2.339832e+04	-1.336693e+01
2.353346e+04	-1.339051e+01
2.366939e+04	-1.344452e+01
2.380610e+04	-1.348670e+01
2.394361e+04	-1.354265e+01
2.408191e+04	-1.358146e+01
2.422100e+04	-1.361754e+01
2.436090e+04	-1.368442e+01
2.450161e+04	-1.371028e+01
2.464313e+04	-1.376500e+01
2.478547e+04	-1.381586e+01
2.492863e+04	-1.386794e+01
2.507261e+04	-1.391065e+01
2.521743e+04	-1.395640e+01
2.536309e+04	-1.397813e+01
2.550958e+04	-1.402932e+01
2.565692e+04	-1.407061e+01
2.580512e+04	-1.412924e+01
2.595417e+04	-1.417763e+01
2.610408e+04	-1.422416e+01
2.625485e+04	-1.424795e+01
2.640650e+04	-1.429574e+01
2.655902e+04	-1.432983e+01
2.671243e+04	-1.438055e+01
2.686672e+04	-1.440406e+01
2.702190e+04	-1.446440e+01
2.717798e+04	-1.451259e+01
2.733495e+04	-1.457588e+01
2.749284e+04	-1.460372e+01
2.765164e+04	-1.462759e+01
2.781135e+04	-1.469542e+01
2.797199e+04	-1.473763e+01
2.813355e+04	-1.478005e+01
2.829605e+04	-1.483201e+01
2.845949e+04	-1.487909e+01
2.862387e+04	-1.490769e+01
2.878920e+04	-1.496214e+01
2.895549e+04	-1.499707e+01
2.912273e+04	-1.503764e+01
2.929094e+04	-1.509121e+01
2.946013e+04	-1.513327e+01
2.963029e+04	-1.517901e+01
2.980143e+04	-1.520591e+01
2.997356e+04	-1.524729e+01
3.014669e+04	-1.526817e+01
3.032081e+04	-1.532644e+01
3.049595e+04	-1.539167e+01
3.067209e+04	-1.542079e+01
3.084925e+04	-1.547318e+01
3.102743e+04	-1.550290e+01
3.120665e+04	-1.553668e+01
3.138690e+04	-1.558851e+01
3.156819e+04	-1.562970e+01
3.175052e+04	-1.569223e+01
3.193391e+04	-1.571883e+01
3.211836e+04	-1.576486e+01
3.230388e+04	-1.580607e+01
3.249046e+04	-1.585331e+01
3.267812e+04	-1.589391e+01
3.286687e+04	-1.594233e+01
3.305671e+04	-1.597426e+01
3.324764e+04	-1.601193e+01
3.343968e+04	-1.606657e+01
3.363283e+04	-1.608681e+01
3.382709e+04	-1.611908e+01
3.402247e+04	-1.619598e+01
3.421899e+04	-1.622357e+01
3.441663e+04	-1.625875e+01
3.461542e+04	-1.630257e+01
3.481536e+04	-1.634486e+01
3.501645e+04	-1.639294e+01
3.521871e+04	-1.644773e+01
3.542213e+04	-1.648566e+01
3.562672e+04	-1.652823e+01
3.583250e+04	-1.655413e+01
3.603947e+04	-1.659537e+01
3.624763e+04	-1.664269e+01
3.645700e+04	-1.667467e+01
3.666757e+04	-1.671860e+01
3.687936e+04	-1.675419e+01
3.709238e+04	-1.679728e+01
3.730662e+04	-1.681870e+01
3.752210e+04	-1.688470e+01
3.773883e+04	-1.692397e+01
3.795680e+04	-1.698432e+01
3.817604e+04	-1.700235e+01
3.839654e+04	-1.705120e+01
3.861832e+04	-1.706977e+01
3.884138e+04	-1.711766e+01
3.906573e+04	-1.715686e+01
3.929137e+04	-1.719307e+01
3.951831e+04	-1.724018e+01
3.974657e+04	-1.728403e+01
3.997614e+04	-1.730822e+01
4.020704e+04	-1.734488e+01
4.043928e+04	-1.740201e+01
4.067285e+04	-1.742915e+01
4.090778e+04	-1.747861e+01
4.114406e+04	-1.752914e+01
4.138171e+04	-1.755277e+01
4.162073e+04	-1.760373e+01
4.186113e+04	-1.762969e+01
4.210291e+04	-1.767592e+01
4.234610e+04	-1.769613e+01
4.259069e+04	-1.772390e+01
4.283669e+04	-1.780241e+01
4.308411e+04	-1.782723e+01
4.333297e+04	-1.785394e+01
4.358325e+04	-1.790973e+01
4.383499e+04	-1.792204e+01
4.408818e+04	-1.796139e+01
4.434283e+04	-1.799694e+01
4.459895e+04	-1.804241e+01
4.485655e+04	-1.807922e+01
4.511564e+04	-1.812625e+01
4.537623e+04	-1.816284e+01
4.563832e+04	-1.820280e+01
4.590193e+04	-1.823634e+01
4.616705e+04	-1.829105e+01
4.643371e+04	-1.829385e+01
4.670191e+04	-1.833234e+01
4.697166e+04	-1.839533e+01
4.724297e+04	-1.839832e+01
4.751584e+04	-1.844925e+01
4.779029e+04	-1.847856e+01
4.806633e+04	-1.850929e+01
4.834395e+04	-1.855678e+01
4.862319e+04	-1.857299e+01
4.890403e+04	-1.860044e+01
4.918650e+04	-1.865041e+01
4.947060e+04	-1.868085e+01
4.975634e+04	-1.872393e+01
5.004373e+04	-1.875005e+01
5.033278e+04	-1.878643e+01
5.062350e+04	-1.882477e+01
5.091590e+04	-1.885261e+01
5.120999e+04	-1.890186e+01
5.150578e+04	-1.891406e+01
5.180327e+04	-1.896697e+01
5.210248e+04	-1.897974e+01
5.240343e+04	-1.901286e+01
5.270611e+04	-1.905008e+01
5.301053e+04	-1.906699e+01
5.331672e+04	-1.909179e+01
5.362468e+04	-1.912214e+01
5.393441e+04	-1.917420e+01
5.424593e+04	-1.920532e+01
5.455926e+04	-1.924720e+01
5.487439e+04	-1.924770e+01
5.519134e+04	-1.928206e+01
5.551012e+04	-1.930633e+01
5.583075e+04	-1.936047e+01
5.615322e+04	-1.938361e+01
5.647756e+04	-1.940088e+01
5.680377e+04	-1.943292e+01
5.713187e+04	-1.945117e+01
5.746186e+04	-1.949671e+01
5.779376e+04	-1.952110e+01
5.812757e+04	-1.953615e+01
5.846332e+04	-1.958304e+01
5.880100e+04	-1.960999e+01
5.914063e+04	-1.961846e+01
5.948222e+04	-1.965647e+01
5.982579e+04	-1.968488e+01
6.017134e+04	-1.970234e+01
6.051889e+04	-1.972532e+01
6.086844e+04	-1.975504e+01
6.122002e+04	-1.977512e+01
6.157362e+04	-1.980401e+01
6.192927e+04	-1.981327e+01
6.228697e+04	-1.985155e+01
6.264674e+04	-1.987606e+01
6.300858e+04	-1.988721e+01
6.337252e+04	-1.989943e+01
6.373855e+04	-1.994061e+01
6.410670e+04	-1.996497e+01
6.447698e+04	-1.998795e+01
6.484940e+04	-1.999077e+01
6.522397e+04	-2.003856e+01
6.560070e+04	-2.004336e+01
6.597960e+04	-2.005882e+01
6.636070e+04	-2.008332e+01
6.674400e+04	-2.009450e+01
6.712951e+04	-2.011788e+01
6.751724e+04	-2.015112e+01
6.790722e+04	-2.017615e+01
6.829945e+04	-2.018695e+01
6.869395e+04	-2.020811e+01
6.909072e+04	-2.021591e+01
6.948978e+04	-2.023508e+01
6.989115e+04	-2.023687e+01
7.029484e+04	-2.029028e+01
7.070086e+04	-2.027233e+01
7.110923e+04	-2.030081e+01
7.151995e+04	-2.028762e+01
7.193305e+04	-2.033655e+01
7.234853e+04	-2.033072e+01
7.276641e+04	-2.034941e+01
7.318671e+04	-2.036166e+01
7.360943e+04	-2.036294e+01
7.403460e+04	-2.039526e+01
7.446222e+04	-2.040092e+01
7.489231e+04	-2.040917e+01
7.532488e+04	-2.040325e+01
7.575996e+04	-2.044325e+01
7.619754e+04	-2.043904e+01
7.663766e+04	-2.043308e+01
7.708031e+04	-2.045381e+01
7.752553e+04	-2.044402e+01
7.797331e+04	-2.044132e+01
7.842368e+04	-2.046804e+01
7.887665e+04	-2.045979e+01
7.933224e+04	-2.048272e+01
7.979046e+04	-2.047885e+01
8.025133e+04	-2.048473e+01
8.071486e+04	-2.048211e+01
8.118106e+04	-2.047430e+01
8.164996e+04	-2.049204e+01
8.212157e+04	-2.049846e+01
8.259590e+04	-2.049256e+01
8.307297e+04	-2.048462e+01
8.355279e+04	-2.048129e+01
8.403539e+04	-2.047843e+01
8.452078e+04	-2.049338e+01
8.500897e+04	-2.048193e+01
8.549997e+04	-2.046874e+01
8.599382e+04	-2.046169e+01
8.649052e+04	-2.045300e+01
8.699008e+04	-2.044720e+01
8.749253e+04	-2.045587e+01
8.799789e+04	-2.043064e+01
8.850616e+04	-2.043306e+01
8.901737e+04	-2.040443e+01
8.953153e+04	-2.040178e+01
9.004866e+04	-2.038177e+01
9.056877e+04	-2.036804e+01
9.109190e+04	-2.035198e+01
9.161804e+04	-2.035028e+01
9.214722e+04	-2.032684e+01
9.267946e+04	-2.028536e+01
9.321477e+04	-2.029966e+01
9.375318e+04	-2.026186e+01
9.429469e+04	-2.025363e+01
9.483933e+04	-2.022474e+01
9.538712e+04	-2.021038e+01
9.593807e+04	-2.019771e+01
9.649221e+04	-2.016208e+01
9.704954e+04	-2.014424e+01
9.761010e+04	-2.009989e+01
9.817389e+04	-2.007195e+01
9.874094e+04	-2.005582e+01
9.931126e+04	-2.001903e+01
9.988488e+04	-1.997225e+01
1.004618e+05	-1.994072e+01
1.010421e+05	-1.989343e+01
1.016257e+05	-1.986643e+01
1.022127e+05	-1.982206e+01
1.028031e+05	-1.979128e+01
1.033968e+05	-1.973800e+01
1.039941e+05	-1.969969e+01
1.045947e+05	-1.965739e+01
1.051989e+05	-1.961808e+01
1.058065e+05	-1.956231e+01
1.064176e+05	-1.949973e+01
1.070323e+05	-1.944017e+01
1.076505e+05	-1.940984e+01
1.082723e+05	-1.936032e+01
1.088977e+05	-1.929800e+01
1.095266e+05	-1.924389e+01
1.101593e+05	-1.915334e+01
1.107955e+05	-1.911490e+01
1.114355e+05	-1.903329e+01
1.120791e+05	-1.897386e+01
1.127265e+05	-1.890136e+01
1.133776e+05	-1.882738e+01
1.140325e+05	-1.875269e+01
1.146911e+05	-1.868340e+01
1.153536e+05	-1.858301e+01
1.160198e+05	-1.848877e+01
1.166900e+05	-1.841917e+01
1.173640e+05	-1.835342e+01
1.180419e+05	-1.824408e+01
1.187237e+05	-1.814474e+01
1.194094e+05	-1.805623e+01
1.200991e+05	-1.795051e+01
1.207928e+05	-1.784910e+01
1.214905e+05	-1.774939e+01
1.221922e+05	-1.763642e+01
1.228980e+05	-1.749687e+01
1.236078e+05	-1.740520e+01
1.243218e+05	-1.723695e+01
1.250399e+05	-1.713986e+01
1.257621e+05	-1.700343e+01
1.264885e+05	-1.687122e+01
1.272191e+05	-1.673769e+01
1.279539e+05	-1.659459e+01
1.286930e+05	-1.644500e+01
1.294363e+05	-1.626623e+01
1.301839e+05	-1.611046e+01
1.309358e+05	-1.595916e+01
1.316921e+05	-1.575383e+01
1.324528e+05	-1.559380e+01
1.332178e+05	-1.541240e+01
1.339873e+05	-1.523209e+01
1.347612e+05	-1.501359e+01
1.355395e+05	-1.480990e+01
1.363224e+05	-1.460360e+01
1.371098e+05	-1.437142e+01
1.379018e+05	-1.412314e+01
1.386983e+05	-1.390977e+01
1.394994e+05	-1.363164e+01
1.403051e+05	-1.338728e+01
1.411155e+05	-1.310926e+01
1.419306e+05	-1.281694e+01
1.427504e+05	-1.250462e+01
1.435749e+05	-1.218966e+01
1.444042e+05	-1.183385e+01
1.452383e+05	-1.148605e+01
1.460772e+05	-1.112397e+01
1.469209e+05	-1.074350e+01
1.477695e+05	-1.032738e+01
1.486230e+05	-9.891050e+00
1.494814e+05	-9.443941e+00
1.503448e+05	-8.944503e+00
1.512132e+05	-8.444171e+00
1.520866e+05	-7.894174e+00
1.529651e+05	-7.307874e+00
1.538486e+05	-6.697458e+00
1.547372e+05	-6.042951e+00
1.556310e+05	-5.325838e+00
1.565299e+05	-4.580618e+00
1.574340e+05	-3.805816e+00
1.583433e+05	-3.029384e+00
1.592579e+05	-2.199586e+00
1.601778e+05	-1.425297e+00
1.611030e+05	-7.415818e-01
1.620335e+05	-2.323490e-01
1.629694e+05	-1.017505e-02
1.639107e+05	-8.788078e-02
1.648574e+05	-4.699920e-01
1.658097e+05	-1.086285e+00
1.667674e+05	-1.855857e+00
1.677306e+05	-2.710940e+00
1.686994e+05	-3.595201e+00
1.696738e+05	-4.408133e+00
1.706538e+05	-5.259789e+00
1.716395e+05	-6.034721e+00
1.726309e+05	-6.769758e+00
1.736280e+05	-7.468815e+00
1.746309e+05	-8.139021e+00
1.756395e+05	-8.743096e+00
1.766540e+05	-9.341905e+00
1.776744e+05	-9.884066e+00
1.787006e+05	-1.041317e+01
1.797328e+05	-1.090455e+01
1.807709e+05	-1.136376e+01
1.818150e+05	-1.181371e+01
1.828652e+05	-1.227282e+01
1.839214e+05	-1.267056e+01
1.849837e+05	-1.305327e+01
1.860522e+05	-1.341504e+01
1.871268e+05	-1.377473e+01
1.882077e+05	-1.411630e+01
1.892948e+05	-1.444387e+01
1.903881e+05	-1.477012e+01
1.914878e+05	-1.506605e+01
1.925938e+05	-1.535345e+01
1.937062e+05	-1.563722e+01
1.948251e+05	-1.590888e+01
1.959504e+05	-1.617367e+01
1.970822e+05	-1.641440e+01
1.982205e+05	-1.662510e+01
1.993654e+05	-1.687568e+01
2.005169e+05	-1.710613e+01
2.016751e+05	-1.730558e+01
2.028400e+05	-1.751473e+01
2.040116e+05	-1.770548e+01
2.051899e+05	-1.791838e+01
2.063751e+05	-1.807665e+01
2.075671e+05	-1.826213e+01
2.087660e+05	-1.843396e+01
2.099719e+05	-1.858570e+01
2.111846e+05	-1.875046e+01
2.124044e+05	-1.890176e+01
2.136313e+05	-1.901300e+01
2.148652e+05	-1.915389e+01
2.161063e+05	-1.931319e+01
2.173545e+05	-1.942510e+01
2.186099e+05	-1.954963e+01
2.198726e+05	-1.965585e+01
2.211426e+05	-1.974260e+01
2.224199e+05	-1.984724e+01
2.237046e+05	-1.992766e+01
2.249967e+05	-2.001057e+01
2.262962e+05	-2.009485e+01
2.276033e+05	-2.018673e+01
2.289179e+05	-2.024735e+01
2.302402e+05	-2.030960e+01
2.315700e+05	-2.035191e+01
2.329076e+05	-2.039705e+01
2.342528e+05	-2.046460e+01
2.356059e+05	-2.049993e+01
2.369667e+05	-2.053178e+01
2.383354e+05	-2.054023e+01
2.397120e+05	-2.056753e+01
2.410966e+05	-2.058168e+01
2.424892e+05	-2.057480e+01
2.438898e+05	-2.057610e+01
2.452985e+05	-2.057078e+01
2.467153e+05	-2.056408e+01
2.481403e+05	-2.054804e+01
2.495736e+05	-2.049954e+01
2.510151e+05	-2.047012e+01
2.524650e+05	-2.043724e+01
2.539232e+05	-2.036700e+01
2.553898e+05	-2.033046e+01
2.568650e+05	-2.023335e+01
2.583486e+05	-2.014797e+01
2.598408e+05	-2.009839e+01
2.613416e+05	-1.998465e+01
2.628511e+05	-1.985945e+01
2.643694e+05	-1.975462e+01
2.658963e+05	-1.963028e+01
2.674321e+05	-1.948148e+01
2.689768e+05	-1.933826e+01
2.705304e+05	-1.916978e+01
2.720930e+05	-1.899655e+01
2.736646e+05	-1.879994e+01
2.752453e+05	-1.860738e+01
2.768351e+05	-1.838257e+01
2.784341e+05	-1.814788e+01
2.800423e+05	-1.788982e+01
2.816598e+05	-1.760308e+01
2.832867e+05	-1.731291e+01
2.849229e+05	-1.701149e+01
2.865686e+05	-1.666339e+01
2.882238e+05	-1.627640e+01
2.898886e+05	-1.591127e+01
2.915630e+05	-1.549088e+01
2.932470e+05	-1.501855e+01
2.949408e+05	-1.452080e+01
2.966444e+05	-1.396609e+01
2.983578e+05	-1.336437e+01
3.000811e+05	-1.271394e+01
3.018143e+05	-1.199259e+01
3.035576e+05	-1.120495e+01
3.053109e+05	-1.029287e+01
3.070744e+05	-9.311538e+00
3.088481e+05	-8.179423e+00
3.106320e+05	-6.885292e+00
3.124261e+05	-5.414905e+00
3.142307e+05	-3.780766e+00
3.160457e+05	-2.033145e+00
3.178712e+05	-5.674649e-01
3.197072e+05	-7.875627e-02
3.215538e+05	-9.119303e-01
3.234111e+05	-2.594939e+00
3.252791e+05	-4.392507e+00
3.271579e+05	-6.058965e+00
3.290475e+05	-7.560668e+00
3.309481e+05	-8.858219e+00
3.328596e+05	-1.000911e+01
3.347822e+05	-1.104518e+01
3.367159e+05	-1.198671e+01
3.386608e+05	-1.283449e+01
3.406169e+05	-1.359712e+01
3.425842e+05	-1.427233e+01
3.445630e+05	-1.495033e+01
3.465532e+05	-1.553847e+01
3.485549e+05	-1.606868e+01
3.505681e+05	-1.656432e+01
3.525930e+05	-1.700681e+01
3.546295e+05	-1.744969e+01
3.566778e+05	-1.785583e+01
3.587380e+05	-1.821869e+01
3.608101e+05	-1.855711e+01
3.628941e+05	-1.887242e+01
3.649901e+05	-1.916395e+01
3.670983e+05	-1.943694e+01
3.692187e+05	-1.966599e+01
3.713513e+05	-1.990731e+01
3.734962e+05	-2.010049e+01
3.756535e+05	-2.027550e+01
3.778232e+05	-2.046072e+01
3.800055e+05	-2.057693e+01
3.822004e+05	-2.070223e+01
3.844080e+05	-2.081736e+01
3.866283e+05	-2.089183e+01
3.888615e+05	-2.095485e+01
3.911075e+05	-2.100005e+01
3.933665e+05	-2.102609e+01
3.956386e+05	-2.101531e+01
3.979238e+05	-2.101127e+01
4.002222e+05	-2.097018e+01
4.025338e+05	-2.088939e+01
4.048589e+05	-2.081750e+01
4.071973e+05	-2.071068e+01
4.095493e+05	-2.057525e+01
4.119148e+05	-2.041134e+01
4.142940e+05	-2.023574e+01
4.166870e+05	-2.000814e+01
4.190937e+05	-1.976992e+01
4.215144e+05	-1.947308e+01
4.239490e+05	-1.916961e+01
4.263978e+05	-1.880165e+01
4.288606e+05	-1.839837e+01
4.313377e+05	-1.794332e+01
4.338291e+05	-1.742778e+01
4.363349e+05	-1.684116e+01
4.388551e+05	-1.620330e+01
4.413899e+05	-1.544123e+01
4.439394e+05	-1.459467e+01
4.465035e+05	-1.365088e+01
4.490825e+05	-1.250810e+01
4.516764e+05	-1.115805e+01
4.542853e+05	-9.564669e+00
4.569092e+05	-7.610616e+00
4.595483e+05	-5.166739e+00
4.622026e+05	-2.213746e+00
4.648723e+05	3.893502e-02
4.675574e+05	-1.050160e+00
4.702580e+05	-4.049635e+00
4.729742e+05	-6.825481e+00
4.757060e+05	-9.068305e+00
4.784537e+05	-1.088806e+01
4.812172e+05	-1.241703e+01
4.839967e+05	-1.370107e+01
4.867923e+05	-1.481573e+01
4.896040e+05	-1.579033e+01
4.924319e+05	-1.662369e+01
4.952762e+05	-1.738037e+01
4.981369e+05	-1.803391e+01
5.010141e+05	-1.862052e+01
5.039079e+05	-1.913782e+01
5.068185e+05	-1.960313e+01
5.097458e+05	-1.998037e+01
5.126901e+05	-2.034023e+01
5.156514e+05	-2.063314e+01
5.186298e+05	-2.090104e+01
5.216253e+05	-2.108833e+01
5.246382e+05	-2.125846e+01
5.276685e+05	-2.136298e+01
5.307163e+05	-2.141533e+01
5.337817e+05	-2.147185e+01
5.368648e+05	-2.141139e+01
5.399657e+05	-2.135196e+01
5.430845e+05	-2.122684e+01
5.462214e+05	-2.104740e+01
5.493763e+05	-2.079019e+01
5.525495e+05	-2.049247e+01
5.557410e+05	-2.013784e+01
5.589509e+05	-1.968970e+01
5.621794e+05	-1.915046e+01
5.654265e+05	-1.849459e+01
5.686924e+05	-1.775150e+01
5.719772e+05	-1.688857e+01
5.752809e+05	-1.576778e+01
5.786037e+05	-1.447112e+01
5.819457e+05	-1.283378e+01
5.853070e+05	-1.074694e+01
5.886877e+05	-7.987465e+00
5.920879e+05	-4.186114e+00
5.955078e+05	-3.046278e-01
5.989474e+05	-2.534565e+00
6.024069e+05	-6.856461e+00
6.058864e+05	-1.008088e+01
6.093860e+05	-1.248578e+01
6.129058e+05	-1.438419e+01
6.164459e+05	-1.590065e+01
6.200064e+05	-1.716623e+01
6.235876e+05	-1.821197e+01
6.271894e+05	-1.908637e+01
6.308120e+05	-1.980606e+01
6.344555e+05	-2.043862e+01
6.381201e+05	-2.091855e+01
6.418059e+05	-2.132597e+01
6.455129e+05	-2.163782e+01
6.492414e+05	-2.185329e+01
6.529914e+05	-2.198729e+01
6.567630e+05	-2.199993e+01
6.605565e+05	-2.193468e+01
6.643718e+05	-2.178550e+01
6.682092e+05	-2.152702e+01
6.720688e+05	-2.112055e+01
6.759506e+05	-2.058281e+01
6.798549e+05	-1.991185e+01
6.837817e+05	-1.903935e+01
6.877312e+05	-1.792608e+01
6.917035e+05	-1.651733e+01
6.956987e+05	-1.462225e+01
6.997171e+05	-1.207729e+01
7.037586e+05	-8.284647e+00
7.078235e+05	-2.253347e+00
7.119118e+05	-1.879835e+00
7.160238e+05	-8.242462e+00
7.201595e+05	-1.231033e+01
7.243191e+05	-1.507886e+01
7.285028e+05	-1.715996e+01
7.327106e+05	-1.874673e+01
7.369427e+05	-1.997183e+01
7.411992e+05	-2.096052e+01
7.454804e+05	-2.174374e+01
7.497862e+05	-2.232097e+01
7.541170e+05	-2.271895e+01
7.584727e+05	-2.295295e+01
7.628536e+05	-2.303752e+01
7.672598e+05	-2.293399e+01
7.716915e+05	-2.265177e+01
7.761488e+05	-2.218897e+01
7.806318e+05	-2.143703e+01
7.851407e+05	-2.044496e+01
7.896756e+05	-1.907282e+01
7.942367e+05	-1.714934e+01
7.988242e+05	-1.434535e+01
8.034382e+05	-9.846127e+00
8.080788e+05	-1.586710e+00
8.127463e+05	-6.024051e+00
8.174406e+05	-1.247815e+01
8.221621e+05	-1.621793e+01
8.269109e+05	-1.870604e+01
8.316871e+05	-2.045078e+01
8.364909e+05	-2.173519e+01
8.413225e+05	-2.261199e+01
8.461819e+05	-2.315582e+01
8.510694e+05	-2.341968e+01
8.559852e+05	-2.334984e+01
8.609293e+05	-2.292805e+01
8.659020e+05	-2.213105e+01
8.709034e+05	-2.082915e+01
8.759337e+05	-1.878488e+01
8.809931e+05	-1.547299e+01
8.860816e+05	-9.223990e+00
8.911996e+05	-1.756523e+00
8.963471e+05	-1.275709e+01
9.015244e+05	-1.781091e+01
9.067316e+05	-2.080928e+01
9.119688e+05	-2.280890e+01
9.172363e+05	-2.413120e+01
9.225342e+05	-2.486174e+01
9.278628e+05	-2.514943e+01
9.332221e+05	-2.490359e+01
9.386123e+05	-2.408020e+01
9.440337e+05	-2.251878e+01
9.494864e+05	-1.975463e+01
9.549706e+05	-1.447477e+01
9.604865e+05	1.359441e-01
9.660342e+05	-1.413344e+01
9.716140e+05	-2.001189e+01
9.772260e+05	-2.309385e+01
9.828704e+05	-2.477750e+01
9.885474e+05	-2.550592e+01
9.942572e+05	-2.530818e+01
1.000000e+06	-2.403634e+01
