Frequency(Hz)	Magnitude(dB)
1.000000e+01	-1.167575e-02
1.005776e+01	1.038242e-03
1.011585e+01	1.755806e-04
1.017428e+01	6.622053e-04
1.023305e+01	9.429388e-03
1.029215e+01	-7.298144e-03
1.035160e+01	6.417140e-03
1.041139e+01	-4.510398e-03
1.047153e+01	2.721665e-03
1.053201e+01	-4.641854e-03
1.059284e+01	-8.639332e-03
1.065403e+01	6.701604e-03
1.071556e+01	9.274061e-03
1.077746e+01	1.302441e-02
1.083971e+01	-1.905755e-03
1.090232e+01	-2.391758e-03
1.096529e+01	5.582773e-03
1.102862e+01	-6.386807e-03
1.109232e+01	-2.907594e-04
1.115639e+01	-2.289715e-03
1.122083e+01	9.669885e-03
1.128564e+01	2.986148e-03
1.135083e+01	-3.427021e-03
1.141639e+01	2.876828e-03
1.148233e+01	2.131933e-02
1.154865e+01	-1.156126e-02
1.161536e+01	-6.765400e-03
1.168245e+01	4.314896e-05
1.174992e+01	1.618946e-03
1.181779e+01	-8.278257e-03
1.188605e+01	-2.030529e-03
1.195470e+01	-1.029468e-02
1.202375e+01	-1.406663e-02
1.209320e+01	-1.918802e-02
1.216305e+01	1.016505e-02
1.223330e+01	1.487592e-03
1.230396e+01	1.157515e-04
1.237503e+01	-8.444411e-03
1.244651e+01	2.093552e-02
1.251840e+01	-7.380981e-03
1.259070e+01	-1.280712e-02
1.266343e+01	4.547046e-03
1.273657e+01	-1.323276e-02
1.281014e+01	-1.203875e-02
1.288413e+01	-4.342051e-03
1.295855e+01	1.113840e-02
1.303339e+01	1.406808e-02
1.310867e+01	-1.351427e-03
1.318439e+01	-3.556211e-03
1.326054e+01	-1.233034e-02
1.333713e+01	-7.789321e-03
1.341417e+01	2.141531e-02
1.349165e+01	2.481758e-03
1.356958e+01	-9.541061e-03
1.364795e+01	1.432130e-03
1.372678e+01	-1.800625e-02
1.380607e+01	9.682042e-03
1.388581e+01	1.641299e-02
1.396602e+01	-1.335425e-02
1.404668e+01	-2.560184e-02
1.412782e+01	1.950534e-03
1.420942e+01	3.384138e-03
1.429149e+01	-2.356723e-03
1.437404e+01	3.413764e-03
1.445706e+01	1.701230e-02
1.454057e+01	-7.671817e-03
1.462455e+01	-3.869824e-03
1.470902e+01	8.697504e-03
1.479398e+01	-2.650389e-03
1.487943e+01	-5.093053e-04
1.496537e+01	-6.212720e-03
1.505181e+01	-1.059116e-02
1.513875e+01	1.224594e-02
1.522619e+01	-1.037895e-02
1.531414e+01	-2.374722e-03
1.540259e+01	-5.604450e-03
1.549156e+01	1.920949e-02
1.558103e+01	-1.352716e-02
1.567103e+01	6.879574e-03
1.576155e+01	7.947250e-03
1.585258e+01	1.671707e-02
1.594415e+01	1.329621e-02
1.603624e+01	3.187517e-03
1.612886e+01	1.644034e-03
1.622202e+01	-2.077255e-02
1.631572e+01	-2.310778e-02
1.640996e+01	-1.430700e-03
1.650474e+01	1.357773e-02
1.660008e+01	-4.261343e-03
1.669596e+01	-5.824120e-03
1.679239e+01	9.964803e-03
1.688938e+01	-3.628165e-04
1.698694e+01	1.247809e-02
1.708505e+01	2.198068e-03
1.718373e+01	4.913889e-03
1.728299e+01	-8.975868e-03
1.738281e+01	1.627908e-02
1.748322e+01	6.261342e-03
1.758420e+01	-1.388656e-02
1.768576e+01	-9.074437e-03
1.778792e+01	1.188780e-04
1.789066e+01	-3.472231e-03
1.799399e+01	1.959779e-02
1.809793e+01	-1.298723e-02
1.820246e+01	-2.166750e-02
1.830760e+01	-4.442863e-03
1.841334e+01	-7.342562e-03
1.851969e+01	1.555125e-03
1.862666e+01	-7.298522e-03
1.873425e+01	2.901181e-03
1.884246e+01	1.032953e-02
1.895129e+01	1.117255e-02
1.906075e+01	-5.042116e-03
1.917085e+01	9.296313e-04
1.928158e+01	2.696459e-03
1.939295e+01	-1.815046e-03
1.950496e+01	1.438085e-03
1.961762e+01	-3.297637e-03
1.973093e+01	5.091409e-03
1.984490e+01	-7.937714e-04
1.995952e+01	3.746531e-03
2.007480e+01	8.900650e-04
2.019076e+01	-8.176001e-03
2.030738e+01	-6.044936e-03
2.042467e+01	1.665585e-02
2.054264e+01	1.056493e-02
2.066130e+01	1.452911e-02
2.078064e+01	1.334439e-04
2.090066e+01	-1.105287e-02
2.102139e+01	-5.507078e-03
2.114280e+01	1.044487e-03
2.126492e+01	-4.257355e-03
2.138775e+01	8.109476e-05
2.151128e+01	5.308028e-03
2.163553e+01	-4.776713e-03
2.176050e+01	2.385667e-03
2.188619e+01	5.571792e-03
2.201260e+01	-3.239079e-03
2.213974e+01	2.028228e-02
2.226762e+01	-9.683844e-03
2.239624e+01	-5.255129e-03
2.252560e+01	1.433411e-02
2.265571e+01	-7.685544e-03
2.278656e+01	-5.203407e-03
2.291818e+01	3.845741e-03
2.305055e+01	1.516859e-03
2.318369e+01	-5.442482e-04
2.331760e+01	-8.378461e-03
2.345228e+01	-3.963927e-03
2.358774e+01	7.426814e-03
2.372398e+01	1.502207e-02
2.386101e+01	5.134398e-03
2.399883e+01	-1.889984e-02
2.413745e+01	5.352658e-03
2.427686e+01	8.248661e-03
2.441709e+01	2.169159e-02
2.455812e+01	-6.161504e-04
2.469997e+01	4.178765e-03
2.484263e+01	3.491806e-03
2.498612e+01	-5.400859e-03
2.513044e+01	-3.153422e-03
2.527559e+01	7.419562e-04
2.542158e+01	1.598317e-02
2.556842e+01	-1.158900e-02
2.571610e+01	-1.836720e-03
2.586463e+01	-2.135711e-02
2.601403e+01	-9.908835e-03
2.616428e+01	-1.968276e-02
2.631541e+01	-7.085217e-03
2.646740e+01	5.887257e-03
2.662028e+01	8.536295e-03
2.677404e+01	-1.779074e-02
2.692868e+01	9.670704e-03
2.708422e+01	-2.635617e-03
2.724066e+01	-5.185293e-03
2.739800e+01	1.461001e-02
2.755625e+01	1.526808e-03
2.771541e+01	1.329221e-03
2.787550e+01	8.793223e-03
2.803650e+01	-9.531696e-03
2.819844e+01	-1.404162e-03
2.836131e+01	3.084365e-03
2.852513e+01	3.622116e-03
2.868989e+01	5.875100e-04
2.885560e+01	8.118257e-03
2.902227e+01	-1.095790e-02
2.918990e+01	2.934580e-03
2.935850e+01	-1.046375e-02
2.952807e+01	1.486487e-02
2.969863e+01	-1.272941e-03
2.987016e+01	7.753928e-03
3.004269e+01	6.435418e-04
3.021622e+01	-1.453279e-02
3.039075e+01	1.438304e-02
3.056628e+01	-1.551731e-02
3.074283e+01	4.448756e-03
3.092040e+01	9.229441e-03
3.109900e+01	1.366516e-02
3.127862e+01	-2.368487e-02
3.145929e+01	-1.184559e-02
3.164099e+01	-6.230073e-03
3.182375e+01	1.972370e-03
3.200756e+01	-1.945354e-03
3.219244e+01	1.390058e-03
3.237838e+01	3.639826e-03
3.256540e+01	1.885310e-02
3.275349e+01	-1.065529e-02
3.294268e+01	-7.477927e-03
3.313295e+01	6.457675e-04
3.332433e+01	1.437376e-02
3.351681e+01	-1.265218e-02
3.371040e+01	-1.104469e-02
3.390511e+01	-5.619420e-03
3.410094e+01	-3.486999e-03
3.429791e+01	5.684330e-03
3.449601e+01	-3.408303e-03
3.469526e+01	4.966811e-04
3.489566e+01	1.652132e-02
3.509721e+01	-3.712479e-03
3.529993e+01	7.600897e-03
3.550382e+01	1.216803e-02
3.570889e+01	-1.302437e-02
3.591515e+01	-5.131197e-03
3.612259e+01	-6.453514e-03
3.633123e+01	-1.064548e-02
3.654108e+01	-8.113837e-03
3.675214e+01	2.869577e-02
3.696442e+01	-1.808383e-03
3.717792e+01	2.718714e-04
3.739266e+01	6.081060e-03
3.760864e+01	-6.037848e-03
3.782587e+01	-5.417233e-03
3.804435e+01	1.088037e-02
3.826409e+01	-2.173568e-03
3.848510e+01	1.325866e-02
3.870739e+01	7.718534e-03
3.893096e+01	-8.940915e-03
3.915583e+01	-1.595851e-03
3.938199e+01	-7.814118e-03
3.960946e+01	-1.337076e-02
3.983824e+01	-1.134789e-02
4.006834e+01	-7.177646e-03
4.029978e+01	5.785299e-03
4.053255e+01	2.980290e-03
4.076666e+01	-6.177392e-03
4.100213e+01	6.647708e-04
4.123896e+01	-7.887727e-03
4.147715e+01	5.741261e-03
4.171672e+01	1.953649e-03
4.195767e+01	-3.308067e-03
4.220002e+01	-5.961589e-03
4.244377e+01	-3.884055e-03
4.268892e+01	-1.461781e-03
4.293549e+01	-1.367575e-02
4.318348e+01	9.294801e-04
4.343291e+01	3.090052e-03
4.368377e+01	6.197070e-03
4.393609e+01	-1.121269e-02
4.418986e+01	1.093330e-02
4.444510e+01	-6.214924e-04
4.470182e+01	1.518626e-02
4.496001e+01	1.710278e-03
4.521970e+01	7.402136e-03
4.548089e+01	-4.654294e-04
4.574358e+01	8.515574e-03
4.600779e+01	-7.958681e-04
4.627353e+01	6.982241e-03
4.654081e+01	-2.983691e-04
4.680963e+01	1.080708e-02
4.708000e+01	-1.569949e-02
4.735193e+01	5.716759e-03
4.762543e+01	-2.327201e-03
4.790051e+01	3.393470e-03
4.817719e+01	-1.697173e-02
4.845545e+01	1.798946e-02
4.873533e+01	7.564678e-03
4.901682e+01	-1.264882e-02
4.929994e+01	-5.019466e-03
4.958470e+01	3.011546e-03
4.987110e+01	7.421730e-03
5.015915e+01	6.824765e-03
5.044887e+01	-1.763921e-03
5.074026e+01	6.939211e-03
5.103333e+01	9.819610e-05
5.132810e+01	1.259521e-02
5.162457e+01	4.381118e-03
5.192275e+01	-1.544053e-02
5.222265e+01	-7.139251e-03
5.252429e+01	-7.896130e-03
5.282767e+01	-9.685702e-03
5.313280e+01	-1.079210e-02
5.343969e+01	7.928032e-03
5.374836e+01	-1.922754e-02
5.405880e+01	-3.635603e-03
5.437105e+01	-1.090128e-02
5.468509e+01	-5.466701e-03
5.500095e+01	2.144001e-03
5.531863e+01	1.684822e-02
5.563815e+01	1.500053e-02
5.595951e+01	-2.198573e-03
5.628273e+01	3.599922e-03
5.660782e+01	-4.037455e-03
5.693479e+01	-1.185856e-02
5.726364e+01	-7.690867e-03
5.759439e+01	1.493119e-02
5.792705e+01	-9.733958e-03
5.826164e+01	-5.356338e-03
5.859815e+01	1.014522e-02
5.893662e+01	4.190755e-03
5.927703e+01	-9.802858e-03
5.961941e+01	-2.157518e-03
5.996377e+01	-3.741567e-03
6.031012e+01	-5.738051e-04
6.065847e+01	1.116270e-03
6.100883e+01	-1.503033e-03
6.136121e+01	4.180971e-03
6.171563e+01	2.118498e-04
6.207210e+01	-1.718849e-02
6.243063e+01	6.704292e-04
6.279122e+01	-3.112299e-04
6.315390e+01	8.277816e-03
6.351868e+01	8.001372e-03
6.388556e+01	-6.203445e-03
6.425456e+01	-6.331193e-03
6.462569e+01	3.678041e-03
6.499897e+01	-1.294855e-02
6.537440e+01	5.848111e-03
6.575200e+01	1.186527e-02
6.613178e+01	-8.049995e-03
6.651375e+01	2.500744e-02
6.689793e+01	2.345789e-02
6.728433e+01	1.228997e-02
6.767297e+01	-4.638991e-03
6.806384e+01	1.055290e-02
6.845698e+01	3.105842e-03
6.885238e+01	1.156644e-02
6.925007e+01	-2.231370e-02
6.965005e+01	-4.312053e-03
7.005235e+01	1.044750e-02
7.045697e+01	-1.195509e-02
7.086393e+01	-2.494670e-03
7.127323e+01	-9.645154e-03
7.168490e+01	-1.002241e-02
7.209895e+01	1.543950e-02
7.251539e+01	7.844558e-04
7.293424e+01	-1.190675e-02
7.335551e+01	9.440844e-04
7.377920e+01	8.324987e-03
7.420535e+01	-1.648484e-02
7.463396e+01	-5.015129e-03
7.506504e+01	-6.978994e-03
7.549861e+01	4.061940e-03
7.593469e+01	2.841246e-03
7.637328e+01	-1.753956e-05
7.681441e+01	-4.347867e-03
7.725809e+01	-5.954891e-03
7.770433e+01	-1.756413e-03
7.815315e+01	1.302918e-02
7.860456e+01	-2.090590e-02
7.905857e+01	-2.250356e-03
7.951521e+01	-6.444148e-03
7.997449e+01	1.958788e-02
8.043642e+01	1.955768e-02
8.090102e+01	4.070342e-03
8.136830e+01	-1.349591e-02
8.183828e+01	-9.137259e-03
8.231097e+01	1.744790e-02
8.278640e+01	1.133885e-02
8.326457e+01	6.181759e-03
8.374550e+01	-2.560166e-02
8.422921e+01	-1.603267e-02
8.471572e+01	-1.015998e-02
8.520503e+01	-1.645706e-04
8.569717e+01	6.818607e-03
8.619215e+01	1.151629e-02
8.669000e+01	2.065096e-03
8.719071e+01	-2.902819e-04
8.769432e+01	-6.279475e-03
8.820084e+01	-6.877906e-03
8.871029e+01	6.757913e-04
8.922267e+01	2.941512e-03
8.973802e+01	-3.733867e-03
9.025634e+01	-1.073474e-02
9.077766e+01	-2.022716e-02
9.130199e+01	-6.897806e-03
9.182935e+01	-9.173071e-03
9.235975e+01	-1.122715e-02
9.289321e+01	1.884144e-02
9.342976e+01	-8.082521e-03
9.396941e+01	-1.588237e-02
9.451217e+01	-8.272039e-03
9.505807e+01	8.868975e-04
9.560712e+01	-9.828136e-03
9.615934e+01	-3.037849e-03
9.671476e+01	-3.262242e-03
9.727338e+01	-4.324893e-03
9.783522e+01	9.162047e-03
9.840032e+01	-8.838439e-03
9.896867e+01	-6.930040e-03
9.954031e+01	1.623625e-03
1.001153e+02	2.236123e-02
1.006935e+02	-1.700580e-02
1.012751e+02	-1.053819e-02
1.018601e+02	3.748851e-03
1.024484e+02	-1.515556e-03
1.030402e+02	-4.919278e-03
1.036353e+02	5.102075e-03
1.042339e+02	-4.177668e-03
1.048360e+02	-4.590130e-03
1.054415e+02	8.073495e-03
1.060505e+02	-4.345295e-03
1.066631e+02	-2.354031e-03
1.072791e+02	7.897527e-03
1.078988e+02	5.266192e-03
1.085220e+02	-1.124050e-03
1.091488e+02	-8.545221e-03
1.097793e+02	-1.142674e-02
1.104133e+02	3.140169e-04
1.110511e+02	1.431222e-02
1.116925e+02	-1.010705e-02
1.123376e+02	-4.002047e-03
1.129865e+02	-1.336837e-02
1.136391e+02	5.152706e-03
1.142955e+02	2.182257e-03
1.149556e+02	1.683680e-03
1.156196e+02	-5.263610e-03
1.162874e+02	-8.406164e-03
1.169591e+02	-9.024160e-05
1.176347e+02	6.158200e-03
1.183141e+02	-9.335752e-03
1.189975e+02	-8.462578e-03
1.196848e+02	-6.602781e-03
1.203761e+02	1.254349e-02
1.210714e+02	-2.376291e-02
1.217707e+02	-2.588452e-02
1.224740e+02	8.137292e-03
1.231814e+02	1.156322e-03
1.238929e+02	-1.348135e-04
1.246085e+02	7.118902e-03
1.253283e+02	1.245866e-02
1.260522e+02	6.932571e-03
1.267802e+02	-2.951375e-03
1.275125e+02	-3.091318e-03
1.282490e+02	-6.628882e-03
1.289898e+02	-1.948911e-02
1.297348e+02	-1.304922e-02
1.304842e+02	-7.782568e-03
1.312378e+02	7.492339e-03
1.319959e+02	-7.072881e-03
1.327583e+02	-3.385261e-04
1.335251e+02	4.630573e-03
1.342963e+02	-1.014571e-02
1.350720e+02	-5.542791e-03
1.358522e+02	-8.907781e-03
1.366368e+02	2.135393e-03
1.374260e+02	-7.418156e-03
1.382198e+02	6.350831e-03
1.390182e+02	-7.450779e-03
1.398211e+02	-1.172957e-02
1.406287e+02	1.402695e-02
1.414410e+02	-1.618153e-02
1.422579e+02	-2.217879e-03
1.430796e+02	2.920462e-04
1.439060e+02	1.031165e-02
1.447372e+02	-1.650459e-02
1.455732e+02	-7.744932e-03
1.464141e+02	2.527597e-03
1.472597e+02	2.530235e-03
1.481103e+02	8.008434e-03
1.489658e+02	9.828709e-04
1.498262e+02	-1.117860e-02
1.506916e+02	-7.381131e-03
1.515620e+02	-4.884963e-03
1.524374e+02	1.060116e-02
1.533179e+02	4.230990e-03
1.542034e+02	-1.720681e-02
1.550941e+02	7.864558e-03
1.559899e+02	-1.235041e-02
1.568909e+02	1.787198e-02
1.577971e+02	-9.789786e-03
1.587085e+02	-9.927978e-03
1.596252e+02	-1.456073e-02
1.605472e+02	-5.279480e-03
1.614745e+02	-1.230824e-02
1.624072e+02	3.761919e-03
1.633453e+02	-1.061410e-02
1.642887e+02	-1.104812e-03
1.652377e+02	2.372507e-02
1.661921e+02	-1.441540e-03
1.671520e+02	-2.942126e-02
1.681175e+02	-1.220346e-02
1.690885e+02	-6.078458e-03
1.700651e+02	-1.551140e-02
1.710474e+02	-6.032427e-03
1.720354e+02	1.308918e-02
1.730291e+02	-3.048651e-03
1.740285e+02	-4.346671e-03
1.750337e+02	-1.181744e-02
1.760446e+02	-1.225890e-02
1.770615e+02	-1.017473e-02
1.780842e+02	-1.891943e-03
1.791128e+02	6.545353e-03
1.801473e+02	-1.013262e-02
1.811878e+02	6.398862e-03
1.822344e+02	-5.885499e-03
1.832870e+02	-5.861076e-03
1.843456e+02	6.477038e-03
1.854104e+02	-8.910837e-03
1.864813e+02	2.520371e-03
1.875584e+02	-5.786748e-03
1.886418e+02	-1.348991e-02
1.897313e+02	-1.343042e-03
1.908272e+02	-2.418926e-03
1.919294e+02	-1.409424e-02
1.930380e+02	1.882679e-03
1.941530e+02	-8.950825e-03
1.952744e+02	-4.070048e-03
1.964023e+02	-2.835547e-02
1.975367e+02	-1.175774e-02
1.986777e+02	6.088497e-03
1.998252e+02	-8.274962e-03
2.009794e+02	-1.049807e-02
2.021403e+02	-3.534305e-03
2.033078e+02	-1.119207e-04
2.044821e+02	-1.341769e-02
2.056632e+02	-1.696724e-02
2.068511e+02	-1.166495e-02
2.080459e+02	4.562596e-03
2.092475e+02	-9.247404e-03
2.104561e+02	-1.310078e-03
2.116717e+02	-2.466950e-04
2.128943e+02	3.094698e-03
2.141240e+02	-7.567960e-03
2.153608e+02	1.423112e-02
2.166047e+02	-2.006652e-02
2.178558e+02	-1.805156e-02
2.191141e+02	1.954233e-02
2.203797e+02	-1.162713e-02
2.216526e+02	1.198763e-02
2.229329e+02	2.685284e-03
2.242205e+02	-1.675427e-02
2.255156e+02	-2.430815e-03
2.268182e+02	-1.144205e-03
2.281283e+02	-8.198439e-03
2.294459e+02	-1.685912e-02
2.307712e+02	-2.378945e-02
2.321041e+02	-1.726600e-02
2.334447e+02	-1.704398e-02
2.347931e+02	-5.393378e-03
2.361493e+02	-3.204266e-02
2.375133e+02	-2.885451e-03
2.388851e+02	-8.008756e-03
2.402649e+02	-2.040687e-02
2.416527e+02	-2.077751e-02
2.430484e+02	-3.846774e-03
2.444523e+02	8.663792e-04
2.458642e+02	-1.421178e-02
2.472843e+02	-2.987432e-02
2.487126e+02	-1.082024e-02
2.501492e+02	-8.768057e-03
2.515940e+02	-1.670259e-02
2.530472e+02	-2.037707e-02
2.545088e+02	-2.636588e-02
2.559789e+02	-2.143274e-02
2.574574e+02	-1.715006e-02
2.589444e+02	-3.760408e-03
2.604401e+02	-1.549410e-02
2.619444e+02	-8.971701e-04
2.634574e+02	-2.819678e-02
2.649791e+02	-1.352201e-02
2.665096e+02	-2.161114e-02
2.680489e+02	-3.007597e-02
2.695972e+02	-1.129107e-02
2.711544e+02	-6.021832e-03
2.727205e+02	-3.546813e-04
2.742958e+02	-9.394467e-03
2.758801e+02	-9.934125e-03
2.774736e+02	-1.497756e-02
2.790762e+02	-7.611373e-03
2.806882e+02	-2.235030e-02
2.823094e+02	-7.443113e-03
2.839400e+02	2.559773e-03
2.855800e+02	-6.224034e-03
2.872295e+02	8.499385e-03
2.888886e+02	-2.075379e-02
2.905572e+02	-3.125901e-02
2.922354e+02	1.063545e-03
2.939234e+02	-3.541671e-02
2.956211e+02	-2.939985e-02
2.973286e+02	-2.970796e-03
2.990459e+02	-2.562972e-02
3.007732e+02	-1.072503e-02
3.025104e+02	-5.292075e-03
3.042577e+02	-1.181349e-02
3.060151e+02	-5.125565e-03
3.077826e+02	-2.622214e-02
3.095604e+02	-2.928405e-02
3.113484e+02	-1.385023e-02
3.131467e+02	-2.580259e-02
3.149554e+02	-8.513781e-03
3.167746e+02	-2.580575e-02
3.186043e+02	-9.739892e-03
3.204445e+02	-2.112049e-02
3.222954e+02	-2.972540e-02
3.241570e+02	-2.404710e-02
3.260293e+02	-3.540782e-02
3.279124e+02	-7.649934e-03
3.298064e+02	-2.177771e-02
3.317114e+02	-3.175164e-02
3.336273e+02	-4.958492e-03
3.355544e+02	-3.269164e-02
3.374925e+02	-1.210366e-02
3.394418e+02	2.850690e-03
3.414024e+02	-1.841597e-02
3.433744e+02	-1.123511e-02
3.453577e+02	-2.228089e-02
3.473525e+02	-1.576856e-02
3.493588e+02	-3.142718e-02
3.513766e+02	-2.945362e-02
3.534062e+02	-6.814936e-03
3.554474e+02	-2.213679e-02
3.575005e+02	-2.290013e-02
3.595654e+02	-1.213023e-02
3.616422e+02	-1.648075e-02
3.637311e+02	-2.190435e-02
3.658320e+02	-1.935201e-02
3.679450e+02	-1.936511e-02
3.700702e+02	-2.412496e-02
3.722077e+02	-2.574485e-02
3.743576e+02	-3.906783e-02
3.765199e+02	-2.409859e-02
3.786946e+02	-2.992114e-02
3.808820e+02	-2.573882e-02
3.830819e+02	-3.383814e-02
3.852946e+02	-4.547545e-02
3.875200e+02	-1.492290e-02
3.897583e+02	-1.941611e-02
3.920096e+02	-1.682901e-02
3.942738e+02	-2.940049e-02
3.965511e+02	-1.863788e-02
3.988416e+02	-2.542643e-02
4.011452e+02	-5.226554e-02
4.034622e+02	-1.346647e-02
4.057926e+02	-2.026747e-02
4.081365e+02	-3.095330e-02
4.104938e+02	-2.493437e-02
4.128648e+02	-2.281894e-02
4.152495e+02	-1.493607e-02
4.176480e+02	-3.300184e-02
4.200603e+02	-1.915990e-02
4.224866e+02	-1.600530e-02
4.249268e+02	-3.836895e-02
4.273812e+02	-3.392764e-02
4.298497e+02	-1.610990e-02
4.323325e+02	-3.473922e-02
4.348297e+02	-2.345482e-02
4.373412e+02	-4.040949e-02
4.398673e+02	-4.119838e-02
4.424079e+02	-2.817629e-02
4.449633e+02	-4.916125e-02
4.475334e+02	-3.641285e-02
4.501183e+02	-2.684724e-02
4.527182e+02	-3.978945e-02
4.553330e+02	-3.059000e-02
4.579630e+02	-4.095248e-02
4.606082e+02	-3.164059e-02
4.632687e+02	-3.448844e-02
4.659445e+02	-2.643657e-02
4.686358e+02	-3.780525e-02
4.713426e+02	-1.247852e-02
4.740650e+02	-4.192401e-02
4.768032e+02	-4.747489e-02
4.795572e+02	-3.779269e-02
4.823271e+02	-3.538761e-02
4.851130e+02	-4.359482e-02
4.879150e+02	-4.256258e-02
4.907332e+02	-3.546567e-02
4.935676e+02	-2.903545e-02
4.964185e+02	-4.450474e-02
4.992858e+02	-3.450684e-02
5.021696e+02	-3.293184e-02
5.050701e+02	-4.018593e-02
5.079874e+02	-4.659796e-02
5.109215e+02	-5.114933e-02
5.138726e+02	-6.589107e-02
5.168407e+02	-4.108230e-02
5.198259e+02	-4.664604e-02
5.228284e+02	-6.097156e-02
5.258482e+02	-5.658198e-02
5.288855e+02	-3.966144e-02
5.319403e+02	-3.215326e-02
5.350128e+02	-3.451269e-02
5.381030e+02	-4.058876e-02
5.412111e+02	-3.337306e-02
5.443371e+02	-5.408411e-02
5.474812e+02	-4.733427e-02
5.506434e+02	-5.262539e-02
5.538239e+02	-7.617494e-02
5.570228e+02	-6.335563e-02
5.602401e+02	-6.558471e-02
5.634760e+02	-5.338945e-02
5.667306e+02	-7.076862e-02
5.700040e+02	-6.132713e-02
5.732964e+02	-5.960152e-02
5.766077e+02	-5.757336e-02
5.799382e+02	-4.640254e-02
5.832879e+02	-4.858276e-02
5.866569e+02	-5.112637e-02
5.900454e+02	-5.260879e-02
5.934535e+02	-5.374927e-02
5.968813e+02	-5.868697e-02
6.003288e+02	-5.121479e-02
6.037963e+02	-7.409260e-02
6.072838e+02	-6.162033e-02
6.107914e+02	-5.689995e-02
6.143194e+02	-4.699414e-02
6.178676e+02	-7.476246e-02
6.214364e+02	-4.250439e-02
6.250258e+02	-8.502925e-02
6.286359e+02	-8.552039e-02
6.322669e+02	-5.506304e-02
6.359189e+02	-7.588935e-02
6.395919e+02	-6.983931e-02
6.432862e+02	-6.731972e-02
6.470017e+02	-6.418147e-02
6.507388e+02	-5.258379e-02
6.544974e+02	-7.109824e-02
6.582778e+02	-6.300931e-02
6.620800e+02	-6.617407e-02
6.659041e+02	-7.855122e-02
6.697504e+02	-9.798049e-02
6.736188e+02	-7.605969e-02
6.775096e+02	-9.017625e-02
6.814229e+02	-8.546988e-02
6.853587e+02	-8.992601e-02
6.893173e+02	-8.527859e-02
6.932988e+02	-8.046633e-02
6.973033e+02	-9.022753e-02
7.013309e+02	-9.218044e-02
7.053817e+02	-8.738448e-02
7.094560e+02	-7.621597e-02
7.135538e+02	-7.440196e-02
7.176752e+02	-7.717149e-02
7.218205e+02	-8.644445e-02
7.259897e+02	-8.798755e-02
7.301830e+02	-9.416901e-02
7.344005e+02	-9.889608e-02
7.386424e+02	-7.939416e-02
7.429087e+02	-8.805962e-02
7.471998e+02	-9.947475e-02
7.515155e+02	-9.977537e-02
7.558563e+02	-8.180407e-02
7.602221e+02	-9.931474e-02
7.646131e+02	-9.960303e-02
7.690295e+02	-9.710402e-02
7.734713e+02	-9.428915e-02
7.779389e+02	-1.092535e-01
7.824322e+02	-1.009225e-01
7.869515e+02	-1.001110e-01
7.914969e+02	-1.195121e-01
7.960686e+02	-1.037066e-01
8.006666e+02	-1.083092e-01
8.052912e+02	-8.729055e-02
8.099426e+02	-1.070568e-01
8.146208e+02	-1.234627e-01
8.193260e+02	-1.110975e-01
8.240584e+02	-1.105533e-01
8.288181e+02	-1.094523e-01
8.336053e+02	-1.022453e-01
8.384202e+02	-1.176849e-01
8.432629e+02	-1.148410e-01
8.481335e+02	-1.252095e-01
8.530323e+02	-1.193826e-01
8.579594e+02	-1.281220e-01
8.629149e+02	-1.091365e-01
8.678991e+02	-1.336266e-01
8.729120e+02	-1.096677e-01
8.779539e+02	-1.462883e-01
8.830250e+02	-1.412492e-01
8.881253e+02	-1.257242e-01
8.932551e+02	-1.405505e-01
8.984145e+02	-1.313989e-01
9.036037e+02	-1.313650e-01
9.088229e+02	-1.394638e-01
9.140722e+02	-1.389748e-01
9.193518e+02	-1.337261e-01
9.246620e+02	-1.263621e-01
9.300028e+02	-1.486574e-01
9.353744e+02	-1.375020e-01
9.407771e+02	-1.173917e-01
9.462110e+02	-1.603075e-01
9.516763e+02	-1.368902e-01
9.571731e+02	-1.480537e-01
9.627017e+02	-1.504564e-01
9.682622e+02	-1.611527e-01
9.738549e+02	-1.654276e-01
9.794798e+02	-1.645030e-01
9.851373e+02	-1.668322e-01
9.908274e+02	-1.537108e-01
9.965504e+02	-1.606350e-01
1.002306e+03	-1.562739e-01
1.008096e+03	-1.641855e-01
1.013918e+03	-1.672514e-01
1.019775e+03	-1.582489e-01
1.025665e+03	-1.752810e-01
1.031589e+03	-1.671676e-01
1.037548e+03	-1.804189e-01
1.043540e+03	-1.867485e-01
1.049568e+03	-1.853143e-01
1.055630e+03	-1.647199e-01
1.061727e+03	-1.983148e-01
1.067860e+03	-1.767342e-01
1.074028e+03	-1.773424e-01
1.080231e+03	-1.677865e-01
1.086471e+03	-1.934317e-01
1.092746e+03	-2.023675e-01
1.099058e+03	-2.011938e-01
1.105406e+03	-2.010633e-01
1.111791e+03	-2.105458e-01
1.118212e+03	-2.163308e-01
1.124671e+03	-2.174857e-01
1.131167e+03	-2.191897e-01
1.137701e+03	-2.064641e-01
1.144272e+03	-2.146117e-01
1.150881e+03	-2.315222e-01
1.157529e+03	-2.290120e-01
1.164215e+03	-2.271058e-01
1.170939e+03	-2.184052e-01
1.177702e+03	-2.226825e-01
1.184505e+03	-2.438281e-01
1.191346e+03	-2.172372e-01
1.198227e+03	-2.214755e-01
1.205148e+03	-2.538016e-01
1.212109e+03	-2.444941e-01
1.219110e+03	-2.405232e-01
1.226152e+03	-2.289846e-01
1.233234e+03	-2.459180e-01
1.240357e+03	-2.453345e-01
1.247521e+03	-2.599384e-01
1.254727e+03	-2.609493e-01
1.261974e+03	-2.670785e-01
1.269263e+03	-2.606525e-01
1.276595e+03	-2.568464e-01
1.283968e+03	-2.677299e-01
1.291384e+03	-2.613237e-01
1.298843e+03	-2.545877e-01
1.306345e+03	-2.779090e-01
1.313891e+03	-2.752046e-01
1.321480e+03	-2.841038e-01
1.329113e+03	-2.728141e-01
1.336790e+03	-2.731094e-01
1.344511e+03	-3.052512e-01
1.352277e+03	-3.043152e-01
1.360087e+03	-2.977155e-01
1.367943e+03	-3.069506e-01
1.375844e+03	-2.864728e-01
1.383791e+03	-2.897344e-01
1.391784e+03	-3.024327e-01
1.399823e+03	-2.973651e-01
1.407908e+03	-3.079022e-01
1.416040e+03	-3.256783e-01
1.424219e+03	-3.192948e-01
1.432445e+03	-3.224591e-01
1.440719e+03	-3.286822e-01
1.449041e+03	-3.507898e-01
1.457410e+03	-3.379832e-01
1.465828e+03	-3.596345e-01
1.474295e+03	-3.393143e-01
1.482810e+03	-3.565327e-01
1.491375e+03	-3.557805e-01
1.499989e+03	-3.453881e-01
1.508653e+03	-3.648633e-01
1.517367e+03	-3.800063e-01
1.526131e+03	-3.906709e-01
1.534946e+03	-3.706116e-01
1.543812e+03	-3.778393e-01
1.552729e+03	-3.735474e-01
1.561697e+03	-3.922542e-01
1.570717e+03	-3.759147e-01
1.579790e+03	-3.841498e-01
1.588915e+03	-4.095738e-01
1.598092e+03	-4.102695e-01
1.607323e+03	-4.215517e-01
1.616606e+03	-4.059196e-01
1.625944e+03	-4.128996e-01
1.635335e+03	-4.228846e-01
1.644781e+03	-4.129704e-01
1.654281e+03	-4.269390e-01
1.663836e+03	-4.440011e-01
1.673446e+03	-4.262321e-01
1.683112e+03	-4.407088e-01
1.692834e+03	-4.392011e-01
1.702611e+03	-4.558376e-01
1.712446e+03	-4.752314e-01
1.722337e+03	-4.640117e-01
1.732285e+03	-4.718076e-01
1.742290e+03	-4.878606e-01
1.752354e+03	-4.789781e-01
1.762475e+03	-4.713407e-01
1.772655e+03	-4.774317e-01
1.782894e+03	-4.927889e-01
1.793192e+03	-4.950115e-01
1.803549e+03	-5.083026e-01
1.813967e+03	-5.099820e-01
1.824444e+03	-5.239077e-01
1.834982e+03	-5.287016e-01
1.845581e+03	-5.207739e-01
1.856241e+03	-5.345349e-01
1.866962e+03	-5.347380e-01
1.877746e+03	-5.473295e-01
1.888592e+03	-5.444723e-01
1.899500e+03	-5.526209e-01
1.910472e+03	-5.663175e-01
1.921506e+03	-5.641028e-01
1.932605e+03	-5.792798e-01
1.943768e+03	-5.847935e-01
1.954995e+03	-5.676029e-01
1.966287e+03	-5.969915e-01
1.977644e+03	-5.898815e-01
1.989067e+03	-6.158447e-01
2.000555e+03	-6.086109e-01
2.012110e+03	-6.160811e-01
2.023732e+03	-6.203322e-01
2.035421e+03	-6.310951e-01
2.047178e+03	-6.459565e-01
2.059002e+03	-6.548769e-01
2.070895e+03	-6.502203e-01
2.082856e+03	-6.550779e-01
2.094887e+03	-6.714499e-01
2.106987e+03	-6.823061e-01
2.119157e+03	-6.833224e-01
2.131397e+03	-6.781694e-01
2.143708e+03	-6.975335e-01
2.156090e+03	-6.980900e-01
2.168543e+03	-7.134074e-01
2.181069e+03	-7.219414e-01
2.193666e+03	-7.253086e-01
2.206337e+03	-7.319063e-01
2.219081e+03	-7.347795e-01
2.231898e+03	-7.620908e-01
2.244789e+03	-7.737058e-01
2.257755e+03	-7.666973e-01
2.270796e+03	-7.890329e-01
2.283912e+03	-7.957911e-01
2.297104e+03	-7.982706e-01
2.310372e+03	-7.954080e-01
2.323716e+03	-8.266638e-01
2.337138e+03	-8.216735e-01
2.350637e+03	-8.483076e-01
2.364214e+03	-8.353555e-01
2.377870e+03	-8.353959e-01
2.391604e+03	-8.460562e-01
2.405418e+03	-8.743381e-01
2.419312e+03	-8.648864e-01
2.433286e+03	-8.744116e-01
2.447340e+03	-8.894996e-01
2.461476e+03	-8.969400e-01
2.475693e+03	-9.172240e-01
2.489993e+03	-9.229440e-01
2.504375e+03	-9.261956e-01
2.518840e+03	-9.355254e-01
2.533389e+03	-9.474514e-01
2.548022e+03	-9.524851e-01
2.562739e+03	-9.630864e-01
2.577541e+03	-1.001662e+00
2.592429e+03	-1.000497e+00
2.607403e+03	-1.008789e+00
2.622463e+03	-1.012735e+00
2.637610e+03	-1.018390e+00
2.652845e+03	-1.033322e+00
2.668168e+03	-1.031719e+00
2.683579e+03	-1.021419e+00
2.699079e+03	-1.060358e+00
2.714669e+03	-1.057732e+00
2.730349e+03	-1.105256e+00
2.746119e+03	-1.108574e+00
2.761981e+03	-1.107335e+00
2.777934e+03	-1.124421e+00
2.793979e+03	-1.139650e+00
2.810117e+03	-1.164428e+00
2.826348e+03	-1.160012e+00
2.842673e+03	-1.168746e+00
2.859092e+03	-1.172869e+00
2.875606e+03	-1.199375e+00
2.892215e+03	-1.193440e+00
2.908921e+03	-1.205137e+00
2.925722e+03	-1.224287e+00
2.942621e+03	-1.231785e+00
2.959618e+03	-1.258315e+00
2.976712e+03	-1.269511e+00
2.993906e+03	-1.262687e+00
3.011198e+03	-1.304492e+00
3.028591e+03	-1.303096e+00
3.046084e+03	-1.313619e+00
3.063678e+03	-1.335967e+00
3.081374e+03	-1.342260e+00
3.099172e+03	-1.358515e+00
3.117072e+03	-1.361194e+00
3.135076e+03	-1.393412e+00
3.153184e+03	-1.400231e+00
3.171397e+03	-1.398704e+00
3.189715e+03	-1.406929e+00
3.208139e+03	-1.437181e+00
3.226669e+03	-1.452941e+00
3.245306e+03	-1.449311e+00
3.264051e+03	-1.461030e+00
3.282904e+03	-1.494605e+00
3.301866e+03	-1.515516e+00
3.320937e+03	-1.528107e+00
3.340119e+03	-1.543031e+00
3.359411e+03	-1.550728e+00
3.378815e+03	-1.562273e+00
3.398331e+03	-1.595882e+00
3.417959e+03	-1.591222e+00
3.437701e+03	-1.625433e+00
3.457557e+03	-1.636884e+00
3.477528e+03	-1.656463e+00
3.497614e+03	-1.656024e+00
3.517816e+03	-1.680561e+00
3.538135e+03	-1.688420e+00
3.558571e+03	-1.708438e+00
3.579125e+03	-1.714729e+00
3.599798e+03	-1.752328e+00
3.620590e+03	-1.750104e+00
3.641503e+03	-1.753529e+00
3.662536e+03	-1.797313e+00
3.683691e+03	-1.800826e+00
3.704967e+03	-1.820364e+00
3.726367e+03	-1.840887e+00
3.747890e+03	-1.869785e+00
3.769538e+03	-1.869838e+00
3.791311e+03	-1.892817e+00
3.813209e+03	-1.921660e+00
3.835234e+03	-1.915031e+00
3.857386e+03	-1.972254e+00
3.879667e+03	-1.950925e+00
3.902075e+03	-1.979903e+00
3.924614e+03	-2.008937e+00
3.947282e+03	-2.025560e+00
3.970081e+03	-2.041631e+00
3.993012e+03	-2.061186e+00
4.016076e+03	-2.065037e+00
4.039272e+03	-2.100656e+00
4.062603e+03	-2.101764e+00
4.086069e+03	-2.135566e+00
4.109670e+03	-2.148706e+00
4.133407e+03	-2.158196e+00
4.157281e+03	-2.199406e+00
4.181294e+03	-2.224448e+00
4.205445e+03	-2.241684e+00
4.229735e+03	-2.257732e+00
4.254166e+03	-2.269417e+00
4.278738e+03	-2.308848e+00
4.303451e+03	-2.300010e+00
4.328308e+03	-2.331845e+00
4.353308e+03	-2.359217e+00
4.378453e+03	-2.370150e+00
4.403742e+03	-2.395761e+00
4.429178e+03	-2.429521e+00
4.454761e+03	-2.464647e+00
4.480492e+03	-2.481234e+00
4.506371e+03	-2.489336e+00
4.532399e+03	-2.492978e+00
4.558578e+03	-2.523826e+00
4.584908e+03	-2.535391e+00
4.611391e+03	-2.583804e+00
4.638026e+03	-2.606413e+00
4.664815e+03	-2.617041e+00
4.691759e+03	-2.630060e+00
4.718858e+03	-2.683318e+00
4.746114e+03	-2.676188e+00
4.773527e+03	-2.700701e+00
4.801099e+03	-2.728516e+00
4.828830e+03	-2.772740e+00
4.856721e+03	-2.775822e+00
4.884773e+03	-2.797566e+00
4.912988e+03	-2.833595e+00
4.941365e+03	-2.861963e+00
4.969906e+03	-2.869153e+00
4.998612e+03	-2.890645e+00
5.027484e+03	-2.930108e+00
5.056522e+03	-2.930776e+00
5.085729e+03	-2.978950e+00
5.115104e+03	-2.999404e+00
5.144648e+03	-3.036889e+00
5.174363e+03	-3.040574e+00
5.204250e+03	-3.094089e+00
5.234310e+03	-3.101542e+00
5.264543e+03	-3.132809e+00
5.294951e+03	-3.153427e+00
5.325534e+03	-3.157552e+00
5.356294e+03	-3.199374e+00
5.387232e+03	-3.218142e+00
5.418348e+03	-3.257563e+00
5.449645e+03	-3.286152e+00
5.481122e+03	-3.307441e+00
5.512780e+03	-3.335706e+00
5.544622e+03	-3.355341e+00
5.576647e+03	-3.409086e+00
5.608858e+03	-3.416743e+00
5.641254e+03	-3.440934e+00
5.673838e+03	-3.465530e+00
5.706610e+03	-3.509405e+00
5.739571e+03	-3.531840e+00
5.772723e+03	-3.548262e+00
5.806066e+03	-3.593227e+00
5.839601e+03	-3.616469e+00
5.873331e+03	-3.651128e+00
5.907255e+03	-3.654772e+00
5.941375e+03	-3.680953e+00
5.975692e+03	-3.719345e+00
6.010207e+03	-3.763127e+00
6.044922e+03	-3.757000e+00
6.079837e+03	-3.810042e+00
6.114954e+03	-3.851926e+00
6.150274e+03	-3.870905e+00
6.185797e+03	-3.900562e+00
6.221526e+03	-3.933095e+00
6.257462e+03	-3.940419e+00
6.293605e+03	-4.000792e+00
6.329956e+03	-4.020807e+00
6.366518e+03	-4.056184e+00
6.403290e+03	-4.071227e+00
6.440276e+03	-4.104888e+00
6.477474e+03	-4.123039e+00
6.514888e+03	-4.174437e+00
6.552518e+03	-4.189770e+00
6.590365e+03	-4.225954e+00
6.628430e+03	-4.265918e+00
6.666716e+03	-4.296476e+00
6.705223e+03	-4.323139e+00
6.743952e+03	-4.356390e+00
6.782905e+03	-4.401273e+00
6.822082e+03	-4.418036e+00
6.861486e+03	-4.445204e+00
6.901118e+03	-4.487844e+00
6.940979e+03	-4.518089e+00
6.981069e+03	-4.543034e+00
7.021392e+03	-4.584260e+00
7.061947e+03	-4.602652e+00
7.102737e+03	-4.652983e+00
7.143762e+03	-4.673787e+00
7.185024e+03	-4.704980e+00
7.226524e+03	-4.756372e+00
7.268264e+03	-4.750516e+00
7.310246e+03	-4.797003e+00
7.352469e+03	-4.843613e+00
7.394937e+03	-4.874316e+00
7.437650e+03	-4.919756e+00
7.480609e+03	-4.938106e+00
7.523817e+03	-4.979620e+00
7.567274e+03	-4.995140e+00
7.610982e+03	-5.037152e+00
7.654943e+03	-5.088306e+00
7.699158e+03	-5.110037e+00
7.743628e+03	-5.158185e+00
7.788355e+03	-5.169956e+00
7.833340e+03	-5.201107e+00
7.878585e+03	-5.254171e+00
7.924091e+03	-5.269544e+00
7.969861e+03	-5.334574e+00
8.015894e+03	-5.344461e+00
8.062194e+03	-5.394328e+00
8.108761e+03	-5.432991e+00
8.155596e+03	-5.462594e+00
8.202703e+03	-5.498245e+00
8.250081e+03	-5.520661e+00
8.297733e+03	-5.579117e+00
8.345661e+03	-5.612807e+00
8.393865e+03	-5.633496e+00
8.442348e+03	-5.674922e+00
8.491110e+03	-5.695460e+00
8.540155e+03	-5.763159e+00
8.589482e+03	-5.794301e+00
8.639095e+03	-5.822641e+00
8.688994e+03	-5.871178e+00
8.739181e+03	-5.886165e+00
8.789658e+03	-5.924289e+00
8.840427e+03	-5.958050e+00
8.891489e+03	-6.016285e+00
8.942846e+03	-6.044365e+00
8.994499e+03	-6.102645e+00
9.046451e+03	-6.102109e+00
9.098703e+03	-6.155980e+00
9.151257e+03	-6.196326e+00
9.204114e+03	-6.209760e+00
9.257277e+03	-6.268393e+00
9.310746e+03	-6.311792e+00
9.364525e+03	-6.347738e+00
9.418614e+03	-6.390945e+00
9.473015e+03	-6.415443e+00
9.527731e+03	-6.461723e+00
9.582763e+03	-6.493137e+00
9.638113e+03	-6.535495e+00
9.693782e+03	-6.560000e+00
9.749773e+03	-6.613495e+00
9.806087e+03	-6.644570e+00
9.862727e+03	-6.686966e+00
9.919693e+03	-6.736661e+00
9.976989e+03	-6.775090e+00
1.003462e+04	-6.806927e+00
1.009258e+04	-6.851422e+00
1.015087e+04	-6.894904e+00
1.020950e+04	-6.929661e+00
1.026847e+04	-6.961123e+00
1.032778e+04	-7.008007e+00
1.038743e+04	-7.031910e+00
1.044743e+04	-7.088478e+00
1.050777e+04	-7.110710e+00
1.056847e+04	-7.160035e+00
1.062951e+04	-7.198485e+00
1.069091e+04	-7.239685e+00
1.075266e+04	-7.267103e+00
1.081476e+04	-7.322051e+00
1.087723e+04	-7.359119e+00
1.094006e+04	-7.412144e+00
1.100324e+04	-7.446481e+00
1.106680e+04	-7.492147e+00
1.113072e+04	-7.547034e+00
1.119501e+04	-7.574785e+00
1.125967e+04	-7.602976e+00
1.132471e+04	-7.650938e+00
1.139012e+04	-7.690117e+00
1.145591e+04	-7.708155e+00
1.152208e+04	-7.766031e+00
1.158863e+04	-7.823304e+00
1.165556e+04	-7.860926e+00
1.172289e+04	-7.903104e+00
1.179060e+04	-7.933127e+00
1.185870e+04	-7.977450e+00
1.192719e+04	-8.010312e+00
1.199608e+04	-8.087433e+00
1.206537e+04	-8.109407e+00
1.213506e+04	-8.152893e+00
1.220515e+04	-8.185882e+00
1.227565e+04	-8.240827e+00
1.234655e+04	-8.253402e+00
1.241787e+04	-8.306373e+00
1.248959e+04	-8.376027e+00
1.256173e+04	-8.390360e+00
1.263429e+04	-8.433185e+00
1.270726e+04	-8.476664e+00
1.278066e+04	-8.508232e+00
1.285448e+04	-8.571657e+00
1.292873e+04	-8.615613e+00
1.300340e+04	-8.673285e+00
1.307851e+04	-8.673852e+00
1.315405e+04	-8.720165e+00
1.323003e+04	-8.774872e+00
1.330644e+04	-8.817129e+00
1.338330e+04	-8.876085e+00
1.346060e+04	-8.898071e+00
1.353835e+04	-8.956809e+00
1.361655e+04	-8.988730e+00
1.369520e+04	-9.020569e+00
1.377430e+04	-9.074706e+00
1.385386e+04	-9.137475e+00
1.393388e+04	-9.173531e+00
1.401436e+04	-9.227748e+00
1.409531e+04	-9.252217e+00
1.417672e+04	-9.293876e+00
1.425861e+04	-9.340560e+00
1.434096e+04	-9.358352e+00
1.442379e+04	-9.416196e+00
1.450711e+04	-9.474471e+00
1.459090e+04	-9.495020e+00
1.467518e+04	-9.529863e+00
1.475994e+04	-9.593317e+00
1.484519e+04	-9.642033e+00
1.493094e+04	-9.671391e+00
1.501718e+04	-9.707354e+00
1.510392e+04	-9.773661e+00
1.519116e+04	-9.808434e+00
1.527890e+04	-9.862902e+00
1.536715e+04	-9.906702e+00
1.545591e+04	-9.958790e+00
1.554518e+04	-9.977316e+00
1.563497e+04	-1.003444e+01
1.572528e+04	-1.006460e+01
1.581611e+04	-1.010234e+01
1.590746e+04	-1.015708e+01
1.599934e+04	-1.021177e+01
1.609175e+04	-1.024479e+01
1.618470e+04	-1.031470e+01
1.627818e+04	-1.033824e+01
1.637220e+04	-1.038359e+01
1.646677e+04	-1.043108e+01
1.656188e+04	-1.048291e+01
1.665754e+04	-1.052957e+01
1.675375e+04	-1.054736e+01
1.685052e+04	-1.059916e+01
1.694785e+04	-1.064757e+01
1.704574e+04	-1.071148e+01
1.714419e+04	-1.075228e+01
1.724322e+04	-1.079220e+01
1.734281e+04	-1.082625e+01
1.744299e+04	-1.087477e+01
1.754374e+04	-1.091068e+01
1.764507e+04	-1.095245e+01
1.774698e+04	-1.101136e+01
1.784949e+04	-1.105167e+01
1.795259e+04	-1.109920e+01
1.805628e+04	-1.111190e+01
1.816057e+04	-1.117939e+01
1.826547e+04	-1.122547e+01
1.837097e+04	-1.126063e+01
1.847708e+04	-1.132496e+01
1.858380e+04	-1.136879e+01
1.869114e+04	-1.139622e+01
1.879910e+04	-1.144803e+01
1.890768e+04	-1.150645e+01
1.901689e+04	-1.152569e+01
1.912673e+04	-1.158092e+01
1.923721e+04	-1.163446e+01
1.934832e+04	-1.169073e+01
1.946008e+04	-1.173738e+01
1.957248e+04	-1.178183e+01
1.968553e+04	-1.180330e+01
1.979923e+04	-1.185397e+01
1.991359e+04	-1.190225e+01
2.002861e+04	-1.194456e+01
2.014430e+04	-1.199692e+01
2.026065e+04	-1.203502e+01
2.037767e+04	-1.207696e+01
2.049537e+04	-1.211370e+01
2.061375e+04	-1.217142e+01
2.073282e+04	-1.221765e+01
2.085257e+04	-1.225204e+01
2.097301e+04	-1.231957e+01
2.109415e+04	-1.234020e+01
2.121599e+04	-1.240383e+01
2.133853e+04	-1.243955e+01
2.146178e+04	-1.248298e+01
2.158575e+04	-1.252345e+01
2.171043e+04	-1.258007e+01
2.183582e+04	-1.261565e+01
2.196195e+04	-1.265949e+01
2.208880e+04	-1.271534e+01
2.221638e+04	-1.274534e+01
2.234470e+04	-1.280140e+01
2.247377e+04	-1.283284e+01
2.260357e+04	-1.289340e+01
2.273413e+04	-1.292018e+01
2.286544e+04	-1.297523e+01
2.299751e+04	-1.301919e+01
2.313034e+04	-1.305765e+01
2.326394e+04	-1.309949e+01
2.339832e+04	-1.316182e+01
2.353346e+04	-1.320644e+01
2.366939e+04	-1.323631e+01
2.380610e+04	-1.330127e+01
2.394361e+04	-1.334689e+01
2.408191e+04	-1.337514e+01
2.422100e+04	-1.341815e+01
2.436090e+04	-1.347860e+01
2.450161e+04	-1.351340e+01
2.464313e+04	-1.354862e+01
2.478547e+04	-1.359983e+01
2.492863e+04	-1.364919e+01
2.507261e+04	-1.366952e+01
2.521743e+04	-1.373340e+01
2.536309e+04	-1.377554e+01
2.550958e+04	-1.380516e+01
2.565692e+04	-1.386760e+01
2.580512e+04	-1.391380e+01
2.595417e+04	-1.395044e+01
2.610408e+04	-1.399763e+01
2.625485e+04	-1.403909e+01
2.640650e+04	-1.407481e+01
2.655902e+04	-1.410786e+01
2.671243e+04	-1.417182e+01
2.686672e+04	-1.423566e+01
2.702190e+04	-1.427218e+01
2.717798e+04	-1.432629e+01
2.733495e+04	-1.435463e+01
2.749284e+04	-1.437999e+01
2.765164e+04	-1.443470e+01
2.781135e+04	-1.449733e+01
2.797199e+04	-1.453082e+01
2.813355e+04	-1.459442e+01
2.829605e+04	-1.463719e+01
2.845949e+04	-1.467466e+01
2.862387e+04	-1.471229e+01
2.878920e+04	-1.476533e+01
2.895549e+04	-1.480612e+01
2.912273e+04	-1.483332e+01
2.929094e+04	-1.489974e+01
2.946013e+04	-1.492906e+01
2.963029e+04	-1.495064e+01
2.980143e+04	-1.502143e+01
2.997356e+04	-1.505770e+01
3.014669e+04	-1.510918e+01
3.032081e+04	-1.513616e+01
3.049595e+04	-1.519210e+01
3.067209e+04	-1.522867e+01
3.084925e+04	-1.529449e+01
3.102743e+04	-1.532729e+01
3.120665e+04	-1.535755e+01
3.138690e+04	-1.541214e+01
3.156819e+04	-1.543710e+01
3.175052e+04	-1.549185e+01
3.193391e+04	-1.553443e+01
3.211836e+04	-1.558821e+01
3.230388e+04	-1.562161e+01
3.249046e+04	-1.565923e+01
3.267812e+04	-1.571419e+01
3.286687e+04	-1.574119e+01
3.305671e+04	-1.581237e+01
3.324764e+04	-1.584873e+01
3.343968e+04	-1.587701e+01
3.363283e+04	-1.593097e+01
3.382709e+04	-1.597933e+01
3.402247e+04	-1.599425e+01
3.421899e+04	-1.606132e+01
3.441663e+04	-1.609674e+01
3.461542e+04	-1.613333e+01
3.481536e+04	-1.618654e+01
3.501645e+04	-1.621754e+01
3.521871e+04	-1.625795e+01
3.542213e+04	-1.628645e+01
3.562672e+04	-1.634240e+01
3.583250e+04	-1.640459e+01
3.603947e+04	-1.643609e+01
3.624763e+04	-1.647267e+01
3.645700e+04	-1.652312e+01
3.666757e+04	-1.656552e+01
3.687936e+04	-1.658732e+01
3.709238e+04	-1.662806e+01
3.730662e+04	-1.670700e+01
3.752210e+04	-1.673150e+01
3.773883e+04	-1.676466e+01
3.795680e+04	-1.681241e+01
3.817604e+04	-1.685948e+01
3.839654e+04	-1.690305e+01
3.861832e+04	-1.693216e+01
3.884138e+04	-1.696647e+01
3.906573e+04	-1.700489e+01
3.929137e+04	-1.706158e+01
3.951831e+04	-1.711100e+01
3.974657e+04	-1.713910e+01
3.997614e+04	-1.715802e+01
4.020704e+04	-1.722773e+01
4.043928e+04	-1.725793e+01
4.067285e+04	-1.728445e+01
4.090778e+04	-1.734257e+01
4.114406e+04	-1.738761e+01
4.138171e+04	-1.740578e+01
4.162073e+04	-1.743906e+01
4.186113e+04	-1.748721e+01
4.210291e+04	-1.751854e+01
4.234610e+04	-1.755965e+01
4.259069e+04	-1.759472e+01
4.283669e+04	-1.764899e+01
4.308411e+04	-1.768333e+01
4.333297e+04	-1.774220e+01
4.358325e+04	-1.775575e+01
4.383499e+04	-1.779200e+01
4.408818e+04	-1.785312e+01
4.434283e+04	-1.788689e+01
4.459895e+04	-1.791446e+01
4.485655e+04	-1.794465e+01
4.511564e+04	-1.799578e+01
4.537623e+04	-1.802584e+01
4.563832e+04	-1.806988e+01
4.590193e+04	-1.811188e+01
4.616705e+04	-1.813168e+01
4.643371e+04	-1.817970e+01
4.670191e+04	-1.821324e+01
4.697166e+04	-1.825607e+01
4.724297e+04	-1.829455e+01
4.751584e+04	-1.834051e+01
4.779029e+04	-1.838472e+01
4.806633e+04	-1.840612e+01
4.834395e+04	-1.844622e+01
4.862319e+04	-1.847978e+01
4.890403e+04	-1.850535e+01
4.918650e+04	-1.856193e+01
4.947060e+04	-1.859466e+01
4.975634e+04	-1.863309e+01
5.004373e+04	-1.865806e+01
5.033278e+04	-1.870270e+01
5.062350e+04	-1.873408e+01
5.091590e+04	-1.875589e+01
5.120999e+04	-1.880403e+01
5.150578e+04	-1.881496e+01
5.180327e+04	-1.885083e+01
5.210248e+04	-1.890325e+01
5.240343e+04	-1.892873e+01
5.270611e+04	-1.897603e+01
5.301053e+04	-1.901017e+01
5.331672e+04	-1.904340e+01
5.362468e+04	-1.906679e+01
5.393441e+04	-1.909980e+01
5.424593e+04	-1.912627e+01
5.455926e+04	-1.916015e+01
5.487439e+04	-1.921222e+01
5.519134e+04	-1.922561e+01
5.551012e+04	-1.925526e+01
5.583075e+04	-1.928743e+01
5.615322e+04	-1.932685e+01
5.647756e+04	-1.936852e+01
5.680377e+04	-1.937751e+01
5.713187e+04	-1.943361e+01
5.746186e+04	-1.945354e+01
5.779376e+04	-1.947730e+01
5.812757e+04	-1.951602e+01
5.846332e+04	-1.952333e+01
5.880100e+04	-1.956842e+01
5.914063e+04	-1.961605e+01
5.948222e+04	-1.963144e+01
5.982579e+04	-1.964524e+01
6.017134e+04	-1.968910e+01
6.051889e+04	-1.971561e+01
6.086844e+04	-1.974036e+01
6.122002e+04	-1.976342e+01
6.157362e+04	-1.980472e+01
6.192927e+04	-1.984231e+01
6.228697e+04	-1.985298e+01
6.264674e+04	-1.989719e+01
6.300858e+04	-1.989771e+01
6.337252e+04	-1.992037e+01
6.373855e+04	-1.995853e+01
6.410670e+04	-1.999949e+01
6.447698e+04	-2.001173e+01
6.484940e+04	-2.002521e+01
6.522397e+04	-2.005679e+01
6.560070e+04	-2.010213e+01
6.597960e+04	-2.010781e+01
6.636070e+04	-2.013683e+01
6.674400e+04	-2.016366e+01
6.712951e+04	-2.015992e+01
6.751724e+04	-2.020570e+01
6.790722e+04	-2.022236e+01
6.829945e+04	-2.024978e+01
6.869395e+04	-2.026174e+01
6.909072e+04	-2.029717e+01
6.948978e+04	-2.033147e+01
6.989115e+04	-2.031948e+01
7.029484e+04	-2.037106e+01
7.070086e+04	-2.035746e+01
7.110923e+04	-2.038435e+01
7.151995e+04	-2.042591e+01
7.193305e+04	-2.042567e+01
7.234853e+04	-2.043136e+01
7.276641e+04	-2.048177e+01
7.318671e+04	-2.047975e+01
7.360943e+04	-2.052222e+01
7.403460e+04	-2.050846e+01
7.446222e+04	-2.050964e+01
7.489231e+04	-2.054073e+01
7.532488e+04	-2.055309e+01
7.575996e+04	-2.057083e+01
7.619754e+04	-2.056719e+01
7.663766e+04	-2.060765e+01
7.708031e+04	-2.062074e+01
7.752553e+04	-2.062561e+01
7.797331e+04	-2.060455e+01
7.842368e+04	-2.064962e+01
7.887665e+04	-2.065686e+01
7.933224e+04	-2.067683e+01
7.979046e+04	-2.067483e+01
8.025133e+04	-2.068871e+01
8.071486e+04	-2.070805e+01
8.118106e+04	-2.070238e+01
8.164996e+04	-2.070392e+01
8.212157e+04	-2.073195e+01
8.259590e+04	-2.073071e+01
8.307297e+04	-2.074974e+01
8.355279e+04	-2.077323e+01
8.403539e+04	-2.075139e+01
8.452078e+04	-2.074441e+01
8.500897e+04	-2.077076e+01
8.549997e+04	-2.074938e+01
8.599382e+04	-2.076354e+01
8.649052e+04	-2.076420e+01
8.699008e+04	-2.075509e+01
8.749253e+04	-2.075169e+01
8.799789e+04	-2.077872e+01
8.850616e+04	-2.076849e+01
8.901737e+04	-2.075589e+01
8.953153e+04	-2.074340e+01
9.004866e+04	-2.076789e+01
9.056877e+04	-2.074402e+01
9.109190e+04	-2.072566e+01
9.161804e+04	-2.074539e+01
9.214722e+04	-2.073053e+01
9.267946e+04	-2.071109e+01
9.321477e+04	-2.070234e+01
9.375318e+04	-2.069664e+01
9.429469e+04	-2.071321e+01
9.483933e+04	-2.067773e+01
9.538712e+04	-2.068998e+01
9.593807e+04	-2.067057e+01
9.649221e+04	-2.064502e+01
9.704954e+04	-2.061897e+01
9.761010e+04	-2.060567e+01
9.817389e+04	-2.060319e+01
9.874094e+04	-2.058372e+01
9.931126e+04	-2.055474e+01
9.988488e+04	-2.055435e+01
1.004618e+05	-2.051800e+01
1.010421e+05	-2.051444e+01
1.016257e+05	-2.047235e+01
1.022127e+05	-2.046203e+01
1.028031e+05	-2.042782e+01
1.033968e+05	-2.039768e+01
1.039941e+05	-2.037196e+01
1.045947e+05	-2.033175e+01
1.051989e+05	-2.031229e+01
1.058065e+05	-2.026623e+01
1.064176e+05	-2.024121e+01
1.070323e+05	-2.020309e+01
1.076505e+05	-2.015383e+01
1.082723e+05	-2.014224e+01
1.088977e+05	-2.009428e+01
1.095266e+05	-2.005469e+01
1.101593e+05	-2.000369e+01
1.107955e+05	-1.995698e+01
1.114355e+05	-1.992993e+01
1.120791e+05	-1.987472e+01
1.127265e+05	-1.980709e+01
1.133776e+05	-1.977161e+01
1.140325e+05	-1.969199e+01
1.146911e+05	-1.966686e+01
1.153536e+05	-1.959491e+01
1.160198e+05	-1.954428e+01
1.166900e+05	-1.948541e+01
1.173640e+05	-1.941950e+01
1.180419e+05	-1.935622e+01
1.187237e+05	-1.928271e+01
1.194094e+05	-1.923180e+01
1.200991e+05	-1.916229e+01
1.207928e+05	-1.908978e+01
1.214905e+05	-1.899391e+01
1.221922e+05	-1.892418e+01
1.228980e+05	-1.883840e+01
1.236078e+05	-1.876005e+01
1.243218e+05	-1.866589e+01
1.250399e+05	-1.857567e+01
1.257621e+05	-1.848102e+01
1.264885e+05	-1.839133e+01
1.272191e+05	-1.828559e+01
1.279539e+05	-1.819120e+01
1.286930e+05	-1.806907e+01
1.294363e+05	-1.798258e+01
1.301839e+05	-1.786216e+01
1.309358e+05	-1.773074e+01
1.316921e+05	-1.762035e+01
1.324528e+05	-1.749871e+01
1.332178e+05	-1.737958e+01
1.339873e+05	-1.721866e+01
1.347612e+05	-1.709473e+01
1.355395e+05	-1.695626e+01
1.363224e+05	-1.679391e+01
1.371098e+05	-1.665927e+01
1.379018e+05	-1.647929e+01
1.386983e+05	-1.634196e+01
1.394994e+05	-1.615817e+01
1.403051e+05	-1.598693e+01
1.411155e+05	-1.579455e+01
1.419306e+05	-1.561597e+01
1.427504e+05	-1.541256e+01
1.435749e+05	-1.521555e+01
1.444042e+05	-1.499372e+01
1.452383e+05	-1.477717e+01
1.460772e+05	-1.454718e+01
1.469209e+05	-1.430482e+01
1.477695e+05	-1.405564e+01
1.486230e+05	-1.380437e+01
1.494814e+05	-1.351899e+01
1.503448e+05	-1.324551e+01
1.512132e+05	-1.294845e+01
1.520866e+05	-1.266665e+01
1.529651e+05	-1.231525e+01
1.538486e+05	-1.199611e+01
1.547372e+05	-1.162558e+01
1.556310e+05	-1.124673e+01
1.565299e+05	-1.086954e+01
1.574340e+05	-1.042096e+01
1.583433e+05	-9.992879e+00
1.592579e+05	-9.513847e+00
1.601778e+05	-9.021323e+00
1.611030e+05	-8.479198e+00
1.620335e+05	-7.917519e+00
1.629694e+05	-7.318073e+00
1.639107e+05	-6.675519e+00
1.648574e+05	-6.001747e+00
1.658097e+05	-5.272471e+00
1.667674e+05	-4.491244e+00
1.677306e+05	-3.658632e+00
1.686994e+05	-2.826997e+00
1.696738e+05	-2.000668e+00
1.706538e+05	-1.209687e+00
1.716395e+05	-5.676991e-01
1.726309e+05	-1.133460e-01
1.736280e+05	8.699705e-03
1.746309e+05	-1.806983e-01
1.756395e+05	-7.105031e-01
1.766540e+05	-1.424489e+00
1.776744e+05	-2.291199e+00
1.787006e+05	-3.175945e+00
1.797328e+05	-4.070695e+00
1.807709e+05	-4.922484e+00
1.818150e+05	-5.751300e+00
1.828652e+05	-6.499721e+00
1.839214e+05	-7.257626e+00
1.849837e+05	-7.953874e+00
1.860522e+05	-8.593706e+00
1.871268e+05	-9.210189e+00
1.882077e+05	-9.773317e+00
1.892948e+05	-1.034943e+01
1.903881e+05	-1.085206e+01
1.914878e+05	-1.133711e+01
1.925938e+05	-1.180194e+01
1.937062e+05	-1.224854e+01
1.948251e+05	-1.266205e+01
1.959504e+05	-1.306316e+01
1.970822e+05	-1.345819e+01
1.982205e+05	-1.382341e+01
1.993654e+05	-1.416385e+01
2.005169e+05	-1.449922e+01
2.016751e+05	-1.484134e+01
2.028400e+05	-1.515324e+01
2.040116e+05	-1.544150e+01
2.051899e+05	-1.572589e+01
2.063751e+05	-1.601240e+01
2.075671e+05	-1.626965e+01
2.087660e+05	-1.652764e+01
2.099719e+05	-1.676794e+01
2.111846e+05	-1.701292e+01
2.124044e+05	-1.722648e+01
2.136313e+05	-1.744053e+01
2.148652e+05	-1.765862e+01
2.161063e+05	-1.788558e+01
2.173545e+05	-1.806339e+01
2.186099e+05	-1.824498e+01
2.198726e+05	-1.842487e+01
2.211426e+05	-1.858687e+01
2.224199e+05	-1.876661e+01
2.237046e+05	-1.889716e+01
2.249967e+05	-1.907365e+01
2.262962e+05	-1.921493e+01
2.276033e+05	-1.933266e+01
2.289179e+05	-1.949948e+01
2.302402e+05	-1.962558e+01
2.315700e+05	-1.973602e+01
2.329076e+05	-1.983596e+01
2.342528e+05	-1.995816e+01
2.356059e+05	-2.004505e+01
2.369667e+05	-2.015085e+01
2.383354e+05	-2.023885e+01
2.397120e+05	-2.031269e+01
2.410966e+05	-2.040981e+01
2.424892e+05	-2.048899e+01
2.438898e+05	-2.053780e+01
2.452985e+05	-2.058086e+01
2.467153e+05	-2.064433e+01
2.481403e+05	-2.071398e+01
2.495736e+05	-2.072633e+01
2.510151e+05	-2.078340e+01
2.524650e+05	-2.080490e+01
2.539232e+05	-2.081137e+01
2.553898e+05	-2.084960e+01
2.568650e+05	-2.085256e+01
2.583486e+05	-2.086495e+01
2.598408e+05	-2.084171e+01
2.613416e+05	-2.085681e+01
2.628511e+05	-2.082023e+01
2.643694e+05	-2.080596e+01
2.658963e+05	-2.076558e+01
2.674321e+05	-2.071261e+01
2.689768e+05	-2.067877e+01
2.705304e+05	-2.060500e+01
2.720930e+05	-2.056047e+01
2.736646e+05	-2.047316e+01
2.752453e+05	-2.039830e+01
2.768351e+05	-2.031321e+01
2.784341e+05	-2.020918e+01
2.800423e+05	-2.010142e+01
2.816598e+05	-1.996311e+01
2.832867e+05	-1.984865e+01
2.849229e+05	-1.970120e+01
2.865686e+05	-1.955095e+01
2.882238e+05	-1.938773e+01
2.898886e+05	-1.919645e+01
2.915630e+05	-1.900351e+01
2.932470e+05	-1.876957e+01
2.949408e+05	-1.856891e+01
2.966444e+05	-1.832814e+01
2.983578e+05	-1.805459e+01
3.000811e+05	-1.776775e+01
3.018143e+05	-1.747917e+01
3.035576e+05	-1.715100e+01
3.053109e+05	-1.680109e+01
3.070744e+05	-1.642677e+01
3.088481e+05	-1.600917e+01
3.106320e+05	-1.556981e+01
3.124261e+05	-1.509138e+01
3.142307e+05	-1.457155e+01
3.160457e+05	-1.400423e+01
3.178712e+05	-1.338011e+01
3.197072e+05	-1.271217e+01
3.215538e+05	-1.195390e+01
3.234111e+05	-1.111793e+01
3.252791e+05	-1.019001e+01
3.271579e+05	-9.109370e+00
3.290475e+05	-7.913876e+00
3.309481e+05	-6.540106e+00
3.328596e+05	-4.981167e+00
3.347822e+05	-3.237049e+00
3.367159e+05	-1.482429e+00
3.386608e+05	-2.112058e-01
3.406169e+05	-2.546859e-01
3.425842e+05	-1.606260e+00
3.445630e+05	-3.428631e+00
3.465532e+05	-5.241590e+00
3.485549e+05	-6.875608e+00
3.505681e+05	-8.314115e+00
3.525930e+05	-9.578424e+00
3.546295e+05	-1.069581e+01
3.566778e+05	-1.169060e+01
3.587380e+05	-1.259890e+01
3.608101e+05	-1.338841e+01
3.628941e+05	-1.415579e+01
3.649901e+05	-1.482064e+01
3.670983e+05	-1.544362e+01
3.692187e+05	-1.600831e+01
3.713513e+05	-1.654209e+01
3.734962e+05	-1.700136e+01
3.756535e+05	-1.745637e+01
3.778232e+05	-1.789871e+01
3.800055e+05	-1.825830e+01
3.822004e+05	-1.860879e+01
3.844080e+05	-1.896093e+01
3.866283e+05	-1.926345e+01
3.888615e+05	-1.954026e+01
3.911075e+05	-1.980179e+01
3.933665e+05	-2.003852e+01
3.956386e+05	-2.025613e+01
3.979238e+05	-2.043946e+01
4.002222e+05	-2.060396e+01
4.025338e+05	-2.077695e+01
4.048589e+05	-2.089465e+01
4.071973e+05	-2.102231e+01
4.095493e+05	-2.112380e+01
4.119148e+05	-2.118693e+01
4.142940e+05	-2.123493e+01
4.166870e+05	-2.127747e+01
4.190937e+05	-2.129074e+01
4.215144e+05	-2.129411e+01
4.239490e+05	-2.127437e+01
4.263978e+05	-2.121899e+01
4.288606e+05	-2.113519e+01
4.313377e+05	-2.102562e+01
4.338291e+05	-2.092505e+01
4.363349e+05	-2.079295e+01
4.388551e+05	-2.063672e+01
4.413899e+05	-2.043248e+01
4.439394e+05	-2.021158e+01
4.465035e+05	-1.994229e+01
4.490825e+05	-1.963223e+01
4.516764e+05	-1.931510e+01
4.542853e+05	-1.892338e+01
4.569092e+05	-1.848861e+01
4.595483e+05	-1.802514e+01
4.622026e+05	-1.746952e+01
4.648723e+05	-1.686977e+01
4.675574e+05	-1.619033e+01
4.702580e+05	-1.541760e+01
4.729742e+05	-1.452115e+01
4.757060e+05	-1.348508e+01
4.784537e+05	-1.227882e+01
4.812172e+05	-1.084478e+01
4.839967e+05	-9.118801e+00
4.867923e+05	-6.954471e+00
4.896040e+05	-4.278185e+00
4.924319e+05	-1.245626e+00
4.952762e+05	4.602444e-02
4.981369e+05	-2.262955e+00
5.010141e+05	-5.381594e+00
5.039079e+05	-7.946475e+00
5.068185e+05	-1.005229e+01
5.097458e+05	-1.176238e+01
5.126901e+05	-1.318135e+01
5.156514e+05	-1.440942e+01
5.186298e+05	-1.546127e+01
5.216253e+05	-1.639143e+01
5.246382e+05	-1.717989e+01
5.276685e+05	-1.791261e+01
5.307163e+05	-1.853825e+01
5.337817e+05	-1.910560e+01
5.368648e+05	-1.960100e+01
5.399657e+05	-2.003247e+01
5.430845e+05	-2.038951e+01
5.462214e+05	-2.072553e+01
5.493763e+05	-2.100960e+01
5.525495e+05	-2.123799e+01
5.557410e+05	-2.141979e+01
5.589509e+05	-2.156323e+01
5.621794e+05	-2.164953e+01
5.654265e+05	-2.170204e+01
5.686924e+05	-2.171111e+01
5.719772e+05	-2.164167e+01
5.752809e+05	-2.157020e+01
5.786037e+05	-2.140558e+01
5.819457e+05	-2.119829e+01
5.853070e+05	-2.094208e+01
5.886877e+05	-2.062791e+01
5.920879e+05	-2.021232e+01
5.955078e+05	-1.972594e+01
5.989474e+05	-1.915258e+01
6.024069e+05	-1.846158e+01
6.058864e+05	-1.765612e+01
6.093860e+05	-1.668098e+01
6.129058e+05	-1.551819e+01
6.164459e+05	-1.408426e+01
6.200064e+05	-1.228850e+01
6.235876e+05	-9.929748e+00
6.271894e+05	-6.728629e+00
6.308120e+05	-2.425046e+00
6.344555e+05	-4.128571e-01
6.381201e+05	-4.615525e+00
6.418059e+05	-8.558134e+00
6.455129e+05	-1.143590e+01
6.492414e+05	-1.362963e+01
6.529914e+05	-1.532377e+01
6.567630e+05	-1.673191e+01
6.605565e+05	-1.788104e+01
6.643718e+05	-1.887461e+01
6.682092e+05	-1.968792e+01
6.720688e+05	-2.037590e+01
6.759506e+05	-2.094117e+01
6.798549e+05	-2.139553e+01
6.837817e+05	-2.177214e+01
6.877312e+05	-2.202167e+01
6.917035e+05	-2.220919e+01
6.956987e+05	-2.227905e+01
6.997171e+05	-2.229480e+01
7.037586e+05	-2.218422e+01
7.078235e+05	-2.197494e+01
7.119118e+05	-2.167167e+01
7.160238e+05	-2.122098e+01
7.201595e+05	-2.064706e+01
7.243191e+05	-1.989836e+01
7.285028e+05	-1.893771e+01
7.327106e+05	-1.773658e+01
7.369427e+05	-1.612222e+01
7.411992e+05	-1.403984e+01
7.454804e+05	-1.108456e+01
7.497862e+05	-6.524056e+00
7.541170e+05	-1.064425e-01
7.584727e+05	-4.718144e+00
7.628536e+05	-1.022463e+01
7.672598e+05	-1.373818e+01
7.716915e+05	-1.620344e+01
7.761488e+05	-1.806147e+01
7.806318e+05	-1.950729e+01
7.851407e+05	-2.066022e+01
7.896756e+05	-2.156088e+01
7.942367e+05	-2.223989e+01
7.988242e+05	-2.274959e+01
8.034382e+05	-2.308916e+01
8.080788e+05	-2.326417e+01
8.127463e+05	-2.325448e+01
8.174406e+05	-2.312007e+01
8.221621e+05	-2.274648e+01
8.269109e+05	-2.219168e+01
8.316871e+05	-2.137277e+01
8.364909e+05	-2.022559e+01
8.413225e+05	-1.865781e+01
8.461819e+05	-1.644606e+01
8.510694e+05	-1.311830e+01
8.559852e+05	-7.394688e+00
8.609293e+05	-4.852866e-01
8.659020e+05	-9.315891e+00
8.709034e+05	-1.440740e+01
8.759337e+05	-1.756963e+01
8.809931e+05	-1.973370e+01
8.860816e+05	-2.127438e+01
8.911996e+05	-2.239453e+01
8.963471e+05	-2.314378e+01
9.015244e+05	-2.357646e+01
9.067316e+05	-2.368969e+01
9.119688e+05	-2.349267e+01
9.172363e+05	-2.294538e+01
9.225342e+05	-2.196963e+01
9.278628e+05	-2.039885e+01
9.332221e+05	-1.794728e+01
9.386123e+05	-1.384903e+01
9.440337e+05	-5.005977e+00
9.494864e+05	-7.343530e+00
9.549706e+05	-1.529154e+01
9.604865e+05	-1.934518e+01
9.660342e+05	-2.190360e+01
9.716140e+05	-2.361989e+01
9.772260e+05	-2.469647e+01
9.828704e+05	-2.524485e+01
9.885474e+05	-2.530971e+01
9.942572e+05	-2.485183e+01
1.000000e+06	-2.372427e+01
