Frequency(Hz)	Magnitude(dB)
1.000000e+01	-2.037542e+00
1.005776e+01	-2.056432e+00
1.011585e+01	-2.075412e+00
1.017428e+01	-2.094327e+00
1.023305e+01	-2.113713e+00
1.029215e+01	-2.133087e+00
1.035160e+01	-2.152261e+00
1.041139e+01	-2.171941e+00
1.047153e+01	-2.191775e+00
1.053201e+01	-2.211671e+00
1.059284e+01	-2.231763e+00
1.065403e+01	-2.252031e+00
1.071556e+01	-2.272326e+00
1.077746e+01	-2.292625e+00
1.083971e+01	-2.313234e+00
1.090232e+01	-2.334003e+00
1.096529e+01	-2.354654e+00
1.102862e+01	-2.375925e+00
1.109232e+01	-2.396959e+00
1.115639e+01	-2.418199e+00
1.122083e+01	-2.439580e+00
1.128564e+01	-2.461155e+00
1.135083e+01	-2.482953e+00
1.141639e+01	-2.504707e+00
1.148233e+01	-2.526715e+00
1.154865e+01	-2.548844e+00
1.161536e+01	-2.571196e+00
1.168245e+01	-2.593577e+00
1.174992e+01	-2.616310e+00
1.181779e+01	-2.638890e+00
1.188605e+01	-2.661799e+00
1.195470e+01	-2.684819e+00
1.202375e+01	-2.707787e+00
1.209320e+01	-2.731267e+00
1.216305e+01	-2.754670e+00
1.223330e+01	-2.778262e+00
1.230396e+01	-2.802003e+00
1.237503e+01	-2.825889e+00
1.244651e+01	-2.849518e+00
1.251840e+01	-2.873897e+00
1.259070e+01	-2.898076e+00
1.266343e+01	-2.922653e+00
1.273657e+01	-2.947187e+00
1.281014e+01	-2.971965e+00
1.288413e+01	-2.996894e+00
1.295855e+01	-3.021864e+00
1.303339e+01	-3.046927e+00
1.310867e+01	-3.072225e+00
1.318439e+01	-3.097746e+00
1.326054e+01	-3.123112e+00
1.333713e+01	-3.149116e+00
1.341417e+01	-3.174874e+00
1.349165e+01	-3.200915e+00
1.356958e+01	-3.226883e+00
1.364795e+01	-3.253478e+00
1.372678e+01	-3.279920e+00
1.380607e+01	-3.306221e+00
1.388581e+01	-3.333015e+00
1.396602e+01	-3.360104e+00
1.404668e+01	-3.387163e+00
1.412782e+01	-3.414316e+00
1.420942e+01	-3.441379e+00
1.429149e+01	-3.468907e+00
1.437404e+01	-3.496422e+00
1.445706e+01	-3.524177e+00
1.454057e+01	-3.552261e+00
1.462455e+01	-3.580025e+00
1.470902e+01	-3.608276e+00
1.479398e+01	-3.636768e+00
1.487943e+01	-3.665159e+00
1.496537e+01	-3.693510e+00
1.505181e+01	-3.722428e+00
1.513875e+01	-3.751217e+00
1.522619e+01	-3.780425e+00
1.531414e+01	-3.809217e+00
1.540259e+01	-3.838803e+00
1.549156e+01	-3.868051e+00
1.558103e+01	-3.897587e+00
1.567103e+01	-3.927303e+00
1.576155e+01	-3.957328e+00
1.585258e+01	-3.987042e+00
1.594415e+01	-4.017178e+00
1.603624e+01	-4.047597e+00
1.612886e+01	-4.077816e+00
1.622202e+01	-4.108341e+00
1.631572e+01	-4.139236e+00
1.640996e+01	-4.169967e+00
1.650474e+01	-4.200791e+00
1.660008e+01	-4.231964e+00
1.669596e+01	-4.263189e+00
1.679239e+01	-4.294848e+00
1.688938e+01	-4.326131e+00
1.698694e+01	-4.357572e+00
1.708505e+01	-4.389393e+00
1.718373e+01	-4.421305e+00
1.728299e+01	-4.453372e+00
1.738281e+01	-4.485476e+00
1.748322e+01	-4.517465e+00
1.758420e+01	-4.550257e+00
1.768576e+01	-4.582860e+00
1.778792e+01	-4.615295e+00
1.789066e+01	-4.648226e+00
1.799399e+01	-4.681276e+00
1.809793e+01	-4.714338e+00
1.820246e+01	-4.747341e+00
1.830760e+01	-4.780440e+00
1.841334e+01	-4.814441e+00
1.851969e+01	-4.847646e+00
1.862666e+01	-4.881416e+00
1.873425e+01	-4.915129e+00
1.884246e+01	-4.949321e+00
1.895129e+01	-4.983100e+00
1.906075e+01	-5.017257e+00
1.917085e+01	-5.051797e+00
1.928158e+01	-5.086230e+00
1.939295e+01	-5.120664e+00
1.950496e+01	-5.155735e+00
1.961762e+01	-5.190436e+00
1.973093e+01	-5.225386e+00
1.984490e+01	-5.260317e+00
1.995952e+01	-5.295642e+00
2.007480e+01	-5.331032e+00
2.019076e+01	-5.366496e+00
2.030738e+01	-5.401591e+00
2.042467e+01	-5.437437e+00
2.054264e+01	-5.473343e+00
2.066130e+01	-5.508982e+00
2.078064e+01	-5.544958e+00
2.090066e+01	-5.581338e+00
2.102139e+01	-5.617416e+00
2.114280e+01	-5.653820e+00
2.126492e+01	-5.690587e+00
2.138775e+01	-5.726890e+00
2.151128e+01	-5.763475e+00
2.163553e+01	-5.800871e+00
2.176050e+01	-5.837704e+00
2.188619e+01	-5.874294e+00
2.201260e+01	-5.911608e+00
2.213974e+01	-5.949263e+00
2.226762e+01	-5.986402e+00
2.239624e+01	-6.023418e+00
2.252560e+01	-6.061166e+00
2.265571e+01	-6.098584e+00
2.278656e+01	-6.137154e+00
2.291818e+01	-6.174695e+00
2.305055e+01	-6.212427e+00
2.318369e+01	-6.250769e+00
2.331760e+01	-6.288786e+00
2.345228e+01	-6.327429e+00
2.358774e+01	-6.365463e+00
2.372398e+01	-6.404669e+00
2.386101e+01	-6.442787e+00
2.399883e+01	-6.481460e+00
2.413745e+01	-6.520516e+00
2.427686e+01	-6.559392e+00
2.441709e+01	-6.598163e+00
2.455812e+01	-6.637577e+00
2.469997e+01	-6.676592e+00
2.484263e+01	-6.716073e+00
2.498612e+01	-6.755829e+00
2.513044e+01	-6.795264e+00
2.527559e+01	-6.834571e+00
2.542158e+01	-6.874129e+00
2.556842e+01	-6.914627e+00
2.571610e+01	-6.953791e+00
2.586463e+01	-6.993866e+00
2.601403e+01	-7.034275e+00
2.616428e+01	-7.074017e+00
2.631541e+01	-7.114648e+00
2.646740e+01	-7.154809e+00
2.662028e+01	-7.195219e+00
2.677404e+01	-7.235890e+00
2.692868e+01	-7.276610e+00
2.708422e+01	-7.317116e+00
2.724066e+01	-7.357945e+00
2.739800e+01	-7.398897e+00
2.755625e+01	-7.439980e+00
2.771541e+01	-7.480281e+00
2.787550e+01	-7.522263e+00
2.803650e+01	-7.563220e+00
2.819844e+01	-7.604465e+00
2.836131e+01	-7.645830e+00
2.852513e+01	-7.687041e+00
2.868989e+01	-7.728926e+00
2.885560e+01	-7.770718e+00
2.902227e+01	-7.812320e+00
2.918990e+01	-7.854300e+00
2.935850e+01	-7.895837e+00
2.952807e+01	-7.937883e+00
2.969863e+01	-7.979956e+00
2.987016e+01	-8.022285e+00
3.004269e+01	-8.064325e+00
3.021622e+01	-8.106492e+00
3.039075e+01	-8.148995e+00
3.056628e+01	-8.190966e+00
3.074283e+01	-8.233376e+00
3.092040e+01	-8.276387e+00
3.109900e+01	-8.318719e+00
3.127862e+01	-8.361451e+00
3.145929e+01	-8.404199e+00
3.164099e+01	-8.447375e+00
3.182375e+01	-8.489899e+00
3.200756e+01	-8.533133e+00
3.219244e+01	-8.575866e+00
3.237838e+01	-8.619454e+00
3.256540e+01	-8.662178e+00
3.275349e+01	-8.705597e+00
3.294268e+01	-8.748580e+00
3.313295e+01	-8.792311e+00
3.332433e+01	-8.835474e+00
3.351681e+01	-8.879045e+00
3.371040e+01	-8.922902e+00
3.390511e+01	-8.966031e+00
3.410094e+01	-9.010274e+00
3.429791e+01	-9.053931e+00
3.449601e+01	-9.097866e+00
3.469526e+01	-9.141787e+00
3.489566e+01	-9.185628e+00
3.509721e+01	-9.230050e+00
3.529993e+01	-9.273636e+00
3.550382e+01	-9.317692e+00
3.570889e+01	-9.362216e+00
3.591515e+01	-9.406093e+00
3.612259e+01	-9.450438e+00
3.633123e+01	-9.494848e+00
3.654108e+01	-9.539200e+00
3.675214e+01	-9.584653e+00
3.696442e+01	-9.628285e+00
3.717792e+01	-9.673152e+00
3.739266e+01	-9.717691e+00
3.760864e+01	-9.762697e+00
3.782587e+01	-9.807049e+00
3.804435e+01	-9.852127e+00
3.826409e+01	-9.897101e+00
3.848510e+01	-9.941587e+00
3.870739e+01	-9.986963e+00
3.893096e+01	-1.003161e+01
3.915583e+01	-1.007745e+01
3.938199e+01	-1.012234e+01
3.960946e+01	-1.016742e+01
3.983824e+01	-1.021238e+01
4.006834e+01	-1.025794e+01
4.029978e+01	-1.030372e+01
4.053255e+01	-1.034865e+01
4.076666e+01	-1.039360e+01
4.100213e+01	-1.043928e+01
4.123896e+01	-1.048521e+01
4.147715e+01	-1.053043e+01
4.171672e+01	-1.057586e+01
4.195767e+01	-1.062200e+01
4.220002e+01	-1.066748e+01
4.244377e+01	-1.071312e+01
4.268892e+01	-1.075921e+01
4.293549e+01	-1.080495e+01
4.318348e+01	-1.085139e+01
4.343291e+01	-1.089724e+01
4.368377e+01	-1.094283e+01
4.393609e+01	-1.098846e+01
4.418986e+01	-1.103532e+01
4.444510e+01	-1.108080e+01
4.470182e+01	-1.112736e+01
4.496001e+01	-1.117323e+01
4.521970e+01	-1.121958e+01
4.548089e+01	-1.126577e+01
4.574358e+01	-1.131225e+01
4.600779e+01	-1.135836e+01
4.627353e+01	-1.140483e+01
4.654081e+01	-1.145144e+01
4.680963e+01	-1.149751e+01
4.708000e+01	-1.154392e+01
4.735193e+01	-1.159047e+01
4.762543e+01	-1.163769e+01
4.790051e+01	-1.168437e+01
4.817719e+01	-1.173095e+01
4.845545e+01	-1.177708e+01
4.873533e+01	-1.182352e+01
4.901682e+01	-1.187062e+01
4.929994e+01	-1.191737e+01
4.958470e+01	-1.196455e+01
4.987110e+01	-1.201124e+01
5.015915e+01	-1.205769e+01
5.044887e+01	-1.210531e+01
5.074026e+01	-1.215208e+01
5.103333e+01	-1.219815e+01
5.132810e+01	-1.224644e+01
5.162457e+01	-1.229277e+01
5.192275e+01	-1.234035e+01
5.222265e+01	-1.238707e+01
5.252429e+01	-1.243464e+01
5.282767e+01	-1.248115e+01
5.313280e+01	-1.252902e+01
5.343969e+01	-1.257632e+01
5.374836e+01	-1.262330e+01
5.405880e+01	-1.267054e+01
5.437105e+01	-1.271832e+01
5.468509e+01	-1.276516e+01
5.500095e+01	-1.281288e+01
5.531863e+01	-1.285995e+01
5.563815e+01	-1.290792e+01
5.595951e+01	-1.295585e+01
5.628273e+01	-1.300233e+01
5.660782e+01	-1.304943e+01
5.693479e+01	-1.309812e+01
5.726364e+01	-1.314461e+01
5.759439e+01	-1.319283e+01
5.792705e+01	-1.324041e+01
5.826164e+01	-1.328824e+01
5.859815e+01	-1.333553e+01
5.893662e+01	-1.338379e+01
5.927703e+01	-1.343143e+01
5.961941e+01	-1.347935e+01
5.996377e+01	-1.352661e+01
6.031012e+01	-1.357540e+01
6.065847e+01	-1.362265e+01
6.100883e+01	-1.367109e+01
6.136121e+01	-1.371896e+01
6.171563e+01	-1.376657e+01
6.207210e+01	-1.381476e+01
6.243063e+01	-1.386191e+01
6.279122e+01	-1.390962e+01
6.315390e+01	-1.395861e+01
6.351868e+01	-1.400659e+01
6.388556e+01	-1.405383e+01
6.425456e+01	-1.410249e+01
6.462569e+01	-1.415047e+01
6.499897e+01	-1.419851e+01
6.537440e+01	-1.424689e+01
6.575200e+01	-1.429486e+01
6.613178e+01	-1.434326e+01
6.651375e+01	-1.439148e+01
6.689793e+01	-1.443986e+01
6.728433e+01	-1.448772e+01
6.767297e+01	-1.453602e+01
6.806384e+01	-1.458427e+01
6.845698e+01	-1.463232e+01
6.885238e+01	-1.468141e+01
6.925007e+01	-1.472833e+01
6.965005e+01	-1.477734e+01
7.005235e+01	-1.482621e+01
7.045697e+01	-1.487444e+01
7.086393e+01	-1.492353e+01
7.127323e+01	-1.497071e+01
7.168490e+01	-1.502016e+01
7.209895e+01	-1.506784e+01
7.251539e+01	-1.511703e+01
7.293424e+01	-1.516497e+01
7.335551e+01	-1.521314e+01
7.377920e+01	-1.526182e+01
7.420535e+01	-1.531202e+01
7.463396e+01	-1.536004e+01
7.506504e+01	-1.540801e+01
7.549861e+01	-1.545731e+01
7.593469e+01	-1.550417e+01
7.637328e+01	-1.555464e+01
7.681441e+01	-1.560280e+01
7.725809e+01	-1.565102e+01
7.770433e+01	-1.570035e+01
7.815315e+01	-1.574909e+01
7.860456e+01	-1.579718e+01
7.905857e+01	-1.584578e+01
7.951521e+01	-1.589483e+01
7.997449e+01	-1.594434e+01
8.043642e+01	-1.599230e+01
8.090102e+01	-1.604048e+01
8.136830e+01	-1.609025e+01
8.183828e+01	-1.613844e+01
8.231097e+01	-1.618818e+01
8.278640e+01	-1.623636e+01
8.326457e+01	-1.628544e+01
8.374550e+01	-1.633390e+01
8.422921e+01	-1.638245e+01
8.471572e+01	-1.643080e+01
8.520503e+01	-1.648004e+01
8.569717e+01	-1.653055e+01
8.619215e+01	-1.657897e+01
8.669000e+01	-1.662792e+01
8.719071e+01	-1.667630e+01
8.769432e+01	-1.672513e+01
8.820084e+01	-1.677421e+01
8.871029e+01	-1.682318e+01
8.922267e+01	-1.687254e+01
8.973802e+01	-1.692202e+01
9.025634e+01	-1.697089e+01
9.077766e+01	-1.701991e+01
9.130199e+01	-1.706803e+01
9.182935e+01	-1.711741e+01
9.235975e+01	-1.716636e+01
9.289321e+01	-1.721667e+01
9.342976e+01	-1.726482e+01
9.396941e+01	-1.731293e+01
9.451217e+01	-1.736198e+01
9.505807e+01	-1.741177e+01
9.560712e+01	-1.746190e+01
9.615934e+01	-1.750936e+01
9.671476e+01	-1.755810e+01
9.727338e+01	-1.760729e+01
9.783522e+01	-1.765758e+01
9.840032e+01	-1.770664e+01
9.896867e+01	-1.775579e+01
9.954031e+01	-1.780532e+01
1.001153e+02	-1.785412e+01
1.006935e+02	-1.790358e+01
1.012751e+02	-1.795077e+01
1.018601e+02	-1.800189e+01
1.024484e+02	-1.805115e+01
1.030402e+02	-1.810014e+01
1.036353e+02	-1.814883e+01
1.042339e+02	-1.819897e+01
1.048360e+02	-1.824903e+01
1.054415e+02	-1.829843e+01
1.060505e+02	-1.834838e+01
1.066631e+02	-1.839584e+01
1.072791e+02	-1.844499e+01
1.078988e+02	-1.849398e+01
1.085220e+02	-1.854494e+01
1.091488e+02	-1.859372e+01
1.097793e+02	-1.864346e+01
1.104133e+02	-1.868975e+01
1.110511e+02	-1.874127e+01
1.116925e+02	-1.879078e+01
1.123376e+02	-1.883989e+01
1.129865e+02	-1.888938e+01
1.136391e+02	-1.893904e+01
1.142955e+02	-1.898768e+01
1.149556e+02	-1.903839e+01
1.156196e+02	-1.908756e+01
1.162874e+02	-1.913592e+01
1.169591e+02	-1.918680e+01
1.176347e+02	-1.923553e+01
1.183141e+02	-1.928469e+01
1.189975e+02	-1.933538e+01
1.196848e+02	-1.938446e+01
1.203761e+02	-1.943450e+01
1.210714e+02	-1.948308e+01
1.217707e+02	-1.953305e+01
1.224740e+02	-1.958074e+01
1.231814e+02	-1.963112e+01
1.238929e+02	-1.968108e+01
1.246085e+02	-1.972890e+01
1.253283e+02	-1.978072e+01
1.260522e+02	-1.983046e+01
1.267802e+02	-1.987777e+01
1.275125e+02	-1.992841e+01
1.282490e+02	-1.997903e+01
1.289898e+02	-2.002750e+01
1.297348e+02	-2.007768e+01
1.304842e+02	-2.012588e+01
1.312378e+02	-2.017745e+01
1.319959e+02	-2.022568e+01
1.327583e+02	-2.027470e+01
1.335251e+02	-2.032475e+01
1.342963e+02	-2.037407e+01
1.350720e+02	-2.042407e+01
1.358522e+02	-2.047251e+01
1.366368e+02	-2.052275e+01
1.374260e+02	-2.057155e+01
1.382198e+02	-2.062256e+01
1.390182e+02	-2.067232e+01
1.398211e+02	-2.072102e+01
1.406287e+02	-2.077179e+01
1.414410e+02	-2.082066e+01
1.422579e+02	-2.087063e+01
1.430796e+02	-2.091972e+01
1.439060e+02	-2.096896e+01
1.447372e+02	-2.102079e+01
1.455732e+02	-2.106717e+01
1.464141e+02	-2.112044e+01
1.472597e+02	-2.117095e+01
1.481103e+02	-2.121682e+01
1.489658e+02	-2.126604e+01
1.498262e+02	-2.131651e+01
1.506916e+02	-2.136764e+01
1.515620e+02	-2.141575e+01
1.524374e+02	-2.146653e+01
1.533179e+02	-2.151663e+01
1.542034e+02	-2.156501e+01
1.550941e+02	-2.161545e+01
1.559899e+02	-2.166544e+01
1.568909e+02	-2.171464e+01
1.577971e+02	-2.176469e+01
1.587085e+02	-2.181515e+01
1.596252e+02	-2.186587e+01
1.605472e+02	-2.191382e+01
1.614745e+02	-2.196278e+01
1.624072e+02	-2.201219e+01
1.633453e+02	-2.206377e+01
1.642887e+02	-2.211413e+01
1.652377e+02	-2.216284e+01
1.661921e+02	-2.221169e+01
1.671520e+02	-2.226202e+01
1.681175e+02	-2.231296e+01
1.690885e+02	-2.236209e+01
1.700651e+02	-2.241217e+01
1.710474e+02	-2.246183e+01
1.720354e+02	-2.251014e+01
1.730291e+02	-2.255961e+01
1.740285e+02	-2.261307e+01
1.750337e+02	-2.265909e+01
1.760446e+02	-2.271116e+01
1.770615e+02	-2.275663e+01
1.780842e+02	-2.281003e+01
1.791128e+02	-2.285701e+01
1.801473e+02	-2.291125e+01
1.811878e+02	-2.295916e+01
1.822344e+02	-2.300733e+01
1.832870e+02	-2.305810e+01
1.843456e+02	-2.310805e+01
1.854104e+02	-2.315978e+01
1.864813e+02	-2.320879e+01
1.875584e+02	-2.325758e+01
1.886418e+02	-2.330820e+01
1.897313e+02	-2.335614e+01
1.908272e+02	-2.340777e+01
1.919294e+02	-2.345605e+01
1.930380e+02	-2.350684e+01
1.941530e+02	-2.355566e+01
1.952744e+02	-2.360743e+01
1.964023e+02	-2.365674e+01
1.975367e+02	-2.370762e+01
1.986777e+02	-2.375549e+01
1.998252e+02	-2.380286e+01
2.009794e+02	-2.385775e+01
2.021403e+02	-2.390499e+01
2.033078e+02	-2.395448e+01
2.044821e+02	-2.400408e+01
2.056632e+02	-2.405521e+01
2.068511e+02	-2.410510e+01
2.080459e+02	-2.415361e+01
2.092475e+02	-2.420324e+01
2.104561e+02	-2.425555e+01
2.116717e+02	-2.430318e+01
2.128943e+02	-2.435523e+01
2.141240e+02	-2.440335e+01
2.153608e+02	-2.445323e+01
2.166047e+02	-2.450208e+01
2.178558e+02	-2.455464e+01
2.191141e+02	-2.460619e+01
2.203797e+02	-2.465573e+01
2.216526e+02	-2.470369e+01
2.229329e+02	-2.475393e+01
2.242205e+02	-2.480382e+01
2.255156e+02	-2.485234e+01
2.268182e+02	-2.490652e+01
2.281283e+02	-2.495249e+01
2.294459e+02	-2.500250e+01
2.307712e+02	-2.505380e+01
2.321041e+02	-2.510381e+01
2.334447e+02	-2.515223e+01
2.347931e+02	-2.520250e+01
2.361493e+02	-2.525193e+01
2.375133e+02	-2.530592e+01
2.388851e+02	-2.535224e+01
2.402649e+02	-2.540262e+01
2.416527e+02	-2.544961e+01
2.430484e+02	-2.550059e+01
2.444523e+02	-2.555427e+01
2.458642e+02	-2.560298e+01
2.472843e+02	-2.565633e+01
2.487126e+02	-2.570076e+01
2.501492e+02	-2.575003e+01
2.515940e+02	-2.580808e+01
2.530472e+02	-2.585213e+01
2.545088e+02	-2.590165e+01
2.559789e+02	-2.594975e+01
2.574574e+02	-2.600176e+01
2.589444e+02	-2.605230e+01
2.604401e+02	-2.610327e+01
2.619444e+02	-2.615080e+01
2.634574e+02	-2.620024e+01
2.649791e+02	-2.625207e+01
2.665096e+02	-2.630486e+01
2.680489e+02	-2.635078e+01
2.695972e+02	-2.640466e+01
2.711544e+02	-2.645200e+01
2.727205e+02	-2.649921e+01
2.742958e+02	-2.655204e+01
2.758801e+02	-2.660262e+01
2.774736e+02	-2.665071e+01
2.790762e+02	-2.670159e+01
2.806882e+02	-2.675220e+01
2.823094e+02	-2.680105e+01
2.839400e+02	-2.685030e+01
2.855800e+02	-2.690203e+01
2.872295e+02	-2.695430e+01
2.888886e+02	-2.700247e+01
2.905572e+02	-2.705116e+01
2.922354e+02	-2.710246e+01
2.939234e+02	-2.715203e+01
2.956211e+02	-2.720201e+01
2.973286e+02	-2.724948e+01
2.990459e+02	-2.729829e+01
3.007732e+02	-2.735411e+01
3.025104e+02	-2.740123e+01
3.042577e+02	-2.745202e+01
3.060151e+02	-2.749735e+01
3.077826e+02	-2.755377e+01
3.095604e+02	-2.760236e+01
3.113484e+02	-2.765321e+01
3.131467e+02	-2.770307e+01
3.149554e+02	-2.775178e+01
3.167746e+02	-2.779862e+01
3.186043e+02	-2.784939e+01
3.204445e+02	-2.790349e+01
3.222954e+02	-2.795275e+01
3.241570e+02	-2.800348e+01
3.260293e+02	-2.804917e+01
3.279124e+02	-2.810010e+01
3.298064e+02	-2.814698e+01
3.317114e+02	-2.820453e+01
3.336273e+02	-2.824881e+01
3.355544e+02	-2.830406e+01
3.374925e+02	-2.834858e+01
3.394418e+02	-2.840243e+01
3.414024e+02	-2.845284e+01
3.433744e+02	-2.849756e+01
3.453577e+02	-2.854956e+01
3.473525e+02	-2.860163e+01
3.493588e+02	-2.865395e+01
3.513766e+02	-2.870341e+01
3.534062e+02	-2.875376e+01
3.554474e+02	-2.880319e+01
3.575005e+02	-2.884863e+01
3.595654e+02	-2.890229e+01
3.616422e+02	-2.895404e+01
3.637311e+02	-2.899721e+01
3.658320e+02	-2.905076e+01
3.679450e+02	-2.910002e+01
3.700702e+02	-2.915858e+01
3.722077e+02	-2.920072e+01
3.743576e+02	-2.925286e+01
3.765199e+02	-2.930443e+01
3.786946e+02	-2.935302e+01
3.808820e+02	-2.940493e+01
3.830819e+02	-2.945329e+01
3.852946e+02	-2.950403e+01
3.875200e+02	-2.954959e+01
3.897583e+02	-2.960514e+01
3.920096e+02	-2.965351e+01
3.942738e+02	-2.970825e+01
3.965511e+02	-2.975632e+01
3.988416e+02	-2.980412e+01
4.011452e+02	-2.985000e+01
4.034622e+02	-2.990246e+01
4.057926e+02	-2.995012e+01
4.081365e+02	-3.000254e+01
4.104938e+02	-3.005248e+01
4.128648e+02	-3.010154e+01
4.152495e+02	-3.015115e+01
4.176480e+02	-3.020523e+01
4.200603e+02	-3.025274e+01
4.224866e+02	-3.030842e+01
4.249268e+02	-3.035639e+01
4.273812e+02	-3.040500e+01
4.298497e+02	-3.045494e+01
4.323325e+02	-3.050631e+01
4.348297e+02	-3.055275e+01
4.373412e+02	-3.060468e+01
4.398673e+02	-3.065695e+01
4.424079e+02	-3.070124e+01
4.449633e+02	-3.075351e+01
4.475334e+02	-3.080652e+01
4.501183e+02	-3.085625e+01
4.527182e+02	-3.090653e+01
4.553330e+02	-3.095082e+01
4.579630e+02	-3.101214e+01
4.606082e+02	-3.105923e+01
4.632687e+02	-3.111106e+01
4.659445e+02	-3.115845e+01
4.686358e+02	-3.120635e+01
4.713426e+02	-3.125870e+01
4.740650e+02	-3.131614e+01
4.768032e+02	-3.135549e+01
4.795572e+02	-3.140681e+01
4.823271e+02	-3.145691e+01
4.851130e+02	-3.151130e+01
4.879150e+02	-3.155726e+01
4.907332e+02	-3.160727e+01
4.935676e+02	-3.166487e+01
4.964185e+02	-3.170768e+01
4.992858e+02	-3.175533e+01
5.021696e+02	-3.180642e+01
5.050701e+02	-3.185337e+01
5.079874e+02	-3.190733e+01
5.109215e+02	-3.195773e+01
5.138726e+02	-3.201436e+01
5.168407e+02	-3.206144e+01
5.198259e+02	-3.210759e+01
5.228284e+02	-3.216145e+01
5.258482e+02	-3.220883e+01
5.288855e+02	-3.226081e+01
5.319403e+02	-3.231734e+01
5.350128e+02	-3.236228e+01
5.381030e+02	-3.241276e+01
5.412111e+02	-3.246462e+01
5.443371e+02	-3.251605e+01
5.474812e+02	-3.256146e+01
5.506434e+02	-3.261623e+01
5.538239e+02	-3.266434e+01
5.570228e+02	-3.271702e+01
5.602401e+02	-3.276431e+01
5.634760e+02	-3.281245e+01
5.667306e+02	-3.286820e+01
5.700040e+02	-3.291875e+01
5.732964e+02	-3.296436e+01
5.766077e+02	-3.301892e+01
5.799382e+02	-3.306713e+01
5.832879e+02	-3.311186e+01
5.866569e+02	-3.317060e+01
5.900454e+02	-3.321680e+01
5.934535e+02	-3.326306e+01
5.968813e+02	-3.330965e+01
6.003288e+02	-3.336062e+01
6.037963e+02	-3.341873e+01
6.072838e+02	-3.346889e+01
6.107914e+02	-3.352038e+01
6.143194e+02	-3.356612e+01
6.178676e+02	-3.361968e+01
6.214364e+02	-3.367476e+01
6.250258e+02	-3.372347e+01
6.286359e+02	-3.376734e+01
6.322669e+02	-3.382331e+01
6.359189e+02	-3.386479e+01
6.395919e+02	-3.392249e+01
6.432862e+02	-3.398131e+01
6.470017e+02	-3.402216e+01
6.507388e+02	-3.407912e+01
6.544974e+02	-3.412121e+01
6.582778e+02	-3.418442e+01
6.620800e+02	-3.422066e+01
6.659041e+02	-3.427635e+01
6.697504e+02	-3.431774e+01
6.736188e+02	-3.437421e+01
6.775096e+02	-3.441991e+01
6.814229e+02	-3.448140e+01
6.853587e+02	-3.451782e+01
6.893173e+02	-3.456923e+01
6.932988e+02	-3.462703e+01
6.973033e+02	-3.468900e+01
7.013309e+02	-3.472145e+01
7.053817e+02	-3.477615e+01
7.094560e+02	-3.482455e+01
7.135538e+02	-3.487520e+01
7.176752e+02	-3.492808e+01
7.218205e+02	-3.497929e+01
7.259897e+02	-3.501758e+01
7.301830e+02	-3.507774e+01
7.344005e+02	-3.513438e+01
7.386424e+02	-3.518743e+01
7.429087e+02	-3.523139e+01
7.471998e+02	-3.528439e+01
7.515155e+02	-3.532613e+01
7.558563e+02	-3.537639e+01
7.602221e+02	-3.543301e+01
7.646131e+02	-3.548514e+01
7.690295e+02	-3.554635e+01
7.734713e+02	-3.558025e+01
7.779389e+02	-3.562771e+01
7.824322e+02	-3.567775e+01
7.869515e+02	-3.573192e+01
7.914969e+02	-3.579437e+01
7.960686e+02	-3.583688e+01
8.006666e+02	-3.588151e+01
8.052912e+02	-3.593535e+01
8.099426e+02	-3.599067e+01
8.146208e+02	-3.603950e+01
8.193260e+02	-3.609341e+01
8.240584e+02	-3.613854e+01
8.288181e+02	-3.619540e+01
8.336053e+02	-3.624624e+01
8.384202e+02	-3.629412e+01
8.432629e+02	-3.634235e+01
8.481335e+02	-3.638718e+01
8.530323e+02	-3.645131e+01
8.579594e+02	-3.649369e+01
8.629149e+02	-3.654156e+01
8.678991e+02	-3.659599e+01
8.729120e+02	-3.664896e+01
8.779539e+02	-3.669816e+01
8.830250e+02	-3.675128e+01
8.881253e+02	-3.679392e+01
8.932551e+02	-3.685041e+01
8.984145e+02	-3.689810e+01
9.036037e+02	-3.695150e+01
9.088229e+02	-3.699496e+01
9.140722e+02	-3.703764e+01
9.193518e+02	-3.710304e+01
9.246620e+02	-3.715236e+01
9.300028e+02	-3.720473e+01
9.353744e+02	-3.724770e+01
9.407771e+02	-3.731696e+01
9.462110e+02	-3.734832e+01
9.516763e+02	-3.740541e+01
9.571731e+02	-3.746349e+01
9.627017e+02	-3.750592e+01
9.682622e+02	-3.755843e+01
9.738549e+02	-3.759857e+01
9.794798e+02	-3.766316e+01
9.851373e+02	-3.771128e+01
9.908274e+02	-3.776416e+01
9.965504e+02	-3.780792e+01
1.002306e+03	-3.786552e+01
1.008096e+03	-3.790384e+01
1.013918e+03	-3.797076e+01
1.019775e+03	-3.801385e+01
1.025665e+03	-3.806748e+01
1.031589e+03	-3.812845e+01
1.037548e+03	-3.816241e+01
1.043540e+03	-3.822088e+01
1.049568e+03	-3.827827e+01
1.055630e+03	-3.832087e+01
1.061727e+03	-3.836979e+01
1.067860e+03	-3.841478e+01
1.074028e+03	-3.847807e+01
1.080231e+03	-3.852171e+01
1.086471e+03	-3.858780e+01
1.092746e+03	-3.862042e+01
1.099058e+03	-3.867890e+01
1.105406e+03	-3.872721e+01
1.111791e+03	-3.878557e+01
1.118212e+03	-3.883512e+01
1.124671e+03	-3.888412e+01
1.131167e+03	-3.892847e+01
1.137701e+03	-3.898083e+01
1.144272e+03	-3.905181e+01
1.150881e+03	-3.908719e+01
1.157529e+03	-3.912339e+01
1.164215e+03	-3.919010e+01
1.170939e+03	-3.924023e+01
1.177702e+03	-3.929219e+01
1.184505e+03	-3.933789e+01
1.191346e+03	-3.939571e+01
1.198227e+03	-3.943684e+01
1.205148e+03	-3.949426e+01
1.212109e+03	-3.955195e+01
1.219110e+03	-3.959683e+01
1.226152e+03	-3.965369e+01
1.233234e+03	-3.969596e+01
1.240357e+03	-3.974674e+01
1.247521e+03	-3.979735e+01
1.254727e+03	-3.983991e+01
1.261974e+03	-3.990290e+01
1.269263e+03	-3.995001e+01
1.276595e+03	-4.001578e+01
1.283968e+03	-4.006824e+01
1.291384e+03	-4.010583e+01
1.298843e+03	-4.016893e+01
1.306345e+03	-4.021723e+01
1.313891e+03	-4.027476e+01
1.321480e+03	-4.031532e+01
1.329113e+03	-4.037014e+01
1.336790e+03	-4.042113e+01
1.344511e+03	-4.048105e+01
1.352277e+03	-4.051978e+01
1.360087e+03	-4.058712e+01
1.367943e+03	-4.062924e+01
1.375844e+03	-4.069219e+01
1.383791e+03	-4.073086e+01
1.391784e+03	-4.077997e+01
1.399823e+03	-4.083207e+01
1.407908e+03	-4.086880e+01
1.416040e+03	-4.094675e+01
1.424219e+03	-4.099418e+01
1.432445e+03	-4.104690e+01
1.440719e+03	-4.109508e+01
1.449041e+03	-4.113780e+01
1.457410e+03	-4.120793e+01
1.465828e+03	-4.124564e+01
1.474295e+03	-4.128422e+01
1.482810e+03	-4.134120e+01
1.491375e+03	-4.140029e+01
1.499989e+03	-4.144733e+01
1.508653e+03	-4.150275e+01
1.517367e+03	-4.155324e+01
1.526131e+03	-4.160773e+01
1.534946e+03	-4.166100e+01
1.543812e+03	-4.171538e+01
1.552729e+03	-4.176795e+01
1.561697e+03	-4.181982e+01
1.570717e+03	-4.185943e+01
1.579790e+03	-4.194965e+01
1.588915e+03	-4.197273e+01
1.598092e+03	-4.202204e+01
1.607323e+03	-4.207389e+01
1.616606e+03	-4.213497e+01
1.625944e+03	-4.218300e+01
1.635335e+03	-4.223210e+01
1.644781e+03	-4.228259e+01
1.654281e+03	-4.233209e+01
1.663836e+03	-4.239443e+01
1.673446e+03	-4.245730e+01
1.683112e+03	-4.250713e+01
1.692834e+03	-4.256858e+01
1.702611e+03	-4.261091e+01
1.712446e+03	-4.265754e+01
1.722337e+03	-4.270410e+01
1.732285e+03	-4.274157e+01
1.742290e+03	-4.280537e+01
1.752354e+03	-4.285983e+01
1.762475e+03	-4.291709e+01
1.772655e+03	-4.295835e+01
1.782894e+03	-4.302562e+01
1.793192e+03	-4.306243e+01
1.803549e+03	-4.312573e+01
1.813967e+03	-4.317936e+01
1.824444e+03	-4.323935e+01
1.834982e+03	-4.328837e+01
1.845581e+03	-4.333359e+01
1.856241e+03	-4.338970e+01
1.866962e+03	-4.343065e+01
1.877746e+03	-4.351269e+01
1.888592e+03	-4.354722e+01
1.899500e+03	-4.360101e+01
1.910472e+03	-4.365813e+01
1.921506e+03	-4.368930e+01
1.932605e+03	-4.376373e+01
1.943768e+03	-4.386282e+01
1.954995e+03	-4.387717e+01
1.966287e+03	-4.390855e+01
1.977644e+03	-4.398306e+01
1.989067e+03	-4.402515e+01
2.000555e+03	-4.407551e+01
2.012110e+03	-4.412635e+01
2.023732e+03	-4.420209e+01
2.035421e+03	-4.423192e+01
2.047178e+03	-4.429519e+01
2.059002e+03	-4.438165e+01
2.070895e+03	-4.441758e+01
2.082856e+03	-4.446420e+01
2.094887e+03	-4.451178e+01
2.106987e+03	-4.454728e+01
2.119157e+03	-4.463099e+01
2.131397e+03	-4.466602e+01
2.143708e+03	-4.473169e+01
2.156090e+03	-4.474136e+01
2.168543e+03	-4.481911e+01
2.181069e+03	-4.488129e+01
2.193666e+03	-4.494484e+01
2.206337e+03	-4.500551e+01
2.219081e+03	-4.505478e+01
2.231898e+03	-4.510489e+01
2.244789e+03	-4.514009e+01
2.257755e+03	-4.522014e+01
2.270796e+03	-4.526761e+01
2.283912e+03	-4.532555e+01
2.297104e+03	-4.542015e+01
2.310372e+03	-4.541487e+01
2.323716e+03	-4.550426e+01
2.337138e+03	-4.552199e+01
2.350637e+03	-4.559381e+01
2.364214e+03	-4.565319e+01
2.377870e+03	-4.571229e+01
2.391604e+03	-4.574611e+01
2.405418e+03	-4.584145e+01
2.419312e+03	-4.587967e+01
2.433286e+03	-4.592664e+01
2.447340e+03	-4.600667e+01
2.461476e+03	-4.604779e+01
2.475693e+03	-4.610391e+01
2.489993e+03	-4.612269e+01
2.504375e+03	-4.619177e+01
2.518840e+03	-4.626028e+01
2.533389e+03	-4.629764e+01
2.548022e+03	-4.636150e+01
2.562739e+03	-4.640843e+01
2.577541e+03	-4.647057e+01
2.592429e+03	-4.650426e+01
2.607403e+03	-4.655477e+01
2.622463e+03	-4.663622e+01
2.637610e+03	-4.671590e+01
2.652845e+03	-4.678064e+01
2.668168e+03	-4.679513e+01
2.683579e+03	-4.689681e+01
2.699079e+03	-4.691986e+01
2.714669e+03	-4.697943e+01
2.730349e+03	-4.703951e+01
2.746119e+03	-4.704473e+01
2.761981e+03	-4.715673e+01
2.777934e+03	-4.720908e+01
2.793979e+03	-4.725923e+01
2.810117e+03	-4.734502e+01
2.826348e+03	-4.733190e+01
2.842673e+03	-4.743222e+01
2.859092e+03	-4.749825e+01
2.875606e+03	-4.749664e+01
2.892215e+03	-4.760602e+01
2.908921e+03	-4.766150e+01
2.925722e+03	-4.766889e+01
2.942621e+03	-4.777331e+01
2.959618e+03	-4.785741e+01
2.976712e+03	-4.790992e+01
2.993906e+03	-4.794863e+01
3.011198e+03	-4.800932e+01
3.028591e+03	-4.808817e+01
3.046084e+03	-4.811847e+01
3.063678e+03	-4.819225e+01
3.081374e+03	-4.820479e+01
3.099172e+03	-4.828860e+01
3.117072e+03	-4.836731e+01
3.135076e+03	-4.842539e+01
3.153184e+03	-4.845457e+01
3.171397e+03	-4.855601e+01
3.189715e+03	-4.860265e+01
3.208139e+03	-4.865192e+01
3.226669e+03	-4.868543e+01
3.245306e+03	-4.877577e+01
3.264051e+03	-4.879614e+01
3.282904e+03	-4.889828e+01
3.301866e+03	-4.893911e+01
3.320937e+03	-4.899263e+01
3.340119e+03	-4.911384e+01
3.359411e+03	-4.912658e+01
3.378815e+03	-4.917801e+01
3.398331e+03	-4.932261e+01
3.417959e+03	-4.927865e+01
3.437701e+03	-4.935138e+01
3.457557e+03	-4.944993e+01
3.477528e+03	-4.950663e+01
3.497614e+03	-4.959326e+01
3.517816e+03	-4.958308e+01
3.538135e+03	-4.968269e+01
3.558571e+03	-4.972449e+01
3.579125e+03	-4.978168e+01
3.599798e+03	-4.981187e+01
3.620590e+03	-4.995952e+01
3.641503e+03	-4.998228e+01
3.662536e+03	-5.007629e+01
3.683691e+03	-5.012979e+01
3.704967e+03	-5.014541e+01
3.726367e+03	-5.022006e+01
3.747890e+03	-5.029327e+01
3.769538e+03	-5.038706e+01
3.791311e+03	-5.045365e+01
3.813209e+03	-5.047587e+01
3.835234e+03	-5.057955e+01
3.857386e+03	-5.062880e+01
3.879667e+03	-5.067938e+01
3.902075e+03	-5.079153e+01
3.924614e+03	-5.080881e+01
3.947282e+03	-5.089098e+01
3.970081e+03	-5.090765e+01
3.993012e+03	-5.099369e+01
4.016076e+03	-5.099859e+01
4.039272e+03	-5.110016e+01
4.062603e+03	-5.119528e+01
4.086069e+03	-5.127971e+01
4.109670e+03	-5.131579e+01
4.133407e+03	-5.138895e+01
4.157281e+03	-5.149697e+01
4.181294e+03	-5.150081e+01
4.205445e+03	-5.154408e+01
4.229735e+03	-5.164215e+01
4.254166e+03	-5.171224e+01
4.278738e+03	-5.179190e+01
4.303451e+03	-5.184222e+01
4.328308e+03	-5.190896e+01
4.353308e+03	-5.193540e+01
4.378453e+03	-5.206854e+01
4.403742e+03	-5.215979e+01
4.429178e+03	-5.221142e+01
4.454761e+03	-5.222984e+01
4.480492e+03	-5.234100e+01
4.506371e+03	-5.241358e+01
4.532399e+03	-5.242457e+01
4.558578e+03	-5.254779e+01
4.584908e+03	-5.264988e+01
4.611391e+03	-5.261709e+01
4.638026e+03	-5.272098e+01
4.664815e+03	-5.286531e+01
4.691759e+03	-5.282649e+01
4.718858e+03	-5.305708e+01
4.746114e+03	-5.304429e+01
4.773527e+03	-5.310278e+01
4.801099e+03	-5.322085e+01
4.828830e+03	-5.330418e+01
4.856721e+03	-5.333828e+01
4.884773e+03	-5.335696e+01
4.912988e+03	-5.348413e+01
4.941365e+03	-5.353350e+01
4.969906e+03	-5.364322e+01
4.998612e+03	-5.368797e+01
5.027484e+03	-5.367686e+01
5.056522e+03	-5.387264e+01
5.085729e+03	-5.387405e+01
5.115104e+03	-5.405296e+01
5.144648e+03	-5.408008e+01
5.174363e+03	-5.408578e+01
5.204250e+03	-5.422005e+01
5.234310e+03	-5.425432e+01
5.264543e+03	-5.446163e+01
5.294951e+03	-5.450231e+01
5.325534e+03	-5.462515e+01
5.356294e+03	-5.463397e+01
5.387232e+03	-5.479544e+01
5.418348e+03	-5.474825e+01
5.449645e+03	-5.484866e+01
5.481122e+03	-5.488957e+01
5.512780e+03	-5.502982e+01
5.544622e+03	-5.508894e+01
5.576647e+03	-5.521505e+01
5.608858e+03	-5.529222e+01
5.641254e+03	-5.533978e+01
5.673838e+03	-5.551299e+01
5.706610e+03	-5.546466e+01
5.739571e+03	-5.562644e+01
5.772723e+03	-5.570747e+01
5.806066e+03	-5.581136e+01
5.839601e+03	-5.585998e+01
5.873331e+03	-5.602018e+01
5.907255e+03	-5.596278e+01
5.941375e+03	-5.610675e+01
5.975692e+03	-5.627653e+01
6.010207e+03	-5.635962e+01
6.044922e+03	-5.638890e+01
6.079837e+03	-5.655788e+01
6.114954e+03	-5.662892e+01
6.150274e+03	-5.662603e+01
6.185797e+03	-5.674565e+01
6.221526e+03	-5.683883e+01
6.257462e+03	-5.682150e+01
6.293605e+03	-5.688292e+01
6.329956e+03	-5.710031e+01
6.366518e+03	-5.705858e+01
6.403290e+03	-5.737080e+01
6.440276e+03	-5.738414e+01
6.477474e+03	-5.742052e+01
6.514888e+03	-5.746265e+01
6.552518e+03	-5.763765e+01
6.590365e+03	-5.790407e+01
6.628430e+03	-5.791828e+01
6.666716e+03	-5.797528e+01
6.705223e+03	-5.806749e+01
6.743952e+03	-5.823109e+01
6.782905e+03	-5.837788e+01
6.822082e+03	-5.833407e+01
6.861486e+03	-5.851269e+01
6.901118e+03	-5.866352e+01
6.940979e+03	-5.859855e+01
6.981069e+03	-5.882332e+01
7.021392e+03	-5.887112e+01
7.061947e+03	-5.922131e+01
7.102737e+03	-5.900400e+01
7.143762e+03	-5.930587e+01
7.185024e+03	-5.935446e+01
7.226524e+03	-5.951068e+01
7.268264e+03	-5.964692e+01
7.310246e+03	-5.977296e+01
7.352469e+03	-5.984768e+01
7.394937e+03	-6.004410e+01
7.437650e+03	-5.994679e+01
7.480609e+03	-6.011274e+01
7.523817e+03	-6.028689e+01
7.567274e+03	-6.020616e+01
7.610982e+03	-6.030178e+01
7.654943e+03	-6.077302e+01
7.699158e+03	-6.082838e+01
7.743628e+03	-6.072169e+01
7.788355e+03	-6.084170e+01
7.833340e+03	-6.105731e+01
7.878585e+03	-6.118329e+01
7.924091e+03	-6.114765e+01
7.969861e+03	-6.152684e+01
8.015894e+03	-6.151770e+01
8.062194e+03	-6.164262e+01
8.108761e+03	-6.167483e+01
8.155596e+03	-6.169829e+01
8.202703e+03	-6.193217e+01
8.250081e+03	-6.211913e+01
8.297733e+03	-6.229681e+01
8.345661e+03	-6.222619e+01
8.393865e+03	-6.232522e+01
8.442348e+03	-6.222006e+01
8.491110e+03	-6.254255e+01
8.540155e+03	-6.260704e+01
8.589482e+03	-6.255140e+01
8.639095e+03	-6.266217e+01
8.688994e+03	-6.259378e+01
8.739181e+03	-6.254659e+01
8.789658e+03	-6.248700e+01
8.840427e+03	-6.248666e+01
8.891489e+03	-6.234531e+01
8.942846e+03	-6.219305e+01
8.994499e+03	-6.210947e+01
9.046451e+03	-6.166694e+01
9.098703e+03	-6.132333e+01
9.151257e+03	-6.089778e+01
9.204114e+03	-6.026864e+01
9.257277e+03	-6.009317e+01
9.310746e+03	-6.006063e+01
9.364525e+03	-6.059142e+01
9.418614e+03	-6.230394e+01
9.473015e+03	-6.459370e+01
9.527731e+03	-6.787070e+01
9.582763e+03	-7.091859e+01
9.638113e+03	-7.320772e+01
9.693782e+03	-7.733894e+01
9.749773e+03	-8.124553e+01
9.806087e+03	-9.039701e+01
9.862727e+03	-8.992529e+01
9.919693e+03	-9.644367e+01
9.976989e+03	-9.479712e+01
1.003462e+04	-9.620883e+01
1.009258e+04	-9.517569e+01
1.015087e+04	-1.071092e+02
1.020950e+04	-9.520086e+01
1.026847e+04	-9.694363e+01
1.032778e+04	-9.172816e+01
1.038743e+04	-9.114973e+01
1.044743e+04	-8.998679e+01
1.050777e+04	-8.361244e+01
1.056847e+04	-8.520383e+01
1.062951e+04	-8.592666e+01
1.069091e+04	-8.222335e+01
1.075266e+04	-8.131645e+01
1.081476e+04	-8.260037e+01
1.087723e+04	-8.210500e+01
1.094006e+04	-7.980558e+01
1.100324e+04	-7.911811e+01
1.106680e+04	-7.746868e+01
1.113072e+04	-7.692520e+01
1.119501e+04	-7.691803e+01
1.125967e+04	-7.661483e+01
1.132471e+04	-7.555395e+01
1.139012e+04	-7.461167e+01
1.145591e+04	-7.532392e+01
1.152208e+04	-7.422762e+01
1.158863e+04	-7.384571e+01
1.165556e+04	-7.292202e+01
1.172289e+04	-7.314350e+01
1.179060e+04	-7.179812e+01
1.185870e+04	-7.167473e+01
1.192719e+04	-7.198176e+01
1.199608e+04	-7.146417e+01
1.206537e+04	-7.063188e+01
1.213506e+04	-6.996256e+01
1.220515e+04	-6.953485e+01
1.227565e+04	-6.976463e+01
1.234655e+04	-6.906079e+01
1.241787e+04	-6.883513e+01
1.248959e+04	-6.840231e+01
1.256173e+04	-6.820113e+01
1.263429e+04	-6.799212e+01
1.270726e+04	-6.754410e+01
1.278066e+04	-6.752103e+01
1.285448e+04	-6.728234e+01
1.292873e+04	-6.700389e+01
1.300340e+04	-6.672707e+01
1.307851e+04	-6.643450e+01
1.315405e+04	-6.620819e+01
1.323003e+04	-6.597347e+01
1.330644e+04	-6.593082e+01
1.338330e+04	-6.545911e+01
1.346060e+04	-6.527123e+01
1.353835e+04	-6.479963e+01
1.361655e+04	-6.485188e+01
1.369520e+04	-6.459425e+01
1.377430e+04	-6.430175e+01
1.385386e+04	-6.417861e+01
1.393388e+04	-6.404512e+01
1.401436e+04	-6.392130e+01
1.409531e+04	-6.365650e+01
1.417672e+04	-6.361098e+01
1.425861e+04	-6.341376e+01
1.434096e+04	-6.332342e+01
1.442379e+04	-6.283630e+01
1.450711e+04	-6.285503e+01
1.459090e+04	-6.286899e+01
1.467518e+04	-6.253744e+01
1.475994e+04	-6.240116e+01
1.484519e+04	-6.220605e+01
1.493094e+04	-6.212361e+01
1.501718e+04	-6.197567e+01
1.510392e+04	-6.166559e+01
1.519116e+04	-6.171891e+01
1.527890e+04	-6.145401e+01
1.536715e+04	-6.130242e+01
1.545591e+04	-6.111738e+01
1.554518e+04	-6.119816e+01
1.563497e+04	-6.081856e+01
1.572528e+04	-6.090835e+01
1.581611e+04	-6.067372e+01
1.590746e+04	-6.061876e+01
1.599934e+04	-6.041545e+01
1.609175e+04	-6.024860e+01
1.618470e+04	-6.002960e+01
1.627818e+04	-5.996346e+01
1.637220e+04	-5.991228e+01
1.646677e+04	-5.956803e+01
1.656188e+04	-5.968027e+01
1.665754e+04	-5.950980e+01
1.675375e+04	-5.933713e+01
1.685052e+04	-5.918166e+01
1.694785e+04	-5.908132e+01
1.704574e+04	-5.912212e+01
1.714419e+04	-5.891820e+01
1.724322e+04	-5.887181e+01
1.734281e+04	-5.873860e+01
1.744299e+04	-5.855501e+01
1.754374e+04	-5.855483e+01
1.764507e+04	-5.845093e+01
1.774698e+04	-5.837037e+01
1.784949e+04	-5.823460e+01
1.795259e+04	-5.799513e+01
1.805628e+04	-5.805856e+01
1.816057e+04	-5.787552e+01
1.826547e+04	-5.776854e+01
1.837097e+04	-5.763110e+01
1.847708e+04	-5.747497e+01
1.858380e+04	-5.756921e+01
1.869114e+04	-5.726776e+01
1.879910e+04	-5.713314e+01
1.890768e+04	-5.702855e+01
1.901689e+04	-5.690421e+01
1.912673e+04	-5.694433e+01
1.923721e+04	-5.695908e+01
1.934832e+04	-5.680682e+01
1.946008e+04	-5.664700e+01
1.957248e+04	-5.648053e+01
1.968553e+04	-5.644394e+01
1.979923e+04	-5.632331e+01
1.991359e+04	-5.629296e+01
2.002861e+04	-5.617534e+01
2.014430e+04	-5.605947e+01
2.026065e+04	-5.605106e+01
2.037767e+04	-5.592955e+01
2.049537e+04	-5.587144e+01
2.061375e+04	-5.569465e+01
2.073282e+04	-5.554941e+01
2.085257e+04	-5.565582e+01
2.097301e+04	-5.545107e+01
2.109415e+04	-5.535883e+01
2.121599e+04	-5.537276e+01
2.133853e+04	-5.529841e+01
2.146178e+04	-5.519568e+01
2.158575e+04	-5.509520e+01
2.171043e+04	-5.497776e+01
2.183582e+04	-5.490306e+01
2.196195e+04	-5.480167e+01
2.208880e+04	-5.482846e+01
2.221638e+04	-5.462399e+01
2.234470e+04	-5.461122e+01
2.247377e+04	-5.452068e+01
2.260357e+04	-5.439838e+01
2.273413e+04	-5.435358e+01
2.286544e+04	-5.429167e+01
2.299751e+04	-5.423629e+01
2.313034e+04	-5.406953e+01
2.326394e+04	-5.407851e+01
2.339832e+04	-5.394397e+01
2.353346e+04	-5.383728e+01
2.366939e+04	-5.370302e+01
2.380610e+04	-5.373968e+01
2.394361e+04	-5.365959e+01
2.408191e+04	-5.351904e+01
2.422100e+04	-5.346525e+01
2.436090e+04	-5.342487e+01
2.450161e+04	-5.338104e+01
2.464313e+04	-5.325065e+01
2.478547e+04	-5.330831e+01
2.492863e+04	-5.315521e+01
2.507261e+04	-5.305650e+01
2.521743e+04	-5.303392e+01
2.536309e+04	-5.296680e+01
2.550958e+04	-5.284782e+01
2.565692e+04	-5.282363e+01
2.580512e+04	-5.267721e+01
2.595417e+04	-5.263588e+01
2.610408e+04	-5.256711e+01
2.625485e+04	-5.248387e+01
2.640650e+04	-5.245573e+01
2.655902e+04	-5.230859e+01
2.671243e+04	-5.221437e+01
2.686672e+04	-5.224027e+01
2.702190e+04	-5.223105e+01
2.717798e+04	-5.206422e+01
2.733495e+04	-5.205325e+01
2.749284e+04	-5.196854e+01
2.765164e+04	-5.188084e+01
2.781135e+04	-5.178716e+01
2.797199e+04	-5.172023e+01
2.813355e+04	-5.167949e+01
2.829605e+04	-5.161880e+01
2.845949e+04	-5.158215e+01
2.862387e+04	-5.146769e+01
2.878920e+04	-5.142882e+01
2.895549e+04	-5.134561e+01
2.912273e+04	-5.125097e+01
2.929094e+04	-5.116720e+01
2.946013e+04	-5.112843e+01
2.963029e+04	-5.107969e+01
2.980143e+04	-5.098764e+01
2.997356e+04	-5.093428e+01
3.014669e+04	-5.089990e+01
3.032081e+04	-5.082118e+01
3.049595e+04	-5.075008e+01
3.067209e+04	-5.062236e+01
3.084925e+04	-5.066072e+01
3.102743e+04	-5.061002e+01
3.120665e+04	-5.048768e+01
3.138690e+04	-5.041427e+01
3.156819e+04	-5.033638e+01
3.175052e+04	-5.031894e+01
3.193391e+04	-5.029278e+01
3.211836e+04	-5.014273e+01
3.230388e+04	-5.013862e+01
3.249046e+04	-5.003697e+01
3.267812e+04	-4.999556e+01
3.286687e+04	-4.995143e+01
3.305671e+04	-4.987101e+01
3.324764e+04	-4.985445e+01
3.343968e+04	-4.975178e+01
3.363283e+04	-4.969663e+01
3.382709e+04	-4.969173e+01
3.402247e+04	-4.955095e+01
3.421899e+04	-4.954427e+01
3.441663e+04	-4.946371e+01
3.461542e+04	-4.938990e+01
3.481536e+04	-4.932522e+01
3.501645e+04	-4.923965e+01
3.521871e+04	-4.923631e+01
3.542213e+04	-4.914247e+01
3.562672e+04	-4.908950e+01
3.583250e+04	-4.903391e+01
3.603947e+04	-4.892868e+01
3.624763e+04	-4.887578e+01
3.645700e+04	-4.879680e+01
3.666757e+04	-4.875386e+01
3.687936e+04	-4.872241e+01
3.709238e+04	-4.866340e+01
3.730662e+04	-4.861595e+01
3.752210e+04	-4.857982e+01
3.773883e+04	-4.848511e+01
3.795680e+04	-4.841548e+01
3.817604e+04	-4.832437e+01
3.839654e+04	-4.830768e+01
3.861832e+04	-4.824041e+01
3.884138e+04	-4.816092e+01
3.906573e+04	-4.814269e+01
3.929137e+04	-4.808075e+01
3.951831e+04	-4.799058e+01
3.974657e+04	-4.792564e+01
3.997614e+04	-4.790059e+01
4.020704e+04	-4.784671e+01
4.043928e+04	-4.776930e+01
4.067285e+04	-4.771790e+01
4.090778e+04	-4.768539e+01
4.114406e+04	-4.757242e+01
4.138171e+04	-4.756489e+01
4.162073e+04	-4.750311e+01
4.186113e+04	-4.746366e+01
4.210291e+04	-4.736993e+01
4.234610e+04	-4.731035e+01
4.259069e+04	-4.728273e+01
4.283669e+04	-4.724035e+01
4.308411e+04	-4.715344e+01
4.333297e+04	-4.710626e+01
4.358325e+04	-4.705559e+01
4.383499e+04	-4.701575e+01
4.408818e+04	-4.696431e+01
4.434283e+04	-4.687839e+01
4.459895e+04	-4.681798e+01
4.485655e+04	-4.676347e+01
4.511564e+04	-4.668772e+01
4.537623e+04	-4.662724e+01
4.563832e+04	-4.660954e+01
4.590193e+04	-4.654044e+01
4.616705e+04	-4.649487e+01
4.643371e+04	-4.644602e+01
4.670191e+04	-4.635596e+01
4.697166e+04	-4.635979e+01
4.724297e+04	-4.625988e+01
4.751584e+04	-4.620902e+01
4.779029e+04	-4.617249e+01
4.806633e+04	-4.608084e+01
4.834395e+04	-4.601627e+01
4.862319e+04	-4.597865e+01
4.890403e+04	-4.594565e+01
4.918650e+04	-4.590294e+01
4.947060e+04	-4.581416e+01
4.975634e+04	-4.578267e+01
5.004373e+04	-4.572748e+01
5.033278e+04	-4.564769e+01
5.062350e+04	-4.559594e+01
5.091590e+04	-4.556581e+01
5.120999e+04	-4.548384e+01
5.150578e+04	-4.543733e+01
5.180327e+04	-4.537903e+01
5.210248e+04	-4.534615e+01
5.240343e+04	-4.527914e+01
5.270611e+04	-4.522809e+01
5.301053e+04	-4.514197e+01
5.331672e+04	-4.513369e+01
5.362468e+04	-4.507566e+01
5.393441e+04	-4.502450e+01
5.424593e+04	-4.497021e+01
5.455926e+04	-4.486810e+01
5.487439e+04	-4.484495e+01
5.519134e+04	-4.477682e+01
5.551012e+04	-4.472906e+01
5.583075e+04	-4.471013e+01
5.615322e+04	-4.464842e+01
5.647756e+04	-4.458339e+01
5.680377e+04	-4.451914e+01
5.713187e+04	-4.445503e+01
5.746186e+04	-4.439026e+01
5.779376e+04	-4.435289e+01
5.812757e+04	-4.430502e+01
5.846332e+04	-4.426680e+01
5.880100e+04	-4.417150e+01
5.914063e+04	-4.414253e+01
5.948222e+04	-4.405874e+01
5.982579e+04	-4.400111e+01
6.017134e+04	-4.399170e+01
6.051889e+04	-4.391703e+01
6.086844e+04	-4.386984e+01
6.122002e+04	-4.381276e+01
6.157362e+04	-4.377607e+01
6.192927e+04	-4.370872e+01
6.228697e+04	-4.365594e+01
6.264674e+04	-4.361262e+01
6.300858e+04	-4.355451e+01
6.337252e+04	-4.348712e+01
6.373855e+04	-4.345077e+01
6.410670e+04	-4.341283e+01
6.447698e+04	-4.334361e+01
6.484940e+04	-4.328216e+01
6.522397e+04	-4.324401e+01
6.560070e+04	-4.319412e+01
6.597960e+04	-4.313392e+01
6.636070e+04	-4.308134e+01
6.674400e+04	-4.304424e+01
6.712951e+04	-4.296405e+01
6.751724e+04	-4.294373e+01
6.790722e+04	-4.286804e+01
6.829945e+04	-4.281603e+01
6.869395e+04	-4.276488e+01
6.909072e+04	-4.272255e+01
6.948978e+04	-4.266115e+01
6.989115e+04	-4.261391e+01
7.029484e+04	-4.255034e+01
7.070086e+04	-4.249600e+01
7.110923e+04	-4.243854e+01
7.151995e+04	-4.238926e+01
7.193305e+04	-4.232962e+01
7.234853e+04	-4.230467e+01
7.276641e+04	-4.225266e+01
7.318671e+04	-4.219162e+01
7.360943e+04	-4.213175e+01
7.403460e+04	-4.206304e+01
7.446222e+04	-4.201704e+01
7.489231e+04	-4.197433e+01
7.532488e+04	-4.191415e+01
7.575996e+04	-4.187234e+01
7.619754e+04	-4.184181e+01
7.663766e+04	-4.175155e+01
7.708031e+04	-4.171382e+01
7.752553e+04	-4.167070e+01
7.797331e+04	-4.162189e+01
7.842368e+04	-4.154998e+01
7.887665e+04	-4.150943e+01
7.933224e+04	-4.146993e+01
7.979046e+04	-4.140882e+01
8.025133e+04	-4.136445e+01
8.071486e+04	-4.129768e+01
8.118106e+04	-4.124198e+01
8.164996e+04	-4.121870e+01
8.212157e+04	-4.114386e+01
8.259590e+04	-4.108635e+01
8.307297e+04	-4.105086e+01
8.355279e+04	-4.099570e+01
8.403539e+04	-4.093046e+01
8.452078e+04	-4.087937e+01
8.500897e+04	-4.084393e+01
8.549997e+04	-4.080324e+01
8.599382e+04	-4.074082e+01
8.649052e+04	-4.067915e+01
8.699008e+04	-4.062547e+01
8.749253e+04	-4.058128e+01
8.799789e+04	-4.049939e+01
8.850616e+04	-4.048139e+01
8.901737e+04	-4.041326e+01
8.953153e+04	-4.038846e+01
9.004866e+04	-4.032881e+01
9.056877e+04	-4.027830e+01
9.109190e+04	-4.021250e+01
9.161804e+04	-4.016148e+01
9.214722e+04	-4.011441e+01
9.267946e+04	-4.008327e+01
9.321477e+04	-3.999659e+01
9.375318e+04	-3.995673e+01
9.429469e+04	-3.989974e+01
9.483933e+04	-3.985941e+01
9.538712e+04	-3.980983e+01
9.593807e+04	-3.976602e+01
9.649221e+04	-3.971356e+01
9.704954e+04	-3.965047e+01
9.761010e+04	-3.959381e+01
9.817389e+04	-3.956373e+01
9.874094e+04	-3.950277e+01
9.931126e+04	-3.944664e+01
9.988488e+04	-3.939504e+01
1.004618e+05	-3.935476e+01
1.010421e+05	-3.930363e+01
1.016257e+05	-3.923546e+01
1.022127e+05	-3.920071e+01
1.028031e+05	-3.915338e+01
1.033968e+05	-3.910444e+01
1.039941e+05	-3.902692e+01
1.045947e+05	-3.900111e+01
1.051989e+05	-3.894047e+01
1.058065e+05	-3.889223e+01
1.064176e+05	-3.883616e+01
1.070323e+05	-3.879110e+01
1.076505e+05	-3.871538e+01
1.082723e+05	-3.869241e+01
1.088977e+05	-3.863992e+01
1.095266e+05	-3.857962e+01
1.101593e+05	-3.853365e+01
1.107955e+05	-3.848226e+01
1.114355e+05	-3.841895e+01
1.120791e+05	-3.836936e+01
1.127265e+05	-3.832682e+01
1.133776e+05	-3.827652e+01
1.140325e+05	-3.821485e+01
1.146911e+05	-3.818453e+01
1.153536e+05	-3.812983e+01
1.160198e+05	-3.808047e+01
1.166900e+05	-3.800873e+01
1.173640e+05	-3.796840e+01
1.180419e+05	-3.791817e+01
1.187237e+05	-3.787300e+01
1.194094e+05	-3.782040e+01
1.200991e+05	-3.776315e+01
1.207928e+05	-3.772866e+01
1.214905e+05	-3.765351e+01
1.221922e+05	-3.760537e+01
1.228980e+05	-3.755822e+01
1.236078e+05	-3.751251e+01
1.243218e+05	-3.746906e+01
1.250399e+05	-3.741217e+01
1.257621e+05	-3.736080e+01
1.264885e+05	-3.730633e+01
1.272191e+05	-3.726217e+01
1.279539e+05	-3.719994e+01
1.286930e+05	-3.716877e+01
1.294363e+05	-3.710693e+01
1.301839e+05	-3.704911e+01
1.309358e+05	-3.700144e+01
1.316921e+05	-3.696208e+01
1.324528e+05	-3.690423e+01
1.332178e+05	-3.685569e+01
1.339873e+05	-3.681353e+01
1.347612e+05	-3.676189e+01
1.355395e+05	-3.671321e+01
1.363224e+05	-3.665031e+01
1.371098e+05	-3.660002e+01
1.379018e+05	-3.655338e+01
1.386983e+05	-3.649675e+01
1.394994e+05	-3.644726e+01
1.403051e+05	-3.638756e+01
1.411155e+05	-3.636347e+01
1.419306e+05	-3.630174e+01
1.427504e+05	-3.624578e+01
1.435749e+05	-3.619690e+01
1.444042e+05	-3.614958e+01
1.452383e+05	-3.611193e+01
1.460772e+05	-3.604731e+01
1.469209e+05	-3.599606e+01
1.477695e+05	-3.595680e+01
1.486230e+05	-3.589655e+01
1.494814e+05	-3.584359e+01
1.503448e+05	-3.580219e+01
1.512132e+05	-3.573743e+01
1.520866e+05	-3.569361e+01
1.529651e+05	-3.563994e+01
1.538486e+05	-3.560278e+01
1.547372e+05	-3.554765e+01
1.556310e+05	-3.549739e+01
1.565299e+05	-3.543501e+01
1.574340e+05	-3.539296e+01
1.583433e+05	-3.534073e+01
1.592579e+05	-3.528733e+01
1.601778e+05	-3.523692e+01
1.611030e+05	-3.518631e+01
1.620335e+05	-3.514525e+01
1.629694e+05	-3.508735e+01
1.639107e+05	-3.503543e+01
1.648574e+05	-3.498670e+01
1.658097e+05	-3.493487e+01
1.667674e+05	-3.489403e+01
1.677306e+05	-3.484226e+01
1.686994e+05	-3.479110e+01
1.696738e+05	-3.473376e+01
1.706538e+05	-3.468734e+01
1.716395e+05	-3.463368e+01
1.726309e+05	-3.458461e+01
1.736280e+05	-3.452658e+01
1.746309e+05	-3.448526e+01
1.756395e+05	-3.443910e+01
1.766540e+05	-3.438790e+01
1.776744e+05	-3.433598e+01
1.787006e+05	-3.428274e+01
1.797328e+05	-3.423643e+01
1.807709e+05	-3.418518e+01
1.818150e+05	-3.414319e+01
1.828652e+05	-3.408616e+01
1.839214e+05	-3.403805e+01
1.849837e+05	-3.398801e+01
1.860522e+05	-3.393267e+01
1.871268e+05	-3.388285e+01
1.882077e+05	-3.382502e+01
1.892948e+05	-3.379123e+01
1.903881e+05	-3.373322e+01
1.914878e+05	-3.368101e+01
1.925938e+05	-3.363537e+01
1.937062e+05	-3.358781e+01
1.948251e+05	-3.352356e+01
1.959504e+05	-3.347782e+01
1.970822e+05	-3.343283e+01
1.982205e+05	-3.338685e+01
1.993654e+05	-3.333498e+01
2.005169e+05	-3.328174e+01
2.016751e+05	-3.322691e+01
2.028400e+05	-3.317981e+01
2.040116e+05	-3.313150e+01
2.051899e+05	-3.308500e+01
2.063751e+05	-3.302764e+01
2.075671e+05	-3.298109e+01
2.087660e+05	-3.292536e+01
2.099719e+05	-3.287548e+01
2.111846e+05	-3.282896e+01
2.124044e+05	-3.277880e+01
2.136313e+05	-3.272178e+01
2.148652e+05	-3.267911e+01
2.161063e+05	-3.263095e+01
2.173545e+05	-3.258002e+01
2.186099e+05	-3.252862e+01
2.198726e+05	-3.248226e+01
2.211426e+05	-3.243025e+01
2.224199e+05	-3.237582e+01
2.237046e+05	-3.233189e+01
2.249967e+05	-3.227795e+01
2.262962e+05	-3.222471e+01
2.276033e+05	-3.217783e+01
2.289179e+05	-3.212728e+01
2.302402e+05	-3.207989e+01
2.315700e+05	-3.202514e+01
2.329076e+05	-3.197783e+01
2.342528e+05	-3.192890e+01
2.356059e+05	-3.187552e+01
2.369667e+05	-3.182557e+01
2.383354e+05	-3.177536e+01
2.397120e+05	-3.172310e+01
2.410966e+05	-3.167591e+01
2.424892e+05	-3.162841e+01
2.438898e+05	-3.157889e+01
2.452985e+05	-3.152191e+01
2.467153e+05	-3.147563e+01
2.481403e+05	-3.142179e+01
2.495736e+05	-3.137951e+01
2.510151e+05	-3.132628e+01
2.524650e+05	-3.127524e+01
2.539232e+05	-3.123106e+01
2.553898e+05	-3.117647e+01
2.568650e+05	-3.112835e+01
2.583486e+05	-3.107896e+01
2.598408e+05	-3.102694e+01
2.613416e+05	-3.097807e+01
2.628511e+05	-3.093075e+01
2.643694e+05	-3.087600e+01
2.658963e+05	-3.082721e+01
2.674321e+05	-3.077431e+01
2.689768e+05	-3.072710e+01
2.705304e+05	-3.067545e+01
2.720930e+05	-3.062963e+01
2.736646e+05	-3.057413e+01
2.752453e+05	-3.052834e+01
2.768351e+05	-3.047524e+01
2.784341e+05	-3.042478e+01
2.800423e+05	-3.038375e+01
2.816598e+05	-3.032918e+01
2.832867e+05	-3.028069e+01
2.849229e+05	-3.022643e+01
2.865686e+05	-3.018089e+01
2.882238e+05	-3.012614e+01
2.898886e+05	-3.007906e+01
2.915630e+05	-3.002499e+01
2.932470e+05	-2.997751e+01
2.949408e+05	-2.993267e+01
2.966444e+05	-2.987701e+01
2.983578e+05	-2.982924e+01
3.000811e+05	-2.977861e+01
3.018143e+05	-2.972601e+01
3.035576e+05	-2.967421e+01
3.053109e+05	-2.962901e+01
3.070744e+05	-2.957519e+01
3.088481e+05	-2.952992e+01
3.106320e+05	-2.947943e+01
3.124261e+05	-2.942750e+01
3.142307e+05	-2.938140e+01
3.160457e+05	-2.932642e+01
3.178712e+05	-2.927865e+01
3.197072e+05	-2.923073e+01
3.215538e+05	-2.917907e+01
3.234111e+05	-2.913004e+01
3.252791e+05	-2.908084e+01
3.271579e+05	-2.903040e+01
3.290475e+05	-2.897706e+01
3.309481e+05	-2.893001e+01
3.328596e+05	-2.888300e+01
3.347822e+05	-2.882777e+01
3.367159e+05	-2.878035e+01
3.386608e+05	-2.872922e+01
3.406169e+05	-2.868190e+01
3.425842e+05	-2.862816e+01
3.445630e+05	-2.858291e+01
3.465532e+05	-2.852853e+01
3.485549e+05	-2.847834e+01
3.505681e+05	-2.843108e+01
3.525930e+05	-2.838362e+01
3.546295e+05	-2.833252e+01
3.566778e+05	-2.828239e+01
3.587380e+05	-2.823208e+01
3.608101e+05	-2.818661e+01
3.628941e+05	-2.813063e+01
3.649901e+05	-2.808256e+01
3.670983e+05	-2.803270e+01
3.692187e+05	-2.798145e+01
3.713513e+05	-2.793296e+01
3.734962e+05	-2.788431e+01
3.756535e+05	-2.783361e+01
3.778232e+05	-2.778539e+01
3.800055e+05	-2.773677e+01
3.822004e+05	-2.768698e+01
3.844080e+05	-2.763311e+01
3.866283e+05	-2.758681e+01
3.888615e+05	-2.753800e+01
3.911075e+05	-2.748661e+01
3.933665e+05	-2.743819e+01
3.956386e+05	-2.738621e+01
3.979238e+05	-2.733762e+01
4.002222e+05	-2.728533e+01
4.025338e+05	-2.723163e+01
4.048589e+05	-2.718821e+01
4.071973e+05	-2.713814e+01
4.095493e+05	-2.708686e+01
4.119148e+05	-2.704007e+01
4.142940e+05	-2.699064e+01
4.166870e+05	-2.694065e+01
4.190937e+05	-2.689003e+01
4.215144e+05	-2.684284e+01
4.239490e+05	-2.679523e+01
4.263978e+05	-2.673860e+01
4.288606e+05	-2.668991e+01
4.313377e+05	-2.664473e+01
4.338291e+05	-2.658933e+01
4.363349e+05	-2.654206e+01
4.388551e+05	-2.649393e+01
4.413899e+05	-2.644370e+01
4.439394e+05	-2.638772e+01
4.465035e+05	-2.634556e+01
4.490825e+05	-2.629692e+01
4.516764e+05	-2.624434e+01
4.542853e+05	-2.619754e+01
4.569092e+05	-2.614691e+01
4.595483e+05	-2.609670e+01
4.622026e+05	-2.605097e+01
4.648723e+05	-2.599865e+01
4.675574e+05	-2.594946e+01
4.702580e+05	-2.589986e+01
4.729742e+05	-2.585176e+01
4.757060e+05	-2.579960e+01
4.784537e+05	-2.574865e+01
4.812172e+05	-2.569799e+01
4.839967e+05	-2.564967e+01
4.867923e+05	-2.560179e+01
4.896040e+05	-2.555366e+01
4.924319e+05	-2.550426e+01
4.952762e+05	-2.545255e+01
4.981369e+05	-2.540089e+01
5.010141e+05	-2.535418e+01
5.039079e+05	-2.530553e+01
5.068185e+05	-2.525705e+01
5.097458e+05	-2.520528e+01
5.126901e+05	-2.515918e+01
5.156514e+05	-2.510628e+01
5.186298e+05	-2.505732e+01
5.216253e+05	-2.500991e+01
5.246382e+05	-2.496006e+01
5.276685e+05	-2.490822e+01
5.307163e+05	-2.486310e+01
5.337817e+05	-2.481091e+01
5.368648e+05	-2.476080e+01
5.399657e+05	-2.471259e+01
5.430845e+05	-2.466102e+01
5.462214e+05	-2.461249e+01
5.493763e+05	-2.456019e+01
5.525495e+05	-2.451346e+01
5.557410e+05	-2.446497e+01
5.589509e+05	-2.441607e+01
5.621794e+05	-2.436717e+01
5.654265e+05	-2.431688e+01
5.686924e+05	-2.426803e+01
5.719772e+05	-2.421815e+01
5.752809e+05	-2.416804e+01
5.786037e+05	-2.411826e+01
5.819457e+05	-2.407317e+01
5.853070e+05	-2.402254e+01
5.886877e+05	-2.397410e+01
5.920879e+05	-2.392345e+01
5.955078e+05	-2.387441e+01
5.989474e+05	-2.382196e+01
6.024069e+05	-2.377461e+01
6.058864e+05	-2.372668e+01
6.093860e+05	-2.367648e+01
6.129058e+05	-2.362779e+01
6.164459e+05	-2.358068e+01
6.200064e+05	-2.352903e+01
6.235876e+05	-2.348096e+01
6.271894e+05	-2.342955e+01
6.308120e+05	-2.338084e+01
6.344555e+05	-2.333339e+01
6.381201e+05	-2.328279e+01
6.418059e+05	-2.323239e+01
6.455129e+05	-2.318663e+01
6.492414e+05	-2.313502e+01
6.529914e+05	-2.308498e+01
6.567630e+05	-2.303965e+01
6.605565e+05	-2.298995e+01
6.643718e+05	-2.293885e+01
6.682092e+05	-2.289228e+01
6.720688e+05	-2.284081e+01
6.759506e+05	-2.279332e+01
6.798549e+05	-2.274185e+01
6.837817e+05	-2.269273e+01
6.877312e+05	-2.264642e+01
6.917035e+05	-2.259671e+01
6.956987e+05	-2.254729e+01
6.997171e+05	-2.249643e+01
7.037586e+05	-2.244987e+01
7.078235e+05	-2.240117e+01
7.119118e+05	-2.235114e+01
7.160238e+05	-2.230326e+01
7.201595e+05	-2.225425e+01
7.243191e+05	-2.220490e+01
7.285028e+05	-2.215436e+01
7.327106e+05	-2.210775e+01
7.369427e+05	-2.205793e+01
7.411992e+05	-2.200764e+01
7.454804e+05	-2.196145e+01
7.497862e+05	-2.191378e+01
7.541170e+05	-2.186367e+01
7.584727e+05	-2.181271e+01
7.628536e+05	-2.176323e+01
7.672598e+05	-2.171598e+01
7.716915e+05	-2.166794e+01
7.761488e+05	-2.161884e+01
7.806318e+05	-2.156946e+01
7.851407e+05	-2.152087e+01
7.896756e+05	-2.147420e+01
7.942367e+05	-2.142450e+01
7.988242e+05	-2.137374e+01
8.034382e+05	-2.132513e+01
8.080788e+05	-2.127793e+01
8.127463e+05	-2.122858e+01
8.174406e+05	-2.117924e+01
8.221621e+05	-2.113261e+01
8.269109e+05	-2.108198e+01
8.316871e+05	-2.103357e+01
8.364909e+05	-2.098629e+01
8.413225e+05	-2.093933e+01
8.461819e+05	-2.088834e+01
8.510694e+05	-2.084055e+01
8.559852e+05	-2.079153e+01
8.609293e+05	-2.074169e+01
8.659020e+05	-2.069588e+01
8.709034e+05	-2.064562e+01
8.759337e+05	-2.059782e+01
8.809931e+05	-2.054956e+01
8.860816e+05	-2.050060e+01
8.911996e+05	-2.045171e+01
8.963471e+05	-2.040413e+01
9.015244e+05	-2.035534e+01
9.067316e+05	-2.030668e+01
9.119688e+05	-2.025977e+01
9.172363e+05	-2.021227e+01
9.225342e+05	-2.016333e+01
9.278628e+05	-2.011459e+01
9.332221e+05	-2.006629e+01
9.386123e+05	-2.001875e+01
9.440337e+05	-1.996911e+01
9.494864e+05	-1.992062e+01
9.549706e+05	-1.987238e+01
9.604865e+05	-1.982415e+01
9.660342e+05	-1.977551e+01
9.716140e+05	-1.972746e+01
9.772260e+05	-1.968245e+01
9.828704e+05	-1.963137e+01
9.885474e+05	-1.958567e+01
9.942572e+05	-1.953513e+01
1.000000e+06	-1.948841e+01
