Frequency(Hz)	Magnitude(dB)
1.000000e+01	-1.440055e-04
1.005776e+01	2.592290e-05
1.011585e+01	5.781379e-05
1.017428e+01	1.831306e-04
1.023305e+01	-2.045749e-04
1.029215e+01	5.643080e-05
1.035160e+01	-2.520136e-05
1.041139e+01	-2.338206e-05
1.047153e+01	2.152586e-05
1.053201e+01	-5.539522e-05
1.059284e+01	1.458147e-04
1.065403e+01	1.801212e-04
1.071556e+01	1.588958e-04
1.077746e+01	-5.848784e-05
1.083971e+01	-1.251222e-05
1.090232e+01	-2.867044e-05
1.096529e+01	-1.371970e-04
1.102862e+01	4.032920e-05
1.109232e+01	2.901932e-05
1.115639e+01	2.894683e-05
1.122083e+01	-1.326076e-04
1.128564e+01	-3.329223e-06
1.135083e+01	-1.449258e-04
1.141639e+01	-2.827249e-05
1.148233e+01	1.533570e-04
1.154865e+01	1.814099e-05
1.161536e+01	-2.129795e-04
1.168245e+01	-1.421956e-04
1.174992e+01	7.653034e-05
1.181779e+01	-3.358944e-05
1.188605e+01	-3.759081e-05
1.195470e+01	-1.686031e-05
1.202375e+01	-2.288607e-04
1.209320e+01	-9.674433e-05
1.216305e+01	3.223932e-05
1.223330e+01	-1.871347e-05
1.230396e+01	-7.395147e-05
1.237503e+01	-2.294211e-04
1.244651e+01	-5.269100e-05
1.251840e+01	-1.092595e-04
1.259070e+01	-1.037006e-04
1.266343e+01	1.100481e-04
1.273657e+01	3.250087e-05
1.281014e+01	-6.616978e-05
1.288413e+01	-1.879044e-04
1.295855e+01	-7.514638e-05
1.303339e+01	1.583347e-05
1.310867e+01	-9.926656e-05
1.318439e+01	-1.030228e-05
1.326054e+01	-1.292569e-04
1.333713e+01	-7.901991e-05
1.341417e+01	-1.192153e-04
1.349165e+01	-3.115025e-05
1.356958e+01	4.631122e-05
1.364795e+01	2.843140e-05
1.372678e+01	-4.240739e-05
1.380607e+01	-6.557113e-05
1.388581e+01	5.521052e-05
1.396602e+01	-4.357754e-05
1.404668e+01	4.309257e-05
1.412782e+01	-5.865035e-05
1.420942e+01	3.671871e-05
1.429149e+01	6.624491e-05
1.437404e+01	-4.762940e-05
1.445706e+01	-1.867469e-05
1.454057e+01	-8.695398e-06
1.462455e+01	-1.349793e-05
1.470902e+01	-1.413505e-04
1.479398e+01	-7.121323e-05
1.487943e+01	6.863865e-06
1.496537e+01	5.480331e-06
1.505181e+01	-1.119699e-04
1.513875e+01	-5.289529e-05
1.522619e+01	1.792761e-06
1.531414e+01	-9.464532e-05
1.540259e+01	-4.153762e-05
1.549156e+01	2.836485e-05
1.558103e+01	-1.968016e-04
1.567103e+01	-4.733101e-05
1.576155e+01	-6.611285e-05
1.585258e+01	-1.458499e-04
1.594415e+01	-1.303698e-05
1.603624e+01	-1.545108e-04
1.612886e+01	-1.991012e-04
1.622202e+01	-3.244457e-05
1.631572e+01	-6.883610e-05
1.640996e+01	2.913552e-05
1.650474e+01	-2.899752e-07
1.660008e+01	1.564884e-05
1.669596e+01	6.619697e-05
1.679239e+01	-9.677888e-05
1.688938e+01	1.343390e-06
1.698694e+01	1.671215e-05
1.708505e+01	-3.895881e-05
1.718373e+01	-7.619332e-05
1.728299e+01	5.105938e-05
1.738281e+01	1.579508e-04
1.748322e+01	-1.540283e-04
1.758420e+01	-1.188412e-04
1.768576e+01	1.148836e-04
1.778792e+01	7.319102e-05
1.789066e+01	-1.012034e-06
1.799399e+01	-1.143400e-04
1.809793e+01	-1.073779e-04
1.820246e+01	-5.130491e-05
1.830760e+01	5.043011e-05
1.841334e+01	3.126427e-05
1.851969e+01	-9.164372e-05
1.862666e+01	-7.300301e-05
1.873425e+01	-8.584354e-05
1.884246e+01	-4.347603e-05
1.895129e+01	-5.632512e-05
1.906075e+01	2.419733e-05
1.917085e+01	-1.534149e-04
1.928158e+01	-8.272311e-06
1.939295e+01	-1.240392e-04
1.950496e+01	-8.675462e-05
1.961762e+01	9.822443e-05
1.973093e+01	1.694456e-05
1.984490e+01	-8.666492e-05
1.995952e+01	-1.306378e-04
2.007480e+01	-1.901936e-04
2.019076e+01	-3.591392e-05
2.030738e+01	-3.194095e-06
2.042467e+01	-1.036613e-04
2.054264e+01	-1.679390e-04
2.066130e+01	2.042182e-05
2.078064e+01	-7.991581e-05
2.090066e+01	3.517829e-05
2.102139e+01	-4.634326e-05
2.114280e+01	1.701734e-05
2.126492e+01	-1.373775e-04
2.138775e+01	-1.015657e-04
2.151128e+01	-4.036629e-05
2.163553e+01	2.452910e-05
2.176050e+01	8.527329e-05
2.188619e+01	-9.625456e-05
2.201260e+01	-1.250808e-04
2.213974e+01	-1.209228e-04
2.226762e+01	-8.992553e-05
2.239624e+01	-6.949904e-05
2.252560e+01	-8.810685e-06
2.265571e+01	-1.981904e-04
2.278656e+01	-1.061722e-04
2.291818e+01	-3.150392e-05
2.305055e+01	-1.170244e-04
2.318369e+01	9.730817e-05
2.331760e+01	-1.715428e-04
2.345228e+01	-7.945021e-05
2.358774e+01	-2.790645e-04
2.372398e+01	-8.320225e-05
2.386101e+01	1.381003e-05
2.399883e+01	-2.266571e-05
2.413745e+01	-1.332619e-04
2.427686e+01	-6.772853e-05
2.441709e+01	2.664970e-06
2.455812e+01	-1.971238e-04
2.469997e+01	-1.258403e-04
2.484263e+01	-1.257579e-04
2.498612e+01	-2.079555e-04
2.513044e+01	-2.214578e-04
2.527559e+01	8.516698e-05
2.542158e+01	-2.483316e-04
2.556842e+01	-2.703431e-04
2.571610e+01	-1.261576e-04
2.586463e+01	-2.395884e-05
2.601403e+01	-2.403997e-05
2.616428e+01	-1.740962e-04
2.631541e+01	-6.932834e-05
2.646740e+01	-6.866500e-05
2.662028e+01	-2.921825e-04
2.677404e+01	-2.821912e-05
2.692868e+01	-7.498912e-05
2.708422e+01	-7.283584e-05
2.724066e+01	-1.858154e-04
2.739800e+01	-2.279551e-05
2.755625e+01	-1.082953e-04
2.771541e+01	-1.974430e-04
2.787550e+01	-1.236389e-04
2.803650e+01	-1.565208e-04
2.819844e+01	-1.643445e-04
2.836131e+01	-1.142985e-04
2.852513e+01	-2.928593e-04
2.868989e+01	-1.581792e-04
2.885560e+01	4.959617e-06
2.902227e+01	-1.208602e-04
2.918990e+01	-1.231835e-04
2.935850e+01	-1.264808e-04
2.952807e+01	-2.425075e-04
2.969863e+01	-3.021273e-04
2.987016e+01	-1.880458e-04
3.004269e+01	-2.716754e-04
3.021622e+01	6.614309e-07
3.039075e+01	-3.483293e-05
3.056628e+01	-3.284911e-06
3.074283e+01	-5.029272e-05
3.092040e+01	-1.281435e-04
3.109900e+01	-1.412398e-04
3.127862e+01	-2.082699e-04
3.145929e+01	-2.458302e-04
3.164099e+01	-4.697608e-05
3.182375e+01	-1.048567e-04
3.200756e+01	-2.555936e-04
3.219244e+01	-3.585313e-04
3.237838e+01	-2.660062e-04
3.256540e+01	-2.004829e-04
3.275349e+01	-1.468347e-04
3.294268e+01	-1.209519e-04
3.313295e+01	-2.031203e-04
3.332433e+01	-1.721040e-04
3.351681e+01	-2.387663e-04
3.371040e+01	-1.894034e-04
3.390511e+01	-1.025345e-04
3.410094e+01	-1.978753e-04
3.429791e+01	-2.406213e-04
3.449601e+01	-1.844152e-04
3.469526e+01	-1.189182e-04
3.489566e+01	-2.060135e-04
3.509721e+01	-2.995762e-04
3.529993e+01	-2.218651e-04
3.550382e+01	-2.158544e-04
3.570889e+01	-2.090604e-04
3.591515e+01	-1.103451e-04
3.612259e+01	-3.187876e-04
3.633123e+01	-1.417911e-04
3.654108e+01	-2.813379e-04
3.675214e+01	-1.284248e-04
3.696442e+01	-2.332542e-04
3.717792e+01	-1.190422e-04
3.739266e+01	-2.746350e-04
3.760864e+01	-2.400324e-04
3.782587e+01	-2.388189e-04
3.804435e+01	-3.036747e-04
3.826409e+01	-3.235373e-04
3.848510e+01	-2.872535e-04
3.870739e+01	-2.205973e-04
3.893096e+01	-3.052112e-04
3.915583e+01	-2.470452e-04
3.938199e+01	-3.705724e-04
3.960946e+01	-1.931382e-04
3.983824e+01	-2.268595e-04
4.006834e+01	-3.590007e-04
4.029978e+01	-3.991607e-04
4.053255e+01	-2.705491e-04
4.076666e+01	-3.099448e-04
4.100213e+01	-1.235501e-04
4.123896e+01	-2.111315e-04
4.147715e+01	-3.948204e-04
4.171672e+01	-3.429001e-04
4.195767e+01	-5.274242e-04
4.220002e+01	-3.974477e-04
4.244377e+01	-3.368769e-04
4.268892e+01	-2.086287e-04
4.293549e+01	-4.072392e-04
4.318348e+01	-3.858076e-04
4.343291e+01	-4.148404e-04
4.368377e+01	-2.591491e-04
4.393609e+01	-3.333868e-04
4.418986e+01	-2.620736e-04
4.444510e+01	-3.771594e-04
4.470182e+01	-2.098258e-04
4.496001e+01	-2.557910e-04
4.521970e+01	-3.626058e-04
4.548089e+01	-3.113769e-04
4.574358e+01	-3.704261e-04
4.600779e+01	-1.707039e-04
4.627353e+01	-3.452232e-04
4.654081e+01	-5.104771e-04
4.680963e+01	-2.828161e-04
4.708000e+01	-5.059182e-04
4.735193e+01	-4.490541e-04
4.762543e+01	-3.627027e-04
4.790051e+01	-2.671877e-04
4.817719e+01	-4.987838e-04
4.845545e+01	-4.954659e-04
4.873533e+01	-4.959849e-04
4.901682e+01	-3.183364e-04
4.929994e+01	-3.132563e-04
4.958470e+01	-2.990549e-04
4.987110e+01	-4.932864e-04
5.015915e+01	-5.094001e-04
5.044887e+01	-3.661841e-04
5.074026e+01	-4.334086e-04
5.103333e+01	-4.271962e-04
5.132810e+01	-4.752144e-04
5.162457e+01	-4.372265e-04
5.192275e+01	-5.381417e-04
5.222265e+01	-4.683517e-04
5.252429e+01	-4.714448e-04
5.282767e+01	-4.405040e-04
5.313280e+01	-5.921082e-04
5.343969e+01	-4.483716e-04
5.374836e+01	-4.361926e-04
5.405880e+01	-5.547406e-04
5.437105e+01	-6.283304e-04
5.468509e+01	-3.332175e-04
5.500095e+01	-5.437604e-04
5.531863e+01	-5.789422e-04
5.563815e+01	-4.182080e-04
5.595951e+01	-5.521716e-04
5.628273e+01	-4.848210e-04
5.660782e+01	-6.143124e-04
5.693479e+01	-6.882709e-04
5.726364e+01	-5.038964e-04
5.759439e+01	-5.326624e-04
5.792705e+01	-4.708747e-04
5.826164e+01	-5.586820e-04
5.859815e+01	-9.289363e-04
5.893662e+01	-6.943276e-04
5.927703e+01	-6.626543e-04
5.961941e+01	-6.272532e-04
5.996377e+01	-7.463334e-04
6.031012e+01	-6.757089e-04
6.065847e+01	-7.474544e-04
6.100883e+01	-6.000002e-04
6.136121e+01	-7.139836e-04
6.171563e+01	-8.002851e-04
6.207210e+01	-6.574156e-04
6.243063e+01	-6.575607e-04
6.279122e+01	-7.006824e-04
6.315390e+01	-5.583522e-04
6.351868e+01	-8.220641e-04
6.388556e+01	-5.785106e-04
6.425456e+01	-7.160776e-04
6.462569e+01	-7.332667e-04
6.499897e+01	-6.771421e-04
6.537440e+01	-9.414416e-04
6.575200e+01	-8.151020e-04
6.613178e+01	-8.177439e-04
6.651375e+01	-7.075682e-04
6.689793e+01	-9.059157e-04
6.728433e+01	-8.046828e-04
6.767297e+01	-7.682401e-04
6.806384e+01	-8.700760e-04
6.845698e+01	-7.824137e-04
6.885238e+01	-9.111670e-04
6.925007e+01	-9.521656e-04
6.965005e+01	-7.911634e-04
7.005235e+01	-7.510156e-04
7.045697e+01	-7.883644e-04
7.086393e+01	-7.344573e-04
7.127323e+01	-9.165123e-04
7.168490e+01	-8.277553e-04
7.209895e+01	-8.161241e-04
7.251539e+01	-1.063144e-03
7.293424e+01	-9.464729e-04
7.335551e+01	-9.635848e-04
7.377920e+01	-9.985795e-04
7.420535e+01	-7.805925e-04
7.463396e+01	-1.015561e-03
7.506504e+01	-1.031110e-03
7.549861e+01	-9.385720e-04
7.593469e+01	-9.972657e-04
7.637328e+01	-1.031712e-03
7.681441e+01	-1.138778e-03
7.725809e+01	-1.172216e-03
7.770433e+01	-1.044816e-03
7.815315e+01	-1.035732e-03
7.860456e+01	-1.118544e-03
7.905857e+01	-1.063248e-03
7.951521e+01	-1.111804e-03
7.997449e+01	-1.143721e-03
8.043642e+01	-1.149281e-03
8.090102e+01	-1.139978e-03
8.136830e+01	-1.050006e-03
8.183828e+01	-1.121904e-03
8.231097e+01	-1.197383e-03
8.278640e+01	-1.149538e-03
8.326457e+01	-1.217816e-03
8.374550e+01	-1.318459e-03
8.422921e+01	-1.300499e-03
8.471572e+01	-1.335098e-03
8.520503e+01	-1.284418e-03
8.569717e+01	-1.378934e-03
8.619215e+01	-1.435523e-03
8.669000e+01	-1.245841e-03
8.719071e+01	-1.248629e-03
8.769432e+01	-1.356303e-03
8.820084e+01	-1.340864e-03
8.871029e+01	-1.466729e-03
8.922267e+01	-1.293817e-03
8.973802e+01	-1.287645e-03
9.025634e+01	-1.398795e-03
9.077766e+01	-1.471219e-03
9.130199e+01	-1.465622e-03
9.182935e+01	-1.462557e-03
9.235975e+01	-1.348995e-03
9.289321e+01	-1.411310e-03
9.342976e+01	-1.567361e-03
9.396941e+01	-1.601371e-03
9.451217e+01	-1.634978e-03
9.505807e+01	-1.595736e-03
9.560712e+01	-1.713817e-03
9.615934e+01	-1.520253e-03
9.671476e+01	-1.659227e-03
9.727338e+01	-1.577095e-03
9.783522e+01	-1.657321e-03
9.840032e+01	-1.725428e-03
9.896867e+01	-1.854432e-03
9.954031e+01	-1.637858e-03
1.001153e+02	-1.818592e-03
1.006935e+02	-1.822779e-03
1.012751e+02	-1.871429e-03
1.018601e+02	-1.827581e-03
1.024484e+02	-1.730688e-03
1.030402e+02	-1.977933e-03
1.036353e+02	-1.903862e-03
1.042339e+02	-1.862798e-03
1.048360e+02	-1.833265e-03
1.054415e+02	-1.905828e-03
1.060505e+02	-1.878611e-03
1.066631e+02	-2.040577e-03
1.072791e+02	-1.941447e-03
1.078988e+02	-2.099886e-03
1.085220e+02	-2.055540e-03
1.091488e+02	-2.080906e-03
1.097793e+02	-2.200625e-03
1.104133e+02	-1.977085e-03
1.110511e+02	-2.123341e-03
1.116925e+02	-2.233605e-03
1.123376e+02	-2.258836e-03
1.129865e+02	-2.128854e-03
1.136391e+02	-2.166180e-03
1.142955e+02	-2.253182e-03
1.149556e+02	-2.398057e-03
1.156196e+02	-2.439630e-03
1.162874e+02	-2.490114e-03
1.169591e+02	-2.182485e-03
1.176347e+02	-2.424888e-03
1.183141e+02	-2.423376e-03
1.189975e+02	-2.343230e-03
1.196848e+02	-2.538601e-03
1.203761e+02	-2.668734e-03
1.210714e+02	-2.558983e-03
1.217707e+02	-2.509691e-03
1.224740e+02	-2.510412e-03
1.231814e+02	-2.512671e-03
1.238929e+02	-2.648796e-03
1.246085e+02	-2.854363e-03
1.253283e+02	-2.683929e-03
1.260522e+02	-2.710577e-03
1.267802e+02	-2.881463e-03
1.275125e+02	-2.847032e-03
1.282490e+02	-2.976662e-03
1.289898e+02	-2.673218e-03
1.297348e+02	-3.067082e-03
1.304842e+02	-2.887160e-03
1.312378e+02	-2.931185e-03
1.319959e+02	-3.149834e-03
1.327583e+02	-3.188218e-03
1.335251e+02	-3.062912e-03
1.342963e+02	-3.058592e-03
1.350720e+02	-3.219570e-03
1.358522e+02	-3.261394e-03
1.366368e+02	-3.075700e-03
1.374260e+02	-3.230008e-03
1.382198e+02	-3.467513e-03
1.390182e+02	-3.262286e-03
1.398211e+02	-3.508937e-03
1.406287e+02	-3.580515e-03
1.414410e+02	-3.587406e-03
1.422579e+02	-3.485580e-03
1.430796e+02	-3.413142e-03
1.439060e+02	-3.662419e-03
1.447372e+02	-3.560459e-03
1.455732e+02	-3.748007e-03
1.464141e+02	-3.500330e-03
1.472597e+02	-3.736983e-03
1.481103e+02	-3.884430e-03
1.489658e+02	-4.134562e-03
1.498262e+02	-3.922074e-03
1.506916e+02	-3.757369e-03
1.515620e+02	-3.966660e-03
1.524374e+02	-4.066144e-03
1.533179e+02	-4.045683e-03
1.542034e+02	-4.083527e-03
1.550941e+02	-4.239638e-03
1.559899e+02	-4.181799e-03
1.568909e+02	-4.345208e-03
1.577971e+02	-4.433437e-03
1.587085e+02	-4.296055e-03
1.596252e+02	-4.390434e-03
1.605472e+02	-4.593839e-03
1.614745e+02	-4.673348e-03
1.624072e+02	-4.505000e-03
1.633453e+02	-4.602606e-03
1.642887e+02	-4.542305e-03
1.652377e+02	-4.657374e-03
1.661921e+02	-4.858949e-03
1.671520e+02	-4.748440e-03
1.681175e+02	-4.948578e-03
1.690885e+02	-5.140280e-03
1.700651e+02	-5.111253e-03
1.710474e+02	-5.035098e-03
1.720354e+02	-5.140017e-03
1.730291e+02	-5.168739e-03
1.740285e+02	-5.269499e-03
1.750337e+02	-5.418067e-03
1.760446e+02	-5.166748e-03
1.770615e+02	-5.427137e-03
1.780842e+02	-5.357845e-03
1.791128e+02	-5.714373e-03
1.801473e+02	-5.534138e-03
1.811878e+02	-5.732739e-03
1.822344e+02	-5.874662e-03
1.832870e+02	-5.796337e-03
1.843456e+02	-5.721383e-03
1.854104e+02	-5.997563e-03
1.864813e+02	-6.135915e-03
1.875584e+02	-6.093154e-03
1.886418e+02	-6.227447e-03
1.897313e+02	-6.457960e-03
1.908272e+02	-6.312283e-03
1.919294e+02	-6.436040e-03
1.930380e+02	-6.528295e-03
1.941530e+02	-6.723843e-03
1.952744e+02	-6.710374e-03
1.964023e+02	-6.760483e-03
1.975367e+02	-6.771035e-03
1.986777e+02	-6.836418e-03
1.998252e+02	-6.974941e-03
2.009794e+02	-6.922013e-03
2.021403e+02	-7.187499e-03
2.033078e+02	-7.238096e-03
2.044821e+02	-7.260457e-03
2.056632e+02	-7.433008e-03
2.068511e+02	-7.478360e-03
2.080459e+02	-7.469917e-03
2.092475e+02	-7.537305e-03
2.104561e+02	-7.699849e-03
2.116717e+02	-7.860440e-03
2.128943e+02	-8.052190e-03
2.141240e+02	-8.044079e-03
2.153608e+02	-8.222787e-03
2.166047e+02	-8.203176e-03
2.178558e+02	-8.334576e-03
2.191141e+02	-8.374797e-03
2.203797e+02	-8.555747e-03
2.216526e+02	-8.560886e-03
2.229329e+02	-8.641326e-03
2.242205e+02	-8.663001e-03
2.255156e+02	-8.771725e-03
2.268182e+02	-8.990291e-03
2.281283e+02	-9.087328e-03
2.294459e+02	-9.311796e-03
2.307712e+02	-9.289437e-03
2.321041e+02	-9.502087e-03
2.334447e+02	-9.576606e-03
2.347931e+02	-9.603747e-03
2.361493e+02	-9.844527e-03
2.375133e+02	-9.797499e-03
2.388851e+02	-1.002652e-02
2.402649e+02	-1.011821e-02
2.416527e+02	-9.935913e-03
2.430484e+02	-1.018979e-02
2.444523e+02	-1.046393e-02
2.458642e+02	-1.043622e-02
2.472843e+02	-1.082030e-02
2.487126e+02	-1.069962e-02
2.501492e+02	-1.103718e-02
2.515940e+02	-1.106189e-02
2.530472e+02	-1.111234e-02
2.545088e+02	-1.131038e-02
2.559789e+02	-1.141982e-02
2.574574e+02	-1.145897e-02
2.589444e+02	-1.165909e-02
2.604401e+02	-1.169020e-02
2.619444e+02	-1.201846e-02
2.634574e+02	-1.203870e-02
2.649791e+02	-1.232935e-02
2.665096e+02	-1.230214e-02
2.680489e+02	-1.251146e-02
2.695972e+02	-1.268930e-02
2.711544e+02	-1.275900e-02
2.727205e+02	-1.312953e-02
2.742958e+02	-1.314666e-02
2.758801e+02	-1.324165e-02
2.774736e+02	-1.338267e-02
2.790762e+02	-1.360658e-02
2.806882e+02	-1.368093e-02
2.823094e+02	-1.381229e-02
2.839400e+02	-1.408805e-02
2.855800e+02	-1.413519e-02
2.872295e+02	-1.438090e-02
2.888886e+02	-1.451504e-02
2.905572e+02	-1.460250e-02
2.922354e+02	-1.497340e-02
2.939234e+02	-1.506959e-02
2.956211e+02	-1.520344e-02
2.973286e+02	-1.541470e-02
2.990459e+02	-1.569686e-02
3.007732e+02	-1.566048e-02
3.025104e+02	-1.587608e-02
3.042577e+02	-1.612711e-02
3.060151e+02	-1.638058e-02
3.077826e+02	-1.636366e-02
3.095604e+02	-1.670286e-02
3.113484e+02	-1.690195e-02
3.131467e+02	-1.718356e-02
3.149554e+02	-1.731170e-02
3.167746e+02	-1.748157e-02
3.186043e+02	-1.775358e-02
3.204445e+02	-1.787822e-02
3.222954e+02	-1.797455e-02
3.241570e+02	-1.849039e-02
3.260293e+02	-1.845086e-02
3.279124e+02	-1.870182e-02
3.298064e+02	-1.916059e-02
3.317114e+02	-1.907772e-02
3.336273e+02	-1.937235e-02
3.355544e+02	-1.965347e-02
3.374925e+02	-1.987343e-02
3.394418e+02	-2.001914e-02
3.414024e+02	-2.019312e-02
3.433744e+02	-2.056334e-02
3.453577e+02	-2.086507e-02
3.473525e+02	-2.092112e-02
3.493588e+02	-2.135140e-02
3.513766e+02	-2.145778e-02
3.534062e+02	-2.171692e-02
3.554474e+02	-2.199179e-02
3.575005e+02	-2.215363e-02
3.595654e+02	-2.252352e-02
3.616422e+02	-2.270636e-02
3.637311e+02	-2.294168e-02
3.658320e+02	-2.328231e-02
3.679450e+02	-2.357514e-02
3.700702e+02	-2.380246e-02
3.722077e+02	-2.411216e-02
3.743576e+02	-2.439683e-02
3.765199e+02	-2.468191e-02
3.786946e+02	-2.489752e-02
3.808820e+02	-2.504160e-02
3.830819e+02	-2.554533e-02
3.852946e+02	-2.572568e-02
3.875200e+02	-2.608319e-02
3.897583e+02	-2.632442e-02
3.920096e+02	-2.661782e-02
3.942738e+02	-2.704451e-02
3.965511e+02	-2.714924e-02
3.988416e+02	-2.770807e-02
4.011452e+02	-2.794194e-02
4.034622e+02	-2.819771e-02
4.057926e+02	-2.846642e-02
4.081365e+02	-2.881241e-02
4.104938e+02	-2.932642e-02
4.128648e+02	-2.952824e-02
4.152495e+02	-3.001083e-02
4.176480e+02	-3.020944e-02
4.200603e+02	-3.059981e-02
4.224866e+02	-3.084963e-02
4.249268e+02	-3.151744e-02
4.273812e+02	-3.178770e-02
4.298497e+02	-3.199580e-02
4.323325e+02	-3.253350e-02
4.348297e+02	-3.293272e-02
4.373412e+02	-3.318608e-02
4.398673e+02	-3.343730e-02
4.424079e+02	-3.403279e-02
4.449633e+02	-3.445910e-02
4.475334e+02	-3.459201e-02
4.501183e+02	-3.519254e-02
4.527182e+02	-3.570011e-02
4.553330e+02	-3.619258e-02
4.579630e+02	-3.640806e-02
4.606082e+02	-3.676822e-02
4.632687e+02	-3.722916e-02
4.659445e+02	-3.765278e-02
4.686358e+02	-3.808631e-02
4.713426e+02	-3.849814e-02
4.740650e+02	-3.885206e-02
4.768032e+02	-3.943699e-02
4.795572e+02	-3.994362e-02
4.823271e+02	-4.024466e-02
4.851130e+02	-4.077686e-02
4.879150e+02	-4.127153e-02
4.907332e+02	-4.171589e-02
4.935676e+02	-4.225979e-02
4.964185e+02	-4.292984e-02
4.992858e+02	-4.320367e-02
5.021696e+02	-4.382118e-02
5.050701e+02	-4.420120e-02
5.079874e+02	-4.471143e-02
5.109215e+02	-4.520627e-02
5.138726e+02	-4.585246e-02
5.168407e+02	-4.628238e-02
5.198259e+02	-4.682743e-02
5.228284e+02	-4.739356e-02
5.258482e+02	-4.775014e-02
5.288855e+02	-4.849741e-02
5.319403e+02	-4.903868e-02
5.350128e+02	-4.958916e-02
5.381030e+02	-5.032048e-02
5.412111e+02	-5.086930e-02
5.443371e+02	-5.123804e-02
5.474812e+02	-5.187160e-02
5.506434e+02	-5.256701e-02
5.538239e+02	-5.314978e-02
5.570228e+02	-5.389324e-02
5.602401e+02	-5.427799e-02
5.634760e+02	-5.513412e-02
5.667306e+02	-5.571778e-02
5.700040e+02	-5.631368e-02
5.732964e+02	-5.709253e-02
5.766077e+02	-5.763682e-02
5.799382e+02	-5.829865e-02
5.832879e+02	-5.888146e-02
5.866569e+02	-5.953313e-02
5.900454e+02	-6.021982e-02
5.934535e+02	-6.091378e-02
5.968813e+02	-6.167323e-02
6.003288e+02	-6.235936e-02
6.037963e+02	-6.313332e-02
6.072838e+02	-6.399433e-02
6.107914e+02	-6.471783e-02
6.143194e+02	-6.520437e-02
6.178676e+02	-6.604953e-02
6.214364e+02	-6.689495e-02
6.250258e+02	-6.754810e-02
6.286359e+02	-6.838922e-02
6.322669e+02	-6.914796e-02
6.359189e+02	-6.991268e-02
6.395919e+02	-7.072043e-02
6.432862e+02	-7.146823e-02
6.470017e+02	-7.246519e-02
6.507388e+02	-7.326918e-02
6.544974e+02	-7.407064e-02
6.582778e+02	-7.497508e-02
6.620800e+02	-7.564029e-02
6.659041e+02	-7.678245e-02
6.697504e+02	-7.742409e-02
6.736188e+02	-7.841995e-02
6.775096e+02	-7.949859e-02
6.814229e+02	-8.025677e-02
6.853587e+02	-8.103172e-02
6.893173e+02	-8.205977e-02
6.932988e+02	-8.298625e-02
6.973033e+02	-8.397797e-02
7.013309e+02	-8.480011e-02
7.053817e+02	-8.602197e-02
7.094560e+02	-8.693466e-02
7.135538e+02	-8.792548e-02
7.176752e+02	-8.901870e-02
7.218205e+02	-8.988959e-02
7.259897e+02	-9.099020e-02
7.301830e+02	-9.225311e-02
7.344005e+02	-9.310874e-02
7.386424e+02	-9.398496e-02
7.429087e+02	-9.508906e-02
7.471998e+02	-9.628394e-02
7.515155e+02	-9.736810e-02
7.558563e+02	-9.862244e-02
7.602221e+02	-9.959942e-02
7.646131e+02	-1.007880e-01
7.690295e+02	-1.019108e-01
7.734713e+02	-1.031148e-01
7.779389e+02	-1.043185e-01
7.824322e+02	-1.056331e-01
7.869515e+02	-1.068126e-01
7.914969e+02	-1.079583e-01
7.960686e+02	-1.092800e-01
8.006666e+02	-1.104457e-01
8.052912e+02	-1.116840e-01
8.099426e+02	-1.127991e-01
8.146208e+02	-1.141229e-01
8.193260e+02	-1.154982e-01
8.240584e+02	-1.168682e-01
8.288181e+02	-1.181100e-01
8.336053e+02	-1.196259e-01
8.384202e+02	-1.209307e-01
8.432629e+02	-1.223408e-01
8.481335e+02	-1.236383e-01
8.530323e+02	-1.250882e-01
8.579594e+02	-1.265618e-01
8.629149e+02	-1.278879e-01
8.678991e+02	-1.293711e-01
8.729120e+02	-1.306268e-01
8.779539e+02	-1.323840e-01
8.830250e+02	-1.339446e-01
8.881253e+02	-1.354774e-01
8.932551e+02	-1.370157e-01
8.984145e+02	-1.385032e-01
9.036037e+02	-1.400717e-01
9.088229e+02	-1.415790e-01
9.140722e+02	-1.432459e-01
9.193518e+02	-1.448202e-01
9.246620e+02	-1.466147e-01
9.300028e+02	-1.483344e-01
9.353744e+02	-1.499953e-01
9.407771e+02	-1.516192e-01
9.462110e+02	-1.534655e-01
9.516763e+02	-1.550578e-01
9.571731e+02	-1.569348e-01
9.627017e+02	-1.587449e-01
9.682622e+02	-1.605510e-01
9.738549e+02	-1.623914e-01
9.794798e+02	-1.642540e-01
9.851373e+02	-1.660375e-01
9.908274e+02	-1.678724e-01
9.965504e+02	-1.698173e-01
1.002306e+03	-1.718471e-01
1.008096e+03	-1.736713e-01
1.013918e+03	-1.755386e-01
1.019775e+03	-1.775775e-01
1.025665e+03	-1.795290e-01
1.031589e+03	-1.816558e-01
1.037548e+03	-1.838749e-01
1.043540e+03	-1.858558e-01
1.049568e+03	-1.881099e-01
1.055630e+03	-1.900939e-01
1.061727e+03	-1.923484e-01
1.067860e+03	-1.945085e-01
1.074028e+03	-1.965369e-01
1.080231e+03	-1.987958e-01
1.086471e+03	-2.010128e-01
1.092746e+03	-2.033920e-01
1.099058e+03	-2.057055e-01
1.105406e+03	-2.081583e-01
1.111791e+03	-2.104333e-01
1.118212e+03	-2.127787e-01
1.124671e+03	-2.151121e-01
1.131167e+03	-2.174815e-01
1.137701e+03	-2.200210e-01
1.144272e+03	-2.224968e-01
1.150881e+03	-2.250136e-01
1.157529e+03	-2.273956e-01
1.164215e+03	-2.302646e-01
1.170939e+03	-2.326509e-01
1.177702e+03	-2.352892e-01
1.184505e+03	-2.379932e-01
1.191346e+03	-2.406715e-01
1.198227e+03	-2.433533e-01
1.205148e+03	-2.464058e-01
1.212109e+03	-2.491007e-01
1.219110e+03	-2.516533e-01
1.226152e+03	-2.545424e-01
1.233234e+03	-2.573144e-01
1.240357e+03	-2.602015e-01
1.247521e+03	-2.633945e-01
1.254727e+03	-2.661823e-01
1.261974e+03	-2.691446e-01
1.269263e+03	-2.721632e-01
1.276595e+03	-2.754195e-01
1.283968e+03	-2.783101e-01
1.291384e+03	-2.814222e-01
1.298843e+03	-2.846180e-01
1.306345e+03	-2.877627e-01
1.313891e+03	-2.911024e-01
1.321480e+03	-2.943940e-01
1.329113e+03	-2.974976e-01
1.336790e+03	-3.008233e-01
1.344511e+03	-3.042744e-01
1.352277e+03	-3.076987e-01
1.360087e+03	-3.112813e-01
1.367943e+03	-3.145486e-01
1.375844e+03	-3.181897e-01
1.383791e+03	-3.214580e-01
1.391784e+03	-3.252442e-01
1.399823e+03	-3.287789e-01
1.407908e+03	-3.324643e-01
1.416040e+03	-3.362924e-01
1.424219e+03	-3.400276e-01
1.432445e+03	-3.436958e-01
1.440719e+03	-3.477267e-01
1.449041e+03	-3.514397e-01
1.457410e+03	-3.556491e-01
1.465828e+03	-3.592744e-01
1.474295e+03	-3.633757e-01
1.482810e+03	-3.674742e-01
1.491375e+03	-3.714752e-01
1.499989e+03	-3.756451e-01
1.508653e+03	-3.797734e-01
1.517367e+03	-3.838866e-01
1.526131e+03	-3.884351e-01
1.534946e+03	-3.926506e-01
1.543812e+03	-3.968612e-01
1.552729e+03	-4.012178e-01
1.561697e+03	-4.058072e-01
1.570717e+03	-4.101926e-01
1.579790e+03	-4.147551e-01
1.588915e+03	-4.193942e-01
1.598092e+03	-4.237946e-01
1.607323e+03	-4.286830e-01
1.616606e+03	-4.333753e-01
1.625944e+03	-4.381648e-01
1.635335e+03	-4.427189e-01
1.644781e+03	-4.479082e-01
1.654281e+03	-4.528039e-01
1.663836e+03	-4.578247e-01
1.673446e+03	-4.626038e-01
1.683112e+03	-4.677085e-01
1.692834e+03	-4.729770e-01
1.702611e+03	-4.781573e-01
1.712446e+03	-4.833983e-01
1.722337e+03	-4.886938e-01
1.732285e+03	-4.940869e-01
1.742290e+03	-4.994502e-01
1.752354e+03	-5.048448e-01
1.762475e+03	-5.103888e-01
1.772655e+03	-5.159532e-01
1.782894e+03	-5.216239e-01
1.793192e+03	-5.272439e-01
1.803549e+03	-5.331203e-01
1.813967e+03	-5.386730e-01
1.824444e+03	-5.448524e-01
1.834982e+03	-5.506453e-01
1.845581e+03	-5.566824e-01
1.856241e+03	-5.626963e-01
1.866962e+03	-5.687450e-01
1.877746e+03	-5.749241e-01
1.888592e+03	-5.812024e-01
1.899500e+03	-5.875296e-01
1.910472e+03	-5.937974e-01
1.921506e+03	-6.002729e-01
1.932605e+03	-6.067723e-01
1.943768e+03	-6.133492e-01
1.954995e+03	-6.198791e-01
1.966287e+03	-6.267326e-01
1.977644e+03	-6.333937e-01
1.989067e+03	-6.400281e-01
2.000555e+03	-6.470939e-01
2.012110e+03	-6.541550e-01
2.023732e+03	-6.610860e-01
2.035421e+03	-6.681058e-01
2.047178e+03	-6.754146e-01
2.059002e+03	-6.826172e-01
2.070895e+03	-6.898849e-01
2.082856e+03	-6.971864e-01
2.094887e+03	-7.048455e-01
2.106987e+03	-7.122727e-01
2.119157e+03	-7.197559e-01
2.131397e+03	-7.274526e-01
2.143708e+03	-7.352100e-01
2.156090e+03	-7.431568e-01
2.168543e+03	-7.510335e-01
2.181069e+03	-7.590567e-01
2.193666e+03	-7.669056e-01
2.206337e+03	-7.752073e-01
2.219081e+03	-7.834729e-01
2.231898e+03	-7.916580e-01
2.244789e+03	-7.999359e-01
2.257755e+03	-8.083297e-01
2.270796e+03	-8.168861e-01
2.283912e+03	-8.256372e-01
2.297104e+03	-8.341407e-01
2.310372e+03	-8.431151e-01
2.323716e+03	-8.518928e-01
2.337138e+03	-8.609167e-01
2.350637e+03	-8.698949e-01
2.364214e+03	-8.789016e-01
2.377870e+03	-8.882148e-01
2.391604e+03	-8.976182e-01
2.405418e+03	-9.070147e-01
2.419312e+03	-9.163570e-01
2.433286e+03	-9.260165e-01
2.447340e+03	-9.356642e-01
2.461476e+03	-9.452258e-01
2.475693e+03	-9.553564e-01
2.489993e+03	-9.649869e-01
2.504375e+03	-9.749635e-01
2.518840e+03	-9.852243e-01
2.533389e+03	-9.955414e-01
2.548022e+03	-1.005489e+00
2.562739e+03	-1.015987e+00
2.577541e+03	-1.026431e+00
2.592429e+03	-1.037011e+00
2.607403e+03	-1.047817e+00
2.622463e+03	-1.058501e+00
2.637610e+03	-1.069280e+00
2.652845e+03	-1.080394e+00
2.668168e+03	-1.091390e+00
2.683579e+03	-1.102436e+00
2.699079e+03	-1.113654e+00
2.714669e+03	-1.125227e+00
2.730349e+03	-1.136791e+00
2.746119e+03	-1.148057e+00
2.761981e+03	-1.159837e+00
2.777934e+03	-1.171447e+00
2.793979e+03	-1.183463e+00
2.810117e+03	-1.195387e+00
2.826348e+03	-1.207441e+00
2.842673e+03	-1.219562e+00
2.859092e+03	-1.231952e+00
2.875606e+03	-1.244591e+00
2.892215e+03	-1.256959e+00
2.908921e+03	-1.269475e+00
2.925722e+03	-1.282154e+00
2.942621e+03	-1.295325e+00
2.959618e+03	-1.307793e+00
2.976712e+03	-1.321276e+00
2.993906e+03	-1.334174e+00
3.011198e+03	-1.347593e+00
3.028591e+03	-1.360755e+00
3.046084e+03	-1.374512e+00
3.063678e+03	-1.387928e+00
3.081374e+03	-1.401857e+00
3.099172e+03	-1.415835e+00
3.117072e+03	-1.429459e+00
3.135076e+03	-1.443633e+00
3.153184e+03	-1.457847e+00
3.171397e+03	-1.472232e+00
3.189715e+03	-1.486691e+00
3.208139e+03	-1.501273e+00
3.226669e+03	-1.515724e+00
3.245306e+03	-1.530260e+00
3.264051e+03	-1.545470e+00
3.282904e+03	-1.560614e+00
3.301866e+03	-1.575563e+00
3.320937e+03	-1.590952e+00
3.340119e+03	-1.606091e+00
3.359411e+03	-1.621633e+00
3.378815e+03	-1.637397e+00
3.398331e+03	-1.653094e+00
3.417959e+03	-1.668881e+00
3.437701e+03	-1.684970e+00
3.457557e+03	-1.701057e+00
3.477528e+03	-1.717373e+00
3.497614e+03	-1.733668e+00
3.517816e+03	-1.750409e+00
3.538135e+03	-1.766895e+00
3.558571e+03	-1.783524e+00
3.579125e+03	-1.800865e+00
3.599798e+03	-1.817656e+00
3.620590e+03	-1.834723e+00
3.641503e+03	-1.851967e+00
3.662536e+03	-1.869489e+00
3.683691e+03	-1.886810e+00
3.704967e+03	-1.904544e+00
3.726367e+03	-1.922469e+00
3.747890e+03	-1.940301e+00
3.769538e+03	-1.958289e+00
3.791311e+03	-1.976654e+00
3.813209e+03	-1.994934e+00
3.835234e+03	-2.013519e+00
3.857386e+03	-2.031971e+00
3.879667e+03	-2.050741e+00
3.902075e+03	-2.069438e+00
3.924614e+03	-2.088495e+00
3.947282e+03	-2.107860e+00
3.970081e+03	-2.126949e+00
3.993012e+03	-2.146566e+00
4.016076e+03	-2.165871e+00
4.039272e+03	-2.185633e+00
4.062603e+03	-2.205506e+00
4.086069e+03	-2.225556e+00
4.109670e+03	-2.245361e+00
4.133407e+03	-2.265773e+00
4.157281e+03	-2.286182e+00
4.181294e+03	-2.306665e+00
4.205445e+03	-2.327306e+00
4.229735e+03	-2.348171e+00
4.254166e+03	-2.368802e+00
4.278738e+03	-2.390018e+00
4.303451e+03	-2.411351e+00
4.328308e+03	-2.432325e+00
4.353308e+03	-2.454023e+00
4.378453e+03	-2.475749e+00
4.403742e+03	-2.497368e+00
4.429178e+03	-2.519520e+00
4.454761e+03	-2.541330e+00
4.480492e+03	-2.563589e+00
4.506371e+03	-2.585905e+00
4.532399e+03	-2.608323e+00
4.558578e+03	-2.631038e+00
4.584908e+03	-2.653543e+00
4.611391e+03	-2.676422e+00
4.638026e+03	-2.699707e+00
4.664815e+03	-2.722711e+00
4.691759e+03	-2.745972e+00
4.718858e+03	-2.769717e+00
4.746114e+03	-2.793168e+00
4.773527e+03	-2.816706e+00
4.801099e+03	-2.840943e+00
4.828830e+03	-2.864694e+00
4.856721e+03	-2.888886e+00
4.884773e+03	-2.913335e+00
4.912988e+03	-2.937531e+00
4.941365e+03	-2.962596e+00
4.969906e+03	-2.986962e+00
4.998612e+03	-3.012155e+00
5.027484e+03	-3.036954e+00
5.056522e+03	-3.062147e+00
5.085729e+03	-3.087221e+00
5.115104e+03	-3.112854e+00
5.144648e+03	-3.138513e+00
5.174363e+03	-3.164200e+00
5.204250e+03	-3.190010e+00
5.234310e+03	-3.216200e+00
5.264543e+03	-3.242397e+00
5.294951e+03	-3.268660e+00
5.325534e+03	-3.295188e+00
5.356294e+03	-3.321649e+00
5.387232e+03	-3.348550e+00
5.418348e+03	-3.375038e+00
5.449645e+03	-3.402318e+00
5.481122e+03	-3.429514e+00
5.512780e+03	-3.456665e+00
5.544622e+03	-3.484099e+00
5.576647e+03	-3.511853e+00
5.608858e+03	-3.539444e+00
5.641254e+03	-3.567300e+00
5.673838e+03	-3.595396e+00
5.706610e+03	-3.623279e+00
5.739571e+03	-3.651699e+00
5.772723e+03	-3.680258e+00
5.806066e+03	-3.708492e+00
5.839601e+03	-3.736977e+00
5.873331e+03	-3.766131e+00
5.907255e+03	-3.795146e+00
5.941375e+03	-3.824196e+00
5.975692e+03	-3.853594e+00
6.010207e+03	-3.882717e+00
6.044922e+03	-3.912318e+00
6.079837e+03	-3.942061e+00
6.114954e+03	-3.972072e+00
6.150274e+03	-4.001925e+00
6.185797e+03	-4.031843e+00
6.221526e+03	-4.062077e+00
6.257462e+03	-4.092043e+00
6.293605e+03	-4.122947e+00
6.329956e+03	-4.153301e+00
6.366518e+03	-4.184238e+00
6.403290e+03	-4.215015e+00
6.440276e+03	-4.246075e+00
6.477474e+03	-4.277181e+00
6.514888e+03	-4.308436e+00
6.552518e+03	-4.339997e+00
6.590365e+03	-4.371157e+00
6.628430e+03	-4.402833e+00
6.666716e+03	-4.434686e+00
6.705223e+03	-4.466658e+00
6.743952e+03	-4.498665e+00
6.782905e+03	-4.530842e+00
6.822082e+03	-4.562972e+00
6.861486e+03	-4.595877e+00
6.901118e+03	-4.628062e+00
6.940979e+03	-4.660736e+00
6.981069e+03	-4.693921e+00
7.021392e+03	-4.726596e+00
7.061947e+03	-4.759711e+00
7.102737e+03	-4.792861e+00
7.143762e+03	-4.825849e+00
7.185024e+03	-4.859595e+00
7.226524e+03	-4.893253e+00
7.268264e+03	-4.926814e+00
7.310246e+03	-4.960525e+00
7.352469e+03	-4.994634e+00
7.394937e+03	-5.028356e+00
7.437650e+03	-5.062582e+00
7.480609e+03	-5.097078e+00
7.523817e+03	-5.131399e+00
7.567274e+03	-5.165861e+00
7.610982e+03	-5.200460e+00
7.654943e+03	-5.235298e+00
7.699158e+03	-5.270137e+00
7.743628e+03	-5.305304e+00
7.788355e+03	-5.340159e+00
7.833340e+03	-5.375224e+00
7.878585e+03	-5.410952e+00
7.924091e+03	-5.446110e+00
7.969861e+03	-5.481557e+00
8.015894e+03	-5.517554e+00
8.062194e+03	-5.553292e+00
8.108761e+03	-5.588936e+00
8.155596e+03	-5.624971e+00
8.202703e+03	-5.661294e+00
8.250081e+03	-5.697474e+00
8.297733e+03	-5.733803e+00
8.345661e+03	-5.770279e+00
8.393865e+03	-5.806673e+00
8.442348e+03	-5.843575e+00
8.491110e+03	-5.880453e+00
8.540155e+03	-5.916628e+00
8.589482e+03	-5.953856e+00
8.639095e+03	-5.991266e+00
8.688994e+03	-6.028285e+00
8.739181e+03	-6.065511e+00
8.789658e+03	-6.103212e+00
8.840427e+03	-6.140233e+00
8.891489e+03	-6.177987e+00
8.942846e+03	-6.215415e+00
8.994499e+03	-6.253376e+00
9.046451e+03	-6.291122e+00
9.098703e+03	-6.329231e+00
9.151257e+03	-6.367137e+00
9.204114e+03	-6.405584e+00
9.257277e+03	-6.443690e+00
9.310746e+03	-6.482313e+00
9.364525e+03	-6.520516e+00
9.418614e+03	-6.559275e+00
9.473015e+03	-6.597445e+00
9.527731e+03	-6.636490e+00
9.582763e+03	-6.675003e+00
9.638113e+03	-6.714116e+00
9.693782e+03	-6.753033e+00
9.749773e+03	-6.792173e+00
9.806087e+03	-6.831745e+00
9.862727e+03	-6.870554e+00
9.919693e+03	-6.910113e+00
9.976989e+03	-6.949435e+00
1.003462e+04	-6.989246e+00
1.009258e+04	-7.029218e+00
1.015087e+04	-7.068468e+00
1.020950e+04	-7.107964e+00
1.026847e+04	-7.147895e+00
1.032778e+04	-7.187914e+00
1.038743e+04	-7.227745e+00
1.044743e+04	-7.267903e+00
1.050777e+04	-7.308383e+00
1.056847e+04	-7.348748e+00
1.062951e+04	-7.388720e+00
1.069091e+04	-7.429373e+00
1.075266e+04	-7.469989e+00
1.081476e+04	-7.510384e+00
1.087723e+04	-7.550779e+00
1.094006e+04	-7.591410e+00
1.100324e+04	-7.632508e+00
1.106680e+04	-7.672896e+00
1.113072e+04	-7.713968e+00
1.119501e+04	-7.754995e+00
1.125967e+04	-7.796442e+00
1.132471e+04	-7.837837e+00
1.139012e+04	-7.878518e+00
1.145591e+04	-7.920152e+00
1.152208e+04	-7.961580e+00
1.158863e+04	-8.002778e+00
1.165556e+04	-8.044369e+00
1.172289e+04	-8.085866e+00
1.179060e+04	-8.127499e+00
1.185870e+04	-8.168858e+00
1.192719e+04	-8.210844e+00
1.199608e+04	-8.252861e+00
1.206537e+04	-8.294293e+00
1.213506e+04	-8.336460e+00
1.220515e+04	-8.378690e+00
1.227565e+04	-8.420184e+00
1.234655e+04	-8.462922e+00
1.241787e+04	-8.505288e+00
1.248959e+04	-8.547089e+00
1.256173e+04	-8.589618e+00
1.263429e+04	-8.631794e+00
1.270726e+04	-8.674392e+00
1.278066e+04	-8.716615e+00
1.285448e+04	-8.759205e+00
1.292873e+04	-8.801580e+00
1.300340e+04	-8.844601e+00
1.307851e+04	-8.887190e+00
1.315405e+04	-8.930118e+00
1.323003e+04	-8.972586e+00
1.330644e+04	-9.015858e+00
1.338330e+04	-9.058358e+00
1.346060e+04	-9.101551e+00
1.353835e+04	-9.145188e+00
1.361655e+04	-9.187562e+00
1.369520e+04	-9.230903e+00
1.377430e+04	-9.273761e+00
1.385386e+04	-9.316927e+00
1.393388e+04	-9.359714e+00
1.401436e+04	-9.403070e+00
1.409531e+04	-9.446615e+00
1.417672e+04	-9.490726e+00
1.425861e+04	-9.533607e+00
1.434096e+04	-9.577018e+00
1.442379e+04	-9.620165e+00
1.450711e+04	-9.663899e+00
1.459090e+04	-9.707502e+00
1.467518e+04	-9.751910e+00
1.475994e+04	-9.794763e+00
1.484519e+04	-9.838235e+00
1.493094e+04	-9.882465e+00
1.501718e+04	-9.926297e+00
1.510392e+04	-9.970287e+00
1.519116e+04	-1.001362e+01
1.527890e+04	-1.005746e+01
1.536715e+04	-1.010199e+01
1.545591e+04	-1.014494e+01
1.554518e+04	-1.018928e+01
1.563497e+04	-1.023339e+01
1.572528e+04	-1.027775e+01
1.581611e+04	-1.032163e+01
1.590746e+04	-1.036541e+01
1.599934e+04	-1.040967e+01
1.609175e+04	-1.045375e+01
1.618470e+04	-1.049829e+01
1.627818e+04	-1.054196e+01
1.637220e+04	-1.058658e+01
1.646677e+04	-1.063040e+01
1.656188e+04	-1.067478e+01
1.665754e+04	-1.071988e+01
1.675375e+04	-1.076368e+01
1.685052e+04	-1.080823e+01
1.694785e+04	-1.085302e+01
1.704574e+04	-1.089721e+01
1.714419e+04	-1.094087e+01
1.724322e+04	-1.098627e+01
1.734281e+04	-1.103075e+01
1.744299e+04	-1.107508e+01
1.754374e+04	-1.111956e+01
1.764507e+04	-1.116377e+01
1.774698e+04	-1.120859e+01
1.784949e+04	-1.125270e+01
1.795259e+04	-1.129766e+01
1.805628e+04	-1.134259e+01
1.816057e+04	-1.138640e+01
1.826547e+04	-1.143232e+01
1.837097e+04	-1.147695e+01
1.847708e+04	-1.152054e+01
1.858380e+04	-1.156675e+01
1.869114e+04	-1.161039e+01
1.879910e+04	-1.165545e+01
1.890768e+04	-1.170002e+01
1.901689e+04	-1.174462e+01
1.912673e+04	-1.178909e+01
1.923721e+04	-1.183390e+01
1.934832e+04	-1.187855e+01
1.946008e+04	-1.192321e+01
1.957248e+04	-1.196851e+01
1.968553e+04	-1.201327e+01
1.979923e+04	-1.205876e+01
1.991359e+04	-1.210285e+01
2.002861e+04	-1.214770e+01
2.014430e+04	-1.219196e+01
2.026065e+04	-1.223766e+01
2.037767e+04	-1.228210e+01
2.049537e+04	-1.232740e+01
2.061375e+04	-1.237203e+01
2.073282e+04	-1.241676e+01
2.085257e+04	-1.246132e+01
2.097301e+04	-1.250635e+01
2.109415e+04	-1.255098e+01
2.121599e+04	-1.259642e+01
2.133853e+04	-1.264089e+01
2.146178e+04	-1.268536e+01
2.158575e+04	-1.273032e+01
2.171043e+04	-1.277611e+01
2.183582e+04	-1.282044e+01
2.196195e+04	-1.286515e+01
2.208880e+04	-1.291058e+01
2.221638e+04	-1.295484e+01
2.234470e+04	-1.300003e+01
2.247377e+04	-1.304379e+01
2.260357e+04	-1.308836e+01
2.273413e+04	-1.313369e+01
2.286544e+04	-1.317804e+01
2.299751e+04	-1.322311e+01
2.313034e+04	-1.326801e+01
2.326394e+04	-1.331252e+01
2.339832e+04	-1.335792e+01
2.353346e+04	-1.340233e+01
2.366939e+04	-1.344683e+01
2.380610e+04	-1.349214e+01
2.394361e+04	-1.353655e+01
2.408191e+04	-1.358027e+01
2.422100e+04	-1.362516e+01
2.436090e+04	-1.367020e+01
2.450161e+04	-1.371467e+01
2.464313e+04	-1.375956e+01
2.478547e+04	-1.380406e+01
2.492863e+04	-1.384906e+01
2.507261e+04	-1.389329e+01
2.521743e+04	-1.393739e+01
2.536309e+04	-1.398138e+01
2.550958e+04	-1.402677e+01
2.565692e+04	-1.406982e+01
2.580512e+04	-1.411536e+01
2.595417e+04	-1.415913e+01
2.610408e+04	-1.420443e+01
2.625485e+04	-1.424816e+01
2.640650e+04	-1.429280e+01
2.655902e+04	-1.433693e+01
2.671243e+04	-1.438238e+01
2.686672e+04	-1.442384e+01
2.702190e+04	-1.446888e+01
2.717798e+04	-1.451353e+01
2.733495e+04	-1.455791e+01
2.749284e+04	-1.460244e+01
2.765164e+04	-1.464580e+01
2.781135e+04	-1.468950e+01
2.797199e+04	-1.473395e+01
2.813355e+04	-1.477835e+01
2.829605e+04	-1.482188e+01
2.845949e+04	-1.486486e+01
2.862387e+04	-1.490962e+01
2.878920e+04	-1.495265e+01
2.895549e+04	-1.499716e+01
2.912273e+04	-1.504069e+01
2.929094e+04	-1.508408e+01
2.946013e+04	-1.512709e+01
2.963029e+04	-1.517089e+01
2.980143e+04	-1.521494e+01
2.997356e+04	-1.525898e+01
3.014669e+04	-1.530306e+01
3.032081e+04	-1.534632e+01
3.049595e+04	-1.538843e+01
3.067209e+04	-1.543209e+01
3.084925e+04	-1.547627e+01
3.102743e+04	-1.551924e+01
3.120665e+04	-1.556159e+01
3.138690e+04	-1.560454e+01
3.156819e+04	-1.564789e+01
3.175052e+04	-1.569095e+01
3.193391e+04	-1.573446e+01
3.211836e+04	-1.577638e+01
3.230388e+04	-1.581867e+01
3.249046e+04	-1.586154e+01
3.267812e+04	-1.590543e+01
3.286687e+04	-1.594784e+01
3.305671e+04	-1.598979e+01
3.324764e+04	-1.603274e+01
3.343968e+04	-1.607517e+01
3.363283e+04	-1.611808e+01
3.382709e+04	-1.615930e+01
3.402247e+04	-1.620216e+01
3.421899e+04	-1.624355e+01
3.441663e+04	-1.628682e+01
3.461542e+04	-1.632816e+01
3.481536e+04	-1.637009e+01
3.501645e+04	-1.641176e+01
3.521871e+04	-1.645327e+01
3.542213e+04	-1.649620e+01
3.562672e+04	-1.653661e+01
3.583250e+04	-1.658020e+01
3.603947e+04	-1.662047e+01
3.624763e+04	-1.666057e+01
3.645700e+04	-1.670357e+01
3.666757e+04	-1.674456e+01
3.687936e+04	-1.678581e+01
3.709238e+04	-1.682641e+01
3.730662e+04	-1.686833e+01
3.752210e+04	-1.690924e+01
3.773883e+04	-1.695033e+01
3.795680e+04	-1.699116e+01
3.817604e+04	-1.703215e+01
3.839654e+04	-1.707105e+01
3.861832e+04	-1.711068e+01
3.884138e+04	-1.715185e+01
3.906573e+04	-1.719257e+01
3.929137e+04	-1.723250e+01
3.951831e+04	-1.727322e+01
3.974657e+04	-1.731253e+01
3.997614e+04	-1.735232e+01
4.020704e+04	-1.739275e+01
4.043928e+04	-1.743229e+01
4.067285e+04	-1.747255e+01
4.090778e+04	-1.751098e+01
4.114406e+04	-1.754981e+01
4.138171e+04	-1.759094e+01
4.162073e+04	-1.762924e+01
4.186113e+04	-1.766767e+01
4.210291e+04	-1.770562e+01
4.234610e+04	-1.774618e+01
4.259069e+04	-1.778447e+01
4.283669e+04	-1.782234e+01
4.308411e+04	-1.786157e+01
4.333297e+04	-1.789924e+01
4.358325e+04	-1.793742e+01
4.383499e+04	-1.797453e+01
4.408818e+04	-1.801299e+01
4.434283e+04	-1.805163e+01
4.459895e+04	-1.808896e+01
4.485655e+04	-1.812600e+01
4.511564e+04	-1.816265e+01
4.537623e+04	-1.820013e+01
4.563832e+04	-1.823744e+01
4.590193e+04	-1.827536e+01
4.616705e+04	-1.831083e+01
4.643371e+04	-1.834626e+01
4.670191e+04	-1.838506e+01
4.697166e+04	-1.841946e+01
4.724297e+04	-1.845616e+01
4.751584e+04	-1.849281e+01
4.779029e+04	-1.852824e+01
4.806633e+04	-1.856492e+01
4.834395e+04	-1.859750e+01
4.862319e+04	-1.863320e+01
4.890403e+04	-1.866967e+01
4.918650e+04	-1.870572e+01
4.947060e+04	-1.873991e+01
4.975634e+04	-1.877536e+01
5.004373e+04	-1.880715e+01
5.033278e+04	-1.884316e+01
5.062350e+04	-1.887773e+01
5.091590e+04	-1.891168e+01
5.120999e+04	-1.894640e+01
5.150578e+04	-1.897914e+01
5.180327e+04	-1.901077e+01
5.210248e+04	-1.904434e+01
5.240343e+04	-1.907931e+01
5.270611e+04	-1.911057e+01
5.301053e+04	-1.914232e+01
5.331672e+04	-1.917568e+01
5.362468e+04	-1.920795e+01
5.393441e+04	-1.924300e+01
5.424593e+04	-1.927137e+01
5.455926e+04	-1.930305e+01
5.487439e+04	-1.933439e+01
5.519134e+04	-1.936354e+01
5.551012e+04	-1.939522e+01
5.583075e+04	-1.942668e+01
5.615322e+04	-1.945637e+01
5.647756e+04	-1.948667e+01
5.680377e+04	-1.951662e+01
5.713187e+04	-1.954644e+01
5.746186e+04	-1.957528e+01
5.779376e+04	-1.960505e+01
5.812757e+04	-1.963321e+01
5.846332e+04	-1.966240e+01
5.880100e+04	-1.969071e+01
5.914063e+04	-1.971701e+01
5.948222e+04	-1.974468e+01
5.982579e+04	-1.977330e+01
6.017134e+04	-1.980179e+01
6.051889e+04	-1.982679e+01
6.086844e+04	-1.985227e+01
6.122002e+04	-1.988081e+01
6.157362e+04	-1.990573e+01
6.192927e+04	-1.993240e+01
6.228697e+04	-1.995830e+01
6.264674e+04	-1.998296e+01
6.300858e+04	-2.000658e+01
6.337252e+04	-2.003195e+01
6.373855e+04	-2.005703e+01
6.410670e+04	-2.008082e+01
6.447698e+04	-2.010371e+01
6.484940e+04	-2.012657e+01
6.522397e+04	-2.014845e+01
6.560070e+04	-2.017280e+01
6.597960e+04	-2.019406e+01
6.636070e+04	-2.021615e+01
6.674400e+04	-2.023739e+01
6.712951e+04	-2.025839e+01
6.751724e+04	-2.027775e+01
6.790722e+04	-2.030045e+01
6.829945e+04	-2.031855e+01
6.869395e+04	-2.033882e+01
6.909072e+04	-2.035953e+01
6.948978e+04	-2.037734e+01
6.989115e+04	-2.039539e+01
7.029484e+04	-2.041268e+01
7.070086e+04	-2.043014e+01
7.110923e+04	-2.044729e+01
7.151995e+04	-2.046507e+01
7.193305e+04	-2.047847e+01
7.234853e+04	-2.049590e+01
7.276641e+04	-2.051040e+01
7.318671e+04	-2.052596e+01
7.360943e+04	-2.054073e+01
7.403460e+04	-2.055437e+01
7.446222e+04	-2.056804e+01
7.489231e+04	-2.058042e+01
7.532488e+04	-2.059290e+01
7.575996e+04	-2.060499e+01
7.619754e+04	-2.061682e+01
7.663766e+04	-2.062641e+01
7.708031e+04	-2.063595e+01
7.752553e+04	-2.064734e+01
7.797331e+04	-2.065617e+01
7.842368e+04	-2.066343e+01
7.887665e+04	-2.067387e+01
7.933224e+04	-2.067985e+01
7.979046e+04	-2.068783e+01
8.025133e+04	-2.069378e+01
8.071486e+04	-2.069938e+01
8.118106e+04	-2.070432e+01
8.164996e+04	-2.070855e+01
8.212157e+04	-2.071264e+01
8.259590e+04	-2.071409e+01
8.307297e+04	-2.071930e+01
8.355279e+04	-2.072009e+01
8.403539e+04	-2.072237e+01
8.452078e+04	-2.072128e+01
8.500897e+04	-2.072201e+01
8.549997e+04	-2.072008e+01
8.599382e+04	-2.071728e+01
8.649052e+04	-2.071565e+01
8.699008e+04	-2.071235e+01
8.749253e+04	-2.070849e+01
8.799789e+04	-2.070306e+01
8.850616e+04	-2.069888e+01
8.901737e+04	-2.069238e+01
8.953153e+04	-2.068417e+01
9.004866e+04	-2.067707e+01
9.056877e+04	-2.066830e+01
9.109190e+04	-2.065739e+01
9.161804e+04	-2.064841e+01
9.214722e+04	-2.063595e+01
9.267946e+04	-2.062321e+01
9.321477e+04	-2.061002e+01
9.375318e+04	-2.059584e+01
9.429469e+04	-2.058142e+01
9.483933e+04	-2.056264e+01
9.538712e+04	-2.054650e+01
9.593807e+04	-2.052868e+01
9.649221e+04	-2.050917e+01
9.704954e+04	-2.048692e+01
9.761010e+04	-2.046490e+01
9.817389e+04	-2.044158e+01
9.874094e+04	-2.041815e+01
9.931126e+04	-2.039274e+01
9.988488e+04	-2.036605e+01
1.004618e+05	-2.033973e+01
1.010421e+05	-2.031158e+01
1.016257e+05	-2.028016e+01
1.022127e+05	-2.024774e+01
1.028031e+05	-2.021500e+01
1.033968e+05	-2.017899e+01
1.039941e+05	-2.014482e+01
1.045947e+05	-2.010764e+01
1.051989e+05	-2.007058e+01
1.058065e+05	-2.003069e+01
1.064176e+05	-1.998753e+01
1.070323e+05	-1.994521e+01
1.076505e+05	-1.990012e+01
1.082723e+05	-1.985305e+01
1.088977e+05	-1.980666e+01
1.095266e+05	-1.975591e+01
1.101593e+05	-1.970147e+01
1.107955e+05	-1.964907e+01
1.114355e+05	-1.959586e+01
1.120791e+05	-1.953661e+01
1.127265e+05	-1.947787e+01
1.133776e+05	-1.941536e+01
1.140325e+05	-1.935357e+01
1.146911e+05	-1.928792e+01
1.153536e+05	-1.921894e+01
1.160198e+05	-1.914879e+01
1.166900e+05	-1.907656e+01
1.173640e+05	-1.900227e+01
1.180419e+05	-1.892404e+01
1.187237e+05	-1.884489e+01
1.194094e+05	-1.876334e+01
1.200991e+05	-1.867795e+01
1.207928e+05	-1.859081e+01
1.214905e+05	-1.850119e+01
1.221922e+05	-1.840623e+01
1.228980e+05	-1.830851e+01
1.236078e+05	-1.821142e+01
1.243218e+05	-1.810680e+01
1.250399e+05	-1.800061e+01
1.257621e+05	-1.789124e+01
1.264885e+05	-1.777721e+01
1.272191e+05	-1.766076e+01
1.279539e+05	-1.753883e+01
1.286930e+05	-1.741357e+01
1.294363e+05	-1.728637e+01
1.301839e+05	-1.715271e+01
1.309358e+05	-1.701338e+01
1.316921e+05	-1.687138e+01
1.324528e+05	-1.672302e+01
1.332178e+05	-1.657119e+01
1.339873e+05	-1.641431e+01
1.347612e+05	-1.625085e+01
1.355395e+05	-1.608089e+01
1.363224e+05	-1.590553e+01
1.371098e+05	-1.572551e+01
1.379018e+05	-1.553836e+01
1.386983e+05	-1.534245e+01
1.394994e+05	-1.514023e+01
1.403051e+05	-1.493202e+01
1.411155e+05	-1.471413e+01
1.419306e+05	-1.448933e+01
1.427504e+05	-1.425311e+01
1.435749e+05	-1.401061e+01
1.444042e+05	-1.375697e+01
1.452383e+05	-1.349308e+01
1.460772e+05	-1.321867e+01
1.469209e+05	-1.293297e+01
1.477695e+05	-1.263541e+01
1.486230e+05	-1.232518e+01
1.494814e+05	-1.200160e+01
1.503448e+05	-1.166313e+01
1.512132e+05	-1.131034e+01
1.520866e+05	-1.094229e+01
1.529651e+05	-1.055701e+01
1.538486e+05	-1.015569e+01
1.547372e+05	-9.736958e+00
1.556310e+05	-9.300212e+00
1.565299e+05	-8.847202e+00
1.574340e+05	-8.376954e+00
1.583433e+05	-7.891809e+00
1.592579e+05	-7.395210e+00
1.601778e+05	-6.890831e+00
1.611030e+05	-6.385695e+00
1.620335e+05	-5.890259e+00
1.629694e+05	-5.418991e+00
1.639107e+05	-4.989075e+00
1.648574e+05	-4.622841e+00
1.658097e+05	-4.343655e+00
1.667674e+05	-4.174293e+00
1.677306e+05	-4.131146e+00
1.686994e+05	-4.220344e+00
1.696738e+05	-4.436181e+00
1.706538e+05	-4.763081e+00
1.716395e+05	-5.178408e+00
1.726309e+05	-5.659145e+00
1.736280e+05	-6.181996e+00
1.746309e+05	-6.729487e+00
1.756395e+05	-7.287354e+00
1.766540e+05	-7.845343e+00
1.776744e+05	-8.394900e+00
1.787006e+05	-8.933302e+00
1.797328e+05	-9.456068e+00
1.807709e+05	-9.961942e+00
1.818150e+05	-1.045027e+01
1.828652e+05	-1.092090e+01
1.839214e+05	-1.137289e+01
1.849837e+05	-1.180864e+01
1.860522e+05	-1.222618e+01
1.871268e+05	-1.262827e+01
1.882077e+05	-1.301457e+01
1.892948e+05	-1.338593e+01
1.903881e+05	-1.374360e+01
1.914878e+05	-1.408651e+01
1.925938e+05	-1.441855e+01
1.937062e+05	-1.473514e+01
1.948251e+05	-1.504311e+01
1.959504e+05	-1.533889e+01
1.970822e+05	-1.562382e+01
1.982205e+05	-1.589796e+01
1.993654e+05	-1.616145e+01
2.005169e+05	-1.641706e+01
2.016751e+05	-1.666369e+01
2.028400e+05	-1.690171e+01
2.040116e+05	-1.713034e+01
2.051899e+05	-1.735089e+01
2.063751e+05	-1.756278e+01
2.075671e+05	-1.776622e+01
2.087660e+05	-1.796536e+01
2.099719e+05	-1.815448e+01
2.111846e+05	-1.833634e+01
2.124044e+05	-1.851420e+01
2.136313e+05	-1.868328e+01
2.148652e+05	-1.884605e+01
2.161063e+05	-1.900164e+01
2.173545e+05	-1.915294e+01
2.186099e+05	-1.929483e+01
2.198726e+05	-1.943189e+01
2.211426e+05	-1.956417e+01
2.224199e+05	-1.968752e+01
2.237046e+05	-1.980726e+01
2.249967e+05	-1.992024e+01
2.262962e+05	-2.002870e+01
2.276033e+05	-2.012825e+01
2.289179e+05	-2.022481e+01
2.302402e+05	-2.031329e+01
2.315700e+05	-2.039855e+01
2.329076e+05	-2.047768e+01
2.342528e+05	-2.054845e+01
2.356059e+05	-2.061642e+01
2.369667e+05	-2.067723e+01
2.383354e+05	-2.073279e+01
2.397120e+05	-2.078207e+01
2.410966e+05	-2.082289e+01
2.424892e+05	-2.086288e+01
2.438898e+05	-2.089209e+01
2.452985e+05	-2.091639e+01
2.467153e+05	-2.093478e+01
2.481403e+05	-2.094707e+01
2.495736e+05	-2.095190e+01
2.510151e+05	-2.095399e+01
2.524650e+05	-2.094380e+01
2.539232e+05	-2.092931e+01
2.553898e+05	-2.090800e+01
2.568650e+05	-2.087874e+01
2.583486e+05	-2.084339e+01
2.598408e+05	-2.080012e+01
2.613416e+05	-2.075042e+01
2.628511e+05	-2.069033e+01
2.643694e+05	-2.062430e+01
2.658963e+05	-2.054734e+01
2.674321e+05	-2.046410e+01
2.689768e+05	-2.036785e+01
2.705304e+05	-2.026607e+01
2.720930e+05	-2.015568e+01
2.736646e+05	-2.002976e+01
2.752453e+05	-1.989706e+01
2.768351e+05	-1.975191e+01
2.784341e+05	-1.959642e+01
2.800423e+05	-1.942683e+01
2.816598e+05	-1.924668e+01
2.832867e+05	-1.905008e+01
2.849229e+05	-1.884316e+01
2.865686e+05	-1.861746e+01
2.882238e+05	-1.837736e+01
2.898886e+05	-1.811995e+01
2.915630e+05	-1.784362e+01
2.932470e+05	-1.754975e+01
2.949408e+05	-1.723412e+01
2.966444e+05	-1.689690e+01
2.983578e+05	-1.653482e+01
3.000811e+05	-1.614886e+01
3.018143e+05	-1.573378e+01
3.035576e+05	-1.528945e+01
3.053109e+05	-1.481253e+01
3.070744e+05	-1.430108e+01
3.088481e+05	-1.375314e+01
3.106320e+05	-1.316533e+01
3.124261e+05	-1.253853e+01
3.142307e+05	-1.187004e+01
3.160457e+05	-1.116443e+01
3.178712e+05	-1.042808e+01
3.197072e+05	-9.677041e+00
3.215538e+05	-8.939738e+00
3.234111e+05	-8.261978e+00
3.252791e+05	-7.709783e+00
3.271579e+05	-7.362074e+00
3.290475e+05	-7.281941e+00
3.309481e+05	-7.492489e+00
3.328596e+05	-7.958702e+00
3.347822e+05	-8.610803e+00
3.367159e+05	-9.372855e+00
3.386608e+05	-1.018205e+01
3.406169e+05	-1.099666e+01
3.425842e+05	-1.179033e+01
3.445630e+05	-1.255033e+01
3.465532e+05	-1.327103e+01
3.485549e+05	-1.394933e+01
3.505681e+05	-1.458472e+01
3.525930e+05	-1.518161e+01
3.546295e+05	-1.573804e+01
3.566778e+05	-1.625928e+01
3.587380e+05	-1.674763e+01
3.608101e+05	-1.720148e+01
3.628941e+05	-1.762508e+01
3.649901e+05	-1.802217e+01
3.670983e+05	-1.839104e+01
3.692187e+05	-1.873523e+01
3.713513e+05	-1.905506e+01
3.734962e+05	-1.935243e+01
3.756535e+05	-1.962555e+01
3.778232e+05	-1.987846e+01
3.800055e+05	-2.011049e+01
3.822004e+05	-2.032511e+01
3.844080e+05	-2.051626e+01
3.866283e+05	-2.069011e+01
3.888615e+05	-2.084208e+01
3.911075e+05	-2.097746e+01
3.933665e+05	-2.109552e+01
3.956386e+05	-2.119296e+01
3.979238e+05	-2.127367e+01
4.002222e+05	-2.133292e+01
4.025338e+05	-2.137300e+01
4.048589e+05	-2.139739e+01
4.071973e+05	-2.139908e+01
4.095493e+05	-2.138176e+01
4.119148e+05	-2.134432e+01
4.142940e+05	-2.128725e+01
4.166870e+05	-2.120569e+01
4.190937e+05	-2.110161e+01
4.215144e+05	-2.097301e+01
4.239490e+05	-2.082298e+01
4.263978e+05	-2.064489e+01
4.288606e+05	-2.043976e+01
4.313377e+05	-2.020543e+01
4.338291e+05	-1.993950e+01
4.363349e+05	-1.964385e+01
4.388551e+05	-1.930850e+01
4.413899e+05	-1.893494e+01
4.439394e+05	-1.852068e+01
4.465035e+05	-1.806153e+01
4.490825e+05	-1.755173e+01
4.516764e+05	-1.699009e+01
4.542853e+05	-1.637010e+01
4.569092e+05	-1.568871e+01
4.595483e+05	-1.494378e+01
4.622026e+05	-1.413601e+01
4.648723e+05	-1.327636e+01
4.675574e+05	-1.238724e+01
4.702580e+05	-1.152021e+01
4.729742e+05	-1.076737e+01
4.757060e+05	-1.025545e+01
4.784537e+05	-1.011396e+01
4.812172e+05	-1.039229e+01
4.839967e+05	-1.102816e+01
4.867923e+05	-1.188949e+01
4.896040e+05	-1.284988e+01
4.924319e+05	-1.382279e+01
4.952762e+05	-1.476241e+01
4.981369e+05	-1.564307e+01
5.010141e+05	-1.645770e+01
5.039079e+05	-1.720513e+01
5.068185e+05	-1.788797e+01
5.097458e+05	-1.850519e+01
5.126901e+05	-1.906536e+01
5.156514e+05	-1.957005e+01
5.186298e+05	-2.002427e+01
5.216253e+05	-2.042802e+01
5.246382e+05	-2.078382e+01
5.276685e+05	-2.109375e+01
5.307163e+05	-2.136215e+01
5.337817e+05	-2.158821e+01
5.368648e+05	-2.177277e+01
5.399657e+05	-2.191675e+01
5.430845e+05	-2.201563e+01
5.462214e+05	-2.207721e+01
5.493763e+05	-2.209105e+01
5.525495e+05	-2.206671e+01
5.557410e+05	-2.199858e+01
5.589509e+05	-2.188141e+01
5.621794e+05	-2.171598e+01
5.654265e+05	-2.150005e+01
5.686924e+05	-2.123000e+01
5.719772e+05	-2.089975e+01
5.752809e+05	-2.051077e+01
5.786037e+05	-2.005109e+01
5.819457e+05	-1.951840e+01
5.853070e+05	-1.890807e+01
5.886877e+05	-1.821031e+01
5.920879e+05	-1.742618e+01
5.955078e+05	-1.655666e+01
5.989474e+05	-1.561943e+01
6.024069e+05	-1.466145e+01
6.058864e+05	-1.378040e+01
6.093860e+05	-1.314030e+01
6.129058e+05	-1.292750e+01
6.164459e+05	-1.323375e+01
6.200064e+05	-1.397712e+01
6.235876e+05	-1.496748e+01
6.271894e+05	-1.603821e+01
6.308120e+05	-1.708699e+01
6.344555e+05	-1.806364e+01
6.381201e+05	-1.894981e+01
6.418059e+05	-1.973737e+01
6.455129e+05	-2.042869e+01
6.492414e+05	-2.102847e+01
6.529914e+05	-2.154271e+01
6.567630e+05	-2.196966e+01
6.605565e+05	-2.231553e+01
6.643718e+05	-2.258457e+01
6.682092e+05	-2.277489e+01
6.720688e+05	-2.288301e+01
6.759506e+05	-2.291841e+01
6.798549e+05	-2.286931e+01
6.837817e+05	-2.273657e+01
6.877312e+05	-2.251780e+01
6.917035e+05	-2.220275e+01
6.956987e+05	-2.178767e+01
6.997171e+05	-2.126732e+01
7.037586e+05	-2.063235e+01
7.078235e+05	-1.988418e+01
7.119118e+05	-1.902245e+01
7.160238e+05	-1.807614e+01
7.201595e+05	-1.711968e+01
7.243191e+05	-1.630140e+01
7.285028e+05	-1.585147e+01
7.327106e+05	-1.596564e+01
7.369427e+05	-1.662912e+01
7.411992e+05	-1.763748e+01
7.454804e+05	-1.876300e+01
7.497862e+05	-1.985574e+01
7.541170e+05	-2.085231e+01
7.584727e+05	-2.171802e+01
7.628536e+05	-2.244955e+01
7.672598e+05	-2.304414e+01
7.716915e+05	-2.350612e+01
7.761488e+05	-2.383922e+01
7.806318e+05	-2.403428e+01
7.851407e+05	-2.410070e+01
7.896756e+05	-2.403156e+01
7.942367e+05	-2.381986e+01
7.988242e+05	-2.346445e+01
8.034382e+05	-2.295690e+01
8.080788e+05	-2.229021e+01
8.127463e+05	-2.148431e+01
8.174406e+05	-2.057811e+01
8.221621e+05	-1.969079e+01
8.269109e+05	-1.903939e+01
8.316871e+05	-1.890262e+01
8.364909e+05	-1.939788e+01
8.413225e+05	-2.035689e+01
8.461819e+05	-2.149287e+01
8.510694e+05	-2.260209e+01
8.559852e+05	-2.357821e+01
8.609293e+05	-2.437743e+01
8.659020e+05	-2.498373e+01
8.709034e+05	-2.538883e+01
8.759337e+05	-2.559795e+01
8.809931e+05	-2.560117e+01
8.860816e+05	-2.539546e+01
8.911996e+05	-2.498235e+01
8.963471e+05	-2.437107e+01
9.015244e+05	-2.361067e+01
9.067316e+05	-2.281892e+01
9.119688e+05	-2.224581e+01
9.172363e+05	-2.218696e+01
9.225342e+05	-2.276323e+01
9.278628e+05	-2.376694e+01
9.332221e+05	-2.487467e+01
9.386123e+05	-2.587677e+01
9.440337e+05	-2.666458e+01
9.494864e+05	-2.718746e+01
9.549706e+05	-2.743267e+01
9.604865e+05	-2.739331e+01
9.660342e+05	-2.709104e+01
9.716140e+05	-2.658685e+01
9.772260e+05	-2.601776e+01
9.828704e+05	-2.566531e+01
9.885474e+05	-2.585225e+01
9.942572e+05	-2.661956e+01
1.000000e+06	-2.769065e+01
